-7.89801  9.72878e-10
-7.47645  6.53061e-09
-7.18082  1.82658e-08
-7.02879  6.47457e-09
-6.95294  2.72472e-08
-6.83007  3.62181e-08
-6.76747  2.28627e-08
-6.66437  8.10401e-08
-6.61383  1.64825e-08
-6.57091  1.79537e-08
-6.52226  9.06659e-08
-6.48189  3.68765e-08
-6.44069  8.03447e-08
-6.39786  5.07176e-08
-6.36242  7.82445e-08
-6.3255  1.34832e-07
-6.29119  4.6017e-08
-6.25576  1.20207e-07
-6.22221  1.00565e-07
-6.19239  1.55146e-07
-6.15911  1.72301e-07
-6.1286  2.81274e-08
-6.10141  2.60361e-07
-6.07053  2.03956e-07
-6.04712  7.69074e-08
-6.01766  2.50202e-07
-5.98991  1.97733e-07
-5.96796  2.58127e-07
-5.93922  2.55545e-07
-5.91871  1.31397e-07
-5.91125  4.79144e-08
-5.89462  2.88787e-07
-5.86799  3.56661e-07
-5.84939  2.4373e-07
-5.84182  1.07211e-08
-5.82509  1.92749e-07
-5.80333  4.39236e-07
-5.78366  4.35103e-07
-5.75944  2.63537e-07
-5.7439  3.10478e-07
-5.73735  5.31456e-08
-5.72159  4.56565e-07
-5.70108  4.06116e-07
-5.68508  4.38255e-07
-5.66355  3.93656e-07
-5.65847  1.60239e-08
-5.64665  3.87113e-07
-5.62839  7.78364e-07
-5.60972  3.68379e-07
-5.5978  2.9656e-07
-5.58019  2.86474e-07
-5.57148  6.82417e-07
-5.55689  4.19783e-07
-5.54414  4.87938e-07
-5.53004  2.93872e-07
-5.51947  5.50387e-07
-5.50795  4.56807e-07
-5.4945  8.04638e-07
-5.4836  3.09356e-07
-5.47111  5.39471e-07
-5.46046  4.69179e-07
-5.44826  4.89144e-07
-5.43652  7.55374e-07
-5.42435  6.65876e-07
-5.41516  5.66435e-07
-5.40231  2.64907e-07
-5.39065  1.19623e-06
-5.37733  6.16665e-07
-5.36959  6.20647e-07
-5.35457  8.0001e-07
-5.34348  7.91962e-07
-5.32958  1.05121e-06
-5.31827  6.68456e-07
-5.30696  1.09373e-06
-5.29526  7.70256e-07
-5.28474  5.94421e-07
-5.2741  1.00345e-06
-5.26381  1.22524e-06
-5.25164  8.49607e-07
-5.2375  1.29728e-06
-5.2255  1.15219e-06
-5.21445  1.16113e-06
-5.20299  1.34713e-06
-5.19031  9.73855e-07
-5.17998  1.19853e-06
-5.16866  1.49122e-06
-5.15686  1.38695e-06
-5.14596  1.19617e-06
-5.13272  1.747e-06
-5.12168  1.46898e-06
-5.11143  1.2298e-06
-5.09913  1.65163e-06
-5.08707  1.82031e-06
-5.07564  1.92083e-06
-5.06455  1.46063e-06
-5.05589  1.40021e-06
-5.04401  1.97645e-06
-5.03256  2.0852e-06
-5.02346  1.28636e-06
-5.01065  2.25e-06
-5.00041  1.96199e-06
-4.99003  2.32114e-06
-4.97858  2.10531e-06
-4.96686  2.01933e-06
-4.95559  2.77588e-06
-4.94431  2.28319e-06
-4.93242  2.32332e-06
-4.92275  2.94846e-06
-4.91249  1.90508e-06
-4.90087  2.86048e-06
-4.88935  2.88917e-06
-4.87856  3.0974e-06
-4.86684  2.59447e-06
-4.85702  2.87864e-06
-4.84643  3.62876e-06
-4.83456  2.579e-06
-4.82406  3.68448e-06
-4.81323  3.41377e-06
-4.80251  2.88396e-06
-4.79259  3.37779e-06
-4.78252  3.58027e-06
-4.7711  4.22817e-06
-4.75989  3.49711e-06
-4.75033  4.33468e-06
-4.73803  3.43434e-06
-4.72884  4.35931e-06
-4.71845  4.00532e-06
-4.70594  5.93142e-06
-4.69388  3.95864e-06
-4.68479  4.30923e-06
-4.67304  5.15597e-06
-4.66272  5.40582e-06
-4.65179  4.91349e-06
-4.64056  5.40541e-06
-4.62957  5.10128e-06
-4.61941  5.76823e-06
-4.60879  5.74085e-06
-4.59885  4.77405e-06
-4.58882  5.95319e-06
-4.57817  6.4241e-06
-4.56605  7.87623e-06
-4.55407  6.03409e-06
-4.54407  6.53166e-06
-4.53365  6.64472e-06
-4.52272  8.35157e-06
-4.51165  6.10732e-06
-4.50141  7.84618e-06
-4.49012  8.26398e-06
-4.48044  6.35244e-06
-4.46966  8.92282e-06
-4.45782  9.32438e-06
-4.4463  9.66302e-06
-4.43568  7.33195e-06
-4.42543  9.16367e-06
-4.41479  9.5728e-06
-4.40435  9.25823e-06
-4.39408  8.77319e-06
-4.38316  1.12534e-05
-4.37162  1.07523e-05
-4.36074  1.06002e-05
-4.3499  1.04435e-05
-4.33978  1.11587e-05
-4.3293  1.10333e-05
-4.31948  1.00472e-05
-4.30912  1.23502e-05
-4.29774  1.43288e-05
-4.28625  1.17313e-05
-4.27633  1.27338e-05
-4.266  1.32539e-05
-4.25475  1.37168e-05
-4.24373  1.51889e-05
-4.23243  1.48998e-05
-4.2218  1.39153e-05
-4.21095  1.68724e-05
-4.19957  1.56389e-05
-4.18875  1.55673e-05
-4.17827  1.7054e-05
-4.16657  1.82415e-05
-4.15588  1.54895e-05
-4.14561  1.85453e-05
-4.13382  2.02575e-05
-4.12326  1.71543e-05
-4.11336  1.7272e-05
-4.10206  2.19839e-05
-4.09137  1.85818e-05
-4.08066  2.12583e-05
-4.06984  2.10552e-05
-4.05922  2.04973e-05
-4.04844  2.23472e-05
-4.03732  2.55169e-05
-4.02562  2.30858e-05
-4.01509  2.33371e-05
-4.0039  2.68334e-05
-3.99302  2.33672e-05
-3.9831  2.27228e-05
-3.97276  2.65069e-05
-3.96292  2.34405e-05
-3.95224  2.84128e-05
-3.94106  3.02835e-05
-3.93037  2.42697e-05
-3.92093  2.83183e-05
-3.91019  2.97355e-05
-3.89945  3.04603e-05
-3.88853  3.32762e-05
-3.87761  3.06127e-05
-3.86728  3.14974e-05
-3.85669  3.36204e-05
-3.84598  3.43725e-05
-3.83522  3.49509e-05
-3.82453  3.57023e-05
-3.81375  3.78305e-05
-3.80283  3.61192e-05
-3.79265  3.66086e-05
-3.7824  3.71385e-05
-3.77206  3.97152e-05
-3.76058  4.48355e-05
-3.7502  3.76076e-05
-3.73934  4.66673e-05
-3.7286  4.01549e-05
-3.71841  4.31845e-05
-3.70803  4.48311e-05
-3.69753  4.52713e-05
-3.6869  4.80691e-05
-3.67629  4.68461e-05
-3.66578  4.87834e-05
-3.65511  5.21261e-05
-3.6448  4.58247e-05
-3.63466  5.25601e-05
-3.62396  5.45813e-05
-3.61296  5.68942e-05
-3.602  5.69645e-05
-3.59129  5.74609e-05
-3.5805  5.87384e-05
-3.57018  5.63095e-05
-3.56002  5.83162e-05
-3.54951  6.31197e-05
-3.539  5.98069e-05
-3.52875  6.38791e-05
-3.51828  6.349e-05
-3.50811  6.33264e-05
-3.49787  6.94493e-05
-3.48689  7.13539e-05
-3.47662  6.45456e-05
-3.46628  7.64636e-05
-3.45548  7.33831e-05
-3.44497  7.32748e-05
-3.43478  7.35779e-05
-3.42401  8.47232e-05
-3.41272  8.40462e-05
-3.40163  8.41824e-05
-3.39089  8.32301e-05
-3.38077  7.75528e-05
-3.37066  8.64361e-05
-3.3601  8.8036e-05
-3.34951  8.89806e-05
-3.33899  9.31307e-05
-3.32843  9.09938e-05
-3.31817  9.14728e-05
-3.30796  9.41863e-05
-3.29769  9.55664e-05
-3.28712  0.000102294
-3.27647  0.000102914
-3.26623  9.76626e-05
-3.25552  0.00011559
-3.2448  0.000101812
-3.23451  0.000111663
-3.22423  0.000105377
-3.21392  0.000115744
-3.20303  0.000122241
-3.19217  0.000119535
-3.18162  0.000118796
-3.17147  0.000116336
-3.16122  0.000124579
-3.15058  0.000129461
-3.14021  0.00012406
-3.13005  0.000128754
-3.11949  0.000137537
-3.10908  0.000130363
-3.09894  0.000134806
-3.08878  0.000134824
-3.07839  0.000145923
-3.06801  0.000140882
-3.05761  0.000149459
-3.0468  0.000158868
-3.036  0.000154848
-3.02566  0.00015081
-3.01558  0.000152974
-3.00527  0.000162987
-2.99493  0.000157907
-2.98476  0.000162972
-2.97458  0.00016353
-2.96434  0.000171284
-2.95392  0.000175327
-2.94362  0.000171589
-2.93342  0.000180022
-2.92317  0.000177058
-2.91313  0.000179814
-2.90295  0.000187013
-2.89262  0.000192373
-2.88228  0.000191267
-2.87218  0.000190891
-2.86205  0.000198374
-2.85179  0.000201821
-2.8415  0.000206221
-2.83111  0.00021225
-2.82086  0.000209965
-2.81062  0.000215555
-2.80038  0.000217676
-2.79017  0.00022043
-2.77985  0.000228777
-2.76958  0.000226109
-2.75938  0.000231811
-2.74915  0.000236564
-2.73899  0.000233309
-2.72888  0.000243983
-2.71872  0.000242425
-2.70848  0.000254101
-2.69828  0.00024894
-2.68813  0.000259655
-2.67786  0.000259748
-2.66756  0.000271706
-2.65718  0.000270594
-2.64689  0.000276289
-2.63667  0.000276618
-2.62642  0.000283082
-2.6162  0.000285301
-2.60598  0.000290169
-2.59577  0.00029246
-2.58562  0.000296565
-2.5754  0.000303726
-2.56509  0.000311061
-2.55491  0.000305897
-2.54486  0.000310933
-2.53475  0.000320302
-2.52446  0.000330964
-2.51417  0.000326955
-2.50406  0.000328364
-2.49391  0.000340406
-2.48379  0.000335756
-2.47361  0.000353122
-2.46341  0.000348736
-2.45318  0.000362765
-2.44296  0.00035974
-2.43281  0.000368148
-2.42263  0.000369164
-2.41242  0.000381446
-2.40218  0.000379535
-2.39202  0.000387621
-2.38185  0.000391404
-2.37159  0.000405642
-2.36132  0.000403103
-2.35111  0.000411576
-2.34086  0.0004167
-2.33069  0.000414305
-2.32059  0.000422762
-2.31041  0.000431674
-2.30023  0.000433116
-2.29012  0.000439229
-2.27998  0.000446024
-2.26983  0.000453693
-2.25958  0.000466234
-2.24931  0.000466156
-2.23916  0.000465663
-2.22905  0.000473597
-2.21888  0.000485104
-2.20878  0.000480638
-2.19875  0.000489722
-2.18866  0.000498577
-2.17851  0.000507188
-2.16834  0.000513013
-2.15817  0.000519639
-2.14806  0.000518595
-2.13789  0.000538628
-2.12768  0.000537096
-2.11749  0.00055281
-2.10729  0.000547404
-2.09717  0.000560288
-2.08704  0.000559075
-2.07693  0.000569742
-2.06679  0.000577358
-2.05658  0.000592498
-2.04636  0.000592661
-2.03625  0.000593387
-2.02617  0.000605855
-2.016  0.000617771
-2.00586  0.000613764
-1.99573  0.000628186
-1.98559  0.000630312
-1.97544  0.00064642
-1.96531  0.000643658
-1.95518  0.000661252
-1.94505  0.000658008
-1.935  0.000668135
-1.92489  0.00067765
-1.91464  0.000699237
-1.90443  0.000687467
-1.8943  0.00070681
-1.88416  0.000706957
-1.87402  0.000724183
-1.86391  0.000717775
-1.85376  0.000743302
-1.84357  0.000740005
-1.83338  0.000756047
-1.82316  0.000760723
-1.81305  0.000758825
-1.803  0.000771931
-1.7929  0.000783261
-1.78268  0.00080761
-1.77251  0.000789062
-1.76242  0.000812054
-1.75226  0.000813076
-1.7422  0.000815469
-1.73214  0.000830828
-1.722  0.000848964
-1.7114  0.000930761
-1.7008  0.000866167
-1.69063  0.000873531
-1.6805  0.000873243
-1.67036  0.000895421
-1.66022  0.000893667
-1.65012  0.00090982
-1.64001  0.00091342
-1.62989  0.000929013
-1.61977  0.000934524
-1.60965  0.000941078
-1.59951  0.000956033
-1.58937  0.000963889
-1.57929  0.00097089
-1.56914  0.000994038
-1.559  0.000989449
-1.54885  0.00101064
-1.53867  0.00101424
-1.52855  0.00101852
-1.51842  0.00103759
-1.50822  0.00105737
-1.49811  0.0010451
-1.48804  0.00106496
-1.47793  0.00107286
-1.46783  0.00107472
-1.45776  0.00109122
-1.44772  0.00109447
-1.43762  0.00112673
-1.42745  0.00113429
-1.41737  0.00112821
-1.4073  0.00114969
-1.39717  0.00115543
-1.38707  0.0011664
-1.37695  0.00119001
-1.36683  0.00119232
-1.35674  0.00120371
-1.34666  0.00121629
-1.33659  0.00121812
-1.32647  0.00124143
-1.31633  0.00124949
-1.30622  0.00126272
-1.29611  0.0012851
-1.286  0.00128178
-1.27593  0.0012955
-1.26582  0.00131547
-1.25566  0.00132307
-1.24507  0.00145176
-1.23455  0.00134337
-1.22443  0.00137978
-1.21427  0.001381
-1.20417  0.0013801
-1.19412  0.00138957
-1.18403  0.00140417
-1.1739  0.0014357
-1.16378  0.0014318
-1.15369  0.00146886
-1.14359  0.00145918
-1.13349  0.00148785
-1.12333  0.00149377
-1.11322  0.00149041
-1.10317  0.00151458
-1.09309  0.00153517
-1.083  0.00155348
-1.07289  0.00157721
-1.06277  0.00157129
-1.05268  0.00158719
-1.04252  0.00160795
-1.0324  0.00161862
-1.02235  0.0016265
-1.0123  0.00166036
-1.00221  0.00167256
-0.992095  0.0016808
-0.982024  0.00167836
-0.971943  0.00170172
-0.961908  0.00171108
-0.951847  0.00175424
-0.941775  0.00176158
-0.931654  0.00180428
-0.921485  0.00179336
-0.911389  0.00180032
-0.901287  0.00180968
-0.891205  0.00184818
-0.881146  0.00185578
-0.871124  0.00188341
-0.861056  0.00190123
-0.850978  0.00190636
-0.840883  0.00193095
-0.830759  0.00194751
-0.820725  0.00195896
-0.810664  0.00200963
-0.800504  0.00203303
-0.79041  0.00200078
-0.780371  0.00203138
-0.770278  0.00206584
-0.760213  0.0020862
-0.750149  0.00212121
-0.740066  0.00213356
-0.729973  0.00213999
-0.719932  0.00213306
-0.70987  0.00219936
-0.699769  0.0022223
-0.689729  0.00224029
-0.679654  0.00227265
-0.669548  0.0022729
-0.659433  0.00229359
-0.649356  0.00231766
-0.639266  0.00238429
-0.629179  0.00239158
-0.619102  0.0024138
-0.609037  0.00240454
-0.598951  0.0024389
-0.588872  0.00247217
-0.578794  0.00254006
-0.568724  0.00255431
-0.558664  0.00257162
-0.548617  0.00256669
-0.538585  0.00257375
-0.528494  0.00262375
-0.51843  0.00270155
-0.508404  0.00274262
-0.498347  0.00278776
-0.487805  0.0030521
-0.477241  0.00282483
-0.467118  0.00279131
-0.456999  0.00287817
-0.446959  0.00294544
-0.43692  0.00301845
-0.426403  0.00332649
-0.415858  0.0030636
-0.405776  0.00305568
-0.395673  0.00309298
-0.385582  0.00320741
-0.375537  0.00327826
-0.365455  0.00331949
-0.355372  0.00331973
-0.345317  0.00331272
-0.335213  0.00334737
-0.324686  0.00386507
-0.314169  0.00359696
-0.304117  0.00366544
-0.294023  0.00364608
-0.283968  0.003652
-0.273819  0.00371609
-0.263803  0.00392241
-0.253764  0.00404681
-0.243676  0.00408919
-0.233604  0.00405563
-0.223582  0.00404554
-0.213415  0.00420538
-0.203386  0.00448701
-0.193369  0.00461841
-0.183333  0.00463367
-0.173307  0.00463713
-0.163261  0.00461019
-0.153089  0.00485171
-0.143115  0.0053782
-0.133092  0.00548176
-0.123071  0.0055209
-0.113026  0.00550005
-0.102995  0.00546799
-0.0922301  0.00669356
-0.0819003  0.00706113
-0.0718361  0.00712522
-0.0618156  0.00712007
-0.0517867  0.0071707
-0.0417408  0.0072054
-0.0310516  0.00959654
-0.0216301  0.012988
-0.0115338  0.0141136
-0.00313077  0.0114648
0.00313077  0.0114648
0.0115338  0.0141136
0.0216301  0.012988
0.0310516  0.00959654
0.0417408  0.0072054
0.0517867  0.0071707
0.0618156  0.00712007
0.0718361  0.00712522
0.0819003  0.00706113
0.0922301  0.00669356
0.102995  0.00546799
0.113026  0.00550005
0.123071  0.0055209
0.133092  0.00548176
0.143115  0.0053782
0.153089  0.00485171
0.163261  0.00461019
0.173307  0.00463713
0.183333  0.00463367
0.193369  0.00461841
0.203386  0.00448701
0.213415  0.00420538
0.223582  0.00404554
0.233604  0.00405563
0.243676  0.00408919
0.253764  0.00404681
0.263803  0.00392241
0.273819  0.00371609
0.283968  0.003652
0.294023  0.00364608
0.304117  0.00366544
0.314169  0.00359696
0.324686  0.00386507
0.335213  0.00334737
0.345317  0.00331272
0.355372  0.00331973
0.365455  0.00331949
0.375537  0.00327826
0.385582  0.00320741
0.395673  0.00309298
0.405776  0.00305568
0.415858  0.0030636
0.426403  0.00332649
0.43692  0.00301845
0.446959  0.00294544
0.456999  0.00287817
0.467118  0.00279131
0.477241  0.00282483
0.487805  0.0030521
0.498347  0.00278776
0.508404  0.00274262
0.51843  0.00270155
0.528494  0.00262375
0.538585  0.00257375
0.548617  0.00256669
0.558664  0.00257162
0.568724  0.00255431
0.578794  0.00254006
0.588872  0.00247217
0.598951  0.0024389
0.609037  0.00240454
0.619102  0.0024138
0.629179  0.00239158
0.639266  0.00238429
0.649356  0.00231766
0.659433  0.00229359
0.669548  0.0022729
0.679654  0.00227265
0.689729  0.00224029
0.699769  0.0022223
0.70987  0.00219936
0.719932  0.00213306
0.729973  0.00213999
0.740066  0.00213356
0.750149  0.00212121
0.760213  0.0020862
0.770278  0.00206584
0.780371  0.00203138
0.79041  0.00200078
0.800504  0.00203303
0.810664  0.00200963
0.820725  0.00195896
0.830759  0.00194751
0.840883  0.00193095
0.850978  0.00190636
0.861056  0.00190123
0.871124  0.00188341
0.881146  0.00185578
0.891205  0.00184818
0.901287  0.00180968
0.911389  0.00180032
0.921485  0.00179336
0.931654  0.00180428
0.941775  0.00176158
0.951847  0.00175424
0.961908  0.00171108
0.971943  0.00170172
0.982024  0.00167836
0.992095  0.0016808
1.00221  0.00167256
1.0123  0.00166036
1.02235  0.0016265
1.0324  0.00161862
1.04252  0.00160795
1.05268  0.00158719
1.06277  0.00157129
1.07289  0.00157721
1.083  0.00155348
1.09309  0.00153517
1.10317  0.00151458
1.11322  0.00149041
1.12333  0.00149377
1.13349  0.00148785
1.14359  0.00145918
1.15369  0.00146886
1.16378  0.0014318
1.1739  0.0014357
1.18403  0.00140417
1.19412  0.00138957
1.20417  0.0013801
1.21427  0.001381
1.22443  0.00137978
1.23455  0.00134337
1.24507  0.00145176
1.25566  0.00132307
1.26582  0.00131547
1.27593  0.0012955
1.286  0.00128178
1.29611  0.0012851
1.30622  0.00126272
1.31633  0.00124949
1.32647  0.00124143
1.33659  0.00121812
1.34666  0.00121629
1.35674  0.00120371
1.36683  0.00119232
1.37695  0.00119001
1.38707  0.0011664
1.39717  0.00115543
1.4073  0.00114969
1.41737  0.00112821
1.42745  0.00113429
1.43762  0.00112673
1.44772  0.00109447
1.45776  0.00109122
1.46783  0.00107472
1.47793  0.00107286
1.48804  0.00106496
1.49811  0.0010451
1.50822  0.00105737
1.51842  0.00103759
1.52855  0.00101852
1.53867  0.00101424
1.54885  0.00101064
1.559  0.000989449
1.56914  0.000994038
1.57929  0.00097089
1.58937  0.000963889
1.59951  0.000956033
1.60965  0.000941078
1.61977  0.000934524
1.62989  0.000929013
1.64001  0.00091342
1.65012  0.00090982
1.66022  0.000893667
1.67036  0.000895421
1.6805  0.000873243
1.69063  0.000873531
1.7008  0.000866167
1.7114  0.000930761
1.722  0.000848964
1.73214  0.000830828
1.7422  0.000815469
1.75226  0.000813076
1.76242  0.000812054
1.77251  0.000789062
1.78268  0.00080761
1.7929  0.000783261
1.803  0.000771931
1.81305  0.000758825
1.82316  0.000760723
1.83338  0.000756047
1.84357  0.000740005
1.85376  0.000743302
1.86391  0.000717775
1.87402  0.000724183
1.88416  0.000706957
1.8943  0.00070681
1.90443  0.000687467
1.91464  0.000699237
1.92489  0.00067765
1.935  0.000668135
1.94505  0.000658008
1.95518  0.000661252
1.96531  0.000643658
1.97544  0.00064642
1.98559  0.000630312
1.99573  0.000628186
2.00586  0.000613764
2.016  0.000617771
2.02617  0.000605855
2.03625  0.000593387
2.04636  0.000592661
2.05658  0.000592498
2.06679  0.000577358
2.07693  0.000569742
2.08704  0.000559075
2.09717  0.000560288
2.10729  0.000547404
2.11749  0.00055281
2.12768  0.000537096
2.13789  0.000538628
2.14806  0.000518595
2.15817  0.000519639
2.16834  0.000513013
2.17851  0.000507188
2.18866  0.000498577
2.19875  0.000489722
2.20878  0.000480638
2.21888  0.000485104
2.22905  0.000473597
2.23916  0.000465663
2.24931  0.000466156
2.25958  0.000466234
2.26983  0.000453693
2.27998  0.000446024
2.29012  0.000439229
2.30023  0.000433116
2.31041  0.000431674
2.32059  0.000422762
2.33069  0.000414305
2.34086  0.0004167
2.35111  0.000411576
2.36132  0.000403103
2.37159  0.000405642
2.38185  0.000391404
2.39202  0.000387621
2.40218  0.000379535
2.41242  0.000381446
2.42263  0.000369164
2.43281  0.000368148
2.44296  0.00035974
2.45318  0.000362765
2.46341  0.000348736
2.47361  0.000353122
2.48379  0.000335756
2.49391  0.000340406
2.50406  0.000328364
2.51417  0.000326955
2.52446  0.000330964
2.53475  0.000320302
2.54486  0.000310933
2.55491  0.000305897
2.56509  0.000311061
2.5754  0.000303726
2.58562  0.000296565
2.59577  0.00029246
2.60598  0.000290169
2.6162  0.000285301
2.62642  0.000283082
2.63667  0.000276618
2.64689  0.000276289
2.65718  0.000270594
2.66756  0.000271706
2.67786  0.000259748
2.68813  0.000259655
2.69828  0.00024894
2.70848  0.000254101
2.71872  0.000242425
2.72888  0.000243983
2.73899  0.000233309
2.74915  0.000236564
2.75938  0.000231811
2.76958  0.000226109
2.77985  0.000228777
2.79017  0.00022043
2.80038  0.000217676
2.81062  0.000215555
2.82086  0.000209965
2.83111  0.00021225
2.8415  0.000206221
2.85179  0.000201821
2.86205  0.000198374
2.87218  0.000190891
2.88228  0.000191267
2.89262  0.000192373
2.90295  0.000187013
2.91313  0.000179814
2.92317  0.000177058
2.93342  0.000180022
2.94362  0.000171589
2.95392  0.000175327
2.96434  0.000171284
2.97458  0.00016353
2.98476  0.000162972
2.99493  0.000157907
3.00527  0.000162987
3.01558  0.000152974
3.02566  0.00015081
3.036  0.000154848
3.0468  0.000158868
3.05761  0.000149459
3.06801  0.000140882
3.07839  0.000145923
3.08878  0.000134824
3.09894  0.000134806
3.10908  0.000130363
3.11949  0.000137537
3.13005  0.000128754
3.14021  0.00012406
3.15058  0.000129461
3.16122  0.000124579
3.17147  0.000116336
3.18162  0.000118796
3.19217  0.000119535
3.20303  0.000122241
3.21392  0.000115744
3.22423  0.000105377
3.23451  0.000111663
3.2448  0.000101812
3.25552  0.00011559
3.26623  9.76626e-05
3.27647  0.000102914
3.28712  0.000102294
3.29769  9.55664e-05
3.30796  9.41863e-05
3.31817  9.14728e-05
3.32843  9.09938e-05
3.33899  9.31307e-05
3.34951  8.89806e-05
3.3601  8.8036e-05
3.37066  8.64361e-05
3.38077  7.75528e-05
3.39089  8.32301e-05
3.40163  8.41824e-05
3.41272  8.40462e-05
3.42401  8.47232e-05
3.43478  7.35779e-05
3.44497  7.32748e-05
3.45548  7.33831e-05
3.46628  7.64636e-05
3.47662  6.45456e-05
3.48689  7.13539e-05
3.49787  6.94493e-05
3.50811  6.33264e-05
3.51828  6.349e-05
3.52875  6.38791e-05
3.539  5.98069e-05
3.54951  6.31197e-05
3.56002  5.83162e-05
3.57018  5.63095e-05
3.5805  5.87384e-05
3.59129  5.74609e-05
3.602  5.69645e-05
3.61296  5.68942e-05
3.62396  5.45813e-05
3.63466  5.25601e-05
3.6448  4.58247e-05
3.65511  5.21261e-05
3.66578  4.87834e-05
3.67629  4.68461e-05
3.6869  4.80691e-05
3.69753  4.52713e-05
3.70803  4.48311e-05
3.71841  4.31845e-05
3.7286  4.01549e-05
3.73934  4.66673e-05
3.7502  3.76076e-05
3.76058  4.48355e-05
3.77206  3.97152e-05
3.7824  3.71385e-05
3.79265  3.66086e-05
3.80283  3.61192e-05
3.81375  3.78305e-05
3.82453  3.57023e-05
3.83522  3.49509e-05
3.84598  3.43725e-05
3.85669  3.36204e-05
3.86728  3.14974e-05
3.87761  3.06127e-05
3.88853  3.32762e-05
3.89945  3.04603e-05
3.91019  2.97355e-05
3.92093  2.83183e-05
3.93037  2.42697e-05
3.94106  3.02835e-05
3.95224  2.84128e-05
3.96292  2.34405e-05
3.97276  2.65069e-05
3.9831  2.27228e-05
3.99302  2.33672e-05
4.0039  2.68334e-05
4.01509  2.33371e-05
4.02562  2.30858e-05
4.03732  2.55169e-05
4.04844  2.23472e-05
4.05922  2.04973e-05
4.06984  2.10552e-05
4.08066  2.12583e-05
4.09137  1.85818e-05
4.10206  2.19839e-05
4.11336  1.7272e-05
4.12326  1.71543e-05
4.13382  2.02575e-05
4.14561  1.85453e-05
4.15588  1.54895e-05
4.16657  1.82415e-05
4.17827  1.7054e-05
4.18875  1.55673e-05
4.19957  1.56389e-05
4.21095  1.68724e-05
4.2218  1.39153e-05
4.23243  1.48998e-05
4.24373  1.51889e-05
4.25475  1.37168e-05
4.266  1.32539e-05
4.27633  1.27338e-05
4.28625  1.17313e-05
4.29774  1.43288e-05
4.30912  1.23502e-05
4.31948  1.00472e-05
4.3293  1.10333e-05
4.33978  1.11587e-05
4.3499  1.04435e-05
4.36074  1.06002e-05
4.37162  1.07523e-05
4.38316  1.12534e-05
4.39408  8.77319e-06
4.40435  9.25823e-06
4.41479  9.5728e-06
4.42543  9.16367e-06
4.43568  7.33195e-06
4.4463  9.66302e-06
4.45782  9.32438e-06
4.46966  8.92282e-06
4.48044  6.35244e-06
4.49012  8.26398e-06
4.50141  7.84618e-06
4.51165  6.10732e-06
4.52272  8.35157e-06
4.53365  6.64472e-06
4.54407  6.53166e-06
4.55407  6.03409e-06
4.56605  7.87623e-06
4.57817  6.4241e-06
4.58882  5.95319e-06
4.59885  4.77405e-06
4.60879  5.74085e-06
4.61941  5.76823e-06
4.62957  5.10128e-06
4.64056  5.40541e-06
4.65179  4.91349e-06
4.66272  5.40582e-06
4.67304  5.15597e-06
4.68479  4.30923e-06
4.69388  3.95864e-06
4.70594  5.93142e-06
4.71845  4.00532e-06
4.72884  4.35931e-06
4.73803  3.43434e-06
4.75033  4.33468e-06
4.75989  3.49711e-06
4.7711  4.22817e-06
4.78252  3.58027e-06
4.79259  3.37779e-06
4.80251  2.88396e-06
4.81323  3.41377e-06
4.82406  3.68448e-06
4.83456  2.579e-06
4.84643  3.62876e-06
4.85702  2.87864e-06
4.86684  2.59447e-06
4.87856  3.0974e-06
4.88935  2.88917e-06
4.90087  2.86048e-06
4.91249  1.90508e-06
4.92275  2.94846e-06
4.93242  2.32332e-06
4.94431  2.28319e-06
4.95559  2.77588e-06
4.96686  2.01933e-06
4.97858  2.10531e-06
4.99003  2.32114e-06
5.00041  1.96199e-06
5.01065  2.25e-06
5.02346  1.28636e-06
5.03256  2.0852e-06
5.04401  1.97645e-06
5.05589  1.40021e-06
5.06455  1.46063e-06
5.07564  1.92083e-06
5.08707  1.82031e-06
5.09913  1.65163e-06
5.11143  1.2298e-06
5.12168  1.46898e-06
5.13272  1.747e-06
5.14596  1.19617e-06
5.15686  1.38695e-06
5.16866  1.49122e-06
5.17998  1.19853e-06
5.19031  9.73855e-07
5.20299  1.34713e-06
5.21445  1.16113e-06
5.2255  1.15219e-06
5.2375  1.29728e-06
5.25164  8.49607e-07
5.26381  1.22524e-06
5.2741  1.00345e-06
5.28474  5.94421e-07
5.29526  7.70256e-07
5.30696  1.09373e-06
5.31827  6.68456e-07
5.32958  1.05121e-06
5.34348  7.91962e-07
5.35457  8.0001e-07
5.36959  6.20647e-07
5.37733  6.16665e-07
5.39065  1.19623e-06
5.40231  2.64907e-07
5.41516  5.66435e-07
5.42435  6.65876e-07
5.43652  7.55374e-07
5.44826  4.89144e-07
5.46046  4.69179e-07
5.47111  5.39471e-07
5.4836  3.09356e-07
5.4945  8.04638e-07
5.50795  4.56807e-07
5.51947  5.50387e-07
5.53004  2.93872e-07
5.54414  4.87938e-07
5.55689  4.19783e-07
5.57148  6.82417e-07
5.58019  2.86474e-07
5.5978  2.9656e-07
5.60972  3.68379e-07
5.62839  7.78364e-07
5.64665  3.87113e-07
5.65847  1.60239e-08
5.66355  3.93656e-07
5.68508  4.38255e-07
5.70108  4.06116e-07
5.72159  4.56565e-07
5.73735  5.31456e-08
5.7439  3.10478e-07
5.75944  2.63537e-07
5.78366  4.35103e-07
5.80333  4.39236e-07
5.82509  1.92749e-07
5.84182  1.07211e-08
5.84939  2.4373e-07
5.86799  3.56661e-07
5.89462  2.88787e-07
5.91125  4.79144e-08
5.91871  1.31397e-07
5.93922  2.55545e-07
5.96796  2.58127e-07
5.98991  1.97733e-07
6.01766  2.50202e-07
6.04712  7.69074e-08
6.07053  2.03956e-07
6.10141  2.60361e-07
6.1286  2.81274e-08
6.15911  1.72301e-07
6.19239  1.55146e-07
6.22221  1.00565e-07
6.25576  1.20207e-07
6.29119  4.6017e-08
6.3255  1.34832e-07
6.36242  7.82445e-08
6.39786  5.07176e-08
6.44069  8.03447e-08
6.48189  3.68765e-08
6.52226  9.06659e-08
6.57091  1.79537e-08
6.61383  1.64825e-08
6.66437  8.10401e-08
6.76747  2.28627e-08
6.83007  3.62181e-08
6.95294  2.72472e-08
7.02879  6.47457e-09
7.18082  1.82658e-08
7.47645  6.53061e-09
7.89801  9.72878e-10
