-7.95567  9.01845e-10
-7.53055  6.12074e-09
-7.23319  1.73087e-08
-7.07584  6.11558e-09
-7.00428  2.6105e-08
-6.87717  3.45882e-08
-6.81813  2.21465e-08
-6.71151  7.8249e-08
-6.65961  1.5971e-08
-6.61516  1.72796e-08
-6.56943  8.85114e-08
-6.52204  3.55443e-08
-6.48532  7.81831e-08
-6.44504  5.00598e-08
-6.4029  7.61381e-08
-6.37042  1.32655e-07
-6.33205  4.49519e-08
-6.29763  1.12163e-07
-6.2851  5.69126e-09
-6.26737  1.00035e-07
-6.23197  1.52148e-07
-6.20311  1.37072e-07
-6.19009  3.21884e-08
-6.17395  2.82888e-08
-6.14166  2.58154e-07
-6.11544  1.27331e-07
-6.10333  7.28197e-08
-6.08603  7.601e-08
-6.05918  2.16746e-07
-6.04974  3.21613e-08
-6.03192  1.11708e-07
-6.02349  8.23701e-08
-6.00752  2.57936e-07
-5.98386  1.04985e-07
-5.97392  1.45517e-07
-5.95408  1.77557e-07
-5.93472  2.91765e-07
-5.9106  1.02201e-07
-5.90344  2.46902e-07
-5.88747  2.2156e-07
-5.87652  4.1272e-08
-5.86387  1.82707e-07
-5.84071  4.37167e-07
-5.82075  4.31502e-07
-5.79669  2.57981e-07
-5.78033  3.66924e-07
-5.758  4.51949e-07
-5.73844  4.04432e-07
-5.72111  4.34507e-07
-5.70161  2.09447e-07
-5.69661  1.96131e-07
-5.68429  3.8887e-07
-5.664  7.73349e-07
-5.64613  3.68699e-07
-5.63371  2.96804e-07
-5.61115  8.29349e-07
-5.59579  4.36884e-07
-5.58413  3.58873e-07
-5.57438  2.8957e-07
-5.5609  5.68694e-07
-5.54612  5.67345e-07
-5.53109  9.21879e-07
-5.51656  3.64705e-07
-5.50468  4.98088e-07
-5.4939  4.16346e-07
-5.48403  5.30396e-07
-5.47043  7.55648e-07
-5.45766  8.37025e-07
-5.44472  4.92712e-07
-5.43441  1.25187e-07
-5.42558  1.17662e-06
-5.41216  6.76806e-07
-5.4022  6.23057e-07
-5.38797  7.97297e-07
-5.37651  7.76938e-07
-5.36347  1.07902e-06
-5.35076  7.2796e-07
-5.33839  1.22321e-06
-5.32523  7.49868e-07
-5.31799  4.47271e-07
-5.30422  1.508e-06
-5.29355  8.16776e-07
-5.28232  7.57231e-07
-5.26828  1.59872e-06
-5.25714  8.65673e-07
-5.2464  1.17041e-06
-5.23513  1.15329e-06
-5.2235  1.14477e-06
-5.21242  1.18684e-06
-5.20084  1.39849e-06
-5.18979  1.33397e-06
-5.17851  1.19948e-06
-5.16671  1.70482e-06
-5.15748  1.03993e-06
-5.14549  1.60796e-06
-5.13291  1.7529e-06
-5.12078  1.39646e-06
-5.11015  2.11248e-06
-5.09845  1.32515e-06
-5.08674  2.57946e-06
-5.07321  1.0758e-06
-5.0647  2.2918e-06
-5.05303  1.55639e-06
-5.04189  2.05139e-06
-5.03073  2.15641e-06
-5.0203  2.13152e-06
-5.00981  1.97708e-06
-4.99821  2.09102e-06
-4.9888  1.83096e-06
-4.97809  2.86806e-06
-4.96771  1.60722e-06
-4.95698  3.10748e-06
-4.94663  2.25103e-06
-4.93392  3.16894e-06
-4.92096  2.72185e-06
-4.91123  2.93917e-06
-4.89969  2.70553e-06
-4.89038  2.66432e-06
-4.87864  3.66436e-06
-4.86827  2.53904e-06
-4.85624  3.92583e-06
-4.84502  2.93805e-06
-4.83591  3.58362e-06
-4.82324  3.08481e-06
-4.81431  3.77003e-06
-4.80206  4.22179e-06
-4.79177  2.87834e-06
-4.78285  4.4286e-06
-4.7714  3.29361e-06
-4.76184  3.87675e-06
-4.75031  5.54398e-06
-4.73831  3.19649e-06
-4.73  4.94642e-06
-4.71791  4.40823e-06
-4.70834  3.75408e-06
-4.69828  5.69871e-06
-4.68609  5.61703e-06
-4.67561  4.55239e-06
-4.66573  5.19821e-06
-4.65387  5.48526e-06
-4.64436  5.16655e-06
-4.63469  5.84931e-06
-4.62218  7.02489e-06
-4.6097  6.70402e-06
-4.59869  5.64584e-06
-4.58981  6.49065e-06
-4.57762  7.14516e-06
-4.56615  7.09268e-06
-4.5558  6.44552e-06
-4.54621  7.07963e-06
-4.53557  7.11468e-06
-4.52388  8.61257e-06
-4.51346  6.34476e-06
-4.50402  7.83476e-06
-4.49322  8.23326e-06
-4.48223  9.0445e-06
-4.47091  9.35681e-06
-4.45965  8.49106e-06
-4.44918  8.9058e-06
-4.43866  9.70645e-06
-4.42928  7.7686e-06
-4.41911  9.8427e-06
-4.40784  1.09756e-05
-4.39651  1.10083e-05
-4.38561  1.04598e-05
-4.37462  1.06338e-05
-4.36426  1.13195e-05
-4.35498  9.49181e-06
-4.345  1.11956e-05
-4.3344  1.20221e-05
-4.3235  1.31828e-05
-4.31265  1.22673e-05
-4.30247  1.24872e-05
-4.29201  1.33609e-05
-4.28135  1.32987e-05
-4.2704  1.44303e-05
-4.26054  1.27377e-05
-4.25044  1.35319e-05
-4.24047  1.4709e-05
-4.23002  1.53739e-05
-4.21904  1.56195e-05
-4.20794  1.79245e-05
-4.1965  1.83865e-05
-4.18458  1.78059e-05
-4.17404  1.66918e-05
-4.16399  1.66967e-05
-4.15331  1.88707e-05
-4.14291  1.82782e-05
-4.13311  1.66069e-05
-4.12205  2.24472e-05
-4.11094  2.04559e-05
-4.10037  1.9941e-05
-4.08967  2.10792e-05
-4.07891  2.22522e-05
-4.06756  2.42138e-05
-4.05668  2.23962e-05
-4.04613  2.23459e-05
-4.03572  2.3682e-05
-4.02531  2.37883e-05
-4.01525  2.30389e-05
-4.00515  2.43383e-05
-3.99411  2.87788e-05
-3.9835  2.4701e-05
-3.97289  2.80943e-05
-3.96245  2.70703e-05
-3.95202  2.75223e-05
-3.94106  3.23394e-05
-3.93047  2.65447e-05
-3.92  3.1602e-05
-3.90934  3.21785e-05
-3.89857  3.07248e-05
-3.88833  3.2489e-05
-3.87778  3.17431e-05
-3.86735  3.55588e-05
-3.85688  3.22549e-05
-3.84658  3.6306e-05
-3.83593  3.60054e-05
-3.82579  3.5048e-05
-3.81509  3.95725e-05
-3.80444  3.84907e-05
-3.79379  3.97514e-05
-3.78366  3.69223e-05
-3.77316  4.40287e-05
-3.7626  4.05985e-05
-3.75212  4.24485e-05
-3.7417  4.42208e-05
-3.73124  4.44042e-05
-3.72042  4.77041e-05
-3.70933  5.09558e-05
-3.69841  4.67329e-05
-3.68796  4.88109e-05
-3.67762  4.99517e-05
-3.66696  5.09628e-05
-3.65644  5.2423e-05
-3.64585  5.27908e-05
-3.63535  5.42103e-05
-3.62491  5.54885e-05
-3.61445  5.45382e-05
-3.60426  5.70183e-05
-3.59339  6.3441e-05
-3.58213  6.35568e-05
-3.57122  6.34202e-05
-3.56057  6.28046e-05
-3.54993  6.42475e-05
-3.5395  6.42169e-05
-3.52918  6.53927e-05
-3.51867  6.92995e-05
-3.5082  6.72333e-05
-3.49789  7.0427e-05
-3.48728  7.29333e-05
-3.47671  7.40058e-05
-3.46628  7.44184e-05
-3.45593  7.39375e-05
-3.44552  7.89985e-05
-3.4351  7.76259e-05
-3.42477  8.0181e-05
-3.41437  8.11815e-05
-3.40388  8.54792e-05
-3.39347  8.23156e-05
-3.38318  8.76295e-05
-3.37263  8.99939e-05
-3.36207  9.01896e-05
-3.3516  9.39601e-05
-3.34127  8.99839e-05
-3.33114  9.30918e-05
-3.32075  9.87318e-05
-3.31035  9.71234e-05
-3.29991  0.000102229
-3.2895  0.000101152
-3.2793  0.000102238
-3.26894  0.000107001
-3.2586  0.000106127
-3.24825  0.000111448
-3.2379  0.000110216
-3.22754  0.000115267
-3.21697  0.000119355
-3.20664  0.000114015
-3.19658  0.000116037
-3.18634  0.0001239
-3.17592  0.000124299
-3.16557  0.000124785
-3.15526  0.000130086
-3.14496  0.000129036
-3.13467  0.00013329
-3.12385  0.000149226
-3.11313  0.000133314
-3.10303  0.000139713
-3.09274  0.000140366
-3.08247  0.000146655
-3.07213  0.000146516
-3.06188  0.000148344
-3.05171  0.00014928
-3.04144  0.000157155
-3.03114  0.000155487
-3.02097  0.000157548
-3.01068  0.000166677
-3.00022  0.000166741
-2.99001  0.000163796
-2.97991  0.000167925
-2.96973  0.000174208
-2.95934  0.000177565
-2.94926  0.00017198
-2.93923  0.000181608
-2.92886  0.000189118
-2.91846  0.00018775
-2.90835  0.00018582
-2.89824  0.000193807
-2.88795  0.000198311
-2.87766  0.00019924
-2.8674  0.000204005
-2.85716  0.000204663
-2.84691  0.000211033
-2.83664  0.000211898
-2.82642  0.000218025
-2.81614  0.00021971
-2.8059  0.000222165
-2.79567  0.000226764
-2.78538  0.000231221
-2.77515  0.000231061
-2.76495  0.000237317
-2.75471  0.000240208
-2.74449  0.000243501
-2.7343  0.000247102
-2.72413  0.000249173
-2.71388  0.00025877
-2.70366  0.000255752
-2.69344  0.000266707
-2.68327  0.000258883
-2.67314  0.000273157
-2.66291  0.000272072
-2.65266  0.00028229
-2.64241  0.000282673
-2.63223  0.000284565
-2.622  0.000294457
-2.61173  0.000294432
-2.60157  0.000296805
-2.59142  0.000303175
-2.58126  0.000303843
-2.57106  0.000315017
-2.56077  0.000319645
-2.55066  0.000311834
-2.54051  0.00033202
-2.53027  0.000327545
-2.52012  0.000333264
-2.50997  0.000336843
-2.49977  0.00034499
-2.48958  0.000346515
-2.47935  0.000357319
-2.46911  0.000358336
-2.45894  0.000361097
-2.44878  0.00036873
-2.43863  0.000369445
-2.42846  0.000380556
-2.41828  0.00037959
-2.40815  0.000384365
-2.39803  0.000391228
-2.3878  0.000403294
-2.37756  0.000404188
-2.36733  0.00041281
-2.3571  0.000415747
-2.3469  0.000420626
-2.33627  0.000460625
-2.32557  0.000439256
-2.31531  0.000435274
-2.30509  0.000445011
-2.2949  0.000447248
-2.28468  0.000458471
-2.27448  0.000458965
-2.26433  0.000465859
-2.25417  0.000470426
-2.244  0.000477141
-2.23379  0.000484984
-2.22361  0.0004883
-2.21344  0.000495854
-2.20331  0.000499338
-2.19318  0.00050563
-2.18306  0.000512425
-2.1729  0.000520515
-2.16273  0.000526284
-2.15265  0.000522706
-2.14256  0.000539232
-2.13233  0.000551131
-2.12222  0.000542976
-2.11214  0.000559752
-2.10187  0.000577945
-2.09159  0.000573142
-2.08146  0.000573051
-2.0714  0.000578122
-2.06126  0.000596537
-2.05108  0.000598858
-2.04097  0.000600183
-2.03085  0.0006167
-2.0207  0.000619301
-2.01052  0.000632754
-2.00032  0.000631077
-1.99013  0.000648008
-1.9799  0.000652147
-1.96969  0.000661512
-1.9595  0.000666069
-1.94931  0.000675379
-1.93918  0.000674801
-1.92901  0.000694869
-1.91876  0.000698237
-1.90853  0.000704915
-1.89837  0.000706407
-1.8883  0.00071117
-1.87819  0.00072894
-1.86811  0.00072496
-1.858  0.000744989
-1.84783  0.000750005
-1.83773  0.000748812
-1.8276  0.000766729
-1.81702  0.000837695
-1.80639  0.000794532
-1.79623  0.000785037
-1.78607  0.000812916
-1.7759  0.000801586
-1.76581  0.000812526
-1.75572  0.000819393
-1.74561  0.000829721
-1.73546  0.000845454
-1.72536  0.000842711
-1.71531  0.000856646
-1.70518  0.000876144
-1.69505  0.000871673
-1.68486  0.000899699
-1.67467  0.000889638
-1.66458  0.000902916
-1.6544  0.000924815
-1.64426  0.000918374
-1.63419  0.000926994
-1.62412  0.000940428
-1.61403  0.000944038
-1.60395  0.00095422
-1.59381  0.000973913
-1.58367  0.000982067
-1.57357  0.000986254
-1.56344  0.00100614
-1.55333  0.00100019
-1.54319  0.00102721
-1.53296  0.00103835
-1.52278  0.00103882
-1.51259  0.00106111
-1.50248  0.0010513
-1.49242  0.0010715
-1.48232  0.00107502
-1.47212  0.00110738
-1.46189  0.00110061
-1.45175  0.00111375
-1.44169  0.00110988
-1.43161  0.00113976
-1.4215  0.00114228
-1.41138  0.00115621
-1.40121  0.00117106
-1.39107  0.00116645
-1.38099  0.0011866
-1.37088  0.00120198
-1.36077  0.00121028
-1.35063  0.00123142
-1.34049  0.00123205
-1.33036  0.00124187
-1.32029  0.00123687
-1.31022  0.0012694
-1.30013  0.00127853
-1.29009  0.00128236
-1.28004  0.00129666
-1.26991  0.00132879
-1.25977  0.00131059
-1.24976  0.00131785
-1.23964  0.00136985
-1.22938  0.00139081
-1.21923  0.0013716
-1.20922  0.00137393
-1.19912  0.001412
-1.189  0.00139892
-1.17884  0.0014444
-1.16866  0.00143875
-1.15855  0.0014609
-1.14844  0.00147323
-1.13834  0.00147983
-1.12825  0.00148732
-1.11813  0.00150398
-1.108  0.00151844
-1.0979  0.001533
-1.08783  0.00154439
-1.07775  0.00157443
-1.06766  0.00157325
-1.05759  0.00158038
-1.04749  0.00159901
-1.03733  0.00162718
-1.02718  0.00164288
-1.01661  0.00180233
-1.00604  0.00168574
-0.995935  0.00167653
-0.985828  0.00169808
-0.975701  0.00169925
-0.965612  0.00171758
-0.955516  0.00175195
-0.945453  0.00175191
-0.935384  0.00179403
-0.925243  0.00180063
-0.91511  0.00180839
-0.905024  0.0017962
-0.894955  0.00183619
-0.884872  0.00185888
-0.874793  0.00189244
-0.8647  0.00189984
-0.854623  0.00191047
-0.844555  0.00191636
-0.834456  0.00193055
-0.824385  0.00194369
-0.814309  0.0020043
-0.804221  0.00200941
-0.794151  0.0020306
-0.784103  0.00202879
-0.774016  0.00206714
-0.763849  0.00207227
-0.753757  0.00210746
-0.743724  0.00211363
-0.733688  0.00215301
-0.723573  0.00217305
-0.713507  0.00215363
-0.703483  0.00215472
-0.693417  0.00223001
-0.683342  0.0022562
-0.673241  0.00231253
-0.663138  0.00230026
-0.653069  0.00233079
-0.642996  0.0023067
-0.632919  0.00235458
-0.622846  0.00240581
-0.612773  0.00243347
-0.602702  0.00245819
-0.592613  0.00247832
-0.582537  0.00245264
-0.572473  0.00250214
-0.562409  0.00257161
-0.552299  0.00261844
-0.542197  0.00262519
-0.532144  0.00262782
-0.522042  0.00264635
-0.51193  0.00267584
-0.501882  0.00274856
-0.491834  0.00279038
-0.48174  0.00283605
-0.471185  0.00308027
-0.460668  0.0028116
-0.450558  0.00291135
-0.440016  0.00323833
-0.429481  0.00304694
-0.4194  0.00303263
-0.409301  0.00306626
-0.399204  0.00304108
-0.38914  0.00311342
-0.379137  0.00323584
-0.369117  0.00328446
-0.359025  0.00332556
-0.348935  0.00332369
-0.338846  0.00330328
-0.3287  0.0034512
-0.318681  0.00353848
-0.308663  0.00361253
-0.298631  0.00363279
-0.288538  0.00365347
-0.278449  0.00362688
-0.268309  0.00379493
-0.257822  0.00435939
-0.247309  0.00404857
-0.237236  0.00408683
-0.227147  0.00405237
-0.217088  0.00404236
-0.206942  0.00433803
-0.196964  0.0045441
-0.186941  0.00462974
-0.176913  0.00462678
-0.166849  0.00464279
-0.156778  0.00458362
-0.146635  0.00510489
-0.13667  0.00545804
-0.12663  0.00553691
-0.116581  0.00553282
-0.106526  0.00551001
-0.0964456  0.00549767
-0.0861926  0.0065108
-0.0763389  0.00714571
-0.0663372  0.00720483
-0.0563143  0.00724207
-0.0462773  0.00726047
-0.0362015  0.00737133
-0.0252577  0.0129064
-0.0150991  0.0134969
-0.00475746  0.0165317
0.00475746  0.0165317
0.0150991  0.0134969
0.0252577  0.0129064
0.0362015  0.00737133
0.0462773  0.00726047
0.0563143  0.00724207
0.0663372  0.00720483
0.0763389  0.00714571
0.0861926  0.0065108
0.0964456  0.00549767
0.106526  0.00551001
0.116581  0.00553282
0.12663  0.00553691
0.13667  0.00545804
0.146635  0.00510489
0.156778  0.00458362
0.166849  0.00464279
0.176913  0.00462678
0.186941  0.00462974
0.196964  0.0045441
0.206942  0.00433803
0.217088  0.00404236
0.227147  0.00405237
0.237236  0.00408683
0.247309  0.00404857
0.257822  0.00435939
0.268309  0.00379493
0.278449  0.00362688
0.288538  0.00365347
0.298631  0.00363279
0.308663  0.00361253
0.318681  0.00353848
0.3287  0.0034512
0.338846  0.00330328
0.348935  0.00332369
0.359025  0.00332556
0.369117  0.00328446
0.379137  0.00323584
0.38914  0.00311342
0.399204  0.00304108
0.409301  0.00306626
0.4194  0.00303263
0.429481  0.00304694
0.440016  0.00323833
0.450558  0.00291135
0.460668  0.0028116
0.471185  0.00308027
0.48174  0.00283605
0.491834  0.00279038
0.501882  0.00274856
0.51193  0.00267584
0.522042  0.00264635
0.532144  0.00262782
0.542197  0.00262519
0.552299  0.00261844
0.562409  0.00257161
0.572473  0.00250214
0.582537  0.00245264
0.592613  0.00247832
0.602702  0.00245819
0.612773  0.00243347
0.622846  0.00240581
0.632919  0.00235458
0.642996  0.0023067
0.653069  0.00233079
0.663138  0.00230026
0.673241  0.00231253
0.683342  0.0022562
0.693417  0.00223001
0.703483  0.00215472
0.713507  0.00215363
0.723573  0.00217305
0.733688  0.00215301
0.743724  0.00211363
0.753757  0.00210746
0.763849  0.00207227
0.774016  0.00206714
0.784103  0.00202879
0.794151  0.0020306
0.804221  0.00200941
0.814309  0.0020043
0.824385  0.00194369
0.834456  0.00193055
0.844555  0.00191636
0.854623  0.00191047
0.8647  0.00189984
0.874793  0.00189244
0.884872  0.00185888
0.894955  0.00183619
0.905024  0.0017962
0.91511  0.00180839
0.925243  0.00180063
0.935384  0.00179403
0.945453  0.00175191
0.955516  0.00175195
0.965612  0.00171758
0.975701  0.00169925
0.985828  0.00169808
0.995935  0.00167653
1.00604  0.00168574
1.01661  0.00180233
1.02718  0.00164288
1.03733  0.00162718
1.04749  0.00159901
1.05759  0.00158038
1.06766  0.00157325
1.07775  0.00157443
1.08783  0.00154439
1.0979  0.001533
1.108  0.00151844
1.11813  0.00150398
1.12825  0.00148732
1.13834  0.00147983
1.14844  0.00147323
1.15855  0.0014609
1.16866  0.00143875
1.17884  0.0014444
1.189  0.00139892
1.19912  0.001412
1.20922  0.00137393
1.21923  0.0013716
1.22938  0.00139081
1.23964  0.00136985
1.24976  0.00131785
1.25977  0.00131059
1.26991  0.00132879
1.28004  0.00129666
1.29009  0.00128236
1.30013  0.00127853
1.31022  0.0012694
1.32029  0.00123687
1.33036  0.00124187
1.34049  0.00123205
1.35063  0.00123142
1.36077  0.00121028
1.37088  0.00120198
1.38099  0.0011866
1.39107  0.00116645
1.40121  0.00117106
1.41138  0.00115621
1.4215  0.00114228
1.43161  0.00113976
1.44169  0.00110988
1.45175  0.00111375
1.46189  0.00110061
1.47212  0.00110738
1.48232  0.00107502
1.49242  0.0010715
1.50248  0.0010513
1.51259  0.00106111
1.52278  0.00103882
1.53296  0.00103835
1.54319  0.00102721
1.55333  0.00100019
1.56344  0.00100614
1.57357  0.000986254
1.58367  0.000982067
1.59381  0.000973913
1.60395  0.00095422
1.61403  0.000944038
1.62412  0.000940428
1.63419  0.000926994
1.64426  0.000918374
1.6544  0.000924815
1.66458  0.000902916
1.67467  0.000889638
1.68486  0.000899699
1.69505  0.000871673
1.70518  0.000876144
1.71531  0.000856646
1.72536  0.000842711
1.73546  0.000845454
1.74561  0.000829721
1.75572  0.000819393
1.76581  0.000812526
1.7759  0.000801586
1.78607  0.000812916
1.79623  0.000785037
1.80639  0.000794532
1.81702  0.000837695
1.8276  0.000766729
1.83773  0.000748812
1.84783  0.000750005
1.858  0.000744989
1.86811  0.00072496
1.87819  0.00072894
1.8883  0.00071117
1.89837  0.000706407
1.90853  0.000704915
1.91876  0.000698237
1.92901  0.000694869
1.93918  0.000674801
1.94931  0.000675379
1.9595  0.000666069
1.96969  0.000661512
1.9799  0.000652147
1.99013  0.000648008
2.00032  0.000631077
2.01052  0.000632754
2.0207  0.000619301
2.03085  0.0006167
2.04097  0.000600183
2.05108  0.000598858
2.06126  0.000596537
2.0714  0.000578122
2.08146  0.000573051
2.09159  0.000573142
2.10187  0.000577945
2.11214  0.000559752
2.12222  0.000542976
2.13233  0.000551131
2.14256  0.000539232
2.15265  0.000522706
2.16273  0.000526284
2.1729  0.000520515
2.18306  0.000512425
2.19318  0.00050563
2.20331  0.000499338
2.21344  0.000495854
2.22361  0.0004883
2.23379  0.000484984
2.244  0.000477141
2.25417  0.000470426
2.26433  0.000465859
2.27448  0.000458965
2.28468  0.000458471
2.2949  0.000447248
2.30509  0.000445011
2.31531  0.000435274
2.32557  0.000439256
2.33627  0.000460625
2.3469  0.000420626
2.3571  0.000415747
2.36733  0.00041281
2.37756  0.000404188
2.3878  0.000403294
2.39803  0.000391228
2.40815  0.000384365
2.41828  0.00037959
2.42846  0.000380556
2.43863  0.000369445
2.44878  0.00036873
2.45894  0.000361097
2.46911  0.000358336
2.47935  0.000357319
2.48958  0.000346515
2.49977  0.00034499
2.50997  0.000336843
2.52012  0.000333264
2.53027  0.000327545
2.54051  0.00033202
2.55066  0.000311834
2.56077  0.000319645
2.57106  0.000315017
2.58126  0.000303843
2.59142  0.000303175
2.60157  0.000296805
2.61173  0.000294432
2.622  0.000294457
2.63223  0.000284565
2.64241  0.000282673
2.65266  0.00028229
2.66291  0.000272072
2.67314  0.000273157
2.68327  0.000258883
2.69344  0.000266707
2.70366  0.000255752
2.71388  0.00025877
2.72413  0.000249173
2.7343  0.000247102
2.74449  0.000243501
2.75471  0.000240208
2.76495  0.000237317
2.77515  0.000231061
2.78538  0.000231221
2.79567  0.000226764
2.8059  0.000222165
2.81614  0.00021971
2.82642  0.000218025
2.83664  0.000211898
2.84691  0.000211033
2.85716  0.000204663
2.8674  0.000204005
2.87766  0.00019924
2.88795  0.000198311
2.89824  0.000193807
2.90835  0.00018582
2.91846  0.00018775
2.92886  0.000189118
2.93923  0.000181608
2.94926  0.00017198
2.95934  0.000177565
2.96973  0.000174208
2.97991  0.000167925
2.99001  0.000163796
3.00022  0.000166741
3.01068  0.000166677
3.02097  0.000157548
3.03114  0.000155487
3.04144  0.000157155
3.05171  0.00014928
3.06188  0.000148344
3.07213  0.000146516
3.08247  0.000146655
3.09274  0.000140366
3.10303  0.000139713
3.11313  0.000133314
3.12385  0.000149226
3.13467  0.00013329
3.14496  0.000129036
3.15526  0.000130086
3.16557  0.000124785
3.17592  0.000124299
3.18634  0.0001239
3.19658  0.000116037
3.20664  0.000114015
3.21697  0.000119355
3.22754  0.000115267
3.2379  0.000110216
3.24825  0.000111448
3.2586  0.000106127
3.26894  0.000107001
3.2793  0.000102238
3.2895  0.000101152
3.29991  0.000102229
3.31035  9.71234e-05
3.32075  9.87318e-05
3.33114  9.30918e-05
3.34127  8.99839e-05
3.3516  9.39601e-05
3.36207  9.01896e-05
3.37263  8.99939e-05
3.38318  8.76295e-05
3.39347  8.23156e-05
3.40388  8.54792e-05
3.41437  8.11815e-05
3.42477  8.0181e-05
3.4351  7.76259e-05
3.44552  7.89985e-05
3.45593  7.39375e-05
3.46628  7.44184e-05
3.47671  7.40058e-05
3.48728  7.29333e-05
3.49789  7.0427e-05
3.5082  6.72333e-05
3.51867  6.92995e-05
3.52918  6.53927e-05
3.5395  6.42169e-05
3.54993  6.42475e-05
3.56057  6.28046e-05
3.57122  6.34202e-05
3.58213  6.35568e-05
3.59339  6.3441e-05
3.60426  5.70183e-05
3.61445  5.45382e-05
3.62491  5.54885e-05
3.63535  5.42103e-05
3.64585  5.27908e-05
3.65644  5.2423e-05
3.66696  5.09628e-05
3.67762  4.99517e-05
3.68796  4.88109e-05
3.69841  4.67329e-05
3.70933  5.09558e-05
3.72042  4.77041e-05
3.73124  4.44042e-05
3.7417  4.42208e-05
3.75212  4.24485e-05
3.7626  4.05985e-05
3.77316  4.40287e-05
3.78366  3.69223e-05
3.79379  3.97514e-05
3.80444  3.84907e-05
3.81509  3.95725e-05
3.82579  3.5048e-05
3.83593  3.60054e-05
3.84658  3.6306e-05
3.85688  3.22549e-05
3.86735  3.55588e-05
3.87778  3.17431e-05
3.88833  3.2489e-05
3.89857  3.07248e-05
3.90934  3.21785e-05
3.92  3.1602e-05
3.93047  2.65447e-05
3.94106  3.23394e-05
3.95202  2.75223e-05
3.96245  2.70703e-05
3.97289  2.80943e-05
3.9835  2.4701e-05
3.99411  2.87788e-05
4.00515  2.43383e-05
4.01525  2.30389e-05
4.02531  2.37883e-05
4.03572  2.3682e-05
4.04613  2.23459e-05
4.05668  2.23962e-05
4.06756  2.42138e-05
4.07891  2.22522e-05
4.08967  2.10792e-05
4.10037  1.9941e-05
4.11094  2.04559e-05
4.12205  2.24472e-05
4.13311  1.66069e-05
4.14291  1.82782e-05
4.15331  1.88707e-05
4.16399  1.66967e-05
4.17404  1.66918e-05
4.18458  1.78059e-05
4.1965  1.83865e-05
4.20794  1.79245e-05
4.21904  1.56195e-05
4.23002  1.53739e-05
4.24047  1.4709e-05
4.25044  1.35319e-05
4.26054  1.27377e-05
4.2704  1.44303e-05
4.28135  1.32987e-05
4.29201  1.33609e-05
4.30247  1.24872e-05
4.31265  1.22673e-05
4.3235  1.31828e-05
4.3344  1.20221e-05
4.345  1.11956e-05
4.35498  9.49181e-06
4.36426  1.13195e-05
4.37462  1.06338e-05
4.38561  1.04598e-05
4.39651  1.10083e-05
4.40784  1.09756e-05
4.41911  9.8427e-06
4.42928  7.7686e-06
4.43866  9.70645e-06
4.44918  8.9058e-06
4.45965  8.49106e-06
4.47091  9.35681e-06
4.48223  9.0445e-06
4.49322  8.23326e-06
4.50402  7.83476e-06
4.51346  6.34476e-06
4.52388  8.61257e-06
4.53557  7.11468e-06
4.54621  7.07963e-06
4.5558  6.44552e-06
4.56615  7.09268e-06
4.57762  7.14516e-06
4.58981  6.49065e-06
4.59869  5.64584e-06
4.6097  6.70402e-06
4.62218  7.02489e-06
4.63469  5.84931e-06
4.64436  5.16655e-06
4.65387  5.48526e-06
4.66573  5.19821e-06
4.67561  4.55239e-06
4.68609  5.61703e-06
4.69828  5.69871e-06
4.70834  3.75408e-06
4.71791  4.40823e-06
4.73  4.94642e-06
4.73831  3.19649e-06
4.75031  5.54398e-06
4.76184  3.87675e-06
4.7714  3.29361e-06
4.78285  4.4286e-06
4.79177  2.87834e-06
4.80206  4.22179e-06
4.81431  3.77003e-06
4.82324  3.08481e-06
4.83591  3.58362e-06
4.84502  2.93805e-06
4.85624  3.92583e-06
4.86827  2.53904e-06
4.87864  3.66436e-06
4.89038  2.66432e-06
4.89969  2.70553e-06
4.91123  2.93917e-06
4.92096  2.72185e-06
4.93392  3.16894e-06
4.94663  2.25103e-06
4.95698  3.10748e-06
4.96771  1.60722e-06
4.97809  2.86806e-06
4.9888  1.83096e-06
4.99821  2.09102e-06
5.00981  1.97708e-06
5.0203  2.13152e-06
5.03073  2.15641e-06
5.04189  2.05139e-06
5.05303  1.55639e-06
5.0647  2.2918e-06
5.07321  1.0758e-06
5.08674  2.57946e-06
5.09845  1.32515e-06
5.11015  2.11248e-06
5.12078  1.39646e-06
5.13291  1.7529e-06
5.14549  1.60796e-06
5.15748  1.03993e-06
5.16671  1.70482e-06
5.17851  1.19948e-06
5.18979  1.33397e-06
5.20084  1.39849e-06
5.21242  1.18684e-06
5.2235  1.14477e-06
5.23513  1.15329e-06
5.2464  1.17041e-06
5.25714  8.65673e-07
5.26828  1.59872e-06
5.28232  7.57231e-07
5.29355  8.16776e-07
5.30422  1.508e-06
5.31799  4.47271e-07
5.32523  7.49868e-07
5.33839  1.22321e-06
5.35076  7.2796e-07
5.36347  1.07902e-06
5.37651  7.76938e-07
5.38797  7.97297e-07
5.4022  6.23057e-07
5.41216  6.76806e-07
5.42558  1.17662e-06
5.43441  1.25187e-07
5.44472  4.92712e-07
5.45766  8.37025e-07
5.47043  7.55648e-07
5.48403  5.30396e-07
5.4939  4.16346e-07
5.50468  4.98088e-07
5.51656  3.64705e-07
5.53109  9.21879e-07
5.54612  5.67345e-07
5.5609  5.68694e-07
5.57438  2.8957e-07
5.58413  3.58873e-07
5.59579  4.36884e-07
5.61115  8.29349e-07
5.63371  2.96804e-07
5.64613  3.68699e-07
5.664  7.73349e-07
5.68429  3.8887e-07
5.69661  1.96131e-07
5.70161  2.09447e-07
5.72111  4.34507e-07
5.73844  4.04432e-07
5.758  4.51949e-07
5.78033  3.66924e-07
5.79669  2.57981e-07
5.82075  4.31502e-07
5.84071  4.37167e-07
5.86387  1.82707e-07
5.87652  4.1272e-08
5.88747  2.2156e-07
5.90344  2.46902e-07
5.9106  1.02201e-07
5.93472  2.91765e-07
5.95408  1.77557e-07
5.97392  1.45517e-07
5.98386  1.04985e-07
6.00752  2.57936e-07
6.02349  8.23701e-08
6.03192  1.11708e-07
6.04974  3.21613e-08
6.05918  2.16746e-07
6.08603  7.601e-08
6.10333  7.28197e-08
6.11544  1.27331e-07
6.14166  2.58154e-07
6.17395  2.82888e-08
6.19009  3.21884e-08
6.20311  1.37072e-07
6.23197  1.52148e-07
6.26737  1.00035e-07
6.2851  5.69126e-09
6.29763  1.12163e-07
6.33205  4.49519e-08
6.37042  1.32655e-07
6.4029  7.61381e-08
6.44504  5.00598e-08
6.48532  7.81831e-08
6.52204  3.55443e-08
6.56943  8.85114e-08
6.61516  1.72796e-08
6.65961  1.5971e-08
6.71151  7.8249e-08
6.81813  2.21465e-08
6.87717  3.45882e-08
7.00428  2.6105e-08
7.07584  6.11558e-09
7.23319  1.73087e-08
7.53055  6.12074e-09
7.95567  9.01845e-10
