-7.90918  1.10116e-09
-7.48399  7.38134e-09
-7.18659  2.06162e-08
-7.03272  7.26888e-09
-6.95766  3.07102e-08
-6.8334  4.06042e-08
-6.7715  2.57323e-08
-6.66729  9.07268e-08
-6.61664  1.85106e-08
-6.57292  1.99928e-08
-6.52488  1.01361e-07
-6.48346  4.13063e-08
-6.44254  8.93444e-08
-6.40025  5.66205e-08
-6.36381  8.75112e-08
-6.32721  1.49724e-07
-6.29234  5.12198e-08
-6.2573  1.33678e-07
-6.22382  1.11516e-07
-6.19318  1.72356e-07
-6.16127  1.89676e-07
-6.13012  3.11465e-08
-6.10218  2.88836e-07
-6.07329  2.22772e-07
-6.04747  8.48647e-08
-6.019  2.75532e-07
-5.9925  2.158e-07
-5.96834  2.84435e-07
-5.94223  2.82266e-07
-5.91799  1.90569e-07
-5.89501  3.17773e-07
-5.87078  4.18452e-07
-5.84927  2.43497e-07
-5.82689  2.08657e-07
-5.80432  5.55054e-07
-5.7843  3.93664e-07
-5.76261  3.1362e-07
-5.74189  4.50894e-07
-5.7228  4.04392e-07
-5.70229  5.88495e-07
-5.68387  3.68339e-07
-5.6653  3.88998e-07
-5.64559  6.78805e-07
-5.6287  6.16941e-07
-5.61043  4.9842e-07
-5.59186  3.95485e-07
-5.57566  8.11944e-07
-5.55821  6.98013e-07
-5.54317  3.93384e-07
-5.52542  7.79458e-07
-5.50928  7.69286e-07
-5.49452  7.97135e-07
-5.47745  7.06235e-07
-5.46373  5.77021e-07
-5.44723  9.5232e-07
-5.43229  9.22328e-07
-5.42028  6.51285e-07
-5.40275  8.30057e-07
-5.38941  1.13629e-06
-5.37615  8.93166e-07
-5.36133  7.97262e-07
-5.34835  1.0383e-06
-5.33392  9.68552e-07
-5.32118  1.18477e-06
-5.3089  9.88182e-07
-5.29547  8.24479e-07
-5.28198  1.43697e-06
-5.26985  1.10357e-06
-5.2587  9.82408e-07
-5.24477  1.35358e-06
-5.23217  1.15019e-06
-5.22124  1.39825e-06
-5.2098  1.25138e-06
-5.19727  1.13373e-06
-5.18535  1.47983e-06
-5.17479  1.35952e-06
-5.16361  1.40765e-06
-5.15209  1.46145e-06
-5.13995  1.48905e-06
-5.12976  1.475e-06
-5.1205  1.3958e-06
-5.10776  1.52919e-06
-5.0971  1.62033e-06
-5.08791  1.62675e-06
-5.07722  1.84881e-06
-5.06555  2.04258e-06
-5.05136  2.24852e-06
-5.03911  2.62075e-06
-5.02633  1.42056e-06
-5.01492  2.64644e-06
-5.00287  2.66084e-06
-4.99172  1.88067e-06
-4.98149  2.18348e-06
-4.9699  2.36656e-06
-4.95831  3.18139e-06
-4.94534  2.07034e-06
-4.93506  3.21257e-06
-4.9248  2.32563e-06
-4.9131  2.84111e-06
-4.90025  3.4506e-06
-4.88991  2.62397e-06
-4.87877  3.06902e-06
-4.86648  3.92628e-06
-4.85403  3.7351e-06
-4.84228  3.10257e-06
-4.83093  3.59255e-06
-4.8209  3.67616e-06
-4.80874  3.41149e-06
-4.79791  4.20653e-06
-4.78643  4.04e-06
-4.77602  3.56132e-06
-4.76415  5.39014e-06
-4.75356  3.01678e-06
-4.74151  5.41166e-06
-4.73101  4.13899e-06
-4.71912  5.30166e-06
-4.70822  4.27141e-06
-4.69807  4.6127e-06
-4.68769  4.22224e-06
-4.6771  6.13399e-06
-4.66521  6.02844e-06
-4.65358  5.15881e-06
-4.6442  4.54446e-06
-4.63306  6.09676e-06
-4.62207  6.83058e-06
-4.61129  5.27645e-06
-4.60074  6.28352e-06
-4.58952  7.02639e-06
-4.57747  6.96885e-06
-4.56763  6.21021e-06
-4.55725  6.446e-06
-4.54597  8.0148e-06
-4.53521  6.81273e-06
-4.52504  7.55417e-06
-4.51453  7.03757e-06
-4.50431  7.84597e-06
-4.49302  8.97087e-06
-4.48196  7.67281e-06
-4.47244  7.65223e-06
-4.46187  9.37729e-06
-4.45108  9.58074e-06
-4.43938  8.73033e-06
-4.42896  1.00631e-05
-4.4182  9.80323e-06
-4.40756  9.84791e-06
-4.39668  9.68198e-06
-4.38689  1.06006e-05
-4.37585  1.11271e-05
-4.36512  1.04826e-05
-4.3544  1.13963e-05
-4.34447  1.15087e-05
-4.33367  1.13329e-05
-4.32293  1.28327e-05
-4.31179  1.3065e-05
-4.30087  1.33955e-05
-4.29041  1.19179e-05
-4.28014  1.41115e-05
-4.26934  1.43254e-05
-4.25777  1.48549e-05
-4.2467  1.58337e-05
-4.23505  1.60809e-05
-4.22391  1.60657e-05
-4.21362  1.46087e-05
-4.20326  1.53934e-05
-4.19327  1.5924e-05
-4.18289  1.7446e-05
-4.17181  1.66335e-05
-4.162  1.68547e-05
-4.15158  1.82293e-05
-4.14073  1.85755e-05
-4.13006  2.07482e-05
-4.11878  1.96554e-05
-4.10753  2.14397e-05
-4.09729  1.90975e-05
-4.08728  1.97416e-05
-4.07672  2.17823e-05
-4.06653  2.0466e-05
-4.05577  2.37895e-05
-4.04556  2.0772e-05
-4.03548  2.33583e-05
-4.02482  2.44835e-05
-4.01376  2.56423e-05
-4.00306  2.60657e-05
-3.99241  2.48672e-05
-3.9813  2.94332e-05
-3.97032  2.69918e-05
-3.95959  2.74147e-05
-3.94958  2.66905e-05
-3.93931  2.85236e-05
-3.92869  3.01975e-05
-3.91789  3.10189e-05
-3.90677  3.23696e-05
-3.89652  3.01244e-05
-3.8864  3.06054e-05
-3.8758  3.51347e-05
-3.86484  3.35964e-05
-3.85407  3.68883e-05
-3.84339  3.39811e-05
-3.83295  3.68723e-05
-3.8226  3.53589e-05
-3.81232  3.72514e-05
-3.80174  3.88223e-05
-3.79117  3.98595e-05
-3.78015  4.30021e-05
-3.76953  3.87442e-05
-3.75905  4.49978e-05
-3.74819  4.27561e-05
-3.73737  4.62477e-05
-3.72645  4.57297e-05
-3.71599  4.52708e-05
-3.70542  4.77141e-05
-3.69484  4.80393e-05
-3.68429  4.8266e-05
-3.67351  5.23037e-05
-3.66314  4.8914e-05
-3.6527  5.23331e-05
-3.64232  5.12646e-05
-3.63159  5.90007e-05
-3.62057  5.45048e-05
-3.61016  5.83475e-05
-3.59959  5.54451e-05
-3.58921  5.96434e-05
-3.57878  6.02349e-05
-3.56848  5.74229e-05
-3.55837  6.25997e-05
-3.54812  6.08201e-05
-3.53749  6.82634e-05
-3.52645  7.05052e-05
-3.51575  6.59987e-05
-3.50554  6.86476e-05
-3.49505  6.94316e-05
-3.48473  7.12047e-05
-3.47436  7.2775e-05
-3.46388  7.47823e-05
-3.45334  7.6926e-05
-3.44265  7.96313e-05
-3.43214  7.90222e-05
-3.42166  7.99838e-05
-3.41101  8.53765e-05
-3.40064  7.97358e-05
-3.39054  8.3958e-05
-3.38009  8.76279e-05
-3.36956  8.95685e-05
-3.35912  8.90083e-05
-3.3487  9.36869e-05
-3.33833  9.11051e-05
-3.32778  9.91893e-05
-3.31716  9.73541e-05
-3.30689  9.6291e-05
-3.29669  9.78228e-05
-3.28639  0.000103912
-3.27582  0.000106906
-3.26523  0.000107883
-3.25482  0.000106375
-3.2446  0.000108259
-3.23428  0.000112867
-3.22392  0.000113923
-3.2136  0.000114642
-3.20332  0.000116722
-3.19319  0.000116866
-3.18296  0.000121117
-3.17266  0.000125011
-3.1622  0.000128057
-3.15186  0.000126678
-3.14176  0.000127873
-3.13153  0.000133301
-3.12116  0.000136957
-3.11069  0.000138686
-3.10025  0.000142749
-3.08969  0.000145822
-3.07932  0.000143078
-3.06895  0.000151359
-3.0586  0.000146356
-3.04825  0.000157882
-3.03793  0.000149348
-3.02765  0.000163604
-3.01722  0.000157064
-3.00713  0.000161801
-2.99685  0.000165831
-2.98649  0.000169064
-2.97626  0.000167599
-2.96608  0.000175354
-2.95584  0.000172896
-2.94564  0.000179991
-2.93544  0.000179589
-2.92525  0.00018543
-2.91495  0.000189229
-2.90471  0.00018912
-2.89448  0.000194088
-2.88423  0.000198636
-2.87385  0.000202059
-2.86358  0.00020193
-2.85336  0.000206167
-2.84319  0.000208818
-2.8329  0.000215754
-2.82253  0.000220258
-2.81218  0.000221345
-2.80194  0.000219762
-2.79176  0.000228983
-2.78139  0.00023275
-2.77123  0.000227194
-2.7612  0.000235057
-2.75102  0.000239319
-2.7408  0.000245973
-2.73051  0.000248786
-2.72031  0.000251699
-2.71008  0.000255603
-2.6999  0.000257368
-2.68978  0.00026048
-2.6795  0.000271236
-2.66918  0.000271101
-2.65896  0.000275952
-2.64874  0.000279339
-2.63852  0.000283194
-2.62822  0.000292324
-2.61794  0.000290013
-2.6077  0.000298369
-2.59749  0.000297727
-2.58725  0.00030731
-2.57702  0.000304812
-2.56693  0.000310682
-2.5568  0.000315609
-2.54657  0.000323811
-2.53635  0.00032694
-2.52623  0.000325473
-2.51617  0.00033072
-2.50601  0.000340425
-2.49582  0.00034224
-2.48569  0.000346582
-2.47551  0.000356247
-2.46534  0.000355961
-2.45515  0.000366171
-2.4448  0.000377887
-2.43458  0.000368007
-2.42442  0.000381862
-2.41415  0.000385967
-2.40387  0.000391721
-2.39372  0.000388703
-2.38366  0.000394518
-2.37348  0.000409466
-2.36322  0.000412546
-2.35302  0.000415367
-2.34285  0.000418865
-2.33272  0.000423349
-2.32251  0.000435702
-2.31231  0.000434398
-2.30216  0.000441228
-2.29207  0.000443208
-2.28187  0.000461894
-2.27159  0.000463846
-2.26137  0.000467253
-2.25114  0.000474851
-2.24097  0.000473614
-2.23085  0.000480643
-2.22074  0.00048863
-2.21054  0.000498992
-2.20033  0.000504752
-2.19011  0.000509649
-2.17997  0.000512198
-2.16977  0.000524975
-2.15965  0.000517628
-2.14951  0.00053775
-2.13933  0.000535022
-2.12917  0.000552215
-2.11894  0.00055612
-2.10877  0.000558208
-2.0986  0.000568514
-2.08844  0.000568896
-2.0783  0.000579004
-2.06813  0.000588768
-2.05795  0.000592585
-2.0478  0.00059935
-2.03768  0.000604444
-2.02758  0.000613497
-2.01742  0.000623108
-2.00722  0.000630379
-1.99704  0.000634024
-1.98689  0.000641107
-1.97678  0.000647294
-1.96665  0.000659063
-1.95642  0.000674448
-1.94617  0.000678553
-1.93603  0.000673846
-1.92596  0.000680911
-1.91585  0.000693642
-1.90577  0.000691796
-1.89567  0.000715566
-1.88548  0.000721174
-1.87532  0.000728372
-1.86478  0.000790607
-1.85423  0.00074561
-1.84408  0.000747606
-1.8335  0.000821941
-1.82296  0.000762962
-1.81282  0.000782063
-1.80264  0.000786974
-1.79253  0.000790016
-1.78238  0.000805568
-1.77227  0.000801478
-1.76224  0.000804473
-1.75216  0.000826439
-1.74203  0.000830117
-1.73192  0.000844662
-1.72179  0.000853677
-1.71167  0.000861526
-1.70157  0.000870097
-1.69142  0.000879907
-1.68126  0.000889201
-1.6711  0.0008991
-1.66102  0.000897071
-1.65097  0.000914185
-1.64079  0.000936483
-1.63065  0.000928003
-1.62054  0.00094821
-1.60995  0.00103064
-1.59938  0.000965044
-1.58932  0.000960694
-1.57921  0.000994765
-1.56905  0.000991465
-1.55892  0.00100451
-1.54881  0.00100483
-1.53873  0.00101762
-1.52865  0.00102247
-1.51854  0.00104805
-1.50839  0.00105681
-1.49823  0.00107163
-1.4881  0.00106821
-1.47799  0.00108067
-1.46781  0.00110084
-1.45768  0.00109584
-1.4476  0.00111734
-1.43745  0.00113036
-1.42733  0.00113966
-1.4172  0.00114918
-1.40711  0.0011449
-1.39704  0.00116242
-1.38695  0.00117407
-1.37687  0.00118974
-1.36677  0.00120487
-1.35662  0.00122307
-1.34652  0.00121686
-1.33646  0.00122512
-1.32636  0.00124299
-1.31624  0.00126017
-1.30616  0.00126373
-1.29611  0.00128017
-1.28599  0.00130403
-1.27588  0.00130058
-1.26582  0.00131023
-1.25569  0.00132853
-1.24557  0.00133882
-1.23548  0.00135804
-1.22538  0.00137017
-1.21528  0.00138463
-1.20518  0.0013887
-1.19512  0.00139203
-1.18495  0.00143652
-1.17433  0.00154808
-1.16376  0.00146256
-1.1536  0.00147209
-1.1435  0.00146764
-1.13344  0.00147789
-1.12332  0.00150191
-1.11316  0.00152093
-1.10305  0.00152292
-1.09299  0.00153464
-1.0829  0.00156729
-1.07279  0.00156341
-1.06271  0.00156917
-1.05261  0.00158652
-1.04254  0.00160401
-1.03244  0.00164258
-1.02233  0.00163427
-1.01226  0.00166706
-1.00217  0.00166642
-0.992069  0.00167531
-0.98197  0.00168721
-0.971901  0.0017123
-0.961828  0.00174053
-0.951757  0.00174462
-0.941717  0.00176651
-0.931604  0.00179148
-0.921415  0.00180121
-0.911284  0.00179411
-0.901198  0.00183762
-0.891146  0.00183717
-0.881077  0.00188767
-0.870946  0.0018939
-0.860864  0.0018849
-0.850809  0.00189901
-0.840678  0.00193348
-0.830583  0.00194515
-0.820538  0.00197875
-0.810461  0.0020091
-0.80034  0.00202511
-0.790193  0.00203634
-0.779622  0.0022167
-0.769095  0.00206372
-0.759015  0.00210447
-0.748949  0.00211525
-0.738426  0.0023274
-0.727864  0.0021513
-0.717727  0.00216699
-0.707631  0.00219202
-0.697554  0.00223982
-0.687467  0.00224958
-0.677429  0.00225367
-0.667348  0.0022775
-0.657232  0.00229615
-0.647158  0.00232566
-0.637082  0.00238788
-0.626986  0.00239435
-0.616931  0.00240541
-0.606824  0.00242532
-0.596718  0.00243153
-0.586628  0.0024951
-0.576542  0.00253971
-0.566007  0.00279577
-0.555483  0.0025646
-0.545434  0.00257145
-0.535311  0.00260518
-0.525186  0.00263005
-0.515169  0.00271893
-0.505094  0.00276553
-0.495018  0.00277943
-0.484964  0.00278824
-0.474904  0.00278301
-0.464809  0.00280499
-0.45423  0.00314769
-0.443741  0.00297349
-0.433702  0.00301643
-0.423652  0.00303355
-0.413576  0.00306132
-0.403518  0.00302297
-0.393405  0.00311342
-0.383348  0.00321609
-0.373323  0.0032539
-0.363271  0.00331366
-0.353202  0.00329936
-0.343146  0.00328515
-0.333056  0.00338241
-0.322992  0.00354615
-0.312935  0.00359304
-0.302916  0.00360837
-0.292856  0.00363476
-0.282788  0.00361346
-0.272628  0.00375355
-0.26259  0.0039508
-0.252047  0.00439994
-0.241542  0.00402929
-0.231457  0.00406637
-0.221349  0.0040186
-0.210723  0.00468399
-0.200271  0.00452583
-0.190213  0.00462083
-0.180153  0.00458449
-0.170131  0.0045854
-0.160083  0.00455971
-0.149943  0.00508485
-0.139975  0.0053871
-0.129899  0.00550387
-0.119826  0.00543953
-0.109783  0.00544966
-0.0996929  0.00541582
-0.0895661  0.00653195
-0.0796575  0.00696277
-0.069611  0.00707468
-0.0595224  0.00706722
-0.049461  0.00705775
-0.0393986  0.00711306
-0.0288881  0.0109658
-0.0192838  0.0130584
-0.00915442  0.0143303
-0.00205323  0.00766915
0.00205323  0.00766915
0.00915442  0.0143303
0.0192838  0.0130584
0.0288881  0.0109658
0.0393986  0.00711306
0.049461  0.00705775
0.0595224  0.00706722
0.069611  0.00707468
0.0796575  0.00696277
0.0895661  0.00653195
0.0996929  0.00541582
0.109783  0.00544966
0.119826  0.00543953
0.129899  0.00550387
0.139975  0.0053871
0.149943  0.00508485
0.160083  0.00455971
0.170131  0.0045854
0.180153  0.00458449
0.190213  0.00462083
0.200271  0.00452583
0.210723  0.00468399
0.221349  0.0040186
0.231457  0.00406637
0.241542  0.00402929
0.252047  0.00439994
0.26259  0.0039508
0.272628  0.00375355
0.282788  0.00361346
0.292856  0.00363476
0.302916  0.00360837
0.312935  0.00359304
0.322992  0.00354615
0.333056  0.00338241
0.343146  0.00328515
0.353202  0.00329936
0.363271  0.00331366
0.373323  0.0032539
0.383348  0.00321609
0.393405  0.00311342
0.403518  0.00302297
0.413576  0.00306132
0.423652  0.00303355
0.433702  0.00301643
0.443741  0.00297349
0.45423  0.00314769
0.464809  0.00280499
0.474904  0.00278301
0.484964  0.00278824
0.495018  0.00277943
0.505094  0.00276553
0.515169  0.00271893
0.525186  0.00263005
0.535311  0.00260518
0.545434  0.00257145
0.555483  0.0025646
0.566007  0.00279577
0.576542  0.00253971
0.586628  0.0024951
0.596718  0.00243153
0.606824  0.00242532
0.616931  0.00240541
0.626986  0.00239435
0.637082  0.00238788
0.647158  0.00232566
0.657232  0.00229615
0.667348  0.0022775
0.677429  0.00225367
0.687467  0.00224958
0.697554  0.00223982
0.707631  0.00219202
0.717727  0.00216699
0.727864  0.0021513
0.738426  0.0023274
0.748949  0.00211525
0.759015  0.00210447
0.769095  0.00206372
0.779622  0.0022167
0.790193  0.00203634
0.80034  0.00202511
0.810461  0.0020091
0.820538  0.00197875
0.830583  0.00194515
0.840678  0.00193348
0.850809  0.00189901
0.860864  0.0018849
0.870946  0.0018939
0.881077  0.00188767
0.891146  0.00183717
0.901198  0.00183762
0.911284  0.00179411
0.921415  0.00180121
0.931604  0.00179148
0.941717  0.00176651
0.951757  0.00174462
0.961828  0.00174053
0.971901  0.0017123
0.98197  0.00168721
0.992069  0.00167531
1.00217  0.00166642
1.01226  0.00166706
1.02233  0.00163427
1.03244  0.00164258
1.04254  0.00160401
1.05261  0.00158652
1.06271  0.00156917
1.07279  0.00156341
1.0829  0.00156729
1.09299  0.00153464
1.10305  0.00152292
1.11316  0.00152093
1.12332  0.00150191
1.13344  0.00147789
1.1435  0.00146764
1.1536  0.00147209
1.16376  0.00146256
1.17433  0.00154808
1.18495  0.00143652
1.19512  0.00139203
1.20518  0.0013887
1.21528  0.00138463
1.22538  0.00137017
1.23548  0.00135804
1.24557  0.00133882
1.25569  0.00132853
1.26582  0.00131023
1.27588  0.00130058
1.28599  0.00130403
1.29611  0.00128017
1.30616  0.00126373
1.31624  0.00126017
1.32636  0.00124299
1.33646  0.00122512
1.34652  0.00121686
1.35662  0.00122307
1.36677  0.00120487
1.37687  0.00118974
1.38695  0.00117407
1.39704  0.00116242
1.40711  0.0011449
1.4172  0.00114918
1.42733  0.00113966
1.43745  0.00113036
1.4476  0.00111734
1.45768  0.00109584
1.46781  0.00110084
1.47799  0.00108067
1.4881  0.00106821
1.49823  0.00107163
1.50839  0.00105681
1.51854  0.00104805
1.52865  0.00102247
1.53873  0.00101762
1.54881  0.00100483
1.55892  0.00100451
1.56905  0.000991465
1.57921  0.000994765
1.58932  0.000960694
1.59938  0.000965044
1.60995  0.00103064
1.62054  0.00094821
1.63065  0.000928003
1.64079  0.000936483
1.65097  0.000914185
1.66102  0.000897071
1.6711  0.0008991
1.68126  0.000889201
1.69142  0.000879907
1.70157  0.000870097
1.71167  0.000861526
1.72179  0.000853677
1.73192  0.000844662
1.74203  0.000830117
1.75216  0.000826439
1.76224  0.000804473
1.77227  0.000801478
1.78238  0.000805568
1.79253  0.000790016
1.80264  0.000786974
1.81282  0.000782063
1.82296  0.000762962
1.8335  0.000821941
1.84408  0.000747606
1.85423  0.00074561
1.86478  0.000790607
1.87532  0.000728372
1.88548  0.000721174
1.89567  0.000715566
1.90577  0.000691796
1.91585  0.000693642
1.92596  0.000680911
1.93603  0.000673846
1.94617  0.000678553
1.95642  0.000674448
1.96665  0.000659063
1.97678  0.000647294
1.98689  0.000641107
1.99704  0.000634024
2.00722  0.000630379
2.01742  0.000623108
2.02758  0.000613497
2.03768  0.000604444
2.0478  0.00059935
2.05795  0.000592585
2.06813  0.000588768
2.0783  0.000579004
2.08844  0.000568896
2.0986  0.000568514
2.10877  0.000558208
2.11894  0.00055612
2.12917  0.000552215
2.13933  0.000535022
2.14951  0.00053775
2.15965  0.000517628
2.16977  0.000524975
2.17997  0.000512198
2.19011  0.000509649
2.20033  0.000504752
2.21054  0.000498992
2.22074  0.00048863
2.23085  0.000480643
2.24097  0.000473614
2.25114  0.000474851
2.26137  0.000467253
2.27159  0.000463846
2.28187  0.000461894
2.29207  0.000443208
2.30216  0.000441228
2.31231  0.000434398
2.32251  0.000435702
2.33272  0.000423349
2.34285  0.000418865
2.35302  0.000415367
2.36322  0.000412546
2.37348  0.000409466
2.38366  0.000394518
2.39372  0.000388703
2.40387  0.000391721
2.41415  0.000385967
2.42442  0.000381862
2.43458  0.000368007
2.4448  0.000377887
2.45515  0.000366171
2.46534  0.000355961
2.47551  0.000356247
2.48569  0.000346582
2.49582  0.00034224
2.50601  0.000340425
2.51617  0.00033072
2.52623  0.000325473
2.53635  0.00032694
2.54657  0.000323811
2.5568  0.000315609
2.56693  0.000310682
2.57702  0.000304812
2.58725  0.00030731
2.59749  0.000297727
2.6077  0.000298369
2.61794  0.000290013
2.62822  0.000292324
2.63852  0.000283194
2.64874  0.000279339
2.65896  0.000275952
2.66918  0.000271101
2.6795  0.000271236
2.68978  0.00026048
2.6999  0.000257368
2.71008  0.000255603
2.72031  0.000251699
2.73051  0.000248786
2.7408  0.000245973
2.75102  0.000239319
2.7612  0.000235057
2.77123  0.000227194
2.78139  0.00023275
2.79176  0.000228983
2.80194  0.000219762
2.81218  0.000221345
2.82253  0.000220258
2.8329  0.000215754
2.84319  0.000208818
2.85336  0.000206167
2.86358  0.00020193
2.87385  0.000202059
2.88423  0.000198636
2.89448  0.000194088
2.90471  0.00018912
2.91495  0.000189229
2.92525  0.00018543
2.93544  0.000179589
2.94564  0.000179991
2.95584  0.000172896
2.96608  0.000175354
2.97626  0.000167599
2.98649  0.000169064
2.99685  0.000165831
3.00713  0.000161801
3.01722  0.000157064
3.02765  0.000163604
3.03793  0.000149348
3.04825  0.000157882
3.0586  0.000146356
3.06895  0.000151359
3.07932  0.000143078
3.08969  0.000145822
3.10025  0.000142749
3.11069  0.000138686
3.12116  0.000136957
3.13153  0.000133301
3.14176  0.000127873
3.15186  0.000126678
3.1622  0.000128057
3.17266  0.000125011
3.18296  0.000121117
3.19319  0.000116866
3.20332  0.000116722
3.2136  0.000114642
3.22392  0.000113923
3.23428  0.000112867
3.2446  0.000108259
3.25482  0.000106375
3.26523  0.000107883
3.27582  0.000106906
3.28639  0.000103912
3.29669  9.78228e-05
3.30689  9.6291e-05
3.31716  9.73541e-05
3.32778  9.91893e-05
3.33833  9.11051e-05
3.3487  9.36869e-05
3.35912  8.90083e-05
3.36956  8.95685e-05
3.38009  8.76279e-05
3.39054  8.3958e-05
3.40064  7.97358e-05
3.41101  8.53765e-05
3.42166  7.99838e-05
3.43214  7.90222e-05
3.44265  7.96313e-05
3.45334  7.6926e-05
3.46388  7.47823e-05
3.47436  7.2775e-05
3.48473  7.12047e-05
3.49505  6.94316e-05
3.50554  6.86476e-05
3.51575  6.59987e-05
3.52645  7.05052e-05
3.53749  6.82634e-05
3.54812  6.08201e-05
3.55837  6.25997e-05
3.56848  5.74229e-05
3.57878  6.02349e-05
3.58921  5.96434e-05
3.59959  5.54451e-05
3.61016  5.83475e-05
3.62057  5.45048e-05
3.63159  5.90007e-05
3.64232  5.12646e-05
3.6527  5.23331e-05
3.66314  4.8914e-05
3.67351  5.23037e-05
3.68429  4.8266e-05
3.69484  4.80393e-05
3.70542  4.77141e-05
3.71599  4.52708e-05
3.72645  4.57297e-05
3.73737  4.62477e-05
3.74819  4.27561e-05
3.75905  4.49978e-05
3.76953  3.87442e-05
3.78015  4.30021e-05
3.79117  3.98595e-05
3.80174  3.88223e-05
3.81232  3.72514e-05
3.8226  3.53589e-05
3.83295  3.68723e-05
3.84339  3.39811e-05
3.85407  3.68883e-05
3.86484  3.35964e-05
3.8758  3.51347e-05
3.8864  3.06054e-05
3.89652  3.01244e-05
3.90677  3.23696e-05
3.91789  3.10189e-05
3.92869  3.01975e-05
3.93931  2.85236e-05
3.94958  2.66905e-05
3.95959  2.74147e-05
3.97032  2.69918e-05
3.9813  2.94332e-05
3.99241  2.48672e-05
4.00306  2.60657e-05
4.01376  2.56423e-05
4.02482  2.44835e-05
4.03548  2.33583e-05
4.04556  2.0772e-05
4.05577  2.37895e-05
4.06653  2.0466e-05
4.07672  2.17823e-05
4.08728  1.97416e-05
4.09729  1.90975e-05
4.10753  2.14397e-05
4.11878  1.96554e-05
4.13006  2.07482e-05
4.14073  1.85755e-05
4.15158  1.82293e-05
4.162  1.68547e-05
4.17181  1.66335e-05
4.18289  1.7446e-05
4.19327  1.5924e-05
4.20326  1.53934e-05
4.21362  1.46087e-05
4.22391  1.60657e-05
4.23505  1.60809e-05
4.2467  1.58337e-05
4.25777  1.48549e-05
4.26934  1.43254e-05
4.28014  1.41115e-05
4.29041  1.19179e-05
4.30087  1.33955e-05
4.31179  1.3065e-05
4.32293  1.28327e-05
4.33367  1.13329e-05
4.34447  1.15087e-05
4.3544  1.13963e-05
4.36512  1.04826e-05
4.37585  1.11271e-05
4.38689  1.06006e-05
4.39668  9.68198e-06
4.40756  9.84791e-06
4.4182  9.80323e-06
4.42896  1.00631e-05
4.43938  8.73033e-06
4.45108  9.58074e-06
4.46187  9.37729e-06
4.47244  7.65223e-06
4.48196  7.67281e-06
4.49302  8.97087e-06
4.50431  7.84597e-06
4.51453  7.03757e-06
4.52504  7.55417e-06
4.53521  6.81273e-06
4.54597  8.0148e-06
4.55725  6.446e-06
4.56763  6.21021e-06
4.57747  6.96885e-06
4.58952  7.02639e-06
4.60074  6.28352e-06
4.61129  5.27645e-06
4.62207  6.83058e-06
4.63306  6.09676e-06
4.6442  4.54446e-06
4.65358  5.15881e-06
4.66521  6.02844e-06
4.6771  6.13399e-06
4.68769  4.22224e-06
4.69807  4.6127e-06
4.70822  4.27141e-06
4.71912  5.30166e-06
4.73101  4.13899e-06
4.74151  5.41166e-06
4.75356  3.01678e-06
4.76415  5.39014e-06
4.77602  3.56132e-06
4.78643  4.04e-06
4.79791  4.20653e-06
4.80874  3.41149e-06
4.8209  3.67616e-06
4.83093  3.59255e-06
4.84228  3.10257e-06
4.85403  3.7351e-06
4.86648  3.92628e-06
4.87877  3.06902e-06
4.88991  2.62397e-06
4.90025  3.4506e-06
4.9131  2.84111e-06
4.9248  2.32563e-06
4.93506  3.21257e-06
4.94534  2.07034e-06
4.95831  3.18139e-06
4.9699  2.36656e-06
4.98149  2.18348e-06
4.99172  1.88067e-06
5.00287  2.66084e-06
5.01492  2.64644e-06
5.02633  1.42056e-06
5.03911  2.62075e-06
5.05136  2.24852e-06
5.06555  2.04258e-06
5.07722  1.84881e-06
5.08791  1.62675e-06
5.0971  1.62033e-06
5.10776  1.52919e-06
5.1205  1.3958e-06
5.12976  1.475e-06
5.13995  1.48905e-06
5.15209  1.46145e-06
5.16361  1.40765e-06
5.17479  1.35952e-06
5.18535  1.47983e-06
5.19727  1.13373e-06
5.2098  1.25138e-06
5.22124  1.39825e-06
5.23217  1.15019e-06
5.24477  1.35358e-06
5.2587  9.82408e-07
5.26985  1.10357e-06
5.28198  1.43697e-06
5.29547  8.24479e-07
5.3089  9.88182e-07
5.32118  1.18477e-06
5.33392  9.68552e-07
5.34835  1.0383e-06
5.36133  7.97262e-07
5.37615  8.93166e-07
5.38941  1.13629e-06
5.40275  8.30057e-07
5.42028  6.51285e-07
5.43229  9.22328e-07
5.44723  9.5232e-07
5.46373  5.77021e-07
5.47745  7.06235e-07
5.49452  7.97135e-07
5.50928  7.69286e-07
5.52542  7.79458e-07
5.54317  3.93384e-07
5.55821  6.98013e-07
5.57566  8.11944e-07
5.59186  3.95485e-07
5.61043  4.9842e-07
5.6287  6.16941e-07
5.64559  6.78805e-07
5.6653  3.88998e-07
5.68387  3.68339e-07
5.70229  5.88495e-07
5.7228  4.04392e-07
5.74189  4.50894e-07
5.76261  3.1362e-07
5.7843  3.93664e-07
5.80432  5.55054e-07
5.82689  2.08657e-07
5.84927  2.43497e-07
5.87078  4.18452e-07
5.89501  3.17773e-07
5.91799  1.90569e-07
5.94223  2.82266e-07
5.96834  2.84435e-07
5.9925  2.158e-07
6.019  2.75532e-07
6.04747  8.48647e-08
6.07329  2.22772e-07
6.10218  2.88836e-07
6.13012  3.11465e-08
6.16127  1.89676e-07
6.19318  1.72356e-07
6.22382  1.11516e-07
6.2573  1.33678e-07
6.29234  5.12198e-08
6.32721  1.49724e-07
6.36381  8.75112e-08
6.40025  5.66205e-08
6.44254  8.93444e-08
6.48346  4.13063e-08
6.52488  1.01361e-07
6.57292  1.99928e-08
6.61664  1.85106e-08
6.66729  9.07268e-08
6.7715  2.57323e-08
6.8334  4.06042e-08
6.95766  3.07102e-08
7.03272  7.26888e-09
7.18659  2.06162e-08
7.48399  7.38134e-09
7.90918  1.10116e-09
