-7.88927  1.03057e-09
-7.46583  6.93902e-09
-7.16929  1.94673e-08
-7.01649  6.83784e-09
-6.94086  2.91282e-08
-6.81743  3.83669e-08
-6.75504  2.45157e-08
-6.65149  8.61104e-08
-6.60106  1.76055e-08
-6.55767  1.89037e-08
-6.50921  9.66327e-08
-6.4689  3.90962e-08
-6.42734  8.48547e-08
-6.38467  5.42204e-08
-6.3493  8.31277e-08
-6.31205  1.42835e-07
-6.27781  4.8667e-08
-6.24277  1.27367e-07
-6.20869  1.06859e-07
-6.17893  1.63831e-07
-6.14682  1.81017e-07
-6.11502  2.99793e-08
-6.08789  2.75776e-07
-6.0591  2.1286e-07
-6.03341  8.0721e-08
-6.00478  2.63765e-07
-5.97867  2.06217e-07
-5.95422  2.71754e-07
-5.92842  2.69851e-07
-5.90428  1.82348e-07
-5.88085  3.04961e-07
-5.85725  3.99987e-07
-5.83554  2.33042e-07
-5.81301  2.00232e-07
-5.79078  5.31691e-07
-5.77069  3.77052e-07
-5.74921  3.00154e-07
-5.72828  4.3332e-07
-5.70941  3.87912e-07
-5.68889  5.64481e-07
-5.67046  3.5348e-07
-5.65207  3.73208e-07
-5.63398  4.02978e-07
-5.6292  2.49731e-07
-5.61554  5.91477e-07
-5.59721  4.78817e-07
-5.57854  3.80843e-07
-5.56254  7.80262e-07
-5.54504  6.71102e-07
-5.53031  3.76608e-07
-5.5123  7.5034e-07
-5.49622  7.40216e-07
-5.48157  7.65579e-07
-5.46445  6.80194e-07
-5.45102  5.53594e-07
-5.43421  9.17497e-07
-5.41938  8.88333e-07
-5.40775  6.23459e-07
-5.38979  8.0068e-07
-5.37781  7.65843e-07
-5.37138  5.02557e-07
-5.36118  8.18026e-07
-5.34542  8.9269e-07
-5.33432  7.39023e-07
-5.32108  9.35146e-07
-5.3086  1.13967e-06
-5.29658  9.49505e-07
-5.28278  7.95034e-07
-5.26968  1.31953e-06
-5.25786  1.12904e-06
-5.24644  9.41148e-07
-5.23305  1.19327e-06
-5.22027  1.22173e-06
-5.20885  1.34542e-06
-5.19843  1.12102e-06
-5.18533  1.17456e-06
-5.17381  1.21214e-06
-5.1637  1.50029e-06
-5.15162  1.3768e-06
-5.14138  1.16438e-06
-5.12873  1.61878e-06
-5.11847  1.3789e-06
-5.10975  1.35279e-06
-5.0966  1.35876e-06
-5.0868  1.53414e-06
-5.07656  1.80213e-06
-5.065  1.96376e-06
-5.05448  1.51495e-06
-5.04179  1.85285e-06
-5.03129  2.222e-06
-5.02125  1.53452e-06
-5.00896  1.79247e-06
-4.99799  2.67933e-06
-4.98549  2.4995e-06
-4.9744  1.97857e-06
-4.96131  2.60586e-06
-4.95088  2.3473e-06
-4.9409  1.81995e-06
-4.92908  2.84654e-06
-4.91875  2.89644e-06
-4.90755  2.46425e-06
-4.89424  3.18832e-06
-4.88165  3.6694e-06
-4.87017  2.31361e-06
-4.86021  2.65153e-06
-4.84886  4.34695e-06
-4.83639  2.89771e-06
-4.82417  3.47427e-06
-4.8142  3.61498e-06
-4.80388  2.4902e-06
-4.7944  3.35771e-06
-4.78388  4.03855e-06
-4.77192  3.96871e-06
-4.76092  3.64881e-06
-4.75154  3.87202e-06
-4.7424  2.94833e-06
-4.73103  4.86643e-06
-4.72083  3.90564e-06
-4.70931  5.09796e-06
-4.69847  3.94368e-06
-4.68823  4.8392e-06
-4.67716  4.39117e-06
-4.66689  5.25537e-06
-4.65663  4.96736e-06
-4.64556  5.4415e-06
-4.63478  5.07819e-06
-4.62329  5.9085e-06
-4.61328  5.29067e-06
-4.60258  6.42741e-06
-4.5911  5.68642e-06
-4.58148  5.32487e-06
-4.57091  6.70475e-06
-4.56004  6.8058e-06
-4.54865  6.92323e-06
-4.53808  6.10657e-06
-4.52785  7.58356e-06
-4.51658  7.5628e-06
-4.50602  6.46439e-06
-4.49676  7.04533e-06
-4.48601  8.13907e-06
-4.47481  8.38636e-06
-4.46377  8.30599e-06
-4.45364  7.60763e-06
-4.44352  9.41071e-06
-4.43234  8.27739e-06
-4.42191  9.04314e-06
-4.41153  9.71813e-06
-4.40101  9.14166e-06
-4.39069  8.81921e-06
-4.38047  1.09349e-05
-4.36899  1.11388e-05
-4.358  1.0263e-05
-4.34743  1.04612e-05
-4.33724  1.22069e-05
-4.32641  1.01706e-05
-4.31655  1.12171e-05
-4.30552  1.34518e-05
-4.29516  1.11177e-05
-4.28463  1.29388e-05
-4.2735  1.44806e-05
-4.26327  1.19394e-05
-4.25251  1.37504e-05
-4.24159  1.52895e-05
-4.23024  1.51627e-05
-4.21989  1.29524e-05
-4.20984  1.60356e-05
-4.19926  1.41572e-05
-4.18891  1.60781e-05
-4.17845  1.64751e-05
-4.1674  1.69155e-05
-4.15709  1.59306e-05
-4.14669  1.83031e-05
-4.13551  1.83695e-05
-4.12453  2.03665e-05
-4.1138  1.76779e-05
-4.10287  2.00532e-05
-4.09241  1.95666e-05
-4.08185  2.01937e-05
-4.07106  2.11863e-05
-4.06041  2.1593e-05
-4.05015  1.8924e-05
-4.04054  2.16607e-05
-4.02995  2.31648e-05
-4.01949  2.26314e-05
-4.0087  2.45305e-05
-3.99784  2.55161e-05
-3.98733  2.42098e-05
-3.97662  2.58011e-05
-3.96599  2.68637e-05
-3.95524  2.64283e-05
-3.94504  2.65311e-05
-3.93438  2.88015e-05
-3.92348  2.95821e-05
-3.91296  2.80843e-05
-3.90229  3.13556e-05
-3.89156  3.10313e-05
-3.88085  3.1811e-05
-3.87008  3.28183e-05
-3.85929  3.29761e-05
-3.84867  3.41263e-05
-3.83822  3.39424e-05
-3.8278  3.4181e-05
-3.81747  3.57778e-05
-3.80653  3.94855e-05
-3.7955  3.71323e-05
-3.78532  3.67242e-05
-3.77466  4.16077e-05
-3.76404  3.74232e-05
-3.75375  4.2575e-05
-3.7429  4.23748e-05
-3.73252  4.08316e-05
-3.72239  4.2075e-05
-3.71214  4.43443e-05
-3.70149  4.59224e-05
-3.69117  4.52446e-05
-3.68043  4.96389e-05
-3.66962  4.86095e-05
-3.65929  4.87337e-05
-3.64847  5.35456e-05
-3.63779  4.98585e-05
-3.62744  5.31139e-05
-3.61685  5.3102e-05
-3.60673  5.3463e-05
-3.59607  5.72289e-05
-3.58584  5.40444e-05
-3.57565  5.8384e-05
-3.56521  5.80268e-05
-3.55505  5.9188e-05
-3.54461  6.25454e-05
-3.53386  6.45273e-05
-3.5235  6.18207e-05
-3.5132  6.6061e-05
-3.50237  7.13824e-05
-3.49165  6.72673e-05
-3.48133  6.88271e-05
-3.47078  7.2506e-05
-3.4602  7.34421e-05
-3.44988  7.1719e-05
-3.43954  7.50259e-05
-3.4292  7.56845e-05
-3.41882  7.85061e-05
-3.40839  7.92146e-05
-3.39809  7.92864e-05
-3.38784  8.21212e-05
-3.37751  8.26702e-05
-3.36723  8.5381e-05
-3.35697  8.64695e-05
-3.34653  8.96871e-05
-3.33613  9.13359e-05
-3.32572  9.1785e-05
-3.31542  9.23801e-05
-3.30504  9.82068e-05
-3.29474  9.34374e-05
-3.28442  0.000101962
-3.27385  0.00010268
-3.26353  0.000101166
-3.25324  0.00010503
-3.24286  0.000107023
-3.23257  0.000107469
-3.22235  0.000109783
-3.21201  0.000113419
-3.20153  0.000116734
-3.19113  0.000116286
-3.18069  0.000120579
-3.1704  0.000118614
-3.16021  0.000122041
-3.14981  0.000126976
-3.13958  0.000124766
-3.12935  0.000130316
-3.1189  0.00013398
-3.10859  0.000132625
-3.09846  0.000132696
-3.0884  0.000135969
-3.07804  0.000144022
-3.06779  0.000140175
-3.05756  0.000146694
-3.04727  0.000147186
-3.03698  0.000151975
-3.02667  0.000153289
-3.01633  0.000157786
-3.00603  0.000158325
-2.99565  0.000164834
-2.98524  0.000164669
-2.97486  0.00016843
-2.96469  0.000164411
-2.95445  0.000177031
-2.94409  0.000172124
-2.93393  0.00017852
-2.92366  0.000180598
-2.91342  0.000183577
-2.90316  0.000186332
-2.8929  0.000190976
-2.88259  0.000192745
-2.87239  0.000194429
-2.86212  0.00020022
-2.8519  0.000199879
-2.84165  0.000207052
-2.83138  0.000207496
-2.8211  0.000216333
-2.81069  0.000217438
-2.80035  0.000220728
-2.79012  0.00021949
-2.78004  0.000220337
-2.7699  0.000228014
-2.75971  0.000232133
-2.74956  0.000232126
-2.73937  0.000240347
-2.72914  0.000242591
-2.71894  0.000247005
-2.70879  0.000245967
-2.69868  0.000254077
-2.68834  0.000263148
-2.67808  0.00025897
-2.66787  0.000266469
-2.65766  0.00026859
-2.6474  0.000276713
-2.63714  0.000279002
-2.62695  0.000278592
-2.61683  0.000284351
-2.60662  0.000291333
-2.59637  0.000294738
-2.5861  0.000301601
-2.57586  0.000300385
-2.56584  0.000297966
-2.55566  0.000318488
-2.54535  0.000316284
-2.53513  0.000321239
-2.52495  0.000324264
-2.51475  0.000329113
-2.50456  0.000332948
-2.4943  0.000343171
-2.484  0.000345395
-2.47373  0.000350341
-2.46354  0.000352159
-2.45338  0.000356063
-2.44324  0.000360952
-2.43303  0.000371981
-2.42278  0.000372312
-2.41265  0.000373203
-2.40247  0.000384437
-2.39226  0.000387862
-2.3821  0.000390481
-2.37193  0.000400833
-2.36169  0.000406412
-2.35152  0.00040611
-2.34137  0.000414811
-2.33111  0.000424643
-2.32088  0.000423517
-2.31065  0.000437167
-2.30043  0.00043113
-2.2903  0.000443867
-2.28015  0.000443428
-2.26997  0.000460092
-2.25977  0.00045653
-2.24962  0.000466492
-2.23943  0.000469796
-2.2293  0.000472937
-2.21914  0.000486391
-2.20901  0.000481389
-2.19895  0.000493548
-2.1888  0.000501156
-2.17862  0.000510109
-2.16837  0.000519535
-2.15812  0.000522792
-2.14795  0.000523065
-2.13776  0.000536099
-2.12756  0.000540274
-2.11738  0.000550409
-2.10724  0.000546141
-2.09706  0.000568207
-2.08683  0.000564774
-2.0767  0.000567432
-2.06658  0.000580242
-2.05641  0.000585978
-2.04627  0.000591502
-2.03616  0.000596222
-2.02596  0.000618695
-2.01582  0.000603376
-2.0058  0.000614632
-1.99563  0.00063387
-1.98548  0.000627517
-1.97538  0.000644867
-1.96527  0.000644568
-1.95474  0.00071284
-1.94416  0.000669027
-1.93394  0.000681454
-1.92375  0.000677509
-1.9136  0.000689032
-1.90347  0.00069128
-1.89335  0.000703746
-1.88327  0.000704801
-1.87325  0.000711438
-1.86316  0.000730583
-1.85297  0.000739165
-1.84278  0.000746609
-1.83267  0.00073997
-1.82261  0.000756352
-1.81251  0.000763807
-1.80237  0.000782486
-1.79224  0.00078011
-1.78211  0.000799838
-1.77196  0.000796858
-1.76185  0.000807325
-1.75175  0.000811091
-1.74164  0.000828547
-1.73152  0.000830974
-1.72142  0.000845196
-1.71133  0.000849565
-1.7013  0.000852192
-1.69123  0.000872006
-1.68107  0.000879571
-1.67083  0.000907453
-1.66065  0.000889842
-1.65053  0.000917361
-1.64036  0.000917988
-1.63026  0.000922277
-1.62016  0.000935569
-1.61005  0.000940622
-1.59998  0.000944057
-1.58991  0.000962429
-1.57982  0.000973127
-1.56973  0.000981153
-1.55964  0.000993709
-1.54954  0.000996758
-1.53943  0.00101351
-1.52931  0.00101917
-1.51922  0.00102944
-1.50907  0.00105571
-1.49891  0.0010565
-1.48879  0.00106495
-1.47869  0.00106709
-1.46863  0.0010733
-1.45852  0.00110034
-1.44836  0.0011111
-1.43823  0.00111799
-1.42814  0.00112515
-1.41806  0.0011384
-1.40794  0.0011468
-1.39783  0.00115358
-1.38772  0.001171
-1.37762  0.00118169
-1.3675  0.00119991
-1.3574  0.00120085
-1.34732  0.00121752
-1.33722  0.00122269
-1.32716  0.00122332
-1.31708  0.00125083
-1.30697  0.00126365
-1.29687  0.00127821
-1.28676  0.0012892
-1.27671  0.00128302
-1.26664  0.00131633
-1.2565  0.00131367
-1.24638  0.00133852
-1.23627  0.00134617
-1.2262  0.00135965
-1.21613  0.00137365
-1.20599  0.00139505
-1.19588  0.00138463
-1.18577  0.00141199
-1.17567  0.00141477
-1.16559  0.00143843
-1.15548  0.00146056
-1.14535  0.00147629
-1.13523  0.00147229
-1.12515  0.00148273
-1.11504  0.00149959
-1.10493  0.00151912
-1.09484  0.0015289
-1.08473  0.00156109
-1.07463  0.00156323
-1.06455  0.00157045
-1.05448  0.00157628
-1.04444  0.00157747
-1.03437  0.00162622
-1.02426  0.00163238
-1.01417  0.00166162
-1.0041  0.00166017
-0.994031  0.00167556
-0.983941  0.00168536
-0.973803  0.00170859
-0.963687  0.00172492
-0.953613  0.00174016
-0.943498  0.0017844
-0.933371  0.00177886
-0.923294  0.0017823
-0.913194  0.00180876
-0.903084  0.0017982
-0.893049  0.0018343
-0.882984  0.0018643
-0.872889  0.00189607
-0.862748  0.0019107
-0.852627  0.0019116
-0.842552  0.00191174
-0.832474  0.00192313
-0.822423  0.00196271
-0.8123  0.00201861
-0.802204  0.00200339
-0.792137  0.00203526
-0.782039  0.00204298
-0.771941  0.0020494
-0.761829  0.00206121
-0.75178  0.00209657
-0.74175  0.00213026
-0.731654  0.00217594
-0.721551  0.00217217
-0.71151  0.00217316
-0.701437  0.00218849
-0.691341  0.00223935
-0.68127  0.0022576
-0.671234  0.00228341
-0.661199  0.00230048
-0.651134  0.00232373
-0.641061  0.00230676
-0.631028  0.00236678
-0.620965  0.00241625
-0.610907  0.0024338
-0.600824  0.00247192
-0.590716  0.00247277
-0.580639  0.00245698
-0.570559  0.00254773
-0.56044  0.00259407
-0.550378  0.00259425
-0.540334  0.00263172
-0.530279  0.0026236
-0.520161  0.00266275
-0.51006  0.0027105
-0.499541  0.00302365
-0.489028  0.0028038
-0.478949  0.00283337
-0.468835  0.00283136
-0.458784  0.00281243
-0.448744  0.00294286
-0.43867  0.00299402
-0.428577  0.00305413
-0.41849  0.00303499
-0.408396  0.00306476
-0.398266  0.00307514
-0.38818  0.00318258
-0.378139  0.0032611
-0.368133  0.00326824
-0.358086  0.003322
-0.347985  0.00332736
-0.337865  0.00332426
-0.327792  0.00351953
-0.317759  0.00355799
-0.307765  0.00360749
-0.297715  0.00365226
-0.287587  0.00364837
-0.277467  0.00367135
-0.267449  0.00386914
-0.257427  0.00402776
-0.247381  0.00401296
-0.237336  0.00407484
-0.227223  0.00404506
-0.217101  0.00410436
-0.207093  0.00443501
-0.197074  0.00459205
-0.187013  0.00461223
-0.176973  0.00460977
-0.166918  0.00460098
-0.156755  0.00473317
-0.146782  0.00528738
-0.136786  0.00541315
-0.126763  0.00548147
-0.116705  0.00546804
-0.106656  0.00543285
-0.0963914  0.0058458
-0.0864929  0.0068378
-0.0764941  0.00700299
-0.0664824  0.00702187
-0.0564217  0.00710583
-0.0463463  0.00707877
-0.0359583  0.00777622
-0.026177  0.0124904
-0.0161824  0.0133624
-0.00595854  0.0156743
-0.000597743  0.0023558
0.000597743  0.0023558
0.00595854  0.0156743
0.0161824  0.0133624
0.026177  0.0124904
0.0359583  0.00777622
0.0463463  0.00707877
0.0564217  0.00710583
0.0664824  0.00702187
0.0764941  0.00700299
0.0864929  0.0068378
0.0963914  0.0058458
0.106656  0.00543285
0.116705  0.00546804
0.126763  0.00548147
0.136786  0.00541315
0.146782  0.00528738
0.156755  0.00473317
0.166918  0.00460098
0.176973  0.00460977
0.187013  0.00461223
0.197074  0.00459205
0.207093  0.00443501
0.217101  0.00410436
0.227223  0.00404506
0.237336  0.00407484
0.247381  0.00401296
0.257427  0.00402776
0.267449  0.00386914
0.277467  0.00367135
0.287587  0.00364837
0.297715  0.00365226
0.307765  0.00360749
0.317759  0.00355799
0.327792  0.00351953
0.337865  0.00332426
0.347985  0.00332736
0.358086  0.003322
0.368133  0.00326824
0.378139  0.0032611
0.38818  0.00318258
0.398266  0.00307514
0.408396  0.00306476
0.41849  0.00303499
0.428577  0.00305413
0.43867  0.00299402
0.448744  0.00294286
0.458784  0.00281243
0.468835  0.00283136
0.478949  0.00283337
0.489028  0.0028038
0.499541  0.00302365
0.51006  0.0027105
0.520161  0.00266275
0.530279  0.0026236
0.540334  0.00263172
0.550378  0.00259425
0.56044  0.00259407
0.570559  0.00254773
0.580639  0.00245698
0.590716  0.00247277
0.600824  0.00247192
0.610907  0.0024338
0.620965  0.00241625
0.631028  0.00236678
0.641061  0.00230676
0.651134  0.00232373
0.661199  0.00230048
0.671234  0.00228341
0.68127  0.0022576
0.691341  0.00223935
0.701437  0.00218849
0.71151  0.00217316
0.721551  0.00217217
0.731654  0.00217594
0.74175  0.00213026
0.75178  0.00209657
0.761829  0.00206121
0.771941  0.0020494
0.782039  0.00204298
0.792137  0.00203526
0.802204  0.00200339
0.8123  0.00201861
0.822423  0.00196271
0.832474  0.00192313
0.842552  0.00191174
0.852627  0.0019116
0.862748  0.0019107
0.872889  0.00189607
0.882984  0.0018643
0.893049  0.0018343
0.903084  0.0017982
0.913194  0.00180876
0.923294  0.0017823
0.933371  0.00177886
0.943498  0.0017844
0.953613  0.00174016
0.963687  0.00172492
0.973803  0.00170859
0.983941  0.00168536
0.994031  0.00167556
1.0041  0.00166017
1.01417  0.00166162
1.02426  0.00163238
1.03437  0.00162622
1.04444  0.00157747
1.05448  0.00157628
1.06455  0.00157045
1.07463  0.00156323
1.08473  0.00156109
1.09484  0.0015289
1.10493  0.00151912
1.11504  0.00149959
1.12515  0.00148273
1.13523  0.00147229
1.14535  0.00147629
1.15548  0.00146056
1.16559  0.00143843
1.17567  0.00141477
1.18577  0.00141199
1.19588  0.00138463
1.20599  0.00139505
1.21613  0.00137365
1.2262  0.00135965
1.23627  0.00134617
1.24638  0.00133852
1.2565  0.00131367
1.26664  0.00131633
1.27671  0.00128302
1.28676  0.0012892
1.29687  0.00127821
1.30697  0.00126365
1.31708  0.00125083
1.32716  0.00122332
1.33722  0.00122269
1.34732  0.00121752
1.3574  0.00120085
1.3675  0.00119991
1.37762  0.00118169
1.38772  0.001171
1.39783  0.00115358
1.40794  0.0011468
1.41806  0.0011384
1.42814  0.00112515
1.43823  0.00111799
1.44836  0.0011111
1.45852  0.00110034
1.46863  0.0010733
1.47869  0.00106709
1.48879  0.00106495
1.49891  0.0010565
1.50907  0.00105571
1.51922  0.00102944
1.52931  0.00101917
1.53943  0.00101351
1.54954  0.000996758
1.55964  0.000993709
1.56973  0.000981153
1.57982  0.000973127
1.58991  0.000962429
1.59998  0.000944057
1.61005  0.000940622
1.62016  0.000935569
1.63026  0.000922277
1.64036  0.000917988
1.65053  0.000917361
1.66065  0.000889842
1.67083  0.000907453
1.68107  0.000879571
1.69123  0.000872006
1.7013  0.000852192
1.71133  0.000849565
1.72142  0.000845196
1.73152  0.000830974
1.74164  0.000828547
1.75175  0.000811091
1.76185  0.000807325
1.77196  0.000796858
1.78211  0.000799838
1.79224  0.00078011
1.80237  0.000782486
1.81251  0.000763807
1.82261  0.000756352
1.83267  0.00073997
1.84278  0.000746609
1.85297  0.000739165
1.86316  0.000730583
1.87325  0.000711438
1.88327  0.000704801
1.89335  0.000703746
1.90347  0.00069128
1.9136  0.000689032
1.92375  0.000677509
1.93394  0.000681454
1.94416  0.000669027
1.95474  0.00071284
1.96527  0.000644568
1.97538  0.000644867
1.98548  0.000627517
1.99563  0.00063387
2.0058  0.000614632
2.01582  0.000603376
2.02596  0.000618695
2.03616  0.000596222
2.04627  0.000591502
2.05641  0.000585978
2.06658  0.000580242
2.0767  0.000567432
2.08683  0.000564774
2.09706  0.000568207
2.10724  0.000546141
2.11738  0.000550409
2.12756  0.000540274
2.13776  0.000536099
2.14795  0.000523065
2.15812  0.000522792
2.16837  0.000519535
2.17862  0.000510109
2.1888  0.000501156
2.19895  0.000493548
2.20901  0.000481389
2.21914  0.000486391
2.2293  0.000472937
2.23943  0.000469796
2.24962  0.000466492
2.25977  0.00045653
2.26997  0.000460092
2.28015  0.000443428
2.2903  0.000443867
2.30043  0.00043113
2.31065  0.000437167
2.32088  0.000423517
2.33111  0.000424643
2.34137  0.000414811
2.35152  0.00040611
2.36169  0.000406412
2.37193  0.000400833
2.3821  0.000390481
2.39226  0.000387862
2.40247  0.000384437
2.41265  0.000373203
2.42278  0.000372312
2.43303  0.000371981
2.44324  0.000360952
2.45338  0.000356063
2.46354  0.000352159
2.47373  0.000350341
2.484  0.000345395
2.4943  0.000343171
2.50456  0.000332948
2.51475  0.000329113
2.52495  0.000324264
2.53513  0.000321239
2.54535  0.000316284
2.55566  0.000318488
2.56584  0.000297966
2.57586  0.000300385
2.5861  0.000301601
2.59637  0.000294738
2.60662  0.000291333
2.61683  0.000284351
2.62695  0.000278592
2.63714  0.000279002
2.6474  0.000276713
2.65766  0.00026859
2.66787  0.000266469
2.67808  0.00025897
2.68834  0.000263148
2.69868  0.000254077
2.70879  0.000245967
2.71894  0.000247005
2.72914  0.000242591
2.73937  0.000240347
2.74956  0.000232126
2.75971  0.000232133
2.7699  0.000228014
2.78004  0.000220337
2.79012  0.00021949
2.80035  0.000220728
2.81069  0.000217438
2.8211  0.000216333
2.83138  0.000207496
2.84165  0.000207052
2.8519  0.000199879
2.86212  0.00020022
2.87239  0.000194429
2.88259  0.000192745
2.8929  0.000190976
2.90316  0.000186332
2.91342  0.000183577
2.92366  0.000180598
2.93393  0.00017852
2.94409  0.000172124
2.95445  0.000177031
2.96469  0.000164411
2.97486  0.00016843
2.98524  0.000164669
2.99565  0.000164834
3.00603  0.000158325
3.01633  0.000157786
3.02667  0.000153289
3.03698  0.000151975
3.04727  0.000147186
3.05756  0.000146694
3.06779  0.000140175
3.07804  0.000144022
3.0884  0.000135969
3.09846  0.000132696
3.10859  0.000132625
3.1189  0.00013398
3.12935  0.000130316
3.13958  0.000124766
3.14981  0.000126976
3.16021  0.000122041
3.1704  0.000118614
3.18069  0.000120579
3.19113  0.000116286
3.20153  0.000116734
3.21201  0.000113419
3.22235  0.000109783
3.23257  0.000107469
3.24286  0.000107023
3.25324  0.00010503
3.26353  0.000101166
3.27385  0.00010268
3.28442  0.000101962
3.29474  9.34374e-05
3.30504  9.82068e-05
3.31542  9.23801e-05
3.32572  9.1785e-05
3.33613  9.13359e-05
3.34653  8.96871e-05
3.35697  8.64695e-05
3.36723  8.5381e-05
3.37751  8.26702e-05
3.38784  8.21212e-05
3.39809  7.92864e-05
3.40839  7.92146e-05
3.41882  7.85061e-05
3.4292  7.56845e-05
3.43954  7.50259e-05
3.44988  7.1719e-05
3.4602  7.34421e-05
3.47078  7.2506e-05
3.48133  6.88271e-05
3.49165  6.72673e-05
3.50237  7.13824e-05
3.5132  6.6061e-05
3.5235  6.18207e-05
3.53386  6.45273e-05
3.54461  6.25454e-05
3.55505  5.9188e-05
3.56521  5.80268e-05
3.57565  5.8384e-05
3.58584  5.40444e-05
3.59607  5.72289e-05
3.60673  5.3463e-05
3.61685  5.3102e-05
3.62744  5.31139e-05
3.63779  4.98585e-05
3.64847  5.35456e-05
3.65929  4.87337e-05
3.66962  4.86095e-05
3.68043  4.96389e-05
3.69117  4.52446e-05
3.70149  4.59224e-05
3.71214  4.43443e-05
3.72239  4.2075e-05
3.73252  4.08316e-05
3.7429  4.23748e-05
3.75375  4.2575e-05
3.76404  3.74232e-05
3.77466  4.16077e-05
3.78532  3.67242e-05
3.7955  3.71323e-05
3.80653  3.94855e-05
3.81747  3.57778e-05
3.8278  3.4181e-05
3.83822  3.39424e-05
3.84867  3.41263e-05
3.85929  3.29761e-05
3.87008  3.28183e-05
3.88085  3.1811e-05
3.89156  3.10313e-05
3.90229  3.13556e-05
3.91296  2.80843e-05
3.92348  2.95821e-05
3.93438  2.88015e-05
3.94504  2.65311e-05
3.95524  2.64283e-05
3.96599  2.68637e-05
3.97662  2.58011e-05
3.98733  2.42098e-05
3.99784  2.55161e-05
4.0087  2.45305e-05
4.01949  2.26314e-05
4.02995  2.31648e-05
4.04054  2.16607e-05
4.05015  1.8924e-05
4.06041  2.1593e-05
4.07106  2.11863e-05
4.08185  2.01937e-05
4.09241  1.95666e-05
4.10287  2.00532e-05
4.1138  1.76779e-05
4.12453  2.03665e-05
4.13551  1.83695e-05
4.14669  1.83031e-05
4.15709  1.59306e-05
4.1674  1.69155e-05
4.17845  1.64751e-05
4.18891  1.60781e-05
4.19926  1.41572e-05
4.20984  1.60356e-05
4.21989  1.29524e-05
4.23024  1.51627e-05
4.24159  1.52895e-05
4.25251  1.37504e-05
4.26327  1.19394e-05
4.2735  1.44806e-05
4.28463  1.29388e-05
4.29516  1.11177e-05
4.30552  1.34518e-05
4.31655  1.12171e-05
4.32641  1.01706e-05
4.33724  1.22069e-05
4.34743  1.04612e-05
4.358  1.0263e-05
4.36899  1.11388e-05
4.38047  1.09349e-05
4.39069  8.81921e-06
4.40101  9.14166e-06
4.41153  9.71813e-06
4.42191  9.04314e-06
4.43234  8.27739e-06
4.44352  9.41071e-06
4.45364  7.60763e-06
4.46377  8.30599e-06
4.47481  8.38636e-06
4.48601  8.13907e-06
4.49676  7.04533e-06
4.50602  6.46439e-06
4.51658  7.5628e-06
4.52785  7.58356e-06
4.53808  6.10657e-06
4.54865  6.92323e-06
4.56004  6.8058e-06
4.57091  6.70475e-06
4.58148  5.32487e-06
4.5911  5.68642e-06
4.60258  6.42741e-06
4.61328  5.29067e-06
4.62329  5.9085e-06
4.63478  5.07819e-06
4.64556  5.4415e-06
4.65663  4.96736e-06
4.66689  5.25537e-06
4.67716  4.39117e-06
4.68823  4.8392e-06
4.69847  3.94368e-06
4.70931  5.09796e-06
4.72083  3.90564e-06
4.73103  4.86643e-06
4.7424  2.94833e-06
4.75154  3.87202e-06
4.76092  3.64881e-06
4.77192  3.96871e-06
4.78388  4.03855e-06
4.7944  3.35771e-06
4.80388  2.4902e-06
4.8142  3.61498e-06
4.82417  3.47427e-06
4.83639  2.89771e-06
4.84886  4.34695e-06
4.86021  2.65153e-06
4.87017  2.31361e-06
4.88165  3.6694e-06
4.89424  3.18832e-06
4.90755  2.46425e-06
4.91875  2.89644e-06
4.92908  2.84654e-06
4.9409  1.81995e-06
4.95088  2.3473e-06
4.96131  2.60586e-06
4.9744  1.97857e-06
4.98549  2.4995e-06
4.99799  2.67933e-06
5.00896  1.79247e-06
5.02125  1.53452e-06
5.03129  2.222e-06
5.04179  1.85285e-06
5.05448  1.51495e-06
5.065  1.96376e-06
5.07656  1.80213e-06
5.0868  1.53414e-06
5.0966  1.35876e-06
5.10975  1.35279e-06
5.11847  1.3789e-06
5.12873  1.61878e-06
5.14138  1.16438e-06
5.15162  1.3768e-06
5.1637  1.50029e-06
5.17381  1.21214e-06
5.18533  1.17456e-06
5.19843  1.12102e-06
5.20885  1.34542e-06
5.22027  1.22173e-06
5.23305  1.19327e-06
5.24644  9.41148e-07
5.25786  1.12904e-06
5.26968  1.31953e-06
5.28278  7.95034e-07
5.29658  9.49505e-07
5.3086  1.13967e-06
5.32108  9.35146e-07
5.33432  7.39023e-07
5.34542  8.9269e-07
5.36118  8.18026e-07
5.37138  5.02557e-07
5.37781  7.65843e-07
5.38979  8.0068e-07
5.40775  6.23459e-07
5.41938  8.88333e-07
5.43421  9.17497e-07
5.45102  5.53594e-07
5.46445  6.80194e-07
5.48157  7.65579e-07
5.49622  7.40216e-07
5.5123  7.5034e-07
5.53031  3.76608e-07
5.54504  6.71102e-07
5.56254  7.80262e-07
5.57854  3.80843e-07
5.59721  4.78817e-07
5.61554  5.91477e-07
5.6292  2.49731e-07
5.63398  4.02978e-07
5.65207  3.73208e-07
5.67046  3.5348e-07
5.68889  5.64481e-07
5.70941  3.87912e-07
5.72828  4.3332e-07
5.74921  3.00154e-07
5.77069  3.77052e-07
5.79078  5.31691e-07
5.81301  2.00232e-07
5.83554  2.33042e-07
5.85725  3.99987e-07
5.88085  3.04961e-07
5.90428  1.82348e-07
5.92842  2.69851e-07
5.95422  2.71754e-07
5.97867  2.06217e-07
6.00478  2.63765e-07
6.03341  8.0721e-08
6.0591  2.1286e-07
6.08789  2.75776e-07
6.11502  2.99793e-08
6.14682  1.81017e-07
6.17893  1.63831e-07
6.20869  1.06859e-07
6.24277  1.27367e-07
6.27781  4.8667e-08
6.31205  1.42835e-07
6.3493  8.31277e-08
6.38467  5.42204e-08
6.42734  8.48547e-08
6.4689  3.90962e-08
6.50921  9.66327e-08
6.55767  1.89037e-08
6.60106  1.76055e-08
6.65149  8.61104e-08
6.75504  2.45157e-08
6.81743  3.83669e-08
6.94086  2.91282e-08
7.01649  6.83784e-09
7.16929  1.94673e-08
7.46583  6.93902e-09
7.88927  1.03057e-09
