-7.92438  1.18911e-09
-7.49722  7.94101e-09
-7.19887  2.20962e-08
-7.0434  7.8213e-09
-6.96938  3.27912e-08
-6.84388  4.35262e-08
-6.78285  2.73729e-08
-6.67762  9.68907e-08
-6.6269  1.96978e-08
-6.58242  2.1435e-08
-6.5351  1.07841e-07
-6.49254  4.40609e-08
-6.45204  9.54302e-08
-6.41039  6.00144e-08
-6.37284  9.30487e-08
-6.33671  1.59323e-07
-6.30123  5.45295e-08
-6.26629  1.41959e-07
-6.23332  1.18219e-07
-6.20178  1.83292e-07
-6.17007  2.01561e-07
-6.13963  3.28951e-08
-6.11086  3.06011e-07
-6.08181  2.36547e-07
-6.05574  9.02645e-08
-6.02757  2.91542e-07
-6.00071  2.28612e-07
-5.97671  3.01398e-07
-5.95029  2.9968e-07
-5.92611  2.01143e-07
-5.90346  3.35461e-07
-5.8785  4.44095e-07
-5.85731  2.57232e-07
-5.83502  2.20646e-07
-5.812  5.86919e-07
-5.79218  4.16155e-07
-5.77011  3.33165e-07
-5.7496  4.74988e-07
-5.73051  4.26717e-07
-5.70965  6.23354e-07
-5.69141  3.88795e-07
-5.67284  4.1035e-07
-5.65289  7.16614e-07
-5.63604  6.52038e-07
-5.61775  5.26613e-07
-5.5991  4.16217e-07
-5.58289  8.55992e-07
-5.56526  7.37822e-07
-5.55042  4.14549e-07
-5.53252  8.20705e-07
-5.51631  8.10687e-07
-5.50168  8.39525e-07
-5.48432  7.45306e-07
-5.4709  6.04741e-07
-5.45411  1.00235e-06
-5.43907  9.73693e-07
-5.42757  6.81363e-07
-5.40948  8.73389e-07
-5.39626  1.19511e-06
-5.38311  9.37482e-07
-5.36805  8.38955e-07
-5.35527  1.08765e-06
-5.34064  1.01767e-06
-5.32795  1.22889e-06
-5.316  1.05065e-06
-5.30231  8.63265e-07
-5.28892  1.4361e-06
-5.27703  1.23067e-06
-5.26555  1.02602e-06
-5.2521  1.2989e-06
-5.23936  1.32749e-06
-5.22792  1.46134e-06
-5.21743  1.22035e-06
-5.20427  1.27481e-06
-5.19289  1.31416e-06
-5.18246  1.63283e-06
-5.1705  1.49427e-06
-5.16023  1.26588e-06
-5.14751  1.75148e-06
-5.13724  1.49587e-06
-5.12838  1.47058e-06
-5.11541  1.46895e-06
-5.10531  1.66735e-06
-5.09523  1.94795e-06
-5.08355  2.10902e-06
-5.07201  1.94958e-06
-5.05824  2.3433e-06
-5.04654  2.41039e-06
-5.03664  1.31246e-06
-5.02468  2.41916e-06
-5.01477  2.13258e-06
-5.00497  2.27164e-06
-4.99351  2.57404e-06
-4.98095  2.08848e-06
-4.97049  3.26127e-06
-4.95831  2.24552e-06
-4.94582  3.37905e-06
-4.93583  2.50471e-06
-4.92563  2.69324e-06
-4.91232  3.37269e-06
-4.89974  4.02144e-06
-4.88705  2.99815e-06
-4.87637  2.92097e-06
-4.86589  4.11982e-06
-4.85421  3.12187e-06
-4.84322  2.72353e-06
-4.83327  4.90817e-06
-4.8234  1.96213e-06
-4.81279  4.29159e-06
-4.80159  4.4011e-06
-4.79037  3.49824e-06
-4.78023  4.14674e-06
-4.77026  4.28652e-06
-4.76055  3.48939e-06
-4.7485  5.32896e-06
-4.73829  4.22531e-06
-4.72659  5.42673e-06
-4.7157  4.42748e-06
-4.70539  5.00367e-06
-4.69486  4.23815e-06
-4.68455  6.1736e-06
-4.67426  4.9271e-06
-4.66375  5.35218e-06
-4.65371  5.38933e-06
-4.64203  6.08531e-06
-4.63187  6.2384e-06
-4.62103  6.38037e-06
-4.6101  5.84063e-06
-4.60015  6.45339e-06
-4.58927  6.27977e-06
-4.57947  7.21396e-06
-4.56796  7.06117e-06
-4.55811  6.12833e-06
-4.54737  8.81678e-06
-4.53616  7.14568e-06
-4.52622  7.4324e-06
-4.51585  7.39633e-06
-4.50597  8.16897e-06
-4.49519  8.29128e-06
-4.48435  9.12998e-06
-4.47408  7.64344e-06
-4.46369  1.05799e-05
-4.45296  8.20896e-06
-4.44192  1.06845e-05
-4.4308  9.94208e-06
-4.42024  1.04362e-05
-4.40995  8.91835e-06
-4.39929  1.17784e-05
-4.38872  1.01528e-05
-4.37843  1.15521e-05
-4.36739  1.0979e-05
-4.35686  1.24342e-05
-4.34692  1.0602e-05
-4.33658  1.26616e-05
-4.3256  1.25042e-05
-4.3156  1.2539e-05
-4.30604  1.10195e-05
-4.29552  1.5624e-05
-4.28447  1.29702e-05
-4.27464  1.36291e-05
-4.2645  1.31927e-05
-4.25443  1.54397e-05
-4.24374  1.43467e-05
-4.23361  1.58437e-05
-4.22319  1.58898e-05
-4.21225  1.66575e-05
-4.20176  1.67718e-05
-4.19078  1.92963e-05
-4.17946  1.67273e-05
-4.16914  1.91014e-05
-4.15826  1.88062e-05
-4.14735  1.93421e-05
-4.13677  2.06638e-05
-4.12602  1.90106e-05
-4.11492  2.24241e-05
-4.10455  1.98212e-05
-4.09382  2.28506e-05
-4.08312  2.05328e-05
-4.07284  2.31566e-05
-4.06221  2.18506e-05
-4.05208  2.37313e-05
-4.04129  2.46537e-05
-4.03053  2.49809e-05
-4.01954  2.70233e-05
-4.00889  2.50491e-05
-3.99872  2.48441e-05
-3.98822  2.82738e-05
-3.97784  2.62982e-05
-3.96739  2.81448e-05
-3.95671  3.08655e-05
-3.94608  2.70644e-05
-3.93564  3.29497e-05
-3.92463  3.04175e-05
-3.91399  3.22574e-05
-3.90354  3.27847e-05
-3.89254  3.4558e-05
-3.8819  3.37647e-05
-3.87135  3.3451e-05
-3.86142  3.34926e-05
-3.85126  3.5602e-05
-3.84065  3.78576e-05
-3.8301  3.74043e-05
-3.81939  3.9994e-05
-3.8088  3.79656e-05
-3.79814  4.26412e-05
-3.78732  4.15547e-05
-3.77703  3.84526e-05
-3.76699  4.38722e-05
-3.75634  4.39485e-05
-3.74576  4.48291e-05
-3.73557  4.26348e-05
-3.7255  4.66291e-05
-3.71477  4.89884e-05
-3.70431  4.74995e-05
-3.69366  5.11333e-05
-3.6829  5.16784e-05
-3.6726  5.00847e-05
-3.66184  5.61136e-05
-3.65082  5.59038e-05
-3.64007  5.62246e-05
-3.6295  5.47362e-05
-3.6195  5.53161e-05
-3.60905  5.84758e-05
-3.59881  5.78978e-05
-3.58887  5.70723e-05
-3.57886  5.95296e-05
-3.56869  6.28055e-05
-3.55833  6.34658e-05
-3.54762  6.86666e-05
-3.53688  6.77846e-05
-3.52654  6.61636e-05
-3.51606  7.23059e-05
-3.50533  7.30028e-05
-3.49476  7.19213e-05
-3.4843  7.40415e-05
-3.47392  7.51146e-05
-3.46351  7.75875e-05
-3.45308  7.62165e-05
-3.4427  8.14308e-05
-3.43217  8.15054e-05
-3.42174  8.23193e-05
-3.41137  8.41923e-05
-3.40084  8.81305e-05
-3.39053  8.26873e-05
-3.38045  8.93949e-05
-3.36998  9.24582e-05
-3.35941  9.2862e-05
-3.34912  9.3429e-05
-3.33871  9.70302e-05
-3.32823  9.7734e-05
-3.31807  9.60798e-05
-3.30788  0.00010084
-3.29742  0.000104767
-3.28675  0.000109634
-3.27629  0.000104299
-3.26622  0.000105765
-3.25601  0.000110341
-3.24574  0.000111249
-3.23554  0.000113481
-3.22518  0.000118248
-3.21472  0.000119884
-3.2043  0.000121989
-3.19378  0.000124868
-3.18344  0.000123947
-3.17301  0.000130749
-3.16251  0.000129983
-3.15219  0.000132384
-3.14175  0.000137062
-3.13134  0.00013564
-3.12108  0.000139026
-3.11078  0.000140202
-3.10046  0.000144519
-3.09014  0.000144557
-3.07994  0.000147882
-3.06966  0.000149678
-3.05942  0.000152958
-3.04914  0.000155782
-3.03889  0.000157316
-3.02864  0.000162022
-3.01837  0.00016257
-3.00806  0.00016912
-2.9978  0.000166116
-2.98755  0.000172907
-2.97725  0.00017383
-2.96699  0.000179408
-2.95657  0.000182605
-2.94626  0.000183505
-2.93595  0.000188282
-2.9257  0.000187344
-2.91548  0.000192607
-2.90517  0.000196963
-2.89488  0.000197337
-2.88474  0.000199256
-2.87455  0.000203658
-2.86431  0.00020784
-2.85403  0.000212323
-2.84378  0.000213267
-2.83354  0.00021976
-2.82329  0.000220027
-2.81305  0.000225714
-2.8027  0.000230883
-2.7924  0.000231564
-2.78207  0.000237115
-2.77187  0.000235102
-2.76172  0.000242118
-2.75152  0.000243254
-2.7414  0.000246541
-2.73119  0.000255718
-2.72094  0.0002562
-2.71067  0.000263754
-2.70038  0.000264373
-2.69025  0.000264316
-2.68017  0.000267227
-2.66996  0.000280666
-2.65968  0.000278389
-2.64954  0.000284251
-2.6394  0.000283824
-2.62931  0.000289944
-2.61915  0.000297056
-2.60896  0.000297637
-2.59881  0.000305535
-2.58864  0.000305791
-2.57852  0.000310961
-2.56832  0.000319726
-2.55809  0.000324184
-2.54791  0.00032345
-2.53776  0.000334058
-2.52748  0.000337864
-2.51727  0.000339903
-2.50712  0.000341876
-2.49687  0.000355632
-2.48671  0.000346877
-2.47669  0.000356982
-2.46653  0.000364601
-2.45632  0.000370976
-2.44608  0.000377537
-2.43584  0.000379664
-2.42566  0.000383717
-2.41557  0.000381119
-2.40544  0.000397221
-2.39526  0.000396926
-2.38504  0.000411195
-2.37483  0.000407187
-2.36471  0.000414907
-2.35463  0.000414564
-2.34452  0.000426364
-2.33434  0.000430288
-2.32415  0.000441244
-2.31389  0.000445831
-2.30375  0.000442425
-2.2936  0.000458813
-2.2834  0.000459708
-2.27327  0.000463552
-2.26314  0.000470596
-2.25298  0.000475908
-2.24277  0.000485501
-2.2326  0.000485696
-2.22253  0.000490168
-2.21235  0.000508707
-2.20168  0.000551991
-2.19105  0.000518453
-2.1808  0.000526059
-2.17059  0.000527148
-2.16048  0.000526827
-2.15035  0.00054011
-2.14015  0.000548968
-2.13002  0.000549859
-2.11992  0.000557427
-2.10981  0.000563144
-2.09962  0.000579197
-2.08944  0.000574997
-2.07936  0.000580078
-2.06931  0.000584483
-2.05916  0.000606672
-2.049  0.000600839
-2.03891  0.000612836
-2.02881  0.00061813
-2.01869  0.000627706
-2.00851  0.000635636
-1.99838  0.000635446
-1.98826  0.000650461
-1.97808  0.00065861
-1.96794  0.000662717
-1.95772  0.000682139
-1.9475  0.000680893
-1.93743  0.000674936
-1.92739  0.000689303
-1.91724  0.000704003
-1.90709  0.000703596
-1.89698  0.000718351
-1.88684  0.000724284
-1.87674  0.000730516
-1.86666  0.000734765
-1.85646  0.000762494
-1.84632  0.0007426
-1.83625  0.000761853
-1.82608  0.000777456
-1.8159  0.000782367
-1.80583  0.000779246
-1.79578  0.000798892
-1.78562  0.000808722
-1.77547  0.000813948
-1.76531  0.00082397
-1.75518  0.000826274
-1.74506  0.000838562
-1.73488  0.000858053
-1.72473  0.000852341
-1.71467  0.000865123
-1.70455  0.000878094
-1.69448  0.000868824
-1.68444  0.000886564
-1.67433  0.000904139
-1.66423  0.000902514
-1.65414  0.000925116
-1.644  0.000928816
-1.63387  0.000942864
-1.62381  0.000932096
-1.61373  0.000957769
-1.6036  0.000962831
-1.59349  0.000977296
-1.58334  0.000993781
-1.57319  0.000995829
-1.56309  0.00100308
-1.55297  0.00101558
-1.54281  0.00102743
-1.53262  0.00104239
-1.5225  0.00103587
-1.51245  0.00105368
-1.50235  0.00106813
-1.49224  0.00107235
-1.48212  0.00108659
-1.47195  0.00109856
-1.46179  0.00110972
-1.45169  0.00111164
-1.44165  0.00111791
-1.43156  0.00114752
-1.42142  0.00114981
-1.41131  0.00115444
-1.40118  0.00116945
-1.39109  0.0011713
-1.38104  0.00118806
-1.37093  0.00121354
-1.36074  0.00122864
-1.35059  0.00122454
-1.34051  0.00122881
-1.33038  0.0012519
-1.32025  0.00125433
-1.31016  0.00127556
-1.30005  0.0012901
-1.28995  0.0012892
-1.27986  0.00131339
-1.26974  0.00131156
-1.25962  0.00132959
-1.24946  0.00135062
-1.23936  0.00135175
-1.22929  0.00137155
-1.21921  0.00137817
-1.20907  0.00140586
-1.19891  0.00140201
-1.18879  0.0014129
-1.17871  0.00142176
-1.16859  0.00146154
-1.15797  0.00160058
-1.14742  0.00147084
-1.1373  0.00148949
-1.12716  0.00149404
-1.11703  0.00150827
-1.10695  0.00151815
-1.09691  0.00153291
-1.08686  0.00155621
-1.07679  0.00156982
-1.0667  0.00157386
-1.05614  0.00173089
-1.04558  0.00160253
-1.03549  0.00162976
-1.02539  0.00164453
-1.01531  0.00166161
-1.00523  0.00167021
-0.995163  0.00167071
-0.984641  0.00184214
-0.974059  0.0017348
-0.963933  0.00173633
-0.953813  0.00176391
-0.943689  0.00176931
-0.933579  0.00177406
-0.923451  0.00179203
-0.913381  0.00180348
-0.90334  0.00183269
-0.893271  0.00184864
-0.883175  0.00187009
-0.873069  0.00187129
-0.862941  0.00189186
-0.852872  0.00190669
-0.842837  0.00193472
-0.832756  0.00196343
-0.822641  0.00197544
-0.812557  0.00197363
-0.802447  0.00198831
-0.792388  0.00199425
-0.782348  0.0020642
-0.772253  0.00207142
-0.762179  0.00210066
-0.752096  0.00210224
-0.742033  0.00210782
-0.731939  0.00211312
-0.721867  0.00215358
-0.711786  0.00220225
-0.701677  0.00224023
-0.691143  0.00244079
-0.680601  0.00227144
-0.670498  0.00225009
-0.660432  0.00227062
-0.650367  0.00229807
-0.640348  0.00236136
-0.630284  0.00240094
-0.620185  0.00242381
-0.610104  0.00241091
-0.600063  0.00242488
-0.590005  0.00241096
-0.579947  0.00249731
-0.569869  0.00256383
-0.559791  0.00257935
-0.54973  0.00260632
-0.539205  0.00285026
-0.528666  0.00261062
-0.518527  0.00264468
-0.50798  0.00294851
-0.497469  0.00278832
-0.487409  0.00280718
-0.477345  0.00283129
-0.467265  0.0028291
-0.457211  0.00282746
-0.446607  0.0031867
-0.436076  0.00300232
-0.426009  0.00301834
-0.415953  0.00305279
-0.40589  0.00304241
-0.395799  0.00305191
-0.385719  0.00315418
-0.375687  0.00324022
-0.365668  0.00329103
-0.355592  0.00331829
-0.345472  0.00333881
-0.335358  0.00329408
-0.325318  0.00344487
-0.315309  0.00357804
-0.305266  0.00361035
-0.29519  0.00365827
-0.285076  0.00363832
-0.274989  0.00361693
-0.264441  0.00422047
-0.253974  0.00400265
-0.243894  0.00405739
-0.233848  0.00404066
-0.223817  0.00401305
-0.213738  0.00406409
-0.203651  0.00443877
-0.193634  0.00456517
-0.183629  0.00460113
-0.173568  0.00464988
-0.163488  0.00457733
-0.153402  0.00463154
-0.142874  0.00577118
-0.132405  0.00549858
-0.122349  0.0055123
-0.112302  0.00549146
-0.102253  0.00547276
-0.0919976  0.00573724
-0.0820512  0.0069008
-0.0720488  0.00718115
-0.0619885  0.00716259
-0.0519633  0.00714607
-0.0419112  0.00723126
-0.0313009  0.00858472
-0.0217863  0.0129054
-0.0117245  0.0137576
-0.00322913  0.0115491
0.00322913  0.0115491
0.0117245  0.0137576
0.0217863  0.0129054
0.0313009  0.00858472
0.0419112  0.00723126
0.0519633  0.00714607
0.0619885  0.00716259
0.0720488  0.00718115
0.0820512  0.0069008
0.0919976  0.00573724
0.102253  0.00547276
0.112302  0.00549146
0.122349  0.0055123
0.132405  0.00549858
0.142874  0.00577118
0.153402  0.00463154
0.163488  0.00457733
0.173568  0.00464988
0.183629  0.00460113
0.193634  0.00456517
0.203651  0.00443877
0.213738  0.00406409
0.223817  0.00401305
0.233848  0.00404066
0.243894  0.00405739
0.253974  0.00400265
0.264441  0.00422047
0.274989  0.00361693
0.285076  0.00363832
0.29519  0.00365827
0.305266  0.00361035
0.315309  0.00357804
0.325318  0.00344487
0.335358  0.00329408
0.345472  0.00333881
0.355592  0.00331829
0.365668  0.00329103
0.375687  0.00324022
0.385719  0.00315418
0.395799  0.00305191
0.40589  0.00304241
0.415953  0.00305279
0.426009  0.00301834
0.436076  0.00300232
0.446607  0.0031867
0.457211  0.00282746
0.467265  0.0028291
0.477345  0.00283129
0.487409  0.00280718
0.497469  0.00278832
0.50798  0.00294851
0.518527  0.00264468
0.528666  0.00261062
0.539205  0.00285026
0.54973  0.00260632
0.559791  0.00257935
0.569869  0.00256383
0.579947  0.00249731
0.590005  0.00241096
0.600063  0.00242488
0.610104  0.00241091
0.620185  0.00242381
0.630284  0.00240094
0.640348  0.00236136
0.650367  0.00229807
0.660432  0.00227062
0.670498  0.00225009
0.680601  0.00227144
0.691143  0.00244079
0.701677  0.00224023
0.711786  0.00220225
0.721867  0.00215358
0.731939  0.00211312
0.742033  0.00210782
0.752096  0.00210224
0.762179  0.00210066
0.772253  0.00207142
0.782348  0.0020642
0.792388  0.00199425
0.802447  0.00198831
0.812557  0.00197363
0.822641  0.00197544
0.832756  0.00196343
0.842837  0.00193472
0.852872  0.00190669
0.862941  0.00189186
0.873069  0.00187129
0.883175  0.00187009
0.893271  0.00184864
0.90334  0.00183269
0.913381  0.00180348
0.923451  0.00179203
0.933579  0.00177406
0.943689  0.00176931
0.953813  0.00176391
0.963933  0.00173633
0.974059  0.0017348
0.984641  0.00184214
0.995163  0.00167071
1.00523  0.00167021
1.01531  0.00166161
1.02539  0.00164453
1.03549  0.00162976
1.04558  0.00160253
1.05614  0.00173089
1.0667  0.00157386
1.07679  0.00156982
1.08686  0.00155621
1.09691  0.00153291
1.10695  0.00151815
1.11703  0.00150827
1.12716  0.00149404
1.1373  0.00148949
1.14742  0.00147084
1.15797  0.00160058
1.16859  0.00146154
1.17871  0.00142176
1.18879  0.0014129
1.19891  0.00140201
1.20907  0.00140586
1.21921  0.00137817
1.22929  0.00137155
1.23936  0.00135175
1.24946  0.00135062
1.25962  0.00132959
1.26974  0.00131156
1.27986  0.00131339
1.28995  0.0012892
1.30005  0.0012901
1.31016  0.00127556
1.32025  0.00125433
1.33038  0.0012519
1.34051  0.00122881
1.35059  0.00122454
1.36074  0.00122864
1.37093  0.00121354
1.38104  0.00118806
1.39109  0.0011713
1.40118  0.00116945
1.41131  0.00115444
1.42142  0.00114981
1.43156  0.00114752
1.44165  0.00111791
1.45169  0.00111164
1.46179  0.00110972
1.47195  0.00109856
1.48212  0.00108659
1.49224  0.00107235
1.50235  0.00106813
1.51245  0.00105368
1.5225  0.00103587
1.53262  0.00104239
1.54281  0.00102743
1.55297  0.00101558
1.56309  0.00100308
1.57319  0.000995829
1.58334  0.000993781
1.59349  0.000977296
1.6036  0.000962831
1.61373  0.000957769
1.62381  0.000932096
1.63387  0.000942864
1.644  0.000928816
1.65414  0.000925116
1.66423  0.000902514
1.67433  0.000904139
1.68444  0.000886564
1.69448  0.000868824
1.70455  0.000878094
1.71467  0.000865123
1.72473  0.000852341
1.73488  0.000858053
1.74506  0.000838562
1.75518  0.000826274
1.76531  0.00082397
1.77547  0.000813948
1.78562  0.000808722
1.79578  0.000798892
1.80583  0.000779246
1.8159  0.000782367
1.82608  0.000777456
1.83625  0.000761853
1.84632  0.0007426
1.85646  0.000762494
1.86666  0.000734765
1.87674  0.000730516
1.88684  0.000724284
1.89698  0.000718351
1.90709  0.000703596
1.91724  0.000704003
1.92739  0.000689303
1.93743  0.000674936
1.9475  0.000680893
1.95772  0.000682139
1.96794  0.000662717
1.97808  0.00065861
1.98826  0.000650461
1.99838  0.000635446
2.00851  0.000635636
2.01869  0.000627706
2.02881  0.00061813
2.03891  0.000612836
2.049  0.000600839
2.05916  0.000606672
2.06931  0.000584483
2.07936  0.000580078
2.08944  0.000574997
2.09962  0.000579197
2.10981  0.000563144
2.11992  0.000557427
2.13002  0.000549859
2.14015  0.000548968
2.15035  0.00054011
2.16048  0.000526827
2.17059  0.000527148
2.1808  0.000526059
2.19105  0.000518453
2.20168  0.000551991
2.21235  0.000508707
2.22253  0.000490168
2.2326  0.000485696
2.24277  0.000485501
2.25298  0.000475908
2.26314  0.000470596
2.27327  0.000463552
2.2834  0.000459708
2.2936  0.000458813
2.30375  0.000442425
2.31389  0.000445831
2.32415  0.000441244
2.33434  0.000430288
2.34452  0.000426364
2.35463  0.000414564
2.36471  0.000414907
2.37483  0.000407187
2.38504  0.000411195
2.39526  0.000396926
2.40544  0.000397221
2.41557  0.000381119
2.42566  0.000383717
2.43584  0.000379664
2.44608  0.000377537
2.45632  0.000370976
2.46653  0.000364601
2.47669  0.000356982
2.48671  0.000346877
2.49687  0.000355632
2.50712  0.000341876
2.51727  0.000339903
2.52748  0.000337864
2.53776  0.000334058
2.54791  0.00032345
2.55809  0.000324184
2.56832  0.000319726
2.57852  0.000310961
2.58864  0.000305791
2.59881  0.000305535
2.60896  0.000297637
2.61915  0.000297056
2.62931  0.000289944
2.6394  0.000283824
2.64954  0.000284251
2.65968  0.000278389
2.66996  0.000280666
2.68017  0.000267227
2.69025  0.000264316
2.70038  0.000264373
2.71067  0.000263754
2.72094  0.0002562
2.73119  0.000255718
2.7414  0.000246541
2.75152  0.000243254
2.76172  0.000242118
2.77187  0.000235102
2.78207  0.000237115
2.7924  0.000231564
2.8027  0.000230883
2.81305  0.000225714
2.82329  0.000220027
2.83354  0.00021976
2.84378  0.000213267
2.85403  0.000212323
2.86431  0.00020784
2.87455  0.000203658
2.88474  0.000199256
2.89488  0.000197337
2.90517  0.000196963
2.91548  0.000192607
2.9257  0.000187344
2.93595  0.000188282
2.94626  0.000183505
2.95657  0.000182605
2.96699  0.000179408
2.97725  0.00017383
2.98755  0.000172907
2.9978  0.000166116
3.00806  0.00016912
3.01837  0.00016257
3.02864  0.000162022
3.03889  0.000157316
3.04914  0.000155782
3.05942  0.000152958
3.06966  0.000149678
3.07994  0.000147882
3.09014  0.000144557
3.10046  0.000144519
3.11078  0.000140202
3.12108  0.000139026
3.13134  0.00013564
3.14175  0.000137062
3.15219  0.000132384
3.16251  0.000129983
3.17301  0.000130749
3.18344  0.000123947
3.19378  0.000124868
3.2043  0.000121989
3.21472  0.000119884
3.22518  0.000118248
3.23554  0.000113481
3.24574  0.000111249
3.25601  0.000110341
3.26622  0.000105765
3.27629  0.000104299
3.28675  0.000109634
3.29742  0.000104767
3.30788  0.00010084
3.31807  9.60798e-05
3.32823  9.7734e-05
3.33871  9.70302e-05
3.34912  9.3429e-05
3.35941  9.2862e-05
3.36998  9.24582e-05
3.38045  8.93949e-05
3.39053  8.26873e-05
3.40084  8.81305e-05
3.41137  8.41923e-05
3.42174  8.23193e-05
3.43217  8.15054e-05
3.4427  8.14308e-05
3.45308  7.62165e-05
3.46351  7.75875e-05
3.47392  7.51146e-05
3.4843  7.40415e-05
3.49476  7.19213e-05
3.50533  7.30028e-05
3.51606  7.23059e-05
3.52654  6.61636e-05
3.53688  6.77846e-05
3.54762  6.86666e-05
3.55833  6.34658e-05
3.56869  6.28055e-05
3.57886  5.95296e-05
3.58887  5.70723e-05
3.59881  5.78978e-05
3.60905  5.84758e-05
3.6195  5.53161e-05
3.6295  5.47362e-05
3.64007  5.62246e-05
3.65082  5.59038e-05
3.66184  5.61136e-05
3.6726  5.00847e-05
3.6829  5.16784e-05
3.69366  5.11333e-05
3.70431  4.74995e-05
3.71477  4.89884e-05
3.7255  4.66291e-05
3.73557  4.26348e-05
3.74576  4.48291e-05
3.75634  4.39485e-05
3.76699  4.38722e-05
3.77703  3.84526e-05
3.78732  4.15547e-05
3.79814  4.26412e-05
3.8088  3.79656e-05
3.81939  3.9994e-05
3.8301  3.74043e-05
3.84065  3.78576e-05
3.85126  3.5602e-05
3.86142  3.34926e-05
3.87135  3.3451e-05
3.8819  3.37647e-05
3.89254  3.4558e-05
3.90354  3.27847e-05
3.91399  3.22574e-05
3.92463  3.04175e-05
3.93564  3.29497e-05
3.94608  2.70644e-05
3.95671  3.08655e-05
3.96739  2.81448e-05
3.97784  2.62982e-05
3.98822  2.82738e-05
3.99872  2.48441e-05
4.00889  2.50491e-05
4.01954  2.70233e-05
4.03053  2.49809e-05
4.04129  2.46537e-05
4.05208  2.37313e-05
4.06221  2.18506e-05
4.07284  2.31566e-05
4.08312  2.05328e-05
4.09382  2.28506e-05
4.10455  1.98212e-05
4.11492  2.24241e-05
4.12602  1.90106e-05
4.13677  2.06638e-05
4.14735  1.93421e-05
4.15826  1.88062e-05
4.16914  1.91014e-05
4.17946  1.67273e-05
4.19078  1.92963e-05
4.20176  1.67718e-05
4.21225  1.66575e-05
4.22319  1.58898e-05
4.23361  1.58437e-05
4.24374  1.43467e-05
4.25443  1.54397e-05
4.2645  1.31927e-05
4.27464  1.36291e-05
4.28447  1.29702e-05
4.29552  1.5624e-05
4.30604  1.10195e-05
4.3156  1.2539e-05
4.3256  1.25042e-05
4.33658  1.26616e-05
4.34692  1.0602e-05
4.35686  1.24342e-05
4.36739  1.0979e-05
4.37843  1.15521e-05
4.38872  1.01528e-05
4.39929  1.17784e-05
4.40995  8.91835e-06
4.42024  1.04362e-05
4.4308  9.94208e-06
4.44192  1.06845e-05
4.45296  8.20896e-06
4.46369  1.05799e-05
4.47408  7.64344e-06
4.48435  9.12998e-06
4.49519  8.29128e-06
4.50597  8.16897e-06
4.51585  7.39633e-06
4.52622  7.4324e-06
4.53616  7.14568e-06
4.54737  8.81678e-06
4.55811  6.12833e-06
4.56796  7.06117e-06
4.57947  7.21396e-06
4.58927  6.27977e-06
4.60015  6.45339e-06
4.6101  5.84063e-06
4.62103  6.38037e-06
4.63187  6.2384e-06
4.64203  6.08531e-06
4.65371  5.38933e-06
4.66375  5.35218e-06
4.67426  4.9271e-06
4.68455  6.1736e-06
4.69486  4.23815e-06
4.70539  5.00367e-06
4.7157  4.42748e-06
4.72659  5.42673e-06
4.73829  4.22531e-06
4.7485  5.32896e-06
4.76055  3.48939e-06
4.77026  4.28652e-06
4.78023  4.14674e-06
4.79037  3.49824e-06
4.80159  4.4011e-06
4.81279  4.29159e-06
4.8234  1.96213e-06
4.83327  4.90817e-06
4.84322  2.72353e-06
4.85421  3.12187e-06
4.86589  4.11982e-06
4.87637  2.92097e-06
4.88705  2.99815e-06
4.89974  4.02144e-06
4.91232  3.37269e-06
4.92563  2.69324e-06
4.93583  2.50471e-06
4.94582  3.37905e-06
4.95831  2.24552e-06
4.97049  3.26127e-06
4.98095  2.08848e-06
4.99351  2.57404e-06
5.00497  2.27164e-06
5.01477  2.13258e-06
5.02468  2.41916e-06
5.03664  1.31246e-06
5.04654  2.41039e-06
5.05824  2.3433e-06
5.07201  1.94958e-06
5.08355  2.10902e-06
5.09523  1.94795e-06
5.10531  1.66735e-06
5.11541  1.46895e-06
5.12838  1.47058e-06
5.13724  1.49587e-06
5.14751  1.75148e-06
5.16023  1.26588e-06
5.1705  1.49427e-06
5.18246  1.63283e-06
5.19289  1.31416e-06
5.20427  1.27481e-06
5.21743  1.22035e-06
5.22792  1.46134e-06
5.23936  1.32749e-06
5.2521  1.2989e-06
5.26555  1.02602e-06
5.27703  1.23067e-06
5.28892  1.4361e-06
5.30231  8.63265e-07
5.316  1.05065e-06
5.32795  1.22889e-06
5.34064  1.01767e-06
5.35527  1.08765e-06
5.36805  8.38955e-07
5.38311  9.37482e-07
5.39626  1.19511e-06
5.40948  8.73389e-07
5.42757  6.81363e-07
5.43907  9.73693e-07
5.45411  1.00235e-06
5.4709  6.04741e-07
5.48432  7.45306e-07
5.50168  8.39525e-07
5.51631  8.10687e-07
5.53252  8.20705e-07
5.55042  4.14549e-07
5.56526  7.37822e-07
5.58289  8.55992e-07
5.5991  4.16217e-07
5.61775  5.26613e-07
5.63604  6.52038e-07
5.65289  7.16614e-07
5.67284  4.1035e-07
5.69141  3.88795e-07
5.70965  6.23354e-07
5.73051  4.26717e-07
5.7496  4.74988e-07
5.77011  3.33165e-07
5.79218  4.16155e-07
5.812  5.86919e-07
5.83502  2.20646e-07
5.85731  2.57232e-07
5.8785  4.44095e-07
5.90346  3.35461e-07
5.92611  2.01143e-07
5.95029  2.9968e-07
5.97671  3.01398e-07
6.00071  2.28612e-07
6.02757  2.91542e-07
6.05574  9.02645e-08
6.08181  2.36547e-07
6.11086  3.06011e-07
6.13963  3.28951e-08
6.17007  2.01561e-07
6.20178  1.83292e-07
6.23332  1.18219e-07
6.26629  1.41959e-07
6.30123  5.45295e-08
6.33671  1.59323e-07
6.37284  9.30487e-08
6.41039  6.00144e-08
6.45204  9.54302e-08
6.49254  4.40609e-08
6.5351  1.07841e-07
6.58242  2.1435e-08
6.6269  1.96978e-08
6.67762  9.68907e-08
6.78285  2.73729e-08
6.84388  4.35262e-08
6.96938  3.27912e-08
7.0434  7.8213e-09
7.19887  2.20962e-08
7.49722  7.94101e-09
7.92438  1.18911e-09
