-7.83848  8.62827e-10
-7.42057  5.85618e-09
-7.12673  1.65613e-08
-6.97517  5.8499e-09
-6.89991  2.49788e-08
-6.77731  3.3087e-08
-6.71514  2.1192e-08
-6.6122  7.4856e-08
-6.56185  1.52367e-08
-6.51887  1.65258e-08
-6.47053  8.46771e-08
-6.43023  3.37514e-08
-6.38904  7.47758e-08
-6.34646  4.78934e-08
-6.31107  7.22691e-08
-6.27414  1.2688e-07
-6.23989  4.27447e-08
-6.20495  1.11997e-07
-6.1711  9.5684e-08
-6.14132  1.44383e-07
-6.10934  1.60979e-07
-6.07769  2.70594e-08
-6.05053  2.44989e-07
-6.02182  1.89872e-07
-5.99624  7.21142e-08
-5.96763  2.36068e-07
-5.94151  1.83141e-07
-5.91724  2.44727e-07
-5.89144  2.41823e-07
-5.86727  1.62041e-07
-5.84403  2.76835e-07
-5.8204  3.57601e-07
-5.79875  2.09746e-07
-5.77631  1.82202e-07
-5.75409  4.76845e-07
-5.73403  3.41561e-07
-5.71261  2.71486e-07
-5.69173  3.90996e-07
-5.67281  3.50623e-07
-5.65244  5.11272e-07
-5.634  3.20658e-07
-5.61555  3.37678e-07
-5.59759  3.70604e-07
-5.59293  2.22538e-07
-5.57912  5.36976e-07
-5.56085  4.36312e-07
-5.54514  1.78088e-07
-5.53946  1.67823e-07
-5.52622  7.08681e-07
-5.5088  6.12016e-07
-5.49508  2.95143e-07
-5.48871  4.74603e-08
-5.47609  6.83526e-07
-5.46006  6.75006e-07
-5.44547  7.01362e-07
-5.42692  7.43264e-07
-5.41347  3.8007e-07
-5.3982  8.40211e-07
-5.3833  8.13622e-07
-5.37192  5.69908e-07
-5.35383  7.37699e-07
-5.34059  9.98776e-07
-5.32758  7.89405e-07
-5.31276  7.27259e-07
-5.29984  8.85594e-07
-5.28517  8.624e-07
-5.27272  1.10284e-06
-5.26048  8.11172e-07
-5.24691  7.60444e-07
-5.2335  1.3092e-06
-5.2212  9.1614e-07
-5.21052  9.7793e-07
-5.19622  1.10987e-06
-5.18148  1.44655e-06
-5.16958  1.31672e-06
-5.15801  8.01755e-07
-5.14609  1.15323e-06
-5.1343  1.42078e-06
-5.12293  1.28594e-06
-5.11143  1.29616e-06
-5.10015  9.73139e-07
-5.08988  1.49703e-06
-5.07776  1.80073e-06
-5.06716  7.18476e-07
-5.05743  1.39368e-06
-5.04528  1.84051e-06
-5.03599  1.49949e-06
-5.02487  1.62358e-06
-5.01028  2.19906e-06
-4.99921  1.55597e-06
-4.98995  1.63515e-06
-4.97806  1.56664e-06
-4.96743  2.01812e-06
-4.95624  2.37169e-06
-4.9454  1.74229e-06
-4.93364  2.13237e-06
-4.92185  2.4106e-06
-4.91115  2.26775e-06
-4.89684  2.78574e-06
-4.88608  2.67121e-06
-4.87522  2.11537e-06
-4.86505  2.09516e-06
-4.85363  2.85193e-06
-4.84256  3.06071e-06
-4.83166  2.07057e-06
-4.8207  3.12111e-06
-4.81037  3.37398e-06
-4.79917  2.17618e-06
-4.78817  3.67592e-06
-4.77733  3.18492e-06
-4.76563  3.30564e-06
-4.75429  3.50488e-06
-4.74383  3.31723e-06
-4.73427  3.10084e-06
-4.72241  4.59405e-06
-4.71159  3.46502e-06
-4.69948  4.31117e-06
-4.68848  4.09733e-06
-4.67715  4.70517e-06
-4.66543  3.9777e-06
-4.6551  4.46811e-06
-4.64428  4.14372e-06
-4.63389  4.63514e-06
-4.62371  5.11349e-06
-4.61272  4.6518e-06
-4.60189  4.84009e-06
-4.59033  6.13864e-06
-4.5786  5.4426e-06
-4.56869  5.21954e-06
-4.55754  5.69654e-06
-4.54687  5.5437e-06
-4.53627  6.46534e-06
-4.52464  6.48822e-06
-4.51358  6.57354e-06
-4.50325  5.31279e-06
-4.49317  7.36875e-06
-4.48213  6.76962e-06
-4.4714  6.65746e-06
-4.4617  6.9128e-06
-4.45089  7.21057e-06
-4.44052  7.54814e-06
-4.42998  7.32739e-06
-4.41909  9.35759e-06
-4.40781  7.76672e-06
-4.39741  8.22216e-06
-4.38616  9.71491e-06
-4.37504  9.27586e-06
-4.36508  7.45449e-06
-4.35502  9.31563e-06
-4.34543  8.55888e-06
-4.33476  1.09989e-05
-4.32323  1.00879e-05
-4.31253  1.01392e-05
-4.30308  9.94213e-06
-4.29252  1.09054e-05
-4.28161  1.11725e-05
-4.27062  1.26938e-05
-4.25942  1.21297e-05
-4.24871  1.21547e-05
-4.23775  1.29277e-05
-4.22783  1.10745e-05
-4.21704  1.43223e-05
-4.20708  1.12879e-05
-4.19664  1.45756e-05
-4.18614  1.35022e-05
-4.17603  1.37832e-05
-4.16561  1.43329e-05
-4.15513  1.55556e-05
-4.14436  1.56252e-05
-4.13376  1.56689e-05
-4.12327  1.5724e-05
-4.11324  1.59855e-05
-4.10272  1.71497e-05
-4.0923  1.7492e-05
-4.08222  1.67598e-05
-4.07155  1.84458e-05
-4.06104  1.88442e-05
-4.05068  1.90767e-05
-4.03965  2.10112e-05
-4.02865  2.02944e-05
-4.01852  1.88587e-05
-4.00798  2.33711e-05
-3.99656  2.22819e-05
-3.98618  2.14585e-05
-3.97575  2.29806e-05
-3.96503  2.39975e-05
-3.95452  2.24688e-05
-3.94446  2.35149e-05
-3.93412  2.58777e-05
-3.92307  2.59731e-05
-3.91265  2.55354e-05
-3.90277  2.3971e-05
-3.89275  2.73386e-05
-3.88229  2.75596e-05
-3.87136  3.03397e-05
-3.8607  2.92062e-05
-3.85027  2.93963e-05
-3.83979  3.084e-05
-3.82927  3.01804e-05
-3.81921  3.11893e-05
-3.80866  3.3519e-05
-3.79822  3.246e-05
-3.78782  3.4461e-05
-3.77719  3.55928e-05
-3.76663  3.47933e-05
-3.75652  3.49086e-05
-3.7462  3.73862e-05
-3.73592  3.69289e-05
-3.72545  3.94493e-05
-3.71523  3.79233e-05
-3.70463  4.29782e-05
-3.6938  4.15876e-05
-3.68337  4.24692e-05
-3.67294  4.25451e-05
-3.66252  4.54774e-05
-3.65184  4.49599e-05
-3.64126  4.7153e-05
-3.63086  4.71658e-05
-3.62043  4.6601e-05
-3.61026  4.85426e-05
-3.59977  5.08834e-05
-3.5893  5.0981e-05
-3.57891  5.27715e-05
-3.56834  5.33493e-05
-3.55786  5.50667e-05
-3.54744  5.64379e-05
-3.53679  5.68684e-05
-3.52649  5.75095e-05
-3.51598  6.04204e-05
-3.50541  5.99587e-05
-3.49501  6.21909e-05
-3.48471  6.13935e-05
-3.47436  6.48942e-05
-3.46404  6.32744e-05
-3.45389  6.54512e-05
-3.44358  6.85074e-05
-3.43324  6.77438e-05
-3.42318  6.82882e-05
-3.41295  7.16981e-05
-3.40239  7.60133e-05
-3.39196  7.30811e-05
-3.38177  7.50861e-05
-3.37149  7.8206e-05
-3.36112  7.84058e-05
-3.35069  8.22654e-05
-3.34042  7.99922e-05
-3.33026  8.35482e-05
-3.31979  8.74089e-05
-3.30935  8.7847e-05
-3.29911  8.50152e-05
-3.28892  9.17631e-05
-3.27851  9.21218e-05
-3.26814  9.42536e-05
-3.25791  9.32109e-05
-3.24781  9.62184e-05
-3.23734  0.000102604
-3.22701  9.84137e-05
-3.21677  0.000102945
-3.20645  0.000105642
-3.19607  0.000107097
-3.18585  0.000106186
-3.17557  0.000112452
-3.16535  0.000108725
-3.15509  0.000116961
-3.14459  0.000119033
-3.13438  0.000114412
-3.124  0.000126981
-3.11349  0.000123296
-3.10334  0.000121882
-3.09309  0.00012963
-3.08268  0.000130723
-3.07246  0.000129502
-3.06216  0.000136179
-3.0517  0.00014041
-3.04149  0.000133617
-3.03143  0.000140235
-3.02115  0.000146355
-3.01079  0.000145711
-3.00069  0.000145881
-2.99039  0.00015502
-2.98005  0.000153424
-2.96978  0.000156818
-2.95956  0.000157858
-2.94925  0.000164062
-2.93896  0.000165025
-2.9287  0.000167193
-2.91841  0.000171532
-2.90814  0.000172754
-2.89795  0.000174286
-2.88773  0.00018043
-2.87747  0.000180262
-2.86723  0.000184937
-2.85692  0.000191513
-2.84657  0.000190055
-2.83639  0.00019284
-2.82616  0.000197287
-2.81592  0.000201304
-2.80572  0.000200949
-2.79542  0.000212389
-2.78514  0.000207656
-2.77501  0.000209309
-2.76484  0.000219355
-2.75456  0.00021807
-2.74434  0.000225767
-2.73403  0.000229135
-2.72382  0.000227788
-2.71365  0.000234286
-2.7035  0.000235857
-2.6934  0.00023832
-2.68324  0.000245483
-2.67296  0.000250102
-2.66276  0.000252095
-2.65254  0.000255517
-2.64229  0.000263656
-2.63199  0.000265728
-2.62182  0.000267414
-2.61164  0.000270253
-2.60153  0.000273467
-2.59138  0.000280443
-2.58121  0.000281698
-2.57099  0.000292897
-2.56061  0.000297457
-2.5503  0.000300019
-2.54006  0.000300639
-2.52985  0.000309606
-2.51952  0.000314587
-2.50933  0.000312329
-2.49921  0.000315685
-2.48909  0.000321976
-2.47891  0.000330383
-2.46869  0.000333219
-2.45852  0.000336464
-2.44839  0.000341315
-2.43823  0.000346415
-2.42807  0.000352318
-2.4179  0.00035772
-2.40769  0.00036213
-2.39747  0.000369366
-2.38729  0.000368961
-2.37712  0.000379121
-2.36691  0.000383124
-2.35674  0.000387889
-2.34655  0.000393758
-2.33634  0.000400764
-2.3262  0.000398481
-2.31606  0.000410428
-2.3058  0.000418571
-2.29561  0.000417135
-2.28542  0.000428084
-2.27518  0.000435613
-2.26502  0.000432295
-2.25495  0.000440644
-2.24477  0.000452644
-2.23453  0.000455133
-2.22436  0.00045869
-2.21419  0.000466604
-2.20403  0.000470844
-2.1939  0.000477771
-2.18373  0.000485345
-2.17351  0.000495042
-2.16334  0.000494225
-2.15319  0.000503727
-2.143  0.000510641
-2.13286  0.000510288
-2.12268  0.000528936
-2.11245  0.000529431
-2.1024  0.000525687
-2.0923  0.000544795
-2.08216  0.000543603
-2.07199  0.000560815
-2.06181  0.000556227
-2.05174  0.000564387
-2.04164  0.000572404
-2.0315  0.000583396
-2.02134  0.000590248
-2.01121  0.000595952
-2.00108  0.000602186
-1.99093  0.000610025
-1.98078  0.00061514
-1.97063  0.000626116
-1.96046  0.00063461
-1.95026  0.000644894
-1.94008  0.000646696
-1.9299  0.000662831
-1.91973  0.000658068
-1.90961  0.000671066
-1.89944  0.000677197
-1.88927  0.000686452
-1.87914  0.000691323
-1.86899  0.000704882
-1.85883  0.000711191
-1.84869  0.000716116
-1.83853  0.000730251
-1.82797  0.000789195
-1.81744  0.000738082
-1.80724  0.000762361
-1.79703  0.000759022
-1.78694  0.000761954
-1.77685  0.000777526
-1.76671  0.000782913
-1.75664  0.000784974
-1.74652  0.000805005
-1.73636  0.000809335
-1.72624  0.000817038
-1.71613  0.000826098
-1.70601  0.000839628
-1.69586  0.000848932
-1.68575  0.000849305
-1.67565  0.000858572
-1.66557  0.000866918
-1.65553  0.000873203
-1.64539  0.000903039
-1.63519  0.000904755
-1.62504  0.000911881
-1.61491  0.000918255
-1.60474  0.00093724
-1.59456  0.000935901
-1.58446  0.000944324
-1.57437  0.000959277
-1.56425  0.000972093
-1.55412  0.000976368
-1.54396  0.000997742
-1.53376  0.000996766
-1.52369  0.00099766
-1.51363  0.00101697
-1.50349  0.00103545
-1.49337  0.00103736
-1.48322  0.00106118
-1.47305  0.00105964
-1.46291  0.0010679
-1.45285  0.00106743
-1.44279  0.00109332
-1.43272  0.00109662
-1.42261  0.00112141
-1.4125  0.00112162
-1.40237  0.00114237
-1.39221  0.00114279
-1.3821  0.00115647
-1.37199  0.00117104
-1.3619  0.0011797
-1.35186  0.00118004
-1.34181  0.00120722
-1.33169  0.00121369
-1.32156  0.00122771
-1.31142  0.00123878
-1.30133  0.00124663
-1.29124  0.00126845
-1.28114  0.00127558
-1.27104  0.00128779
-1.26096  0.00129335
-1.25086  0.00130783
-1.24071  0.00133385
-1.23057  0.00133475
-1.2205  0.00135331
-1.21038  0.00137284
-1.20024  0.00138221
-1.19017  0.00136979
-1.18012  0.00139332
-1.17001  0.00142009
-1.1599  0.00142621
-1.14986  0.00143399
-1.13979  0.00146796
-1.12967  0.00146906
-1.11962  0.00146492
-1.10952  0.00150289
-1.09938  0.00150972
-1.08931  0.00152162
-1.07923  0.00154428
-1.06917  0.00155502
-1.05911  0.00156327
-1.04898  0.0015961
-1.03886  0.00158256
-1.02881  0.00161976
-1.0187  0.00163626
-1.00859  0.0016517
-0.998515  0.0016561
-0.988442  0.00166544
-0.978333  0.0016856
-0.968215  0.00170792
-0.958121  0.00172859
-0.948056  0.00173977
-0.938011  0.00175734
-0.927947  0.00177321
-0.917809  0.00179796
-0.907696  0.00178601
-0.897642  0.00181774
-0.887596  0.00183954
-0.877503  0.00188196
-0.867393  0.00188724
-0.857304  0.00189497
-0.847192  0.00191451
-0.8371  0.00192139
-0.827052  0.00194974
-0.816982  0.00198448
-0.806892  0.00199733
-0.796383  0.0021808
-0.785853  0.00201949
-0.775767  0.0020475
-0.765723  0.00206435
-0.755643  0.00211962
-0.745547  0.00211343
-0.735499  0.00212733
-0.725443  0.00212839
-0.715386  0.00217156
-0.705303  0.00221755
-0.695242  0.00222148
-0.685197  0.0022586
-0.675099  0.00227783
-0.66499  0.00227062
-0.654903  0.00229166
-0.644369  0.00256094
-0.633838  0.00239158
-0.623804  0.00240052
-0.613694  0.00247386
-0.603518  0.00244959
-0.593412  0.00246178
-0.583305  0.00250245
-0.573267  0.00253494
-0.563236  0.00258396
-0.553172  0.00259939
-0.543088  0.00261509
-0.532989  0.00263182
-0.522911  0.00266012
-0.512917  0.00272434
-0.502885  0.00277607
-0.492787  0.00280308
-0.482721  0.00279414
-0.472683  0.00279321
-0.462631  0.00288081
-0.452578  0.00296302
-0.442487  0.00300842
-0.432407  0.00301817
-0.422326  0.00303732
-0.412242  0.00302045
-0.40211  0.00309601
-0.392032  0.00320132
-0.381522  0.00358741
-0.370996  0.00332536
-0.360943  0.00332779
-0.350885  0.00334968
-0.340753  0.00336487
-0.330683  0.00349479
-0.320625  0.00360769
-0.310601  0.00363164
-0.300559  0.00367047
-0.290484  0.00367121
-0.280369  0.00370503
-0.269787  0.00426367
-0.259284  0.00404268
-0.249225  0.00409239
-0.239149  0.00411074
-0.229075  0.00411012
-0.218475  0.00452112
-0.207933  0.00448487
-0.197895  0.00463411
-0.187873  0.00469257
-0.177821  0.0047088
-0.167772  0.00469925
-0.157674  0.00473832
-0.147607  0.00529097
-0.137603  0.00554084
-0.127552  0.005605
-0.117487  0.00562282
-0.107431  0.00558963
-0.0972842  0.00574147
-0.0872526  0.00689228
-0.0772505  0.00718796
-0.0672241  0.00724746
-0.0571804  0.00731865
-0.047119  0.00734724
-0.0369982  0.00753285
-0.0268526  0.0124274
-0.0169341  0.013713
-0.0061958  0.017736
-0.000520421  0.00214314
0.000520421  0.00214314
0.0061958  0.017736
0.0169341  0.013713
0.0268526  0.0124274
0.0369982  0.00753285
0.047119  0.00734724
0.0571804  0.00731865
0.0672241  0.00724746
0.0772505  0.00718796
0.0872526  0.00689228
0.0972842  0.00574147
0.107431  0.00558963
0.117487  0.00562282
0.127552  0.005605
0.137603  0.00554084
0.147607  0.00529097
0.157674  0.00473832
0.167772  0.00469925
0.177821  0.0047088
0.187873  0.00469257
0.197895  0.00463411
0.207933  0.00448487
0.218475  0.00452112
0.229075  0.00411012
0.239149  0.00411074
0.249225  0.00409239
0.259284  0.00404268
0.269787  0.00426367
0.280369  0.00370503
0.290484  0.00367121
0.300559  0.00367047
0.310601  0.00363164
0.320625  0.00360769
0.330683  0.00349479
0.340753  0.00336487
0.350885  0.00334968
0.360943  0.00332779
0.370996  0.00332536
0.381522  0.00358741
0.392032  0.00320132
0.40211  0.00309601
0.412242  0.00302045
0.422326  0.00303732
0.432407  0.00301817
0.442487  0.00300842
0.452578  0.00296302
0.462631  0.00288081
0.472683  0.00279321
0.482721  0.00279414
0.492787  0.00280308
0.502885  0.00277607
0.512917  0.00272434
0.522911  0.00266012
0.532989  0.00263182
0.543088  0.00261509
0.553172  0.00259939
0.563236  0.00258396
0.573267  0.00253494
0.583305  0.00250245
0.593412  0.00246178
0.603518  0.00244959
0.613694  0.00247386
0.623804  0.00240052
0.633838  0.00239158
0.644369  0.00256094
0.654903  0.00229166
0.66499  0.00227062
0.675099  0.00227783
0.685197  0.0022586
0.695242  0.00222148
0.705303  0.00221755
0.715386  0.00217156
0.725443  0.00212839
0.735499  0.00212733
0.745547  0.00211343
0.755643  0.00211962
0.765723  0.00206435
0.775767  0.0020475
0.785853  0.00201949
0.796383  0.0021808
0.806892  0.00199733
0.816982  0.00198448
0.827052  0.00194974
0.8371  0.00192139
0.847192  0.00191451
0.857304  0.00189497
0.867393  0.00188724
0.877503  0.00188196
0.887596  0.00183954
0.897642  0.00181774
0.907696  0.00178601
0.917809  0.00179796
0.927947  0.00177321
0.938011  0.00175734
0.948056  0.00173977
0.958121  0.00172859
0.968215  0.00170792
0.978333  0.0016856
0.988442  0.00166544
0.998515  0.0016561
1.00859  0.0016517
1.0187  0.00163626
1.02881  0.00161976
1.03886  0.00158256
1.04898  0.0015961
1.05911  0.00156327
1.06917  0.00155502
1.07923  0.00154428
1.08931  0.00152162
1.09938  0.00150972
1.10952  0.00150289
1.11962  0.00146492
1.12967  0.00146906
1.13979  0.00146796
1.14986  0.00143399
1.1599  0.00142621
1.17001  0.00142009
1.18012  0.00139332
1.19017  0.00136979
1.20024  0.00138221
1.21038  0.00137284
1.2205  0.00135331
1.23057  0.00133475
1.24071  0.00133385
1.25086  0.00130783
1.26096  0.00129335
1.27104  0.00128779
1.28114  0.00127558
1.29124  0.00126845
1.30133  0.00124663
1.31142  0.00123878
1.32156  0.00122771
1.33169  0.00121369
1.34181  0.00120722
1.35186  0.00118004
1.3619  0.0011797
1.37199  0.00117104
1.3821  0.00115647
1.39221  0.00114279
1.40237  0.00114237
1.4125  0.00112162
1.42261  0.00112141
1.43272  0.00109662
1.44279  0.00109332
1.45285  0.00106743
1.46291  0.0010679
1.47305  0.00105964
1.48322  0.00106118
1.49337  0.00103736
1.50349  0.00103545
1.51363  0.00101697
1.52369  0.00099766
1.53376  0.000996766
1.54396  0.000997742
1.55412  0.000976368
1.56425  0.000972093
1.57437  0.000959277
1.58446  0.000944324
1.59456  0.000935901
1.60474  0.00093724
1.61491  0.000918255
1.62504  0.000911881
1.63519  0.000904755
1.64539  0.000903039
1.65553  0.000873203
1.66557  0.000866918
1.67565  0.000858572
1.68575  0.000849305
1.69586  0.000848932
1.70601  0.000839628
1.71613  0.000826098
1.72624  0.000817038
1.73636  0.000809335
1.74652  0.000805005
1.75664  0.000784974
1.76671  0.000782913
1.77685  0.000777526
1.78694  0.000761954
1.79703  0.000759022
1.80724  0.000762361
1.81744  0.000738082
1.82797  0.000789195
1.83853  0.000730251
1.84869  0.000716116
1.85883  0.000711191
1.86899  0.000704882
1.87914  0.000691323
1.88927  0.000686452
1.89944  0.000677197
1.90961  0.000671066
1.91973  0.000658068
1.9299  0.000662831
1.94008  0.000646696
1.95026  0.000644894
1.96046  0.00063461
1.97063  0.000626116
1.98078  0.00061514
1.99093  0.000610025
2.00108  0.000602186
2.01121  0.000595952
2.02134  0.000590248
2.0315  0.000583396
2.04164  0.000572404
2.05174  0.000564387
2.06181  0.000556227
2.07199  0.000560815
2.08216  0.000543603
2.0923  0.000544795
2.1024  0.000525687
2.11245  0.000529431
2.12268  0.000528936
2.13286  0.000510288
2.143  0.000510641
2.15319  0.000503727
2.16334  0.000494225
2.17351  0.000495042
2.18373  0.000485345
2.1939  0.000477771
2.20403  0.000470844
2.21419  0.000466604
2.22436  0.00045869
2.23453  0.000455133
2.24477  0.000452644
2.25495  0.000440644
2.26502  0.000432295
2.27518  0.000435613
2.28542  0.000428084
2.29561  0.000417135
2.3058  0.000418571
2.31606  0.000410428
2.3262  0.000398481
2.33634  0.000400764
2.34655  0.000393758
2.35674  0.000387889
2.36691  0.000383124
2.37712  0.000379121
2.38729  0.000368961
2.39747  0.000369366
2.40769  0.00036213
2.4179  0.00035772
2.42807  0.000352318
2.43823  0.000346415
2.44839  0.000341315
2.45852  0.000336464
2.46869  0.000333219
2.47891  0.000330383
2.48909  0.000321976
2.49921  0.000315685
2.50933  0.000312329
2.51952  0.000314587
2.52985  0.000309606
2.54006  0.000300639
2.5503  0.000300019
2.56061  0.000297457
2.57099  0.000292897
2.58121  0.000281698
2.59138  0.000280443
2.60153  0.000273467
2.61164  0.000270253
2.62182  0.000267414
2.63199  0.000265728
2.64229  0.000263656
2.65254  0.000255517
2.66276  0.000252095
2.67296  0.000250102
2.68324  0.000245483
2.6934  0.00023832
2.7035  0.000235857
2.71365  0.000234286
2.72382  0.000227788
2.73403  0.000229135
2.74434  0.000225767
2.75456  0.00021807
2.76484  0.000219355
2.77501  0.000209309
2.78514  0.000207656
2.79542  0.000212389
2.80572  0.000200949
2.81592  0.000201304
2.82616  0.000197287
2.83639  0.00019284
2.84657  0.000190055
2.85692  0.000191513
2.86723  0.000184937
2.87747  0.000180262
2.88773  0.00018043
2.89795  0.000174286
2.90814  0.000172754
2.91841  0.000171532
2.9287  0.000167193
2.93896  0.000165025
2.94925  0.000164062
2.95956  0.000157858
2.96978  0.000156818
2.98005  0.000153424
2.99039  0.00015502
3.00069  0.000145881
3.01079  0.000145711
3.02115  0.000146355
3.03143  0.000140235
3.04149  0.000133617
3.0517  0.00014041
3.06216  0.000136179
3.07246  0.000129502
3.08268  0.000130723
3.09309  0.00012963
3.10334  0.000121882
3.11349  0.000123296
3.124  0.000126981
3.13438  0.000114412
3.14459  0.000119033
3.15509  0.000116961
3.16535  0.000108725
3.17557  0.000112452
3.18585  0.000106186
3.19607  0.000107097
3.20645  0.000105642
3.21677  0.000102945
3.22701  9.84137e-05
3.23734  0.000102604
3.24781  9.62184e-05
3.25791  9.32109e-05
3.26814  9.42536e-05
3.27851  9.21218e-05
3.28892  9.17631e-05
3.29911  8.50152e-05
3.30935  8.7847e-05
3.31979  8.74089e-05
3.33026  8.35482e-05
3.34042  7.99922e-05
3.35069  8.22654e-05
3.36112  7.84058e-05
3.37149  7.8206e-05
3.38177  7.50861e-05
3.39196  7.30811e-05
3.40239  7.60133e-05
3.41295  7.16981e-05
3.42318  6.82882e-05
3.43324  6.77438e-05
3.44358  6.85074e-05
3.45389  6.54512e-05
3.46404  6.32744e-05
3.47436  6.48942e-05
3.48471  6.13935e-05
3.49501  6.21909e-05
3.50541  5.99587e-05
3.51598  6.04204e-05
3.52649  5.75095e-05
3.53679  5.68684e-05
3.54744  5.64379e-05
3.55786  5.50667e-05
3.56834  5.33493e-05
3.57891  5.27715e-05
3.5893  5.0981e-05
3.59977  5.08834e-05
3.61026  4.85426e-05
3.62043  4.6601e-05
3.63086  4.71658e-05
3.64126  4.7153e-05
3.65184  4.49599e-05
3.66252  4.54774e-05
3.67294  4.25451e-05
3.68337  4.24692e-05
3.6938  4.15876e-05
3.70463  4.29782e-05
3.71523  3.79233e-05
3.72545  3.94493e-05
3.73592  3.69289e-05
3.7462  3.73862e-05
3.75652  3.49086e-05
3.76663  3.47933e-05
3.77719  3.55928e-05
3.78782  3.4461e-05
3.79822  3.246e-05
3.80866  3.3519e-05
3.81921  3.11893e-05
3.82927  3.01804e-05
3.83979  3.084e-05
3.85027  2.93963e-05
3.8607  2.92062e-05
3.87136  3.03397e-05
3.88229  2.75596e-05
3.89275  2.73386e-05
3.90277  2.3971e-05
3.91265  2.55354e-05
3.92307  2.59731e-05
3.93412  2.58777e-05
3.94446  2.35149e-05
3.95452  2.24688e-05
3.96503  2.39975e-05
3.97575  2.29806e-05
3.98618  2.14585e-05
3.99656  2.22819e-05
4.00798  2.33711e-05
4.01852  1.88587e-05
4.02865  2.02944e-05
4.03965  2.10112e-05
4.05068  1.90767e-05
4.06104  1.88442e-05
4.07155  1.84458e-05
4.08222  1.67598e-05
4.0923  1.7492e-05
4.10272  1.71497e-05
4.11324  1.59855e-05
4.12327  1.5724e-05
4.13376  1.56689e-05
4.14436  1.56252e-05
4.15513  1.55556e-05
4.16561  1.43329e-05
4.17603  1.37832e-05
4.18614  1.35022e-05
4.19664  1.45756e-05
4.20708  1.12879e-05
4.21704  1.43223e-05
4.22783  1.10745e-05
4.23775  1.29277e-05
4.24871  1.21547e-05
4.25942  1.21297e-05
4.27062  1.26938e-05
4.28161  1.11725e-05
4.29252  1.09054e-05
4.30308  9.94213e-06
4.31253  1.01392e-05
4.32323  1.00879e-05
4.33476  1.09989e-05
4.34543  8.55888e-06
4.35502  9.31563e-06
4.36508  7.45449e-06
4.37504  9.27586e-06
4.38616  9.71491e-06
4.39741  8.22216e-06
4.40781  7.76672e-06
4.41909  9.35759e-06
4.42998  7.32739e-06
4.44052  7.54814e-06
4.45089  7.21057e-06
4.4617  6.9128e-06
4.4714  6.65746e-06
4.48213  6.76962e-06
4.49317  7.36875e-06
4.50325  5.31279e-06
4.51358  6.57354e-06
4.52464  6.48822e-06
4.53627  6.46534e-06
4.54687  5.5437e-06
4.55754  5.69654e-06
4.56869  5.21954e-06
4.5786  5.4426e-06
4.59033  6.13864e-06
4.60189  4.84009e-06
4.61272  4.6518e-06
4.62371  5.11349e-06
4.63389  4.63514e-06
4.64428  4.14372e-06
4.6551  4.46811e-06
4.66543  3.9777e-06
4.67715  4.70517e-06
4.68848  4.09733e-06
4.69948  4.31117e-06
4.71159  3.46502e-06
4.72241  4.59405e-06
4.73427  3.10084e-06
4.74383  3.31723e-06
4.75429  3.50488e-06
4.76563  3.30564e-06
4.77733  3.18492e-06
4.78817  3.67592e-06
4.79917  2.17618e-06
4.81037  3.37398e-06
4.8207  3.12111e-06
4.83166  2.07057e-06
4.84256  3.06071e-06
4.85363  2.85193e-06
4.86505  2.09516e-06
4.87522  2.11537e-06
4.88608  2.67121e-06
4.89684  2.78574e-06
4.91115  2.26775e-06
4.92185  2.4106e-06
4.93364  2.13237e-06
4.9454  1.74229e-06
4.95624  2.37169e-06
4.96743  2.01812e-06
4.97806  1.56664e-06
4.98995  1.63515e-06
4.99921  1.55597e-06
5.01028  2.19906e-06
5.02487  1.62358e-06
5.03599  1.49949e-06
5.04528  1.84051e-06
5.05743  1.39368e-06
5.06716  7.18476e-07
5.07776  1.80073e-06
5.08988  1.49703e-06
5.10015  9.73139e-07
5.11143  1.29616e-06
5.12293  1.28594e-06
5.1343  1.42078e-06
5.14609  1.15323e-06
5.15801  8.01755e-07
5.16958  1.31672e-06
5.18148  1.44655e-06
5.19622  1.10987e-06
5.21052  9.7793e-07
5.2212  9.1614e-07
5.2335  1.3092e-06
5.24691  7.60444e-07
5.26048  8.11172e-07
5.27272  1.10284e-06
5.28517  8.624e-07
5.29984  8.85594e-07
5.31276  7.27259e-07
5.32758  7.89405e-07
5.34059  9.98776e-07
5.35383  7.37699e-07
5.37192  5.69908e-07
5.3833  8.13622e-07
5.3982  8.40211e-07
5.41347  3.8007e-07
5.42692  7.43264e-07
5.44547  7.01362e-07
5.46006  6.75006e-07
5.47609  6.83526e-07
5.48871  4.74603e-08
5.49508  2.95143e-07
5.5088  6.12016e-07
5.52622  7.08681e-07
5.53946  1.67823e-07
5.54514  1.78088e-07
5.56085  4.36312e-07
5.57912  5.36976e-07
5.59293  2.22538e-07
5.59759  3.70604e-07
5.61555  3.37678e-07
5.634  3.20658e-07
5.65244  5.11272e-07
5.67281  3.50623e-07
5.69173  3.90996e-07
5.71261  2.71486e-07
5.73403  3.41561e-07
5.75409  4.76845e-07
5.77631  1.82202e-07
5.79875  2.09746e-07
5.8204  3.57601e-07
5.84403  2.76835e-07
5.86727  1.62041e-07
5.89144  2.41823e-07
5.91724  2.44727e-07
5.94151  1.83141e-07
5.96763  2.36068e-07
5.99624  7.21142e-08
6.02182  1.89872e-07
6.05053  2.44989e-07
6.07769  2.70594e-08
6.10934  1.60979e-07
6.14132  1.44383e-07
6.1711  9.5684e-08
6.20495  1.11997e-07
6.23989  4.27447e-08
6.27414  1.2688e-07
6.31107  7.22691e-08
6.34646  4.78934e-08
6.38904  7.47758e-08
6.43023  3.37514e-08
6.47053  8.46771e-08
6.51887  1.65258e-08
6.56185  1.52367e-08
6.6122  7.4856e-08
6.71514  2.1192e-08
6.77731  3.3087e-08
6.89991  2.49788e-08
6.97517  5.8499e-09
7.12673  1.65613e-08
7.42057  5.85618e-09
7.83848  8.62827e-10
