-12.6826  0.0904973
-12.6255  0.0940984
-8.15939  0.0315638
-7.47185  0.00254661
-7.06826  0.000128811
-6.78152  4.57717e-06
-6.55894  1.21328e-07
-6.37699  2.48615e-09
-5.73734  0.00852154
-5.65462  0.0509975
-5.65323  0.00137506
-5.57692  0.0025561
-5.57565  0.000104329
-5.50484  5.44455e-05
-5.50366  4.94296e-06
-5.43761  6.13721e-07
-5.43651  1.6378e-07
-5.37461  3.79777e-09
-5.37358  4.02724e-09
-5.0447  0.000185618
-5.00243  0.000718258
-4.96119  3.14e-05
-4.92155  5.85509e-07
-4.88332  6.81943e-09
-4.63942  2.53479e-06
-4.61101  4.32874e-06
-4.58293  1.58075e-07
-4.55555  2.63934e-09
-4.35184  2.43173e-08
-4.33042  1.52999e-08
-4.30909  4.97058e-10
-4.24504  0.00366501
-4.22551  0.000591397
-4.20635  4.48707e-05
-4.18755  2.12591e-06
-4.16909  7.04398e-08
-4.15098  1.73207e-09
-4.12878  1.74023e-10
-4.04245  0.000159664
-4.02672  0.000321029
-4.02328  0.0434285
-4.01097  1.43657e-05
-4.0076  0.00217672
-3.99545  2.89855e-07
-3.99217  4.63648e-05
-3.98012  4.10201e-09
-3.97696  5.22633e-07
-3.96199  3.2341e-09
-3.87408  3.27055e-06
-3.86076  3.87843e-06
-3.85786  0.000587669
-3.8474  1.46241e-07
-3.84456  2.5035e-05
-3.83418  2.69113e-09
-3.83143  4.23299e-07
-3.81847  3.49256e-09
-3.73004  4.18343e-08
-3.71847  2.11271e-08
-3.71598  3.37946e-06
-3.70685  7.26547e-10
-3.70443  1.14282e-07
-3.69301  1.41437e-09
-3.60417  3.74227e-10
-3.59177  1.02845e-08
-3.58156  2.54567e-10
-3.55221  3.43349e-05
-3.5424  5.21014e-06
-3.53268  3.70273e-07
-3.52306  1.63582e-08
-3.51353  5.02796e-10
-3.44583  1.40663e-06
-3.43712  9.33999e-07
-3.43523  0.000252749
-3.42835  3.80727e-08
-3.4265  1.07673e-05
-3.41964  8.50199e-10
-3.41785  1.82056e-07
-3.40926  1.50211e-09
-3.3497  2.69886e-08
-3.34182  6.70186e-09
-3.34168  3.57696e-09
-3.34007  2.90693e-06
-3.33386  1.65887e-10
-3.33373  2.19888e-10
-3.33213  9.83025e-08
-3.32425  1.21661e-09
-3.26203  3.21901e-10
-3.25321  1.32698e-08
-3.24593  3.28459e-10
-3.14712  2.01658e-07
-3.14058  2.86627e-08
-3.13407  1.89942e-09
-3.0749  0.00223746
-3.06881  0.000361043
-3.06769  6.25118e-07
-3.06276  2.73932e-05
-3.06165  2.11394e-08
-3.05674  1.29785e-06
-3.05563  2.61625e-10
-3.05076  4.30028e-08
-3.04507  0.0350702
-3.03916  0.00175779
-3.03328  3.74414e-05
-3.02744  4.22047e-07
-3.02163  2.61167e-09
-3.00766  9.74736e-05
-3.00206  0.000195985
-3.00092  5.70717e-09
-2.99639  8.7701e-06
-2.99527  1.41266e-10
-2.99075  1.76953e-07
-2.98512  2.50423e-09
-2.97975  0.000474566
-2.97422  2.02167e-05
-2.96871  3.41831e-07
-2.96323  2.82038e-09
-2.94468  1.99664e-06
-2.93942  2.36774e-06
-2.93409  8.92784e-08
-2.92878  1.6429e-09
-2.91846  2.72904e-06
-2.91326  9.2287e-08
-2.90807  1.14216e-09
-2.88545  2.55394e-08
-2.88048  1.28979e-08
-2.87545  4.43549e-10
-2.86066  9.13722e-09
-2.85554  3.15848e-10
-2.82956  2.28462e-10
-2.80534  4.19222e-05
-2.80069  6.36148e-06
-2.79984  8.18196e-10
-2.79607  4.52096e-07
-2.79146  1.9973e-08
-2.78688  6.13904e-10
-2.78251  0.000204105
-2.77797  8.69498e-06
-2.77345  1.47017e-07
-2.76895  1.21301e-09
-2.75367  1.71746e-06
-2.74837  0.000155441
-2.74398  6.61978e-06
-2.73962  1.12181e-07
-2.73528  9.37804e-10
-2.73199  2.34746e-06
-2.72767  7.93831e-08
-2.72337  9.82461e-10
-2.70455  3.29526e-08
-2.69951  1.7872e-06
-2.69534  6.04836e-08
-2.69118  7.54488e-10
-2.68391  1.07159e-08
-2.67979  2.65243e-10
-2.65776  3.93035e-10
-2.65295  8.17672e-09
-2.64896  2.00957e-10
-2.59356  3.6933e-07
-2.58981  5.24949e-08
-2.58607  3.47874e-09
-2.58234  1.42566e-10
-2.57509  5.04807e-07
-2.5714  1.70709e-08
-2.56773  2.11272e-10
-2.55163  1.41725e-08
-2.54803  1.87837e-09
-2.54731  7.65015e-07
-2.54444  1.15469e-10
-2.54372  2.58543e-08
-2.54015  3.19786e-10
-2.53391  4.60877e-09
-2.53038  1.14078e-10
-2.5114  2.53559e-10
-2.50725  6.9801e-09
-2.50381  1.72671e-10
-2.41923  2.03181e-09
-2.41608  2.69288e-10
-2.40373  6.60726e-10
-2.38392  1.27966e-05
-2.38088  1.94181e-06
-2.38033  1.50019e-09
-2.37785  1.38e-07
-2.37484  6.09666e-09
-2.37183  1.87392e-10
-2.36896  0.000124604
-2.36597  5.30819e-06
-2.36298  8.97526e-08
-2.36001  7.4053e-10
-2.34988  5.24247e-07
-2.34699  3.48109e-07
-2.34406  1.41898e-08
-2.34112  3.16868e-10
-2.33543  1.4331e-06
-2.33253  4.84625e-08
-2.32965  5.99782e-10
-2.31699  1.00586e-08
-2.31418  3.83091e-09
-2.31267  0.0285274
-2.31134  1.43778e-10
-2.30984  0.00142985
-2.30703  3.04561e-05
-2.30422  3.43308e-07
-2.303  6.54193e-09
-2.30142  2.12442e-09
-2.3002  1.61928e-10
-2.28516  1.19972e-10
-2.28098  0.000386028
-2.27824  1.6445e-05
-2.27551  2.78057e-07
-2.27279  2.29419e-09
-2.25028  2.2199e-06
-2.24763  7.50695e-08
-2.24498  9.29075e-10
-2.24074  2.25472e-07
-2.23811  3.20491e-08
-2.2355  2.12375e-09
-2.2278  6.16359e-07
-2.2252  2.08432e-08
-2.22262  2.5796e-10
-2.22051  6.75709e-09
-2.21794  1.67223e-10
-2.21126  8.65217e-09
-2.20821  2.35201e-07
-2.20567  7.97567e-09
-2.20314  1.00383e-10
-2.1987  5.62721e-09
-2.19618  1.39287e-10
-2.18265  1.54795e-10
-2.17968  2.15326e-09
-2.17888  0.000166026
-2.17642  7.0728e-06
-2.17396  1.19589e-07
-2.17151  9.86706e-10
-2.15119  1.90951e-06
-2.14879  6.4573e-08
-2.1464  7.99168e-10
-2.12426  8.71667e-09
-2.12193  2.15758e-10
-2.11587  1.8606e-09
-2.11356  2.46597e-10
-2.10448  1.2101e-09
-2.08739  0.00124374
-2.08515  0.000200692
-2.08291  1.5227e-05
-2.08068  7.21433e-07
-2.07845  2.3912e-08
-2.07623  5.87912e-10
-2.06215  5.45933e-05
-2.06  0.000108956
-2.05782  4.87522e-06
-2.05564  9.83641e-08
-2.05346  1.39205e-09
-2.03756  1.11362e-06
-2.03546  1.31625e-06
-2.03333  4.9628e-08
-2.0312  9.13245e-10
-2.01358  1.42091e-08
-2.01152  7.16974e-09
-2.00944  2.46557e-10
-1.99017  1.26995e-10
-1.982  4.58831e-08
-1.9798  2.33098e-05
-1.97779  3.53659e-06
-1.97579  2.51325e-07
-1.97379  1.11029e-08
-1.97207  1.88482e-07
-1.97008  6.37e-09
-1.95935  1.76069e-09
-1.9572  9.55139e-07
-1.95639  5.37457e-10
-1.95484  8.64053e-05
-1.95289  3.67974e-06
-1.95094  6.23584e-08
-1.9495  2.23897e-09
-1.93511  1.83227e-08
-1.93429  0.000101357
-1.93246  5.31132e-06
-1.9306  1.06629e-07
-1.92874  1.02177e-09
-1.91352  2.18519e-10
-1.91272  1.16573e-06
-1.91089  4.39663e-08
-1.90906  6.01112e-10
-1.89162  5.32324e-09
-1.88982  1.41976e-10
-1.88503  7.57251e-10
-1.88304  2.054e-07
-1.88122  2.91866e-08
-1.87941  1.93396e-09
-1.87605  7.40998e-10
-1.86258  8.06859e-09
-1.86045  4.26298e-07
-1.85868  1.44359e-08
-1.85691  1.80185e-10
-1.84181  5.0151e-07
-1.84014  2.08519e-08
-1.83846  3.06798e-10
-1.82221  4.57893e-09
-1.82055  1.26434e-10
-1.79518  1.13014e-09
-1.79353  1.4973e-10
-1.77649  1.42265e-05
-1.77486  2.15963e-06
-1.77324  1.53441e-07
-1.77163  6.77807e-09
-1.77001  2.08335e-10
-1.76847  6.92637e-05
-1.76687  2.95067e-06
-1.76526  4.98908e-08
-1.76366  4.11639e-10
-1.75818  5.83811e-07
-1.75661  3.87026e-07
-1.75502  1.57755e-08
-1.75343  3.52275e-10
-1.75032  7.96618e-07
-1.74874  2.69389e-08
-1.74717  3.33401e-10
-1.74023  1.11867e-08
-1.73868  4.26149e-09
-1.73712  1.59844e-10
-1.73251  3.63647e-09
-1.72261  1.33378e-10
-1.70696  0.0241218
-1.70545  0.00120903
-1.70395  2.57527e-05
-1.70245  2.90289e-07
-1.70095  1.79634e-09
-1.69926  1.21303e-10
-1.69762  2.50682e-07
-1.69612  3.56304e-08
-1.69464  2.36109e-09
-1.69187  1.53076e-10
-1.68995  0.000326755
-1.68847  1.39169e-05
-1.68699  2.35259e-07
-1.68552  1.94066e-09
-1.68077  9.62052e-09
-1.67902  2.61482e-07
-1.67755  8.86688e-09
-1.6761  1.116e-10
-1.67325  1.8802e-06
-1.67179  6.35537e-08
-1.67034  7.86212e-10
-1.66361  1.53212e-07
-1.66228  7.56916e-09
-1.6609  1.2391e-10
-1.65683  5.72286e-09
-1.65541  1.41562e-10
-1.64737  1.39913e-09
-1.63352  0.000140386
-1.63213  5.98053e-06
-1.63074  1.01121e-07
-1.62935  8.34325e-10
-1.62488  2.06873e-09
-1.6235  2.74164e-10
-1.61779  1.61529e-06
-1.61642  5.46174e-08
-1.61506  6.75882e-10
-1.60767  1.02786e-09
-1.60233  7.37501e-09
-1.60098  1.8251e-10
-1.5934  6.02155e-10
-1.56548  3.47213e-07
-1.56419  1.17416e-08
-1.56289  1.45316e-10
-1.55086  3.17062e-09
-1.54294  7.6515e-08
-1.54168  1.0877e-08
-1.54042  7.2072e-10
-1.5367  2.09174e-07
-1.53545  7.07337e-09
-1.52867  2.93669e-09
-1.52744  7.54032e-10
-1.52253  1.90963e-09
-1.51277  5.63415e-05
-1.51155  2.40018e-06
-1.51033  4.0583e-08
-1.5091  3.41223e-10
-1.50214  4.54456e-10
-1.49897  6.47997e-07
-1.49776  2.19131e-08
-1.49656  2.712e-10
-1.48848  8.57043e-05
-1.48729  3.65105e-06
-1.48607  6.4691e-08
-1.48483  5.82565e-10
-1.4811  1.26283e-09
-1.47992  1.67369e-10
-1.47504  9.86526e-07
-1.47387  3.33535e-08
-1.47269  4.19289e-10
-1.46638  3.1705e-10
-1.4618  4.50511e-09
-1.46064  1.11464e-10
-1.45414  1.23799e-10
-1.45289  2.787e-07
-1.45175  9.4246e-09
-1.45061  1.1664e-10
-1.43997  2.54444e-09
-1.43015  4.2394e-07
-1.42903  1.43362e-08
-1.42789  1.85929e-10
-1.41755  3.87165e-09
-1.40952  3.95403e-06
-1.40843  6.00003e-07
-1.40734  4.26409e-08
-1.40626  1.88382e-09
-1.39721  1.61988e-07
-1.39615  1.08107e-07
-1.39508  4.39802e-09
-1.38507  3.10803e-09
-1.38402  1.18737e-09
-1.3754  8.32321e-10
-1.35712  2.56977e-10
-1.356  6.97032e-08
-1.35497  9.90456e-09
-1.35395  6.56295e-10
-1.35213  2.77605e-10
-1.34441  2.67458e-09
-1.34319  7.26758e-08
-1.34218  2.46443e-09
-1.33252  1.73618e-07
-1.33157  2.98977e-09
-1.32125  1.5688e-09
-1.31265  1.31441e-07
-1.31168  2.37423e-09
-1.30555  5.76562e-10
-1.30164  1.18219e-09
-1.29345  2.90244e-10
-1.28339  6.86886e-10
-1.26461  5.20701e-10
-1.24754  3.93503e-09
-1.24742  4.40615e-08
-1.24638  9.81385e-10
-1.24305  5.91855e-08
-1.24241  0.00112203
-1.2407  4.40311e-06
-1.23979  4.82634e-08
-1.23717  2.15205e-09
-1.23289  5.3558e-10
-1.23177  0.000129609
-1.23024  5.40418e-08
-1.22883  1.26464e-10
-1.22223  9.72635e-07
-1.22145  9.37465e-07
-1.2197  2.13611e-10
-1.2123  1.24723e-08
-1.21154  4.20175e-09
-1.20827  4.967e-05
-1.20657  3.45987e-08
-1.2028  9.06736e-10
-1.19852  5.66687e-07
-1.19809  2.08899e-05
-1.19643  1.50225e-08
-1.19555  6.09078e-10
-1.19221  1.77606e-10
-1.18848  8.23291e-07
-1.18753  6.94347e-05
-1.18588  1.63576e-08
-1.18329  2.08652e-10
-1.17895  1.57486e-08
-1.17801  7.90834e-07
-1.17637  1.08509e-10
-1.17337  0.0222037
-1.17093  2.55767e-07
-1.16865  3.7671e-09
-1.16568  2.43731e-07
-1.16405  0.000285826
-1.16322  1.23822e-05
-1.1616  1.70546e-09
-1.15609  1.69698e-07
-1.15479  1.68446e-06
-1.15397  3.04103e-08
-1.14691  6.49552e-09
-1.14597  3.4464e-07
-1.14472  1.7088e-10
-1.13784  1.16301e-10
-1.13692  3.08222e-09
-1.13253  0.000125354
-1.13173  2.90162e-06
-1.13018  2.68871e-10
-1.1252  4.70025e-10
-1.12361  1.46226e-06
-1.11606  9.14619e-10
-1.11483  6.53659e-09
-1.11405  1.61027e-10
-1.11148  2.4444e-10
-1.10724  1.27407e-05
-1.10583  2.13217e-08
-1.10503  1.32024e-09
-1.10355  5.57283e-05
-1.10205  1.29882e-08
-1.0984  7.60461e-07
-1.09496  6.35422e-07
-1.09355  3.61696e-07
-1.0924  1.74616e-09
-1.08996  1.20202e-08
-1.08647  2.87523e-09
-1.08507  3.27643e-09
-1.0816  1.23488e-10
-1.0782  1.4874e-07
-1.06988  1.34638e-09
-1.06952  2.22412e-07
-1.06809  3.19892e-10
-1.066  2.73288e-07
-1.06052  2.16011e-07
-1.0578  2.47294e-09
-1.05638  5.93641e-10
-1.05317  1.44045e-10
-1.05236  1.88166e-09
-1.04838  7.82987e-05
-1.04629  4.47791e-10
-1.04181  5.73809e-10
-1.04037  8.92694e-07
-1.03356  1.70897e-09
-1.03246  4.11714e-09
-1.03015  5.3237e-10
-1.02869  9.07741e-09
-1.02495  8.78716e-10
-1.02089  3.3731e-10
-1.01332  3.83884e-07
-1.00567  3.47385e-09
-0.9945  1.47971e-10
-0.991586  6.57116e-08
-0.990895  2.27258e-09
-0.988382  1.66839e-07
-0.984127  2.56003e-09
-0.983541  3.12253e-10
-0.98097  1.50963e-09
-0.979745  8.63442e-10
-0.975821  4.53313e-05
-0.974553  1.05659e-08
-0.968532  5.16875e-07
-0.966721  2.42727e-10
-0.961313  2.33959e-09
-0.958976  1.10047e-09
-0.955922  6.49274e-10
-0.951249  2.8562e-10
-0.943891  2.22304e-07
-0.940654  1.17147e-07
-0.936907  2.01148e-09
-0.9337  1.06036e-09
-0.920231  7.00714e-06
-0.919587  8.69796e-08
-0.918463  1.75453e-10
-0.913462  2.87572e-07
-0.912943  1.35602e-07
-0.910183  4.56014e-10
-0.906668  6.69374e-09
-0.897421  4.13375e-08
-0.890587  1.24191e-07
-0.88948  2.19189e-10
-0.88844  1.98417e-10
-0.884072  4.95141e-09
-0.883468  1.15143e-07
-0.877469  1.3685e-07
-0.873925  4.17168e-05
-0.873356  1.8072e-06
-0.872242  2.49828e-10
-0.8711  1.23144e-09
-0.868695  1.61074e-10
-0.867563  4.96019e-07
-0.86647  2.01871e-10
-0.862132  1.01515e-09
-0.86128  2.24674e-09
-0.855339  4.84919e-10
-0.849532  5.31681e-10
-0.846103  2.13408e-07
-0.840012  1.93158e-09
-0.828775  7.54986e-08
-0.826236  9.2749e-08
-0.82279  3.19393e-09
-0.820007  1.25823e-09
-0.805911  3.83348e-05
-0.804912  4.78725e-09
-0.802717  1.2369e-09
-0.80017  4.37472e-07
-0.796451  2.7379e-10
-0.794478  1.97985e-09
-0.791166  1.63746e-10
-0.788022  1.30294e-07
-0.782433  1.17912e-09
-0.780715  1.8798e-07
-0.775189  1.70135e-09
-0.763492  5.07058e-10
-0.756456  3.65779e-10
-0.748174  3.77141e-10
-0.745929  2.20359e-10
-0.73705  7.54454e-08
-0.731887  6.82648e-10
-0.727933  1.1477e-07
-0.722845  1.03904e-09
-0.714378  2.93692e-10
-0.712071  1.54765e-10
-0.705587  4.46608e-10
-0.697481  2.10073e-08
-0.692602  8.87948e-10
-0.685624  0.0200525
-0.684387  1.07335e-07
-0.68397  9.03119e-10
-0.680877  0.000269129
-0.68006  1.87474e-07
-0.676167  1.53496e-06
-0.675354  6.24894e-10
-0.671489  4.71848e-09
-0.66677  1.87601e-10
-0.664769  0.000115865
-0.663569  6.77164e-10
-0.660188  1.32036e-06
-0.659245  6.81531e-10
-0.655642  5.9767e-09
-0.644637  2.83975e-07
-0.643973  1.49038e-10
-0.640213  2.56984e-09
-0.631492  2.09656e-10
-0.629376  2.73603e-06
-0.624966  1.63411e-07
-0.620904  7.07151e-05
-0.619796  4.04434e-10
-0.616663  8.06224e-07
-0.614828  6.37988e-08
-0.612454  3.65002e-09
-0.610453  4.83272e-08
-0.606291  1.8091e-09
-0.605888  4.45088e-08
-0.602263  3.47256e-07
-0.599742  3.35723e-05
-0.598164  3.1396e-09
-0.595663  3.82956e-07
-0.591715  2.1234e-09
-0.587776  1.90328e-10
-0.584245  6.76255e-10
-0.581809  1.6462e-07
-0.577866  1.48971e-09
-0.570576  2.91509e-08
-0.568927  3.57732e-08
-0.566686  1.23221e-09
-0.56474  6.93756e-10
-0.56298  1.0586e-07
-0.559177  9.5783e-10
-0.557532  1.51572e-10
-0.553606  4.77539e-10
-0.55201  1.39209e-10
-0.549561  1.2248e-10
-0.546257  4.12909e-10
-0.543997  5.37278e-08
-0.543993  4.67738e-08
-0.540333  9.09665e-10
-0.52789  3.911e-10
-0.526162  3.93071e-05
-0.52263  4.48143e-07
-0.519124  2.02794e-09
-0.517794  1.45461e-10
-0.510606  2.21939e-07
-0.507188  2.00782e-09
-0.495554  4.88529e-10
-0.493882  1.19374e-10
-0.484173  1.62042e-08
-0.480921  6.85111e-10
-0.477821  1.17678e-07
-0.47464  1.06474e-09
-0.469977  2.65622e-10
-0.463802  5.27614e-10
-0.461929  5.58644e-08
-0.45886  5.05536e-10
-0.448429  2.17457e-10
-0.439958  1.61714e-10
-0.434224  1.3986e-10
-0.428716  2.46049e-08
-0.425882  2.22754e-10
-0.41987  1.32714e-10
-0.40636  3.27036e-08
-0.403451  0.000965995
-0.400666  0.000111191
-0.398056  1.63816e-06
-0.395471  1.44653e-08
-0.392904  1.03892e-10
-0.391754  1.7927e-05
-0.388931  6.02606e-05
-0.386375  6.91762e-07
-0.384079  1.61037e-10
-0.38383  3.06575e-09
-0.380412  1.56432e-07
-0.377677  2.96854e-07
-0.375201  2.73462e-09
-0.369431  9.30124e-10
-0.368429  3.03196e-05
-0.366981  1.09446e-05
-0.365954  4.81461e-05
-0.364219  9.44273e-07
-0.363553  2.54436e-07
-0.362054  1.14648e-08
-0.36117  1.32646e-09
-0.359744  1.12205e-10
-0.357793  1.4871e-07
-0.355838  4.26732e-07
-0.353829  1.87387e-07
-0.351525  1.74424e-09
-0.347476  2.89387e-10
-0.345895  2.0191e-09
-0.343644  7.49025e-10
-0.339625  4.16642e-09
-0.337387  1.7632e-10
-0.335254  9.07627e-08
-0.333278  2.02247e-07
-0.33143  3.76064e-09
-0.329319  3.88824e-05
-0.327169  4.43316e-07
-0.325193  1.28154e-09
-0.324318  2.4135e-08
-0.322101  4.43586e-10
-0.319853  1.9066e-07
-0.317766  1.72509e-09
-0.315025  1.12512e-10
-0.312758  6.08359e-06
-0.31067  3.62893e-07
-0.308669  5.79427e-09
-0.305168  1.0801e-10
-0.303785  1.05622e-07
-0.303523  9.14497e-10
-0.301621  1.0299e-07
-0.29978  1.17361e-07
-0.297829  1.0569e-09
-0.295084  9.2465e-10
-0.292982  4.15242e-10
-0.291189  4.56015e-10
-0.285863  5.04522e-08
-0.284313  1.44813e-07
-0.282723  3.46019e-09
-0.277602  3.28778e-05
-0.275801  3.76209e-07
-0.274097  1.97012e-09
-0.272945  1.44176e-10
-0.269662  1.61214e-07
-0.267916  1.46715e-09
-0.261955  3.14512e-10
-0.26032  1.21971e-10
-0.259044  5.13196e-10
-0.255746  6.47007e-08
-0.254088  5.85721e-10
-0.252816  9.84214e-08
-0.251202  9.24396e-10
-0.248444  2.51861e-10
-0.245599  3.83071e-10
-0.24297  1.80148e-08
-0.241384  7.6145e-10
-0.23604  2.95655e-10
-0.232949  1.54365e-10
-0.230266  1.19214e-10
-0.225469  0.0189803
-0.22401  0.000254916
-0.222561  1.45318e-06
-0.220632  4.69719e-06
-0.219047  0.000109915
-0.217631  1.25479e-06
-0.215845  6.04085e-08
-0.21435  8.24059e-08
-0.212816  3.48234e-07
-0.210781  2.87927e-05
-0.209419  3.28454e-07
-0.208123  2.1557e-09
-0.206767  6.71806e-10
-0.205412  6.70729e-05
-0.204085  7.64368e-07
-0.20194  2.29231e-08
-0.201012  4.9997e-08
-0.199709  3.9226e-07
-0.198391  3.46144e-09
-0.19644  2.15912e-10
-0.195296  8.18194e-10
-0.194091  1.08983e-09
-0.192049  8.61873e-08
-0.19081  7.80245e-10
-0.187162  1.00517e-07
-0.185956  9.13109e-10
-0.183271  2.96249e-10
-0.182065  5.44877e-10
-0.180655  4.99108e-08
-0.17949  4.51796e-10
-0.175428  3.71936e-05
-0.174322  4.36258e-07
-0.173173  1.91902e-09
-0.171676  2.77943e-08
-0.170447  1.8369e-07
-0.169349  1.67088e-09
-0.166803  4.55458e-10
-0.165616  4.71974e-10
-0.164035  4.80276e-08
-0.162978  4.34338e-10
-0.159867  1.1156e-07
-0.158838  1.00989e-09
-0.155947  5.97245e-10
-0.155325  2.07555e-10
-0.152561  4.21993e-08
-0.151582  3.87194e-10
-0.149491  1.14083e-10
-0.148229  1.65856e-10
-0.145696  1.32938e-10
-0.139039  1.00922e-10
-0.136578  3.10848e-08
-0.135699  1.51198e-10
-0.133076  2.01206e-10
-0.131554  2.61381e-05
-0.130706  1.5983e-07
-0.127824  1.28679e-07
-0.124098  2.86986e-05
-0.123296  3.28674e-07
-0.121436  1.09249e-08
-0.12034  2.20409e-07
-0.119094  4.39408e-10
-0.117623  3.26236e-10
-0.116062  3.76057e-08
-0.115305  1.56793e-10
-0.113112  8.64041e-08
-0.112448  4.2668e-10
-0.110693  1.37034e-10
-0.109798  4.44589e-10
-0.105871  1.0267e-10
-0.102471  4.35484e-08
-0.101806  2.12247e-10
-0.0995668  1.945e-10
-0.0966616  4.81865e-08
-0.0937423  2.90638e-10
-0.088116  1.1434e-10
-0.0792479  2.13322e-06
-0.07825  6.14909e-10
-0.0767669  6.94151e-08
-0.0758043  1.11773e-10
-0.0746861  4.25154e-10
-0.0723137  8.25128e-08
-0.0701837  6.75027e-10
-0.0684417  1.8495e-08
-0.0662757  1.96522e-10
-0.0649917  2.16854e-08
-0.0628895  1.27941e-10
-0.0617559  1.24283e-08
-0.0600134  2.02371e-10
-0.0563274  2.02619e-10
-0.0549161  1.82599e-08
-0.0446968  2.47604e-05
-0.0439322  2.62622e-07
-0.0418193  1.64177e-08
-0.0407482  7.43999e-08
-0.0396869  4.31511e-10
-0.0348268  4.15369e-08
-0.0318958  1.19907e-10
-0.0261479  1.44689e-08
-0.0246692  3.19733e-08
-0.0239802  1.05769e-10
-0.0157592  2.79459e-09
-0.00889411  1.37363e-08
0.00889411  1.37363e-08
0.0157592  2.79459e-09
0.0239802  1.05769e-10
0.0246692  3.19733e-08
0.0261479  1.44689e-08
0.0318958  1.19907e-10
0.0348268  4.15369e-08
0.0396869  4.31511e-10
0.0407482  7.43999e-08
0.0418193  1.64177e-08
0.0439322  2.62622e-07
0.0446968  2.47604e-05
0.0549161  1.82599e-08
0.0563274  2.02619e-10
0.0600134  2.02371e-10
0.0617559  1.24283e-08
0.0628895  1.27941e-10
0.0649917  2.16854e-08
0.0662757  1.96522e-10
0.0684417  1.8495e-08
0.0701837  6.75027e-10
0.0723137  8.25128e-08
0.0746861  4.25154e-10
0.0758043  1.11773e-10
0.0767669  6.94151e-08
0.07825  6.14909e-10
0.0792479  2.13322e-06
0.088116  1.1434e-10
0.0937423  2.90638e-10
0.0966616  4.81865e-08
0.0995668  1.945e-10
0.101806  2.12247e-10
0.102471  4.35484e-08
0.105871  1.0267e-10
0.109798  4.44589e-10
0.110693  1.37034e-10
0.112448  4.2668e-10
0.113112  8.64041e-08
0.115305  1.56793e-10
0.116062  3.76057e-08
0.117623  3.26236e-10
0.119094  4.39408e-10
0.12034  2.20409e-07
0.121436  1.09249e-08
0.123296  3.28674e-07
0.124098  2.86986e-05
0.127824  1.28679e-07
0.130706  1.5983e-07
0.131554  2.61381e-05
0.133076  2.01206e-10
0.135699  1.51198e-10
0.136578  3.10848e-08
0.139039  1.00922e-10
0.145696  1.32938e-10
0.148229  1.65856e-10
0.149491  1.14083e-10
0.151582  3.87194e-10
0.152561  4.21993e-08
0.155325  2.07555e-10
0.155947  5.97245e-10
0.158838  1.00989e-09
0.159867  1.1156e-07
0.162978  4.34338e-10
0.164035  4.80276e-08
0.165616  4.71974e-10
0.166803  4.55458e-10
0.169349  1.67088e-09
0.170447  1.8369e-07
0.171676  2.77943e-08
0.173173  1.91902e-09
0.174322  4.36258e-07
0.175428  3.71936e-05
0.17949  4.51796e-10
0.180655  4.99108e-08
0.182065  5.44877e-10
0.183271  2.96249e-10
0.185956  9.13109e-10
0.187162  1.00517e-07
0.19081  7.80245e-10
0.192049  8.61873e-08
0.194091  1.08983e-09
0.195296  8.18194e-10
0.19644  2.15912e-10
0.198391  3.46144e-09
0.199709  3.9226e-07
0.201012  4.9997e-08
0.20194  2.29231e-08
0.204085  7.64368e-07
0.205412  6.70729e-05
0.206767  6.71806e-10
0.208123  2.1557e-09
0.209419  3.28454e-07
0.210781  2.87927e-05
0.212816  3.48234e-07
0.21435  8.24059e-08
0.215845  6.04085e-08
0.217631  1.25479e-06
0.219047  0.000109915
0.220632  4.69719e-06
0.222561  1.45318e-06
0.22401  0.000254916
0.225469  0.0189803
0.230266  1.19214e-10
0.232949  1.54365e-10
0.23604  2.95655e-10
0.241384  7.6145e-10
0.24297  1.80148e-08
0.245599  3.83071e-10
0.248444  2.51861e-10
0.251202  9.24396e-10
0.252816  9.84214e-08
0.254088  5.85721e-10
0.255746  6.47007e-08
0.259044  5.13196e-10
0.26032  1.21971e-10
0.261955  3.14512e-10
0.267916  1.46715e-09
0.269662  1.61214e-07
0.272945  1.44176e-10
0.274097  1.97012e-09
0.275801  3.76209e-07
0.277602  3.28778e-05
0.282723  3.46019e-09
0.284313  1.44813e-07
0.285863  5.04522e-08
0.291189  4.56015e-10
0.292982  4.15242e-10
0.295084  9.2465e-10
0.297829  1.0569e-09
0.29978  1.17361e-07
0.301621  1.0299e-07
0.303523  9.14497e-10
0.303785  1.05622e-07
0.305168  1.0801e-10
0.308669  5.79427e-09
0.31067  3.62893e-07
0.312758  6.08359e-06
0.315025  1.12512e-10
0.317766  1.72509e-09
0.319853  1.9066e-07
0.322101  4.43586e-10
0.324318  2.4135e-08
0.325193  1.28154e-09
0.327169  4.43316e-07
0.329319  3.88824e-05
0.33143  3.76064e-09
0.333278  2.02247e-07
0.335254  9.07627e-08
0.337387  1.7632e-10
0.339625  4.16642e-09
0.343644  7.49025e-10
0.345895  2.0191e-09
0.347476  2.89387e-10
0.351525  1.74424e-09
0.353829  1.87387e-07
0.355838  4.26732e-07
0.357793  1.4871e-07
0.359744  1.12205e-10
0.36117  1.32646e-09
0.362054  1.14648e-08
0.363553  2.54436e-07
0.364219  9.44273e-07
0.365954  4.81461e-05
0.366981  1.09446e-05
0.368429  3.03196e-05
0.369431  9.30124e-10
0.375201  2.73462e-09
0.377677  2.96854e-07
0.380412  1.56432e-07
0.38383  3.06575e-09
0.384079  1.61037e-10
0.386375  6.91762e-07
0.388931  6.02606e-05
0.391754  1.7927e-05
0.392904  1.03892e-10
0.395471  1.44653e-08
0.398056  1.63816e-06
0.400666  0.000111191
0.403451  0.000965995
0.40636  3.27036e-08
0.41987  1.32714e-10
0.425882  2.22754e-10
0.428716  2.46049e-08
0.434224  1.3986e-10
0.439958  1.61714e-10
0.448429  2.17457e-10
0.45886  5.05536e-10
0.461929  5.58644e-08
0.463802  5.27614e-10
0.469977  2.65622e-10
0.47464  1.06474e-09
0.477821  1.17678e-07
0.480921  6.85111e-10
0.484173  1.62042e-08
0.493882  1.19374e-10
0.495554  4.88529e-10
0.507188  2.00782e-09
0.510606  2.21939e-07
0.517794  1.45461e-10
0.519124  2.02794e-09
0.52263  4.48143e-07
0.526162  3.93071e-05
0.52789  3.911e-10
0.540333  9.09665e-10
0.543993  4.67738e-08
0.543997  5.37278e-08
0.546257  4.12909e-10
0.549561  1.2248e-10
0.55201  1.39209e-10
0.553606  4.77539e-10
0.557532  1.51572e-10
0.559177  9.5783e-10
0.56298  1.0586e-07
0.56474  6.93756e-10
0.566686  1.23221e-09
0.568927  3.57732e-08
0.570576  2.91509e-08
0.577866  1.48971e-09
0.581809  1.6462e-07
0.584245  6.76255e-10
0.587776  1.90328e-10
0.591715  2.1234e-09
0.595663  3.82956e-07
0.598164  3.1396e-09
0.599742  3.35723e-05
0.602263  3.47256e-07
0.605888  4.45088e-08
0.606291  1.8091e-09
0.610453  4.83272e-08
0.612454  3.65002e-09
0.614828  6.37988e-08
0.616663  8.06224e-07
0.619796  4.04434e-10
0.620904  7.07151e-05
0.624966  1.63411e-07
0.629376  2.73603e-06
0.631492  2.09656e-10
0.640213  2.56984e-09
0.643973  1.49038e-10
0.644637  2.83975e-07
0.655642  5.9767e-09
0.659245  6.81531e-10
0.660188  1.32036e-06
0.663569  6.77164e-10
0.664769  0.000115865
0.66677  1.87601e-10
0.671489  4.71848e-09
0.675354  6.24894e-10
0.676167  1.53496e-06
0.68006  1.87474e-07
0.680877  0.000269129
0.68397  9.03119e-10
0.684387  1.07335e-07
0.685624  0.0200525
0.692602  8.87948e-10
0.697481  2.10073e-08
0.705587  4.46608e-10
0.712071  1.54765e-10
0.714378  2.93692e-10
0.722845  1.03904e-09
0.727933  1.1477e-07
0.731887  6.82648e-10
0.73705  7.54454e-08
0.745929  2.20359e-10
0.748174  3.77141e-10
0.756456  3.65779e-10
0.763492  5.07058e-10
0.775189  1.70135e-09
0.780715  1.8798e-07
0.782433  1.17912e-09
0.788022  1.30294e-07
0.791166  1.63746e-10
0.794478  1.97985e-09
0.796451  2.7379e-10
0.80017  4.37472e-07
0.802717  1.2369e-09
0.804912  4.78725e-09
0.805911  3.83348e-05
0.820007  1.25823e-09
0.82279  3.19393e-09
0.826236  9.2749e-08
0.828775  7.54986e-08
0.840012  1.93158e-09
0.846103  2.13408e-07
0.849532  5.31681e-10
0.855339  4.84919e-10
0.86128  2.24674e-09
0.862132  1.01515e-09
0.86647  2.01871e-10
0.867563  4.96019e-07
0.868695  1.61074e-10
0.8711  1.23144e-09
0.872242  2.49828e-10
0.873356  1.8072e-06
0.873925  4.17168e-05
0.877469  1.3685e-07
0.883468  1.15143e-07
0.884072  4.95141e-09
0.88844  1.98417e-10
0.88948  2.19189e-10
0.890587  1.24191e-07
0.897421  4.13375e-08
0.906668  6.69374e-09
0.910183  4.56014e-10
0.912943  1.35602e-07
0.913462  2.87572e-07
0.918463  1.75453e-10
0.919587  8.69796e-08
0.920231  7.00714e-06
0.9337  1.06036e-09
0.936907  2.01148e-09
0.940654  1.17147e-07
0.943891  2.22304e-07
0.951249  2.8562e-10
0.955922  6.49274e-10
0.958976  1.10047e-09
0.961313  2.33959e-09
0.966721  2.42727e-10
0.968532  5.16875e-07
0.974553  1.05659e-08
0.975821  4.53313e-05
0.979745  8.63442e-10
0.98097  1.50963e-09
0.983541  3.12253e-10
0.984127  2.56003e-09
0.988382  1.66839e-07
0.990895  2.27258e-09
0.991586  6.57116e-08
0.9945  1.47971e-10
1.00567  3.47385e-09
1.01332  3.83884e-07
1.02089  3.3731e-10
1.02495  8.78716e-10
1.02869  9.07741e-09
1.03015  5.3237e-10
1.03246  4.11714e-09
1.03356  1.70897e-09
1.04037  8.92694e-07
1.04181  5.73809e-10
1.04629  4.47791e-10
1.04838  7.82987e-05
1.05236  1.88166e-09
1.05317  1.44045e-10
1.05638  5.93641e-10
1.0578  2.47294e-09
1.06052  2.16011e-07
1.066  2.73288e-07
1.06809  3.19892e-10
1.06952  2.22412e-07
1.06988  1.34638e-09
1.0782  1.4874e-07
1.0816  1.23488e-10
1.08507  3.27643e-09
1.08647  2.87523e-09
1.08996  1.20202e-08
1.0924  1.74616e-09
1.09355  3.61696e-07
1.09496  6.35422e-07
1.0984  7.60461e-07
1.10205  1.29882e-08
1.10355  5.57283e-05
1.10503  1.32024e-09
1.10583  2.13217e-08
1.10724  1.27407e-05
1.11148  2.4444e-10
1.11405  1.61027e-10
1.11483  6.53659e-09
1.11606  9.14619e-10
1.12361  1.46226e-06
1.1252  4.70025e-10
1.13018  2.68871e-10
1.13173  2.90162e-06
1.13253  0.000125354
1.13692  3.08222e-09
1.13784  1.16301e-10
1.14472  1.7088e-10
1.14597  3.4464e-07
1.14691  6.49552e-09
1.15397  3.04103e-08
1.15479  1.68446e-06
1.15609  1.69698e-07
1.1616  1.70546e-09
1.16322  1.23822e-05
1.16405  0.000285826
1.16568  2.43731e-07
1.16865  3.7671e-09
1.17093  2.55767e-07
1.17337  0.0222037
1.17637  1.08509e-10
1.17801  7.90834e-07
1.17895  1.57486e-08
1.18329  2.08652e-10
1.18588  1.63576e-08
1.18753  6.94347e-05
1.18848  8.23291e-07
1.19221  1.77606e-10
1.19555  6.09078e-10
1.19643  1.50225e-08
1.19809  2.08899e-05
1.19852  5.66687e-07
1.2028  9.06736e-10
1.20657  3.45987e-08
1.20827  4.967e-05
1.21154  4.20175e-09
1.2123  1.24723e-08
1.2197  2.13611e-10
1.22145  9.37465e-07
1.22223  9.72635e-07
1.22883  1.26464e-10
1.23024  5.40418e-08
1.23177  0.000129609
1.23289  5.3558e-10
1.23717  2.15205e-09
1.23979  4.82634e-08
1.2407  4.40311e-06
1.24241  0.00112203
1.24305  5.91855e-08
1.24638  9.81385e-10
1.24742  4.40615e-08
1.24754  3.93503e-09
1.26461  5.20701e-10
1.28339  6.86886e-10
1.29345  2.90244e-10
1.30164  1.18219e-09
1.30555  5.76562e-10
1.31168  2.37423e-09
1.31265  1.31441e-07
1.32125  1.5688e-09
1.33157  2.98977e-09
1.33252  1.73618e-07
1.34218  2.46443e-09
1.34319  7.26758e-08
1.34441  2.67458e-09
1.35213  2.77605e-10
1.35395  6.56295e-10
1.35497  9.90456e-09
1.356  6.97032e-08
1.35712  2.56977e-10
1.3754  8.32321e-10
1.38402  1.18737e-09
1.38507  3.10803e-09
1.39508  4.39802e-09
1.39615  1.08107e-07
1.39721  1.61988e-07
1.40626  1.88382e-09
1.40734  4.26409e-08
1.40843  6.00003e-07
1.40952  3.95403e-06
1.41755  3.87165e-09
1.42789  1.85929e-10
1.42903  1.43362e-08
1.43015  4.2394e-07
1.43997  2.54444e-09
1.45061  1.1664e-10
1.45175  9.4246e-09
1.45289  2.787e-07
1.45414  1.23799e-10
1.46064  1.11464e-10
1.4618  4.50511e-09
1.46638  3.1705e-10
1.47269  4.19289e-10
1.47387  3.33535e-08
1.47504  9.86526e-07
1.47992  1.67369e-10
1.4811  1.26283e-09
1.48483  5.82565e-10
1.48607  6.4691e-08
1.48729  3.65105e-06
1.48848  8.57043e-05
1.49656  2.712e-10
1.49776  2.19131e-08
1.49897  6.47997e-07
1.50214  4.54456e-10
1.5091  3.41223e-10
1.51033  4.0583e-08
1.51155  2.40018e-06
1.51277  5.63415e-05
1.52253  1.90963e-09
1.52744  7.54032e-10
1.52867  2.93669e-09
1.53545  7.07337e-09
1.5367  2.09174e-07
1.54042  7.2072e-10
1.54168  1.0877e-08
1.54294  7.6515e-08
1.55086  3.17062e-09
1.56289  1.45316e-10
1.56419  1.17416e-08
1.56548  3.47213e-07
1.5934  6.02155e-10
1.60098  1.8251e-10
1.60233  7.37501e-09
1.60767  1.02786e-09
1.61506  6.75882e-10
1.61642  5.46174e-08
1.61779  1.61529e-06
1.6235  2.74164e-10
1.62488  2.06873e-09
1.62935  8.34325e-10
1.63074  1.01121e-07
1.63213  5.98053e-06
1.63352  0.000140386
1.64737  1.39913e-09
1.65541  1.41562e-10
1.65683  5.72286e-09
1.6609  1.2391e-10
1.66228  7.56916e-09
1.66361  1.53212e-07
1.67034  7.86212e-10
1.67179  6.35537e-08
1.67325  1.8802e-06
1.6761  1.116e-10
1.67755  8.86688e-09
1.67902  2.61482e-07
1.68077  9.62052e-09
1.68552  1.94066e-09
1.68699  2.35259e-07
1.68847  1.39169e-05
1.68995  0.000326755
1.69187  1.53076e-10
1.69464  2.36109e-09
1.69612  3.56304e-08
1.69762  2.50682e-07
1.69926  1.21303e-10
1.70095  1.79634e-09
1.70245  2.90289e-07
1.70395  2.57527e-05
1.70545  0.00120903
1.70696  0.0241218
1.72261  1.33378e-10
1.73251  3.63647e-09
1.73712  1.59844e-10
1.73868  4.26149e-09
1.74023  1.11867e-08
1.74717  3.33401e-10
1.74874  2.69389e-08
1.75032  7.96618e-07
1.75343  3.52275e-10
1.75502  1.57755e-08
1.75661  3.87026e-07
1.75818  5.83811e-07
1.76366  4.11639e-10
1.76526  4.98908e-08
1.76687  2.95067e-06
1.76847  6.92637e-05
1.77001  2.08335e-10
1.77163  6.77807e-09
1.77324  1.53441e-07
1.77486  2.15963e-06
1.77649  1.42265e-05
1.79353  1.4973e-10
1.79518  1.13014e-09
1.82055  1.26434e-10
1.82221  4.57893e-09
1.83846  3.06798e-10
1.84014  2.08519e-08
1.84181  5.0151e-07
1.85691  1.80185e-10
1.85868  1.44359e-08
1.86045  4.26298e-07
1.86258  8.06859e-09
1.87605  7.40998e-10
1.87941  1.93396e-09
1.88122  2.91866e-08
1.88304  2.054e-07
1.88503  7.57251e-10
1.88982  1.41976e-10
1.89162  5.32324e-09
1.90906  6.01112e-10
1.91089  4.39663e-08
1.91272  1.16573e-06
1.91352  2.18519e-10
1.92874  1.02177e-09
1.9306  1.06629e-07
1.93246  5.31132e-06
1.93429  0.000101357
1.93511  1.83227e-08
1.9495  2.23897e-09
1.95094  6.23584e-08
1.95289  3.67974e-06
1.95484  8.64053e-05
1.95639  5.37457e-10
1.9572  9.55139e-07
1.95935  1.76069e-09
1.97008  6.37e-09
1.97207  1.88482e-07
1.97379  1.11029e-08
1.97579  2.51325e-07
1.97779  3.53659e-06
1.9798  2.33098e-05
1.982  4.58831e-08
1.99017  1.26995e-10
2.00944  2.46557e-10
2.01152  7.16974e-09
2.01358  1.42091e-08
2.0312  9.13245e-10
2.03333  4.9628e-08
2.03546  1.31625e-06
2.03756  1.11362e-06
2.05346  1.39205e-09
2.05564  9.83641e-08
2.05782  4.87522e-06
2.06  0.000108956
2.06215  5.45933e-05
2.07623  5.87912e-10
2.07845  2.3912e-08
2.08068  7.21433e-07
2.08291  1.5227e-05
2.08515  0.000200692
2.08739  0.00124374
2.10448  1.2101e-09
2.11356  2.46597e-10
2.11587  1.8606e-09
2.12193  2.15758e-10
2.12426  8.71667e-09
2.1464  7.99168e-10
2.14879  6.4573e-08
2.15119  1.90951e-06
2.17151  9.86706e-10
2.17396  1.19589e-07
2.17642  7.0728e-06
2.17888  0.000166026
2.17968  2.15326e-09
2.18265  1.54795e-10
2.19618  1.39287e-10
2.1987  5.62721e-09
2.20314  1.00383e-10
2.20567  7.97567e-09
2.20821  2.35201e-07
2.21126  8.65217e-09
2.21794  1.67223e-10
2.22051  6.75709e-09
2.22262  2.5796e-10
2.2252  2.08432e-08
2.2278  6.16359e-07
2.2355  2.12375e-09
2.23811  3.20491e-08
2.24074  2.25472e-07
2.24498  9.29075e-10
2.24763  7.50695e-08
2.25028  2.2199e-06
2.27279  2.29419e-09
2.27551  2.78057e-07
2.27824  1.6445e-05
2.28098  0.000386028
2.28516  1.19972e-10
2.3002  1.61928e-10
2.30142  2.12442e-09
2.303  6.54193e-09
2.30422  3.43308e-07
2.30703  3.04561e-05
2.30984  0.00142985
2.31134  1.43778e-10
2.31267  0.0285274
2.31418  3.83091e-09
2.31699  1.00586e-08
2.32965  5.99782e-10
2.33253  4.84625e-08
2.33543  1.4331e-06
2.34112  3.16868e-10
2.34406  1.41898e-08
2.34699  3.48109e-07
2.34988  5.24247e-07
2.36001  7.4053e-10
2.36298  8.97526e-08
2.36597  5.30819e-06
2.36896  0.000124604
2.37183  1.87392e-10
2.37484  6.09666e-09
2.37785  1.38e-07
2.38033  1.50019e-09
2.38088  1.94181e-06
2.38392  1.27966e-05
2.40373  6.60726e-10
2.41608  2.69288e-10
2.41923  2.03181e-09
2.50381  1.72671e-10
2.50725  6.9801e-09
2.5114  2.53559e-10
2.53038  1.14078e-10
2.53391  4.60877e-09
2.54015  3.19786e-10
2.54372  2.58543e-08
2.54444  1.15469e-10
2.54731  7.65015e-07
2.54803  1.87837e-09
2.55163  1.41725e-08
2.56773  2.11272e-10
2.5714  1.70709e-08
2.57509  5.04807e-07
2.58234  1.42566e-10
2.58607  3.47874e-09
2.58981  5.24949e-08
2.59356  3.6933e-07
2.64896  2.00957e-10
2.65295  8.17672e-09
2.65776  3.93035e-10
2.67979  2.65243e-10
2.68391  1.07159e-08
2.69118  7.54488e-10
2.69534  6.04836e-08
2.69951  1.7872e-06
2.70455  3.29526e-08
2.72337  9.82461e-10
2.72767  7.93831e-08
2.73199  2.34746e-06
2.73528  9.37804e-10
2.73962  1.12181e-07
2.74398  6.61978e-06
2.74837  0.000155441
2.75367  1.71746e-06
2.76895  1.21301e-09
2.77345  1.47017e-07
2.77797  8.69498e-06
2.78251  0.000204105
2.78688  6.13904e-10
2.79146  1.9973e-08
2.79607  4.52096e-07
2.79984  8.18196e-10
2.80069  6.36148e-06
2.80534  4.19222e-05
2.82956  2.28462e-10
2.85554  3.15848e-10
2.86066  9.13722e-09
2.87545  4.43549e-10
2.88048  1.28979e-08
2.88545  2.55394e-08
2.90807  1.14216e-09
2.91326  9.2287e-08
2.91846  2.72904e-06
2.92878  1.6429e-09
2.93409  8.92784e-08
2.93942  2.36774e-06
2.94468  1.99664e-06
2.96323  2.82038e-09
2.96871  3.41831e-07
2.97422  2.02167e-05
2.97975  0.000474566
2.98512  2.50423e-09
2.99075  1.76953e-07
2.99527  1.41266e-10
2.99639  8.7701e-06
3.00092  5.70717e-09
3.00206  0.000195985
3.00766  9.74736e-05
3.02163  2.61167e-09
3.02744  4.22047e-07
3.03328  3.74414e-05
3.03916  0.00175779
3.04507  0.0350702
3.05076  4.30028e-08
3.05563  2.61625e-10
3.05674  1.29785e-06
3.06165  2.11394e-08
3.06276  2.73932e-05
3.06769  6.25118e-07
3.06881  0.000361043
3.0749  0.00223746
3.13407  1.89942e-09
3.14058  2.86627e-08
3.14712  2.01658e-07
3.24593  3.28459e-10
3.25321  1.32698e-08
3.26203  3.21901e-10
3.32425  1.21661e-09
3.33213  9.83025e-08
3.33373  2.19888e-10
3.33386  1.65887e-10
3.34007  2.90693e-06
3.34168  3.57696e-09
3.34182  6.70186e-09
3.3497  2.69886e-08
3.40926  1.50211e-09
3.41785  1.82056e-07
3.41964  8.50199e-10
3.4265  1.07673e-05
3.42835  3.80727e-08
3.43523  0.000252749
3.43712  9.33999e-07
3.44583  1.40663e-06
3.51353  5.02796e-10
3.52306  1.63582e-08
3.53268  3.70273e-07
3.5424  5.21014e-06
3.55221  3.43349e-05
3.58156  2.54567e-10
3.59177  1.02845e-08
3.60417  3.74227e-10
3.69301  1.41437e-09
3.70443  1.14282e-07
3.70685  7.26547e-10
3.71598  3.37946e-06
3.71847  2.11271e-08
3.73004  4.18343e-08
3.81847  3.49256e-09
3.83143  4.23299e-07
3.83418  2.69113e-09
3.84456  2.5035e-05
3.8474  1.46241e-07
3.85786  0.000587669
3.86076  3.87843e-06
3.87408  3.27055e-06
3.96199  3.2341e-09
3.97696  5.22633e-07
3.98012  4.10201e-09
3.99217  4.63648e-05
3.99545  2.89855e-07
4.0076  0.00217672
4.01097  1.43657e-05
4.02328  0.0434285
4.02672  0.000321029
4.04245  0.000159664
4.12878  1.74023e-10
4.15098  1.73207e-09
4.16909  7.04398e-08
4.18755  2.12591e-06
4.20635  4.48707e-05
4.22551  0.000591397
4.24504  0.00366501
4.30909  4.97058e-10
4.33042  1.52999e-08
4.35184  2.43173e-08
4.55555  2.63934e-09
4.58293  1.58075e-07
4.61101  4.32874e-06
4.63942  2.53479e-06
4.88332  6.81943e-09
4.92155  5.85509e-07
4.96119  3.14e-05
5.00243  0.000718258
5.0447  0.000185618
5.37358  4.02724e-09
5.37461  3.79777e-09
5.43651  1.6378e-07
5.43761  6.13721e-07
5.50366  4.94296e-06
5.50484  5.44455e-05
5.57565  0.000104329
5.57692  0.0025561
5.65323  0.00137506
5.65462  0.0509975
5.73734  0.00852154
6.37699  2.48615e-09
6.55894  1.21328e-07
6.78152  4.57717e-06
7.06826  0.000128811
7.47185  0.00254661
8.15939  0.0315638
12.6255  0.0940984
12.6826  0.0904973
