-7.89672  1.00687e-09
-7.47132  6.84067e-09
-7.17382  1.93649e-08
-7.01842  6.74715e-09
-6.94483  2.92367e-08
-6.81933  3.82002e-08
-6.75863  2.48293e-08
-6.65337  8.65111e-08
-6.60328  1.77137e-08
-6.55814  1.8839e-08
-6.51107  9.79596e-08
-6.46965  3.874e-08
-6.42797  8.53284e-08
-6.38653  5.54616e-08
-6.35005  8.2927e-08
-6.3128  1.44931e-07
-6.27807  4.86773e-08
-6.24333  1.28077e-07
-6.20954  1.09407e-07
-6.17889  1.63587e-07
-6.14702  1.83123e-07
-6.11595  3.09714e-08
-6.088  2.77853e-07
-6.05911  2.15754e-07
-6.03279  8.06751e-08
-6.00481  2.67433e-07
-5.97853  2.08015e-07
-5.95378  2.74054e-07
-5.92801  2.73308e-07
-5.90408  1.83492e-07
-5.88056  3.10321e-07
-5.85661  4.03718e-07
-5.83499  2.34797e-07
-5.81249  2.03989e-07
-5.79011  5.36555e-07
-5.76995  3.80935e-07
-5.74825  3.04092e-07
-5.72764  4.38957e-07
-5.70869  3.92337e-07
-5.68787  5.71868e-07
-5.66953  3.57277e-07
-5.6512  3.76994e-07
-5.6311  6.62105e-07
-5.61445  5.96662e-07
-5.59614  4.85583e-07
-5.57744  3.87578e-07
-5.56145  7.88339e-07
-5.54376  6.80086e-07
-5.52891  3.80519e-07
-5.51112  7.58868e-07
-5.49491  7.50038e-07
-5.48022  7.75272e-07
-5.46311  6.89665e-07
-5.44965  5.59891e-07
-5.43278  9.29085e-07
-5.41793  9.00382e-07
-5.40626  6.3068e-07
-5.38825  8.16259e-07
-5.37511  1.10244e-06
-5.36191  8.70459e-07
-5.34694  8.06539e-07
-5.33405  9.78977e-07
-5.3195  9.48179e-07
-5.30675  1.21879e-06
-5.29456  8.93918e-07
-5.28106  8.3452e-07
-5.26744  1.44596e-06
-5.2554  1.0034e-06
-5.24411  1.07825e-06
-5.22998  1.226e-06
-5.21534  1.58738e-06
-5.20317  1.45257e-06
-5.19174  8.76052e-07
-5.17984  1.26558e-06
-5.16792  1.56323e-06
-5.15643  1.40389e-06
-5.14489  1.42479e-06
-5.13376  1.06702e-06
-5.12341  1.63823e-06
-5.11155  1.84774e-06
-5.10108  9.11409e-07
-5.09081  1.52728e-06
-5.07937  1.79012e-06
-5.06962  1.85809e-06
-5.05802  1.77856e-06
-5.04686  1.27413e-06
-5.03786  1.98988e-06
-5.02517  2.62527e-06
-5.00959  2.24751e-06
-4.99547  3.22147e-06
-4.98169  2.61523e-06
-4.97031  1.73507e-06
-4.95726  3.20767e-06
-4.94571  2.35193e-06
-4.93441  1.97155e-06
-4.92388  2.99209e-06
-4.91241  3.17697e-06
-4.89946  2.42545e-06
-4.8903  2.06354e-06
-4.87962  3.39993e-06
-4.86861  2.90415e-06
-4.85706  2.68326e-06
-4.8479  3.31071e-06
-4.83747  2.77034e-06
-4.82612  3.18399e-06
-4.81594  3.65173e-06
-4.80504  3.13813e-06
-4.79383  4.08342e-06
-4.78207  3.55318e-06
-4.77078  4.72238e-06
-4.75805  3.85047e-06
-4.74752  4.8474e-06
-4.73477  3.61632e-06
-4.72483  4.91554e-06
-4.71206  5.09653e-06
-4.70213  3.70803e-06
-4.69068  5.40614e-06
-4.68055  3.8635e-06
-4.66947  5.40109e-06
-4.65968  4.84631e-06
-4.64897  5.20012e-06
-4.63908  4.55197e-06
-4.62709  6.72347e-06
-4.61619  5.01801e-06
-4.60597  6.20508e-06
-4.59424  6.75396e-06
-4.58249  6.03584e-06
-4.57148  6.90622e-06
-4.56139  5.63727e-06
-4.55021  7.7388e-06
-4.53935  5.95283e-06
-4.52867  7.71877e-06
-4.51838  6.82735e-06
-4.50771  7.23691e-06
-4.49737  7.34956e-06
-4.4876  6.82255e-06
-4.47676  9.05913e-06
-4.46522  8.54809e-06
-4.45347  9.78014e-06
-4.44276  8.47771e-06
-4.43156  9.17421e-06
-4.42061  9.34456e-06
-4.4098  9.89318e-06
-4.39959  9.11627e-06
-4.38833  1.02183e-05
-4.37835  9.73188e-06
-4.36774  1.06936e-05
-4.35722  9.86808e-06
-4.3459  1.2436e-05
-4.33578  1.06537e-05
-4.32488  1.1845e-05
-4.31434  1.08154e-05
-4.30455  1.1725e-05
-4.29449  1.22431e-05
-4.28349  1.2879e-05
-4.27336  1.24126e-05
-4.26342  1.31078e-05
-4.25258  1.33253e-05
-4.2421  1.44423e-05
-4.23148  1.36095e-05
-4.22124  1.53097e-05
-4.20999  1.66091e-05
-4.19894  1.49213e-05
-4.18796  1.75279e-05
-4.17708  1.62443e-05
-4.16663  1.59184e-05
-4.15613  1.73992e-05
-4.14574  1.71764e-05
-4.13546  1.68086e-05
-4.12527  1.86989e-05
-4.11511  1.79452e-05
-4.10428  1.95506e-05
-4.09387  1.94079e-05
-4.08359  1.98553e-05
-4.07324  1.94643e-05
-4.06309  2.11677e-05
-4.05237  2.22208e-05
-4.04148  2.23195e-05
-4.03118  2.19999e-05
-4.02118  2.15379e-05
-4.01079  2.38919e-05
-4.00043  2.39939e-05
-3.99006  2.46305e-05
-3.97905  2.69387e-05
-3.96805  2.72039e-05
-3.95733  2.64465e-05
-3.94676  2.77661e-05
-3.93647  2.61114e-05
-3.92599  2.90097e-05
-3.91607  2.7099e-05
-3.90569  2.9384e-05
-3.89489  3.29527e-05
-3.88406  3.07963e-05
-3.87372  3.03554e-05
-3.86347  3.22427e-05
-3.85297  3.39306e-05
-3.8428  3.16666e-05
-3.83243  3.59061e-05
-3.82187  3.42865e-05
-3.81189  3.52947e-05
-3.80109  3.82714e-05
-3.79034  3.93429e-05
-3.77949  3.99281e-05
-3.76902  3.85561e-05
-3.75834  4.11626e-05
-3.74787  4.28446e-05
-3.7372  4.06675e-05
-3.7269  4.37386e-05
-3.71596  4.72966e-05
-3.70537  4.31668e-05
-3.69483  4.78105e-05
-3.68431  4.66451e-05
-3.67394  4.6278e-05
-3.66351  5.06776e-05
-3.6529  5.01853e-05
-3.64232  5.12263e-05
-3.63171  5.33925e-05
-3.62125  5.2506e-05
-3.61054  5.72961e-05
-3.60014  5.22038e-05
-3.58988  5.78673e-05
-3.57923  5.83975e-05
-3.56893  5.78955e-05
-3.55841  6.06474e-05
-3.54821  5.91565e-05
-3.53771  6.42769e-05
-3.52707  6.50303e-05
-3.51663  6.4048e-05
-3.50638  6.44045e-05
-3.49634  6.71268e-05
-3.48563  7.07854e-05
-3.47517  6.98794e-05
-3.46476  7.34319e-05
-3.45412  7.4123e-05
-3.44378  7.2632e-05
-3.43354  7.59536e-05
-3.42315  7.72715e-05
-3.41265  8.08446e-05
-3.402  8.22497e-05
-3.39169  7.88187e-05
-3.38155  8.35788e-05
-3.37103  8.68727e-05
-3.36065  8.54403e-05
-3.35024  8.96973e-05
-3.33993  9.00083e-05
-3.3297  8.85657e-05
-3.31943  9.46584e-05
-3.30904  9.48159e-05
-3.29862  9.8459e-05
-3.28828  9.55364e-05
-3.2782  9.94393e-05
-3.26812  9.91386e-05
-3.25789  0.000104958
-3.24742  0.000107169
-3.23698  0.000108588
-3.2267  0.00010932
-3.21631  0.000113836
-3.2058  0.000116081
-3.1954  0.000114648
-3.18526  0.000115606
-3.17495  0.000121734
-3.16456  0.000123288
-3.15414  0.000125204
-3.14383  0.000125622
-3.13369  0.000126709
-3.12338  0.000132919
-3.11298  0.000134645
-3.10277  0.000131285
-3.09269  0.000136918
-3.08235  0.000141436
-3.07205  0.000142372
-3.06183  0.000143097
-3.05162  0.000146772
-3.04131  0.000152356
-3.03097  0.000151206
-3.02086  0.000152681
-3.01047  0.000162821
-3.00019  0.000156996
-2.98999  0.000163539
-2.97976  0.000162612
-2.96959  0.000168297
-2.95935  0.000171775
-2.94902  0.000175101
-2.9388  0.000174197
-2.92855  0.00018226
-2.9183  0.000180161
-2.90814  0.000185692
-2.89783  0.000189995
-2.88756  0.000189929
-2.87741  0.000194024
-2.86715  0.000197384
-2.85692  0.000200436
-2.84661  0.000206274
-2.83636  0.000207194
-2.82612  0.000209818
-2.81587  0.000216267
-2.80556  0.000218546
-2.79525  0.000220807
-2.78497  0.000227028
-2.77468  0.000225708
-2.76448  0.000231315
-2.75424  0.000235134
-2.744  0.000236954
-2.73382  0.000241736
-2.72359  0.000244849
-2.71337  0.000251699
-2.70309  0.000253042
-2.69284  0.000257418
-2.68266  0.000258513
-2.67247  0.000263517
-2.66229  0.00026649
-2.65204  0.000276732
-2.64177  0.000276203
-2.63155  0.000280221
-2.62137  0.000284015
-2.61112  0.000291067
-2.60084  0.000293292
-2.59069  0.000293099
-2.58045  0.00030727
-2.5701  0.000307114
-2.55996  0.000304709
-2.54991  0.000311937
-2.53978  0.000315699
-2.52968  0.000322094
-2.51938  0.000335019
-2.50907  0.000331404
-2.49889  0.00033636
-2.48865  0.000343898
-2.47842  0.000346364
-2.46828  0.0003492
-2.45812  0.000356073
-2.44795  0.00035954
-2.4378  0.000364905
-2.42762  0.000371261
-2.41748  0.000371583
-2.40736  0.000379219
-2.39719  0.000384591
-2.387  0.000392294
-2.37679  0.000397619
-2.36662  0.000400514
-2.35643  0.00040928
-2.34622  0.000412885
-2.33606  0.00041528
-2.32588  0.00042354
-2.31569  0.000429905
-2.30555  0.000428267
-2.29539  0.000442175
-2.28522  0.000444244
-2.27504  0.000453106
-2.26484  0.000459299
-2.25464  0.000463785
-2.24444  0.000469803
-2.23431  0.000468802
-2.22417  0.000482637
-2.21359  0.000523611
-2.20295  0.000503384
-2.19273  0.000495304
-2.18264  0.000503176
-2.17247  0.000514065
-2.16227  0.000520357
-2.15211  0.000520632
-2.1419  0.000536284
-2.13172  0.000533168
-2.12164  0.000542245
-2.1115  0.00055029
-2.10139  0.000552119
-2.09123  0.000569048
-2.08107  0.000564121
-2.07096  0.000576009
-2.06086  0.000577036
-2.05067  0.000601552
-2.04048  0.000590874
-2.03043  0.000601142
-2.02031  0.000613239
-2.01017  0.0006166
-2.00001  0.000626294
-1.98985  0.000631711
-1.97973  0.000636298
-1.96963  0.00064665
-1.95954  0.000648901
-1.9494  0.000668662
-1.93918  0.000675446
-1.92858  0.000734181
-1.91796  0.000690597
-1.9078  0.000688258
-1.89771  0.00069566
-1.88761  0.000709852
-1.87747  0.000716996
-1.86738  0.000720162
-1.85724  0.000738275
-1.84707  0.000739217
-1.83693  0.000748839
-1.8268  0.00075055
-1.81672  0.000760741
-1.80658  0.000778658
-1.79639  0.000786051
-1.78628  0.000786235
-1.77614  0.000804121
-1.76602  0.000798416
-1.75585  0.000827451
-1.74564  0.000819855
-1.73556  0.000826525
-1.72546  0.000841482
-1.71532  0.000855003
-1.70522  0.000855541
-1.69512  0.000868465
-1.68504  0.00086778
-1.67494  0.000885724
-1.66481  0.000895751
-1.65471  0.000900108
-1.64453  0.000931924
-1.63429  0.000927206
-1.62419  0.000927415
-1.61408  0.000944478
-1.60394  0.000944962
-1.59382  0.000963205
-1.58373  0.000964775
-1.57363  0.000985724
-1.56353  0.000984167
-1.55346  0.000997945
-1.54332  0.00101136
-1.53317  0.00102311
-1.52301  0.00102921
-1.51288  0.00104233
-1.50278  0.00105085
-1.49271  0.00105461
-1.48264  0.00106816
-1.47256  0.00107454
-1.46244  0.00109221
-1.45233  0.00109707
-1.44227  0.00110919
-1.43212  0.00113686
-1.42203  0.00112295
-1.41199  0.00114177
-1.4019  0.00115111
-1.39176  0.00116858
-1.38164  0.00117584
-1.37155  0.00119041
-1.36147  0.00119832
-1.3514  0.00120894
-1.34133  0.00122137
-1.33126  0.00122357
-1.32116  0.00124443
-1.311  0.00126598
-1.3009  0.00126488
-1.29087  0.00127784
-1.2807  0.00131567
-1.27058  0.00129331
-1.26053  0.00131145
-1.25043  0.00132304
-1.24034  0.00133985
-1.23027  0.00135347
-1.22019  0.00137216
-1.21006  0.00139198
-1.19995  0.00138094
-1.18945  0.00152338
-1.17882  0.00143444
-1.16823  0.00155343
-1.15766  0.00146791
-1.14753  0.00146268
-1.13747  0.0014672
-1.12738  0.00149192
-1.11727  0.00148918
-1.10724  0.00149313
-1.09715  0.00154623
-1.087  0.00154548
-1.07689  0.0015751
-1.06677  0.00157114
-1.05669  0.00157995
-1.04662  0.00158775
-1.03654  0.00161967
-1.02647  0.00162625
-1.01636  0.00165887
-1.0063  0.00164581
-0.996254  0.00167424
-0.986152  0.0016755
-0.976016  0.00172719
-0.965906  0.00171738
-0.95583  0.00175025
-0.945731  0.00175082
-0.935661  0.00176566
-0.925552  0.00177586
-0.915423  0.00179895
-0.905339  0.00181989
-0.895299  0.00183493
-0.88528  0.00184898
-0.875203  0.0018881
-0.865066  0.00188999
-0.854958  0.0018901
-0.844885  0.00192825
-0.834821  0.00194355
-0.824747  0.00197557
-0.814679  0.00197277
-0.804612  0.00199931
-0.794567  0.00196947
-0.784559  0.00201568
-0.774521  0.00206081
-0.764369  0.0021233
-0.754229  0.00210704
-0.744189  0.00211279
-0.734161  0.00212039
-0.724037  0.00215792
-0.71391  0.00216377
-0.703391  0.00241492
-0.692872  0.002245
-0.682811  0.00226718
-0.672734  0.00227764
-0.662662  0.00227776
-0.652556  0.00230676
-0.642465  0.00231416
-0.632467  0.0023733
-0.622419  0.00242665
-0.612353  0.00242979
-0.602269  0.00246299
-0.592202  0.0024422
-0.582112  0.002471
-0.571995  0.00251635
-0.561938  0.00258796
-0.551857  0.00260991
-0.541809  0.00263473
-0.531761  0.00264116
-0.52172  0.00263301
-0.5116  0.00270922
-0.501519  0.00274222
-0.491481  0.00279922
-0.481453  0.00281546
-0.4714  0.00283566
-0.461315  0.00284767
-0.451203  0.00287875
-0.441139  0.00297731
-0.431087  0.00302918
-0.420966  0.00308014
-0.410399  0.00334055
-0.399837  0.00307835
-0.38923  0.00342921
-0.378754  0.00323762
-0.368683  0.00332415
-0.358627  0.00330734
-0.348549  0.0033462
-0.338427  0.00334706
-0.328293  0.00343579
-0.31828  0.00357479
-0.308244  0.00363398
-0.298187  0.00365415
-0.288123  0.00366022
-0.278048  0.00364486
-0.267921  0.00384435
-0.257898  0.00397906
-0.247898  0.00405819
-0.237803  0.0041104
-0.227749  0.00405038
-0.217705  0.00405808
-0.207596  0.00434474
-0.197563  0.00460687
-0.187494  0.00466253
-0.177451  0.00464196
-0.167394  0.00468371
-0.157288  0.00462957
-0.147149  0.00515187
-0.137179  0.0054585
-0.127169  0.0055361
-0.11713  0.00556019
-0.107027  0.00557405
-0.0969073  0.00553178
-0.0867116  0.00662869
-0.0767931  0.00718226
-0.0667872  0.00719832
-0.056745  0.00730083
-0.0466773  0.00729235
-0.0366205  0.00736729
-0.0262305  0.0117751
-0.0165069  0.0134675
-0.00633334  0.0155848
-0.000764605  0.0031387
0.000764605  0.0031387
0.00633334  0.0155848
0.0165069  0.0134675
0.0262305  0.0117751
0.0366205  0.00736729
0.0466773  0.00729235
0.056745  0.00730083
0.0667872  0.00719832
0.0767931  0.00718226
0.0867116  0.00662869
0.0969073  0.00553178
0.107027  0.00557405
0.11713  0.00556019
0.127169  0.0055361
0.137179  0.0054585
0.147149  0.00515187
0.157288  0.00462957
0.167394  0.00468371
0.177451  0.00464196
0.187494  0.00466253
0.197563  0.00460687
0.207596  0.00434474
0.217705  0.00405808
0.227749  0.00405038
0.237803  0.0041104
0.247898  0.00405819
0.257898  0.00397906
0.267921  0.00384435
0.278048  0.00364486
0.288123  0.00366022
0.298187  0.00365415
0.308244  0.00363398
0.31828  0.00357479
0.328293  0.00343579
0.338427  0.00334706
0.348549  0.0033462
0.358627  0.00330734
0.368683  0.00332415
0.378754  0.00323762
0.38923  0.00342921
0.399837  0.00307835
0.410399  0.00334055
0.420966  0.00308014
0.431087  0.00302918
0.441139  0.00297731
0.451203  0.00287875
0.461315  0.00284767
0.4714  0.00283566
0.481453  0.00281546
0.491481  0.00279922
0.501519  0.00274222
0.5116  0.00270922
0.52172  0.00263301
0.531761  0.00264116
0.541809  0.00263473
0.551857  0.00260991
0.561938  0.00258796
0.571995  0.00251635
0.582112  0.002471
0.592202  0.0024422
0.602269  0.00246299
0.612353  0.00242979
0.622419  0.00242665
0.632467  0.0023733
0.642465  0.00231416
0.652556  0.00230676
0.662662  0.00227776
0.672734  0.00227764
0.682811  0.00226718
0.692872  0.002245
0.703391  0.00241492
0.71391  0.00216377
0.724037  0.00215792
0.734161  0.00212039
0.744189  0.00211279
0.754229  0.00210704
0.764369  0.0021233
0.774521  0.00206081
0.784559  0.00201568
0.794567  0.00196947
0.804612  0.00199931
0.814679  0.00197277
0.824747  0.00197557
0.834821  0.00194355
0.844885  0.00192825
0.854958  0.0018901
0.865066  0.00188999
0.875203  0.0018881
0.88528  0.00184898
0.895299  0.00183493
0.905339  0.00181989
0.915423  0.00179895
0.925552  0.00177586
0.935661  0.00176566
0.945731  0.00175082
0.95583  0.00175025
0.965906  0.00171738
0.976016  0.00172719
0.986152  0.0016755
0.996254  0.00167424
1.0063  0.00164581
1.01636  0.00165887
1.02647  0.00162625
1.03654  0.00161967
1.04662  0.00158775
1.05669  0.00157995
1.06677  0.00157114
1.07689  0.0015751
1.087  0.00154548
1.09715  0.00154623
1.10724  0.00149313
1.11727  0.00148918
1.12738  0.00149192
1.13747  0.0014672
1.14753  0.00146268
1.15766  0.00146791
1.16823  0.00155343
1.17882  0.00143444
1.18945  0.00152338
1.19995  0.00138094
1.21006  0.00139198
1.22019  0.00137216
1.23027  0.00135347
1.24034  0.00133985
1.25043  0.00132304
1.26053  0.00131145
1.27058  0.00129331
1.2807  0.00131567
1.29087  0.00127784
1.3009  0.00126488
1.311  0.00126598
1.32116  0.00124443
1.33126  0.00122357
1.34133  0.00122137
1.3514  0.00120894
1.36147  0.00119832
1.37155  0.00119041
1.38164  0.00117584
1.39176  0.00116858
1.4019  0.00115111
1.41199  0.00114177
1.42203  0.00112295
1.43212  0.00113686
1.44227  0.00110919
1.45233  0.00109707
1.46244  0.00109221
1.47256  0.00107454
1.48264  0.00106816
1.49271  0.00105461
1.50278  0.00105085
1.51288  0.00104233
1.52301  0.00102921
1.53317  0.00102311
1.54332  0.00101136
1.55346  0.000997945
1.56353  0.000984167
1.57363  0.000985724
1.58373  0.000964775
1.59382  0.000963205
1.60394  0.000944962
1.61408  0.000944478
1.62419  0.000927415
1.63429  0.000927206
1.64453  0.000931924
1.65471  0.000900108
1.66481  0.000895751
1.67494  0.000885724
1.68504  0.00086778
1.69512  0.000868465
1.70522  0.000855541
1.71532  0.000855003
1.72546  0.000841482
1.73556  0.000826525
1.74564  0.000819855
1.75585  0.000827451
1.76602  0.000798416
1.77614  0.000804121
1.78628  0.000786235
1.79639  0.000786051
1.80658  0.000778658
1.81672  0.000760741
1.8268  0.00075055
1.83693  0.000748839
1.84707  0.000739217
1.85724  0.000738275
1.86738  0.000720162
1.87747  0.000716996
1.88761  0.000709852
1.89771  0.00069566
1.9078  0.000688258
1.91796  0.000690597
1.92858  0.000734181
1.93918  0.000675446
1.9494  0.000668662
1.95954  0.000648901
1.96963  0.00064665
1.97973  0.000636298
1.98985  0.000631711
2.00001  0.000626294
2.01017  0.0006166
2.02031  0.000613239
2.03043  0.000601142
2.04048  0.000590874
2.05067  0.000601552
2.06086  0.000577036
2.07096  0.000576009
2.08107  0.000564121
2.09123  0.000569048
2.10139  0.000552119
2.1115  0.00055029
2.12164  0.000542245
2.13172  0.000533168
2.1419  0.000536284
2.15211  0.000520632
2.16227  0.000520357
2.17247  0.000514065
2.18264  0.000503176
2.19273  0.000495304
2.20295  0.000503384
2.21359  0.000523611
2.22417  0.000482637
2.23431  0.000468802
2.24444  0.000469803
2.25464  0.000463785
2.26484  0.000459299
2.27504  0.000453106
2.28522  0.000444244
2.29539  0.000442175
2.30555  0.000428267
2.31569  0.000429905
2.32588  0.00042354
2.33606  0.00041528
2.34622  0.000412885
2.35643  0.00040928
2.36662  0.000400514
2.37679  0.000397619
2.387  0.000392294
2.39719  0.000384591
2.40736  0.000379219
2.41748  0.000371583
2.42762  0.000371261
2.4378  0.000364905
2.44795  0.00035954
2.45812  0.000356073
2.46828  0.0003492
2.47842  0.000346364
2.48865  0.000343898
2.49889  0.00033636
2.50907  0.000331404
2.51938  0.000335019
2.52968  0.000322094
2.53978  0.000315699
2.54991  0.000311937
2.55996  0.000304709
2.5701  0.000307114
2.58045  0.00030727
2.59069  0.000293099
2.60084  0.000293292
2.61112  0.000291067
2.62137  0.000284015
2.63155  0.000280221
2.64177  0.000276203
2.65204  0.000276732
2.66229  0.00026649
2.67247  0.000263517
2.68266  0.000258513
2.69284  0.000257418
2.70309  0.000253042
2.71337  0.000251699
2.72359  0.000244849
2.73382  0.000241736
2.744  0.000236954
2.75424  0.000235134
2.76448  0.000231315
2.77468  0.000225708
2.78497  0.000227028
2.79525  0.000220807
2.80556  0.000218546
2.81587  0.000216267
2.82612  0.000209818
2.83636  0.000207194
2.84661  0.000206274
2.85692  0.000200436
2.86715  0.000197384
2.87741  0.000194024
2.88756  0.000189929
2.89783  0.000189995
2.90814  0.000185692
2.9183  0.000180161
2.92855  0.00018226
2.9388  0.000174197
2.94902  0.000175101
2.95935  0.000171775
2.96959  0.000168297
2.97976  0.000162612
2.98999  0.000163539
3.00019  0.000156996
3.01047  0.000162821
3.02086  0.000152681
3.03097  0.000151206
3.04131  0.000152356
3.05162  0.000146772
3.06183  0.000143097
3.07205  0.000142372
3.08235  0.000141436
3.09269  0.000136918
3.10277  0.000131285
3.11298  0.000134645
3.12338  0.000132919
3.13369  0.000126709
3.14383  0.000125622
3.15414  0.000125204
3.16456  0.000123288
3.17495  0.000121734
3.18526  0.000115606
3.1954  0.000114648
3.2058  0.000116081
3.21631  0.000113836
3.2267  0.00010932
3.23698  0.000108588
3.24742  0.000107169
3.25789  0.000104958
3.26812  9.91386e-05
3.2782  9.94393e-05
3.28828  9.55364e-05
3.29862  9.8459e-05
3.30904  9.48159e-05
3.31943  9.46584e-05
3.3297  8.85657e-05
3.33993  9.00083e-05
3.35024  8.96973e-05
3.36065  8.54403e-05
3.37103  8.68727e-05
3.38155  8.35788e-05
3.39169  7.88187e-05
3.402  8.22497e-05
3.41265  8.08446e-05
3.42315  7.72715e-05
3.43354  7.59536e-05
3.44378  7.2632e-05
3.45412  7.4123e-05
3.46476  7.34319e-05
3.47517  6.98794e-05
3.48563  7.07854e-05
3.49634  6.71268e-05
3.50638  6.44045e-05
3.51663  6.4048e-05
3.52707  6.50303e-05
3.53771  6.42769e-05
3.54821  5.91565e-05
3.55841  6.06474e-05
3.56893  5.78955e-05
3.57923  5.83975e-05
3.58988  5.78673e-05
3.60014  5.22038e-05
3.61054  5.72961e-05
3.62125  5.2506e-05
3.63171  5.33925e-05
3.64232  5.12263e-05
3.6529  5.01853e-05
3.66351  5.06776e-05
3.67394  4.6278e-05
3.68431  4.66451e-05
3.69483  4.78105e-05
3.70537  4.31668e-05
3.71596  4.72966e-05
3.7269  4.37386e-05
3.7372  4.06675e-05
3.74787  4.28446e-05
3.75834  4.11626e-05
3.76902  3.85561e-05
3.77949  3.99281e-05
3.79034  3.93429e-05
3.80109  3.82714e-05
3.81189  3.52947e-05
3.82187  3.42865e-05
3.83243  3.59061e-05
3.8428  3.16666e-05
3.85297  3.39306e-05
3.86347  3.22427e-05
3.87372  3.03554e-05
3.88406  3.07963e-05
3.89489  3.29527e-05
3.90569  2.9384e-05
3.91607  2.7099e-05
3.92599  2.90097e-05
3.93647  2.61114e-05
3.94676  2.77661e-05
3.95733  2.64465e-05
3.96805  2.72039e-05
3.97905  2.69387e-05
3.99006  2.46305e-05
4.00043  2.39939e-05
4.01079  2.38919e-05
4.02118  2.15379e-05
4.03118  2.19999e-05
4.04148  2.23195e-05
4.05237  2.22208e-05
4.06309  2.11677e-05
4.07324  1.94643e-05
4.08359  1.98553e-05
4.09387  1.94079e-05
4.10428  1.95506e-05
4.11511  1.79452e-05
4.12527  1.86989e-05
4.13546  1.68086e-05
4.14574  1.71764e-05
4.15613  1.73992e-05
4.16663  1.59184e-05
4.17708  1.62443e-05
4.18796  1.75279e-05
4.19894  1.49213e-05
4.20999  1.66091e-05
4.22124  1.53097e-05
4.23148  1.36095e-05
4.2421  1.44423e-05
4.25258  1.33253e-05
4.26342  1.31078e-05
4.27336  1.24126e-05
4.28349  1.2879e-05
4.29449  1.22431e-05
4.30455  1.1725e-05
4.31434  1.08154e-05
4.32488  1.1845e-05
4.33578  1.06537e-05
4.3459  1.2436e-05
4.35722  9.86808e-06
4.36774  1.06936e-05
4.37835  9.73188e-06
4.38833  1.02183e-05
4.39959  9.11627e-06
4.4098  9.89318e-06
4.42061  9.34456e-06
4.43156  9.17421e-06
4.44276  8.47771e-06
4.45347  9.78014e-06
4.46522  8.54809e-06
4.47676  9.05913e-06
4.4876  6.82255e-06
4.49737  7.34956e-06
4.50771  7.23691e-06
4.51838  6.82735e-06
4.52867  7.71877e-06
4.53935  5.95283e-06
4.55021  7.7388e-06
4.56139  5.63727e-06
4.57148  6.90622e-06
4.58249  6.03584e-06
4.59424  6.75396e-06
4.60597  6.20508e-06
4.61619  5.01801e-06
4.62709  6.72347e-06
4.63908  4.55197e-06
4.64897  5.20012e-06
4.65968  4.84631e-06
4.66947  5.40109e-06
4.68055  3.8635e-06
4.69068  5.40614e-06
4.70213  3.70803e-06
4.71206  5.09653e-06
4.72483  4.91554e-06
4.73477  3.61632e-06
4.74752  4.8474e-06
4.75805  3.85047e-06
4.77078  4.72238e-06
4.78207  3.55318e-06
4.79383  4.08342e-06
4.80504  3.13813e-06
4.81594  3.65173e-06
4.82612  3.18399e-06
4.83747  2.77034e-06
4.8479  3.31071e-06
4.85706  2.68326e-06
4.86861  2.90415e-06
4.87962  3.39993e-06
4.8903  2.06354e-06
4.89946  2.42545e-06
4.91241  3.17697e-06
4.92388  2.99209e-06
4.93441  1.97155e-06
4.94571  2.35193e-06
4.95726  3.20767e-06
4.97031  1.73507e-06
4.98169  2.61523e-06
4.99547  3.22147e-06
5.00959  2.24751e-06
5.02517  2.62527e-06
5.03786  1.98988e-06
5.04686  1.27413e-06
5.05802  1.77856e-06
5.06962  1.85809e-06
5.07937  1.79012e-06
5.09081  1.52728e-06
5.10108  9.11409e-07
5.11155  1.84774e-06
5.12341  1.63823e-06
5.13376  1.06702e-06
5.14489  1.42479e-06
5.15643  1.40389e-06
5.16792  1.56323e-06
5.17984  1.26558e-06
5.19174  8.76052e-07
5.20317  1.45257e-06
5.21534  1.58738e-06
5.22998  1.226e-06
5.24411  1.07825e-06
5.2554  1.0034e-06
5.26744  1.44596e-06
5.28106  8.3452e-07
5.29456  8.93918e-07
5.30675  1.21879e-06
5.3195  9.48179e-07
5.33405  9.78977e-07
5.34694  8.06539e-07
5.36191  8.70459e-07
5.37511  1.10244e-06
5.38825  8.16259e-07
5.40626  6.3068e-07
5.41793  9.00382e-07
5.43278  9.29085e-07
5.44965  5.59891e-07
5.46311  6.89665e-07
5.48022  7.75272e-07
5.49491  7.50038e-07
5.51112  7.58868e-07
5.52891  3.80519e-07
5.54376  6.80086e-07
5.56145  7.88339e-07
5.57744  3.87578e-07
5.59614  4.85583e-07
5.61445  5.96662e-07
5.6311  6.62105e-07
5.6512  3.76994e-07
5.66953  3.57277e-07
5.68787  5.71868e-07
5.70869  3.92337e-07
5.72764  4.38957e-07
5.74825  3.04092e-07
5.76995  3.80935e-07
5.79011  5.36555e-07
5.81249  2.03989e-07
5.83499  2.34797e-07
5.85661  4.03718e-07
5.88056  3.10321e-07
5.90408  1.83492e-07
5.92801  2.73308e-07
5.95378  2.74054e-07
5.97853  2.08015e-07
6.00481  2.67433e-07
6.03279  8.06751e-08
6.05911  2.15754e-07
6.088  2.77853e-07
6.11595  3.09714e-08
6.14702  1.83123e-07
6.17889  1.63587e-07
6.20954  1.09407e-07
6.24333  1.28077e-07
6.27807  4.86773e-08
6.3128  1.44931e-07
6.35005  8.2927e-08
6.38653  5.54616e-08
6.42797  8.53284e-08
6.46965  3.874e-08
6.51107  9.79596e-08
6.55814  1.8839e-08
6.60328  1.77137e-08
6.65337  8.65111e-08
6.75863  2.48293e-08
6.81933  3.82002e-08
6.94483  2.92367e-08
7.01842  6.74715e-09
7.17382  1.93649e-08
7.47132  6.84067e-09
7.89672  1.00687e-09
