-7.93082  1.18123e-09
-7.50433  7.86279e-09
-7.2063  2.18077e-08
-7.05227  7.72729e-09
-6.977  3.22582e-08
-6.85266  4.28636e-08
-6.79059  2.68406e-08
-6.68634  9.51066e-08
-6.63594  1.93233e-08
-6.59193  2.10625e-08
-6.54377  1.05512e-07
-6.50303  4.33192e-08
-6.46141  9.34676e-08
-6.41902  5.85281e-08
-6.38322  9.12309e-08
-6.34597  1.55541e-07
-6.31155  5.33946e-08
-6.27627  1.38985e-07
-6.24249  1.15039e-07
-6.2124  1.79317e-07
-6.17953  1.97731e-07
-6.14873  3.19063e-08
-6.12129  2.98404e-07
-6.09104  2.3294e-07
-6.06654  8.81134e-08
-6.03759  2.84737e-07
-6.01037  2.25492e-07
-5.98732  2.93262e-07
-5.95967  2.89823e-07
-5.93837  1.49871e-07
-5.93267  5.41829e-08
-5.91392  3.25347e-07
-5.88843  4.03325e-07
-5.86985  2.39362e-07
-5.86523  4.94305e-08
-5.84482  2.16271e-07
-5.82317  4.94307e-07
-5.80544  3.25589e-07
-5.80065  1.66004e-07
-5.77981  2.95137e-07
-5.76329  3.48882e-07
-5.75253  1.51234e-07
-5.74046  4.21517e-07
-5.72094  4.5222e-07
-5.70544  4.94204e-07
-5.68376  4.40086e-07
-5.67996  1.80511e-08
-5.66585  4.29087e-07
-5.64893  8.72793e-07
-5.63299  1.46427e-07
-5.62591  4.22722e-07
-5.61228  2.04872e-07
-5.59554  8.91745e-07
-5.58043  4.86361e-07
-5.5704  4.00332e-07
-5.55992  3.55309e-07
-5.54499  6.03909e-07
-5.53176  6.32533e-07
-5.52137  4.28976e-07
-5.51047  8.3144e-07
-5.49564  4.26885e-07
-5.48504  6.24426e-07
-5.47462  3.84776e-07
-5.4618  8.88116e-07
-5.45037  5.74002e-07
-5.43991  8.22044e-07
-5.43111  3.59037e-07
-5.41646  7.51387e-07
-5.40477  1.18889e-06
-5.39127  9.30774e-07
-5.37516  8.83633e-07
-5.3627  1.02802e-06
-5.349  1.00596e-06
-5.33556  1.22666e-06
-5.32372  9.89013e-07
-5.31301  5.96986e-07
-5.30268  8.79437e-07
-5.29391  8.54505e-07
-5.28479  1.23862e-06
-5.27257  1.03928e-06
-5.25788  1.43313e-06
-5.24604  1.25692e-06
-5.23509  1.27456e-06
-5.22429  1.2815e-06
-5.21189  1.26937e-06
-5.20032  1.30721e-06
-5.18924  1.63806e-06
-5.17726  1.51864e-06
-5.16619  1.31176e-06
-5.15435  1.6436e-06
-5.14411  1.54215e-06
-5.13427  1.41909e-06
-5.12255  1.4576e-06
-5.1121  1.66973e-06
-5.10184  1.93516e-06
-5.09038  1.96791e-06
-5.07843  2.15222e-06
-5.06706  1.25279e-06
-5.05781  2.3191e-06
-5.04676  2.24412e-06
-5.03362  1.574e-06
-5.02493  2.38149e-06
-5.01387  2.6134e-06
-5.00197  2.25652e-06
-4.99111  1.96777e-06
-4.98061  2.65684e-06
-4.96958  2.88945e-06
-4.95742  2.21966e-06
-4.94723  3.07524e-06
-4.93769  2.42846e-06
-4.92569  2.85695e-06
-4.91387  3.10628e-06
-4.90323  3.31632e-06
-4.89156  3.08634e-06
-4.88073  3.01092e-06
-4.87025  3.84832e-06
-4.85945  2.86092e-06
-4.84703  4.10067e-06
-4.83672  3.60035e-06
-4.826  3.41046e-06
-4.8141  4.29559e-06
-4.80472  3.07059e-06
-4.79354  4.68117e-06
-4.78212  4.06541e-06
-4.77159  5.02536e-06
-4.75964  3.27932e-06
-4.75  5.00549e-06
-4.73915  4.77243e-06
-4.72619  5.99946e-06
-4.71546  4.01874e-06
-4.70526  5.22047e-06
-4.69305  5.81485e-06
-4.68242  5.75402e-06
-4.672  4.74912e-06
-4.66126  6.02346e-06
-4.64955  5.84131e-06
-4.63947  5.8494e-06
-4.62903  6.42158e-06
-4.61739  6.48691e-06
-4.6063  6.92781e-06
-4.59693  4.57692e-06
-4.58645  8.45424e-06
-4.5751  6.09247e-06
-4.56533  6.86904e-06
-4.55458  7.83437e-06
-4.54318  8.34518e-06
-4.53241  7.22517e-06
-4.52181  7.89282e-06
-4.51122  8.70572e-06
-4.5006  7.5459e-06
-4.48978  9.47285e-06
-4.47878  8.49027e-06
-4.46818  9.79159e-06
-4.45878  7.47592e-06
-4.4482  9.57558e-06
-4.43765  1.01346e-05
-4.42712  1.00762e-05
-4.41614  1.04736e-05
-4.40511  1.0376e-05
-4.39587  9.49726e-06
-4.38565  1.12604e-05
-4.37471  1.13273e-05
-4.36298  1.38211e-05
-4.35271  1.07699e-05
-4.34135  1.39672e-05
-4.33035  1.13602e-05
-4.31997  1.41775e-05
-4.30986  1.12012e-05
-4.29941  1.48823e-05
-4.28822  1.43509e-05
-4.27767  1.38465e-05
-4.26656  1.56263e-05
-4.25657  1.33409e-05
-4.24565  1.69848e-05
-4.23458  1.57587e-05
-4.2244  1.54025e-05
-4.21368  1.68811e-05
-4.20309  1.68992e-05
-4.19227  1.92253e-05
-4.18025  1.90432e-05
-4.16952  1.82529e-05
-4.15902  1.81136e-05
-4.14852  1.91976e-05
-4.13837  1.93297e-05
-4.1275  2.07087e-05
-4.11614  2.27357e-05
-4.1052  2.09483e-05
-4.09448  2.23031e-05
-4.08331  2.33933e-05
-4.07278  2.16839e-05
-4.06217  2.37137e-05
-4.0514  2.47533e-05
-4.0403  2.54698e-05
-4.02977  2.33062e-05
-4.01956  2.58889e-05
-4.00866  2.73751e-05
-3.99787  2.59334e-05
-3.98758  2.6901e-05
-3.97667  3.02899e-05
-3.96592  2.75155e-05
-3.9552  3.08627e-05
-3.94413  3.04964e-05
-3.9339  2.9751e-05
-3.92298  3.28041e-05
-3.9121  3.3097e-05
-3.90152  3.24478e-05
-3.89115  3.22194e-05
-3.8808  3.31484e-05
-3.87036  3.60863e-05
-3.85944  3.72128e-05
-3.84874  3.62734e-05
-3.83817  3.79648e-05
-3.82789  3.65987e-05
-3.8173  3.92718e-05
-3.80677  4.00598e-05
-3.79618  4.13225e-05
-3.7855  4.24336e-05
-3.7744  4.41091e-05
-3.76411  4.24906e-05
-3.75337  4.5925e-05
-3.74275  4.4658e-05
-3.73209  4.80915e-05
-3.72167  4.53923e-05
-3.71133  4.76687e-05
-3.70092  4.9827e-05
-3.69053  4.77278e-05
-3.68038  5.06899e-05
-3.66991  5.26382e-05
-3.65944  5.26549e-05
-3.64867  5.73589e-05
-3.63867  4.89484e-05
-3.62864  5.63641e-05
-3.61841  5.71913e-05
-3.60776  6.01608e-05
-3.5971  6.14189e-05
-3.58638  6.40869e-05
-3.57563  6.21517e-05
-3.56551  6.15669e-05
-3.55486  6.84691e-05
-3.54422  6.55719e-05
-3.53358  7.08153e-05
-3.52286  6.98605e-05
-3.51224  7.37363e-05
-3.50144  7.1158e-05
-3.49101  7.49497e-05
-3.48046  7.59105e-05
-3.46993  7.57566e-05
-3.45963  7.64877e-05
-3.44944  7.69774e-05
-3.43925  7.92778e-05
-3.42883  8.33057e-05
-3.41841  8.23193e-05
-3.40819  8.37451e-05
-3.39793  8.6317e-05
-3.38743  8.93072e-05
-3.37708  8.93078e-05
-3.36684  8.88776e-05
-3.35667  9.44266e-05
-3.3462  9.50798e-05
-3.3358  9.70821e-05
-3.32537  9.90948e-05
-3.31498  0.000100988
-3.30458  0.000100732
-3.29439  0.000102559
-3.28412  0.00010626
-3.27355  0.000111532
-3.26306  0.000108723
-3.2526  0.00011521
-3.2419  0.000118483
-3.23152  0.000112985
-3.2213  0.000118097
-3.21101  0.000118106
-3.20079  0.000121998
-3.19038  0.00012536
-3.18002  0.000126226
-3.16974  0.000127568
-3.1594  0.000131664
-3.14911  0.00013173
-3.139  0.000132
-3.12884  0.000137071
-3.11864  0.000137421
-3.10833  0.000144861
-3.09802  0.000141772
-3.08769  0.000150836
-3.0774  0.000146026
-3.06715  0.000153284
-3.05682  0.000154897
-3.04647  0.000157851
-3.03616  0.000160355
-3.02573  0.000166856
-3.0154  0.00016342
-3.00511  0.000170116
-2.99484  0.000167674
-2.98462  0.000173395
-2.97439  0.000175168
-2.96412  0.000180448
-2.95375  0.000183564
-2.94345  0.000184851
-2.93309  0.000190784
-2.9227  0.000194177
-2.91241  0.000191498
-2.90227  0.00019538
-2.89201  0.000201717
-2.88178  0.000200738
-2.87161  0.000205017
-2.86138  0.00020855
-2.85102  0.0002184
-2.84059  0.000219081
-2.83029  0.00022014
-2.82009  0.000220887
-2.80996  0.000223038
-2.79975  0.000231532
-2.78944  0.000235137
-2.77922  0.000233383
-2.769  0.000242727
-2.75876  0.000241963
-2.74853  0.000248609
-2.73827  0.000252292
-2.72801  0.000256331
-2.71777  0.000259041
-2.70744  0.000267825
-2.69714  0.000266402
-2.68696  0.000267373
-2.67682  0.00027285
-2.66652  0.000283659
-2.65621  0.000282717
-2.64597  0.000289266
-2.63563  0.000295138
-2.62538  0.000292733
-2.61527  0.000296506
-2.60511  0.000301949
-2.5949  0.000308919
-2.58466  0.000311923
-2.57447  0.000315615
-2.56425  0.000322529
-2.55403  0.000324263
-2.54383  0.000330769
-2.53357  0.000340185
-2.52327  0.000339193
-2.51321  0.000333354
-2.50314  0.00034825
-2.49291  0.000354958
-2.48267  0.000358592
-2.47252  0.000360021
-2.46241  0.000364155
-2.45228  0.000371484
-2.44201  0.000385269
-2.4317  0.000383842
-2.42152  0.000385712
-2.41134  0.00039216
-2.40121  0.000392884
-2.39096  0.00041237
-2.38072  0.000404301
-2.37059  0.000414468
-2.36044  0.000417033
-2.35033  0.000421709
-2.34013  0.000432861
-2.3299  0.000435688
-2.31978  0.000435595
-2.30966  0.000444893
-2.29943  0.000458157
-2.28919  0.000458838
-2.27898  0.00046699
-2.26881  0.000467451
-2.2587  0.000473459
-2.24856  0.000479118
-2.23846  0.00048043
-2.2283  0.000498021
-2.21814  0.000493837
-2.20798  0.000511776
-2.19777  0.000509563
-2.1876  0.000521943
-2.17697  0.000567821
-2.16638  0.000533442
-2.1562  0.000534461
-2.14607  0.000540681
-2.13591  0.000552435
-2.12574  0.000558108
-2.11552  0.00057034
-2.1053  0.000571377
-2.09517  0.000572496
-2.08504  0.000582418
-2.07486  0.000592795
-2.06468  0.000596569
-2.05459  0.000596294
-2.04448  0.000613771
-2.03435  0.000613103
-2.02418  0.000635108
-2.01402  0.000624198
-2.00392  0.000637457
-1.99377  0.000646014
-1.98363  0.000650757
-1.97348  0.000665701
-1.96328  0.000671626
-1.95316  0.000670025
-1.94307  0.00068495
-1.93294  0.000688052
-1.92271  0.000709579
-1.91253  0.000697497
-1.90247  0.000708117
-1.89232  0.000729003
-1.88212  0.00073327
-1.87194  0.000742428
-1.86176  0.000746906
-1.85159  0.000755614
-1.84141  0.000765471
-1.83128  0.000758874
-1.82117  0.000781654
-1.81101  0.000787257
-1.80087  0.000795709
-1.79074  0.000804682
-1.7806  0.000811024
-1.77049  0.00081485
-1.76028  0.000842592
-1.75004  0.000834248
-1.73996  0.000838541
-1.72983  0.000859565
-1.71968  0.000864545
-1.70959  0.000868368
-1.69948  0.000882623
-1.68938  0.00088121
-1.67927  0.000897438
-1.66916  0.000906945
-1.65909  0.000906509
-1.64899  0.000934964
-1.63879  0.000940833
-1.62868  0.000939789
-1.61858  0.000952876
-1.60848  0.000953033
-1.59841  0.000968586
-1.58825  0.00099616
-1.57809  0.000990386
-1.56798  0.00100444
-1.55782  0.00101665
-1.54722  0.00110738
-1.53666  0.00103181
-1.52654  0.00104042
-1.51641  0.00105463
-1.50627  0.00107025
-1.4961  0.00107956
-1.48599  0.00107656
-1.47586  0.00109425
-1.46571  0.00110272
-1.45559  0.00111322
-1.44546  0.00113116
-1.43535  0.00113159
-1.42527  0.00114754
-1.41512  0.0011645
-1.40496  0.00116242
-1.39485  0.00117304
-1.38477  0.0011868
-1.37465  0.00120854
-1.36457  0.00120002
-1.35455  0.00121691
-1.34444  0.00124253
-1.33432  0.00123125
-1.32423  0.00125477
-1.31416  0.00125813
-1.30409  0.00128636
-1.29397  0.00129599
-1.28383  0.00131044
-1.27373  0.00130699
-1.26368  0.00131192
-1.25357  0.00134565
-1.24345  0.00134511
-1.23337  0.00136959
-1.22327  0.00137871
-1.21313  0.0014014
-1.20303  0.00138775
-1.19294  0.00141135
-1.18281  0.00142583
-1.17266  0.00144998
-1.16257  0.00144611
-1.15249  0.00147852
-1.14238  0.00147521
-1.13235  0.00147226
-1.12227  0.00150076
-1.11215  0.00151947
-1.10207  0.00152694
-1.09197  0.00155794
-1.08185  0.00157032
-1.07177  0.0015685
-1.0617  0.00158007
-1.05162  0.00158591
-1.0415  0.0016267
-1.03133  0.0016471
-1.02121  0.00164806
-1.01117  0.00165896
-1.00111  0.00168029
-0.990959  0.00169594
-0.980844  0.00169347
-0.970755  0.0017336
-0.960641  0.00174446
-0.950562  0.001753
-0.940496  0.00176928
-0.930375  0.00178666
-0.92028  0.00177832
-0.910234  0.00182214
-0.900147  0.00184247
-0.890065  0.00185442
-0.879984  0.00187178
-0.869918  0.00186349
-0.859844  0.00188223
-0.849761  0.00191223
-0.839698  0.00194143
-0.829642  0.00196377
-0.819542  0.00199613
-0.809002  0.00216721
-0.798466  0.00200141
-0.788326  0.00202408
-0.778199  0.00205444
-0.767638  0.00227606
-0.757127  0.00209931
-0.747063  0.0021299
-0.736982  0.002126
-0.726885  0.00214539
-0.716786  0.00214371
-0.706727  0.00218924
-0.69665  0.00225116
-0.686556  0.00225505
-0.676462  0.00229001
-0.666318  0.00229311
-0.656224  0.00228645
-0.646131  0.00232064
-0.636059  0.00238082
-0.625979  0.00239874
-0.615923  0.0024096
-0.605843  0.00243167
-0.595778  0.00241514
-0.5857  0.00247585
-0.575658  0.00252006
-0.565616  0.00256405
-0.555529  0.00257533
-0.545464  0.00258469
-0.535374  0.00258924
-0.52527  0.00264066
-0.515222  0.00270955
-0.505178  0.00273634
-0.49513  0.00275346
-0.485066  0.00278243
-0.474951  0.00276786
-0.464824  0.00279748
-0.454778  0.00289138
-0.444717  0.00297732
-0.434179  0.00329103
-0.42366  0.00299673
-0.4136  0.00304026
-0.403517  0.0029968
-0.393487  0.00310565
-0.383485  0.00320783
-0.373429  0.00326228
-0.363364  0.00327078
-0.353307  0.00326041
-0.343243  0.00327237
-0.333142  0.0034157
-0.323104  0.00352978
-0.313028  0.00359459
-0.302461  0.00391792
-0.291908  0.0036009
-0.281783  0.00357935
-0.271728  0.00382367
-0.261721  0.00390579
-0.251708  0.00398848
-0.241642  0.00399114
-0.231545  0.0039935
-0.220931  0.00438501
-0.210415  0.0043698
-0.200347  0.00452716
-0.190283  0.00452815
-0.180207  0.00454657
-0.170149  0.00449051
-0.160015  0.00459536
-0.150028  0.00515929
-0.140011  0.00533986
-0.129961  0.00535309
-0.119906  0.00534699
-0.109864  0.00528808
-0.0996665  0.00553154
-0.0897214  0.0066529
-0.0797133  0.00685578
-0.0696704  0.00687423
-0.0596066  0.00687294
-0.0495324  0.0068919
-0.0394523  0.00690212
-0.0286422  0.0126921
-0.0183921  0.0128457
-0.00770889  0.0159234
-0.00118361  0.00442904
0.00118361  0.00442904
0.00770889  0.0159234
0.0183921  0.0128457
0.0286422  0.0126921
0.0394523  0.00690212
0.0495324  0.0068919
0.0596066  0.00687294
0.0696704  0.00687423
0.0797133  0.00685578
0.0897214  0.0066529
0.0996665  0.00553154
0.109864  0.00528808
0.119906  0.00534699
0.129961  0.00535309
0.140011  0.00533986
0.150028  0.00515929
0.160015  0.00459536
0.170149  0.00449051
0.180207  0.00454657
0.190283  0.00452815
0.200347  0.00452716
0.210415  0.0043698
0.220931  0.00438501
0.231545  0.0039935
0.241642  0.00399114
0.251708  0.00398848
0.261721  0.00390579
0.271728  0.00382367
0.281783  0.00357935
0.291908  0.0036009
0.302461  0.00391792
0.313028  0.00359459
0.323104  0.00352978
0.333142  0.0034157
0.343243  0.00327237
0.353307  0.00326041
0.363364  0.00327078
0.373429  0.00326228
0.383485  0.00320783
0.393487  0.00310565
0.403517  0.0029968
0.4136  0.00304026
0.42366  0.00299673
0.434179  0.00329103
0.444717  0.00297732
0.454778  0.00289138
0.464824  0.00279748
0.474951  0.00276786
0.485066  0.00278243
0.49513  0.00275346
0.505178  0.00273634
0.515222  0.00270955
0.52527  0.00264066
0.535374  0.00258924
0.545464  0.00258469
0.555529  0.00257533
0.565616  0.00256405
0.575658  0.00252006
0.5857  0.00247585
0.595778  0.00241514
0.605843  0.00243167
0.615923  0.0024096
0.625979  0.00239874
0.636059  0.00238082
0.646131  0.00232064
0.656224  0.00228645
0.666318  0.00229311
0.676462  0.00229001
0.686556  0.00225505
0.69665  0.00225116
0.706727  0.00218924
0.716786  0.00214371
0.726885  0.00214539
0.736982  0.002126
0.747063  0.0021299
0.757127  0.00209931
0.767638  0.00227606
0.778199  0.00205444
0.788326  0.00202408
0.798466  0.00200141
0.809002  0.00216721
0.819542  0.00199613
0.829642  0.00196377
0.839698  0.00194143
0.849761  0.00191223
0.859844  0.00188223
0.869918  0.00186349
0.879984  0.00187178
0.890065  0.00185442
0.900147  0.00184247
0.910234  0.00182214
0.92028  0.00177832
0.930375  0.00178666
0.940496  0.00176928
0.950562  0.001753
0.960641  0.00174446
0.970755  0.0017336
0.980844  0.00169347
0.990959  0.00169594
1.00111  0.00168029
1.01117  0.00165896
1.02121  0.00164806
1.03133  0.0016471
1.0415  0.0016267
1.05162  0.00158591
1.0617  0.00158007
1.07177  0.0015685
1.08185  0.00157032
1.09197  0.00155794
1.10207  0.00152694
1.11215  0.00151947
1.12227  0.00150076
1.13235  0.00147226
1.14238  0.00147521
1.15249  0.00147852
1.16257  0.00144611
1.17266  0.00144998
1.18281  0.00142583
1.19294  0.00141135
1.20303  0.00138775
1.21313  0.0014014
1.22327  0.00137871
1.23337  0.00136959
1.24345  0.00134511
1.25357  0.00134565
1.26368  0.00131192
1.27373  0.00130699
1.28383  0.00131044
1.29397  0.00129599
1.30409  0.00128636
1.31416  0.00125813
1.32423  0.00125477
1.33432  0.00123125
1.34444  0.00124253
1.35455  0.00121691
1.36457  0.00120002
1.37465  0.00120854
1.38477  0.0011868
1.39485  0.00117304
1.40496  0.00116242
1.41512  0.0011645
1.42527  0.00114754
1.43535  0.00113159
1.44546  0.00113116
1.45559  0.00111322
1.46571  0.00110272
1.47586  0.00109425
1.48599  0.00107656
1.4961  0.00107956
1.50627  0.00107025
1.51641  0.00105463
1.52654  0.00104042
1.53666  0.00103181
1.54722  0.00110738
1.55782  0.00101665
1.56798  0.00100444
1.57809  0.000990386
1.58825  0.00099616
1.59841  0.000968586
1.60848  0.000953033
1.61858  0.000952876
1.62868  0.000939789
1.63879  0.000940833
1.64899  0.000934964
1.65909  0.000906509
1.66916  0.000906945
1.67927  0.000897438
1.68938  0.00088121
1.69948  0.000882623
1.70959  0.000868368
1.71968  0.000864545
1.72983  0.000859565
1.73996  0.000838541
1.75004  0.000834248
1.76028  0.000842592
1.77049  0.00081485
1.7806  0.000811024
1.79074  0.000804682
1.80087  0.000795709
1.81101  0.000787257
1.82117  0.000781654
1.83128  0.000758874
1.84141  0.000765471
1.85159  0.000755614
1.86176  0.000746906
1.87194  0.000742428
1.88212  0.00073327
1.89232  0.000729003
1.90247  0.000708117
1.91253  0.000697497
1.92271  0.000709579
1.93294  0.000688052
1.94307  0.00068495
1.95316  0.000670025
1.96328  0.000671626
1.97348  0.000665701
1.98363  0.000650757
1.99377  0.000646014
2.00392  0.000637457
2.01402  0.000624198
2.02418  0.000635108
2.03435  0.000613103
2.04448  0.000613771
2.05459  0.000596294
2.06468  0.000596569
2.07486  0.000592795
2.08504  0.000582418
2.09517  0.000572496
2.1053  0.000571377
2.11552  0.00057034
2.12574  0.000558108
2.13591  0.000552435
2.14607  0.000540681
2.1562  0.000534461
2.16638  0.000533442
2.17697  0.000567821
2.1876  0.000521943
2.19777  0.000509563
2.20798  0.000511776
2.21814  0.000493837
2.2283  0.000498021
2.23846  0.00048043
2.24856  0.000479118
2.2587  0.000473459
2.26881  0.000467451
2.27898  0.00046699
2.28919  0.000458838
2.29943  0.000458157
2.30966  0.000444893
2.31978  0.000435595
2.3299  0.000435688
2.34013  0.000432861
2.35033  0.000421709
2.36044  0.000417033
2.37059  0.000414468
2.38072  0.000404301
2.39096  0.00041237
2.40121  0.000392884
2.41134  0.00039216
2.42152  0.000385712
2.4317  0.000383842
2.44201  0.000385269
2.45228  0.000371484
2.46241  0.000364155
2.47252  0.000360021
2.48267  0.000358592
2.49291  0.000354958
2.50314  0.00034825
2.51321  0.000333354
2.52327  0.000339193
2.53357  0.000340185
2.54383  0.000330769
2.55403  0.000324263
2.56425  0.000322529
2.57447  0.000315615
2.58466  0.000311923
2.5949  0.000308919
2.60511  0.000301949
2.61527  0.000296506
2.62538  0.000292733
2.63563  0.000295138
2.64597  0.000289266
2.65621  0.000282717
2.66652  0.000283659
2.67682  0.00027285
2.68696  0.000267373
2.69714  0.000266402
2.70744  0.000267825
2.71777  0.000259041
2.72801  0.000256331
2.73827  0.000252292
2.74853  0.000248609
2.75876  0.000241963
2.769  0.000242727
2.77922  0.000233383
2.78944  0.000235137
2.79975  0.000231532
2.80996  0.000223038
2.82009  0.000220887
2.83029  0.00022014
2.84059  0.000219081
2.85102  0.0002184
2.86138  0.00020855
2.87161  0.000205017
2.88178  0.000200738
2.89201  0.000201717
2.90227  0.00019538
2.91241  0.000191498
2.9227  0.000194177
2.93309  0.000190784
2.94345  0.000184851
2.95375  0.000183564
2.96412  0.000180448
2.97439  0.000175168
2.98462  0.000173395
2.99484  0.000167674
3.00511  0.000170116
3.0154  0.00016342
3.02573  0.000166856
3.03616  0.000160355
3.04647  0.000157851
3.05682  0.000154897
3.06715  0.000153284
3.0774  0.000146026
3.08769  0.000150836
3.09802  0.000141772
3.10833  0.000144861
3.11864  0.000137421
3.12884  0.000137071
3.139  0.000132
3.14911  0.00013173
3.1594  0.000131664
3.16974  0.000127568
3.18002  0.000126226
3.19038  0.00012536
3.20079  0.000121998
3.21101  0.000118106
3.2213  0.000118097
3.23152  0.000112985
3.2419  0.000118483
3.2526  0.00011521
3.26306  0.000108723
3.27355  0.000111532
3.28412  0.00010626
3.29439  0.000102559
3.30458  0.000100732
3.31498  0.000100988
3.32537  9.90948e-05
3.3358  9.70821e-05
3.3462  9.50798e-05
3.35667  9.44266e-05
3.36684  8.88776e-05
3.37708  8.93078e-05
3.38743  8.93072e-05
3.39793  8.6317e-05
3.40819  8.37451e-05
3.41841  8.23193e-05
3.42883  8.33057e-05
3.43925  7.92778e-05
3.44944  7.69774e-05
3.45963  7.64877e-05
3.46993  7.57566e-05
3.48046  7.59105e-05
3.49101  7.49497e-05
3.50144  7.1158e-05
3.51224  7.37363e-05
3.52286  6.98605e-05
3.53358  7.08153e-05
3.54422  6.55719e-05
3.55486  6.84691e-05
3.56551  6.15669e-05
3.57563  6.21517e-05
3.58638  6.40869e-05
3.5971  6.14189e-05
3.60776  6.01608e-05
3.61841  5.71913e-05
3.62864  5.63641e-05
3.63867  4.89484e-05
3.64867  5.73589e-05
3.65944  5.26549e-05
3.66991  5.26382e-05
3.68038  5.06899e-05
3.69053  4.77278e-05
3.70092  4.9827e-05
3.71133  4.76687e-05
3.72167  4.53923e-05
3.73209  4.80915e-05
3.74275  4.4658e-05
3.75337  4.5925e-05
3.76411  4.24906e-05
3.7744  4.41091e-05
3.7855  4.24336e-05
3.79618  4.13225e-05
3.80677  4.00598e-05
3.8173  3.92718e-05
3.82789  3.65987e-05
3.83817  3.79648e-05
3.84874  3.62734e-05
3.85944  3.72128e-05
3.87036  3.60863e-05
3.8808  3.31484e-05
3.89115  3.22194e-05
3.90152  3.24478e-05
3.9121  3.3097e-05
3.92298  3.28041e-05
3.9339  2.9751e-05
3.94413  3.04964e-05
3.9552  3.08627e-05
3.96592  2.75155e-05
3.97667  3.02899e-05
3.98758  2.6901e-05
3.99787  2.59334e-05
4.00866  2.73751e-05
4.01956  2.58889e-05
4.02977  2.33062e-05
4.0403  2.54698e-05
4.0514  2.47533e-05
4.06217  2.37137e-05
4.07278  2.16839e-05
4.08331  2.33933e-05
4.09448  2.23031e-05
4.1052  2.09483e-05
4.11614  2.27357e-05
4.1275  2.07087e-05
4.13837  1.93297e-05
4.14852  1.91976e-05
4.15902  1.81136e-05
4.16952  1.82529e-05
4.18025  1.90432e-05
4.19227  1.92253e-05
4.20309  1.68992e-05
4.21368  1.68811e-05
4.2244  1.54025e-05
4.23458  1.57587e-05
4.24565  1.69848e-05
4.25657  1.33409e-05
4.26656  1.56263e-05
4.27767  1.38465e-05
4.28822  1.43509e-05
4.29941  1.48823e-05
4.30986  1.12012e-05
4.31997  1.41775e-05
4.33035  1.13602e-05
4.34135  1.39672e-05
4.35271  1.07699e-05
4.36298  1.38211e-05
4.37471  1.13273e-05
4.38565  1.12604e-05
4.39587  9.49726e-06
4.40511  1.0376e-05
4.41614  1.04736e-05
4.42712  1.00762e-05
4.43765  1.01346e-05
4.4482  9.57558e-06
4.45878  7.47592e-06
4.46818  9.79159e-06
4.47878  8.49027e-06
4.48978  9.47285e-06
4.5006  7.5459e-06
4.51122  8.70572e-06
4.52181  7.89282e-06
4.53241  7.22517e-06
4.54318  8.34518e-06
4.55458  7.83437e-06
4.56533  6.86904e-06
4.5751  6.09247e-06
4.58645  8.45424e-06
4.59693  4.57692e-06
4.6063  6.92781e-06
4.61739  6.48691e-06
4.62903  6.42158e-06
4.63947  5.8494e-06
4.64955  5.84131e-06
4.66126  6.02346e-06
4.672  4.74912e-06
4.68242  5.75402e-06
4.69305  5.81485e-06
4.70526  5.22047e-06
4.71546  4.01874e-06
4.72619  5.99946e-06
4.73915  4.77243e-06
4.75  5.00549e-06
4.75964  3.27932e-06
4.77159  5.02536e-06
4.78212  4.06541e-06
4.79354  4.68117e-06
4.80472  3.07059e-06
4.8141  4.29559e-06
4.826  3.41046e-06
4.83672  3.60035e-06
4.84703  4.10067e-06
4.85945  2.86092e-06
4.87025  3.84832e-06
4.88073  3.01092e-06
4.89156  3.08634e-06
4.90323  3.31632e-06
4.91387  3.10628e-06
4.92569  2.85695e-06
4.93769  2.42846e-06
4.94723  3.07524e-06
4.95742  2.21966e-06
4.96958  2.88945e-06
4.98061  2.65684e-06
4.99111  1.96777e-06
5.00197  2.25652e-06
5.01387  2.6134e-06
5.02493  2.38149e-06
5.03362  1.574e-06
5.04676  2.24412e-06
5.05781  2.3191e-06
5.06706  1.25279e-06
5.07843  2.15222e-06
5.09038  1.96791e-06
5.10184  1.93516e-06
5.1121  1.66973e-06
5.12255  1.4576e-06
5.13427  1.41909e-06
5.14411  1.54215e-06
5.15435  1.6436e-06
5.16619  1.31176e-06
5.17726  1.51864e-06
5.18924  1.63806e-06
5.20032  1.30721e-06
5.21189  1.26937e-06
5.22429  1.2815e-06
5.23509  1.27456e-06
5.24604  1.25692e-06
5.25788  1.43313e-06
5.27257  1.03928e-06
5.28479  1.23862e-06
5.29391  8.54505e-07
5.30268  8.79437e-07
5.31301  5.96986e-07
5.32372  9.89013e-07
5.33556  1.22666e-06
5.349  1.00596e-06
5.3627  1.02802e-06
5.37516  8.83633e-07
5.39127  9.30774e-07
5.40477  1.18889e-06
5.41646  7.51387e-07
5.43111  3.59037e-07
5.43991  8.22044e-07
5.45037  5.74002e-07
5.4618  8.88116e-07
5.47462  3.84776e-07
5.48504  6.24426e-07
5.49564  4.26885e-07
5.51047  8.3144e-07
5.52137  4.28976e-07
5.53176  6.32533e-07
5.54499  6.03909e-07
5.55992  3.55309e-07
5.5704  4.00332e-07
5.58043  4.86361e-07
5.59554  8.91745e-07
5.61228  2.04872e-07
5.62591  4.22722e-07
5.63299  1.46427e-07
5.64893  8.72793e-07
5.66585  4.29087e-07
5.67996  1.80511e-08
5.68376  4.40086e-07
5.70544  4.94204e-07
5.72094  4.5222e-07
5.74046  4.21517e-07
5.75253  1.51234e-07
5.76329  3.48882e-07
5.77981  2.95137e-07
5.80065  1.66004e-07
5.80544  3.25589e-07
5.82317  4.94307e-07
5.84482  2.16271e-07
5.86523  4.94305e-08
5.86985  2.39362e-07
5.88843  4.03325e-07
5.91392  3.25347e-07
5.93267  5.41829e-08
5.93837  1.49871e-07
5.95967  2.89823e-07
5.98732  2.93262e-07
6.01037  2.25492e-07
6.03759  2.84737e-07
6.06654  8.81134e-08
6.09104  2.3294e-07
6.12129  2.98404e-07
6.14873  3.19063e-08
6.17953  1.97731e-07
6.2124  1.79317e-07
6.24249  1.15039e-07
6.27627  1.38985e-07
6.31155  5.33946e-08
6.34597  1.55541e-07
6.38322  9.12309e-08
6.41902  5.85281e-08
6.46141  9.34676e-08
6.50303  4.33192e-08
6.54377  1.05512e-07
6.59193  2.10625e-08
6.63594  1.93233e-08
6.68634  9.51066e-08
6.79059  2.68406e-08
6.85266  4.28636e-08
6.977  3.22582e-08
7.05227  7.72729e-09
7.2063  2.18077e-08
7.50433  7.86279e-09
7.93082  1.18123e-09
