-7.86905  9.93522e-10
-7.44847  6.66831e-09
-7.15331  1.86484e-08
-7.0023  6.59868e-09
-6.92571  2.78143e-08
-6.80365  3.69074e-08
-6.74043  2.33355e-08
-6.63799  8.25716e-08
-6.58762  1.68166e-08
-6.54508  1.8261e-08
-6.49592  9.23672e-08
-6.45662  3.76038e-08
-6.41483  8.17094e-08
-6.37154  5.16624e-08
-6.33713  7.97743e-08
-6.2996  1.37104e-07
-6.26591  4.6843e-08
-6.23072  1.22219e-07
-6.19629  1.02246e-07
-6.16733  1.57883e-07
-6.13494  1.74083e-07
-6.10266  2.85938e-08
-6.07626  2.64918e-07
-6.04738  2.04836e-07
-6.02222  7.81169e-08
-5.9932  2.5331e-07
-5.96721  1.98391e-07
-5.94298  2.62152e-07
-5.91701  2.60439e-07
-5.89303  1.75176e-07
-5.86955  2.93251e-07
-5.84597  3.86514e-07
-5.8245  2.24708e-07
-5.80182  1.93133e-07
-5.77961  5.12821e-07
-5.75973  3.64408e-07
-5.7381  2.91171e-07
-5.71712  4.16899e-07
-5.69848  3.74568e-07
-5.67777  5.46545e-07
-5.65954  3.41743e-07
-5.64125  3.60934e-07
-5.62317  3.89154e-07
-5.61758  2.41439e-07
-5.60477  5.73845e-07
-5.58632  4.64097e-07
-5.5673  3.66958e-07
-5.55173  7.55621e-07
-5.5341  6.51172e-07
-5.51943  3.65311e-07
-5.50147  7.26423e-07
-5.48531  7.17268e-07
-5.47079  7.43181e-07
-5.45358  6.60312e-07
-5.44013  5.35149e-07
-5.42333  8.89722e-07
-5.40861  8.64437e-07
-5.39697  6.03877e-07
-5.37888  7.81625e-07
-5.36587  1.05843e-06
-5.35269  8.3409e-07
-5.33774  7.73554e-07
-5.32482  9.38499e-07
-5.31034  9.09193e-07
-5.29768  1.17145e-06
-5.28543  8.56242e-07
-5.27206  8.00257e-07
-5.25836  1.38678e-06
-5.24642  9.64103e-07
-5.23527  1.03832e-06
-5.22091  1.17497e-06
-5.2088  1.04465e-06
-5.1977  1.51522e-06
-5.18675  9.08297e-07
-5.1744  1.16836e-06
-5.16174  1.48087e-06
-5.1515  1.21477e-06
-5.14009  1.41537e-06
-5.12845  1.19771e-06
-5.11663  1.58487e-06
-5.10523  1.58532e-06
-5.0946  1.33213e-06
-5.08221  1.46927e-06
-5.07069  1.71938e-06
-5.06115  1.79312e-06
-5.04951  1.70922e-06
-5.03769  1.34437e-06
-5.02895  1.85465e-06
-5.01652  2.46137e-06
-5.00161  2.02644e-06
-4.99113  1.7381e-06
-4.98072  2.51939e-06
-4.968  2.51308e-06
-4.95609  1.52126e-06
-4.94639  2.53067e-06
-4.93566  2.37795e-06
-4.92315  2.08344e-06
-4.91256  3.44512e-06
-4.90139  1.98424e-06
-4.89029  2.61297e-06
-4.87874  2.72773e-06
-4.86832  2.97947e-06
-4.85793  2.42432e-06
-4.84679  2.75896e-06
-4.83784  3.18725e-06
-4.82719  2.69376e-06
-4.81535  3.55482e-06
-4.80329  4.14163e-06
-4.79054  3.47277e-06
-4.77884  3.86172e-06
-4.7681  3.35753e-06
-4.75806  3.65703e-06
-4.74767  3.35324e-06
-4.73839  4.0529e-06
-4.72594  4.10248e-06
-4.716  3.92647e-06
-4.70438  5.03797e-06
-4.69385  3.69754e-06
-4.68228  5.41374e-06
-4.67172  3.75812e-06
-4.66133  4.86983e-06
-4.65157  4.81607e-06
-4.64004  5.98656e-06
-4.62848  4.41897e-06
-4.6185  5.25991e-06
-4.60847  5.07452e-06
-4.59783  6.14276e-06
-4.5866  6.03077e-06
-4.57514  5.86992e-06
-4.56481  6.03375e-06
-4.55458  6.12305e-06
-4.54304  7.36793e-06
-4.53172  6.48435e-06
-4.5204  7.52497e-06
-4.51018  6.47137e-06
-4.49971  6.79476e-06
-4.48956  7.51391e-06
-4.47907  6.63262e-06
-4.46853  8.92365e-06
-4.45769  6.90032e-06
-4.44679  9.55704e-06
-4.43627  7.93529e-06
-4.42537  8.6584e-06
-4.41483  8.60239e-06
-4.40474  8.64092e-06
-4.39487  9.17763e-06
-4.38386  8.83343e-06
-4.37419  9.96573e-06
-4.36273  1.12013e-05
-4.35154  1.01971e-05
-4.34055  1.052e-05
-4.33034  1.18838e-05
-4.31897  1.11527e-05
-4.30846  1.08124e-05
-4.29808  1.20232e-05
-4.28823  1.09363e-05
-4.27727  1.32508e-05
-4.26709  1.1386e-05
-4.25731  1.30663e-05
-4.24649  1.24002e-05
-4.23608  1.43746e-05
-4.22497  1.42022e-05
-4.21512  1.29113e-05
-4.20453  1.5788e-05
-4.19365  1.48711e-05
-4.18239  1.69588e-05
-4.17169  1.53283e-05
-4.16119  1.62633e-05
-4.15058  1.60493e-05
-4.14088  1.55113e-05
-4.13066  1.71631e-05
-4.11984  1.90758e-05
-4.10928  1.82107e-05
-4.09818  1.90094e-05
-4.08757  1.95484e-05
-4.0771  1.95262e-05
-4.06627  2.04557e-05
-4.05564  2.09455e-05
-4.04533  1.96069e-05
-4.03488  2.22592e-05
-4.02473  2.01559e-05
-4.01427  2.41976e-05
-4.00314  2.35154e-05
-3.99274  2.32841e-05
-3.98228  2.46179e-05
-3.97129  2.59166e-05
-3.96056  2.55432e-05
-3.95053  2.32026e-05
-3.94063  2.66491e-05
-3.93017  2.65897e-05
-3.91915  3.01295e-05
-3.90858  2.76202e-05
-3.89816  2.81422e-05
-3.88791  2.99778e-05
-3.87722  3.10195e-05
-3.86657  3.07686e-05
-3.85593  3.27064e-05
-3.84539  3.25862e-05
-3.83494  3.32064e-05
-3.82428  3.47266e-05
-3.81359  3.51146e-05
-3.80313  3.56061e-05
-3.79258  3.56353e-05
-3.78212  3.79492e-05
-3.77173  3.66835e-05
-3.76153  3.82828e-05
-3.75103  3.87368e-05
-3.74106  3.93019e-05
-3.7303  4.32341e-05
-3.71974  4.12562e-05
-3.7094  4.318e-05
-3.69939  4.00356e-05
-3.68893  4.86101e-05
-3.67832  4.41479e-05
-3.66792  4.70114e-05
-3.65714  5.13073e-05
-3.64638  4.83678e-05
-3.63596  4.96377e-05
-3.62556  5.07011e-05
-3.61533  5.04392e-05
-3.6049  5.40191e-05
-3.59463  5.18982e-05
-3.58449  5.43112e-05
-3.57401  5.76121e-05
-3.56365  5.67202e-05
-3.55275  6.3271e-05
-3.54241  5.57263e-05
-3.53196  6.45454e-05
-3.52135  6.14118e-05
-3.511  6.40275e-05
-3.50049  6.48029e-05
-3.49033  6.55423e-05
-3.47966  6.94045e-05
-3.46915  6.86707e-05
-3.45884  7.04174e-05
-3.44835  7.25308e-05
-3.43781  7.37524e-05
-3.42754  7.21784e-05
-3.41734  7.55044e-05
-3.40696  7.7962e-05
-3.39654  7.8065e-05
-3.38619  8.05637e-05
-3.37591  8.06774e-05
-3.36564  8.25214e-05
-3.35547  8.30067e-05
-3.34512  8.73073e-05
-3.3349  8.75469e-05
-3.32441  9.16726e-05
-3.31396  9.15039e-05
-3.30364  9.27128e-05
-3.29343  9.34364e-05
-3.28305  9.7449e-05
-3.27271  9.87153e-05
-3.26251  9.83053e-05
-3.25219  0.000103803
-3.24178  0.000103515
-3.23138  0.000107692
-3.22095  0.000109151
-3.21061  0.000109552
-3.20023  0.00011347
-3.18993  0.000110902
-3.17976  0.000116094
-3.16943  0.000117449
-3.15911  0.000121602
-3.14868  0.000122829
-3.13842  0.000122841
-3.12824  0.000126273
-3.11795  0.000128106
-3.1076  0.000133656
-3.09725  0.000131835
-3.08703  0.000135178
-3.07664  0.000140295
-3.06645  0.000136024
-3.05632  0.000142892
-3.04601  0.000144759
-3.03585  0.0001453
-3.02545  0.000155316
-3.01516  0.000148716
-3.00491  0.000158277
-2.9946  0.000157458
-2.98428  0.000161862
-2.974  0.000161621
-2.96375  0.000166633
-2.95355  0.00016708
-2.94332  0.000171129
-2.933  0.000176722
-2.92272  0.000175992
-2.91259  0.000177345
-2.90235  0.000185616
-2.89203  0.000185277
-2.88185  0.00018687
-2.87172  0.000190761
-2.86149  0.000194473
-2.85131  0.000195699
-2.84107  0.000202981
-2.83076  0.000206617
-2.82049  0.000206001
-2.81029  0.000212974
-2.79993  0.000218131
-2.78963  0.000215345
-2.77935  0.000226202
-2.76891  0.000227607
-2.75869  0.000224862
-2.7485  0.000233235
-2.73815  0.000238372
-2.72795  0.000234882
-2.7178  0.000243183
-2.70751  0.000249735
-2.6973  0.000245966
-2.68708  0.000257491
-2.67687  0.000253678
-2.66674  0.00025957
-2.65656  0.000264045
-2.64635  0.000270897
-2.63603  0.000278392
-2.62583  0.000271072
-2.6157  0.000283804
-2.60546  0.000284309
-2.59532  0.000286232
-2.58508  0.0002991
-2.57477  0.000298622
-2.5646  0.000298073
-2.55442  0.000310671
-2.54416  0.000310868
-2.53397  0.000314922
-2.52382  0.000318655
-2.51365  0.000324386
-2.50352  0.000324986
-2.49336  0.000334077
-2.48317  0.000336011
-2.473  0.000343424
-2.46277  0.000350725
-2.45254  0.000353081
-2.44236  0.000356682
-2.43216  0.000364148
-2.42203  0.000361813
-2.41189  0.000374286
-2.40162  0.000381175
-2.39137  0.000381508
-2.38124  0.000384411
-2.37104  0.000396947
-2.36082  0.000398356
-2.35067  0.000402471
-2.34053  0.000406882
-2.33041  0.000411064
-2.32027  0.000418782
-2.31007  0.000426569
-2.29983  0.000434541
-2.2896  0.000434694
-2.27948  0.000439436
-2.2693  0.000451884
-2.25907  0.000456068
-2.2489  0.000457899
-2.23871  0.000468026
-2.22846  0.000474067
-2.21823  0.000478892
-2.20804  0.000483328
-2.19793  0.000485301
-2.18784  0.000493228
-2.17768  0.000502694
-2.16755  0.000504384
-2.15742  0.000514285
-2.14716  0.000529439
-2.13687  0.000528527
-2.12677  0.000524295
-2.11667  0.000543829
-2.10647  0.000548454
-2.09636  0.000546371
-2.08624  0.000563528
-2.076  0.000570849
-2.06572  0.000579659
-2.05542  0.000590365
-2.04525  0.000577604
-2.03517  0.000595241
-2.02496  0.000607479
-2.0148  0.00060497
-2.0047  0.000614039
-1.99462  0.000612216
-1.98451  0.000632425
-1.97431  0.000638614
-1.96417  0.000641326
-1.95407  0.000650017
-1.94394  0.000658494
-1.93383  0.000663562
-1.92369  0.000678829
-1.9135  0.000681259
-1.90339  0.000684133
-1.89327  0.000698461
-1.8831  0.00070772
-1.87297  0.000711038
-1.86286  0.000720272
-1.85272  0.000730496
-1.84257  0.000733713
-1.83244  0.000743681
-1.82233  0.000745542
-1.81223  0.000762272
-1.80207  0.00077479
-1.7919  0.000778801
-1.78176  0.000790388
-1.77162  0.000791118
-1.7615  0.000801956
-1.75139  0.000804825
-1.74124  0.00082662
-1.7311  0.000825196
-1.72101  0.000837196
-1.71088  0.000849848
-1.70073  0.000859789
-1.69055  0.000871272
-1.6803  0.000882918
-1.67016  0.000872779
-1.66005  0.000901765
-1.64991  0.000897098
-1.6398  0.000914901
-1.62969  0.000913822
-1.61951  0.000945858
-1.60936  0.000926017
-1.59933  0.000940493
-1.58924  0.000958702
-1.57912  0.000969563
-1.56903  0.000974356
-1.55897  0.000981121
-1.54876  0.00102015
-1.53855  0.000996017
-1.52845  0.00102152
-1.51834  0.00102311
-1.50825  0.00103713
-1.49821  0.00103725
-1.48811  0.0010679
-1.47794  0.00107178
-1.46781  0.00106988
-1.45776  0.00108177
-1.44768  0.00110019
-1.43758  0.00111331
-1.42747  0.00112137
-1.41739  0.00112989
-1.40731  0.00113789
-1.39724  0.00114278
-1.38713  0.00117047
-1.37701  0.00117568
-1.36692  0.00119173
-1.35682  0.00119674
-1.34673  0.00121192
-1.33659  0.00122648
-1.32648  0.00122343
-1.31638  0.00124721
-1.3063  0.00124981
-1.29617  0.00129052
-1.28603  0.00127707
-1.2755  0.00140658
-1.26495  0.00130483
-1.25481  0.00131933
-1.2447  0.00132712
-1.23458  0.00135481
-1.22399  0.00148408
-1.2134  0.00138627
-1.20326  0.00137591
-1.19316  0.001397
-1.18304  0.00139943
-1.17296  0.00142104
-1.16287  0.00143587
-1.15278  0.00145573
-1.14267  0.0014692
-1.13255  0.00147588
-1.12246  0.00147823
-1.11235  0.00150251
-1.10227  0.00150995
-1.09222  0.00152775
-1.08212  0.00156084
-1.07201  0.00156239
-1.06197  0.00155234
-1.05195  0.00157539
-1.04184  0.00160529
-1.03175  0.00160816
-1.02171  0.0016309
-1.01162  0.00166376
-1.00154  0.00166046
-0.991469  0.00167134
-0.98138  0.00168832
-0.971322  0.00169805
-0.961286  0.00172657
-0.951199  0.00174958
-0.941123  0.00175728
-0.931023  0.00178151
-0.920923  0.00176876
-0.910835  0.00182096
-0.900739  0.00182099
-0.890707  0.00184176
-0.880627  0.00186765
-0.870521  0.00187665
-0.860397  0.00188548
-0.850367  0.00188698
-0.840321  0.00195395
-0.830198  0.0019567
-0.820115  0.0019744
-0.81001  0.00199031
-0.799883  0.00199437
-0.78976  0.002012
-0.779669  0.00205976
-0.769605  0.00206424
-0.759577  0.00209373
-0.749499  0.00212086
-0.739425  0.00211228
-0.72933  0.00213528
-0.719243  0.00214525
-0.709195  0.00219963
-0.699131  0.00222734
-0.689081  0.00225183
-0.678997  0.00227435
-0.668892  0.00227679
-0.658792  0.00228783
-0.648248  0.00251044
-0.637753  0.00237581
-0.627686  0.00240509
-0.617612  0.00243437
-0.607531  0.00243386
-0.597469  0.00245433
-0.587326  0.00246764
-0.577194  0.00250366
-0.567148  0.00255983
-0.55707  0.00261361
-0.546972  0.00263125
-0.536889  0.00264439
-0.526803  0.00264014
-0.516708  0.00266393
-0.506655  0.00274722
-0.496584  0.00278166
-0.48655  0.00281014
-0.476486  0.00283609
-0.466391  0.00282969
-0.455837  0.00313565
-0.445314  0.00296222
-0.435233  0.00303766
-0.425152  0.00303252
-0.415104  0.00304898
-0.405034  0.00306
-0.394909  0.00311199
-0.384904  0.00320292
-0.374904  0.00326983
-0.364839  0.00333172
-0.354739  0.00331902
-0.344681  0.00331282
-0.334547  0.00341352
-0.324506  0.0035378
-0.314487  0.00360525
-0.304451  0.00362571
-0.294414  0.00365322
-0.284359  0.00361375
-0.274257  0.00377155
-0.264218  0.00396256
-0.254183  0.00402943
-0.244151  0.00404775
-0.233624  0.00446029
-0.223048  0.00406672
-0.212891  0.00426423
-0.202447  0.00495946
-0.191921  0.00465905
-0.181832  0.00465935
-0.171786  0.00462253
-0.161711  0.00464639
-0.151038  0.00556736
-0.14057  0.00547375
-0.130514  0.00549926
-0.120481  0.00552179
-0.110414  0.00551326
-0.10031  0.00552512
-0.0901382  0.00661358
-0.080213  0.007
-0.0701855  0.00715949
-0.0601361  0.00711059
-0.0500866  0.00719876
-0.0400151  0.00721765
-0.0294706  0.0109067
-0.0198934  0.0131907
-0.00976194  0.0145648
-0.00231738  0.00882135
0.00231738  0.00882135
0.00976194  0.0145648
0.0198934  0.0131907
0.0294706  0.0109067
0.0400151  0.00721765
0.0500866  0.00719876
0.0601361  0.00711059
0.0701855  0.00715949
0.080213  0.007
0.0901382  0.00661358
0.10031  0.00552512
0.110414  0.00551326
0.120481  0.00552179
0.130514  0.00549926
0.14057  0.00547375
0.151038  0.00556736
0.161711  0.00464639
0.171786  0.00462253
0.181832  0.00465935
0.191921  0.00465905
0.202447  0.00495946
0.212891  0.00426423
0.223048  0.00406672
0.233624  0.00446029
0.244151  0.00404775
0.254183  0.00402943
0.264218  0.00396256
0.274257  0.00377155
0.284359  0.00361375
0.294414  0.00365322
0.304451  0.00362571
0.314487  0.00360525
0.324506  0.0035378
0.334547  0.00341352
0.344681  0.00331282
0.354739  0.00331902
0.364839  0.00333172
0.374904  0.00326983
0.384904  0.00320292
0.394909  0.00311199
0.405034  0.00306
0.415104  0.00304898
0.425152  0.00303252
0.435233  0.00303766
0.445314  0.00296222
0.455837  0.00313565
0.466391  0.00282969
0.476486  0.00283609
0.48655  0.00281014
0.496584  0.00278166
0.506655  0.00274722
0.516708  0.00266393
0.526803  0.00264014
0.536889  0.00264439
0.546972  0.00263125
0.55707  0.00261361
0.567148  0.00255983
0.577194  0.00250366
0.587326  0.00246764
0.597469  0.00245433
0.607531  0.00243386
0.617612  0.00243437
0.627686  0.00240509
0.637753  0.00237581
0.648248  0.00251044
0.658792  0.00228783
0.668892  0.00227679
0.678997  0.00227435
0.689081  0.00225183
0.699131  0.00222734
0.709195  0.00219963
0.719243  0.00214525
0.72933  0.00213528
0.739425  0.00211228
0.749499  0.00212086
0.759577  0.00209373
0.769605  0.00206424
0.779669  0.00205976
0.78976  0.002012
0.799883  0.00199437
0.81001  0.00199031
0.820115  0.0019744
0.830198  0.0019567
0.840321  0.00195395
0.850367  0.00188698
0.860397  0.00188548
0.870521  0.00187665
0.880627  0.00186765
0.890707  0.00184176
0.900739  0.00182099
0.910835  0.00182096
0.920923  0.00176876
0.931023  0.00178151
0.941123  0.00175728
0.951199  0.00174958
0.961286  0.00172657
0.971322  0.00169805
0.98138  0.00168832
0.991469  0.00167134
1.00154  0.00166046
1.01162  0.00166376
1.02171  0.0016309
1.03175  0.00160816
1.04184  0.00160529
1.05195  0.00157539
1.06197  0.00155234
1.07201  0.00156239
1.08212  0.00156084
1.09222  0.00152775
1.10227  0.00150995
1.11235  0.00150251
1.12246  0.00147823
1.13255  0.00147588
1.14267  0.0014692
1.15278  0.00145573
1.16287  0.00143587
1.17296  0.00142104
1.18304  0.00139943
1.19316  0.001397
1.20326  0.00137591
1.2134  0.00138627
1.22399  0.00148408
1.23458  0.00135481
1.2447  0.00132712
1.25481  0.00131933
1.26495  0.00130483
1.2755  0.00140658
1.28603  0.00127707
1.29617  0.00129052
1.3063  0.00124981
1.31638  0.00124721
1.32648  0.00122343
1.33659  0.00122648
1.34673  0.00121192
1.35682  0.00119674
1.36692  0.00119173
1.37701  0.00117568
1.38713  0.00117047
1.39724  0.00114278
1.40731  0.00113789
1.41739  0.00112989
1.42747  0.00112137
1.43758  0.00111331
1.44768  0.00110019
1.45776  0.00108177
1.46781  0.00106988
1.47794  0.00107178
1.48811  0.0010679
1.49821  0.00103725
1.50825  0.00103713
1.51834  0.00102311
1.52845  0.00102152
1.53855  0.000996017
1.54876  0.00102015
1.55897  0.000981121
1.56903  0.000974356
1.57912  0.000969563
1.58924  0.000958702
1.59933  0.000940493
1.60936  0.000926017
1.61951  0.000945858
1.62969  0.000913822
1.6398  0.000914901
1.64991  0.000897098
1.66005  0.000901765
1.67016  0.000872779
1.6803  0.000882918
1.69055  0.000871272
1.70073  0.000859789
1.71088  0.000849848
1.72101  0.000837196
1.7311  0.000825196
1.74124  0.00082662
1.75139  0.000804825
1.7615  0.000801956
1.77162  0.000791118
1.78176  0.000790388
1.7919  0.000778801
1.80207  0.00077479
1.81223  0.000762272
1.82233  0.000745542
1.83244  0.000743681
1.84257  0.000733713
1.85272  0.000730496
1.86286  0.000720272
1.87297  0.000711038
1.8831  0.00070772
1.89327  0.000698461
1.90339  0.000684133
1.9135  0.000681259
1.92369  0.000678829
1.93383  0.000663562
1.94394  0.000658494
1.95407  0.000650017
1.96417  0.000641326
1.97431  0.000638614
1.98451  0.000632425
1.99462  0.000612216
2.0047  0.000614039
2.0148  0.00060497
2.02496  0.000607479
2.03517  0.000595241
2.04525  0.000577604
2.05542  0.000590365
2.06572  0.000579659
2.076  0.000570849
2.08624  0.000563528
2.09636  0.000546371
2.10647  0.000548454
2.11667  0.000543829
2.12677  0.000524295
2.13687  0.000528527
2.14716  0.000529439
2.15742  0.000514285
2.16755  0.000504384
2.17768  0.000502694
2.18784  0.000493228
2.19793  0.000485301
2.20804  0.000483328
2.21823  0.000478892
2.22846  0.000474067
2.23871  0.000468026
2.2489  0.000457899
2.25907  0.000456068
2.2693  0.000451884
2.27948  0.000439436
2.2896  0.000434694
2.29983  0.000434541
2.31007  0.000426569
2.32027  0.000418782
2.33041  0.000411064
2.34053  0.000406882
2.35067  0.000402471
2.36082  0.000398356
2.37104  0.000396947
2.38124  0.000384411
2.39137  0.000381508
2.40162  0.000381175
2.41189  0.000374286
2.42203  0.000361813
2.43216  0.000364148
2.44236  0.000356682
2.45254  0.000353081
2.46277  0.000350725
2.473  0.000343424
2.48317  0.000336011
2.49336  0.000334077
2.50352  0.000324986
2.51365  0.000324386
2.52382  0.000318655
2.53397  0.000314922
2.54416  0.000310868
2.55442  0.000310671
2.5646  0.000298073
2.57477  0.000298622
2.58508  0.0002991
2.59532  0.000286232
2.60546  0.000284309
2.6157  0.000283804
2.62583  0.000271072
2.63603  0.000278392
2.64635  0.000270897
2.65656  0.000264045
2.66674  0.00025957
2.67687  0.000253678
2.68708  0.000257491
2.6973  0.000245966
2.70751  0.000249735
2.7178  0.000243183
2.72795  0.000234882
2.73815  0.000238372
2.7485  0.000233235
2.75869  0.000224862
2.76891  0.000227607
2.77935  0.000226202
2.78963  0.000215345
2.79993  0.000218131
2.81029  0.000212974
2.82049  0.000206001
2.83076  0.000206617
2.84107  0.000202981
2.85131  0.000195699
2.86149  0.000194473
2.87172  0.000190761
2.88185  0.00018687
2.89203  0.000185277
2.90235  0.000185616
2.91259  0.000177345
2.92272  0.000175992
2.933  0.000176722
2.94332  0.000171129
2.95355  0.00016708
2.96375  0.000166633
2.974  0.000161621
2.98428  0.000161862
2.9946  0.000157458
3.00491  0.000158277
3.01516  0.000148716
3.02545  0.000155316
3.03585  0.0001453
3.04601  0.000144759
3.05632  0.000142892
3.06645  0.000136024
3.07664  0.000140295
3.08703  0.000135178
3.09725  0.000131835
3.1076  0.000133656
3.11795  0.000128106
3.12824  0.000126273
3.13842  0.000122841
3.14868  0.000122829
3.15911  0.000121602
3.16943  0.000117449
3.17976  0.000116094
3.18993  0.000110902
3.20023  0.00011347
3.21061  0.000109552
3.22095  0.000109151
3.23138  0.000107692
3.24178  0.000103515
3.25219  0.000103803
3.26251  9.83053e-05
3.27271  9.87153e-05
3.28305  9.7449e-05
3.29343  9.34364e-05
3.30364  9.27128e-05
3.31396  9.15039e-05
3.32441  9.16726e-05
3.3349  8.75469e-05
3.34512  8.73073e-05
3.35547  8.30067e-05
3.36564  8.25214e-05
3.37591  8.06774e-05
3.38619  8.05637e-05
3.39654  7.8065e-05
3.40696  7.7962e-05
3.41734  7.55044e-05
3.42754  7.21784e-05
3.43781  7.37524e-05
3.44835  7.25308e-05
3.45884  7.04174e-05
3.46915  6.86707e-05
3.47966  6.94045e-05
3.49033  6.55423e-05
3.50049  6.48029e-05
3.511  6.40275e-05
3.52135  6.14118e-05
3.53196  6.45454e-05
3.54241  5.57263e-05
3.55275  6.3271e-05
3.56365  5.67202e-05
3.57401  5.76121e-05
3.58449  5.43112e-05
3.59463  5.18982e-05
3.6049  5.40191e-05
3.61533  5.04392e-05
3.62556  5.07011e-05
3.63596  4.96377e-05
3.64638  4.83678e-05
3.65714  5.13073e-05
3.66792  4.70114e-05
3.67832  4.41479e-05
3.68893  4.86101e-05
3.69939  4.00356e-05
3.7094  4.318e-05
3.71974  4.12562e-05
3.7303  4.32341e-05
3.74106  3.93019e-05
3.75103  3.87368e-05
3.76153  3.82828e-05
3.77173  3.66835e-05
3.78212  3.79492e-05
3.79258  3.56353e-05
3.80313  3.56061e-05
3.81359  3.51146e-05
3.82428  3.47266e-05
3.83494  3.32064e-05
3.84539  3.25862e-05
3.85593  3.27064e-05
3.86657  3.07686e-05
3.87722  3.10195e-05
3.88791  2.99778e-05
3.89816  2.81422e-05
3.90858  2.76202e-05
3.91915  3.01295e-05
3.93017  2.65897e-05
3.94063  2.66491e-05
3.95053  2.32026e-05
3.96056  2.55432e-05
3.97129  2.59166e-05
3.98228  2.46179e-05
3.99274  2.32841e-05
4.00314  2.35154e-05
4.01427  2.41976e-05
4.02473  2.01559e-05
4.03488  2.22592e-05
4.04533  1.96069e-05
4.05564  2.09455e-05
4.06627  2.04557e-05
4.0771  1.95262e-05
4.08757  1.95484e-05
4.09818  1.90094e-05
4.10928  1.82107e-05
4.11984  1.90758e-05
4.13066  1.71631e-05
4.14088  1.55113e-05
4.15058  1.60493e-05
4.16119  1.62633e-05
4.17169  1.53283e-05
4.18239  1.69588e-05
4.19365  1.48711e-05
4.20453  1.5788e-05
4.21512  1.29113e-05
4.22497  1.42022e-05
4.23608  1.43746e-05
4.24649  1.24002e-05
4.25731  1.30663e-05
4.26709  1.1386e-05
4.27727  1.32508e-05
4.28823  1.09363e-05
4.29808  1.20232e-05
4.30846  1.08124e-05
4.31897  1.11527e-05
4.33034  1.18838e-05
4.34055  1.052e-05
4.35154  1.01971e-05
4.36273  1.12013e-05
4.37419  9.96573e-06
4.38386  8.83343e-06
4.39487  9.17763e-06
4.40474  8.64092e-06
4.41483  8.60239e-06
4.42537  8.6584e-06
4.43627  7.93529e-06
4.44679  9.55704e-06
4.45769  6.90032e-06
4.46853  8.92365e-06
4.47907  6.63262e-06
4.48956  7.51391e-06
4.49971  6.79476e-06
4.51018  6.47137e-06
4.5204  7.52497e-06
4.53172  6.48435e-06
4.54304  7.36793e-06
4.55458  6.12305e-06
4.56481  6.03375e-06
4.57514  5.86992e-06
4.5866  6.03077e-06
4.59783  6.14276e-06
4.60847  5.07452e-06
4.6185  5.25991e-06
4.62848  4.41897e-06
4.64004  5.98656e-06
4.65157  4.81607e-06
4.66133  4.86983e-06
4.67172  3.75812e-06
4.68228  5.41374e-06
4.69385  3.69754e-06
4.70438  5.03797e-06
4.716  3.92647e-06
4.72594  4.10248e-06
4.73839  4.0529e-06
4.74767  3.35324e-06
4.75806  3.65703e-06
4.7681  3.35753e-06
4.77884  3.86172e-06
4.79054  3.47277e-06
4.80329  4.14163e-06
4.81535  3.55482e-06
4.82719  2.69376e-06
4.83784  3.18725e-06
4.84679  2.75896e-06
4.85793  2.42432e-06
4.86832  2.97947e-06
4.87874  2.72773e-06
4.89029  2.61297e-06
4.90139  1.98424e-06
4.91256  3.44512e-06
4.92315  2.08344e-06
4.93566  2.37795e-06
4.94639  2.53067e-06
4.95609  1.52126e-06
4.968  2.51308e-06
4.98072  2.51939e-06
4.99113  1.7381e-06
5.00161  2.02644e-06
5.01652  2.46137e-06
5.02895  1.85465e-06
5.03769  1.34437e-06
5.04951  1.70922e-06
5.06115  1.79312e-06
5.07069  1.71938e-06
5.08221  1.46927e-06
5.0946  1.33213e-06
5.10523  1.58532e-06
5.11663  1.58487e-06
5.12845  1.19771e-06
5.14009  1.41537e-06
5.1515  1.21477e-06
5.16174  1.48087e-06
5.1744  1.16836e-06
5.18675  9.08297e-07
5.1977  1.51522e-06
5.2088  1.04465e-06
5.22091  1.17497e-06
5.23527  1.03832e-06
5.24642  9.64103e-07
5.25836  1.38678e-06
5.27206  8.00257e-07
5.28543  8.56242e-07
5.29768  1.17145e-06
5.31034  9.09193e-07
5.32482  9.38499e-07
5.33774  7.73554e-07
5.35269  8.3409e-07
5.36587  1.05843e-06
5.37888  7.81625e-07
5.39697  6.03877e-07
5.40861  8.64437e-07
5.42333  8.89722e-07
5.44013  5.35149e-07
5.45358  6.60312e-07
5.47079  7.43181e-07
5.48531  7.17268e-07
5.50147  7.26423e-07
5.51943  3.65311e-07
5.5341  6.51172e-07
5.55173  7.55621e-07
5.5673  3.66958e-07
5.58632  4.64097e-07
5.60477  5.73845e-07
5.61758  2.41439e-07
5.62317  3.89154e-07
5.64125  3.60934e-07
5.65954  3.41743e-07
5.67777  5.46545e-07
5.69848  3.74568e-07
5.71712  4.16899e-07
5.7381  2.91171e-07
5.75973  3.64408e-07
5.77961  5.12821e-07
5.80182  1.93133e-07
5.8245  2.24708e-07
5.84597  3.86514e-07
5.86955  2.93251e-07
5.89303  1.75176e-07
5.91701  2.60439e-07
5.94298  2.62152e-07
5.96721  1.98391e-07
5.9932  2.5331e-07
6.02222  7.81169e-08
6.04738  2.04836e-07
6.07626  2.64918e-07
6.10266  2.85938e-08
6.13494  1.74083e-07
6.16733  1.57883e-07
6.19629  1.02246e-07
6.23072  1.22219e-07
6.26591  4.6843e-08
6.2996  1.37104e-07
6.33713  7.97743e-08
6.37154  5.16624e-08
6.41483  8.17094e-08
6.45662  3.76038e-08
6.49592  9.23672e-08
6.54508  1.8261e-08
6.58762  1.68166e-08
6.63799  8.25716e-08
6.74043  2.33355e-08
6.80365  3.69074e-08
6.92571  2.78143e-08
7.0023  6.59868e-09
7.15331  1.86484e-08
7.44847  6.66831e-09
7.86905  9.93522e-10
