-5.0058  0.00194637
-3.64213  0.00262925
-3.02063  0.00224354
-2.85334  0.000648954
-2.76038  0.00236172
-2.0552  0.0108757
-2.03181  0.00228966
-1.93237  0.00426596
-1.54264  0.00198942
-1.37502  0.0171847
-1.3093  0.00735188
-1.19187  6.31421e-05
-1.10007  4.97627e-05
-1.06037  0.00192945
-0.941387  0.0172192
-0.90721  0.00843527
-0.77577  0.000430018
-0.696134  0.000785487
-0.662239  0.0155356
-0.642709  0.00862272
-0.466923  0.00458697
-0.450832  0.00430137
-0.429843  0.00159843
-0.400783  0.00136614
-0.350275  0.00428127
-0.286339  0.0440258
-0.260528  0.0275027
-0.241215  0.00267205
-0.134715  0.0118334
-0.0957841  0.0549952
-0.0790716  0.0502233
-0.0480301  0.0110651
-0.0104438  0.174691
0.0104438  0.174691
0.0480301  0.0110651
0.0790716  0.0502233
0.0957841  0.0549952
0.134715  0.0118334
0.241215  0.00267205
0.260528  0.0275027
0.286339  0.0440258
0.350275  0.00428127
0.400783  0.00136614
0.429843  0.00159843
0.450832  0.00430137
0.466923  0.00458697
0.642709  0.00862272
0.662239  0.0155356
0.696134  0.000785487
0.77577  0.000430018
0.90721  0.00843527
0.941387  0.0172192
1.06037  0.00192945
1.10007  4.97627e-05
1.19187  6.31421e-05
1.3093  0.00735188
1.37502  0.0171847
1.54264  0.00198942
1.93237  0.00426596
2.03181  0.00228966
2.0552  0.0108757
2.76038  0.00236172
2.85334  0.000648954
3.02063  0.00224354
3.64213  0.00262925
5.0058  0.00194637
