-6.51871  1.492e-05
-6.46464  8.69146e-06
-5.41102  6.78496e-05
-5.39284  4.17207e-05
-4.8984  0.000145704
-4.88747  9.48638e-05
-4.56117  0.000196325
-4.55336  0.000135811
-4.30945  0.000186
-4.30338  0.000137246
-4.10854  0.000131576
-4.10357  0.000104022
-4.10072  3.9164e-05
-4.09579  2.4082e-05
-3.94133  7.20237e-05
-3.93712  6.13211e-05
-3.93472  0.000168206
-3.93053  0.000109514
-3.79814  3.11935e-05
-3.79449  2.87714e-05
-3.7924  0.000339968
-3.78877  0.000235177
-3.67291  1.08361e-05
-3.66969  1.09033e-05
-3.66785  0.000429451
-3.66465  0.000316883
-3.56166  3.04184e-06
-3.55878  3.36677e-06
-3.55713  0.000379741
-3.55426  0.000300218
-3.46157  6.91648e-07
-3.45896  8.50589e-07
-3.45747  0.00024944
-3.45487  0.000212374
-3.45339  4.85458e-05
-3.4508  3.16068e-05
-3.37061  1.27083e-07
-3.36823  1.75823e-07
-3.36686  0.000126038
-3.36449  0.000116251
-3.36314  0.000196235
-3.36077  0.000135748
-3.28725  1.87288e-08
-3.28506  2.96135e-08
-3.28381  5.00383e-05
-3.28162  5.03486e-05
-3.28038  0.00037183
-3.2782  0.000274366
-3.21032  2.18386e-09
-3.2083  4.02857e-09
-3.20714  1.58022e-05
-3.20512  1.74903e-05
-3.20396  0.000438386
-3.20195  0.000346582
-3.13891  1.97048e-10
-3.13703  4.36194e-10
-3.13595  3.99231e-06
-3.13407  4.90975e-06
-3.13299  0.000359953
-3.13111  0.000306465
-3.08067  2.61898e-05
-3.07889  1.61041e-05
-3.06951  8.06901e-07
-3.06775  1.11637e-06
-3.06674  0.000218255
-3.06499  0.000201307
-3.06398  3.77568e-05
-3.06223  2.61188e-05
-3.0177  0.000112483
-3.01603  7.32346e-05
-3.00722  1.2973e-07
-3.00463  0.000101296
-3.00242  0.000244802
-3.00039  0.000105579
-2.95849  0.000227344
-2.95691  0.000157268
-2.94861  1.63874e-08
-2.94616  3.65156e-05
-2.94384  0.000293427
-2.94216  0.000200053
-2.9026  0.000287183
-2.90111  0.000211907
-2.89326  1.59236e-09
-2.89094  1.03735e-05
-2.88867  0.000289782
-2.88716  0.000235862
-2.84969  0.000253941
-2.84828  0.000200763
-2.84083  1.14942e-10
-2.83863  2.32911e-06
-2.83645  0.000213189
-2.83504  0.000193664
-2.79945  0.000166806
-2.79787  0.000206946
-2.796  4.22723e-05
-2.78894  4.11867e-07
-2.78686  0.000117354
-2.78541  0.000138074
-2.78345  1.52356e-05
-2.75164  8.42846e-05
-2.74979  0.000340194
-2.74835  0.000181556
-2.74162  5.67553e-08
-2.73963  4.92447e-05
-2.73795  0.00012742
-2.73638  5.77372e-05
-2.70602  3.34618e-05
-2.70415  0.000530971
-2.70288  0.00036695
-2.69645  5.97441e-09
-2.69455  1.59752e-05
-2.69275  0.000139559
-2.69144  0.000102108
-2.66241  1.05673e-05
-2.66059  0.000598014
-2.65941  0.000463535
-2.65325  4.64426e-10
-2.65143  4.03394e-06
-2.64964  0.000126776
-2.64846  0.000111786
-2.62064  2.66975e-06
-2.61889  0.000484701
-2.61776  0.00040988
-2.61011  7.92508e-07
-2.60838  8.54564e-05
-2.60726  8.47256e-05
-2.58057  5.39593e-07
-2.57888  0.00029265
-2.57767  0.000344984
-2.57611  5.23987e-05
-2.57045  1.20123e-07
-2.56878  4.27683e-05
-2.56762  5.55225e-05
-2.56604  6.66539e-06
-2.54205  8.67516e-08
-2.54043  0.00013534
-2.53899  0.000423093
-2.53777  0.00021181
-2.53232  1.37942e-08
-2.53071  1.61542e-05
-2.52935  4.7519e-05
-2.52808  2.35754e-05
-2.50434  3.11738e-08
-2.50289  0.000102807
-2.50141  0.00090899
-2.49561  1.16166e-09
-2.49406  4.65866e-06
-2.49258  4.84151e-05
-2.49152  3.87149e-05
-2.46859  3.42203e-09
-2.46722  3.09257e-05
-2.46579  0.00102895
-2.45947  3.17599e-10
-2.45813  2.65639e-06
-2.45674  7.80071e-05
-2.4341  2.89551e-10
-2.43278  7.4238e-06
-2.43142  0.000809751
-2.424  4.9309e-07
-2.42267  5.17408e-05
-2.40536  3.58434e-05
-2.39951  1.42176e-06
-2.3982  0.000469702
-2.39686  9.59839e-05
-2.39101  7.0366e-08
-2.38974  2.49029e-05
-2.38843  4.9319e-06
-2.37301  0.00014846
-2.36732  2.15929e-07
-2.36606  0.000207697
-2.36477  0.00034979
-2.35972  2.01159e-09
-2.35837  3.76765e-06
-2.35721  1.3281e-05
-2.35616  7.44898e-06
-2.34168  0.000288972
-2.33615  2.56783e-08
-2.33494  7.14034e-05
-2.3337  0.000593926
-2.32817  5.95802e-10
-2.327  2.45331e-06
-2.32579  2.25135e-05
-2.31132  0.00035103
-2.30653  6.21143e-10
-2.30525  8.0919e-06
-2.30399  0.000335381
-2.30316  0.000299015
-2.29707  5.12316e-07
-2.2959  1.99105e-05
-2.28187  0.000298015
-2.27662  1.57692e-10
-2.27551  4.10333e-06
-2.27436  0.000451867
-2.26802  8.1233e-08
-2.2669  1.19787e-05
-2.25722  3.09946e-05
-2.25328  0.000187624
-2.25212  8.56936e-05
-2.24709  6.8551e-07
-2.24598  0.000239773
-2.24484  5.04763e-05
-2.24037  2.55449e-09
-2.23917  2.17861e-06
-2.23833  3.67034e-06
-2.23721  6.14241e-07
-2.22933  0.000136101
-2.2255  9.06937e-05
-2.22438  0.0003336
-2.21947  8.89319e-08
-2.2184  9.6169e-05
-2.2173  0.000171412
-2.21238  8.25378e-10
-2.21135  1.65211e-06
-2.21026  3.71292e-06
-2.20222  0.000281858
-2.19848  3.43746e-05
-2.1974  0.000607862
-2.19314  2.33048e-09
-2.192  1.24592e-05
-2.1909  0.000157574
-2.19013  0.000129448
-2.18471  3.94291e-07
-2.18366  4.92544e-06
-2.17584  0.000365752
-2.1722  1.03403e-05
-2.17115  0.000688079
-2.16645  6.37156e-10
-2.16547  7.10555e-06
-2.16444  0.000260826
-2.15877  7.03337e-08
-2.15777  3.95103e-06
-2.15016  0.000333223
-2.1466  2.48223e-06
-2.14558  0.000541499
-2.14004  1.31896e-06
-2.13904  0.000173001
-2.13401  2.4575e-09
-2.13294  9.02123e-07
-2.13226  1.2387e-06
-2.12513  0.000226318
-2.12411  7.85597e-05
-2.12165  4.75382e-07
-2.12067  0.0003141
-2.11966  9.62799e-05
-2.11525  1.88221e-07
-2.11429  8.32657e-05
-2.1133  1.97884e-05
-2.10888  8.73442e-10
-2.10795  8.17393e-07
-2.10698  2.67895e-07
-2.10073  0.000118738
-2.09974  0.000325387
-2.09733  7.21983e-08
-2.09638  0.000138892
-2.0954  0.000350869
-2.09156  5.38078e-09
-2.09053  1.25938e-05
-2.08964  4.98073e-05
-2.08886  2.98878e-05
-2.08486  5.59044e-11
-2.08396  2.27592e-07
-2.08302  7.10762e-07
-2.07693  4.9196e-05
-2.07597  0.000633355
-2.0736  8.58584e-09
-2.07268  4.7749e-05
-2.07173  0.000595757
-2.06749  1.5937e-09
-2.0666  8.2029e-06
-2.06567  9.03319e-05
-2.06005  4.28075e-07
-2.05937  4.73552e-07
-2.05278  0.000785685
-2.04895  0.000338048
-2.0483  0.000299974
-2.04306  3.96087e-05
-2.04241  4.19919e-05
-2.03683  6.2277e-07
-2.03011  0.000657538
-2.02637  0.000228622
-2.02575  0.000227382
-2.02061  2.18037e-05
-2.02  2.65304e-05
-2.01452  2.95604e-07
-2.00792  0.000486779
-2.0067  3.83996e-05
-2.00485  3.91426e-07
-2.00381  0.000308088
-1.99869  8.63627e-06
-1.99789  1.81561e-05
-1.99262  1.18896e-07
-1.99163  2.52668e-08
-1.98653  0.000273304
-1.98543  0.000365584
-1.98323  3.93091e-08
-1.98183  0.00032574
-1.97659  1.51996e-05
-1.97577  8.81239e-06
-1.97104  7.10231e-08
-1.97033  6.21133e-08
-1.96565  0.000210861
-1.96428  0.000666141
-1.96168  1.17364e-05
-1.96054  0.000378876
-1.95547  1.24546e-05
-1.95484  1.21838e-05
-1.94975  1.22468e-07
-1.94511  0.000173778
-1.94359  0.000756315
-1.94019  0.000180662
-1.93961  0.000175306
-1.93492  8.53715e-06
-1.93435  1.02401e-05
-1.92934  7.61175e-08
-1.92488  0.000125205
-1.92333  0.000594355
-1.92  0.000111
-1.91945  0.000121703
-1.91452  1.00266e-05
-1.90936  3.1632e-08
-1.90779  5.25347e-05
-1.90477  0.000103753
-1.90337  0.000424782
-1.90066  1.1072e-07
-1.89975  0.000144524
-1.89478  4.48912e-06
-1.89387  7.73835e-07
-1.88948  1.5322e-08
-1.88827  0.000217593
-1.88468  0.000261784
-1.88344  0.000334303
-1.88025  8.26398e-05
-1.87968  6.162e-05
-1.87528  2.7984e-06
-1.87461  2.06962e-06
-1.86936  0.000243724
-1.86884  0.00017983
-1.86572  0.000276733
-1.86433  0.000487104
-1.86115  8.56145e-05
-1.86058  7.63754e-05
-1.85628  2.2283e-06
-1.85574  2.56417e-06
-1.85038  0.000514508
-1.84703  0.000282869
-1.8456  0.000469535
-1.84251  6.53862e-05
-1.84199  7.04614e-05
-1.83746  3.32709e-06
-1.83199  0.0004368
-1.8287  0.000203712
-1.82727  0.000333122
-1.82426  3.63059e-05
-1.82377  4.44084e-05
-1.8193  1.58093e-06
-1.81383  0.000344746
-1.81298  5.58509e-05
-1.81071  9.52422e-05
-1.80961  0.000177916
-1.80896  9.25202e-05
-1.80591  4.67846e-05
-1.8014  6.33837e-07
-1.80066  1.67854e-07
-1.79567  0.000621877
-1.79258  0.000149096
-1.79163  0.000187577
-1.79078  5.58129e-05
-1.78824  2.7969e-05
-1.78761  1.79848e-05
-1.78369  3.97936e-07
-1.78315  3.87672e-07
-1.77819  0.00094131
-1.77528  0.000142911
-1.77439  0.00023305
-1.77348  9.80839e-05
-1.77088  2.42776e-05
-1.77038  2.46221e-05
-1.76618  7.34424e-07
-1.76111  0.00102366
-1.75804  0.000238935
-1.75673  0.00019387
-1.75368  3.75759e-05
-1.74932  4.57801e-07
-1.74435  0.000797299
-1.74134  0.000155696
-1.74004  0.000127371
-1.73705  2.01027e-05
-1.73276  1.90353e-07
-1.72782  0.000545017
-1.72701  6.43386e-05
-1.72467  0.000102198
-1.72365  7.75142e-05
-1.72051  1.10364e-05
-1.71621  9.66258e-08
-1.71148  0.000501848
-1.71085  0.000242238
-1.70823  0.000131965
-1.70703  5.53508e-05
-1.70414  1.10374e-05
-1.69995  1.02199e-07
-1.69549  0.000577754
-1.69494  0.000409831
-1.69233  0.000144674
-1.69111  6.95263e-05
-1.68826  1.11443e-05
-1.68418  8.90464e-08
-1.68062  6.04468e-05
-1.67954  0.000921276
-1.67674  0.000121065
-1.67553  5.935e-05
-1.67273  7.77639e-06
-1.66873  4.89103e-08
-1.66533  3.65941e-05
-1.66417  0.000665541
-1.66141  7.1948e-05
-1.66022  3.53593e-05
-1.65746  3.6991e-06
-1.65353  1.74105e-08
-1.65234  4.19954e-05
-1.65  2.8599e-05
-1.64893  0.000456552
-1.64614  4.34336e-05
-1.64511  2.05857e-05
-1.64223  1.96803e-06
-1.63759  9.40811e-05
-1.63718  6.94137e-05
-1.63484  1.97876e-05
-1.63383  0.000516148
-1.63101  4.99143e-05
-1.62989  1.64278e-05
-1.62717  2.05949e-06
-1.62272  0.000297902
-1.61937  0.000382051
-1.6188  0.000273359
-1.61634  5.41978e-05
-1.61521  1.77691e-05
-1.61257  1.95741e-06
-1.60826  0.000337211
-1.60562  8.57897e-05
-1.60455  0.000514473
-1.60196  4.18235e-05
-1.60084  1.37117e-05
-1.59825  1.22373e-06
-1.59402  0.000265373
-1.59145  5.30865e-05
-1.59036  0.000339813
-1.58781  2.23997e-05
-1.5867  7.33954e-06
-1.58416  5.09108e-07
-1.58195  1.92497e-05
-1.57979  0.000248297
-1.57666  0.000143628
-1.5761  0.000108067
-1.57367  1.32344e-05
-1.57263  3.66936e-06
-1.57002  2.72619e-07
-1.56811  7.97302e-05
-1.56572  0.000411963
-1.56267  0.00016445
-1.56207  0.000102526
-1.5597  1.43751e-05
-1.55865  3.47761e-06
-1.55612  3.0396e-07
-1.55448  0.000155192
-1.55205  0.000607319
-1.54956  7.64207e-05
-1.54856  0.00023099
-1.54612  1.48314e-05
-1.54506  3.48843e-06
-1.54395  2.4892e-05
-1.54262  2.6748e-07
-1.54105  0.00018852
-1.53864  0.000619023
-1.53622  6.17811e-05
-1.53519  0.000197564
-1.53279  1.03927e-05
-1.53175  2.43162e-06
-1.53067  0.000109304
-1.52935  1.47141e-07
-1.52781  0.000160049
-1.52543  0.000445598
-1.52305  3.62847e-05
-1.52203  0.00011803
-1.51966  4.94682e-06
-1.51863  1.15757e-06
-1.51759  0.000226362
-1.51627  5.23904e-08
-1.51459  0.000146785
-1.51226  0.000337228
-1.50943  5.71632e-05
-1.50878  3.59039e-05
-1.50645  3.03392e-06
-1.50469  0.000294087
-1.50308  3.00648e-08
-1.50148  0.000227866
-1.49919  0.000438482
-1.49637  7.30643e-05
-1.49565  2.52332e-05
-1.4935  3.24798e-06
-1.49196  0.00026809
-1.4902  3.52574e-08
-1.48872  0.000344913
-1.48664  0.000311154
-1.48625  0.000259316
-1.48351  0.000107328
-1.48078  3.47861e-06
-1.47928  0.000244953
-1.4762  0.000375114
-1.47397  0.00053028
-1.47107  8.29392e-05
-1.46836  2.23117e-06
-1.46667  0.000356692
-1.46387  0.000292158
-1.46167  0.000348389
-1.4588  4.44284e-05
-1.45612  9.32487e-07
-1.45438  0.000548163
-1.45179  0.000126056
-1.45147  0.000115633
-1.4494  0.000236048
-1.44657  2.56496e-05
-1.44394  4.69359e-07
-1.44232  0.000631045
-1.43953  0.000339724
-1.43721  0.000276771
-1.43444  2.77199e-05
-1.43169  6.62693e-07
-1.43043  0.000528022
-1.42785  0.000297776
-1.42734  0.000177986
-1.42533  0.000330556
-1.42262  2.86305e-05
-1.41984  6.56675e-07
-1.41862  0.000406319
-1.41597  0.000479227
-1.41366  0.000281218
-1.41099  2.00674e-05
-1.40831  3.31902e-07
-1.40684  0.000453341
-1.40443  0.000343925
-1.40215  0.000167665
-1.39951  9.55464e-06
-1.3969  1.12432e-07
-1.39531  0.000626278
-1.39298  0.000262463
-1.39066  0.00010533
-1.38804  5.41271e-06
-1.38546  5.93741e-08
-1.38401  0.000743599
-1.38163  0.000346296
-1.37925  0.00011892
-1.37669  6.11075e-06
-1.37288  0.000699331
-1.3705  0.000452786
-1.36813  0.000132672
-1.36561  5.91039e-06
-1.36427  4.2191e-05
-1.36198  0.000304259
-1.36169  0.000276688
-1.35953  0.000421371
-1.35719  0.000102994
-1.35471  3.70631e-06
-1.3534  0.000174751
-1.35099  0.000274254
-1.35072  0.000248482
-1.34871  0.000276916
-1.34639  5.52282e-05
-1.34394  1.54282e-06
-1.34265  0.000340147
-1.34119  1.43454e-08
-1.34  0.000573547
-1.33793  0.000194516
-1.33559  3.29862e-05
-1.33313  8.87756e-07
-1.33204  0.0004132
-1.32934  0.000680042
-1.32723  0.000241664
-1.32488  3.73683e-05
-1.32169  0.000190519
-1.3214  0.000161338
-1.31886  0.000713433
-1.31676  0.000294165
-1.31443  3.909e-05
-1.31208  9.38467e-07
-1.31106  0.00032173
-1.30851  0.000624876
-1.30644  0.000251314
-1.30414  2.74657e-05
-1.30182  5.21015e-07
-1.30062  0.000499435
-1.29823  0.000484089
-1.29626  0.000149987
-1.29398  1.30838e-05
-1.29168  1.85968e-07
-1.29044  0.000755973
-1.28801  0.000429311
-1.28608  9.80847e-05
-1.28511  1.11902e-07
-1.28379  7.6523e-06
-1.28043  0.000822222
-1.27795  0.000499123
-1.27598  0.00011786
-1.27371  8.94512e-06
-1.27055  0.000640464
-1.26807  0.000552288
-1.26611  0.000133904
-1.26388  8.71693e-06
-1.26068  0.000483733
-1.25832  0.000479951
-1.25638  0.000104342
-1.25418  5.47328e-06
-1.25095  0.000308326
-1.25071  0.000268308
-1.24865  0.000329914
-1.24677  5.59986e-05
-1.24459  2.2789e-06
-1.24237  1.21333e-08
-1.24121  0.000780604
-1.23901  0.00025234
-1.23715  3.48612e-05
-1.23617  1.97787e-08
-1.23494  1.36299e-06
-1.23175  0.000835289
-1.22951  0.000290885
-1.22761  4.16856e-05
-1.22544  1.66866e-06
-1.22242  0.000679854
-1.22018  0.000324605
-1.21828  4.42013e-05
-1.21615  1.49228e-06
-1.21519  3.37268e-05
-1.21313  0.000513253
-1.21096  0.000268886
-1.20909  3.11369e-05
-1.20616  7.63726e-05
-1.2059  5.57467e-05
-1.20385  0.000492334
-1.20183  0.00016521
-1.2  1.48406e-05
-1.19792  2.93113e-07
-1.19697  0.000246757
-1.19471  0.00056619
-1.19271  0.000114484
-1.19087  9.05308e-06
-1.1899  4.09396e-09
-1.18797  0.000300268
-1.18574  0.000607351
-1.18371  0.000132874
-1.18184  1.10531e-05
-1.17904  0.000266693
-1.1769  0.000541041
-1.17487  0.000144897
-1.17302  1.08669e-05
-1.17163  3.10848e-05
-1.17015  0.000259804
-1.16812  0.000423296
-1.16615  0.000111503
-1.16431  6.8335e-06
-1.16294  0.000128154
-1.16139  0.000378359
-1.15937  0.000336832
-1.1575  6.10554e-05
-1.1557  2.84606e-06
-1.15435  0.0002493
-1.15278  0.000532194
-1.1507  0.000320567
-1.14885  3.97831e-05
-1.14702  1.77348e-06
-1.14584  0.000302811
-1.14424  0.00057092
-1.14217  0.00034496
-1.1403  4.71734e-05
-1.13848  2.22224e-06
-1.13743  0.0002571
-1.13576  0.000466939
-1.13377  0.000329051
-1.13192  4.91453e-05
-1.13011  2.01417e-06
-1.12899  0.000235786
-1.12733  0.00038017
-1.12545  0.000256865
-1.12364  3.44718e-05
-1.12185  1.11459e-06
-1.12058  0.000366009
-1.11903  0.000426432
-1.11718  0.00017483
-1.11543  1.66712e-05
-1.11367  3.97377e-07
-1.11237  0.000554006
-1.11085  0.000520337
-1.10893  0.000142048
-1.1072  1.06003e-05
-1.1054  2.69787e-07
-1.10428  0.000602471
-1.10274  0.000531593
-1.10082  0.000154801
-1.09907  1.3005e-05
-1.09727  3.69625e-07
-1.09627  0.000469233
-1.09469  0.000432467
-1.09284  0.000152188
-1.09111  1.26974e-05
-1.0883  0.000371591
-1.08671  0.00033283
-1.08494  0.000113661
-1.08324  7.97783e-06
-1.08035  0.000484237
-1.07881  0.000309602
-1.07708  6.70858e-05
-1.07543  3.35966e-06
-1.07255  0.000670976
-1.07102  0.000330793
-1.06924  4.88541e-05
-1.06758  2.18709e-06
-1.06485  0.000701255
-1.0633  0.00033341
-1.06151  5.48234e-05
-1.05986  2.79302e-06
-1.05722  0.000542833
-1.05565  0.000281594
-1.05392  5.35463e-05
-1.05228  2.50432e-06
-1.05124  4.9439e-05
-1.04964  0.000417208
-1.04808  0.000212007
-1.0464  3.70748e-05
-1.04478  1.38266e-06
-1.04376  0.000192441
-1.0421  0.000471816
-1.04056  0.000166036
-1.03893  1.90017e-05
-1.03735  4.9657e-07
-1.03635  0.000350647
-1.03466  0.000584097
-1.03311  0.000154666
-1.03144  1.30611e-05
-1.0291  0.00021474
-1.0289  0.000182534
-1.0273  0.000583964
-1.02575  0.000157196
-1.02408  1.53251e-05
-1.02174  0.000312833
-1.02001  0.000453328
-1.01848  0.000138193
-1.01684  1.43993e-05
-1.01442  0.000292644
-1.01277  0.000341891
-1.01127  0.000100567
-1.00968  9.01496e-06
-1.00715  0.000485097
-1.0056  0.000336791
-1.00411  6.69133e-05
-1.00255  3.98007e-06
-1.00005  0.000715255
-0.998503  0.000370233
-0.996985  5.52924e-05
-0.995399  2.73927e-06
-0.993036  0.000728727
-0.991472  0.000357584
-0.989953  5.77875e-05
-0.988381  3.38254e-06
-0.986094  0.000524573
-0.984502  0.000280816
-0.983022  5.17573e-05
-0.981478  2.96705e-06
-0.97914  0.000400556
-0.977588  0.000207204
-0.976153  3.5408e-05
-0.974635  1.64046e-06
-0.972205  0.000528255
-0.970747  0.000177815
-0.969319  2.00988e-05
-0.967835  6.13996e-07
-0.965414  0.000698517
-0.963969  0.000174856
-0.962496  1.53075e-05
-0.960983  4.56738e-07
-0.958715  0.000669597
-0.957244  0.000166643
-0.955778  1.67472e-05
-0.954289  5.88295e-07
-0.952081  0.000464778
-0.950584  0.000133829
-0.949162  1.48026e-05
-0.946929  3.76077e-05
-0.945449  0.000331778
-0.943985  9.56672e-05
-0.942601  9.25458e-06
-0.940396  0.000135571
-0.938833  0.000377131
-0.937447  7.10214e-05
-0.93607  4.46871e-06
-0.933923  0.000231954
-0.932335  0.000450253
-0.930956  6.30647e-05
-0.92953  3.31577e-06
-0.9275  0.000248748
-0.925921  0.000413097
-0.92452  6.09397e-05
-0.92311  3.83748e-06
-0.921126  0.000187734
-0.919568  0.000286739
-0.918157  4.99609e-05
-0.916786  3.233e-06
-0.914806  0.000202511
-0.913229  0.000200813
-0.911853  3.38996e-05
-0.91051  1.79766e-06
-0.908752  0.000246983
-0.90828  0.000135814
-0.906916  0.000198602
-0.905595  2.15834e-05
-0.90426  7.30243e-07
-0.902596  0.000385382
-0.90208  0.000202192
-0.900693  0.000212499
-0.89911  2.54228e-05
-0.898341  5.25551e-06
-0.89629  0.000658703
-0.894542  0.000189679
-0.892714  4.84296e-05
-0.89226  2.14607e-05
-0.890195  0.000592964
-0.88845  0.00013457
-0.886414  0.000115237
-0.884121  0.000578547
-0.882385  9.29702e-05
-0.880365  0.000131004
-0.878115  0.000705202
-0.876353  7.95666e-05
-0.874393  0.000108287
-0.872177  0.000847674
-0.870387  7.64786e-05
-0.86841  9.86681e-05
-0.866263  0.000905496
-0.864485  6.79566e-05
-0.862438  0.000151175
-0.860368  0.000869527
-0.858642  4.96603e-05
-0.856589  0.000225786
-0.854677  0.000498428
-0.85435  0.000345496
-0.852835  3.32207e-05
-0.85082  0.000243788
-0.848842  0.00086758
-0.847061  2.43931e-05
-0.845108  0.000189276
-0.84319  0.000884423
-0.841333  2.14119e-05
-0.839393  0.00014292
-0.837641  0.000570068
-0.837227  0.00030855
-0.835668  1.94723e-05
-0.83367  0.000170473
-0.831956  0.000535547
-0.831477  0.000294
-0.830065  1.45161e-05
-0.828053  0.000245392
-0.826358  0.000478642
-0.825925  0.000297315
-0.824501  9.132e-06
-0.822466  0.0003338
-0.820754  0.000680398
-0.820185  2.46702e-05
-0.818963  5.70029e-06
-0.816731  0.000429391
-0.81535  0.000581695
-0.814647  1.20791e-05
-0.812919  2.4602e-05
-0.810972  0.000686454
-0.809493  0.000352775
-0.807429  8.18199e-05
-0.805567  0.000694787
-0.804044  0.000371247
-0.802055  0.000144152
-0.800238  0.000719854
-0.798717  0.000354536
-0.796737  0.000161298
-0.794973  0.000758388
-0.793503  0.000284834
-0.791465  0.000126436
-0.78965  0.000845873
-0.788179  0.00016602
-0.786155  0.000118197
-0.784365  0.000886765
-0.783058  0.000178964
-0.780873  0.000195569
-0.779082  0.000975752
-0.777601  0.000149497
-0.775701  0.000287658
-0.773944  0.000926213
-0.772645  0.000170688
-0.770591  0.000292893
-0.768892  0.000847301
-0.767615  0.000122978
-0.765526  0.00021075
-0.763874  0.000752479
-0.762727  0.000103195
-0.760441  0.00015856
-0.758736  0.000798832
-0.757469  6.33005e-05
-0.755358  0.00020416
-0.753636  0.000840936
-0.7522  4.78128e-05
-0.750376  0.000283783
-0.748674  0.000764455
-0.747505  5.58331e-05
-0.745459  0.000312324
-0.743823  0.000622646
-0.742649  3.56743e-05
-0.740439  0.000318184
-0.738975  0.000475378
-0.737893  2.34877e-05
-0.736857  1.62014e-05
-0.735425  0.000345186
-0.734046  0.000449994
-0.732445  5.14243e-05
-0.731953  2.45599e-05
-0.730524  0.000407012
-0.729145  0.000457961
-0.727369  0.000114713
-0.725751  0.000462068
-0.724355  0.000397584
-0.722533  0.000129364
-0.721065  0.000459418
-0.719676  0.000285435
-0.717738  9.18785e-05
-0.716446  0.000478097
-0.715072  0.000214509
-0.713209  8.12826e-05
-0.711755  0.000627054
-0.710375  0.000207192
-0.708656  0.000166775
-0.707055  0.000823584
-0.705494  0.000176608
-0.704073  0.000263336
-0.702479  0.000846263
-0.700931  0.000146167
-0.699534  0.00028518
-0.697977  0.000730621
-0.696403  9.53479e-05
-0.695036  0.00020036
-0.693496  0.000669962
-0.691916  5.89494e-05
-0.690545  0.000163986
-0.688954  0.000806253
-0.687328  4.86033e-05
-0.686061  0.000252142
-0.684467  0.000968446
-0.682844  4.681e-05
-0.681646  0.000359776
-0.680066  0.000953482
-0.677519  0.000222983
-0.677155  0.000174705
-0.675742  0.00075072
-0.674093  1.83715e-05
-0.673045  0.000209582
-0.671498  0.000666977
-0.669377  1.77011e-05
-0.66862  0.000165375
-0.667088  0.000728392
-0.664254  0.000266415
-0.662732  0.000822643
-0.659961  0.000357636
-0.658485  0.000761375
-0.655682  0.000372726
-0.654308  0.000540309
-0.651772  3.49213e-05
-0.65138  0.000287134
-0.650214  0.00038676
-0.649204  3.77222e-05
-0.647056  0.000457179
-0.645903  0.000378554
-0.644193  0.000131108
-0.642782  0.000600188
-0.641689  0.000413459
-0.64017  0.000150277
-0.638766  0.000652256
-0.637681  0.000389603
-0.635886  0.000239934
-0.634297  0.000754849
-0.631847  0.000160458
-0.630418  0.000545363
-0.629528  8.18587e-05
-0.627861  0.000129266
-0.626248  0.000785732
-0.623791  0.000228478
-0.622221  0.00096324
-0.619807  0.000314141
-0.618343  0.000866746
-0.617438  5.58866e-05
-0.615886  0.000283842
-0.614475  0.000647094
-0.613548  3.72603e-05
-0.611919  0.000198777
-0.610556  0.000489787
-0.609628  2.35522e-05
-0.608036  0.000143219
-0.606575  0.000613645
-0.604073  0.000214413
-0.602694  0.000703211
-0.60172  1.00817e-05
-0.600253  0.000268462
-0.598871  0.000642233
-0.596472  0.000237484
-0.595129  0.000439011
-0.592579  0.000200086
-0.591369  0.000294103
-0.590089  2.18056e-05
-0.588666  0.000238795
-0.587581  0.000329854
-0.586184  6.76604e-05
-0.584872  0.000336087
-0.583819  0.000371111
-0.582386  0.000102977
-0.581176  0.000362644
-0.580121  0.000305752
-0.578647  0.000105887
-0.577518  0.000289605
-0.576475  0.000183065
-0.574983  7.04585e-05
-0.573863  0.000263478
-0.572829  0.000122645
-0.571403  7.23209e-05
-0.570179  0.000398229
-0.569155  0.000132948
-0.56783  0.00014313
-0.566561  0.000551981
-0.565519  0.000131876
-0.56428  0.000223438
-0.563013  0.000543011
-0.561936  0.000104338
-0.560728  0.000274923
-0.559507  0.000390888
-0.558404  7.18104e-05
-0.55718  0.000292451
-0.555976  0.000316365
-0.554903  6.25042e-05
-0.553658  0.000314417
-0.552427  0.000428602
-0.551352  7.18651e-05
-0.550176  0.000341753
-0.548947  0.000551603
-0.547794  6.61155e-05
-0.546709  0.000373841
-0.545529  0.000502854
-0.54343  0.000309739
-0.542769  0.000347089
-0.542073  0.000167114
-0.540698  8.67402e-05
-0.539658  0.000558784
-0.538564  0.000165299
-0.537392  8.64822e-05
-0.536268  0.00058499
-0.535187  0.000260014
-0.533873  9.91379e-05
-0.532659  0.00070882
-0.531791  0.000149663
-0.529739  0.000395344
-0.528995  0.000451015
-0.526426  0.000376137
-0.525812  0.00033963
-0.52381  9.33188e-05
-0.52285  0.000573313
-0.5213  0.000101896
-0.519581  0.00074161
-0.517794  0.000142094
-0.516279  0.000762106
-0.514429  0.000146856
-0.513125  0.000671635
-0.511865  4.47225e-05
-0.510212  0.000720072
-0.508566  5.48475e-05
-0.507055  0.000775941
-0.505159  7.74785e-05
-0.503811  0.000873829
-0.500998  0.00067625
-0.50015  0.000274272
-0.497825  0.000699546
-0.496985  0.000153194
-0.494741  0.000768526
-0.493293  7.39398e-05
-0.491662  0.000822865
-0.490051  8.84988e-05
-0.488522  0.000874925
-0.486831  9.03244e-05
-0.485407  0.000786161
-0.482592  0.000621746
-0.481653  7.93102e-05
-0.479587  0.000609997
-0.477962  5.51913e-05
-0.476587  0.000636441
-0.474864  7.54299e-05
-0.47357  0.000656111
-0.471844  9.04704e-05
-0.470615  0.000546704
-0.469124  6.87228e-05
-0.467778  0.000488307
-0.465115  0.000514993
-0.463554  2.4678e-05
-0.462249  0.000578519
-0.460325  7.45958e-05
-0.459328  0.000569278
-0.458395  1.766e-05
-0.456606  0.000588111
-0.454114  0.000306189
-0.453534  0.000251775
-0.451168  0.000606678
-0.448525  0.000711962
-0.447146  7.37987e-05
-0.44567  0.000765748
-0.444012  5.11702e-05
-0.442869  0.000649488
-0.440223  0.000566095
-0.437758  0.000314053
-0.437578  0.000289229
-0.436246  7.37588e-05
-0.434959  0.00071836
-0.43254  0.000455026
-0.4322  0.000347335
-0.429995  0.000322712
-0.42948  0.000334452
-0.427058  0.000504651
-0.424462  0.000528808
-0.422875  5.24044e-05
-0.421787  0.000593867
-0.420162  6.97297e-05
-0.419205  0.000577537
-0.416747  0.000521413
-0.414229  0.000434238
-0.412523  2.398e-05
-0.411751  0.00050694
-0.41008  4.77686e-05
-0.409267  0.000635336
-0.407613  4.45635e-05
-0.406772  0.000658078
-0.404395  0.000478587
-0.404002  4.97715e-05
-0.402056  0.000238584
-0.401713  0.000222461
-0.400605  1.37968e-05
-0.399431  0.000522205
-0.397889  5.51566e-05
-0.397004  0.000637662
-0.394775  0.000354344
-0.394529  0.000316298
-0.392394  0.000259889
-0.392092  0.000232679
-0.389943  0.000191244
-0.389681  0.000174357
-0.388362  2.5181e-05
-0.387363  0.000398031
-0.385061  0.000507546
-0.382721  0.0004724
-0.380398  0.00033045
-0.378097  0.000263401
-0.375849  0.000337121
-0.373613  0.000424259
-0.371369  0.000402165
-0.369136  0.000285221
-0.366918  0.000249342
-0.364739  0.000356569
-0.362575  0.000469846
-0.360421  0.000484323
-0.3583  0.00041274
-0.356167  0.000399661
-0.353981  0.000486239
-0.351801  0.000541919
-0.349663  0.000533894
-0.347582  0.000498147
-0.345523  0.000497943
-0.343446  0.000531473
-0.34134  0.00052255
-0.339219  0.000478204
-0.337138  0.000441699
-0.335131  0.000435233
-0.333166  0.000478106
-0.33117  0.000481682
-0.329164  0.000485907
-0.327165  0.000500713
-0.325212  0.000519121
-0.323334  0.000505984
-0.321418  0.000519448
-0.319403  0.000521627
-0.317439  0.000544186
-0.315588  0.000528351
-0.313735  0.000528649
-0.311803  0.000434583
-0.30986  0.000405907
-0.307949  0.000416125
-0.306126  0.000405416
-0.304334  0.000387651
-0.302506  0.000315318
-0.30068  0.000332173
-0.298777  0.000394121
-0.297122  0.000405975
-0.295439  0.0005406
-0.29365  0.000538778
-0.291851  0.000571576
-0.290152  0.000614336
-0.288447  0.00075594
-0.286701  0.000863997
-0.28494  0.000857321
-0.283174  0.000801857
-0.281493  0.000778046
-0.2798  0.000855203
-0.278105  0.000877322
-0.276398  0.000813821
-0.274697  0.000699856
-0.273078  0.000667975
-0.271496  0.000780217
-0.26987  0.000906662
-0.268226  0.00088712
-0.266588  0.000814412
-0.265023  0.000762704
-0.263512  0.000910213
-0.261932  0.00109442
-0.260331  0.00103226
-0.258695  0.000968964
-0.257187  0.000773397
-0.255686  0.000909314
-0.25413  0.000965943
-0.252557  0.000868637
-0.250999  0.000697269
-0.249544  0.000601608
-0.248074  0.000713772
-0.246587  0.000771567
-0.245101  0.000702574
-0.243454  0.000687904
-0.242173  0.000443022
-0.240852  0.000739785
-0.239303  0.00101438
-0.237935  0.000805689
-0.236576  0.000731198
-0.235193  0.000704569
-0.233766  0.00092788
-0.23236  0.00104985
-0.230971  0.00106272
-0.229552  0.000901235
-0.228197  0.000706733
-0.226853  0.000854306
-0.225442  0.00104218
-0.224093  0.000921818
-0.222798  0.000726958
-0.22151  0.000671219
-0.220137  0.000835707
-0.218868  0.000949427
-0.217589  0.000965579
-0.216299  0.000782861
-0.215038  0.000669319
-0.213744  0.000863317
-0.212451  0.0010704
-0.211196  0.00101137
-0.209948  0.000835333
-0.208701  0.000670682
-0.207398  0.000786614
-0.206156  0.000868223
-0.204941  0.000856537
-0.203733  0.000631708
-0.202557  0.000503457
-0.201279  0.000649324
-0.200086  0.000700589
-0.19892  0.000679709
-0.197757  0.000506362
-0.196619  0.000424102
-0.195451  0.0005722
-0.194289  0.000738834
-0.193154  0.000734858
-0.192068  0.000593969
-0.191047  0.000554139
-0.189891  0.000813313
-0.188687  0.000841571
-0.187643  0.000817826
-0.186577  0.000832457
-0.185458  0.000794455
-0.184301  0.000862125
-0.18317  0.000886369
-0.1821  0.000810001
-0.181039  0.000748142
-0.17996  0.000710101
-0.178857  0.00078035
-0.177739  0.000841301
-0.176632  0.000800052
-0.175553  0.000760514
-0.174024  0.00154562
-0.172505  0.000875063
-0.170978  0.0016117
-0.169526  0.000794829
-0.168527  0.000852746
-0.167439  0.000870458
-0.16608  0.00104772
-0.164855  0.000702708
-0.163853  0.000685568
-0.163317  0.000345837
-0.162236  0.000686009
-0.161071  0.000644483
-0.159977  0.000595347
-0.158907  0.000701288
-0.157778  0.000606506
-0.156734  0.000578506
-0.155699  0.000732335
-0.15465  0.000836539
-0.153615  0.000725251
-0.15257  0.00067689
-0.151511  0.000728914
-0.150448  0.000907107
-0.149411  0.000870706
-0.148344  0.000687291
-0.14726  0.000649503
-0.146221  0.000729088
-0.145199  0.000792458
-0.144128  0.000647133
-0.142984  0.000671775
-0.141971  0.000776899
-0.140839  0.000980221
-0.139662  0.000629273
-0.138558  0.000688091
-0.137506  0.000948076
-0.136503  0.000758189
-0.135494  0.000489104
-0.134385  0.000608819
-0.133333  0.000779004
-0.132298  0.000563552
-0.131191  0.000367878
-0.130145  0.000603578
-0.129124  0.00057738
-0.128069  0.000404857
-0.126527  0.000913981
-0.125214  0.000770129
-0.12422  0.000621156
-0.123098  0.00083937
-0.12204  0.00092761
-0.121016  0.000991306
-0.119949  0.000968607
-0.118923  0.00096884
-0.117819  0.000959833
-0.116759  0.000912374
-0.115696  0.000910613
-0.114616  0.000983822
-0.113588  0.00101267
-0.112549  0.00106364
-0.111512  0.00105135
-0.110172  0.0017479
-0.108999  0.00100379
-0.107887  0.000970822
-0.106668  0.00140081
-0.105218  0.000770902
-0.103861  0.00122055
-0.10261  0.00075708
-0.101764  0.000664674
-0.100487  0.00191347
-0.0989506  0.000954244
-0.0976564  0.00183196
-0.0964234  0.000986105
-0.0950087  0.00154929
-0.0937473  0.000743204
-0.0923081  0.00174656
-0.0916025  0.000501836
-0.0904341  0.000893391
-0.0892342  0.00177476
-0.0878  0.000708787
-0.086743  0.00127667
-0.0847422  0.00104506
-0.084223  0.000451035
-0.0830486  0.000424728
-0.0817947  0.00139162
-0.0804276  0.000899143
-0.0794738  0.00110501
-0.078369  0.00104177
-0.0773654  0.00106565
-0.076243  0.000894968
-0.0750826  0.00136164
-0.0732703  0.00211793
-0.071377  0.00175653
-0.0698868  0.00070836
-0.0690454  0.00107339
-0.0671542  0.00130379
-0.0655375  0.00137083
-0.0640036  0.000920005
-0.0633668  0.00104687
-0.0616666  0.00126626
-0.0599735  0.00132487
-0.0583151  0.00131089
-0.0566461  0.000999174
-0.054988  0.000714156
-0.0536737  0.000376269
-0.0528612  0.000907646
-0.0513723  0.00132497
-0.0501288  0.000844324
-0.0490241  0.000842215
-0.0478592  0.00117042
-0.0466231  0.00106495
-0.0453985  0.000749771
-0.0442563  0.00064175
-0.0428836  0.00156706
-0.0415684  0.00197713
-0.0401475  0.00123105
-0.0387859  0.00215466
-0.0378291  0.00105633
-0.0365336  0.00151847
-0.034699  0.00252819
-0.0332526  0.00175996
-0.0318787  0.00184428
-0.030672  0.00172567
-0.0291169  0.0015477
-0.0276322  0.00227031
-0.0264016  0.00138688
-0.0251138  0.00226445
-0.0237762  0.0011157
-0.0224619  0.00211653
-0.0208012  0.00189711
-0.0200446  0.000666016
-0.0189387  0.000847411
-0.0179151  0.00170892
-0.0165587  0.00291661
-0.0149226  0.00209852
-0.0134633  0.00249992
-0.0117668  0.00190828
-0.0106824  0.00160145
-0.00922139  0.00172813
-0.00844857  0.000539737
-0.00735847  0.00130209
-0.00588512  0.00234596
-0.00471808  0.00158612
-0.00390653  0.00130675
-0.00241009  0.00251848
-0.000852517  0.00157011
0.000852517  0.00157011
0.00241009  0.00251848
0.00390653  0.00130675
0.00471808  0.00158612
0.00588512  0.00234596
0.00735847  0.00130209
0.00844857  0.000539737
0.00922139  0.00172813
0.0106824  0.00160145
0.0117668  0.00190828
0.0134633  0.00249992
0.0149226  0.00209852
0.0165587  0.00291661
0.0179151  0.00170892
0.0189387  0.000847411
0.0200446  0.000666016
0.0208012  0.00189711
0.0224619  0.00211653
0.0237762  0.0011157
0.0251138  0.00226445
0.0264016  0.00138688
0.0276322  0.00227031
0.0291169  0.0015477
0.030672  0.00172567
0.0318787  0.00184428
0.0332526  0.00175996
0.034699  0.00252819
0.0365336  0.00151847
0.0378291  0.00105633
0.0387859  0.00215466
0.0401475  0.00123105
0.0415684  0.00197713
0.0428836  0.00156706
0.0442563  0.00064175
0.0453985  0.000749771
0.0466231  0.00106495
0.0478592  0.00117042
0.0490241  0.000842215
0.0501288  0.000844324
0.0513723  0.00132497
0.0528612  0.000907646
0.0536737  0.000376269
0.054988  0.000714156
0.0566461  0.000999174
0.0583151  0.00131089
0.0599735  0.00132487
0.0616666  0.00126626
0.0633668  0.00104687
0.0640036  0.000920005
0.0655375  0.00137083
0.0671542  0.00130379
0.0690454  0.00107339
0.0698868  0.00070836
0.071377  0.00175653
0.0732703  0.00211793
0.0750826  0.00136164
0.076243  0.000894968
0.0773654  0.00106565
0.078369  0.00104177
0.0794738  0.00110501
0.0804276  0.000899143
0.0817947  0.00139162
0.0830486  0.000424728
0.084223  0.000451035
0.0847422  0.00104506
0.086743  0.00127667
0.0878  0.000708787
0.0892342  0.00177476
0.0904341  0.000893391
0.0916025  0.000501836
0.0923081  0.00174656
0.0937473  0.000743204
0.0950087  0.00154929
0.0964234  0.000986105
0.0976564  0.00183196
0.0989506  0.000954244
0.100487  0.00191347
0.101764  0.000664674
0.10261  0.00075708
0.103861  0.00122055
0.105218  0.000770902
0.106668  0.00140081
0.107887  0.000970822
0.108999  0.00100379
0.110172  0.0017479
0.111512  0.00105135
0.112549  0.00106364
0.113588  0.00101267
0.114616  0.000983822
0.115696  0.000910613
0.116759  0.000912374
0.117819  0.000959833
0.118923  0.00096884
0.119949  0.000968607
0.121016  0.000991306
0.12204  0.00092761
0.123098  0.00083937
0.12422  0.000621156
0.125214  0.000770129
0.126527  0.000913981
0.128069  0.000404857
0.129124  0.00057738
0.130145  0.000603578
0.131191  0.000367878
0.132298  0.000563552
0.133333  0.000779004
0.134385  0.000608819
0.135494  0.000489104
0.136503  0.000758189
0.137506  0.000948076
0.138558  0.000688091
0.139662  0.000629273
0.140839  0.000980221
0.141971  0.000776899
0.142984  0.000671775
0.144128  0.000647133
0.145199  0.000792458
0.146221  0.000729088
0.14726  0.000649503
0.148344  0.000687291
0.149411  0.000870706
0.150448  0.000907107
0.151511  0.000728914
0.15257  0.00067689
0.153615  0.000725251
0.15465  0.000836539
0.155699  0.000732335
0.156734  0.000578506
0.157778  0.000606506
0.158907  0.000701288
0.159977  0.000595347
0.161071  0.000644483
0.162236  0.000686009
0.163317  0.000345837
0.163853  0.000685568
0.164855  0.000702708
0.16608  0.00104772
0.167439  0.000870458
0.168527  0.000852746
0.169526  0.000794829
0.170978  0.0016117
0.172505  0.000875063
0.174024  0.00154562
0.175553  0.000760514
0.176632  0.000800052
0.177739  0.000841301
0.178857  0.00078035
0.17996  0.000710101
0.181039  0.000748142
0.1821  0.000810001
0.18317  0.000886369
0.184301  0.000862125
0.185458  0.000794455
0.186577  0.000832457
0.187643  0.000817826
0.188687  0.000841571
0.189891  0.000813313
0.191047  0.000554139
0.192068  0.000593969
0.193154  0.000734858
0.194289  0.000738834
0.195451  0.0005722
0.196619  0.000424102
0.197757  0.000506362
0.19892  0.000679709
0.200086  0.000700589
0.201279  0.000649324
0.202557  0.000503457
0.203733  0.000631708
0.204941  0.000856537
0.206156  0.000868223
0.207398  0.000786614
0.208701  0.000670682
0.209948  0.000835333
0.211196  0.00101137
0.212451  0.0010704
0.213744  0.000863317
0.215038  0.000669319
0.216299  0.000782861
0.217589  0.000965579
0.218868  0.000949427
0.220137  0.000835707
0.22151  0.000671219
0.222798  0.000726958
0.224093  0.000921818
0.225442  0.00104218
0.226853  0.000854306
0.228197  0.000706733
0.229552  0.000901235
0.230971  0.00106272
0.23236  0.00104985
0.233766  0.00092788
0.235193  0.000704569
0.236576  0.000731198
0.237935  0.000805689
0.239303  0.00101438
0.240852  0.000739785
0.242173  0.000443022
0.243454  0.000687904
0.245101  0.000702574
0.246587  0.000771567
0.248074  0.000713772
0.249544  0.000601608
0.250999  0.000697269
0.252557  0.000868637
0.25413  0.000965943
0.255686  0.000909314
0.257187  0.000773397
0.258695  0.000968964
0.260331  0.00103226
0.261932  0.00109442
0.263512  0.000910213
0.265023  0.000762704
0.266588  0.000814412
0.268226  0.00088712
0.26987  0.000906662
0.271496  0.000780217
0.273078  0.000667975
0.274697  0.000699856
0.276398  0.000813821
0.278105  0.000877322
0.2798  0.000855203
0.281493  0.000778046
0.283174  0.000801857
0.28494  0.000857321
0.286701  0.000863997
0.288447  0.00075594
0.290152  0.000614336
0.291851  0.000571576
0.29365  0.000538778
0.295439  0.0005406
0.297122  0.000405975
0.298777  0.000394121
0.30068  0.000332173
0.302506  0.000315318
0.304334  0.000387651
0.306126  0.000405416
0.307949  0.000416125
0.30986  0.000405907
0.311803  0.000434583
0.313735  0.000528649
0.315588  0.000528351
0.317439  0.000544186
0.319403  0.000521627
0.321418  0.000519448
0.323334  0.000505984
0.325212  0.000519121
0.327165  0.000500713
0.329164  0.000485907
0.33117  0.000481682
0.333166  0.000478106
0.335131  0.000435233
0.337138  0.000441699
0.339219  0.000478204
0.34134  0.00052255
0.343446  0.000531473
0.345523  0.000497943
0.347582  0.000498147
0.349663  0.000533894
0.351801  0.000541919
0.353981  0.000486239
0.356167  0.000399661
0.3583  0.00041274
0.360421  0.000484323
0.362575  0.000469846
0.364739  0.000356569
0.366918  0.000249342
0.369136  0.000285221
0.371369  0.000402165
0.373613  0.000424259
0.375849  0.000337121
0.378097  0.000263401
0.380398  0.00033045
0.382721  0.0004724
0.385061  0.000507546
0.387363  0.000398031
0.388362  2.5181e-05
0.389681  0.000174357
0.389943  0.000191244
0.392092  0.000232679
0.392394  0.000259889
0.394529  0.000316298
0.394775  0.000354344
0.397004  0.000637662
0.397889  5.51566e-05
0.399431  0.000522205
0.400605  1.37968e-05
0.401713  0.000222461
0.402056  0.000238584
0.404002  4.97715e-05
0.404395  0.000478587
0.406772  0.000658078
0.407613  4.45635e-05
0.409267  0.000635336
0.41008  4.77686e-05
0.411751  0.00050694
0.412523  2.398e-05
0.414229  0.000434238
0.416747  0.000521413
0.419205  0.000577537
0.420162  6.97297e-05
0.421787  0.000593867
0.422875  5.24044e-05
0.424462  0.000528808
0.427058  0.000504651
0.42948  0.000334452
0.429995  0.000322712
0.4322  0.000347335
0.43254  0.000455026
0.434959  0.00071836
0.436246  7.37588e-05
0.437578  0.000289229
0.437758  0.000314053
0.440223  0.000566095
0.442869  0.000649488
0.444012  5.11702e-05
0.44567  0.000765748
0.447146  7.37987e-05
0.448525  0.000711962
0.451168  0.000606678
0.453534  0.000251775
0.454114  0.000306189
0.456606  0.000588111
0.458395  1.766e-05
0.459328  0.000569278
0.460325  7.45958e-05
0.462249  0.000578519
0.463554  2.4678e-05
0.465115  0.000514993
0.467778  0.000488307
0.469124  6.87228e-05
0.470615  0.000546704
0.471844  9.04704e-05
0.47357  0.000656111
0.474864  7.54299e-05
0.476587  0.000636441
0.477962  5.51913e-05
0.479587  0.000609997
0.481653  7.93102e-05
0.482592  0.000621746
0.485407  0.000786161
0.486831  9.03244e-05
0.488522  0.000874925
0.490051  8.84988e-05
0.491662  0.000822865
0.493293  7.39398e-05
0.494741  0.000768526
0.496985  0.000153194
0.497825  0.000699546
0.50015  0.000274272
0.500998  0.00067625
0.503811  0.000873829
0.505159  7.74785e-05
0.507055  0.000775941
0.508566  5.48475e-05
0.510212  0.000720072
0.511865  4.47225e-05
0.513125  0.000671635
0.514429  0.000146856
0.516279  0.000762106
0.517794  0.000142094
0.519581  0.00074161
0.5213  0.000101896
0.52285  0.000573313
0.52381  9.33188e-05
0.525812  0.00033963
0.526426  0.000376137
0.528995  0.000451015
0.529739  0.000395344
0.531791  0.000149663
0.532659  0.00070882
0.533873  9.91379e-05
0.535187  0.000260014
0.536268  0.00058499
0.537392  8.64822e-05
0.538564  0.000165299
0.539658  0.000558784
0.540698  8.67402e-05
0.542073  0.000167114
0.542769  0.000347089
0.54343  0.000309739
0.545529  0.000502854
0.546709  0.000373841
0.547794  6.61155e-05
0.548947  0.000551603
0.550176  0.000341753
0.551352  7.18651e-05
0.552427  0.000428602
0.553658  0.000314417
0.554903  6.25042e-05
0.555976  0.000316365
0.55718  0.000292451
0.558404  7.18104e-05
0.559507  0.000390888
0.560728  0.000274923
0.561936  0.000104338
0.563013  0.000543011
0.56428  0.000223438
0.565519  0.000131876
0.566561  0.000551981
0.56783  0.00014313
0.569155  0.000132948
0.570179  0.000398229
0.571403  7.23209e-05
0.572829  0.000122645
0.573863  0.000263478
0.574983  7.04585e-05
0.576475  0.000183065
0.577518  0.000289605
0.578647  0.000105887
0.580121  0.000305752
0.581176  0.000362644
0.582386  0.000102977
0.583819  0.000371111
0.584872  0.000336087
0.586184  6.76604e-05
0.587581  0.000329854
0.588666  0.000238795
0.590089  2.18056e-05
0.591369  0.000294103
0.592579  0.000200086
0.595129  0.000439011
0.596472  0.000237484
0.598871  0.000642233
0.600253  0.000268462
0.60172  1.00817e-05
0.602694  0.000703211
0.604073  0.000214413
0.606575  0.000613645
0.608036  0.000143219
0.609628  2.35522e-05
0.610556  0.000489787
0.611919  0.000198777
0.613548  3.72603e-05
0.614475  0.000647094
0.615886  0.000283842
0.617438  5.58866e-05
0.618343  0.000866746
0.619807  0.000314141
0.622221  0.00096324
0.623791  0.000228478
0.626248  0.000785732
0.627861  0.000129266
0.629528  8.18587e-05
0.630418  0.000545363
0.631847  0.000160458
0.634297  0.000754849
0.635886  0.000239934
0.637681  0.000389603
0.638766  0.000652256
0.64017  0.000150277
0.641689  0.000413459
0.642782  0.000600188
0.644193  0.000131108
0.645903  0.000378554
0.647056  0.000457179
0.649204  3.77222e-05
0.650214  0.00038676
0.65138  0.000287134
0.651772  3.49213e-05
0.654308  0.000540309
0.655682  0.000372726
0.658485  0.000761375
0.659961  0.000357636
0.662732  0.000822643
0.664254  0.000266415
0.667088  0.000728392
0.66862  0.000165375
0.669377  1.77011e-05
0.671498  0.000666977
0.673045  0.000209582
0.674093  1.83715e-05
0.675742  0.00075072
0.677155  0.000174705
0.677519  0.000222983
0.680066  0.000953482
0.681646  0.000359776
0.682844  4.681e-05
0.684467  0.000968446
0.686061  0.000252142
0.687328  4.86033e-05
0.688954  0.000806253
0.690545  0.000163986
0.691916  5.89494e-05
0.693496  0.000669962
0.695036  0.00020036
0.696403  9.53479e-05
0.697977  0.000730621
0.699534  0.00028518
0.700931  0.000146167
0.702479  0.000846263
0.704073  0.000263336
0.705494  0.000176608
0.707055  0.000823584
0.708656  0.000166775
0.710375  0.000207192
0.711755  0.000627054
0.713209  8.12826e-05
0.715072  0.000214509
0.716446  0.000478097
0.717738  9.18785e-05
0.719676  0.000285435
0.721065  0.000459418
0.722533  0.000129364
0.724355  0.000397584
0.725751  0.000462068
0.727369  0.000114713
0.729145  0.000457961
0.730524  0.000407012
0.731953  2.45599e-05
0.732445  5.14243e-05
0.734046  0.000449994
0.735425  0.000345186
0.736857  1.62014e-05
0.737893  2.34877e-05
0.738975  0.000475378
0.740439  0.000318184
0.742649  3.56743e-05
0.743823  0.000622646
0.745459  0.000312324
0.747505  5.58331e-05
0.748674  0.000764455
0.750376  0.000283783
0.7522  4.78128e-05
0.753636  0.000840936
0.755358  0.00020416
0.757469  6.33005e-05
0.758736  0.000798832
0.760441  0.00015856
0.762727  0.000103195
0.763874  0.000752479
0.765526  0.00021075
0.767615  0.000122978
0.768892  0.000847301
0.770591  0.000292893
0.772645  0.000170688
0.773944  0.000926213
0.775701  0.000287658
0.777601  0.000149497
0.779082  0.000975752
0.780873  0.000195569
0.783058  0.000178964
0.784365  0.000886765
0.786155  0.000118197
0.788179  0.00016602
0.78965  0.000845873
0.791465  0.000126436
0.793503  0.000284834
0.794973  0.000758388
0.796737  0.000161298
0.798717  0.000354536
0.800238  0.000719854
0.802055  0.000144152
0.804044  0.000371247
0.805567  0.000694787
0.807429  8.18199e-05
0.809493  0.000352775
0.810972  0.000686454
0.812919  2.4602e-05
0.814647  1.20791e-05
0.81535  0.000581695
0.816731  0.000429391
0.818963  5.70029e-06
0.820185  2.46702e-05
0.820754  0.000680398
0.822466  0.0003338
0.824501  9.132e-06
0.825925  0.000297315
0.826358  0.000478642
0.828053  0.000245392
0.830065  1.45161e-05
0.831477  0.000294
0.831956  0.000535547
0.83367  0.000170473
0.835668  1.94723e-05
0.837227  0.00030855
0.837641  0.000570068
0.839393  0.00014292
0.841333  2.14119e-05
0.84319  0.000884423
0.845108  0.000189276
0.847061  2.43931e-05
0.848842  0.00086758
0.85082  0.000243788
0.852835  3.32207e-05
0.85435  0.000345496
0.854677  0.000498428
0.856589  0.000225786
0.858642  4.96603e-05
0.860368  0.000869527
0.862438  0.000151175
0.864485  6.79566e-05
0.866263  0.000905496
0.86841  9.86681e-05
0.870387  7.64786e-05
0.872177  0.000847674
0.874393  0.000108287
0.876353  7.95666e-05
0.878115  0.000705202
0.880365  0.000131004
0.882385  9.29702e-05
0.884121  0.000578547
0.886414  0.000115237
0.88845  0.00013457
0.890195  0.000592964
0.89226  2.14607e-05
0.892714  4.84296e-05
0.894542  0.000189679
0.89629  0.000658703
0.898341  5.25551e-06
0.89911  2.54228e-05
0.900693  0.000212499
0.90208  0.000202192
0.902596  0.000385382
0.90426  7.30243e-07
0.905595  2.15834e-05
0.906916  0.000198602
0.90828  0.000135814
0.908752  0.000246983
0.91051  1.79766e-06
0.911853  3.38996e-05
0.913229  0.000200813
0.914806  0.000202511
0.916786  3.233e-06
0.918157  4.99609e-05
0.919568  0.000286739
0.921126  0.000187734
0.92311  3.83748e-06
0.92452  6.09397e-05
0.925921  0.000413097
0.9275  0.000248748
0.92953  3.31577e-06
0.930956  6.30647e-05
0.932335  0.000450253
0.933923  0.000231954
0.93607  4.46871e-06
0.937447  7.10214e-05
0.938833  0.000377131
0.940396  0.000135571
0.942601  9.25458e-06
0.943985  9.56672e-05
0.945449  0.000331778
0.946929  3.76077e-05
0.949162  1.48026e-05
0.950584  0.000133829
0.952081  0.000464778
0.954289  5.88295e-07
0.955778  1.67472e-05
0.957244  0.000166643
0.958715  0.000669597
0.960983  4.56738e-07
0.962496  1.53075e-05
0.963969  0.000174856
0.965414  0.000698517
0.967835  6.13996e-07
0.969319  2.00988e-05
0.970747  0.000177815
0.972205  0.000528255
0.974635  1.64046e-06
0.976153  3.5408e-05
0.977588  0.000207204
0.97914  0.000400556
0.981478  2.96705e-06
0.983022  5.17573e-05
0.984502  0.000280816
0.986094  0.000524573
0.988381  3.38254e-06
0.989953  5.77875e-05
0.991472  0.000357584
0.993036  0.000728727
0.995399  2.73927e-06
0.996985  5.52924e-05
0.998503  0.000370233
1.00005  0.000715255
1.00255  3.98007e-06
1.00411  6.69133e-05
1.0056  0.000336791
1.00715  0.000485097
1.00968  9.01496e-06
1.01127  0.000100567
1.01277  0.000341891
1.01442  0.000292644
1.01684  1.43993e-05
1.01848  0.000138193
1.02001  0.000453328
1.02174  0.000312833
1.02408  1.53251e-05
1.02575  0.000157196
1.0273  0.000583964
1.0289  0.000182534
1.0291  0.00021474
1.03144  1.30611e-05
1.03311  0.000154666
1.03466  0.000584097
1.03635  0.000350647
1.03735  4.9657e-07
1.03893  1.90017e-05
1.04056  0.000166036
1.0421  0.000471816
1.04376  0.000192441
1.04478  1.38266e-06
1.0464  3.70748e-05
1.04808  0.000212007
1.04964  0.000417208
1.05124  4.9439e-05
1.05228  2.50432e-06
1.05392  5.35463e-05
1.05565  0.000281594
1.05722  0.000542833
1.05986  2.79302e-06
1.06151  5.48234e-05
1.0633  0.00033341
1.06485  0.000701255
1.06758  2.18709e-06
1.06924  4.88541e-05
1.07102  0.000330793
1.07255  0.000670976
1.07543  3.35966e-06
1.07708  6.70858e-05
1.07881  0.000309602
1.08035  0.000484237
1.08324  7.97783e-06
1.08494  0.000113661
1.08671  0.00033283
1.0883  0.000371591
1.09111  1.26974e-05
1.09284  0.000152188
1.09469  0.000432467
1.09627  0.000469233
1.09727  3.69625e-07
1.09907  1.3005e-05
1.10082  0.000154801
1.10274  0.000531593
1.10428  0.000602471
1.1054  2.69787e-07
1.1072  1.06003e-05
1.10893  0.000142048
1.11085  0.000520337
1.11237  0.000554006
1.11367  3.97377e-07
1.11543  1.66712e-05
1.11718  0.00017483
1.11903  0.000426432
1.12058  0.000366009
1.12185  1.11459e-06
1.12364  3.44718e-05
1.12545  0.000256865
1.12733  0.00038017
1.12899  0.000235786
1.13011  2.01417e-06
1.13192  4.91453e-05
1.13377  0.000329051
1.13576  0.000466939
1.13743  0.0002571
1.13848  2.22224e-06
1.1403  4.71734e-05
1.14217  0.00034496
1.14424  0.00057092
1.14584  0.000302811
1.14702  1.77348e-06
1.14885  3.97831e-05
1.1507  0.000320567
1.15278  0.000532194
1.15435  0.0002493
1.1557  2.84606e-06
1.1575  6.10554e-05
1.15937  0.000336832
1.16139  0.000378359
1.16294  0.000128154
1.16431  6.8335e-06
1.16615  0.000111503
1.16812  0.000423296
1.17015  0.000259804
1.17163  3.10848e-05
1.17302  1.08669e-05
1.17487  0.000144897
1.1769  0.000541041
1.17904  0.000266693
1.18184  1.10531e-05
1.18371  0.000132874
1.18574  0.000607351
1.18797  0.000300268
1.1899  4.09396e-09
1.19087  9.05308e-06
1.19271  0.000114484
1.19471  0.00056619
1.19697  0.000246757
1.19792  2.93113e-07
1.2  1.48406e-05
1.20183  0.00016521
1.20385  0.000492334
1.2059  5.57467e-05
1.20616  7.63726e-05
1.20909  3.11369e-05
1.21096  0.000268886
1.21313  0.000513253
1.21519  3.37268e-05
1.21615  1.49228e-06
1.21828  4.42013e-05
1.22018  0.000324605
1.22242  0.000679854
1.22544  1.66866e-06
1.22761  4.16856e-05
1.22951  0.000290885
1.23175  0.000835289
1.23494  1.36299e-06
1.23617  1.97787e-08
1.23715  3.48612e-05
1.23901  0.00025234
1.24121  0.000780604
1.24237  1.21333e-08
1.24459  2.2789e-06
1.24677  5.59986e-05
1.24865  0.000329914
1.25071  0.000268308
1.25095  0.000308326
1.25418  5.47328e-06
1.25638  0.000104342
1.25832  0.000479951
1.26068  0.000483733
1.26388  8.71693e-06
1.26611  0.000133904
1.26807  0.000552288
1.27055  0.000640464
1.27371  8.94512e-06
1.27598  0.00011786
1.27795  0.000499123
1.28043  0.000822222
1.28379  7.6523e-06
1.28511  1.11902e-07
1.28608  9.80847e-05
1.28801  0.000429311
1.29044  0.000755973
1.29168  1.85968e-07
1.29398  1.30838e-05
1.29626  0.000149987
1.29823  0.000484089
1.30062  0.000499435
1.30182  5.21015e-07
1.30414  2.74657e-05
1.30644  0.000251314
1.30851  0.000624876
1.31106  0.00032173
1.31208  9.38467e-07
1.31443  3.909e-05
1.31676  0.000294165
1.31886  0.000713433
1.3214  0.000161338
1.32169  0.000190519
1.32488  3.73683e-05
1.32723  0.000241664
1.32934  0.000680042
1.33204  0.0004132
1.33313  8.87756e-07
1.33559  3.29862e-05
1.33793  0.000194516
1.34  0.000573547
1.34119  1.43454e-08
1.34265  0.000340147
1.34394  1.54282e-06
1.34639  5.52282e-05
1.34871  0.000276916
1.35072  0.000248482
1.35099  0.000274254
1.3534  0.000174751
1.35471  3.70631e-06
1.35719  0.000102994
1.35953  0.000421371
1.36169  0.000276688
1.36198  0.000304259
1.36427  4.2191e-05
1.36561  5.91039e-06
1.36813  0.000132672
1.3705  0.000452786
1.37288  0.000699331
1.37669  6.11075e-06
1.37925  0.00011892
1.38163  0.000346296
1.38401  0.000743599
1.38546  5.93741e-08
1.38804  5.41271e-06
1.39066  0.00010533
1.39298  0.000262463
1.39531  0.000626278
1.3969  1.12432e-07
1.39951  9.55464e-06
1.40215  0.000167665
1.40443  0.000343925
1.40684  0.000453341
1.40831  3.31902e-07
1.41099  2.00674e-05
1.41366  0.000281218
1.41597  0.000479227
1.41862  0.000406319
1.41984  6.56675e-07
1.42262  2.86305e-05
1.42533  0.000330556
1.42734  0.000177986
1.42785  0.000297776
1.43043  0.000528022
1.43169  6.62693e-07
1.43444  2.77199e-05
1.43721  0.000276771
1.43953  0.000339724
1.44232  0.000631045
1.44394  4.69359e-07
1.44657  2.56496e-05
1.4494  0.000236048
1.45147  0.000115633
1.45179  0.000126056
1.45438  0.000548163
1.45612  9.32487e-07
1.4588  4.44284e-05
1.46167  0.000348389
1.46387  0.000292158
1.46667  0.000356692
1.46836  2.23117e-06
1.47107  8.29392e-05
1.47397  0.00053028
1.4762  0.000375114
1.47928  0.000244953
1.48078  3.47861e-06
1.48351  0.000107328
1.48625  0.000259316
1.48664  0.000311154
1.48872  0.000344913
1.4902  3.52574e-08
1.49196  0.00026809
1.4935  3.24798e-06
1.49565  2.52332e-05
1.49637  7.30643e-05
1.49919  0.000438482
1.50148  0.000227866
1.50308  3.00648e-08
1.50469  0.000294087
1.50645  3.03392e-06
1.50878  3.59039e-05
1.50943  5.71632e-05
1.51226  0.000337228
1.51459  0.000146785
1.51627  5.23904e-08
1.51759  0.000226362
1.51863  1.15757e-06
1.51966  4.94682e-06
1.52203  0.00011803
1.52305  3.62847e-05
1.52543  0.000445598
1.52781  0.000160049
1.52935  1.47141e-07
1.53067  0.000109304
1.53175  2.43162e-06
1.53279  1.03927e-05
1.53519  0.000197564
1.53622  6.17811e-05
1.53864  0.000619023
1.54105  0.00018852
1.54262  2.6748e-07
1.54395  2.4892e-05
1.54506  3.48843e-06
1.54612  1.48314e-05
1.54856  0.00023099
1.54956  7.64207e-05
1.55205  0.000607319
1.55448  0.000155192
1.55612  3.0396e-07
1.55865  3.47761e-06
1.5597  1.43751e-05
1.56207  0.000102526
1.56267  0.00016445
1.56572  0.000411963
1.56811  7.97302e-05
1.57002  2.72619e-07
1.57263  3.66936e-06
1.57367  1.32344e-05
1.5761  0.000108067
1.57666  0.000143628
1.57979  0.000248297
1.58195  1.92497e-05
1.58416  5.09108e-07
1.5867  7.33954e-06
1.58781  2.23997e-05
1.59036  0.000339813
1.59145  5.30865e-05
1.59402  0.000265373
1.59825  1.22373e-06
1.60084  1.37117e-05
1.60196  4.18235e-05
1.60455  0.000514473
1.60562  8.57897e-05
1.60826  0.000337211
1.61257  1.95741e-06
1.61521  1.77691e-05
1.61634  5.41978e-05
1.6188  0.000273359
1.61937  0.000382051
1.62272  0.000297902
1.62717  2.05949e-06
1.62989  1.64278e-05
1.63101  4.99143e-05
1.63383  0.000516148
1.63484  1.97876e-05
1.63718  6.94137e-05
1.63759  9.40811e-05
1.64223  1.96803e-06
1.64511  2.05857e-05
1.64614  4.34336e-05
1.64893  0.000456552
1.65  2.8599e-05
1.65234  4.19954e-05
1.65353  1.74105e-08
1.65746  3.6991e-06
1.66022  3.53593e-05
1.66141  7.1948e-05
1.66417  0.000665541
1.66533  3.65941e-05
1.66873  4.89103e-08
1.67273  7.77639e-06
1.67553  5.935e-05
1.67674  0.000121065
1.67954  0.000921276
1.68062  6.04468e-05
1.68418  8.90464e-08
1.68826  1.11443e-05
1.69111  6.95263e-05
1.69233  0.000144674
1.69494  0.000409831
1.69549  0.000577754
1.69995  1.02199e-07
1.70414  1.10374e-05
1.70703  5.53508e-05
1.70823  0.000131965
1.71085  0.000242238
1.71148  0.000501848
1.71621  9.66258e-08
1.72051  1.10364e-05
1.72365  7.75142e-05
1.72467  0.000102198
1.72701  6.43386e-05
1.72782  0.000545017
1.73276  1.90353e-07
1.73705  2.01027e-05
1.74004  0.000127371
1.74134  0.000155696
1.74435  0.000797299
1.74932  4.57801e-07
1.75368  3.75759e-05
1.75673  0.00019387
1.75804  0.000238935
1.76111  0.00102366
1.76618  7.34424e-07
1.77038  2.46221e-05
1.77088  2.42776e-05
1.77348  9.80839e-05
1.77439  0.00023305
1.77528  0.000142911
1.77819  0.00094131
1.78315  3.87672e-07
1.78369  3.97936e-07
1.78761  1.79848e-05
1.78824  2.7969e-05
1.79078  5.58129e-05
1.79163  0.000187577
1.79258  0.000149096
1.79567  0.000621877
1.80066  1.67854e-07
1.8014  6.33837e-07
1.80591  4.67846e-05
1.80896  9.25202e-05
1.80961  0.000177916
1.81071  9.52422e-05
1.81298  5.58509e-05
1.81383  0.000344746
1.8193  1.58093e-06
1.82377  4.44084e-05
1.82426  3.63059e-05
1.82727  0.000333122
1.8287  0.000203712
1.83199  0.0004368
1.83746  3.32709e-06
1.84199  7.04614e-05
1.84251  6.53862e-05
1.8456  0.000469535
1.84703  0.000282869
1.85038  0.000514508
1.85574  2.56417e-06
1.85628  2.2283e-06
1.86058  7.63754e-05
1.86115  8.56145e-05
1.86433  0.000487104
1.86572  0.000276733
1.86884  0.00017983
1.86936  0.000243724
1.87461  2.06962e-06
1.87528  2.7984e-06
1.87968  6.162e-05
1.88025  8.26398e-05
1.88344  0.000334303
1.88468  0.000261784
1.88827  0.000217593
1.88948  1.5322e-08
1.89387  7.73835e-07
1.89478  4.48912e-06
1.89975  0.000144524
1.90066  1.1072e-07
1.90337  0.000424782
1.90477  0.000103753
1.90779  5.25347e-05
1.90936  3.1632e-08
1.91452  1.00266e-05
1.91945  0.000121703
1.92  0.000111
1.92333  0.000594355
1.92488  0.000125205
1.92934  7.61175e-08
1.93435  1.02401e-05
1.93492  8.53715e-06
1.93961  0.000175306
1.94019  0.000180662
1.94359  0.000756315
1.94511  0.000173778
1.94975  1.22468e-07
1.95484  1.21838e-05
1.95547  1.24546e-05
1.96054  0.000378876
1.96168  1.17364e-05
1.96428  0.000666141
1.96565  0.000210861
1.97033  6.21133e-08
1.97104  7.10231e-08
1.97577  8.81239e-06
1.97659  1.51996e-05
1.98183  0.00032574
1.98323  3.93091e-08
1.98543  0.000365584
1.98653  0.000273304
1.99163  2.52668e-08
1.99262  1.18896e-07
1.99789  1.81561e-05
1.99869  8.63627e-06
2.00381  0.000308088
2.00485  3.91426e-07
2.0067  3.83996e-05
2.00792  0.000486779
2.01452  2.95604e-07
2.02  2.65304e-05
2.02061  2.18037e-05
2.02575  0.000227382
2.02637  0.000228622
2.03011  0.000657538
2.03683  6.2277e-07
2.04241  4.19919e-05
2.04306  3.96087e-05
2.0483  0.000299974
2.04895  0.000338048
2.05278  0.000785685
2.05937  4.73552e-07
2.06005  4.28075e-07
2.06567  9.03319e-05
2.0666  8.2029e-06
2.06749  1.5937e-09
2.07173  0.000595757
2.07268  4.7749e-05
2.0736  8.58584e-09
2.07597  0.000633355
2.07693  4.9196e-05
2.08302  7.10762e-07
2.08396  2.27592e-07
2.08486  5.59044e-11
2.08886  2.98878e-05
2.08964  4.98073e-05
2.09053  1.25938e-05
2.09156  5.38078e-09
2.0954  0.000350869
2.09638  0.000138892
2.09733  7.21983e-08
2.09974  0.000325387
2.10073  0.000118738
2.10698  2.67895e-07
2.10795  8.17393e-07
2.10888  8.73442e-10
2.1133  1.97884e-05
2.11429  8.32657e-05
2.11525  1.88221e-07
2.11966  9.62799e-05
2.12067  0.0003141
2.12165  4.75382e-07
2.12411  7.85597e-05
2.12513  0.000226318
2.13226  1.2387e-06
2.13294  9.02123e-07
2.13401  2.4575e-09
2.13904  0.000173001
2.14004  1.31896e-06
2.14558  0.000541499
2.1466  2.48223e-06
2.15016  0.000333223
2.15777  3.95103e-06
2.15877  7.03337e-08
2.16444  0.000260826
2.16547  7.10555e-06
2.16645  6.37156e-10
2.17115  0.000688079
2.1722  1.03403e-05
2.17584  0.000365752
2.18366  4.92544e-06
2.18471  3.94291e-07
2.19013  0.000129448
2.1909  0.000157574
2.192  1.24592e-05
2.19314  2.33048e-09
2.1974  0.000607862
2.19848  3.43746e-05
2.20222  0.000281858
2.21026  3.71292e-06
2.21135  1.65211e-06
2.21238  8.25378e-10
2.2173  0.000171412
2.2184  9.6169e-05
2.21947  8.89319e-08
2.22438  0.0003336
2.2255  9.06937e-05
2.22933  0.000136101
2.23721  6.14241e-07
2.23833  3.67034e-06
2.23917  2.17861e-06
2.24037  2.55449e-09
2.24484  5.04763e-05
2.24598  0.000239773
2.24709  6.8551e-07
2.25212  8.56936e-05
2.25328  0.000187624
2.25722  3.09946e-05
2.2669  1.19787e-05
2.26802  8.1233e-08
2.27436  0.000451867
2.27551  4.10333e-06
2.27662  1.57692e-10
2.28187  0.000298015
2.2959  1.99105e-05
2.29707  5.12316e-07
2.30316  0.000299015
2.30399  0.000335381
2.30525  8.0919e-06
2.30653  6.21143e-10
2.31132  0.00035103
2.32579  2.25135e-05
2.327  2.45331e-06
2.32817  5.95802e-10
2.3337  0.000593926
2.33494  7.14034e-05
2.33615  2.56783e-08
2.34168  0.000288972
2.35616  7.44898e-06
2.35721  1.3281e-05
2.35837  3.76765e-06
2.35972  2.01159e-09
2.36477  0.00034979
2.36606  0.000207697
2.36732  2.15929e-07
2.37301  0.00014846
2.38843  4.9319e-06
2.38974  2.49029e-05
2.39101  7.0366e-08
2.39686  9.59839e-05
2.3982  0.000469702
2.39951  1.42176e-06
2.40536  3.58434e-05
2.42267  5.17408e-05
2.424  4.9309e-07
2.43142  0.000809751
2.43278  7.4238e-06
2.4341  2.89551e-10
2.45674  7.80071e-05
2.45813  2.65639e-06
2.45947  3.17599e-10
2.46579  0.00102895
2.46722  3.09257e-05
2.46859  3.42203e-09
2.49152  3.87149e-05
2.49258  4.84151e-05
2.49406  4.65866e-06
2.49561  1.16166e-09
2.50141  0.00090899
2.50289  0.000102807
2.50434  3.11738e-08
2.52808  2.35754e-05
2.52935  4.7519e-05
2.53071  1.61542e-05
2.53232  1.37942e-08
2.53777  0.00021181
2.53899  0.000423093
2.54043  0.00013534
2.54205  8.67516e-08
2.56604  6.66539e-06
2.56762  5.55225e-05
2.56878  4.27683e-05
2.57045  1.20123e-07
2.57611  5.23987e-05
2.57767  0.000344984
2.57888  0.00029265
2.58057  5.39593e-07
2.60726  8.47256e-05
2.60838  8.54564e-05
2.61011  7.92508e-07
2.61776  0.00040988
2.61889  0.000484701
2.62064  2.66975e-06
2.64846  0.000111786
2.64964  0.000126776
2.65143  4.03394e-06
2.65325  4.64426e-10
2.65941  0.000463535
2.66059  0.000598014
2.66241  1.05673e-05
2.69144  0.000102108
2.69275  0.000139559
2.69455  1.59752e-05
2.69645  5.97441e-09
2.70288  0.00036695
2.70415  0.000530971
2.70602  3.34618e-05
2.73638  5.77372e-05
2.73795  0.00012742
2.73963  4.92447e-05
2.74162  5.67553e-08
2.74835  0.000181556
2.74979  0.000340194
2.75164  8.42846e-05
2.78345  1.52356e-05
2.78541  0.000138074
2.78686  0.000117354
2.78894  4.11867e-07
2.796  4.22723e-05
2.79787  0.000206946
2.79945  0.000166806
2.83504  0.000193664
2.83645  0.000213189
2.83863  2.32911e-06
2.84083  1.14942e-10
2.84828  0.000200763
2.84969  0.000253941
2.88716  0.000235862
2.88867  0.000289782
2.89094  1.03735e-05
2.89326  1.59236e-09
2.90111  0.000211907
2.9026  0.000287183
2.94216  0.000200053
2.94384  0.000293427
2.94616  3.65156e-05
2.94861  1.63874e-08
2.95691  0.000157268
2.95849  0.000227344
3.00039  0.000105579
3.00242  0.000244802
3.00463  0.000101296
3.00722  1.2973e-07
3.01603  7.32346e-05
3.0177  0.000112483
3.06223  2.61188e-05
3.06398  3.77568e-05
3.06499  0.000201307
3.06674  0.000218255
3.06775  1.11637e-06
3.06951  8.06901e-07
3.07889  1.61041e-05
3.08067  2.61898e-05
3.13111  0.000306465
3.13299  0.000359953
3.13407  4.90975e-06
3.13595  3.99231e-06
3.13703  4.36194e-10
3.13891  1.97048e-10
3.20195  0.000346582
3.20396  0.000438386
3.20512  1.74903e-05
3.20714  1.58022e-05
3.2083  4.02857e-09
3.21032  2.18386e-09
3.2782  0.000274366
3.28038  0.00037183
3.28162  5.03486e-05
3.28381  5.00383e-05
3.28506  2.96135e-08
3.28725  1.87288e-08
3.36077  0.000135748
3.36314  0.000196235
3.36449  0.000116251
3.36686  0.000126038
3.36823  1.75823e-07
3.37061  1.27083e-07
3.4508  3.16068e-05
3.45339  4.85458e-05
3.45487  0.000212374
3.45747  0.00024944
3.45896  8.50589e-07
3.46157  6.91648e-07
3.55426  0.000300218
3.55713  0.000379741
3.55878  3.36677e-06
3.56166  3.04184e-06
3.66465  0.000316883
3.66785  0.000429451
3.66969  1.09033e-05
3.67291  1.08361e-05
3.78877  0.000235177
3.7924  0.000339968
3.79449  2.87714e-05
3.79814  3.11935e-05
3.93053  0.000109514
3.93472  0.000168206
3.93712  6.13211e-05
3.94133  7.20237e-05
4.09579  2.4082e-05
4.10072  3.9164e-05
4.10357  0.000104022
4.10854  0.000131576
4.30338  0.000137246
4.30945  0.000186
4.55336  0.000135811
4.56117  0.000196325
4.88747  9.48638e-05
4.8984  0.000145704
5.39284  4.17207e-05
5.41102  6.78496e-05
6.46464  8.69146e-06
6.51871  1.492e-05
