-7.93628  9.93705e-10
-7.51187  6.67907e-09
-7.21484  1.87052e-08
-7.05997  6.63281e-09
-6.98614  2.79389e-08
-6.86103  3.71514e-08
-6.80012  2.34735e-08
-6.69518  8.32361e-08
-6.64352  1.6974e-08
-6.60021  1.8447e-08
-6.55296  9.32436e-08
-6.50822  3.81231e-08
-6.47008  8.26597e-08
-6.42848  5.22271e-08
-6.38889  8.10133e-08
-6.35495  1.38897e-07
-6.31803  4.76101e-08
-6.28324  1.18116e-07
-6.27252  6.21997e-09
-6.25171  1.03731e-07
-6.21843  1.60905e-07
-6.18838  1.42789e-07
-6.17708  3.4839e-08
-6.15814  2.90506e-08
-6.12779  2.70375e-07
-6.10082  1.31876e-07
-6.08995  7.80553e-08
-6.07284  7.98952e-08
-6.04502  2.24752e-07
-6.03699  3.45977e-08
-6.01852  1.1677e-07
-6.00981  8.74399e-08
-5.99401  2.68503e-07
-5.96941  1.07699e-07
-5.96083  1.5503e-07
-5.94293  1.37388e-07
-5.93563  4.89764e-08
-5.92094  3.00785e-07
-5.89226  3.66914e-07
-5.87342  2.64337e-07
-5.85053  1.99453e-07
-5.82766  4.55881e-07
-5.80776  4.50458e-07
-5.7835  2.70079e-07
-5.76737  3.79556e-07
-5.74512  4.71994e-07
-5.72535  4.19564e-07
-5.70849  4.5342e-07
-5.68902  2.18055e-07
-5.68383  2.05576e-07
-5.67132  3.9894e-07
-5.65614  3.04135e-07
-5.64864  5.03581e-07
-5.63335  3.81578e-07
-5.62115  3.07438e-07
-5.60322  2.96213e-07
-5.59637  5.64127e-07
-5.58341  4.53042e-07
-5.57164  3.74805e-07
-5.56221  3.17886e-07
-5.54941  4.97822e-07
-5.53762  4.16843e-07
-5.52579  6.37072e-07
-5.51318  7.76191e-07
-5.49813  4.01618e-07
-5.48683  5.82204e-07
-5.47347  6.68828e-07
-5.45868  7.83116e-07
-5.4453  8.67682e-07
-5.43463  5.04108e-07
-5.42158  1.6986e-07
-5.41395  1.07223e-06
-5.40117  8.03743e-07
-5.39133  6.38783e-07
-5.37652  8.22744e-07
-5.36555  8.23043e-07
-5.35155  1.08457e-06
-5.33992  7.43178e-07
-5.32703  1.32705e-06
-5.31287  8.58654e-07
-5.30057  8.26762e-07
-5.2888  1.53268e-06
-5.27657  7.8687e-07
-5.26716  5.39078e-07
-5.25687  1.42487e-06
-5.24283  1.49748e-06
-5.23059  1.06979e-06
-5.2214  1.15442e-06
-5.20762  1.24031e-06
-5.19813  1.04912e-06
-5.1869  1.72897e-06
-5.17538  1.13428e-06
-5.16401  1.52115e-06
-5.15172  1.59808e-06
-5.14121  1.34822e-06
-5.13173  1.23013e-06
-5.11979  1.69056e-06
-5.108  1.74264e-06
-5.09724  1.90566e-06
-5.08605  1.64707e-06
-5.07479  1.99095e-06
-5.0616  1.96695e-06
-5.0511  2.10623e-06
-5.04277  9.28523e-07
-5.03062  2.62733e-06
-5.01729  3.04875e-06
-5.00411  2.14457e-06
-4.99344  1.73797e-06
-4.98379  2.32947e-06
-4.97197  2.92166e-06
-4.96019  2.17415e-06
-4.94828  3.14117e-06
-4.93837  2.44753e-06
-4.92618  2.56516e-06
-4.91597  2.2769e-06
-4.90649  2.9494e-06
-4.89556  2.9448e-06
-4.88344  3.38615e-06
-4.87163  3.57803e-06
-4.86062  3.08e-06
-4.84813  3.57572e-06
-4.83704  3.90888e-06
-4.82664  2.94658e-06
-4.81499  3.78599e-06
-4.80528  3.54171e-06
-4.79299  4.59781e-06
-4.78141  3.70188e-06
-4.77133  4.67696e-06
-4.75952  3.24014e-06
-4.74953  4.70096e-06
-4.73899  4.48823e-06
-4.72746  4.32549e-06
-4.71765  4.48171e-06
-4.70631  5.28149e-06
-4.69432  4.66144e-06
-4.68499  5.13535e-06
-4.67451  5.24271e-06
-4.66364  4.57574e-06
-4.65509  4.34436e-06
-4.64352  7.00819e-06
-4.63161  6.31921e-06
-4.62083  5.52109e-06
-4.61114  5.11721e-06
-4.60037  7.33628e-06
-4.58804  6.79141e-06
-4.57903  5.46019e-06
-4.56848  6.77679e-06
-4.5571  7.6175e-06
-4.54612  7.12285e-06
-4.5358  7.30558e-06
-4.5262  6.31587e-06
-4.51553  8.30933e-06
-4.5038  8.96691e-06
-4.49261  7.66261e-06
-4.48292  7.45267e-06
-4.47277  8.9068e-06
-4.4627  8.41392e-06
-4.45154  8.99989e-06
-4.44086  9.41661e-06
-4.4297  1.0728e-05
-4.41957  7.92635e-06
-4.40986  9.32048e-06
-4.39919  1.14449e-05
-4.3882  1.02954e-05
-4.37811  9.63055e-06
-4.36722  1.20143e-05
-4.35594  1.26254e-05
-4.34526  1.03752e-05
-4.33527  1.15661e-05
-4.32434  1.27763e-05
-4.31425  1.18346e-05
-4.30318  1.39215e-05
-4.29257  1.28205e-05
-4.28265  1.25628e-05
-4.27211  1.35468e-05
-4.26178  1.38908e-05
-4.25146  1.39047e-05
-4.24111  1.55631e-05
-4.22941  1.73795e-05
-4.21856  1.41799e-05
-4.20821  1.65376e-05
-4.1974  1.70526e-05
-4.18747  1.45225e-05
-4.17724  1.71956e-05
-4.16702  1.70111e-05
-4.15702  1.616e-05
-4.14661  1.95695e-05
-4.13582  2.00253e-05
-4.12436  2.0545e-05
-4.11328  2.06512e-05
-4.1023  2.14146e-05
-4.09154  2.04264e-05
-4.08062  2.32829e-05
-4.06975  2.09233e-05
-4.05903  2.3936e-05
-4.04809  2.34718e-05
-4.03727  2.41849e-05
-4.02707  2.09539e-05
-4.01752  2.39193e-05
-4.00683  2.65112e-05
-3.99619  2.41044e-05
-3.98612  2.57948e-05
-3.97578  2.65997e-05
-3.96526  2.77728e-05
-3.95483  2.70979e-05
-3.94391  3.0799e-05
-3.934  2.62665e-05
-3.92355  3.03758e-05
-3.91293  3.1613e-05
-3.90215  3.24949e-05
-3.89135  3.27206e-05
-3.88089  3.1413e-05
-3.87012  3.63964e-05
-3.85907  3.54995e-05
-3.84833  3.5699e-05
-3.83715  3.97164e-05
-3.82648  3.55924e-05
-3.81618  3.54064e-05
-3.80621  3.72539e-05
-3.79579  3.9759e-05
-3.78546  3.89156e-05
-3.77512  3.84845e-05
-3.76487  4.44808e-05
-3.75389  4.28535e-05
-3.74346  4.31183e-05
-3.73303  4.39975e-05
-3.72234  4.85802e-05
-3.71129  4.74605e-05
-3.70084  4.7212e-05
-3.69042  4.7791e-05
-3.6797  5.17676e-05
-3.66891  5.20332e-05
-3.65847  4.94758e-05
-3.64814  5.26119e-05
-3.6378  5.39252e-05
-3.62687  5.76672e-05
-3.61653  5.3606e-05
-3.6061  5.81404e-05
-3.59546  5.93198e-05
-3.58511  5.86668e-05
-3.57478  5.88327e-05
-3.56476  5.97579e-05
-3.55455  6.18797e-05
-3.54398  6.60883e-05
-3.53318  6.86033e-05
-3.52241  6.84243e-05
-3.51179  7.04961e-05
-3.50127  6.68256e-05
-3.49121  7.03383e-05
-3.48069  7.41052e-05
-3.4701  7.43691e-05
-3.45982  7.30783e-05
-3.44939  7.891e-05
-3.43882  7.88927e-05
-3.42855  7.66505e-05
-3.41785  8.82282e-05
-3.40693  8.46389e-05
-3.39644  8.4246e-05
-3.386  8.59106e-05
-3.37572  8.67824e-05
-3.36543  8.7673e-05
-3.35502  9.48047e-05
-3.34446  9.16898e-05
-3.33404  9.60929e-05
-3.32365  9.41205e-05
-3.31337  9.90668e-05
-3.30288  9.94063e-05
-3.29268  9.90314e-05
-3.28248  0.000103374
-3.27191  0.000109137
-3.2615  0.00010399
-3.25124  0.00010998
-3.24077  0.00011302
-3.23036  0.000113696
-3.22014  0.000111446
-3.20992  0.000117648
-3.19964  0.000117718
-3.18938  0.000120173
-3.17895  0.000127072
-3.16837  0.000127674
-3.15803  0.000125631
-3.14785  0.000129039
-3.13762  0.000131447
-3.12722  0.000137404
-3.11689  0.000134591
-3.10665  0.000139536
-3.09627  0.000142696
-3.08591  0.000144409
-3.07557  0.000147313
-3.06526  0.000147155
-3.05506  0.000150931
-3.0447  0.000155423
-3.03432  0.000158035
-3.02383  0.000164258
-3.01356  0.00015719
-3.00347  0.000162839
-2.99325  0.000166678
-2.98294  0.000170168
-2.97289  0.000165399
-2.96276  0.00017792
-2.95238  0.000178473
-2.94218  0.000179137
-2.93198  0.000183577
-2.92182  0.000184156
-2.91162  0.000190166
-2.90144  0.000190566
-2.89118  0.000198061
-2.8809  0.000197955
-2.87065  0.00020294
-2.8604  0.000203101
-2.85019  0.00020905
-2.83998  0.000209852
-2.82984  0.000214343
-2.81961  0.000218695
-2.80939  0.000220518
-2.79911  0.000228299
-2.78882  0.000228025
-2.7786  0.000231217
-2.76844  0.000232539
-2.75833  0.000237009
-2.7481  0.000243698
-2.73789  0.000245509
-2.72763  0.000252891
-2.71741  0.000251159
-2.7072  0.000260216
-2.69693  0.000262495
-2.68675  0.000261023
-2.67658  0.000270438
-2.66633  0.000272792
-2.6561  0.000278405
-2.64591  0.000280405
-2.63569  0.000285544
-2.62556  0.000285664
-2.61548  0.000290193
-2.6053  0.000298507
-2.59516  0.000297597
-2.58501  0.000306722
-2.57473  0.000312665
-2.56451  0.000314689
-2.55429  0.00032064
-2.54407  0.00032377
-2.53389  0.000328963
-2.52362  0.000337655
-2.51337  0.000336235
-2.50321  0.000338782
-2.49303  0.000349035
-2.4828  0.000351912
-2.47261  0.000356888
-2.46246  0.000358192
-2.45237  0.000363587
-2.44217  0.000374375
-2.43189  0.000379529
-2.42174  0.000375866
-2.41158  0.000388551
-2.40146  0.00038281
-2.39131  0.000401439
-2.38101  0.000406405
-2.37077  0.00040784
-2.36059  0.000413745
-2.35041  0.000417555
-2.34021  0.000424697
-2.3301  0.00041938
-2.3201  0.000429252
-2.31002  0.000435489
-2.29981  0.000450197
-2.2896  0.000450205
-2.27943  0.000458132
-2.2692  0.000468049
-2.25904  0.000463164
-2.24892  0.00047538
-2.23877  0.000475147
-2.22858  0.000491996
-2.21832  0.000495284
-2.20805  0.000506826
-2.1979  0.000495714
-2.18777  0.000517384
-2.17747  0.000523666
-2.16724  0.00052444
-2.15705  0.000531092
-2.14685  0.00053691
-2.13668  0.000541964
-2.12655  0.000548291
-2.11635  0.00056267
-2.10617  0.000558515
-2.09603  0.000571669
-2.08587  0.000573
-2.07573  0.00058108
-2.06563  0.000582413
-2.0555  0.000600229
-2.04531  0.000603322
-2.03513  0.000613632
-2.02494  0.000621252
-2.01473  0.000628465
-2.00463  0.000620281
-1.99451  0.000643119
-1.98427  0.000651085
-1.9741  0.000650525
-1.96396  0.000664164
-1.9538  0.00066744
-1.94365  0.000677814
-1.93343  0.000691951
-1.92323  0.000689555
-1.91311  0.000692246
-1.90298  0.000708337
-1.89287  0.000706281
-1.88278  0.000722763
-1.8727  0.00072323
-1.86255  0.000746171
-1.85242  0.000736418
-1.84231  0.000758398
-1.83218  0.000750678
-1.82207  0.000772751
-1.81189  0.000781384
-1.80176  0.000783101
-1.79167  0.000794986
-1.78143  0.000821514
-1.77125  0.00080109
-1.7612  0.000813898
-1.75111  0.000824093
-1.74102  0.000831759
-1.73092  0.000845156
-1.72083  0.000849133
-1.71072  0.000869659
-1.70054  0.000879058
-1.6904  0.000876252
-1.68028  0.000890888
-1.67015  0.000897472
-1.66001  0.000911432
-1.64988  0.000919143
-1.6398  0.00092013
-1.62968  0.000943088
-1.6196  0.000934793
-1.60947  0.000961428
-1.59927  0.00096704
-1.58912  0.000976704
-1.57904  0.000978626
-1.56898  0.000990008
-1.55887  0.00100705
-1.54878  0.00100235
-1.53868  0.00102529
-1.52853  0.00103353
-1.5184  0.00104239
-1.50831  0.00105148
-1.49823  0.00106256
-1.48812  0.00107795
-1.47803  0.00107044
-1.46801  0.00108144
-1.45791  0.00110764
-1.44782  0.00110828
-1.43771  0.00113432
-1.42758  0.00113611
-1.41747  0.00115202
-1.40736  0.00115299
-1.39727  0.00115917
-1.38718  0.00118052
-1.37708  0.00118774
-1.36698  0.00120851
-1.35683  0.00122121
-1.34673  0.00122161
-1.33665  0.00123242
-1.32653  0.00124338
-1.31635  0.00127226
-1.30624  0.00125926
-1.29613  0.00130545
-1.28597  0.00129154
-1.27589  0.00130682
-1.26577  0.00132053
-1.25562  0.00133194
-1.24549  0.00133806
-1.2354  0.00135835
-1.2253  0.00137031
-1.2152  0.00138924
-1.20507  0.00139535
-1.19497  0.00139827
-1.18488  0.00140969
-1.17483  0.00141851
-1.16478  0.00144364
-1.15466  0.00147133
-1.14455  0.00147568
-1.13448  0.00147321
-1.12441  0.00149485
-1.11426  0.00151185
-1.10369  0.00166
-1.09316  0.00153846
-1.08307  0.00156232
-1.07302  0.00156224
-1.06295  0.00158457
-1.05282  0.00159334
-1.04271  0.00160785
-1.03263  0.00163054
-1.02259  0.0016279
-1.01257  0.00165246
-1.00248  0.00167657
-0.992353  0.00167731
-0.982244  0.0016991
-0.97217  0.00171376
-0.96212  0.00173476
-0.951581  0.0019097
-0.941018  0.00177169
-0.930463  0.00192416
-0.919881  0.00179577
-0.909803  0.0018079
-0.899752  0.00183815
-0.889688  0.00185625
-0.879597  0.00187604
-0.869465  0.0018953
-0.859356  0.00187499
-0.849259  0.00191423
-0.839181  0.00193307
-0.829114  0.00196773
-0.819046  0.00198117
-0.808933  0.00201984
-0.79837  0.00217599
-0.787817  0.00202421
-0.777709  0.00203243
-0.767631  0.00208281
-0.757533  0.00211202
-0.747461  0.0021223
-0.737355  0.00215813
-0.727239  0.00213646
-0.717197  0.0021445
-0.707133  0.0021694
-0.697111  0.00221568
-0.68702  0.00228243
-0.676444  0.00249016
-0.66588  0.00230158
-0.655789  0.0023018
-0.645678  0.00230663
-0.635585  0.00233892
-0.625525  0.00240832
-0.61546  0.00242853
-0.605374  0.00246759
-0.595315  0.00245294
-0.585239  0.00248265
-0.575114  0.00248768
-0.564603  0.00278826
-0.554087  0.00259221
-0.543984  0.00264835
-0.533858  0.00263634
-0.523806  0.00261231
-0.513767  0.0026572
-0.503695  0.00276098
-0.493604  0.00278009
-0.483569  0.00281461
-0.473485  0.00281899
-0.463413  0.00282777
-0.453321  0.00285085
-0.443283  0.0029589
-0.433249  0.00299833
-0.423214  0.00303002
-0.413151  0.00304702
-0.403062  0.0030437
-0.392921  0.00311364
-0.382879  0.00319324
-0.372889  0.00325643
-0.362858  0.00330281
-0.352788  0.0033033
-0.342724  0.00330043
-0.332636  0.00335507
-0.322591  0.00355596
-0.312526  0.00359492
-0.302467  0.00362478
-0.292414  0.00362851
-0.282329  0.00362375
-0.272178  0.00372115
-0.262181  0.00393472
-0.252134  0.00402546
-0.242105  0.00404172
-0.23204  0.00405407
-0.221986  0.0040298
-0.211817  0.00418432
-0.201849  0.00447906
-0.191806  0.00461859
-0.181743  0.00463009
-0.171648  0.00463219
-0.161582  0.00458256
-0.151373  0.0048872
-0.140937  0.00587438
-0.130447  0.00548977
-0.120394  0.00548608
-0.110346  0.0054671
-0.100289  0.00544135
-0.0900295  0.00617838
-0.0802039  0.00704829
-0.0701532  0.00714903
-0.0601021  0.00713836
-0.050046  0.00716905
-0.0399832  0.0072037
-0.0293063  0.0100423
-0.0198852  0.0130165
-0.00977569  0.0142948
-0.00232421  0.00864641
0.00232421  0.00864641
0.00977569  0.0142948
0.0198852  0.0130165
0.0293063  0.0100423
0.0399832  0.0072037
0.050046  0.00716905
0.0601021  0.00713836
0.0701532  0.00714903
0.0802039  0.00704829
0.0900295  0.00617838
0.100289  0.00544135
0.110346  0.0054671
0.120394  0.00548608
0.130447  0.00548977
0.140937  0.00587438
0.151373  0.0048872
0.161582  0.00458256
0.171648  0.00463219
0.181743  0.00463009
0.191806  0.00461859
0.201849  0.00447906
0.211817  0.00418432
0.221986  0.0040298
0.23204  0.00405407
0.242105  0.00404172
0.252134  0.00402546
0.262181  0.00393472
0.272178  0.00372115
0.282329  0.00362375
0.292414  0.00362851
0.302467  0.00362478
0.312526  0.00359492
0.322591  0.00355596
0.332636  0.00335507
0.342724  0.00330043
0.352788  0.0033033
0.362858  0.00330281
0.372889  0.00325643
0.382879  0.00319324
0.392921  0.00311364
0.403062  0.0030437
0.413151  0.00304702
0.423214  0.00303002
0.433249  0.00299833
0.443283  0.0029589
0.453321  0.00285085
0.463413  0.00282777
0.473485  0.00281899
0.483569  0.00281461
0.493604  0.00278009
0.503695  0.00276098
0.513767  0.0026572
0.523806  0.00261231
0.533858  0.00263634
0.543984  0.00264835
0.554087  0.00259221
0.564603  0.00278826
0.575114  0.00248768
0.585239  0.00248265
0.595315  0.00245294
0.605374  0.00246759
0.61546  0.00242853
0.625525  0.00240832
0.635585  0.00233892
0.645678  0.00230663
0.655789  0.0023018
0.66588  0.00230158
0.676444  0.00249016
0.68702  0.00228243
0.697111  0.00221568
0.707133  0.0021694
0.717197  0.0021445
0.727239  0.00213646
0.737355  0.00215813
0.747461  0.0021223
0.757533  0.00211202
0.767631  0.00208281
0.777709  0.00203243
0.787817  0.00202421
0.79837  0.00217599
0.808933  0.00201984
0.819046  0.00198117
0.829114  0.00196773
0.839181  0.00193307
0.849259  0.00191423
0.859356  0.00187499
0.869465  0.0018953
0.879597  0.00187604
0.889688  0.00185625
0.899752  0.00183815
0.909803  0.0018079
0.919881  0.00179577
0.930463  0.00192416
0.941018  0.00177169
0.951581  0.0019097
0.96212  0.00173476
0.97217  0.00171376
0.982244  0.0016991
0.992353  0.00167731
1.00248  0.00167657
1.01257  0.00165246
1.02259  0.0016279
1.03263  0.00163054
1.04271  0.00160785
1.05282  0.00159334
1.06295  0.00158457
1.07302  0.00156224
1.08307  0.00156232
1.09316  0.00153846
1.10369  0.00166
1.11426  0.00151185
1.12441  0.00149485
1.13448  0.00147321
1.14455  0.00147568
1.15466  0.00147133
1.16478  0.00144364
1.17483  0.00141851
1.18488  0.00140969
1.19497  0.00139827
1.20507  0.00139535
1.2152  0.00138924
1.2253  0.00137031
1.2354  0.00135835
1.24549  0.00133806
1.25562  0.00133194
1.26577  0.00132053
1.27589  0.00130682
1.28597  0.00129154
1.29613  0.00130545
1.30624  0.00125926
1.31635  0.00127226
1.32653  0.00124338
1.33665  0.00123242
1.34673  0.00122161
1.35683  0.00122121
1.36698  0.00120851
1.37708  0.00118774
1.38718  0.00118052
1.39727  0.00115917
1.40736  0.00115299
1.41747  0.00115202
1.42758  0.00113611
1.43771  0.00113432
1.44782  0.00110828
1.45791  0.00110764
1.46801  0.00108144
1.47803  0.00107044
1.48812  0.00107795
1.49823  0.00106256
1.50831  0.00105148
1.5184  0.00104239
1.52853  0.00103353
1.53868  0.00102529
1.54878  0.00100235
1.55887  0.00100705
1.56898  0.000990008
1.57904  0.000978626
1.58912  0.000976704
1.59927  0.00096704
1.60947  0.000961428
1.6196  0.000934793
1.62968  0.000943088
1.6398  0.00092013
1.64988  0.000919143
1.66001  0.000911432
1.67015  0.000897472
1.68028  0.000890888
1.6904  0.000876252
1.70054  0.000879058
1.71072  0.000869659
1.72083  0.000849133
1.73092  0.000845156
1.74102  0.000831759
1.75111  0.000824093
1.7612  0.000813898
1.77125  0.00080109
1.78143  0.000821514
1.79167  0.000794986
1.80176  0.000783101
1.81189  0.000781384
1.82207  0.000772751
1.83218  0.000750678
1.84231  0.000758398
1.85242  0.000736418
1.86255  0.000746171
1.8727  0.00072323
1.88278  0.000722763
1.89287  0.000706281
1.90298  0.000708337
1.91311  0.000692246
1.92323  0.000689555
1.93343  0.000691951
1.94365  0.000677814
1.9538  0.00066744
1.96396  0.000664164
1.9741  0.000650525
1.98427  0.000651085
1.99451  0.000643119
2.00463  0.000620281
2.01473  0.000628465
2.02494  0.000621252
2.03513  0.000613632
2.04531  0.000603322
2.0555  0.000600229
2.06563  0.000582413
2.07573  0.00058108
2.08587  0.000573
2.09603  0.000571669
2.10617  0.000558515
2.11635  0.00056267
2.12655  0.000548291
2.13668  0.000541964
2.14685  0.00053691
2.15705  0.000531092
2.16724  0.00052444
2.17747  0.000523666
2.18777  0.000517384
2.1979  0.000495714
2.20805  0.000506826
2.21832  0.000495284
2.22858  0.000491996
2.23877  0.000475147
2.24892  0.00047538
2.25904  0.000463164
2.2692  0.000468049
2.27943  0.000458132
2.2896  0.000450205
2.29981  0.000450197
2.31002  0.000435489
2.3201  0.000429252
2.3301  0.00041938
2.34021  0.000424697
2.35041  0.000417555
2.36059  0.000413745
2.37077  0.00040784
2.38101  0.000406405
2.39131  0.000401439
2.40146  0.00038281
2.41158  0.000388551
2.42174  0.000375866
2.43189  0.000379529
2.44217  0.000374375
2.45237  0.000363587
2.46246  0.000358192
2.47261  0.000356888
2.4828  0.000351912
2.49303  0.000349035
2.50321  0.000338782
2.51337  0.000336235
2.52362  0.000337655
2.53389  0.000328963
2.54407  0.00032377
2.55429  0.00032064
2.56451  0.000314689
2.57473  0.000312665
2.58501  0.000306722
2.59516  0.000297597
2.6053  0.000298507
2.61548  0.000290193
2.62556  0.000285664
2.63569  0.000285544
2.64591  0.000280405
2.6561  0.000278405
2.66633  0.000272792
2.67658  0.000270438
2.68675  0.000261023
2.69693  0.000262495
2.7072  0.000260216
2.71741  0.000251159
2.72763  0.000252891
2.73789  0.000245509
2.7481  0.000243698
2.75833  0.000237009
2.76844  0.000232539
2.7786  0.000231217
2.78882  0.000228025
2.79911  0.000228299
2.80939  0.000220518
2.81961  0.000218695
2.82984  0.000214343
2.83998  0.000209852
2.85019  0.00020905
2.8604  0.000203101
2.87065  0.00020294
2.8809  0.000197955
2.89118  0.000198061
2.90144  0.000190566
2.91162  0.000190166
2.92182  0.000184156
2.93198  0.000183577
2.94218  0.000179137
2.95238  0.000178473
2.96276  0.00017792
2.97289  0.000165399
2.98294  0.000170168
2.99325  0.000166678
3.00347  0.000162839
3.01356  0.00015719
3.02383  0.000164258
3.03432  0.000158035
3.0447  0.000155423
3.05506  0.000150931
3.06526  0.000147155
3.07557  0.000147313
3.08591  0.000144409
3.09627  0.000142696
3.10665  0.000139536
3.11689  0.000134591
3.12722  0.000137404
3.13762  0.000131447
3.14785  0.000129039
3.15803  0.000125631
3.16837  0.000127674
3.17895  0.000127072
3.18938  0.000120173
3.19964  0.000117718
3.20992  0.000117648
3.22014  0.000111446
3.23036  0.000113696
3.24077  0.00011302
3.25124  0.00010998
3.2615  0.00010399
3.27191  0.000109137
3.28248  0.000103374
3.29268  9.90314e-05
3.30288  9.94063e-05
3.31337  9.90668e-05
3.32365  9.41205e-05
3.33404  9.60929e-05
3.34446  9.16898e-05
3.35502  9.48047e-05
3.36543  8.7673e-05
3.37572  8.67824e-05
3.386  8.59106e-05
3.39644  8.4246e-05
3.40693  8.46389e-05
3.41785  8.82282e-05
3.42855  7.66505e-05
3.43882  7.88927e-05
3.44939  7.891e-05
3.45982  7.30783e-05
3.4701  7.43691e-05
3.48069  7.41052e-05
3.49121  7.03383e-05
3.50127  6.68256e-05
3.51179  7.04961e-05
3.52241  6.84243e-05
3.53318  6.86033e-05
3.54398  6.60883e-05
3.55455  6.18797e-05
3.56476  5.97579e-05
3.57478  5.88327e-05
3.58511  5.86668e-05
3.59546  5.93198e-05
3.6061  5.81404e-05
3.61653  5.3606e-05
3.62687  5.76672e-05
3.6378  5.39252e-05
3.64814  5.26119e-05
3.65847  4.94758e-05
3.66891  5.20332e-05
3.6797  5.17676e-05
3.69042  4.7791e-05
3.70084  4.7212e-05
3.71129  4.74605e-05
3.72234  4.85802e-05
3.73303  4.39975e-05
3.74346  4.31183e-05
3.75389  4.28535e-05
3.76487  4.44808e-05
3.77512  3.84845e-05
3.78546  3.89156e-05
3.79579  3.9759e-05
3.80621  3.72539e-05
3.81618  3.54064e-05
3.82648  3.55924e-05
3.83715  3.97164e-05
3.84833  3.5699e-05
3.85907  3.54995e-05
3.87012  3.63964e-05
3.88089  3.1413e-05
3.89135  3.27206e-05
3.90215  3.24949e-05
3.91293  3.1613e-05
3.92355  3.03758e-05
3.934  2.62665e-05
3.94391  3.0799e-05
3.95483  2.70979e-05
3.96526  2.77728e-05
3.97578  2.65997e-05
3.98612  2.57948e-05
3.99619  2.41044e-05
4.00683  2.65112e-05
4.01752  2.39193e-05
4.02707  2.09539e-05
4.03727  2.41849e-05
4.04809  2.34718e-05
4.05903  2.3936e-05
4.06975  2.09233e-05
4.08062  2.32829e-05
4.09154  2.04264e-05
4.1023  2.14146e-05
4.11328  2.06512e-05
4.12436  2.0545e-05
4.13582  2.00253e-05
4.14661  1.95695e-05
4.15702  1.616e-05
4.16702  1.70111e-05
4.17724  1.71956e-05
4.18747  1.45225e-05
4.1974  1.70526e-05
4.20821  1.65376e-05
4.21856  1.41799e-05
4.22941  1.73795e-05
4.24111  1.55631e-05
4.25146  1.39047e-05
4.26178  1.38908e-05
4.27211  1.35468e-05
4.28265  1.25628e-05
4.29257  1.28205e-05
4.30318  1.39215e-05
4.31425  1.18346e-05
4.32434  1.27763e-05
4.33527  1.15661e-05
4.34526  1.03752e-05
4.35594  1.26254e-05
4.36722  1.20143e-05
4.37811  9.63055e-06
4.3882  1.02954e-05
4.39919  1.14449e-05
4.40986  9.32048e-06
4.41957  7.92635e-06
4.4297  1.0728e-05
4.44086  9.41661e-06
4.45154  8.99989e-06
4.4627  8.41392e-06
4.47277  8.9068e-06
4.48292  7.45267e-06
4.49261  7.66261e-06
4.5038  8.96691e-06
4.51553  8.30933e-06
4.5262  6.31587e-06
4.5358  7.30558e-06
4.54612  7.12285e-06
4.5571  7.6175e-06
4.56848  6.77679e-06
4.57903  5.46019e-06
4.58804  6.79141e-06
4.60037  7.33628e-06
4.61114  5.11721e-06
4.62083  5.52109e-06
4.63161  6.31921e-06
4.64352  7.00819e-06
4.65509  4.34436e-06
4.66364  4.57574e-06
4.67451  5.24271e-06
4.68499  5.13535e-06
4.69432  4.66144e-06
4.70631  5.28149e-06
4.71765  4.48171e-06
4.72746  4.32549e-06
4.73899  4.48823e-06
4.74953  4.70096e-06
4.75952  3.24014e-06
4.77133  4.67696e-06
4.78141  3.70188e-06
4.79299  4.59781e-06
4.80528  3.54171e-06
4.81499  3.78599e-06
4.82664  2.94658e-06
4.83704  3.90888e-06
4.84813  3.57572e-06
4.86062  3.08e-06
4.87163  3.57803e-06
4.88344  3.38615e-06
4.89556  2.9448e-06
4.90649  2.9494e-06
4.91597  2.2769e-06
4.92618  2.56516e-06
4.93837  2.44753e-06
4.94828  3.14117e-06
4.96019  2.17415e-06
4.97197  2.92166e-06
4.98379  2.32947e-06
4.99344  1.73797e-06
5.00411  2.14457e-06
5.01729  3.04875e-06
5.03062  2.62733e-06
5.04277  9.28523e-07
5.0511  2.10623e-06
5.0616  1.96695e-06
5.07479  1.99095e-06
5.08605  1.64707e-06
5.09724  1.90566e-06
5.108  1.74264e-06
5.11979  1.69056e-06
5.13173  1.23013e-06
5.14121  1.34822e-06
5.15172  1.59808e-06
5.16401  1.52115e-06
5.17538  1.13428e-06
5.1869  1.72897e-06
5.19813  1.04912e-06
5.20762  1.24031e-06
5.2214  1.15442e-06
5.23059  1.06979e-06
5.24283  1.49748e-06
5.25687  1.42487e-06
5.26716  5.39078e-07
5.27657  7.8687e-07
5.2888  1.53268e-06
5.30057  8.26762e-07
5.31287  8.58654e-07
5.32703  1.32705e-06
5.33992  7.43178e-07
5.35155  1.08457e-06
5.36555  8.23043e-07
5.37652  8.22744e-07
5.39133  6.38783e-07
5.40117  8.03743e-07
5.41395  1.07223e-06
5.42158  1.6986e-07
5.43463  5.04108e-07
5.4453  8.67682e-07
5.45868  7.83116e-07
5.47347  6.68828e-07
5.48683  5.82204e-07
5.49813  4.01618e-07
5.51318  7.76191e-07
5.52579  6.37072e-07
5.53762  4.16843e-07
5.54941  4.97822e-07
5.56221  3.17886e-07
5.57164  3.74805e-07
5.58341  4.53042e-07
5.59637  5.64127e-07
5.60322  2.96213e-07
5.62115  3.07438e-07
5.63335  3.81578e-07
5.64864  5.03581e-07
5.65614  3.04135e-07
5.67132  3.9894e-07
5.68383  2.05576e-07
5.68902  2.18055e-07
5.70849  4.5342e-07
5.72535  4.19564e-07
5.74512  4.71994e-07
5.76737  3.79556e-07
5.7835  2.70079e-07
5.80776  4.50458e-07
5.82766  4.55881e-07
5.85053  1.99453e-07
5.87342  2.64337e-07
5.89226  3.66914e-07
5.92094  3.00785e-07
5.93563  4.89764e-08
5.94293  1.37388e-07
5.96083  1.5503e-07
5.96941  1.07699e-07
5.99401  2.68503e-07
6.00981  8.74399e-08
6.01852  1.1677e-07
6.03699  3.45977e-08
6.04502  2.24752e-07
6.07284  7.98952e-08
6.08995  7.80553e-08
6.10082  1.31876e-07
6.12779  2.70375e-07
6.15814  2.90506e-08
6.17708  3.4839e-08
6.18838  1.42789e-07
6.21843  1.60905e-07
6.25171  1.03731e-07
6.27252  6.21997e-09
6.28324  1.18116e-07
6.31803  4.76101e-08
6.35495  1.38897e-07
6.38889  8.10133e-08
6.42848  5.22271e-08
6.47008  8.26597e-08
6.50822  3.81231e-08
6.55296  9.32436e-08
6.60021  1.8447e-08
6.64352  1.6974e-08
6.69518  8.32361e-08
6.80012  2.34735e-08
6.86103  3.71514e-08
6.98614  2.79389e-08
7.05997  6.63281e-09
7.21484  1.87052e-08
7.51187  6.67907e-09
7.93628  9.93705e-10
