-7.90741  9.75368e-10
-7.48239  6.62541e-09
-7.18508  1.87519e-08
-7.02998  6.541e-09
-6.95619  2.83059e-08
-6.83093  3.7026e-08
-6.77007  2.40343e-08
-6.665  8.38359e-08
-6.61475  1.71692e-08
-6.56993  1.82772e-08
-6.52273  9.49124e-08
-6.48113  3.76321e-08
-6.43976  8.27678e-08
-6.39819  5.37261e-08
-6.36156  8.05582e-08
-6.32459  1.40555e-07
-6.28973  4.72901e-08
-6.25495  1.2437e-07
-6.22133  1.06083e-07
-6.19054  1.59064e-07
-6.15876  1.77706e-07
-6.12774  3.00248e-08
-6.09967  2.70119e-07
-6.07086  2.09309e-07
-6.04455  7.85187e-08
-6.01652  2.59848e-07
-5.99019  2.02e-07
-5.96554  2.66678e-07
-5.93978  2.65188e-07
-5.91569  1.78492e-07
-5.89232  3.01912e-07
-5.86837  3.91854e-07
-5.84668  2.28588e-07
-5.82427  1.98229e-07
-5.80186  5.21675e-07
-5.7817  3.70653e-07
-5.76009  2.95039e-07
-5.7394  4.27262e-07
-5.72039  3.81559e-07
-5.69972  5.55618e-07
-5.6813  3.47724e-07
-5.6629  3.66658e-07
-5.64297  6.44204e-07
-5.6262  5.80316e-07
-5.60794  4.71982e-07
-5.58934  3.77147e-07
-5.57321  7.67116e-07
-5.55563  6.61251e-07
-5.54074  3.70233e-07
-5.52292  7.38916e-07
-5.50676  7.29798e-07
-5.49204  7.54589e-07
-5.47496  6.70522e-07
-5.46144  5.4523e-07
-5.44466  9.05026e-07
-5.42979  8.7528e-07
-5.41804  6.14542e-07
-5.40017  7.90171e-07
-5.38697  1.07828e-06
-5.37375  8.4765e-07
-5.35892  7.56622e-07
-5.34606  9.8305e-07
-5.33138  9.23755e-07
-5.31878  1.12334e-06
-5.30675  9.3643e-07
-5.29299  7.86097e-07
-5.27984  1.30279e-06
-5.26801  1.1135e-06
-5.25644  9.26987e-07
-5.24309  1.17674e-06
-5.23043  1.20501e-06
-5.21891  1.33068e-06
-5.20841  1.10676e-06
-5.19537  1.15668e-06
-5.18384  1.19978e-06
-5.17366  1.4782e-06
-5.16157  1.35945e-06
-5.15007  1.38822e-06
-5.13688  1.63008e-06
-5.12543  1.59909e-06
-5.11705  1.04127e-06
-5.10416  1.58915e-06
-5.09421  1.28825e-06
-5.08435  1.96115e-06
-5.07316  1.65829e-06
-5.06277  1.62196e-06
-5.04924  2.26626e-06
-5.03689  2.37449e-06
-5.02419  1.34906e-06
-5.01353  2.39737e-06
-5.00143  2.65357e-06
-4.98968  1.94058e-06
-4.97918  1.93525e-06
-4.96756  2.43744e-06
-4.95647  2.83869e-06
-4.94307  2.20598e-06
-4.93295  2.83811e-06
-4.92205  2.65095e-06
-4.91054  2.27169e-06
-4.89898  3.15146e-06
-4.88901  2.40155e-06
-4.87819  2.95969e-06
-4.86616  3.25101e-06
-4.85627  3.00722e-06
-4.84609  2.72887e-06
-4.83523  2.59902e-06
-4.82491  4.55935e-06
-4.81487  1.81266e-06
-4.80455  3.87427e-06
-4.79319  4.11859e-06
-4.7813  3.83582e-06
-4.77109  2.98704e-06
-4.76153  4.64434e-06
-4.75142  2.77753e-06
-4.74008  4.89113e-06
-4.72987  3.90025e-06
-4.71825  5.0143e-06
-4.70729  4.10408e-06
-4.69699  4.62618e-06
-4.6865  3.90756e-06
-4.67607  5.69132e-06
-4.66601  4.57714e-06
-4.65437  5.84891e-06
-4.64393  4.63375e-06
-4.63255  5.62112e-06
-4.6224  5.80626e-06
-4.6117  5.90252e-06
-4.60021  5.94158e-06
-4.58937  6.50385e-06
-4.57787  6.00117e-06
-4.56888  6.06475e-06
-4.55743  6.96913e-06
-4.54637  6.65137e-06
-4.53652  6.4886e-06
-4.52539  8.21347e-06
-4.51449  6.62811e-06
-4.50366  8.06239e-06
-4.49242  8.42357e-06
-4.48061  8.53171e-06
-4.46961  8.33288e-06
-4.45863  8.93569e-06
-4.44874  7.96229e-06
-4.4373  9.23549e-06
-4.42671  9.10484e-06
-4.41613  9.71442e-06
-4.40569  8.88447e-06
-4.39465  1.03008e-05
-4.38449  9.87459e-06
-4.3741  9.91182e-06
-4.36371  1.02012e-05
-4.35307  1.05385e-05
-4.34323  1.14847e-05
-4.33246  1.04241e-05
-4.32253  1.12088e-05
-4.31139  1.36007e-05
-4.30041  1.20726e-05
-4.28945  1.34414e-05
-4.27906  1.18562e-05
-4.26873  1.43615e-05
-4.25709  1.40558e-05
-4.24643  1.4338e-05
-4.23486  1.60095e-05
-4.22488  1.2294e-05
-4.21499  1.55724e-05
-4.20392  1.53587e-05
-4.1931  1.69379e-05
-4.18237  1.63064e-05
-4.1719  1.48418e-05
-4.16183  1.81169e-05
-4.15115  1.64734e-05
-4.1404  1.89984e-05
-4.12956  1.90348e-05
-4.11863  1.91926e-05
-4.10771  1.89018e-05
-4.09751  1.97312e-05
-4.08682  2.08272e-05
-4.07601  2.02131e-05
-4.06535  2.22823e-05
-4.05406  2.29432e-05
-4.0433  2.22681e-05
-4.03298  2.17081e-05
-4.02274  2.27245e-05
-4.01197  2.46633e-05
-4.00159  2.39071e-05
-3.99172  2.18657e-05
-3.98156  2.59088e-05
-3.97121  2.55803e-05
-3.96066  2.63947e-05
-3.95025  2.71745e-05
-3.93976  2.76049e-05
-3.92853  3.19673e-05
-3.91762  2.87722e-05
-3.90714  2.86241e-05
-3.89646  3.34394e-05
-3.8855  3.0815e-05
-3.87492  3.26803e-05
-3.8641  3.30433e-05
-3.85374  3.26029e-05
-3.84365  3.30356e-05
-3.83354  3.25718e-05
-3.82337  3.59174e-05
-3.81272  3.72039e-05
-3.8019  3.78707e-05
-3.79117  3.94847e-05
-3.78031  3.98059e-05
-3.76985  3.86722e-05
-3.75924  4.21206e-05
-3.74867  4.18092e-05
-3.73797  4.24687e-05
-3.72752  4.34807e-05
-3.71703  4.44564e-05
-3.70642  4.55421e-05
-3.69586  4.71734e-05
-3.68549  4.47078e-05
-3.67511  4.9055e-05
-3.66453  5.07744e-05
-3.65391  4.88507e-05
-3.64356  5.1439e-05
-3.63303  5.24062e-05
-3.62271  5.19358e-05
-3.61216  5.72974e-05
-3.60153  5.34077e-05
-3.59134  5.7302e-05
-3.58078  5.77989e-05
-3.57073  5.55802e-05
-3.56038  6.18802e-05
-3.54975  6.28653e-05
-3.53922  6.09224e-05
-3.52902  6.30767e-05
-3.51869  6.50062e-05
-3.50806  6.81904e-05
-3.49766  6.77345e-05
-3.48717  6.87062e-05
-3.47684  6.9626e-05
-3.46674  6.93554e-05
-3.45627  7.64099e-05
-3.4457  7.33462e-05
-3.43551  7.46945e-05
-3.42526  7.67799e-05
-3.41492  7.8871e-05
-3.40452  8.05568e-05
-3.39412  8.16099e-05
-3.38395  8.10876e-05
-3.37351  8.8422e-05
-3.36306  8.44587e-05
-3.35281  8.81178e-05
-3.34254  9.08627e-05
-3.33188  9.54744e-05
-3.32135  9.20715e-05
-3.31102  9.65877e-05
-3.30058  9.71837e-05
-3.29001  0.000101461
-3.27967  9.86011e-05
-3.2695  0.000101558
-3.25921  0.000104383
-3.2486  0.000111087
-3.23818  0.000104605
-3.22793  0.0001131
-3.21746  0.000112045
-3.20719  0.000113185
-3.19683  0.000117301
-3.18646  0.0001179
-3.17607  0.000122101
-3.1657  0.000122777
-3.15547  0.000121392
-3.14525  0.000127835
-3.13495  0.000128931
-3.12477  0.000127529
-3.11464  0.00013373
-3.10438  0.000133126
-3.09421  0.000138251
-3.08393  0.000138726
-3.07371  0.000142723
-3.0634  0.000146027
-3.05312  0.000145991
-3.04283  0.000152732
-3.0324  0.000153854
-3.02213  0.000154751
-3.01186  0.000157851
-3.00171  0.000158058
-2.99148  0.000164348
-2.98121  0.000163335
-2.97101  0.000168686
-2.96082  0.000169845
-2.95073  0.000169331
-2.94047  0.00018141
-2.93008  0.000180449
-2.91983  0.000182386
-2.90966  0.000183737
-2.8994  0.000190113
-2.88907  0.000192899
-2.87889  0.000192901
-2.86872  0.000195319
-2.85839  0.000206139
-2.84803  0.000203176
-2.83771  0.000213308
-2.82743  0.000205921
-2.81733  0.000214289
-2.80707  0.000219154
-2.79683  0.000217164
-2.7867  0.000224412
-2.7765  0.000224937
-2.76626  0.00023341
-2.75601  0.000233806
-2.74582  0.000236319
-2.73561  0.000243129
-2.72535  0.0002458
-2.7151  0.000251784
-2.70492  0.000248524
-2.69471  0.000259613
-2.68443  0.000262168
-2.67414  0.000264735
-2.66389  0.000269057
-2.6537  0.000271303
-2.64343  0.000281155
-2.6332  0.000276882
-2.62313  0.000280928
-2.61295  0.000290394
-2.60266  0.00029494
-2.59246  0.000294696
-2.5823  0.000300779
-2.57209  0.00030456
-2.56191  0.000310171
-2.55171  0.000315227
-2.54144  0.000321486
-2.53117  0.000326809
-2.52081  0.000334671
-2.51062  0.000325635
-2.50052  0.000336188
-2.49032  0.00034123
-2.48003  0.000353457
-2.4698  0.000348599
-2.45954  0.000363626
-2.44925  0.000361372
-2.43913  0.000360959
-2.429  0.000372378
-2.41883  0.000373549
-2.40871  0.000377476
-2.39844  0.000393824
-2.38813  0.000393567
-2.3779  0.00039746
-2.36782  0.000394476
-2.3577  0.000410358
-2.3475  0.000411645
-2.33737  0.000414069
-2.32721  0.000424396
-2.31698  0.000431391
-2.30674  0.000436833
-2.29659  0.00043387
-2.28647  0.000447743
-2.27623  0.000456045
-2.26602  0.000457345
-2.25587  0.000462777
-2.24572  0.000465952
-2.23556  0.000475561
-2.22541  0.000477166
-2.21522  0.000492575
-2.20506  0.00048803
-2.19496  0.000498263
-2.18477  0.000508422
-2.17461  0.000508127
-2.16451  0.000514582
-2.15429  0.000531887
-2.14404  0.000529499
-2.13385  0.000539914
-2.1236  0.000552287
-2.11345  0.000541347
-2.10337  0.000557069
-2.0933  0.000554082
-2.08315  0.000577029
-2.07296  0.000570229
-2.0628  0.000590865
-2.05218  0.000635348
-2.04164  0.000600114
-2.03144  0.000608617
-2.0213  0.000610006
-2.01116  0.000619849
-2.00101  0.000622113
-1.99093  0.000626696
-1.98084  0.000638336
-1.97071  0.000647803
-1.96052  0.000662478
-1.9503  0.000665962
-1.94017  0.000667245
-1.93005  0.000677342
-1.91989  0.000686459
-1.9097  0.000694989
-1.89949  0.000705803
-1.88931  0.000708501
-1.87918  0.000717463
-1.86906  0.000724542
-1.85893  0.000730019
-1.84882  0.000738437
-1.83869  0.000747712
-1.82856  0.000750883
-1.81847  0.000762321
-1.80838  0.000767493
-1.79822  0.000791745
-1.78802  0.000795151
-1.77792  0.000787686
-1.76784  0.000805646
-1.75771  0.000813182
-1.74756  0.000823116
-1.73745  0.000827367
-1.72734  0.000841235
-1.71718  0.000857129
-1.70703  0.000861149
-1.69688  0.000871027
-1.68673  0.000875115
-1.67665  0.000874856
-1.66654  0.000901431
-1.65639  0.000902687
-1.64629  0.000914086
-1.63613  0.000928669
-1.62599  0.000930727
-1.61586  0.000944113
-1.6057  0.000948392
-1.59563  0.000949424
-1.58554  0.000975942
-1.57537  0.000986389
-1.56528  0.00098138
-1.55524  0.000992477
-1.54508  0.00102048
-1.53494  0.00100925
-1.52486  0.00102766
-1.51472  0.00104487
-1.50459  0.00104953
-1.49449  0.00106189
-1.48439  0.00106704
-1.47429  0.00107529
-1.46418  0.00108793
-1.45404  0.00110735
-1.44391  0.001111
-1.43378  0.00113137
-1.42367  0.00112966
-1.41362  0.00113565
-1.40354  0.00115265
-1.39342  0.00116336
-1.38334  0.0011682
-1.37326  0.00119331
-1.36313  0.00120472
-1.35302  0.00121131
-1.3429  0.00122996
-1.33275  0.00123032
-1.32219  0.00134982
-1.31161  0.00126545
-1.30145  0.00128122
-1.29133  0.00128271
-1.28125  0.00129071
-1.27117  0.00130706
-1.26103  0.00132123
-1.25089  0.00132312
-1.24078  0.00134876
-1.23068  0.00135278
-1.22062  0.00136746
-1.21052  0.00138846
-1.2004  0.00138965
-1.19033  0.00139388
-1.18023  0.00142373
-1.17015  0.0014236
-1.16006  0.00145641
-1.14992  0.0014699
-1.13982  0.00146173
-1.12974  0.00147802
-1.11959  0.00150224
-1.10942  0.00152622
-1.09932  0.00151995
-1.08928  0.00153631
-1.07922  0.00156022
-1.06915  0.00156208
-1.05905  0.00157952
-1.04894  0.0015837
-1.03884  0.00162002
-1.02872  0.00163693
-1.01864  0.00163929
-1.00859  0.00166085
-0.998536  0.00166105
-0.988491  0.00166814
-0.978416  0.00169217
-0.968294  0.00173273
-0.958185  0.00173714
-0.948107  0.00175766
-0.938075  0.00175746
-0.928024  0.00178254
-0.917916  0.00179047
-0.907823  0.0018155
-0.897765  0.00183051
-0.887718  0.00185238
-0.877666  0.00186636
-0.867585  0.00188584
-0.857478  0.0018872
-0.84737  0.00192872
-0.837273  0.00194165
-0.827239  0.00195149
-0.817198  0.00197962
-0.807113  0.00199691
-0.797055  0.00197387
-0.787005  0.00201653
-0.776462  0.00224478
-0.765895  0.00210126
-0.755792  0.00210527
-0.745761  0.00210954
-0.735669  0.0021467
-0.725536  0.00213634
-0.715424  0.00216812
-0.704891  0.00239971
-0.694397  0.00224031
-0.684298  0.002282
-0.674163  0.00228666
-0.664076  0.00227328
-0.653972  0.00231922
-0.643868  0.00233145
-0.633795  0.00240096
-0.623707  0.00240107
-0.613634  0.00242645
-0.603523  0.00243551
-0.593465  0.00242267
-0.583426  0.00250007
-0.573352  0.00255389
-0.563284  0.00256429
-0.553209  0.00258892
-0.543115  0.00259559
-0.533027  0.00259343
-0.522977  0.00267952
-0.512942  0.00271493
-0.502924  0.00274648
-0.492864  0.00277878
-0.482778  0.00277955
-0.472643  0.00279867
-0.462514  0.00283323
-0.452491  0.00293721
-0.442394  0.00301168
-0.432338  0.00300873
-0.422284  0.0030241
-0.41224  0.00302369
-0.402151  0.00305582
-0.391604  0.00346367
-0.381095  0.00325788
-0.371021  0.003268
-0.361004  0.00327299
-0.35094  0.00329177
-0.340797  0.00333944
-0.330754  0.00346457
-0.320732  0.00356881
-0.310675  0.00360692
-0.300122  0.00396152
-0.289527  0.00363563
-0.279415  0.00358404
-0.269322  0.00384143
-0.259279  0.00401487
-0.249261  0.00407187
-0.239209  0.00410705
-0.229141  0.00411891
-0.219042  0.00408706
-0.208885  0.00422591
-0.19888  0.00453197
-0.188892  0.00465039
-0.178824  0.00471205
-0.168744  0.00469004
-0.158702  0.00463857
-0.148499  0.00494142
-0.138552  0.00541061
-0.128578  0.00554992
-0.118535  0.00561644
-0.108481  0.00556871
-0.0984018  0.00559373
-0.0880713  0.00613515
-0.0782472  0.00715479
-0.0682553  0.007312
-0.0582078  0.00737954
-0.0481545  0.00737614
-0.0380964  0.00746342
-0.0274465  0.0103801
-0.017995  0.01342
-0.00785504  0.0150703
-0.0014585  0.00580166
0.0014585  0.00580166
0.00785504  0.0150703
0.017995  0.01342
0.0274465  0.0103801
0.0380964  0.00746342
0.0481545  0.00737614
0.0582078  0.00737954
0.0682553  0.007312
0.0782472  0.00715479
0.0880713  0.00613515
0.0984018  0.00559373
0.108481  0.00556871
0.118535  0.00561644
0.128578  0.00554992
0.138552  0.00541061
0.148499  0.00494142
0.158702  0.00463857
0.168744  0.00469004
0.178824  0.00471205
0.188892  0.00465039
0.19888  0.00453197
0.208885  0.00422591
0.219042  0.00408706
0.229141  0.00411891
0.239209  0.00410705
0.249261  0.00407187
0.259279  0.00401487
0.269322  0.00384143
0.279415  0.00358404
0.289527  0.00363563
0.300122  0.00396152
0.310675  0.00360692
0.320732  0.00356881
0.330754  0.00346457
0.340797  0.00333944
0.35094  0.00329177
0.361004  0.00327299
0.371021  0.003268
0.381095  0.00325788
0.391604  0.00346367
0.402151  0.00305582
0.41224  0.00302369
0.422284  0.0030241
0.432338  0.00300873
0.442394  0.00301168
0.452491  0.00293721
0.462514  0.00283323
0.472643  0.00279867
0.482778  0.00277955
0.492864  0.00277878
0.502924  0.00274648
0.512942  0.00271493
0.522977  0.00267952
0.533027  0.00259343
0.543115  0.00259559
0.553209  0.00258892
0.563284  0.00256429
0.573352  0.00255389
0.583426  0.00250007
0.593465  0.00242267
0.603523  0.00243551
0.613634  0.00242645
0.623707  0.00240107
0.633795  0.00240096
0.643868  0.00233145
0.653972  0.00231922
0.664076  0.00227328
0.674163  0.00228666
0.684298  0.002282
0.694397  0.00224031
0.704891  0.00239971
0.715424  0.00216812
0.725536  0.00213634
0.735669  0.0021467
0.745761  0.00210954
0.755792  0.00210527
0.765895  0.00210126
0.776462  0.00224478
0.787005  0.00201653
0.797055  0.00197387
0.807113  0.00199691
0.817198  0.00197962
0.827239  0.00195149
0.837273  0.00194165
0.84737  0.00192872
0.857478  0.0018872
0.867585  0.00188584
0.877666  0.00186636
0.887718  0.00185238
0.897765  0.00183051
0.907823  0.0018155
0.917916  0.00179047
0.928024  0.00178254
0.938075  0.00175746
0.948107  0.00175766
0.958185  0.00173714
0.968294  0.00173273
0.978416  0.00169217
0.988491  0.00166814
0.998536  0.00166105
1.00859  0.00166085
1.01864  0.00163929
1.02872  0.00163693
1.03884  0.00162002
1.04894  0.0015837
1.05905  0.00157952
1.06915  0.00156208
1.07922  0.00156022
1.08928  0.00153631
1.09932  0.00151995
1.10942  0.00152622
1.11959  0.00150224
1.12974  0.00147802
1.13982  0.00146173
1.14992  0.0014699
1.16006  0.00145641
1.17015  0.0014236
1.18023  0.00142373
1.19033  0.00139388
1.2004  0.00138965
1.21052  0.00138846
1.22062  0.00136746
1.23068  0.00135278
1.24078  0.00134876
1.25089  0.00132312
1.26103  0.00132123
1.27117  0.00130706
1.28125  0.00129071
1.29133  0.00128271
1.30145  0.00128122
1.31161  0.00126545
1.32219  0.00134982
1.33275  0.00123032
1.3429  0.00122996
1.35302  0.00121131
1.36313  0.00120472
1.37326  0.00119331
1.38334  0.0011682
1.39342  0.00116336
1.40354  0.00115265
1.41362  0.00113565
1.42367  0.00112966
1.43378  0.00113137
1.44391  0.001111
1.45404  0.00110735
1.46418  0.00108793
1.47429  0.00107529
1.48439  0.00106704
1.49449  0.00106189
1.50459  0.00104953
1.51472  0.00104487
1.52486  0.00102766
1.53494  0.00100925
1.54508  0.00102048
1.55524  0.000992477
1.56528  0.00098138
1.57537  0.000986389
1.58554  0.000975942
1.59563  0.000949424
1.6057  0.000948392
1.61586  0.000944113
1.62599  0.000930727
1.63613  0.000928669
1.64629  0.000914086
1.65639  0.000902687
1.66654  0.000901431
1.67665  0.000874856
1.68673  0.000875115
1.69688  0.000871027
1.70703  0.000861149
1.71718  0.000857129
1.72734  0.000841235
1.73745  0.000827367
1.74756  0.000823116
1.75771  0.000813182
1.76784  0.000805646
1.77792  0.000787686
1.78802  0.000795151
1.79822  0.000791745
1.80838  0.000767493
1.81847  0.000762321
1.82856  0.000750883
1.83869  0.000747712
1.84882  0.000738437
1.85893  0.000730019
1.86906  0.000724542
1.87918  0.000717463
1.88931  0.000708501
1.89949  0.000705803
1.9097  0.000694989
1.91989  0.000686459
1.93005  0.000677342
1.94017  0.000667245
1.9503  0.000665962
1.96052  0.000662478
1.97071  0.000647803
1.98084  0.000638336
1.99093  0.000626696
2.00101  0.000622113
2.01116  0.000619849
2.0213  0.000610006
2.03144  0.000608617
2.04164  0.000600114
2.05218  0.000635348
2.0628  0.000590865
2.07296  0.000570229
2.08315  0.000577029
2.0933  0.000554082
2.10337  0.000557069
2.11345  0.000541347
2.1236  0.000552287
2.13385  0.000539914
2.14404  0.000529499
2.15429  0.000531887
2.16451  0.000514582
2.17461  0.000508127
2.18477  0.000508422
2.19496  0.000498263
2.20506  0.00048803
2.21522  0.000492575
2.22541  0.000477166
2.23556  0.000475561
2.24572  0.000465952
2.25587  0.000462777
2.26602  0.000457345
2.27623  0.000456045
2.28647  0.000447743
2.29659  0.00043387
2.30674  0.000436833
2.31698  0.000431391
2.32721  0.000424396
2.33737  0.000414069
2.3475  0.000411645
2.3577  0.000410358
2.36782  0.000394476
2.3779  0.00039746
2.38813  0.000393567
2.39844  0.000393824
2.40871  0.000377476
2.41883  0.000373549
2.429  0.000372378
2.43913  0.000360959
2.44925  0.000361372
2.45954  0.000363626
2.4698  0.000348599
2.48003  0.000353457
2.49032  0.00034123
2.50052  0.000336188
2.51062  0.000325635
2.52081  0.000334671
2.53117  0.000326809
2.54144  0.000321486
2.55171  0.000315227
2.56191  0.000310171
2.57209  0.00030456
2.5823  0.000300779
2.59246  0.000294696
2.60266  0.00029494
2.61295  0.000290394
2.62313  0.000280928
2.6332  0.000276882
2.64343  0.000281155
2.6537  0.000271303
2.66389  0.000269057
2.67414  0.000264735
2.68443  0.000262168
2.69471  0.000259613
2.70492  0.000248524
2.7151  0.000251784
2.72535  0.0002458
2.73561  0.000243129
2.74582  0.000236319
2.75601  0.000233806
2.76626  0.00023341
2.7765  0.000224937
2.7867  0.000224412
2.79683  0.000217164
2.80707  0.000219154
2.81733  0.000214289
2.82743  0.000205921
2.83771  0.000213308
2.84803  0.000203176
2.85839  0.000206139
2.86872  0.000195319
2.87889  0.000192901
2.88907  0.000192899
2.8994  0.000190113
2.90966  0.000183737
2.91983  0.000182386
2.93008  0.000180449
2.94047  0.00018141
2.95073  0.000169331
2.96082  0.000169845
2.97101  0.000168686
2.98121  0.000163335
2.99148  0.000164348
3.00171  0.000158058
3.01186  0.000157851
3.02213  0.000154751
3.0324  0.000153854
3.04283  0.000152732
3.05312  0.000145991
3.0634  0.000146027
3.07371  0.000142723
3.08393  0.000138726
3.09421  0.000138251
3.10438  0.000133126
3.11464  0.00013373
3.12477  0.000127529
3.13495  0.000128931
3.14525  0.000127835
3.15547  0.000121392
3.1657  0.000122777
3.17607  0.000122101
3.18646  0.0001179
3.19683  0.000117301
3.20719  0.000113185
3.21746  0.000112045
3.22793  0.0001131
3.23818  0.000104605
3.2486  0.000111087
3.25921  0.000104383
3.2695  0.000101558
3.27967  9.86011e-05
3.29001  0.000101461
3.30058  9.71837e-05
3.31102  9.65877e-05
3.32135  9.20715e-05
3.33188  9.54744e-05
3.34254  9.08627e-05
3.35281  8.81178e-05
3.36306  8.44587e-05
3.37351  8.8422e-05
3.38395  8.10876e-05
3.39412  8.16099e-05
3.40452  8.05568e-05
3.41492  7.8871e-05
3.42526  7.67799e-05
3.43551  7.46945e-05
3.4457  7.33462e-05
3.45627  7.64099e-05
3.46674  6.93554e-05
3.47684  6.9626e-05
3.48717  6.87062e-05
3.49766  6.77345e-05
3.50806  6.81904e-05
3.51869  6.50062e-05
3.52902  6.30767e-05
3.53922  6.09224e-05
3.54975  6.28653e-05
3.56038  6.18802e-05
3.57073  5.55802e-05
3.58078  5.77989e-05
3.59134  5.7302e-05
3.60153  5.34077e-05
3.61216  5.72974e-05
3.62271  5.19358e-05
3.63303  5.24062e-05
3.64356  5.1439e-05
3.65391  4.88507e-05
3.66453  5.07744e-05
3.67511  4.9055e-05
3.68549  4.47078e-05
3.69586  4.71734e-05
3.70642  4.55421e-05
3.71703  4.44564e-05
3.72752  4.34807e-05
3.73797  4.24687e-05
3.74867  4.18092e-05
3.75924  4.21206e-05
3.76985  3.86722e-05
3.78031  3.98059e-05
3.79117  3.94847e-05
3.8019  3.78707e-05
3.81272  3.72039e-05
3.82337  3.59174e-05
3.83354  3.25718e-05
3.84365  3.30356e-05
3.85374  3.26029e-05
3.8641  3.30433e-05
3.87492  3.26803e-05
3.8855  3.0815e-05
3.89646  3.34394e-05
3.90714  2.86241e-05
3.91762  2.87722e-05
3.92853  3.19673e-05
3.93976  2.76049e-05
3.95025  2.71745e-05
3.96066  2.63947e-05
3.97121  2.55803e-05
3.98156  2.59088e-05
3.99172  2.18657e-05
4.00159  2.39071e-05
4.01197  2.46633e-05
4.02274  2.27245e-05
4.03298  2.17081e-05
4.0433  2.22681e-05
4.05406  2.29432e-05
4.06535  2.22823e-05
4.07601  2.02131e-05
4.08682  2.08272e-05
4.09751  1.97312e-05
4.10771  1.89018e-05
4.11863  1.91926e-05
4.12956  1.90348e-05
4.1404  1.89984e-05
4.15115  1.64734e-05
4.16183  1.81169e-05
4.1719  1.48418e-05
4.18237  1.63064e-05
4.1931  1.69379e-05
4.20392  1.53587e-05
4.21499  1.55724e-05
4.22488  1.2294e-05
4.23486  1.60095e-05
4.24643  1.4338e-05
4.25709  1.40558e-05
4.26873  1.43615e-05
4.27906  1.18562e-05
4.28945  1.34414e-05
4.30041  1.20726e-05
4.31139  1.36007e-05
4.32253  1.12088e-05
4.33246  1.04241e-05
4.34323  1.14847e-05
4.35307  1.05385e-05
4.36371  1.02012e-05
4.3741  9.91182e-06
4.38449  9.87459e-06
4.39465  1.03008e-05
4.40569  8.88447e-06
4.41613  9.71442e-06
4.42671  9.10484e-06
4.4373  9.23549e-06
4.44874  7.96229e-06
4.45863  8.93569e-06
4.46961  8.33288e-06
4.48061  8.53171e-06
4.49242  8.42357e-06
4.50366  8.06239e-06
4.51449  6.62811e-06
4.52539  8.21347e-06
4.53652  6.4886e-06
4.54637  6.65137e-06
4.55743  6.96913e-06
4.56888  6.06475e-06
4.57787  6.00117e-06
4.58937  6.50385e-06
4.60021  5.94158e-06
4.6117  5.90252e-06
4.6224  5.80626e-06
4.63255  5.62112e-06
4.64393  4.63375e-06
4.65437  5.84891e-06
4.66601  4.57714e-06
4.67607  5.69132e-06
4.6865  3.90756e-06
4.69699  4.62618e-06
4.70729  4.10408e-06
4.71825  5.0143e-06
4.72987  3.90025e-06
4.74008  4.89113e-06
4.75142  2.77753e-06
4.76153  4.64434e-06
4.77109  2.98704e-06
4.7813  3.83582e-06
4.79319  4.11859e-06
4.80455  3.87427e-06
4.81487  1.81266e-06
4.82491  4.55935e-06
4.83523  2.59902e-06
4.84609  2.72887e-06
4.85627  3.00722e-06
4.86616  3.25101e-06
4.87819  2.95969e-06
4.88901  2.40155e-06
4.89898  3.15146e-06
4.91054  2.27169e-06
4.92205  2.65095e-06
4.93295  2.83811e-06
4.94307  2.20598e-06
4.95647  2.83869e-06
4.96756  2.43744e-06
4.97918  1.93525e-06
4.98968  1.94058e-06
5.00143  2.65357e-06
5.01353  2.39737e-06
5.02419  1.34906e-06
5.03689  2.37449e-06
5.04924  2.26626e-06
5.06277  1.62196e-06
5.07316  1.65829e-06
5.08435  1.96115e-06
5.09421  1.28825e-06
5.10416  1.58915e-06
5.11705  1.04127e-06
5.12543  1.59909e-06
5.13688  1.63008e-06
5.15007  1.38822e-06
5.16157  1.35945e-06
5.17366  1.4782e-06
5.18384  1.19978e-06
5.19537  1.15668e-06
5.20841  1.10676e-06
5.21891  1.33068e-06
5.23043  1.20501e-06
5.24309  1.17674e-06
5.25644  9.26987e-07
5.26801  1.1135e-06
5.27984  1.30279e-06
5.29299  7.86097e-07
5.30675  9.3643e-07
5.31878  1.12334e-06
5.33138  9.23755e-07
5.34606  9.8305e-07
5.35892  7.56622e-07
5.37375  8.4765e-07
5.38697  1.07828e-06
5.40017  7.90171e-07
5.41804  6.14542e-07
5.42979  8.7528e-07
5.44466  9.05026e-07
5.46144  5.4523e-07
5.47496  6.70522e-07
5.49204  7.54589e-07
5.50676  7.29798e-07
5.52292  7.38916e-07
5.54074  3.70233e-07
5.55563  6.61251e-07
5.57321  7.67116e-07
5.58934  3.77147e-07
5.60794  4.71982e-07
5.6262  5.80316e-07
5.64297  6.44204e-07
5.6629  3.66658e-07
5.6813  3.47724e-07
5.69972  5.55618e-07
5.72039  3.81559e-07
5.7394  4.27262e-07
5.76009  2.95039e-07
5.7817  3.70653e-07
5.80186  5.21675e-07
5.82427  1.98229e-07
5.84668  2.28588e-07
5.86837  3.91854e-07
5.89232  3.01912e-07
5.91569  1.78492e-07
5.93978  2.65188e-07
5.96554  2.66678e-07
5.99019  2.02e-07
6.01652  2.59848e-07
6.04455  7.85187e-08
6.07086  2.09309e-07
6.09967  2.70119e-07
6.12774  3.00248e-08
6.15876  1.77706e-07
6.19054  1.59064e-07
6.22133  1.06083e-07
6.25495  1.2437e-07
6.28973  4.72901e-08
6.32459  1.40555e-07
6.36156  8.05582e-08
6.39819  5.37261e-08
6.43976  8.27678e-08
6.48113  3.76321e-08
6.52273  9.49124e-08
6.56993  1.82772e-08
6.61475  1.71692e-08
6.665  8.38359e-08
6.77007  2.40343e-08
6.83093  3.7026e-08
6.95619  2.83059e-08
7.02998  6.541e-09
7.18508  1.87519e-08
7.48239  6.62541e-09
7.90741  9.75368e-10
