-7.91243  9.78439e-10
-7.48725  6.64145e-09
-7.18986  1.87837e-08
-7.03436  6.56636e-09
-6.96093  2.83333e-08
-6.83535  3.71426e-08
-6.77477  2.40401e-08
-6.66944  8.40389e-08
-6.61902  1.71923e-08
-6.57415  1.83613e-08
-6.52718  9.50733e-08
-6.48486  3.77642e-08
-6.44402  8.30888e-08
-6.40266  5.37782e-08
-6.36533  8.08044e-08
-6.32888  1.40998e-07
-6.2936  4.74771e-08
-6.25877  1.24783e-07
-6.22565  1.0634e-07
-6.19429  1.59782e-07
-6.16249  1.78501e-07
-6.13208  3.00757e-08
-6.10348  2.71141e-07
-6.07431  2.10417e-07
-6.04826  7.89875e-08
-6.02021  2.6094e-07
-5.99339  2.03126e-07
-5.96932  2.68076e-07
-5.94288  2.67003e-07
-5.91896  1.79373e-07
-5.89616  3.03274e-07
-5.87116  3.94727e-07
-5.85011  2.29937e-07
-5.8277  1.99524e-07
-5.80479  5.2478e-07
-5.78495  3.73348e-07
-5.76274  2.97735e-07
-5.74248  4.29194e-07
-5.72336  3.84567e-07
-5.70239  5.59591e-07
-5.68425  3.50186e-07
-5.66571  3.69944e-07
-5.64572  6.47508e-07
-5.62888  5.85945e-07
-5.61058  4.76235e-07
-5.59195  3.78223e-07
-5.57581  7.73658e-07
-5.55807  6.66538e-07
-5.54325  3.72896e-07
-5.52546  7.44429e-07
-5.50917  7.35036e-07
-5.49458  7.60952e-07
-5.4772  6.76324e-07
-5.46385  5.482e-07
-5.44705  9.10728e-07
-5.43194  8.84127e-07
-5.42056  6.18225e-07
-5.40237  7.99654e-07
-5.38918  1.08303e-06
-5.37607  8.54195e-07
-5.36081  7.90375e-07
-5.34813  9.59577e-07
-5.33358  9.31126e-07
-5.32069  1.1818e-06
-5.30873  8.90552e-07
-5.29515  8.20178e-07
-5.28159  1.35442e-06
-5.26971  1.05044e-06
-5.25799  1.05775e-06
-5.2444  1.09279e-06
-5.23217  1.17532e-06
-5.22069  1.48924e-06
-5.20989  9.9224e-07
-5.19699  1.19086e-06
-5.18441  1.51641e-06
-5.17396  1.23735e-06
-5.1627  1.44905e-06
-5.15108  1.22394e-06
-5.13901  1.61577e-06
-5.12853  1.41917e-06
-5.12033  1.11025e-06
-5.10684  1.74278e-06
-5.09441  1.79475e-06
-5.08384  2.00279e-06
-5.07208  1.63012e-06
-5.06216  1.13214e-06
-5.05202  2.19086e-06
-5.03876  2.57943e-06
-5.02371  2.03661e-06
-5.01327  1.80281e-06
-5.00283  2.57338e-06
-4.98988  2.56917e-06
-4.97788  1.55372e-06
-4.9686  2.42908e-06
-4.95891  2.13865e-06
-4.94815  1.93761e-06
-4.93743  2.93896e-06
-4.92602  3.1269e-06
-4.91253  2.64886e-06
-4.90112  2.67838e-06
-4.89024  3.26379e-06
-4.87952  2.46929e-06
-4.86873  2.70536e-06
-4.85986  3.17688e-06
-4.84891  2.93271e-06
-4.83733  3.23535e-06
-4.82817  2.81016e-06
-4.81767  3.62245e-06
-4.80671  3.35959e-06
-4.7966  3.10506e-06
-4.78568  4.57917e-06
-4.77381  3.43507e-06
-4.76259  5.16754e-06
-4.75094  2.93881e-06
-4.74028  5.27918e-06
-4.72911  3.57384e-06
-4.71919  4.82181e-06
-4.70777  4.15575e-06
-4.69755  4.83372e-06
-4.68593  4.74058e-06
-4.67571  5.24265e-06
-4.66496  5.12493e-06
-4.6546  4.70811e-06
-4.64382  5.11384e-06
-4.6338  5.47536e-06
-4.6227  5.9584e-06
-4.61203  6.05124e-06
-4.60049  5.9836e-06
-4.58989  5.91396e-06
-4.57967  6.5144e-06
-4.56812  6.87969e-06
-4.55737  6.70028e-06
-4.54609  6.79876e-06
-4.5361  6.98792e-06
-4.52576  6.74174e-06
-4.51497  7.66879e-06
-4.50428  7.74565e-06
-4.49258  8.7605e-06
-4.48158  7.47172e-06
-4.47092  8.54177e-06
-4.46017  9.65238e-06
-4.44868  7.94209e-06
-4.43924  7.92245e-06
-4.42901  9.2362e-06
-4.41816  1.03585e-05
-4.40716  8.36529e-06
-4.39691  1.07088e-05
-4.38593  9.85394e-06
-4.37631  9.63507e-06
-4.36549  1.06018e-05
-4.35451  1.20659e-05
-4.343  1.22404e-05
-4.33244  1.06379e-05
-4.32155  1.22236e-05
-4.31101  1.26868e-05
-4.30021  1.14635e-05
-4.29069  1.21409e-05
-4.27996  1.38716e-05
-4.26921  1.23125e-05
-4.25861  1.46308e-05
-4.2483  1.25541e-05
-4.23806  1.53206e-05
-4.22662  1.59216e-05
-4.216  1.4211e-05
-4.20566  1.50915e-05
-4.19561  1.53018e-05
-4.1854  1.61531e-05
-4.17463  1.63215e-05
-4.16401  1.8188e-05
-4.15282  1.76637e-05
-4.14206  1.86595e-05
-4.13154  1.87078e-05
-4.12028  1.95208e-05
-4.10934  2.04311e-05
-4.09851  2.00665e-05
-4.08785  1.96977e-05
-4.0777  2.00934e-05
-4.06691  2.2813e-05
-4.05587  2.14255e-05
-4.04581  2.12685e-05
-4.03554  2.23095e-05
-4.02496  2.3343e-05
-4.01461  2.35521e-05
-4.00401  2.51719e-05
-3.9929  2.61507e-05
-3.98235  2.47009e-05
-3.97197  2.6409e-05
-3.96133  2.70925e-05
-3.95064  2.79732e-05
-3.93967  2.87939e-05
-3.92915  2.92435e-05
-3.91821  2.98854e-05
-3.90759  3.07196e-05
-3.89699  3.03526e-05
-3.88637  3.16633e-05
-3.8757  3.25763e-05
-3.86515  3.32855e-05
-3.85454  3.42608e-05
-3.84384  3.43815e-05
-3.83294  3.76032e-05
-3.82227  3.49135e-05
-3.81169  3.75022e-05
-3.80121  3.67265e-05
-3.79099  3.72549e-05
-3.7808  3.83633e-05
-3.77007  4.07898e-05
-3.75985  3.99847e-05
-3.74903  4.38687e-05
-3.7382  4.34603e-05
-3.72762  4.36766e-05
-3.71705  4.49959e-05
-3.70629  4.81543e-05
-3.69562  4.47324e-05
-3.68543  4.63012e-05
-3.67516  4.89777e-05
-3.66471  4.77768e-05
-3.6542  5.2695e-05
-3.64345  5.16549e-05
-3.63317  5.08532e-05
-3.62269  5.58589e-05
-3.61205  5.35899e-05
-3.60174  5.62241e-05
-3.5913  5.67655e-05
-3.58096  5.75308e-05
-3.57043  6.07779e-05
-3.56015  5.80324e-05
-3.54988  6.13168e-05
-3.5394  6.42871e-05
-3.52902  6.23747e-05
-3.51862  6.66807e-05
-3.50845  6.3647e-05
-3.49812  6.88234e-05
-3.48753  7.1163e-05
-3.47711  6.96831e-05
-3.46666  7.45384e-05
-3.45607  7.31421e-05
-3.44561  7.67075e-05
-3.43511  7.66e-05
-3.42473  7.79176e-05
-3.41444  7.77096e-05
-3.40422  7.99551e-05
-3.39393  8.18385e-05
-3.38351  8.56304e-05
-3.37298  8.62863e-05
-3.36238  9.02932e-05
-3.35197  8.83913e-05
-3.34158  9.11674e-05
-3.33126  9.0884e-05
-3.32108  9.22561e-05
-3.31081  9.62525e-05
-3.30037  9.78724e-05
-3.29006  9.80583e-05
-3.27972  0.000103354
-3.26932  0.000101375
-3.25909  0.000104541
-3.2487  0.000107368
-3.23835  0.000109331
-3.228  0.000110234
-3.21785  0.000109834
-3.2075  0.000117485
-3.19701  0.000117175
-3.18667  0.000119166
-3.17642  0.000118421
-3.16616  0.000123924
-3.15583  0.000124196
-3.14562  0.000126862
-3.13529  0.000130928
-3.12493  0.000131514
-3.1146  0.000135518
-3.10405  0.000141815
-3.09353  0.000138307
-3.08331  0.000140065
-3.07302  0.000145484
-3.06262  0.000146186
-3.05241  0.000146826
-3.04198  0.000156186
-3.03157  0.000152965
-3.02134  0.000155386
-3.01124  0.000155506
-3.00109  0.000160626
-2.99086  0.000163158
-2.98068  0.000164611
-2.97043  0.000171263
-2.96011  0.000171837
-2.94972  0.000179649
-2.93933  0.000179226
-2.92899  0.000183042
-2.91871  0.000182198
-2.9085  0.000186933
-2.89827  0.000189174
-2.88793  0.00019695
-2.87763  0.00019398
-2.86736  0.000201513
-2.85714  0.000198346
-2.84704  0.000203486
-2.83676  0.00021146
-2.82644  0.000214648
-2.81609  0.000217221
-2.80592  0.000213815
-2.7958  0.000222173
-2.78561  0.00022288
-2.77538  0.000229958
-2.76516  0.000231319
-2.75498  0.00023421
-2.74477  0.0002402
-2.73453  0.000243839
-2.72437  0.000242973
-2.71419  0.00025248
-2.70357  0.000272977
-2.69295  0.000259731
-2.68263  0.000264814
-2.6725  0.000258881
-2.66232  0.000274861
-2.65208  0.00027023
-2.64197  0.00027788
-2.63175  0.000282181
-2.62159  0.000283686
-2.61141  0.000290873
-2.60126  0.000290863
-2.59106  0.00030137
-2.58081  0.000301624
-2.57061  0.000308224
-2.56029  0.000317777
-2.55004  0.000313489
-2.53981  0.000325734
-2.52949  0.000329047
-2.51919  0.000332394
-2.50906  0.000326151
-2.49896  0.000339799
-2.48879  0.000340821
-2.47867  0.000345969
-2.46843  0.000359353
-2.45816  0.000357452
-2.44797  0.000363392
-2.43786  0.000362956
-2.42771  0.000374887
-2.41758  0.000371816
-2.40746  0.000380659
-2.39733  0.000385426
-2.3871  0.000399031
-2.3769  0.000394849
-2.3668  0.00040115
-2.35666  0.000408706
-2.3465  0.000413802
-2.33628  0.000422024
-2.32607  0.000424538
-2.31593  0.000428284
-2.30578  0.000434443
-2.29561  0.000442174
-2.28544  0.00044723
-2.27531  0.000451401
-2.26509  0.000466094
-2.25485  0.000465234
-2.24474  0.000463879
-2.2346  0.000479584
-2.22441  0.000480049
-2.21422  0.000494071
-2.20405  0.000491169
-2.19393  0.000500431
-2.1838  0.000504951
-2.1736  0.000519622
-2.1634  0.000516048
-2.15331  0.00052181
-2.14319  0.000529192
-2.13306  0.000538095
-2.1229  0.000547638
-2.11272  0.000552818
-2.10253  0.000561842
-2.09236  0.000564162
-2.08225  0.000564787
-2.07217  0.00057622
-2.062  0.000588639
-2.05186  0.000586666
-2.0418  0.000594256
-2.03168  0.000608272
-2.02155  0.00061056
-2.01138  0.000626788
-2.00119  0.000621139
-1.991  0.000643261
-1.98082  0.000636353
-1.97064  0.000660782
-1.96051  0.000644385
-1.95046  0.000663274
-1.94031  0.00067565
-1.93013  0.000680339
-1.91999  0.000681176
-1.90992  0.000686424
-1.89979  0.000705586
-1.88961  0.000712634
-1.87941  0.000725641
-1.86924  0.000724719
-1.85914  0.000728696
-1.84903  0.000742763
-1.83888  0.000747831
-1.82876  0.000752734
-1.81866  0.000763582
-1.80855  0.000773
-1.79845  0.000779695
-1.78836  0.000790179
-1.77821  0.000803974
-1.76808  0.000800017
-1.75798  0.00081613
-1.74781  0.000827043
-1.73769  0.000827938
-1.72759  0.000841554
-1.71744  0.000857332
-1.70729  0.000861509
-1.69711  0.000878116
-1.68694  0.000874534
-1.67683  0.000882828
-1.66665  0.000908423
-1.65651  0.000897015
-1.64642  0.00091956
-1.63625  0.000928014
-1.62612  0.000932583
-1.61601  0.000940356
-1.6059  0.000945523
-1.5958  0.0009585
-1.58571  0.000971583
-1.5756  0.00098258
-1.56546  0.000995412
-1.55535  0.000994102
-1.5452  0.00101939
-1.53502  0.00101898
-1.52494  0.00102124
-1.51487  0.00103977
-1.50471  0.00106447
-1.49412  0.00115183
-1.48361  0.00106548
-1.47354  0.00107594
-1.46341  0.00109468
-1.45333  0.00109294
-1.44324  0.00112057
-1.43311  0.00112568
-1.42304  0.00113225
-1.41295  0.00114582
-1.40282  0.00115469
-1.39271  0.00116275
-1.38265  0.0011705
-1.37254  0.00120215
-1.36241  0.00120108
-1.35187  0.00132229
-1.34131  0.0012277
-1.33121  0.00122331
-1.32115  0.00124159
-1.31108  0.00125521
-1.30098  0.00128117
-1.29089  0.00127912
-1.28078  0.00130212
-1.27067  0.00130564
-1.2606  0.00130401
-1.25052  0.00133136
-1.2404  0.00134626
-1.23034  0.00134975
-1.22029  0.00137346
-1.21017  0.00138576
-1.20008  0.00138709
-1.18996  0.00141044
-1.17982  0.00141662
-1.16976  0.00142353
-1.15966  0.00146047
-1.14958  0.00145649
-1.1395  0.00147563
-1.12937  0.00148869
-1.11922  0.00150068
-1.10911  0.00150568
-1.09901  0.00153525
-1.08894  0.00153358
-1.07889  0.00156621
-1.06878  0.00157253
-1.05871  0.00156874
-1.04864  0.00159343
-1.03854  0.00161828
-1.02843  0.00163777
-1.01835  0.00163927
-1.00832  0.0016517
-0.998288  0.00165572
-0.98823  0.00167039
-0.978137  0.00170174
-0.968067  0.00171667
-0.957929  0.00176789
-0.947781  0.00175395
-0.937746  0.0017587
-0.927674  0.00178256
-0.917555  0.00178653
-0.907454  0.00181385
-0.897387  0.00183238
-0.887342  0.00185355
-0.877282  0.00187954
-0.867165  0.00189922
-0.85706  0.00188872
-0.847011  0.00189415
-0.836937  0.00193652
-0.826809  0.00198309
-0.816691  0.00198844
-0.806643  0.00199842
-0.796588  0.0020107
-0.786484  0.00203598
-0.776365  0.00203201
-0.766284  0.00206366
-0.75623  0.00210264
-0.746119  0.00215055
-0.736025  0.00213478
-0.725957  0.00216384
-0.71583  0.00217987
-0.70566  0.00218346
-0.695077  0.00243003
-0.684556  0.00225764
-0.674482  0.00229561
-0.664413  0.00229643
-0.654347  0.00232413
-0.644211  0.00232959
-0.634065  0.00237341
-0.623492  0.00263121
-0.612972  0.00242725
-0.60293  0.0024496
-0.592868  0.00246361
-0.582749  0.00247959
-0.57265  0.00251277
-0.562616  0.00256586
-0.552594  0.00258372
-0.542548  0.00263484
-0.532446  0.00263155
-0.522376  0.00262229
-0.511857  0.00294446
-0.501359  0.00275518
-0.491285  0.00281164
-0.481212  0.00281141
-0.471106  0.00283343
-0.461027  0.00281433
-0.451001  0.00289151
-0.440969  0.0029925
-0.430427  0.00330171
-0.419858  0.00305803
-0.409769  0.00303291
-0.399686  0.00304992
-0.389609  0.00318173
-0.379549  0.00324963
-0.369504  0.00327807
-0.359442  0.00331553
-0.349385  0.00327653
-0.339287  0.00333996
-0.329232  0.00345786
-0.319225  0.00356159
-0.309194  0.00361792
-0.299141  0.00361074
-0.289103  0.00361217
-0.279027  0.00363869
-0.268962  0.00387843
-0.258455  0.00436368
-0.247906  0.00405107
-0.237832  0.0040432
-0.227739  0.00402849
-0.21761  0.00409842
-0.207563  0.00442964
-0.197559  0.00456313
-0.187498  0.00462283
-0.17744  0.0046006
-0.166932  0.00500319
-0.156266  0.0047784
-0.145829  0.00574842
-0.135375  0.00545644
-0.125303  0.00547727
-0.114785  0.00594269
-0.104266  0.00543289
-0.0939716  0.00609689
-0.0836541  0.00753628
-0.0731403  0.00707388
-0.0630441  0.00705878
-0.0529983  0.0070226
-0.0429441  0.00711193
-0.0322411  0.00933564
-0.0228262  0.0128327
-0.0127676  0.0136629
-0.0037105  0.013166
0.0037105  0.013166
0.0127676  0.0136629
0.0228262  0.0128327
0.0322411  0.00933564
0.0429441  0.00711193
0.0529983  0.0070226
0.0630441  0.00705878
0.0731403  0.00707388
0.0836541  0.00753628
0.0939716  0.00609689
0.104266  0.00543289
0.114785  0.00594269
0.125303  0.00547727
0.135375  0.00545644
0.145829  0.00574842
0.156266  0.0047784
0.166932  0.00500319
0.17744  0.0046006
0.187498  0.00462283
0.197559  0.00456313
0.207563  0.00442964
0.21761  0.00409842
0.227739  0.00402849
0.237832  0.0040432
0.247906  0.00405107
0.258455  0.00436368
0.268962  0.00387843
0.279027  0.00363869
0.289103  0.00361217
0.299141  0.00361074
0.309194  0.00361792
0.319225  0.00356159
0.329232  0.00345786
0.339287  0.00333996
0.349385  0.00327653
0.359442  0.00331553
0.369504  0.00327807
0.379549  0.00324963
0.389609  0.00318173
0.399686  0.00304992
0.409769  0.00303291
0.419858  0.00305803
0.430427  0.00330171
0.440969  0.0029925
0.451001  0.00289151
0.461027  0.00281433
0.471106  0.00283343
0.481212  0.00281141
0.491285  0.00281164
0.501359  0.00275518
0.511857  0.00294446
0.522376  0.00262229
0.532446  0.00263155
0.542548  0.00263484
0.552594  0.00258372
0.562616  0.00256586
0.57265  0.00251277
0.582749  0.00247959
0.592868  0.00246361
0.60293  0.0024496
0.612972  0.00242725
0.623492  0.00263121
0.634065  0.00237341
0.644211  0.00232959
0.654347  0.00232413
0.664413  0.00229643
0.674482  0.00229561
0.684556  0.00225764
0.695077  0.00243003
0.70566  0.00218346
0.71583  0.00217987
0.725957  0.00216384
0.736025  0.00213478
0.746119  0.00215055
0.75623  0.00210264
0.766284  0.00206366
0.776365  0.00203201
0.786484  0.00203598
0.796588  0.0020107
0.806643  0.00199842
0.816691  0.00198844
0.826809  0.00198309
0.836937  0.00193652
0.847011  0.00189415
0.85706  0.00188872
0.867165  0.00189922
0.877282  0.00187954
0.887342  0.00185355
0.897387  0.00183238
0.907454  0.00181385
0.917555  0.00178653
0.927674  0.00178256
0.937746  0.0017587
0.947781  0.00175395
0.957929  0.00176789
0.968067  0.00171667
0.978137  0.00170174
0.98823  0.00167039
0.998288  0.00165572
1.00832  0.0016517
1.01835  0.00163927
1.02843  0.00163777
1.03854  0.00161828
1.04864  0.00159343
1.05871  0.00156874
1.06878  0.00157253
1.07889  0.00156621
1.08894  0.00153358
1.09901  0.00153525
1.10911  0.00150568
1.11922  0.00150068
1.12937  0.00148869
1.1395  0.00147563
1.14958  0.00145649
1.15966  0.00146047
1.16976  0.00142353
1.17982  0.00141662
1.18996  0.00141044
1.20008  0.00138709
1.21017  0.00138576
1.22029  0.00137346
1.23034  0.00134975
1.2404  0.00134626
1.25052  0.00133136
1.2606  0.00130401
1.27067  0.00130564
1.28078  0.00130212
1.29089  0.00127912
1.30098  0.00128117
1.31108  0.00125521
1.32115  0.00124159
1.33121  0.00122331
1.34131  0.0012277
1.35187  0.00132229
1.36241  0.00120108
1.37254  0.00120215
1.38265  0.0011705
1.39271  0.00116275
1.40282  0.00115469
1.41295  0.00114582
1.42304  0.00113225
1.43311  0.00112568
1.44324  0.00112057
1.45333  0.00109294
1.46341  0.00109468
1.47354  0.00107594
1.48361  0.00106548
1.49412  0.00115183
1.50471  0.00106447
1.51487  0.00103977
1.52494  0.00102124
1.53502  0.00101898
1.5452  0.00101939
1.55535  0.000994102
1.56546  0.000995412
1.5756  0.00098258
1.58571  0.000971583
1.5958  0.0009585
1.6059  0.000945523
1.61601  0.000940356
1.62612  0.000932583
1.63625  0.000928014
1.64642  0.00091956
1.65651  0.000897015
1.66665  0.000908423
1.67683  0.000882828
1.68694  0.000874534
1.69711  0.000878116
1.70729  0.000861509
1.71744  0.000857332
1.72759  0.000841554
1.73769  0.000827938
1.74781  0.000827043
1.75798  0.00081613
1.76808  0.000800017
1.77821  0.000803974
1.78836  0.000790179
1.79845  0.000779695
1.80855  0.000773
1.81866  0.000763582
1.82876  0.000752734
1.83888  0.000747831
1.84903  0.000742763
1.85914  0.000728696
1.86924  0.000724719
1.87941  0.000725641
1.88961  0.000712634
1.89979  0.000705586
1.90992  0.000686424
1.91999  0.000681176
1.93013  0.000680339
1.94031  0.00067565
1.95046  0.000663274
1.96051  0.000644385
1.97064  0.000660782
1.98082  0.000636353
1.991  0.000643261
2.00119  0.000621139
2.01138  0.000626788
2.02155  0.00061056
2.03168  0.000608272
2.0418  0.000594256
2.05186  0.000586666
2.062  0.000588639
2.07217  0.00057622
2.08225  0.000564787
2.09236  0.000564162
2.10253  0.000561842
2.11272  0.000552818
2.1229  0.000547638
2.13306  0.000538095
2.14319  0.000529192
2.15331  0.00052181
2.1634  0.000516048
2.1736  0.000519622
2.1838  0.000504951
2.19393  0.000500431
2.20405  0.000491169
2.21422  0.000494071
2.22441  0.000480049
2.2346  0.000479584
2.24474  0.000463879
2.25485  0.000465234
2.26509  0.000466094
2.27531  0.000451401
2.28544  0.00044723
2.29561  0.000442174
2.30578  0.000434443
2.31593  0.000428284
2.32607  0.000424538
2.33628  0.000422024
2.3465  0.000413802
2.35666  0.000408706
2.3668  0.00040115
2.3769  0.000394849
2.3871  0.000399031
2.39733  0.000385426
2.40746  0.000380659
2.41758  0.000371816
2.42771  0.000374887
2.43786  0.000362956
2.44797  0.000363392
2.45816  0.000357452
2.46843  0.000359353
2.47867  0.000345969
2.48879  0.000340821
2.49896  0.000339799
2.50906  0.000326151
2.51919  0.000332394
2.52949  0.000329047
2.53981  0.000325734
2.55004  0.000313489
2.56029  0.000317777
2.57061  0.000308224
2.58081  0.000301624
2.59106  0.00030137
2.60126  0.000290863
2.61141  0.000290873
2.62159  0.000283686
2.63175  0.000282181
2.64197  0.00027788
2.65208  0.00027023
2.66232  0.000274861
2.6725  0.000258881
2.68263  0.000264814
2.69295  0.000259731
2.70357  0.000272977
2.71419  0.00025248
2.72437  0.000242973
2.73453  0.000243839
2.74477  0.0002402
2.75498  0.00023421
2.76516  0.000231319
2.77538  0.000229958
2.78561  0.00022288
2.7958  0.000222173
2.80592  0.000213815
2.81609  0.000217221
2.82644  0.000214648
2.83676  0.00021146
2.84704  0.000203486
2.85714  0.000198346
2.86736  0.000201513
2.87763  0.00019398
2.88793  0.00019695
2.89827  0.000189174
2.9085  0.000186933
2.91871  0.000182198
2.92899  0.000183042
2.93933  0.000179226
2.94972  0.000179649
2.96011  0.000171837
2.97043  0.000171263
2.98068  0.000164611
2.99086  0.000163158
3.00109  0.000160626
3.01124  0.000155506
3.02134  0.000155386
3.03157  0.000152965
3.04198  0.000156186
3.05241  0.000146826
3.06262  0.000146186
3.07302  0.000145484
3.08331  0.000140065
3.09353  0.000138307
3.10405  0.000141815
3.1146  0.000135518
3.12493  0.000131514
3.13529  0.000130928
3.14562  0.000126862
3.15583  0.000124196
3.16616  0.000123924
3.17642  0.000118421
3.18667  0.000119166
3.19701  0.000117175
3.2075  0.000117485
3.21785  0.000109834
3.228  0.000110234
3.23835  0.000109331
3.2487  0.000107368
3.25909  0.000104541
3.26932  0.000101375
3.27972  0.000103354
3.29006  9.80583e-05
3.30037  9.78724e-05
3.31081  9.62525e-05
3.32108  9.22561e-05
3.33126  9.0884e-05
3.34158  9.11674e-05
3.35197  8.83913e-05
3.36238  9.02932e-05
3.37298  8.62863e-05
3.38351  8.56304e-05
3.39393  8.18385e-05
3.40422  7.99551e-05
3.41444  7.77096e-05
3.42473  7.79176e-05
3.43511  7.66e-05
3.44561  7.67075e-05
3.45607  7.31421e-05
3.46666  7.45384e-05
3.47711  6.96831e-05
3.48753  7.1163e-05
3.49812  6.88234e-05
3.50845  6.3647e-05
3.51862  6.66807e-05
3.52902  6.23747e-05
3.5394  6.42871e-05
3.54988  6.13168e-05
3.56015  5.80324e-05
3.57043  6.07779e-05
3.58096  5.75308e-05
3.5913  5.67655e-05
3.60174  5.62241e-05
3.61205  5.35899e-05
3.62269  5.58589e-05
3.63317  5.08532e-05
3.64345  5.16549e-05
3.6542  5.2695e-05
3.66471  4.77768e-05
3.67516  4.89777e-05
3.68543  4.63012e-05
3.69562  4.47324e-05
3.70629  4.81543e-05
3.71705  4.49959e-05
3.72762  4.36766e-05
3.7382  4.34603e-05
3.74903  4.38687e-05
3.75985  3.99847e-05
3.77007  4.07898e-05
3.7808  3.83633e-05
3.79099  3.72549e-05
3.80121  3.67265e-05
3.81169  3.75022e-05
3.82227  3.49135e-05
3.83294  3.76032e-05
3.84384  3.43815e-05
3.85454  3.42608e-05
3.86515  3.32855e-05
3.8757  3.25763e-05
3.88637  3.16633e-05
3.89699  3.03526e-05
3.90759  3.07196e-05
3.91821  2.98854e-05
3.92915  2.92435e-05
3.93967  2.87939e-05
3.95064  2.79732e-05
3.96133  2.70925e-05
3.97197  2.6409e-05
3.98235  2.47009e-05
3.9929  2.61507e-05
4.00401  2.51719e-05
4.01461  2.35521e-05
4.02496  2.3343e-05
4.03554  2.23095e-05
4.04581  2.12685e-05
4.05587  2.14255e-05
4.06691  2.2813e-05
4.0777  2.00934e-05
4.08785  1.96977e-05
4.09851  2.00665e-05
4.10934  2.04311e-05
4.12028  1.95208e-05
4.13154  1.87078e-05
4.14206  1.86595e-05
4.15282  1.76637e-05
4.16401  1.8188e-05
4.17463  1.63215e-05
4.1854  1.61531e-05
4.19561  1.53018e-05
4.20566  1.50915e-05
4.216  1.4211e-05
4.22662  1.59216e-05
4.23806  1.53206e-05
4.2483  1.25541e-05
4.25861  1.46308e-05
4.26921  1.23125e-05
4.27996  1.38716e-05
4.29069  1.21409e-05
4.30021  1.14635e-05
4.31101  1.26868e-05
4.32155  1.22236e-05
4.33244  1.06379e-05
4.343  1.22404e-05
4.35451  1.20659e-05
4.36549  1.06018e-05
4.37631  9.63507e-06
4.38593  9.85394e-06
4.39691  1.07088e-05
4.40716  8.36529e-06
4.41816  1.03585e-05
4.42901  9.2362e-06
4.43924  7.92245e-06
4.44868  7.94209e-06
4.46017  9.65238e-06
4.47092  8.54177e-06
4.48158  7.47172e-06
4.49258  8.7605e-06
4.50428  7.74565e-06
4.51497  7.66879e-06
4.52576  6.74174e-06
4.5361  6.98792e-06
4.54609  6.79876e-06
4.55737  6.70028e-06
4.56812  6.87969e-06
4.57967  6.5144e-06
4.58989  5.91396e-06
4.60049  5.9836e-06
4.61203  6.05124e-06
4.6227  5.9584e-06
4.6338  5.47536e-06
4.64382  5.11384e-06
4.6546  4.70811e-06
4.66496  5.12493e-06
4.67571  5.24265e-06
4.68593  4.74058e-06
4.69755  4.83372e-06
4.70777  4.15575e-06
4.71919  4.82181e-06
4.72911  3.57384e-06
4.74028  5.27918e-06
4.75094  2.93881e-06
4.76259  5.16754e-06
4.77381  3.43507e-06
4.78568  4.57917e-06
4.7966  3.10506e-06
4.80671  3.35959e-06
4.81767  3.62245e-06
4.82817  2.81016e-06
4.83733  3.23535e-06
4.84891  2.93271e-06
4.85986  3.17688e-06
4.86873  2.70536e-06
4.87952  2.46929e-06
4.89024  3.26379e-06
4.90112  2.67838e-06
4.91253  2.64886e-06
4.92602  3.1269e-06
4.93743  2.93896e-06
4.94815  1.93761e-06
4.95891  2.13865e-06
4.9686  2.42908e-06
4.97788  1.55372e-06
4.98988  2.56917e-06
5.00283  2.57338e-06
5.01327  1.80281e-06
5.02371  2.03661e-06
5.03876  2.57943e-06
5.05202  2.19086e-06
5.06216  1.13214e-06
5.07208  1.63012e-06
5.08384  2.00279e-06
5.09441  1.79475e-06
5.10684  1.74278e-06
5.12033  1.11025e-06
5.12853  1.41917e-06
5.13901  1.61577e-06
5.15108  1.22394e-06
5.1627  1.44905e-06
5.17396  1.23735e-06
5.18441  1.51641e-06
5.19699  1.19086e-06
5.20989  9.9224e-07
5.22069  1.48924e-06
5.23217  1.17532e-06
5.2444  1.09279e-06
5.25799  1.05775e-06
5.26971  1.05044e-06
5.28159  1.35442e-06
5.29515  8.20178e-07
5.30873  8.90552e-07
5.32069  1.1818e-06
5.33358  9.31126e-07
5.34813  9.59577e-07
5.36081  7.90375e-07
5.37607  8.54195e-07
5.38918  1.08303e-06
5.40237  7.99654e-07
5.42056  6.18225e-07
5.43194  8.84127e-07
5.44705  9.10728e-07
5.46385  5.482e-07
5.4772  6.76324e-07
5.49458  7.60952e-07
5.50917  7.35036e-07
5.52546  7.44429e-07
5.54325  3.72896e-07
5.55807  6.66538e-07
5.57581  7.73658e-07
5.59195  3.78223e-07
5.61058  4.76235e-07
5.62888  5.85945e-07
5.64572  6.47508e-07
5.66571  3.69944e-07
5.68425  3.50186e-07
5.70239  5.59591e-07
5.72336  3.84567e-07
5.74248  4.29194e-07
5.76274  2.97735e-07
5.78495  3.73348e-07
5.80479  5.2478e-07
5.8277  1.99524e-07
5.85011  2.29937e-07
5.87116  3.94727e-07
5.89616  3.03274e-07
5.91896  1.79373e-07
5.94288  2.67003e-07
5.96932  2.68076e-07
5.99339  2.03126e-07
6.02021  2.6094e-07
6.04826  7.89875e-08
6.07431  2.10417e-07
6.10348  2.71141e-07
6.13208  3.00757e-08
6.16249  1.78501e-07
6.19429  1.59782e-07
6.22565  1.0634e-07
6.25877  1.24783e-07
6.2936  4.74771e-08
6.32888  1.40998e-07
6.36533  8.08044e-08
6.40266  5.37782e-08
6.44402  8.30888e-08
6.48486  3.77642e-08
6.52718  9.50733e-08
6.57415  1.83613e-08
6.61902  1.71923e-08
6.66944  8.40389e-08
6.77477  2.40401e-08
6.83535  3.71426e-08
6.96093  2.83333e-08
7.03436  6.56636e-09
7.18986  1.87837e-08
7.48725  6.64145e-09
7.91243  9.78439e-10
