-7.93582  1.12634e-09
-7.50906  7.53893e-09
-7.2109  2.10251e-08
-7.05621  7.41238e-09
-6.98152  3.12726e-08
-6.85664  4.13443e-08
-6.79506  2.61646e-08
-6.69036  9.2243e-08
-6.63834  1.89377e-08
-6.59559  2.03251e-08
-6.54782  1.02901e-07
-6.50304  4.26795e-08
-6.46513  9.06946e-08
-6.42309  5.73957e-08
-6.38349  9.03791e-08
-6.34975  1.51761e-07
-6.31273  5.26344e-08
-6.27777  1.30546e-07
-6.26718  6.91755e-09
-6.24632  1.12864e-07
-6.21303  1.77724e-07
-6.18295  1.55712e-07
-6.17156  3.85843e-08
-6.15258  3.14764e-08
-6.12223  2.97389e-07
-6.09534  1.43029e-07
-6.08429  8.60852e-08
-6.06744  8.73703e-08
-6.03937  2.45619e-07
-6.03149  3.79366e-08
-6.01286  1.2833e-07
-6.00404  9.60321e-08
-5.98847  2.92397e-07
-5.96378  1.16234e-07
-5.9552  1.6928e-07
-5.93717  1.52173e-07
-5.92974  5.35641e-08
-5.91528  3.26183e-07
-5.88655  3.99293e-07
-5.86775  2.89462e-07
-5.84484  2.15238e-07
-5.82188  4.97149e-07
-5.80208  4.90563e-07
-5.77779  2.90472e-07
-5.76158  4.13897e-07
-5.73934  5.14753e-07
-5.71959  4.51525e-07
-5.70287  4.93124e-07
-5.68333  2.37006e-07
-5.67785  2.24105e-07
-5.66551  4.29755e-07
-5.65075  3.30138e-07
-5.64277  5.45755e-07
-5.62756  4.11625e-07
-5.61542  3.32253e-07
-5.59768  3.23078e-07
-5.59043  6.08816e-07
-5.57769  4.90724e-07
-5.56609  4.04727e-07
-5.55524  3.98426e-07
-5.54206  5.5936e-07
-5.52818  6.42362e-07
-5.51293  1.02116e-06
-5.49969  4.06905e-07
-5.48629  5.94623e-07
-5.47395  6.82464e-07
-5.45824  9.20325e-07
-5.44448  7.97634e-07
-5.4326  8.28527e-07
-5.41894  2.94152e-07
-5.40816  1.1571e-06
-5.39546  8.61969e-07
-5.3856  6.89814e-07
-5.37077  8.8381e-07
-5.35989  8.88704e-07
-5.3458  1.16645e-06
-5.33404  7.9683e-07
-5.32149  1.42708e-06
-5.30705  9.2129e-07
-5.29489  8.89184e-07
-5.28319  1.63782e-06
-5.27081  8.49584e-07
-5.26082  7.12307e-07
-5.25056  1.43283e-06
-5.23983  9.14788e-07
-5.23026  1.27812e-06
-5.21916  1.48812e-06
-5.20579  1.07816e-06
-5.19589  1.31938e-06
-5.18443  1.64019e-06
-5.17303  1.46172e-06
-5.16241  1.35279e-06
-5.14924  1.68622e-06
-5.13847  1.906e-06
-5.127  1.35724e-06
-5.11476  1.78746e-06
-5.10306  1.91465e-06
-5.0921  2.04808e-06
-5.0804  1.92467e-06
-5.06869  1.91825e-06
-5.05648  2.3095e-06
-5.04498  2.2755e-06
-5.03426  1.16378e-06
-5.02469  2.60189e-06
-5.01167  3.03715e-06
-4.999  2.35838e-06
-4.9871  2.29312e-06
-4.97732  2.1169e-06
-4.96631  3.16103e-06
-4.9545  2.19143e-06
-4.94234  3.71837e-06
-4.93168  2.55193e-06
-4.91941  2.76562e-06
-4.90806  3.24874e-06
-4.89597  3.79035e-06
-4.88485  2.43813e-06
-4.87426  3.54165e-06
-4.86398  3.46588e-06
-4.85305  2.97838e-06
-4.84142  4.12695e-06
-4.83042  3.51778e-06
-4.81869  4.42383e-06
-4.80671  3.60943e-06
-4.79575  4.43831e-06
-4.78519  3.83309e-06
-4.77383  4.5518e-06
-4.76386  4.07181e-06
-4.75124  5.30203e-06
-4.74042  3.96889e-06
-4.72935  5.90548e-06
-4.71799  3.82592e-06
-4.70717  5.9788e-06
-4.69654  4.08742e-06
-4.68554  6.1672e-06
-4.67534  4.78328e-06
-4.66521  5.87331e-06
-4.65261  6.29911e-06
-4.64204  5.54243e-06
-4.63139  6.13999e-06
-4.62074  6.86426e-06
-4.60881  6.41584e-06
-4.59786  6.50484e-06
-4.58812  6.64905e-06
-4.57642  7.22803e-06
-4.56616  7.05757e-06
-4.55607  5.71955e-06
-4.5461  8.45571e-06
-4.53523  7.39632e-06
-4.52357  8.79282e-06
-4.51336  7.40897e-06
-4.50213  8.91061e-06
-4.49154  8.42061e-06
-4.4803  9.09469e-06
-4.46947  9.88025e-06
-4.45939  7.09643e-06
-4.44945  1.03715e-05
-4.43758  1.05578e-05
-4.427  9.67557e-06
-4.41684  9.50298e-06
-4.40618  1.04543e-05
-4.3962  1.01854e-05
-4.38586  1.11361e-05
-4.37497  1.1027e-05
-4.36422  1.17873e-05
-4.35406  1.19259e-05
-4.34283  1.2878e-05
-4.33178  1.21775e-05
-4.32111  1.39812e-05
-4.31025  1.21357e-05
-4.29949  1.53868e-05
-4.28838  1.30374e-05
-4.27844  1.35438e-05
-4.26831  1.26749e-05
-4.25863  1.52826e-05
-4.24755  1.54768e-05
-4.23734  1.4079e-05
-4.22748  1.55643e-05
-4.21715  1.58604e-05
-4.20633  1.76265e-05
-4.19535  1.78156e-05
-4.18447  1.76084e-05
-4.17324  1.94695e-05
-4.16234  1.82253e-05
-4.15184  1.90226e-05
-4.14105  2.07159e-05
-4.13039  1.8565e-05
-4.12015  1.97297e-05
-4.10985  2.0726e-05
-4.09947  2.05088e-05
-4.08863  2.32954e-05
-4.07737  2.36798e-05
-4.06624  2.29454e-05
-4.0559  2.36753e-05
-4.04464  2.60497e-05
-4.03349  2.4861e-05
-4.02298  2.51666e-05
-4.01254  2.51428e-05
-4.00221  2.51109e-05
-3.99173  2.77262e-05
-3.98149  2.5975e-05
-3.97106  2.75824e-05
-3.96071  2.8776e-05
-3.95003  2.95668e-05
-3.9391  3.28481e-05
-3.92805  3.03618e-05
-3.91724  3.28728e-05
-3.9066  3.26842e-05
-3.8963  3.05571e-05
-3.88607  3.35423e-05
-3.87536  3.4859e-05
-3.86494  3.47009e-05
-3.85448  3.58245e-05
-3.84425  3.47119e-05
-3.83381  3.97688e-05
-3.82306  3.64632e-05
-3.81247  4.10215e-05
-3.80176  4.02021e-05
-3.79118  4.1189e-05
-3.78101  3.71905e-05
-3.77111  4.29672e-05
-3.76036  4.5724e-05
-3.7496  4.37814e-05
-3.73897  4.64198e-05
-3.72848  4.64465e-05
-3.71806  4.59039e-05
-3.70734  5.19573e-05
-3.69636  4.98175e-05
-3.68595  4.85916e-05
-3.67588  5.01779e-05
-3.66551  5.2231e-05
-3.65477  5.56547e-05
-3.64407  5.52857e-05
-3.6335  5.48254e-05
-3.62347  5.53505e-05
-3.61278  5.9613e-05
-3.60232  5.87989e-05
-3.59186  6.17065e-05
-3.58135  5.95072e-05
-3.57128  6.15257e-05
-3.5612  6.05611e-05
-3.55066  6.86162e-05
-3.54026  6.31075e-05
-3.52998  6.93161e-05
-3.51942  6.93314e-05
-3.50919  6.76764e-05
-3.49888  7.34775e-05
-3.48829  7.34653e-05
-3.47805  7.25742e-05
-3.46777  7.63508e-05
-3.45721  7.87475e-05
-3.44683  7.78561e-05
-3.43649  8.09703e-05
-3.42603  8.20903e-05
-3.41558  8.41738e-05
-3.40508  8.70978e-05
-3.39468  8.32057e-05
-3.38454  8.90741e-05
-3.37423  8.86499e-05
-3.36389  9.21482e-05
-3.35347  9.40248e-05
-3.34308  9.50376e-05
-3.33281  9.45825e-05
-3.3225  0.000100037
-3.31224  9.67804e-05
-3.30193  0.000103821
-3.29156  0.000103993
-3.28126  0.000103762
-3.27113  0.000106302
-3.26096  0.000106744
-3.25052  0.000117165
-3.24014  0.00010932
-3.22987  0.000119163
-3.21945  0.000115955
-3.20928  0.00011858
-3.19883  0.000124541
-3.18832  0.000126373
-3.17797  0.000124275
-3.16779  0.000126221
-3.15764  0.000129548
-3.14736  0.000133727
-3.13696  0.000135971
-3.12669  0.000137115
-3.11637  0.000139715
-3.10608  0.000142047
-3.09581  0.000143219
-3.08557  0.000147608
-3.07521  0.00014998
-3.06477  0.000155124
-3.05456  0.000149279
-3.0443  0.000161691
-3.03384  0.00016071
-3.02366  0.000159602
-3.01344  0.000166032
-3.00326  0.000163393
-2.99323  0.000166601
-2.98303  0.000173783
-2.97261  0.000181438
-2.96207  0.000181935
-2.95177  0.000180208
-2.94148  0.000187453
-2.93123  0.000185554
-2.92103  0.000190132
-2.91066  0.000199308
-2.90035  0.000193225
-2.89018  0.000200531
-2.87984  0.000205357
-2.86952  0.000206263
-2.85932  0.000207126
-2.84918  0.000210677
-2.83897  0.000217672
-2.82874  0.000217856
-2.81852  0.000222784
-2.80827  0.00022681
-2.79817  0.000223633
-2.78803  0.000232331
-2.77789  0.000233526
-2.76766  0.000242275
-2.75733  0.000245379
-2.74714  0.000244168
-2.73693  0.000253335
-2.72677  0.000250235
-2.71665  0.000257926
-2.70644  0.00026201
-2.69618  0.000269486
-2.68544  0.000292544
-2.6747  0.000279542
-2.66404  0.000297027
-2.65339  0.000289974
-2.64303  0.000287374
-2.63281  0.000291496
-2.62254  0.000298654
-2.61228  0.000298788
-2.6021  0.000302419
-2.59185  0.000311477
-2.58156  0.000312616
-2.57142  0.000313751
-2.56132  0.000317369
-2.5511  0.000330613
-2.54086  0.000329376
-2.53068  0.000335355
-2.5205  0.000336978
-2.51038  0.00033919
-2.50026  0.000347905
-2.49005  0.000354649
-2.47986  0.000357138
-2.46959  0.000370565
-2.45931  0.000367245
-2.44907  0.00037793
-2.43885  0.000375335
-2.4287  0.000383516
-2.41855  0.000383502
-2.40845  0.000389348
-2.39829  0.000399591
-2.38812  0.000401241
-2.37796  0.000409487
-2.36784  0.000410278
-2.35773  0.000418807
-2.34754  0.000426137
-2.33729  0.000434026
-2.32707  0.000435223
-2.31687  0.000442584
-2.30671  0.000443513
-2.2965  0.000460016
-2.28628  0.000456397
-2.27619  0.000460324
-2.26596  0.000481365
-2.2557  0.000472896
-2.24558  0.000479508
-2.23547  0.000481808
-2.22535  0.000495632
-2.21517  0.000499922
-2.20499  0.000508988
-2.19483  0.000509847
-2.18466  0.00052219
-2.17449  0.000522795
-2.1644  0.000525396
-2.15429  0.000535045
-2.14408  0.000549046
-2.1339  0.000548315
-2.12377  0.000557775
-2.11351  0.000574979
-2.10331  0.000565095
-2.09323  0.000573156
-2.08302  0.00059118
-2.07283  0.000586308
-2.06264  0.000604344
-2.05242  0.000606014
-2.0418  0.000665598
-2.03121  0.000621526
-2.02106  0.000625274
-2.01092  0.000630665
-2.00071  0.000647299
-1.99058  0.00063589
-1.98049  0.000658961
-1.97029  0.000665989
-1.96017  0.000662913
-1.95005  0.000681787
-1.93991  0.000681
-1.92983  0.000686367
-1.91968  0.000703096
-1.90952  0.000703292
-1.8994  0.000715255
-1.88918  0.000734184
-1.87896  0.000734761
-1.86883  0.000736231
-1.85875  0.000739194
-1.84865  0.000758094
-1.83847  0.000760436
-1.82828  0.000776612
-1.81817  0.000769383
-1.80806  0.000793458
-1.79794  0.000792166
-1.7878  0.000810704
-1.77763  0.000811636
-1.76752  0.00081564
-1.75745  0.000821657
-1.7473  0.000848086
-1.73717  0.000837325
-1.72708  0.000859952
-1.71693  0.000866332
-1.70675  0.000882662
-1.69659  0.000874973
-1.68648  0.00088587
-1.67632  0.000907469
-1.66571  0.000987536
-1.65513  0.000925261
-1.6446  0.00099962
-1.63406  0.000945775
-1.62392  0.00094721
-1.61381  0.000951175
-1.60366  0.000970202
-1.59354  0.000971673
-1.58342  0.000995097
-1.57325  0.000998647
-1.56318  0.000995848
-1.5531  0.00101318
-1.54296  0.00102873
-1.53283  0.00102975
-1.5227  0.00104755
-1.51254  0.00106436
-1.50241  0.00106324
-1.49235  0.00106826
-1.48224  0.00108969
-1.47211  0.00108823
-1.462  0.00110573
-1.45194  0.00110704
-1.44182  0.00113989
-1.43167  0.00113892
-1.42158  0.00114563
-1.41143  0.00117057
-1.40125  0.00116558
-1.3911  0.00118801
-1.38096  0.00119396
-1.37088  0.00119765
-1.36079  0.00121994
-1.3507  0.00122267
-1.34061  0.00123451
-1.33049  0.00124266
-1.32037  0.0012591
-1.31023  0.00128112
-1.3001  0.00128732
-1.28999  0.00129767
-1.27991  0.0013034
-1.26982  0.00131653
-1.25972  0.00132038
-1.24961  0.0013447
-1.2395  0.00135596
-1.22944  0.00136359
-1.21939  0.00138123
-1.20927  0.00139618
-1.19921  0.00138893
-1.18913  0.00141278
-1.17903  0.00142502
-1.16895  0.00144286
-1.15883  0.00147379
-1.14872  0.0014676
-1.13866  0.00147661
-1.12861  0.00148072
-1.1185  0.00151786
-1.10839  0.00151792
-1.09829  0.00154864
-1.08817  0.00155356
-1.0781  0.00156476
-1.06798  0.00157892
-1.05788  0.00157269
-1.04781  0.00160243
-1.03777  0.00161214
-1.02773  0.00163802
-1.01764  0.0016599
-1.00752  0.00167965
-0.996945  0.00181782
-0.986383  0.00169375
-0.975814  0.00186133
-0.965313  0.00172836
-0.955223  0.00175945
-0.945106  0.00177616
-0.934996  0.00177847
-0.92488  0.00178528
-0.914801  0.00178687
-0.904737  0.00182472
-0.894192  0.0020207
-0.883649  0.00187298
-0.873544  0.00189679
-0.863416  0.00189682
-0.853292  0.00190767
-0.843144  0.00192559
-0.833033  0.00195139
-0.822952  0.00197915
-0.812896  0.00199343
-0.80281  0.00202134
-0.792739  0.00200486
-0.782679  0.00203272
-0.772541  0.00204739
-0.762429  0.00209459
-0.752371  0.00210475
-0.742329  0.00213947
-0.7322  0.00216848
-0.72211  0.00215168
-0.712053  0.00215748
-0.701938  0.00219276
-0.691831  0.00224169
-0.681794  0.00225457
-0.671763  0.00228645
-0.661699  0.00231332
-0.651621  0.00230711
-0.641552  0.00231147
-0.63148  0.00237181
-0.62138  0.00242602
-0.611299  0.00241981
-0.601249  0.00246352
-0.591175  0.00244373
-0.581075  0.00247943
-0.570983  0.00251845
-0.560947  0.00256507
-0.550905  0.00259328
-0.540873  0.00261235
-0.530803  0.0026171
-0.520706  0.00263719
-0.510163  0.00294503
-0.49961  0.00278942
-0.489517  0.00278445
-0.479452  0.00281336
-0.469375  0.00279697
-0.459284  0.00283439
-0.449176  0.00292319
-0.439125  0.0029782
-0.429103  0.00299146
-0.419053  0.00302916
-0.408968  0.00303519
-0.398855  0.00302831
-0.388838  0.00315401
-0.37878  0.00326019
-0.368715  0.00325211
-0.358688  0.00328416
-0.348594  0.00329026
-0.338468  0.00330637
-0.328418  0.00347015
-0.318397  0.00353777
-0.308378  0.0035966
-0.298292  0.00360677
-0.288207  0.00359672
-0.278076  0.00363711
-0.268031  0.00385519
-0.258015  0.00396975
-0.24795  0.00400376
-0.237913  0.00400046
-0.22785  0.0039793
-0.217688  0.00409247
-0.207608  0.0043859
-0.197614  0.00453456
-0.187085  0.00499938
-0.176557  0.00456523
-0.166509  0.00452235
-0.156307  0.0047261
-0.146338  0.00520383
-0.136327  0.0054206
-0.126237  0.00542385
-0.116219  0.00533847
-0.106189  0.00538269
-0.0958788  0.00577842
-0.0860068  0.00676906
-0.0760037  0.00693294
-0.0659424  0.00697731
-0.0558768  0.0069385
-0.0458343  0.00695245
-0.035396  0.00774284
-0.0257071  0.0123878
-0.0156954  0.0131641
-0.00504127  0.0168669
0.00504127  0.0168669
0.0156954  0.0131641
0.0257071  0.0123878
0.035396  0.00774284
0.0458343  0.00695245
0.0558768  0.0069385
0.0659424  0.00697731
0.0760037  0.00693294
0.0860068  0.00676906
0.0958788  0.00577842
0.106189  0.00538269
0.116219  0.00533847
0.126237  0.00542385
0.136327  0.0054206
0.146338  0.00520383
0.156307  0.0047261
0.166509  0.00452235
0.176557  0.00456523
0.187085  0.00499938
0.197614  0.00453456
0.207608  0.0043859
0.217688  0.00409247
0.22785  0.0039793
0.237913  0.00400046
0.24795  0.00400376
0.258015  0.00396975
0.268031  0.00385519
0.278076  0.00363711
0.288207  0.00359672
0.298292  0.00360677
0.308378  0.0035966
0.318397  0.00353777
0.328418  0.00347015
0.338468  0.00330637
0.348594  0.00329026
0.358688  0.00328416
0.368715  0.00325211
0.37878  0.00326019
0.388838  0.00315401
0.398855  0.00302831
0.408968  0.00303519
0.419053  0.00302916
0.429103  0.00299146
0.439125  0.0029782
0.449176  0.00292319
0.459284  0.00283439
0.469375  0.00279697
0.479452  0.00281336
0.489517  0.00278445
0.49961  0.00278942
0.510163  0.00294503
0.520706  0.00263719
0.530803  0.0026171
0.540873  0.00261235
0.550905  0.00259328
0.560947  0.00256507
0.570983  0.00251845
0.581075  0.00247943
0.591175  0.00244373
0.601249  0.00246352
0.611299  0.00241981
0.62138  0.00242602
0.63148  0.00237181
0.641552  0.00231147
0.651621  0.00230711
0.661699  0.00231332
0.671763  0.00228645
0.681794  0.00225457
0.691831  0.00224169
0.701938  0.00219276
0.712053  0.00215748
0.72211  0.00215168
0.7322  0.00216848
0.742329  0.00213947
0.752371  0.00210475
0.762429  0.00209459
0.772541  0.00204739
0.782679  0.00203272
0.792739  0.00200486
0.80281  0.00202134
0.812896  0.00199343
0.822952  0.00197915
0.833033  0.00195139
0.843144  0.00192559
0.853292  0.00190767
0.863416  0.00189682
0.873544  0.00189679
0.883649  0.00187298
0.894192  0.0020207
0.904737  0.00182472
0.914801  0.00178687
0.92488  0.00178528
0.934996  0.00177847
0.945106  0.00177616
0.955223  0.00175945
0.965313  0.00172836
0.975814  0.00186133
0.986383  0.00169375
0.996945  0.00181782
1.00752  0.00167965
1.01764  0.0016599
1.02773  0.00163802
1.03777  0.00161214
1.04781  0.00160243
1.05788  0.00157269
1.06798  0.00157892
1.0781  0.00156476
1.08817  0.00155356
1.09829  0.00154864
1.10839  0.00151792
1.1185  0.00151786
1.12861  0.00148072
1.13866  0.00147661
1.14872  0.0014676
1.15883  0.00147379
1.16895  0.00144286
1.17903  0.00142502
1.18913  0.00141278
1.19921  0.00138893
1.20927  0.00139618
1.21939  0.00138123
1.22944  0.00136359
1.2395  0.00135596
1.24961  0.0013447
1.25972  0.00132038
1.26982  0.00131653
1.27991  0.0013034
1.28999  0.00129767
1.3001  0.00128732
1.31023  0.00128112
1.32037  0.0012591
1.33049  0.00124266
1.34061  0.00123451
1.3507  0.00122267
1.36079  0.00121994
1.37088  0.00119765
1.38096  0.00119396
1.3911  0.00118801
1.40125  0.00116558
1.41143  0.00117057
1.42158  0.00114563
1.43167  0.00113892
1.44182  0.00113989
1.45194  0.00110704
1.462  0.00110573
1.47211  0.00108823
1.48224  0.00108969
1.49235  0.00106826
1.50241  0.00106324
1.51254  0.00106436
1.5227  0.00104755
1.53283  0.00102975
1.54296  0.00102873
1.5531  0.00101318
1.56318  0.000995848
1.57325  0.000998647
1.58342  0.000995097
1.59354  0.000971673
1.60366  0.000970202
1.61381  0.000951175
1.62392  0.00094721
1.63406  0.000945775
1.6446  0.00099962
1.65513  0.000925261
1.66571  0.000987536
1.67632  0.000907469
1.68648  0.00088587
1.69659  0.000874973
1.70675  0.000882662
1.71693  0.000866332
1.72708  0.000859952
1.73717  0.000837325
1.7473  0.000848086
1.75745  0.000821657
1.76752  0.00081564
1.77763  0.000811636
1.7878  0.000810704
1.79794  0.000792166
1.80806  0.000793458
1.81817  0.000769383
1.82828  0.000776612
1.83847  0.000760436
1.84865  0.000758094
1.85875  0.000739194
1.86883  0.000736231
1.87896  0.000734761
1.88918  0.000734184
1.8994  0.000715255
1.90952  0.000703292
1.91968  0.000703096
1.92983  0.000686367
1.93991  0.000681
1.95005  0.000681787
1.96017  0.000662913
1.97029  0.000665989
1.98049  0.000658961
1.99058  0.00063589
2.00071  0.000647299
2.01092  0.000630665
2.02106  0.000625274
2.03121  0.000621526
2.0418  0.000665598
2.05242  0.000606014
2.06264  0.000604344
2.07283  0.000586308
2.08302  0.00059118
2.09323  0.000573156
2.10331  0.000565095
2.11351  0.000574979
2.12377  0.000557775
2.1339  0.000548315
2.14408  0.000549046
2.15429  0.000535045
2.1644  0.000525396
2.17449  0.000522795
2.18466  0.00052219
2.19483  0.000509847
2.20499  0.000508988
2.21517  0.000499922
2.22535  0.000495632
2.23547  0.000481808
2.24558  0.000479508
2.2557  0.000472896
2.26596  0.000481365
2.27619  0.000460324
2.28628  0.000456397
2.2965  0.000460016
2.30671  0.000443513
2.31687  0.000442584
2.32707  0.000435223
2.33729  0.000434026
2.34754  0.000426137
2.35773  0.000418807
2.36784  0.000410278
2.37796  0.000409487
2.38812  0.000401241
2.39829  0.000399591
2.40845  0.000389348
2.41855  0.000383502
2.4287  0.000383516
2.43885  0.000375335
2.44907  0.00037793
2.45931  0.000367245
2.46959  0.000370565
2.47986  0.000357138
2.49005  0.000354649
2.50026  0.000347905
2.51038  0.00033919
2.5205  0.000336978
2.53068  0.000335355
2.54086  0.000329376
2.5511  0.000330613
2.56132  0.000317369
2.57142  0.000313751
2.58156  0.000312616
2.59185  0.000311477
2.6021  0.000302419
2.61228  0.000298788
2.62254  0.000298654
2.63281  0.000291496
2.64303  0.000287374
2.65339  0.000289974
2.66404  0.000297027
2.6747  0.000279542
2.68544  0.000292544
2.69618  0.000269486
2.70644  0.00026201
2.71665  0.000257926
2.72677  0.000250235
2.73693  0.000253335
2.74714  0.000244168
2.75733  0.000245379
2.76766  0.000242275
2.77789  0.000233526
2.78803  0.000232331
2.79817  0.000223633
2.80827  0.00022681
2.81852  0.000222784
2.82874  0.000217856
2.83897  0.000217672
2.84918  0.000210677
2.85932  0.000207126
2.86952  0.000206263
2.87984  0.000205357
2.89018  0.000200531
2.90035  0.000193225
2.91066  0.000199308
2.92103  0.000190132
2.93123  0.000185554
2.94148  0.000187453
2.95177  0.000180208
2.96207  0.000181935
2.97261  0.000181438
2.98303  0.000173783
2.99323  0.000166601
3.00326  0.000163393
3.01344  0.000166032
3.02366  0.000159602
3.03384  0.00016071
3.0443  0.000161691
3.05456  0.000149279
3.06477  0.000155124
3.07521  0.00014998
3.08557  0.000147608
3.09581  0.000143219
3.10608  0.000142047
3.11637  0.000139715
3.12669  0.000137115
3.13696  0.000135971
3.14736  0.000133727
3.15764  0.000129548
3.16779  0.000126221
3.17797  0.000124275
3.18832  0.000126373
3.19883  0.000124541
3.20928  0.00011858
3.21945  0.000115955
3.22987  0.000119163
3.24014  0.00010932
3.25052  0.000117165
3.26096  0.000106744
3.27113  0.000106302
3.28126  0.000103762
3.29156  0.000103993
3.30193  0.000103821
3.31224  9.67804e-05
3.3225  0.000100037
3.33281  9.45825e-05
3.34308  9.50376e-05
3.35347  9.40248e-05
3.36389  9.21482e-05
3.37423  8.86499e-05
3.38454  8.90741e-05
3.39468  8.32057e-05
3.40508  8.70978e-05
3.41558  8.41738e-05
3.42603  8.20903e-05
3.43649  8.09703e-05
3.44683  7.78561e-05
3.45721  7.87475e-05
3.46777  7.63508e-05
3.47805  7.25742e-05
3.48829  7.34653e-05
3.49888  7.34775e-05
3.50919  6.76764e-05
3.51942  6.93314e-05
3.52998  6.93161e-05
3.54026  6.31075e-05
3.55066  6.86162e-05
3.5612  6.05611e-05
3.57128  6.15257e-05
3.58135  5.95072e-05
3.59186  6.17065e-05
3.60232  5.87989e-05
3.61278  5.9613e-05
3.62347  5.53505e-05
3.6335  5.48254e-05
3.64407  5.52857e-05
3.65477  5.56547e-05
3.66551  5.2231e-05
3.67588  5.01779e-05
3.68595  4.85916e-05
3.69636  4.98175e-05
3.70734  5.19573e-05
3.71806  4.59039e-05
3.72848  4.64465e-05
3.73897  4.64198e-05
3.7496  4.37814e-05
3.76036  4.5724e-05
3.77111  4.29672e-05
3.78101  3.71905e-05
3.79118  4.1189e-05
3.80176  4.02021e-05
3.81247  4.10215e-05
3.82306  3.64632e-05
3.83381  3.97688e-05
3.84425  3.47119e-05
3.85448  3.58245e-05
3.86494  3.47009e-05
3.87536  3.4859e-05
3.88607  3.35423e-05
3.8963  3.05571e-05
3.9066  3.26842e-05
3.91724  3.28728e-05
3.92805  3.03618e-05
3.9391  3.28481e-05
3.95003  2.95668e-05
3.96071  2.8776e-05
3.97106  2.75824e-05
3.98149  2.5975e-05
3.99173  2.77262e-05
4.00221  2.51109e-05
4.01254  2.51428e-05
4.02298  2.51666e-05
4.03349  2.4861e-05
4.04464  2.60497e-05
4.0559  2.36753e-05
4.06624  2.29454e-05
4.07737  2.36798e-05
4.08863  2.32954e-05
4.09947  2.05088e-05
4.10985  2.0726e-05
4.12015  1.97297e-05
4.13039  1.8565e-05
4.14105  2.07159e-05
4.15184  1.90226e-05
4.16234  1.82253e-05
4.17324  1.94695e-05
4.18447  1.76084e-05
4.19535  1.78156e-05
4.20633  1.76265e-05
4.21715  1.58604e-05
4.22748  1.55643e-05
4.23734  1.4079e-05
4.24755  1.54768e-05
4.25863  1.52826e-05
4.26831  1.26749e-05
4.27844  1.35438e-05
4.28838  1.30374e-05
4.29949  1.53868e-05
4.31025  1.21357e-05
4.32111  1.39812e-05
4.33178  1.21775e-05
4.34283  1.2878e-05
4.35406  1.19259e-05
4.36422  1.17873e-05
4.37497  1.1027e-05
4.38586  1.11361e-05
4.3962  1.01854e-05
4.40618  1.04543e-05
4.41684  9.50298e-06
4.427  9.67557e-06
4.43758  1.05578e-05
4.44945  1.03715e-05
4.45939  7.09643e-06
4.46947  9.88025e-06
4.4803  9.09469e-06
4.49154  8.42061e-06
4.50213  8.91061e-06
4.51336  7.40897e-06
4.52357  8.79282e-06
4.53523  7.39632e-06
4.5461  8.45571e-06
4.55607  5.71955e-06
4.56616  7.05757e-06
4.57642  7.22803e-06
4.58812  6.64905e-06
4.59786  6.50484e-06
4.60881  6.41584e-06
4.62074  6.86426e-06
4.63139  6.13999e-06
4.64204  5.54243e-06
4.65261  6.29911e-06
4.66521  5.87331e-06
4.67534  4.78328e-06
4.68554  6.1672e-06
4.69654  4.08742e-06
4.70717  5.9788e-06
4.71799  3.82592e-06
4.72935  5.90548e-06
4.74042  3.96889e-06
4.75124  5.30203e-06
4.76386  4.07181e-06
4.77383  4.5518e-06
4.78519  3.83309e-06
4.79575  4.43831e-06
4.80671  3.60943e-06
4.81869  4.42383e-06
4.83042  3.51778e-06
4.84142  4.12695e-06
4.85305  2.97838e-06
4.86398  3.46588e-06
4.87426  3.54165e-06
4.88485  2.43813e-06
4.89597  3.79035e-06
4.90806  3.24874e-06
4.91941  2.76562e-06
4.93168  2.55193e-06
4.94234  3.71837e-06
4.9545  2.19143e-06
4.96631  3.16103e-06
4.97732  2.1169e-06
4.9871  2.29312e-06
4.999  2.35838e-06
5.01167  3.03715e-06
5.02469  2.60189e-06
5.03426  1.16378e-06
5.04498  2.2755e-06
5.05648  2.3095e-06
5.06869  1.91825e-06
5.0804  1.92467e-06
5.0921  2.04808e-06
5.10306  1.91465e-06
5.11476  1.78746e-06
5.127  1.35724e-06
5.13847  1.906e-06
5.14924  1.68622e-06
5.16241  1.35279e-06
5.17303  1.46172e-06
5.18443  1.64019e-06
5.19589  1.31938e-06
5.20579  1.07816e-06
5.21916  1.48812e-06
5.23026  1.27812e-06
5.23983  9.14788e-07
5.25056  1.43283e-06
5.26082  7.12307e-07
5.27081  8.49584e-07
5.28319  1.63782e-06
5.29489  8.89184e-07
5.30705  9.2129e-07
5.32149  1.42708e-06
5.33404  7.9683e-07
5.3458  1.16645e-06
5.35989  8.88704e-07
5.37077  8.8381e-07
5.3856  6.89814e-07
5.39546  8.61969e-07
5.40816  1.1571e-06
5.41894  2.94152e-07
5.4326  8.28527e-07
5.44448  7.97634e-07
5.45824  9.20325e-07
5.47395  6.82464e-07
5.48629  5.94623e-07
5.49969  4.06905e-07
5.51293  1.02116e-06
5.52818  6.42362e-07
5.54206  5.5936e-07
5.55524  3.98426e-07
5.56609  4.04727e-07
5.57769  4.90724e-07
5.59043  6.08816e-07
5.59768  3.23078e-07
5.61542  3.32253e-07
5.62756  4.11625e-07
5.64277  5.45755e-07
5.65075  3.30138e-07
5.66551  4.29755e-07
5.67785  2.24105e-07
5.68333  2.37006e-07
5.70287  4.93124e-07
5.71959  4.51525e-07
5.73934  5.14753e-07
5.76158  4.13897e-07
5.77779  2.90472e-07
5.80208  4.90563e-07
5.82188  4.97149e-07
5.84484  2.15238e-07
5.86775  2.89462e-07
5.88655  3.99293e-07
5.91528  3.26183e-07
5.92974  5.35641e-08
5.93717  1.52173e-07
5.9552  1.6928e-07
5.96378  1.16234e-07
5.98847  2.92397e-07
6.00404  9.60321e-08
6.01286  1.2833e-07
6.03149  3.79366e-08
6.03937  2.45619e-07
6.06744  8.73703e-08
6.08429  8.60852e-08
6.09534  1.43029e-07
6.12223  2.97389e-07
6.15258  3.14764e-08
6.17156  3.85843e-08
6.18295  1.55712e-07
6.21303  1.77724e-07
6.24632  1.12864e-07
6.26718  6.91755e-09
6.27777  1.30546e-07
6.31273  5.26344e-08
6.34975  1.51761e-07
6.38349  9.03791e-08
6.42309  5.73957e-08
6.46513  9.06946e-08
6.50304  4.26795e-08
6.54782  1.02901e-07
6.59559  2.03251e-08
6.63834  1.89377e-08
6.69036  9.2243e-08
6.79506  2.61646e-08
6.85664  4.13443e-08
6.98152  3.12726e-08
7.05621  7.41238e-09
7.2109  2.10251e-08
7.50906  7.53893e-09
7.93582  1.12634e-09
