-7.91065  1.07569e-09
-7.48548  7.22764e-09
-7.18808  2.02346e-08
-7.03275  7.15859e-09
-6.95916  3.0213e-08
-6.83371  4.00826e-08
-6.773  2.53754e-08
-6.66778  8.97729e-08
-6.61736  1.82193e-08
-6.57258  1.98498e-08
-6.5255  1.00532e-07
-6.48328  4.04911e-08
-6.44242  8.89152e-08
-6.40097  5.62903e-08
-6.36374  8.59363e-08
-6.32727  1.49357e-07
-6.29204  5.06103e-08
-6.25727  1.32033e-07
-6.22402  1.11505e-07
-6.19273  1.7023e-07
-6.16123  1.88578e-07
-6.13044  3.12171e-08
-6.10191  2.85948e-07
-6.07329  2.21491e-07
-6.04674  8.4302e-08
-6.01883  2.73627e-07
-5.99243  2.13179e-07
-5.96778  2.83216e-07
-5.94215  2.80695e-07
-5.91776  1.87524e-07
-5.8946  3.17159e-07
-5.87068  4.14838e-07
-5.8488  2.41229e-07
-5.8266  2.08481e-07
-5.80408  5.49488e-07
-5.78387  3.91228e-07
-5.76246  3.12748e-07
-5.74159  4.46775e-07
-5.72252  4.00355e-07
-5.70206  5.86301e-07
-5.68349  3.65627e-07
-5.66501  3.84622e-07
-5.6453  6.76237e-07
-5.62835  6.11633e-07
-5.61017  4.95764e-07
-5.59177  3.93668e-07
-5.57536  8.03838e-07
-5.55793  6.95263e-07
-5.5431  3.90419e-07
-5.52509  7.72485e-07
-5.50904  7.64182e-07
-5.49429  7.92422e-07
-5.47723  7.01808e-07
-5.46378  5.69538e-07
-5.44694  9.47134e-07
-5.43205  9.17008e-07
-5.42039  6.43929e-07
-5.4025  8.25573e-07
-5.39057  7.17998e-07
-5.38465  5.8837e-07
-5.37366  8.44224e-07
-5.35813  9.24261e-07
-5.34684  7.56767e-07
-5.33363  9.63092e-07
-5.32114  1.17572e-06
-5.30916  9.7763e-07
-5.29527  8.18167e-07
-5.28222  1.35894e-06
-5.27033  1.16137e-06
-5.25886  9.7124e-07
-5.2456  1.22891e-06
-5.23268  1.25313e-06
-5.2204  1.61676e-06
-5.2093  1.03698e-06
-5.19707  1.09121e-06
-5.18624  1.2479e-06
-5.17611  1.5426e-06
-5.16403  1.41644e-06
-5.1538  1.1999e-06
-5.14111  1.65968e-06
-5.13086  1.41553e-06
-5.12216  1.39384e-06
-5.10895  1.39484e-06
-5.09914  1.57258e-06
-5.08891  1.85306e-06
-5.07743  1.99357e-06
-5.06693  1.57888e-06
-5.05432  1.83048e-06
-5.04377  2.3777e-06
-5.0334  1.54905e-06
-5.02137  1.83868e-06
-5.01025  2.74467e-06
-4.99781  2.56891e-06
-4.98639  2.14772e-06
-4.97327  2.56006e-06
-4.96323  2.35278e-06
-4.9533  1.90498e-06
-4.94121  3.03253e-06
-4.93038  3.10048e-06
-4.91924  2.28025e-06
-4.90674  3.17077e-06
-4.89489  3.27328e-06
-4.88488  2.54576e-06
-4.87435  2.51223e-06
-4.86376  3.73888e-06
-4.85245  3.59045e-06
-4.84123  2.27749e-06
-4.83128  3.93437e-06
-4.82072  3.58348e-06
-4.80906  3.14614e-06
-4.79806  4.57586e-06
-4.78641  3.58809e-06
-4.7772  3.1945e-06
-4.7657  5.25983e-06
-4.75578  2.88889e-06
-4.74374  5.30451e-06
-4.73307  4.01213e-06
-4.72172  5.18456e-06
-4.71084  4.02264e-06
-4.70055  4.93681e-06
-4.68942  4.65805e-06
-4.67841  5.81641e-06
-4.66828  4.54718e-06
-4.65797  5.36079e-06
-4.64736  5.04814e-06
-4.63607  6.18691e-06
-4.62469  6.44674e-06
-4.61414  5.54193e-06
-4.60362  5.78237e-06
-4.59375  5.46527e-06
-4.5834  6.91401e-06
-4.57214  6.98254e-06
-4.56073  7.23861e-06
-4.55024  5.89115e-06
-4.54031  7.69384e-06
-4.5289  7.99425e-06
-4.51704  8.04561e-06
-4.50655  7.52575e-06
-4.49601  7.63359e-06
-4.48603  7.84072e-06
-4.47528  8.50922e-06
-4.46425  9.42241e-06
-4.45359  8.52678e-06
-4.44289  8.83408e-06
-4.43174  1.03087e-05
-4.42067  9.96981e-06
-4.41017  9.27779e-06
-4.39921  1.02917e-05
-4.38934  9.66077e-06
-4.37897  1.05967e-05
-4.36842  1.0369e-05
-4.35746  1.17452e-05
-4.34766  1.07236e-05
-4.3373  1.08559e-05
-4.32711  1.14616e-05
-4.31611  1.42711e-05
-4.30502  1.16852e-05
-4.29442  1.389e-05
-4.28376  1.27889e-05
-4.27377  1.29231e-05
-4.26312  1.34338e-05
-4.25273  1.51044e-05
-4.2422  1.333e-05
-4.23175  1.56097e-05
-4.2209  1.6194e-05
-4.21039  1.40637e-05
-4.19981  1.77273e-05
-4.18958  1.47172e-05
-4.17871  1.87328e-05
-4.16762  1.68269e-05
-4.15719  1.85407e-05
-4.14552  2.05423e-05
-4.13511  1.70915e-05
-4.12502  1.85984e-05
-4.11452  1.88508e-05
-4.10437  2.01879e-05
-4.09333  2.16973e-05
-4.0822  2.21165e-05
-4.07163  2.0485e-05
-4.06154  2.04005e-05
-4.05144  2.29771e-05
-4.0405  2.38705e-05
-4.02963  2.44852e-05
-4.0189  2.38316e-05
-4.00825  2.61036e-05
-3.99779  2.31924e-05
-3.98771  2.52966e-05
-3.97731  2.73409e-05
-3.96666  2.54761e-05
-3.95653  2.81672e-05
-3.94581  2.84239e-05
-3.93493  3.11297e-05
-3.92423  2.76703e-05
-3.9138  3.13754e-05
-3.90302  3.24239e-05
-3.89239  3.09628e-05
-3.88199  3.19271e-05
-3.87118  3.487e-05
-3.86056  3.33906e-05
-3.84987  3.64566e-05
-3.83944  3.31792e-05
-3.82894  3.88075e-05
-3.81834  3.47504e-05
-3.80776  3.9864e-05
-3.79681  4.03833e-05
-3.78607  3.97815e-05
-3.77546  3.94422e-05
-3.7654  4.06146e-05
-3.75497  4.15457e-05
-3.74469  4.23487e-05
-3.73416  4.38032e-05
-3.72379  4.54375e-05
-3.71307  4.64369e-05
-3.7027  4.57596e-05
-3.69223  4.82058e-05
-3.68154  4.98294e-05
-3.67142  4.64544e-05
-3.6612  5.1394e-05
-3.65079  4.98636e-05
-3.6405  5.3659e-05
-3.6299  5.32123e-05
-3.61963  5.60623e-05
-3.60877  5.75775e-05
-3.5982  5.79769e-05
-3.58776  5.90407e-05
-3.57697  6.21402e-05
-3.56646  6.00676e-05
-3.55607  6.25766e-05
-3.54542  6.48048e-05
-3.53502  6.28709e-05
-3.52464  6.77479e-05
-3.51409  6.74634e-05
-3.50384  6.55693e-05
-3.49371  6.98137e-05
-3.48325  7.19168e-05
-3.47285  7.21282e-05
-3.46261  7.2319e-05
-3.45216  7.76673e-05
-3.44162  7.72476e-05
-3.43123  7.7948e-05
-3.42071  8.18168e-05
-3.41028  8.1213e-05
-3.39997  8.19647e-05
-3.38945  8.63829e-05
-3.37907  8.59208e-05
-3.36878  8.62594e-05
-3.35851  9.01855e-05
-3.34815  9.03902e-05
-3.33785  9.20813e-05
-3.32759  9.28772e-05
-3.31733  9.69908e-05
-3.30685  9.86597e-05
-3.29646  0.000100541
-3.28615  0.000100751
-3.27589  0.00010167
-3.26582  0.00010224
-3.25561  0.000107174
-3.24534  0.000108378
-3.23501  0.000112053
-3.22468  0.000112367
-3.21431  0.000116535
-3.20402  0.000115058
-3.1938  0.00011777
-3.18358  0.00012105
-3.17328  0.000123165
-3.16288  0.000126944
-3.15266  0.00012547
-3.14239  0.000131438
-3.13203  0.000131954
-3.12183  0.000132713
-3.11155  0.000137678
-3.10124  0.000138428
-3.09095  0.000141092
-3.08067  0.000145133
-3.0703  0.000146239
-3.05982  0.000154854
-3.04943  0.000148072
-3.03921  0.000155917
-3.02877  0.000159763
-3.018  0.000172616
-3.00729  0.000161981
-2.997  0.000164858
-2.98682  0.000163819
-2.97656  0.000173772
-2.96621  0.000172635
-2.95587  0.00017819
-2.94549  0.000181403
-2.93519  0.000180071
-2.92504  0.000182998
-2.91476  0.000189919
-2.90448  0.000189537
-2.89429  0.000191907
-2.88415  0.000193352
-2.87392  0.000202307
-2.8636  0.000202549
-2.8533  0.000208808
-2.84298  0.000209598
-2.83278  0.000212661
-2.82251  0.000216788
-2.8123  0.000216726
-2.80214  0.000222374
-2.79177  0.000231433
-2.78147  0.000226468
-2.77128  0.000235019
-2.761  0.000236695
-2.75073  0.000241543
-2.74052  0.000242762
-2.73037  0.000245979
-2.72013  0.000252643
-2.70999  0.000250574
-2.69987  0.000258662
-2.68955  0.000265261
-2.67935  0.000262816
-2.66914  0.000273255
-2.65877  0.000279225
-2.64858  0.000274342
-2.63842  0.000282715
-2.62826  0.000284545
-2.61807  0.000291664
-2.60791  0.000291249
-2.59773  0.000301002
-2.58749  0.000302732
-2.5773  0.000307036
-2.56715  0.000309492
-2.55692  0.000319961
-2.54673  0.000318151
-2.53657  0.000327367
-2.52632  0.000331483
-2.51605  0.000336057
-2.50585  0.000337599
-2.49565  0.000345328
-2.48546  0.000346986
-2.47529  0.000354007
-2.46513  0.000355071
-2.45496  0.000364791
-2.44477  0.000368745
-2.43451  0.000376821
-2.4243  0.000376203
-2.4141  0.000383973
-2.40392  0.000385574
-2.39371  0.000397027
-2.38354  0.000395539
-2.37336  0.000406678
-2.36318  0.000407016
-2.35296  0.000421266
-2.34271  0.000418087
-2.3326  0.000422111
-2.32248  0.000428657
-2.31229  0.000436774
-2.30205  0.000447386
-2.29186  0.00044364
-2.28179  0.000449978
-2.27171  0.000456505
-2.26161  0.0004611
-2.25105  0.000510828
-2.24038  0.000481923
-2.23019  0.000479815
-2.22001  0.000493651
-2.20987  0.000489571
-2.19977  0.000501292
-2.1896  0.000508993
-2.17937  0.000519514
-2.16914  0.000520993
-2.159  0.000522127
-2.14888  0.000529626
-2.13876  0.000538441
-2.12861  0.000547325
-2.11848  0.000547766
-2.10835  0.000561526
-2.09817  0.000565032
-2.08804  0.000569419
-2.0779  0.000577159
-2.06777  0.000582913
-2.05766  0.000589839
-2.04757  0.000594583
-2.03747  0.000606473
-2.02732  0.000615903
-2.01714  0.000621864
-2.00696  0.000626567
-1.99679  0.000637407
-1.98663  0.000638472
-1.97645  0.000656292
-1.9663  0.000652199
-1.95623  0.000658463
-1.94614  0.000671466
-1.93595  0.000687327
-1.92575  0.000684405
-1.91555  0.000699469
-1.90539  0.000697485
-1.89523  0.000715687
-1.88505  0.000721361
-1.87489  0.000725296
-1.86479  0.000729022
-1.85468  0.000743177
-1.84452  0.000748844
-1.83432  0.000762616
-1.82416  0.00076192
-1.81404  0.000774273
-1.80386  0.000790346
-1.79375  0.000784471
-1.78367  0.000797238
-1.77353  0.000808843
-1.76334  0.000821944
-1.75321  0.000812511
-1.74312  0.000836203
-1.73299  0.000838414
-1.72293  0.000844247
-1.71284  0.000862463
-1.7027  0.000870405
-1.69257  0.000875191
-1.68244  0.000883771
-1.67232  0.000894022
-1.66216  0.000910861
-1.65206  0.00090726
-1.6419  0.000935674
-1.6317  0.000936375
-1.62157  0.000939872
-1.61141  0.000954511
-1.60126  0.000956376
-1.59115  0.00097319
-1.58107  0.000973345
-1.57101  0.000987938
-1.56088  0.00100425
-1.55075  0.00100256
-1.54066  0.00101644
-1.53051  0.00103357
-1.52035  0.00103981
-1.5102  0.00105896
-1.50008  0.00105681
-1.48995  0.00107811
-1.47981  0.00107376
-1.46974  0.00107971
-1.45962  0.00110843
-1.44953  0.00109926
-1.43944  0.0011321
-1.42929  0.00113523
-1.41923  0.00113326
-1.40911  0.00116427
-1.39895  0.00115821
-1.38885  0.00117493
-1.37877  0.00118138
-1.36869  0.0012025
-1.35856  0.00121447
-1.34841  0.00123364
-1.33827  0.00122351
-1.32817  0.00124177
-1.31806  0.00125164
-1.30796  0.00127153
-1.29785  0.00128296
-1.28776  0.00128683
-1.27769  0.00130295
-1.26756  0.00131795
-1.25746  0.00130888
-1.24738  0.0013437
-1.23724  0.00135878
-1.22713  0.00136855
-1.21706  0.00137214
-1.20703  0.00137587
-1.19694  0.00140634
-1.1868  0.00140754
-1.17671  0.0014246
-1.16664  0.00143573
-1.15656  0.00146259
-1.14645  0.00147245
-1.13634  0.00147963
-1.12623  0.00148873
-1.11613  0.00149633
-1.10603  0.00152626
-1.09595  0.00152409
-1.08589  0.00156161
-1.07576  0.00157463
-1.06564  0.00157662
-1.05554  0.00158339
-1.04541  0.00160534
-1.03534  0.00160785
-1.02527  0.0016398
-1.01517  0.0016655
-1.00507  0.00166971
-0.994975  0.00167619
-0.984937  0.0016714
-0.974897  0.00170629
-0.96479  0.00174305
-0.95464  0.00175632
-0.944514  0.00177083
-0.934444  0.00176015
-0.924367  0.00178227
-0.914308  0.00179128
-0.904242  0.00183526
-0.894164  0.00184155
-0.884064  0.00187456
-0.87397  0.00186754
-0.863892  0.00187729
-0.853749  0.00190853
-0.843663  0.00192019
-0.833603  0.00195593
-0.823526  0.0019774
-0.813455  0.00199005
-0.803376  0.00199887
-0.793315  0.00199208
-0.783259  0.00201821
-0.773146  0.0020823
-0.763019  0.00209604
-0.752958  0.00210983
-0.742881  0.00213713
-0.732796  0.00212993
-0.722693  0.00215923
-0.712104  0.00235753
-0.701583  0.00221409
-0.69151  0.00225556
-0.681428  0.00227168
-0.671338  0.00228804
-0.661191  0.00232081
-0.651053  0.00229357
-0.641012  0.0023337
-0.630968  0.0023957
-0.620918  0.00240046
-0.610829  0.00244541
-0.600721  0.00243718
-0.590654  0.00242954
-0.580617  0.00249214
-0.570536  0.00257027
-0.560462  0.00256484
-0.550404  0.00259692
-0.540333  0.00260017
-0.530247  0.00260108
-0.520119  0.00264769
-0.510055  0.00273125
-0.499992  0.00277084
-0.489937  0.00280737
-0.479868  0.00282022
-0.469785  0.00281937
-0.459677  0.0028424
-0.449592  0.00291216
-0.439528  0.00299774
-0.429498  0.0030014
-0.419455  0.0030316
-0.409385  0.00304464
-0.399301  0.0030323
-0.389257  0.00316415
-0.37922  0.00324821
-0.369135  0.00329815
-0.359069  0.0032922
-0.348977  0.00331207
-0.338854  0.00331717
-0.328806  0.00345132
-0.318769  0.00359076
-0.308672  0.00362076
-0.298598  0.00361661
-0.288538  0.00362028
-0.278435  0.00362178
-0.268422  0.00386018
-0.25838  0.00398437
-0.248312  0.00404779
-0.237776  0.00438974
-0.227261  0.00402985
-0.217098  0.00408746
-0.20706  0.0044301
-0.197047  0.00454264
-0.187009  0.00462082
-0.176952  0.00457588
-0.166893  0.0046021
-0.156658  0.00472235
-0.146136  0.00573755
-0.135682  0.00544505
-0.125625  0.00548842
-0.115577  0.00543478
-0.105528  0.00545667
-0.0952574  0.00576179
-0.0853461  0.00685442
-0.0753465  0.00701722
-0.0653252  0.00705251
-0.0552851  0.00706717
-0.0452595  0.00705806
-0.0349088  0.0077716
-0.0251694  0.0126307
-0.0151335  0.0133766
-0.00478382  0.0164313
0.00478382  0.0164313
0.0151335  0.0133766
0.0251694  0.0126307
0.0349088  0.0077716
0.0452595  0.00705806
0.0552851  0.00706717
0.0653252  0.00705251
0.0753465  0.00701722
0.0853461  0.00685442
0.0952574  0.00576179
0.105528  0.00545667
0.115577  0.00543478
0.125625  0.00548842
0.135682  0.00544505
0.146136  0.00573755
0.156658  0.00472235
0.166893  0.0046021
0.176952  0.00457588
0.187009  0.00462082
0.197047  0.00454264
0.20706  0.0044301
0.217098  0.00408746
0.227261  0.00402985
0.237776  0.00438974
0.248312  0.00404779
0.25838  0.00398437
0.268422  0.00386018
0.278435  0.00362178
0.288538  0.00362028
0.298598  0.00361661
0.308672  0.00362076
0.318769  0.00359076
0.328806  0.00345132
0.338854  0.00331717
0.348977  0.00331207
0.359069  0.0032922
0.369135  0.00329815
0.37922  0.00324821
0.389257  0.00316415
0.399301  0.0030323
0.409385  0.00304464
0.419455  0.0030316
0.429498  0.0030014
0.439528  0.00299774
0.449592  0.00291216
0.459677  0.0028424
0.469785  0.00281937
0.479868  0.00282022
0.489937  0.00280737
0.499992  0.00277084
0.510055  0.00273125
0.520119  0.00264769
0.530247  0.00260108
0.540333  0.00260017
0.550404  0.00259692
0.560462  0.00256484
0.570536  0.00257027
0.580617  0.00249214
0.590654  0.00242954
0.600721  0.00243718
0.610829  0.00244541
0.620918  0.00240046
0.630968  0.0023957
0.641012  0.0023337
0.651053  0.00229357
0.661191  0.00232081
0.671338  0.00228804
0.681428  0.00227168
0.69151  0.00225556
0.701583  0.00221409
0.712104  0.00235753
0.722693  0.00215923
0.732796  0.00212993
0.742881  0.00213713
0.752958  0.00210983
0.763019  0.00209604
0.773146  0.0020823
0.783259  0.00201821
0.793315  0.00199208
0.803376  0.00199887
0.813455  0.00199005
0.823526  0.0019774
0.833603  0.00195593
0.843663  0.00192019
0.853749  0.00190853
0.863892  0.00187729
0.87397  0.00186754
0.884064  0.00187456
0.894164  0.00184155
0.904242  0.00183526
0.914308  0.00179128
0.924367  0.00178227
0.934444  0.00176015
0.944514  0.00177083
0.95464  0.00175632
0.96479  0.00174305
0.974897  0.00170629
0.984937  0.0016714
0.994975  0.00167619
1.00507  0.00166971
1.01517  0.0016655
1.02527  0.0016398
1.03534  0.00160785
1.04541  0.00160534
1.05554  0.00158339
1.06564  0.00157662
1.07576  0.00157463
1.08589  0.00156161
1.09595  0.00152409
1.10603  0.00152626
1.11613  0.00149633
1.12623  0.00148873
1.13634  0.00147963
1.14645  0.00147245
1.15656  0.00146259
1.16664  0.00143573
1.17671  0.0014246
1.1868  0.00140754
1.19694  0.00140634
1.20703  0.00137587
1.21706  0.00137214
1.22713  0.00136855
1.23724  0.00135878
1.24738  0.0013437
1.25746  0.00130888
1.26756  0.00131795
1.27769  0.00130295
1.28776  0.00128683
1.29785  0.00128296
1.30796  0.00127153
1.31806  0.00125164
1.32817  0.00124177
1.33827  0.00122351
1.34841  0.00123364
1.35856  0.00121447
1.36869  0.0012025
1.37877  0.00118138
1.38885  0.00117493
1.39895  0.00115821
1.40911  0.00116427
1.41923  0.00113326
1.42929  0.00113523
1.43944  0.0011321
1.44953  0.00109926
1.45962  0.00110843
1.46974  0.00107971
1.47981  0.00107376
1.48995  0.00107811
1.50008  0.00105681
1.5102  0.00105896
1.52035  0.00103981
1.53051  0.00103357
1.54066  0.00101644
1.55075  0.00100256
1.56088  0.00100425
1.57101  0.000987938
1.58107  0.000973345
1.59115  0.00097319
1.60126  0.000956376
1.61141  0.000954511
1.62157  0.000939872
1.6317  0.000936375
1.6419  0.000935674
1.65206  0.00090726
1.66216  0.000910861
1.67232  0.000894022
1.68244  0.000883771
1.69257  0.000875191
1.7027  0.000870405
1.71284  0.000862463
1.72293  0.000844247
1.73299  0.000838414
1.74312  0.000836203
1.75321  0.000812511
1.76334  0.000821944
1.77353  0.000808843
1.78367  0.000797238
1.79375  0.000784471
1.80386  0.000790346
1.81404  0.000774273
1.82416  0.00076192
1.83432  0.000762616
1.84452  0.000748844
1.85468  0.000743177
1.86479  0.000729022
1.87489  0.000725296
1.88505  0.000721361
1.89523  0.000715687
1.90539  0.000697485
1.91555  0.000699469
1.92575  0.000684405
1.93595  0.000687327
1.94614  0.000671466
1.95623  0.000658463
1.9663  0.000652199
1.97645  0.000656292
1.98663  0.000638472
1.99679  0.000637407
2.00696  0.000626567
2.01714  0.000621864
2.02732  0.000615903
2.03747  0.000606473
2.04757  0.000594583
2.05766  0.000589839
2.06777  0.000582913
2.0779  0.000577159
2.08804  0.000569419
2.09817  0.000565032
2.10835  0.000561526
2.11848  0.000547766
2.12861  0.000547325
2.13876  0.000538441
2.14888  0.000529626
2.159  0.000522127
2.16914  0.000520993
2.17937  0.000519514
2.1896  0.000508993
2.19977  0.000501292
2.20987  0.000489571
2.22001  0.000493651
2.23019  0.000479815
2.24038  0.000481923
2.25105  0.000510828
2.26161  0.0004611
2.27171  0.000456505
2.28179  0.000449978
2.29186  0.00044364
2.30205  0.000447386
2.31229  0.000436774
2.32248  0.000428657
2.3326  0.000422111
2.34271  0.000418087
2.35296  0.000421266
2.36318  0.000407016
2.37336  0.000406678
2.38354  0.000395539
2.39371  0.000397027
2.40392  0.000385574
2.4141  0.000383973
2.4243  0.000376203
2.43451  0.000376821
2.44477  0.000368745
2.45496  0.000364791
2.46513  0.000355071
2.47529  0.000354007
2.48546  0.000346986
2.49565  0.000345328
2.50585  0.000337599
2.51605  0.000336057
2.52632  0.000331483
2.53657  0.000327367
2.54673  0.000318151
2.55692  0.000319961
2.56715  0.000309492
2.5773  0.000307036
2.58749  0.000302732
2.59773  0.000301002
2.60791  0.000291249
2.61807  0.000291664
2.62826  0.000284545
2.63842  0.000282715
2.64858  0.000274342
2.65877  0.000279225
2.66914  0.000273255
2.67935  0.000262816
2.68955  0.000265261
2.69987  0.000258662
2.70999  0.000250574
2.72013  0.000252643
2.73037  0.000245979
2.74052  0.000242762
2.75073  0.000241543
2.761  0.000236695
2.77128  0.000235019
2.78147  0.000226468
2.79177  0.000231433
2.80214  0.000222374
2.8123  0.000216726
2.82251  0.000216788
2.83278  0.000212661
2.84298  0.000209598
2.8533  0.000208808
2.8636  0.000202549
2.87392  0.000202307
2.88415  0.000193352
2.89429  0.000191907
2.90448  0.000189537
2.91476  0.000189919
2.92504  0.000182998
2.93519  0.000180071
2.94549  0.000181403
2.95587  0.00017819
2.96621  0.000172635
2.97656  0.000173772
2.98682  0.000163819
2.997  0.000164858
3.00729  0.000161981
3.018  0.000172616
3.02877  0.000159763
3.03921  0.000155917
3.04943  0.000148072
3.05982  0.000154854
3.0703  0.000146239
3.08067  0.000145133
3.09095  0.000141092
3.10124  0.000138428
3.11155  0.000137678
3.12183  0.000132713
3.13203  0.000131954
3.14239  0.000131438
3.15266  0.00012547
3.16288  0.000126944
3.17328  0.000123165
3.18358  0.00012105
3.1938  0.00011777
3.20402  0.000115058
3.21431  0.000116535
3.22468  0.000112367
3.23501  0.000112053
3.24534  0.000108378
3.25561  0.000107174
3.26582  0.00010224
3.27589  0.00010167
3.28615  0.000100751
3.29646  0.000100541
3.30685  9.86597e-05
3.31733  9.69908e-05
3.32759  9.28772e-05
3.33785  9.20813e-05
3.34815  9.03902e-05
3.35851  9.01855e-05
3.36878  8.62594e-05
3.37907  8.59208e-05
3.38945  8.63829e-05
3.39997  8.19647e-05
3.41028  8.1213e-05
3.42071  8.18168e-05
3.43123  7.7948e-05
3.44162  7.72476e-05
3.45216  7.76673e-05
3.46261  7.2319e-05
3.47285  7.21282e-05
3.48325  7.19168e-05
3.49371  6.98137e-05
3.50384  6.55693e-05
3.51409  6.74634e-05
3.52464  6.77479e-05
3.53502  6.28709e-05
3.54542  6.48048e-05
3.55607  6.25766e-05
3.56646  6.00676e-05
3.57697  6.21402e-05
3.58776  5.90407e-05
3.5982  5.79769e-05
3.60877  5.75775e-05
3.61963  5.60623e-05
3.6299  5.32123e-05
3.6405  5.3659e-05
3.65079  4.98636e-05
3.6612  5.1394e-05
3.67142  4.64544e-05
3.68154  4.98294e-05
3.69223  4.82058e-05
3.7027  4.57596e-05
3.71307  4.64369e-05
3.72379  4.54375e-05
3.73416  4.38032e-05
3.74469  4.23487e-05
3.75497  4.15457e-05
3.7654  4.06146e-05
3.77546  3.94422e-05
3.78607  3.97815e-05
3.79681  4.03833e-05
3.80776  3.9864e-05
3.81834  3.47504e-05
3.82894  3.88075e-05
3.83944  3.31792e-05
3.84987  3.64566e-05
3.86056  3.33906e-05
3.87118  3.487e-05
3.88199  3.19271e-05
3.89239  3.09628e-05
3.90302  3.24239e-05
3.9138  3.13754e-05
3.92423  2.76703e-05
3.93493  3.11297e-05
3.94581  2.84239e-05
3.95653  2.81672e-05
3.96666  2.54761e-05
3.97731  2.73409e-05
3.98771  2.52966e-05
3.99779  2.31924e-05
4.00825  2.61036e-05
4.0189  2.38316e-05
4.02963  2.44852e-05
4.0405  2.38705e-05
4.05144  2.29771e-05
4.06154  2.04005e-05
4.07163  2.0485e-05
4.0822  2.21165e-05
4.09333  2.16973e-05
4.10437  2.01879e-05
4.11452  1.88508e-05
4.12502  1.85984e-05
4.13511  1.70915e-05
4.14552  2.05423e-05
4.15719  1.85407e-05
4.16762  1.68269e-05
4.17871  1.87328e-05
4.18958  1.47172e-05
4.19981  1.77273e-05
4.21039  1.40637e-05
4.2209  1.6194e-05
4.23175  1.56097e-05
4.2422  1.333e-05
4.25273  1.51044e-05
4.26312  1.34338e-05
4.27377  1.29231e-05
4.28376  1.27889e-05
4.29442  1.389e-05
4.30502  1.16852e-05
4.31611  1.42711e-05
4.32711  1.14616e-05
4.3373  1.08559e-05
4.34766  1.07236e-05
4.35746  1.17452e-05
4.36842  1.0369e-05
4.37897  1.05967e-05
4.38934  9.66077e-06
4.39921  1.02917e-05
4.41017  9.27779e-06
4.42067  9.96981e-06
4.43174  1.03087e-05
4.44289  8.83408e-06
4.45359  8.52678e-06
4.46425  9.42241e-06
4.47528  8.50922e-06
4.48603  7.84072e-06
4.49601  7.63359e-06
4.50655  7.52575e-06
4.51704  8.04561e-06
4.5289  7.99425e-06
4.54031  7.69384e-06
4.55024  5.89115e-06
4.56073  7.23861e-06
4.57214  6.98254e-06
4.5834  6.91401e-06
4.59375  5.46527e-06
4.60362  5.78237e-06
4.61414  5.54193e-06
4.62469  6.44674e-06
4.63607  6.18691e-06
4.64736  5.04814e-06
4.65797  5.36079e-06
4.66828  4.54718e-06
4.67841  5.81641e-06
4.68942  4.65805e-06
4.70055  4.93681e-06
4.71084  4.02264e-06
4.72172  5.18456e-06
4.73307  4.01213e-06
4.74374  5.30451e-06
4.75578  2.88889e-06
4.7657  5.25983e-06
4.7772  3.1945e-06
4.78641  3.58809e-06
4.79806  4.57586e-06
4.80906  3.14614e-06
4.82072  3.58348e-06
4.83128  3.93437e-06
4.84123  2.27749e-06
4.85245  3.59045e-06
4.86376  3.73888e-06
4.87435  2.51223e-06
4.88488  2.54576e-06
4.89489  3.27328e-06
4.90674  3.17077e-06
4.91924  2.28025e-06
4.93038  3.10048e-06
4.94121  3.03253e-06
4.9533  1.90498e-06
4.96323  2.35278e-06
4.97327  2.56006e-06
4.98639  2.14772e-06
4.99781  2.56891e-06
5.01025  2.74467e-06
5.02137  1.83868e-06
5.0334  1.54905e-06
5.04377  2.3777e-06
5.05432  1.83048e-06
5.06693  1.57888e-06
5.07743  1.99357e-06
5.08891  1.85306e-06
5.09914  1.57258e-06
5.10895  1.39484e-06
5.12216  1.39384e-06
5.13086  1.41553e-06
5.14111  1.65968e-06
5.1538  1.1999e-06
5.16403  1.41644e-06
5.17611  1.5426e-06
5.18624  1.2479e-06
5.19707  1.09121e-06
5.2093  1.03698e-06
5.2204  1.61676e-06
5.23268  1.25313e-06
5.2456  1.22891e-06
5.25886  9.7124e-07
5.27033  1.16137e-06
5.28222  1.35894e-06
5.29527  8.18167e-07
5.30916  9.7763e-07
5.32114  1.17572e-06
5.33363  9.63092e-07
5.34684  7.56767e-07
5.35813  9.24261e-07
5.37366  8.44224e-07
5.38465  5.8837e-07
5.39057  7.17998e-07
5.4025  8.25573e-07
5.42039  6.43929e-07
5.43205  9.17008e-07
5.44694  9.47134e-07
5.46378  5.69538e-07
5.47723  7.01808e-07
5.49429  7.92422e-07
5.50904  7.64182e-07
5.52509  7.72485e-07
5.5431  3.90419e-07
5.55793  6.95263e-07
5.57536  8.03838e-07
5.59177  3.93668e-07
5.61017  4.95764e-07
5.62835  6.11633e-07
5.6453  6.76237e-07
5.66501  3.84622e-07
5.68349  3.65627e-07
5.70206  5.86301e-07
5.72252  4.00355e-07
5.74159  4.46775e-07
5.76246  3.12748e-07
5.78387  3.91228e-07
5.80408  5.49488e-07
5.8266  2.08481e-07
5.8488  2.41229e-07
5.87068  4.14838e-07
5.8946  3.17159e-07
5.91776  1.87524e-07
5.94215  2.80695e-07
5.96778  2.83216e-07
5.99243  2.13179e-07
6.01883  2.73627e-07
6.04674  8.4302e-08
6.07329  2.21491e-07
6.10191  2.85948e-07
6.13044  3.12171e-08
6.16123  1.88578e-07
6.19273  1.7023e-07
6.22402  1.11505e-07
6.25727  1.32033e-07
6.29204  5.06103e-08
6.32727  1.49357e-07
6.36374  8.59363e-08
6.40097  5.62903e-08
6.44242  8.89152e-08
6.48328  4.04911e-08
6.5255  1.00532e-07
6.57258  1.98498e-08
6.61736  1.82193e-08
6.66778  8.97729e-08
6.773  2.53754e-08
6.83371  4.00826e-08
6.95916  3.0213e-08
7.03275  7.15859e-09
7.18808  2.02346e-08
7.48548  7.22764e-09
7.91065  1.07569e-09
