-7.93542  1.05818e-09
-7.50982  7.09819e-09
-7.21222  1.98392e-08
-7.05724  7.01937e-09
-6.98317  2.95733e-08
-6.85802  3.92378e-08
-6.79693  2.4797e-08
-6.69198  8.77348e-08
-6.64037  1.79187e-08
-6.597  1.94011e-08
-6.54961  9.80864e-08
-6.50519  4.02434e-08
-6.46673  8.67606e-08
-6.42502  5.48297e-08
-6.38573  8.53632e-08
-6.3515  1.45496e-07
-6.31477  5.0013e-08
-6.27993  1.24034e-07
-6.27052  6.5401e-09
-6.24818  1.08442e-07
-6.21516  1.68831e-07
-6.18491  1.49268e-07
-6.17487  3.65588e-08
-6.15454  3.03091e-08
-6.12443  2.83126e-07
-6.0973  1.37532e-07
-6.08757  8.17445e-08
-6.06948  8.3478e-08
-6.04063  2.70887e-07
-6.01178  2.13486e-07
-5.99058  2.79982e-07
-5.96136  2.73677e-07
-5.93975  1.43836e-07
-5.93297  5.10861e-08
-5.91745  3.13016e-07
-5.88937  3.81985e-07
-5.87179  2.29046e-07
-5.86414  4.65983e-08
-5.84731  2.07076e-07
-5.82454  4.74489e-07
-5.80774  3.11293e-07
-5.79953  1.57303e-07
-5.78065  2.79837e-07
-5.7651  3.38273e-07
-5.75912  5.64794e-08
-5.74245  4.90726e-07
-5.7223  4.34441e-07
-5.706  4.70857e-07
-5.68404  4.2292e-07
-5.66974  3.18015e-07
-5.65774  3.70275e-07
-5.64647  5.78768e-07
-5.63048  3.948e-07
-5.61845  3.18227e-07
-5.6014  3.07721e-07
-5.59166  7.29999e-07
-5.57913  3.22226e-07
-5.56981  3.87645e-07
-5.55878  3.81939e-07
-5.54493  5.3606e-07
-5.53153  6.10834e-07
-5.52139  4.05232e-07
-5.51072  8.01599e-07
-5.49533  4.13628e-07
-5.48456  6.02229e-07
-5.47513  3.68091e-07
-5.46179  8.81026e-07
-5.44786  7.65834e-07
-5.43645  7.92823e-07
-5.42218  2.8295e-07
-5.41123  1.18021e-06
-5.39845  7.52416e-07
-5.38957  6.59893e-07
-5.3746  8.47592e-07
-5.36375  8.49282e-07
-5.34952  1.11596e-06
-5.33822  7.12888e-07
-5.32717  1.15325e-06
-5.31478  8.2372e-07
-5.30312  9.11728e-07
-5.28924  1.5583e-06
-5.27702  1.07883e-06
-5.26579  6.46435e-07
-5.25622  1.11796e-06
-5.24495  1.1744e-06
-5.23353  1.44565e-06
-5.22378  1.00577e-06
-5.21104  1.23027e-06
-5.19996  1.26697e-06
-5.18877  1.56997e-06
-5.17752  1.35757e-06
-5.16747  1.24305e-06
-5.15386  1.71112e-06
-5.14548  1.22393e-06
-5.13546  1.49323e-06
-5.12234  1.60683e-06
-5.11247  1.37885e-06
-5.10059  2.4417e-06
-5.08955  1.4566e-06
-5.07965  1.58574e-06
-5.06838  1.88669e-06
-5.05796  1.88745e-06
-5.0487  1.7592e-06
-5.03663  1.86778e-06
-5.02708  1.89734e-06
-5.01603  2.76406e-06
-5.00355  2.29244e-06
-4.99329  1.60377e-06
-4.98315  2.60299e-06
-4.97215  2.57016e-06
-4.96177  2.01813e-06
-4.9507  2.69883e-06
-4.94132  2.77753e-06
-4.92929  2.62808e-06
-4.918  2.8388e-06
-4.90634  3.10544e-06
-4.89623  3.02517e-06
-4.88518  2.43594e-06
-4.87516  3.65124e-06
-4.86449  3.019e-06
-4.85223  3.71913e-06
-4.84118  3.66627e-06
-4.83033  3.35158e-06
-4.81999  3.36175e-06
-4.81027  2.90965e-06
-4.80006  4.42692e-06
-4.78896  3.82989e-06
-4.77725  4.70584e-06
-4.76742  3.5038e-06
-4.75601  4.42962e-06
-4.74592  4.19837e-06
-4.73445  5.42662e-06
-4.72332  3.85101e-06
-4.71266  5.38957e-06
-4.70222  4.12833e-06
-4.69188  5.02313e-06
-4.68212  5.29287e-06
-4.67186  4.85285e-06
-4.66117  5.28011e-06
-4.65047  5.66593e-06
-4.64044  5.31005e-06
-4.63012  6.02159e-06
-4.62026  5.29014e-06
-4.60954  6.47727e-06
-4.59806  7.11991e-06
-4.58754  6.19443e-06
-4.57611  7.61582e-06
-4.56549  6.23805e-06
-4.55476  7.21808e-06
-4.5447  7.66137e-06
-4.53354  7.23685e-06
-4.52272  8.24468e-06
-4.51153  7.94021e-06
-4.50056  9.04356e-06
-4.48965  7.28626e-06
-4.47909  9.76521e-06
-4.46851  8.67332e-06
-4.45748  8.73277e-06
-4.44767  8.25299e-06
-4.43729  1.01076e-05
-4.42646  1.05226e-05
-4.41533  8.7504e-06
-4.40562  1.07854e-05
-4.39417  1.10167e-05
-4.38397  1.00579e-05
-4.37391  9.8606e-06
-4.36384  1.21161e-05
-4.35277  1.1722e-05
-4.34251  1.12601e-05
-4.33139  1.32933e-05
-4.32026  1.37591e-05
-4.30864  1.31522e-05
-4.29855  1.26908e-05
-4.28808  1.43527e-05
-4.27662  1.38555e-05
-4.26606  1.49272e-05
-4.25535  1.3722e-05
-4.24542  1.46954e-05
-4.23479  1.5781e-05
-4.22406  1.55592e-05
-4.21344  1.57532e-05
-4.2032  1.65223e-05
-4.19278  1.64429e-05
-4.18185  1.80425e-05
-4.17135  1.74568e-05
-4.1606  1.84614e-05
-4.14941  2.0869e-05
-4.13923  1.65474e-05
-4.1288  1.98076e-05
-4.11839  1.9539e-05
-4.10798  2.08451e-05
-4.09766  1.8781e-05
-4.08741  2.29035e-05
-4.07675  2.05291e-05
-4.06643  2.23246e-05
-4.05611  2.26167e-05
-4.04539  2.41536e-05
-4.03439  2.5041e-05
-4.02382  2.41999e-05
-4.01346  2.50682e-05
-4.00274  2.6046e-05
-3.99225  2.58707e-05
-3.98205  2.57986e-05
-3.97137  2.9624e-05
-3.96083  2.59888e-05
-3.95026  3.03527e-05
-3.93999  2.82477e-05
-3.92942  2.98136e-05
-3.91877  3.24396e-05
-3.90815  3.07783e-05
-3.8976  3.22946e-05
-3.88701  3.29831e-05
-3.87674  3.26982e-05
-3.86605  3.68117e-05
-3.85541  3.32876e-05
-3.84492  3.75363e-05
-3.83425  3.6937e-05
-3.82345  3.85038e-05
-3.81277  3.89058e-05
-3.80228  3.90297e-05
-3.79171  4.11016e-05
-3.78091  4.04567e-05
-3.77073  4.22965e-05
-3.75979  4.42876e-05
-3.74929  4.24474e-05
-3.73889  4.54457e-05
-3.72847  4.39381e-05
-3.7178  4.98445e-05
-3.70719  4.58797e-05
-3.69663  4.97987e-05
-3.68585  5.18685e-05
-3.67534  4.8463e-05
-3.66487  5.34548e-05
-3.65428  5.20286e-05
-3.64401  5.24794e-05
-3.63355  5.6197e-05
-3.62313  5.39916e-05
-3.613  5.58405e-05
-3.60253  5.94065e-05
-3.59224  5.7874e-05
-3.58162  6.25488e-05
-3.57103  6.29431e-05
-3.5602  6.56963e-05
-3.54944  6.59937e-05
-3.53917  6.21607e-05
-3.52882  6.89059e-05
-3.51861  6.53352e-05
-3.50805  7.24291e-05
-3.49731  7.27953e-05
-3.48697  7.07513e-05
-3.47663  7.42788e-05
-3.46617  7.49059e-05
-3.4558  7.62794e-05
-3.44538  7.96093e-05
-3.43494  7.86911e-05
-3.42452  8.17579e-05
-3.41405  8.32859e-05
-3.4039  7.99667e-05
-3.39363  8.80077e-05
-3.38318  8.66615e-05
-3.3727  9.05606e-05
-3.36236  9.07402e-05
-3.35189  9.35148e-05
-3.34151  9.32553e-05
-3.33112  9.70797e-05
-3.32088  9.42548e-05
-3.31061  9.98946e-05
-3.30035  9.88381e-05
-3.29029  0.000100858
-3.2799  0.000107116
-3.26942  0.000107153
-3.25908  0.000107225
-3.24876  0.000113147
-3.23831  0.000112578
-3.22807  0.000113207
-3.21767  0.000118598
-3.20733  0.000117322
-3.19701  0.000121653
-3.18663  0.000124151
-3.17632  0.000122867
-3.16606  0.000128063
-3.15572  0.000130203
-3.14539  0.000131062
-3.1352  0.000132575
-3.12495  0.00013586
-3.11473  0.000137028
-3.10448  0.0001403
-3.09432  0.000140862
-3.08402  0.000148305
-3.07367  0.00014617
-3.0635  0.000149978
-3.05315  0.000154708
-3.04296  0.000152182
-3.03263  0.000162793
-3.02227  0.000160556
-3.01198  0.000164427
-3.00172  0.000164548
-2.99135  0.00017378
-2.98101  0.000169813
-2.97092  0.000170316
-2.96065  0.000181822
-2.95016  0.000184111
-2.93984  0.00018178
-2.9297  0.000184308
-2.91944  0.000191073
-2.90914  0.000191817
-2.8989  0.000196265
-2.88864  0.000197189
-2.87844  0.000199957
-2.86823  0.000203607
-2.85794  0.000211224
-2.84752  0.00021498
-2.83726  0.000212953
-2.827  0.000219976
-2.81674  0.000219434
-2.80656  0.000224243
-2.79633  0.0002274
-2.78619  0.000227311
-2.77609  0.000232396
-2.76585  0.000241505
-2.75548  0.000245032
-2.74514  0.000248711
-2.73493  0.000246045
-2.7248  0.000252648
-2.71462  0.000255408
-2.70432  0.000266455
-2.6941  0.000258523
-2.68406  0.000264177
-2.6739  0.00027307
-2.66369  0.00027556
-2.65351  0.000280225
-2.64328  0.000285187
-2.63308  0.00028718
-2.62293  0.000291504
-2.61271  0.000297811
-2.60243  0.000304412
-2.59219  0.000303189
-2.582  0.000309975
-2.57184  0.000311588
-2.56169  0.000317276
-2.55153  0.000321222
-2.54147  0.00032276
-2.53132  0.000333108
-2.52113  0.000333927
-2.51095  0.000340809
-2.50069  0.000350068
-2.49046  0.000348245
-2.4803  0.000355944
-2.47004  0.000364501
-2.45978  0.000365599
-2.44958  0.00037186
-2.43942  0.000371031
-2.42926  0.000381609
-2.41907  0.000381592
-2.4089  0.000392195
-2.39875  0.000389013
-2.38864  0.000401472
-2.37845  0.000406147
-2.36829  0.000410932
-2.35816  0.000412278
-2.34798  0.00042577
-2.33779  0.000422735
-2.32768  0.000431237
-2.31748  0.000439284
-2.30725  0.000447852
-2.29707  0.000445896
-2.28697  0.000452783
-2.27686  0.000460038
-2.26671  0.000466474
-2.25647  0.000479023
-2.24627  0.000473452
-2.23613  0.000485217
-2.22592  0.000493858
-2.21579  0.000491169
-2.20571  0.000499289
-2.19555  0.000513079
-2.18536  0.000513848
-2.17523  0.000519051
-2.16507  0.000528798
-2.15487  0.000533532
-2.14474  0.000536564
-2.13461  0.000549472
-2.12441  0.000556908
-2.1142  0.000563099
-2.10403  0.000565156
-2.09388  0.000572899
-2.08372  0.000578921
-2.07359  0.000583866
-2.06348  0.000590593
-2.05333  0.000604181
-2.04315  0.000606578
-2.03304  0.00061407
-2.02285  0.000627854
-2.01267  0.000623106
-2.00254  0.000636131
-1.99244  0.000633838
-1.98236  0.000650656
-1.97222  0.00065754
-1.96211  0.000660702
-1.95193  0.00068251
-1.94172  0.000680936
-1.93162  0.000680016
-1.92153  0.000691527
-1.91135  0.000708366
-1.90116  0.000709482
-1.89107  0.000714572
-1.88097  0.000727027
-1.87089  0.000724516
-1.86082  0.000741272
-1.85061  0.000761089
-1.84043  0.000749449
-1.83034  0.000762331
-1.82026  0.000768882
-1.81013  0.000787709
-1.8  0.000788661
-1.7899  0.000797523
-1.77981  0.00080219
-1.76969  0.000816578
-1.75955  0.000821388
-1.74941  0.000833102
-1.73924  0.000846633
-1.72909  0.000849829
-1.71896  0.000864389
-1.70882  0.000867171
-1.69874  0.000869959
-1.68867  0.000879235
-1.67853  0.000901743
-1.66838  0.000899556
-1.65827  0.000918469
-1.64814  0.000919538
-1.63803  0.000932454
-1.6279  0.000943218
-1.61772  0.000955187
-1.60758  0.000952857
-1.59746  0.000973481
-1.58738  0.000971451
-1.57727  0.000995162
-1.5671  0.00100494
-1.55698  0.000999465
-1.54686  0.00102208
-1.53673  0.00102132
-1.52668  0.00102448
-1.51661  0.00105377
-1.50643  0.00107125
-1.49625  0.00107258
-1.48614  0.00107244
-1.47604  0.00108504
-1.46592  0.0010969
-1.45537  0.00120805
-1.44476  0.00113315
-1.4346  0.00113485
-1.4245  0.00114302
-1.41438  0.00115332
-1.40429  0.00115234
-1.39419  0.00117677
-1.38404  0.00119133
-1.37391  0.00119974
-1.36383  0.00120296
-1.35372  0.00123222
-1.34363  0.00121607
-1.33358  0.00123408
-1.32347  0.00125218
-1.31338  0.00125744
-1.30331  0.00128391
-1.29321  0.001285
-1.28316  0.00129538
-1.27308  0.00131475
-1.26291  0.00133095
-1.25277  0.00132686
-1.2427  0.00134716
-1.23261  0.00136367
-1.22252  0.00137931
-1.21242  0.00138445
-1.20234  0.00139514
-1.19222  0.00140961
-1.18212  0.00141178
-1.17205  0.00143645
-1.16194  0.00146189
-1.15179  0.00147833
-1.14167  0.00147398
-1.13158  0.00148872
-1.12143  0.00150893
-1.1113  0.00150669
-1.10124  0.00152481
-1.09119  0.00154555
-1.08113  0.00156293
-1.07108  0.00156104
-1.06097  0.00159794
-1.05086  0.00157876
-1.04082  0.00160281
-1.03074  0.00163556
-1.02016  0.0018083
-1.0096  0.00167178
-0.999516  0.00166969
-0.989446  0.00168567
-0.979343  0.00169369
-0.969257  0.00171596
-0.959206  0.0017293
-0.949181  0.00175427
-0.939083  0.00179291
-0.928976  0.00177622
-0.918951  0.00178373
-0.908854  0.00181079
-0.898766  0.00182008
-0.888704  0.00185967
-0.878615  0.00188409
-0.868471  0.00191573
-0.858323  0.00190572
-0.848269  0.00190443
-0.838197  0.001916
-0.828081  0.00196556
-0.817997  0.00197682
-0.80795  0.00200858
-0.797896  0.00201107
-0.787854  0.00203068
-0.777733  0.0020632
-0.76758  0.00204225
-0.757527  0.00208116
-0.747465  0.00212915
-0.737369  0.0021542
-0.727288  0.00216193
-0.717231  0.00217348
-0.707176  0.0021652
-0.697084  0.00222077
-0.687001  0.00224213
-0.676939  0.002283
-0.666855  0.00229392
-0.656774  0.0023158
-0.646703  0.00229409
-0.636598  0.0023606
-0.626529  0.00238126
-0.616484  0.00242641
-0.606387  0.00245261
-0.596328  0.00244245
-0.586294  0.0024407
-0.576206  0.00250519
-0.566137  0.00255422
-0.555607  0.00282925
-0.545035  0.00263155
-0.534923  0.00262374
-0.524809  0.00262388
-0.514729  0.00266747
-0.504673  0.00275046
-0.494613  0.00277465
-0.484546  0.00281205
-0.474486  0.00279633
-0.464414  0.00281174
-0.454306  0.00287737
-0.444248  0.00294949
-0.434241  0.00298288
-0.424215  0.00302775
-0.414117  0.00303509
-0.404067  0.00301401
-0.394001  0.0030857
-0.383976  0.00321836
-0.373932  0.00325691
-0.36388  0.00327651
-0.353819  0.00329827
-0.343735  0.00327601
-0.333606  0.00339753
-0.323099  0.00386559
-0.312537  0.00360881
-0.302437  0.00362166
-0.292319  0.00362098
-0.282241  0.00357921
-0.272168  0.00377035
-0.262159  0.00394535
-0.252134  0.00398768
-0.242086  0.00401457
-0.23205  0.00398774
-0.221989  0.00399333
-0.211875  0.00429088
-0.201873  0.0044976
-0.191858  0.00453837
-0.181811  0.00458953
-0.17173  0.00454703
-0.161669  0.00452307
-0.151566  0.00506413
-0.141568  0.00535259
-0.131561  0.00536651
-0.121515  0.00542742
-0.11142  0.00537927
-0.101318  0.00537831
-0.0912447  0.00647091
-0.0812975  0.00690272
-0.0712291  0.00694954
-0.0611915  0.00688775
-0.0511414  0.0069644
-0.0410815  0.00693276
-0.0305096  0.0104991
-0.0209984  0.0127489
-0.0108961  0.013847
-0.00284315  0.0101345
0.00284315  0.0101345
0.0108961  0.013847
0.0209984  0.0127489
0.0305096  0.0104991
0.0410815  0.00693276
0.0511414  0.0069644
0.0611915  0.00688775
0.0712291  0.00694954
0.0812975  0.00690272
0.0912447  0.00647091
0.101318  0.00537831
0.11142  0.00537927
0.121515  0.00542742
0.131561  0.00536651
0.141568  0.00535259
0.151566  0.00506413
0.161669  0.00452307
0.17173  0.00454703
0.181811  0.00458953
0.191858  0.00453837
0.201873  0.0044976
0.211875  0.00429088
0.221989  0.00399333
0.23205  0.00398774
0.242086  0.00401457
0.252134  0.00398768
0.262159  0.00394535
0.272168  0.00377035
0.282241  0.00357921
0.292319  0.00362098
0.302437  0.00362166
0.312537  0.00360881
0.323099  0.00386559
0.333606  0.00339753
0.343735  0.00327601
0.353819  0.00329827
0.36388  0.00327651
0.373932  0.00325691
0.383976  0.00321836
0.394001  0.0030857
0.404067  0.00301401
0.414117  0.00303509
0.424215  0.00302775
0.434241  0.00298288
0.444248  0.00294949
0.454306  0.00287737
0.464414  0.00281174
0.474486  0.00279633
0.484546  0.00281205
0.494613  0.00277465
0.504673  0.00275046
0.514729  0.00266747
0.524809  0.00262388
0.534923  0.00262374
0.545035  0.00263155
0.555607  0.00282925
0.566137  0.00255422
0.576206  0.00250519
0.586294  0.0024407
0.596328  0.00244245
0.606387  0.00245261
0.616484  0.00242641
0.626529  0.00238126
0.636598  0.0023606
0.646703  0.00229409
0.656774  0.0023158
0.666855  0.00229392
0.676939  0.002283
0.687001  0.00224213
0.697084  0.00222077
0.707176  0.0021652
0.717231  0.00217348
0.727288  0.00216193
0.737369  0.0021542
0.747465  0.00212915
0.757527  0.00208116
0.76758  0.00204225
0.777733  0.0020632
0.787854  0.00203068
0.797896  0.00201107
0.80795  0.00200858
0.817997  0.00197682
0.828081  0.00196556
0.838197  0.001916
0.848269  0.00190443
0.858323  0.00190572
0.868471  0.00191573
0.878615  0.00188409
0.888704  0.00185967
0.898766  0.00182008
0.908854  0.00181079
0.918951  0.00178373
0.928976  0.00177622
0.939083  0.00179291
0.949181  0.00175427
0.959206  0.0017293
0.969257  0.00171596
0.979343  0.00169369
0.989446  0.00168567
0.999516  0.00166969
1.0096  0.00167178
1.02016  0.0018083
1.03074  0.00163556
1.04082  0.00160281
1.05086  0.00157876
1.06097  0.00159794
1.07108  0.00156104
1.08113  0.00156293
1.09119  0.00154555
1.10124  0.00152481
1.1113  0.00150669
1.12143  0.00150893
1.13158  0.00148872
1.14167  0.00147398
1.15179  0.00147833
1.16194  0.00146189
1.17205  0.00143645
1.18212  0.00141178
1.19222  0.00140961
1.20234  0.00139514
1.21242  0.00138445
1.22252  0.00137931
1.23261  0.00136367
1.2427  0.00134716
1.25277  0.00132686
1.26291  0.00133095
1.27308  0.00131475
1.28316  0.00129538
1.29321  0.001285
1.30331  0.00128391
1.31338  0.00125744
1.32347  0.00125218
1.33358  0.00123408
1.34363  0.00121607
1.35372  0.00123222
1.36383  0.00120296
1.37391  0.00119974
1.38404  0.00119133
1.39419  0.00117677
1.40429  0.00115234
1.41438  0.00115332
1.4245  0.00114302
1.4346  0.00113485
1.44476  0.00113315
1.45537  0.00120805
1.46592  0.0010969
1.47604  0.00108504
1.48614  0.00107244
1.49625  0.00107258
1.50643  0.00107125
1.51661  0.00105377
1.52668  0.00102448
1.53673  0.00102132
1.54686  0.00102208
1.55698  0.000999465
1.5671  0.00100494
1.57727  0.000995162
1.58738  0.000971451
1.59746  0.000973481
1.60758  0.000952857
1.61772  0.000955187
1.6279  0.000943218
1.63803  0.000932454
1.64814  0.000919538
1.65827  0.000918469
1.66838  0.000899556
1.67853  0.000901743
1.68867  0.000879235
1.69874  0.000869959
1.70882  0.000867171
1.71896  0.000864389
1.72909  0.000849829
1.73924  0.000846633
1.74941  0.000833102
1.75955  0.000821388
1.76969  0.000816578
1.77981  0.00080219
1.7899  0.000797523
1.8  0.000788661
1.81013  0.000787709
1.82026  0.000768882
1.83034  0.000762331
1.84043  0.000749449
1.85061  0.000761089
1.86082  0.000741272
1.87089  0.000724516
1.88097  0.000727027
1.89107  0.000714572
1.90116  0.000709482
1.91135  0.000708366
1.92153  0.000691527
1.93162  0.000680016
1.94172  0.000680936
1.95193  0.00068251
1.96211  0.000660702
1.97222  0.00065754
1.98236  0.000650656
1.99244  0.000633838
2.00254  0.000636131
2.01267  0.000623106
2.02285  0.000627854
2.03304  0.00061407
2.04315  0.000606578
2.05333  0.000604181
2.06348  0.000590593
2.07359  0.000583866
2.08372  0.000578921
2.09388  0.000572899
2.10403  0.000565156
2.1142  0.000563099
2.12441  0.000556908
2.13461  0.000549472
2.14474  0.000536564
2.15487  0.000533532
2.16507  0.000528798
2.17523  0.000519051
2.18536  0.000513848
2.19555  0.000513079
2.20571  0.000499289
2.21579  0.000491169
2.22592  0.000493858
2.23613  0.000485217
2.24627  0.000473452
2.25647  0.000479023
2.26671  0.000466474
2.27686  0.000460038
2.28697  0.000452783
2.29707  0.000445896
2.30725  0.000447852
2.31748  0.000439284
2.32768  0.000431237
2.33779  0.000422735
2.34798  0.00042577
2.35816  0.000412278
2.36829  0.000410932
2.37845  0.000406147
2.38864  0.000401472
2.39875  0.000389013
2.4089  0.000392195
2.41907  0.000381592
2.42926  0.000381609
2.43942  0.000371031
2.44958  0.00037186
2.45978  0.000365599
2.47004  0.000364501
2.4803  0.000355944
2.49046  0.000348245
2.50069  0.000350068
2.51095  0.000340809
2.52113  0.000333927
2.53132  0.000333108
2.54147  0.00032276
2.55153  0.000321222
2.56169  0.000317276
2.57184  0.000311588
2.582  0.000309975
2.59219  0.000303189
2.60243  0.000304412
2.61271  0.000297811
2.62293  0.000291504
2.63308  0.00028718
2.64328  0.000285187
2.65351  0.000280225
2.66369  0.00027556
2.6739  0.00027307
2.68406  0.000264177
2.6941  0.000258523
2.70432  0.000266455
2.71462  0.000255408
2.7248  0.000252648
2.73493  0.000246045
2.74514  0.000248711
2.75548  0.000245032
2.76585  0.000241505
2.77609  0.000232396
2.78619  0.000227311
2.79633  0.0002274
2.80656  0.000224243
2.81674  0.000219434
2.827  0.000219976
2.83726  0.000212953
2.84752  0.00021498
2.85794  0.000211224
2.86823  0.000203607
2.87844  0.000199957
2.88864  0.000197189
2.8989  0.000196265
2.90914  0.000191817
2.91944  0.000191073
2.9297  0.000184308
2.93984  0.00018178
2.95016  0.000184111
2.96065  0.000181822
2.97092  0.000170316
2.98101  0.000169813
2.99135  0.00017378
3.00172  0.000164548
3.01198  0.000164427
3.02227  0.000160556
3.03263  0.000162793
3.04296  0.000152182
3.05315  0.000154708
3.0635  0.000149978
3.07367  0.00014617
3.08402  0.000148305
3.09432  0.000140862
3.10448  0.0001403
3.11473  0.000137028
3.12495  0.00013586
3.1352  0.000132575
3.14539  0.000131062
3.15572  0.000130203
3.16606  0.000128063
3.17632  0.000122867
3.18663  0.000124151
3.19701  0.000121653
3.20733  0.000117322
3.21767  0.000118598
3.22807  0.000113207
3.23831  0.000112578
3.24876  0.000113147
3.25908  0.000107225
3.26942  0.000107153
3.2799  0.000107116
3.29029  0.000100858
3.30035  9.88381e-05
3.31061  9.98946e-05
3.32088  9.42548e-05
3.33112  9.70797e-05
3.34151  9.32553e-05
3.35189  9.35148e-05
3.36236  9.07402e-05
3.3727  9.05606e-05
3.38318  8.66615e-05
3.39363  8.80077e-05
3.4039  7.99667e-05
3.41405  8.32859e-05
3.42452  8.17579e-05
3.43494  7.86911e-05
3.44538  7.96093e-05
3.4558  7.62794e-05
3.46617  7.49059e-05
3.47663  7.42788e-05
3.48697  7.07513e-05
3.49731  7.27953e-05
3.50805  7.24291e-05
3.51861  6.53352e-05
3.52882  6.89059e-05
3.53917  6.21607e-05
3.54944  6.59937e-05
3.5602  6.56963e-05
3.57103  6.29431e-05
3.58162  6.25488e-05
3.59224  5.7874e-05
3.60253  5.94065e-05
3.613  5.58405e-05
3.62313  5.39916e-05
3.63355  5.6197e-05
3.64401  5.24794e-05
3.65428  5.20286e-05
3.66487  5.34548e-05
3.67534  4.8463e-05
3.68585  5.18685e-05
3.69663  4.97987e-05
3.70719  4.58797e-05
3.7178  4.98445e-05
3.72847  4.39381e-05
3.73889  4.54457e-05
3.74929  4.24474e-05
3.75979  4.42876e-05
3.77073  4.22965e-05
3.78091  4.04567e-05
3.79171  4.11016e-05
3.80228  3.90297e-05
3.81277  3.89058e-05
3.82345  3.85038e-05
3.83425  3.6937e-05
3.84492  3.75363e-05
3.85541  3.32876e-05
3.86605  3.68117e-05
3.87674  3.26982e-05
3.88701  3.29831e-05
3.8976  3.22946e-05
3.90815  3.07783e-05
3.91877  3.24396e-05
3.92942  2.98136e-05
3.93999  2.82477e-05
3.95026  3.03527e-05
3.96083  2.59888e-05
3.97137  2.9624e-05
3.98205  2.57986e-05
3.99225  2.58707e-05
4.00274  2.6046e-05
4.01346  2.50682e-05
4.02382  2.41999e-05
4.03439  2.5041e-05
4.04539  2.41536e-05
4.05611  2.26167e-05
4.06643  2.23246e-05
4.07675  2.05291e-05
4.08741  2.29035e-05
4.09766  1.8781e-05
4.10798  2.08451e-05
4.11839  1.9539e-05
4.1288  1.98076e-05
4.13923  1.65474e-05
4.14941  2.0869e-05
4.1606  1.84614e-05
4.17135  1.74568e-05
4.18185  1.80425e-05
4.19278  1.64429e-05
4.2032  1.65223e-05
4.21344  1.57532e-05
4.22406  1.55592e-05
4.23479  1.5781e-05
4.24542  1.46954e-05
4.25535  1.3722e-05
4.26606  1.49272e-05
4.27662  1.38555e-05
4.28808  1.43527e-05
4.29855  1.26908e-05
4.30864  1.31522e-05
4.32026  1.37591e-05
4.33139  1.32933e-05
4.34251  1.12601e-05
4.35277  1.1722e-05
4.36384  1.21161e-05
4.37391  9.8606e-06
4.38397  1.00579e-05
4.39417  1.10167e-05
4.40562  1.07854e-05
4.41533  8.7504e-06
4.42646  1.05226e-05
4.43729  1.01076e-05
4.44767  8.25299e-06
4.45748  8.73277e-06
4.46851  8.67332e-06
4.47909  9.76521e-06
4.48965  7.28626e-06
4.50056  9.04356e-06
4.51153  7.94021e-06
4.52272  8.24468e-06
4.53354  7.23685e-06
4.5447  7.66137e-06
4.55476  7.21808e-06
4.56549  6.23805e-06
4.57611  7.61582e-06
4.58754  6.19443e-06
4.59806  7.11991e-06
4.60954  6.47727e-06
4.62026  5.29014e-06
4.63012  6.02159e-06
4.64044  5.31005e-06
4.65047  5.66593e-06
4.66117  5.28011e-06
4.67186  4.85285e-06
4.68212  5.29287e-06
4.69188  5.02313e-06
4.70222  4.12833e-06
4.71266  5.38957e-06
4.72332  3.85101e-06
4.73445  5.42662e-06
4.74592  4.19837e-06
4.75601  4.42962e-06
4.76742  3.5038e-06
4.77725  4.70584e-06
4.78896  3.82989e-06
4.80006  4.42692e-06
4.81027  2.90965e-06
4.81999  3.36175e-06
4.83033  3.35158e-06
4.84118  3.66627e-06
4.85223  3.71913e-06
4.86449  3.019e-06
4.87516  3.65124e-06
4.88518  2.43594e-06
4.89623  3.02517e-06
4.90634  3.10544e-06
4.918  2.8388e-06
4.92929  2.62808e-06
4.94132  2.77753e-06
4.9507  2.69883e-06
4.96177  2.01813e-06
4.97215  2.57016e-06
4.98315  2.60299e-06
4.99329  1.60377e-06
5.00355  2.29244e-06
5.01603  2.76406e-06
5.02708  1.89734e-06
5.03663  1.86778e-06
5.0487  1.7592e-06
5.05796  1.88745e-06
5.06838  1.88669e-06
5.07965  1.58574e-06
5.08955  1.4566e-06
5.10059  2.4417e-06
5.11247  1.37885e-06
5.12234  1.60683e-06
5.13546  1.49323e-06
5.14548  1.22393e-06
5.15386  1.71112e-06
5.16747  1.24305e-06
5.17752  1.35757e-06
5.18877  1.56997e-06
5.19996  1.26697e-06
5.21104  1.23027e-06
5.22378  1.00577e-06
5.23353  1.44565e-06
5.24495  1.1744e-06
5.25622  1.11796e-06
5.26579  6.46435e-07
5.27702  1.07883e-06
5.28924  1.5583e-06
5.30312  9.11728e-07
5.31478  8.2372e-07
5.32717  1.15325e-06
5.33822  7.12888e-07
5.34952  1.11596e-06
5.36375  8.49282e-07
5.3746  8.47592e-07
5.38957  6.59893e-07
5.39845  7.52416e-07
5.41123  1.18021e-06
5.42218  2.8295e-07
5.43645  7.92823e-07
5.44786  7.65834e-07
5.46179  8.81026e-07
5.47513  3.68091e-07
5.48456  6.02229e-07
5.49533  4.13628e-07
5.51072  8.01599e-07
5.52139  4.05232e-07
5.53153  6.10834e-07
5.54493  5.3606e-07
5.55878  3.81939e-07
5.56981  3.87645e-07
5.57913  3.22226e-07
5.59166  7.29999e-07
5.6014  3.07721e-07
5.61845  3.18227e-07
5.63048  3.948e-07
5.64647  5.78768e-07
5.65774  3.70275e-07
5.66974  3.18015e-07
5.68404  4.2292e-07
5.706  4.70857e-07
5.7223  4.34441e-07
5.74245  4.90726e-07
5.75912  5.64794e-08
5.7651  3.38273e-07
5.78065  2.79837e-07
5.79953  1.57303e-07
5.80774  3.11293e-07
5.82454  4.74489e-07
5.84731  2.07076e-07
5.86414  4.65983e-08
5.87179  2.29046e-07
5.88937  3.81985e-07
5.91745  3.13016e-07
5.93297  5.10861e-08
5.93975  1.43836e-07
5.96136  2.73677e-07
5.99058  2.79982e-07
6.01178  2.13486e-07
6.04063  2.70887e-07
6.06948  8.3478e-08
6.08757  8.17445e-08
6.0973  1.37532e-07
6.12443  2.83126e-07
6.15454  3.03091e-08
6.17487  3.65588e-08
6.18491  1.49268e-07
6.21516  1.68831e-07
6.24818  1.08442e-07
6.27052  6.5401e-09
6.27993  1.24034e-07
6.31477  5.0013e-08
6.3515  1.45496e-07
6.38573  8.53632e-08
6.42502  5.48297e-08
6.46673  8.67606e-08
6.50519  4.02434e-08
6.54961  9.80864e-08
6.597  1.94011e-08
6.64037  1.79187e-08
6.69198  8.77348e-08
6.79693  2.4797e-08
6.85802  3.92378e-08
6.98317  2.95733e-08
7.05724  7.01937e-09
7.21222  1.98392e-08
7.50982  7.09819e-09
7.93542  1.05818e-09
