-7.91049  1.01612e-09
-7.48697  6.82431e-09
-7.19039  1.90969e-08
-7.03616  6.77655e-09
-6.96194  2.85013e-08
-6.83733  3.79265e-08
-6.7761  2.39271e-08
-6.67156  8.49055e-08
-6.62038  1.72752e-08
-6.57693  1.88305e-08
-6.5294  9.50385e-08
-6.48608  3.87248e-08
-6.4468  8.43113e-08
-6.40496  5.31904e-08
-6.36671  8.22186e-08
-6.33168  1.4156e-07
-6.29565  4.83769e-08
-6.26059  1.26129e-07
-6.22845  1.05636e-07
-6.1963  1.63286e-07
-6.16462  1.79871e-07
-6.13489  2.95609e-08
-6.10556  2.74161e-07
-6.07618  2.11658e-07
-6.05074  8.10718e-08
-6.02229  2.6226e-07
-5.99478  2.05029e-07
-5.97183  2.72242e-07
-5.94471  2.63392e-07
-5.9355  5.88212e-09
-5.92032  1.81339e-07
-5.89869  3.04732e-07
-5.87317  3.66324e-07
-5.86488  3.29206e-08
-5.85203  2.33367e-07
-5.82985  2.00534e-07
-5.80629  5.30352e-07
-5.78683  3.78637e-07
-5.76494  2.68437e-07
-5.75829  3.26902e-08
-5.74419  4.31599e-07
-5.72479  3.88729e-07
-5.70398  5.64771e-07
-5.68699  3.08323e-07
-5.67849  4.8086e-08
-5.66694  3.72752e-07
-5.64748  6.51545e-07
-5.63021  5.9551e-07
-5.61199  4.8094e-07
-5.59363  3.78136e-07
-5.57707  7.83064e-07
-5.55951  6.72978e-07
-5.54464  3.78285e-07
-5.52681  7.52039e-07
-5.51053  7.41296e-07
-5.49598  7.70736e-07
-5.47837  6.81662e-07
-5.46498  5.53378e-07
-5.44849  9.19129e-07
-5.43306  8.93058e-07
-5.4218  6.26645e-07
-5.40376  8.00399e-07
-5.39034  1.10048e-06
-5.3773  8.63705e-07
-5.36199  7.68309e-07
-5.34943  9.98989e-07
-5.33485  9.39628e-07
-5.32196  1.13029e-06
-5.31014  9.65859e-07
-5.29653  8.0084e-07
-5.28303  1.32247e-06
-5.271  1.1359e-06
-5.25961  9.46508e-07
-5.24628  1.19166e-06
-5.23332  1.22884e-06
-5.22232  1.28742e-06
-5.21176  1.18683e-06
-5.19825  1.18017e-06
-5.18702  1.21991e-06
-5.17641  1.50434e-06
-5.16461  1.38287e-06
-5.15441  1.16989e-06
-5.14147  1.62145e-06
-5.1313  1.38756e-06
-5.12245  1.35538e-06
-5.10952  1.36561e-06
-5.09928  1.54219e-06
-5.08929  1.80724e-06
-5.07919  1.55478e-06
-5.06798  1.93359e-06
-5.0548  1.79053e-06
-5.04511  1.81204e-06
-5.03645  1.6294e-06
-5.02415  1.76479e-06
-5.01412  2.0577e-06
-5.0032  2.61694e-06
-4.99053  2.3003e-06
-4.97815  2.09377e-06
-4.96741  2.58094e-06
-4.95707  2.33831e-06
-4.94472  2.28945e-06
-4.93264  3.88326e-06
-4.91999  2.39146e-06
-4.90978  1.88596e-06
-4.90048  2.66578e-06
-4.88939  3.51982e-06
-4.87664  3.00606e-06
-4.86584  2.9304e-06
-4.8549  3.81571e-06
-4.84329  2.64231e-06
-4.83333  3.01192e-06
-4.82359  3.70049e-06
-4.81131  3.56425e-06
-4.80001  3.85276e-06
-4.78825  4.36355e-06
-4.77733  3.2923e-06
-4.76659  4.38623e-06
-4.75729  3.40193e-06
-4.74475  4.53207e-06
-4.73466  4.48524e-06
-4.72325  4.18966e-06
-4.71289  4.70439e-06
-4.70227  4.14972e-06
-4.69256  4.21082e-06
-4.6819  5.04845e-06
-4.67146  5.57557e-06
-4.66085  4.48783e-06
-4.65007  5.81685e-06
-4.63846  5.11844e-06
-4.62866  5.73756e-06
-4.61749  6.29589e-06
-4.60635  5.72886e-06
-4.59586  6.05012e-06
-4.58514  5.95864e-06
-4.57481  7.06313e-06
-4.56342  6.27839e-06
-4.55318  6.64734e-06
-4.54278  6.71218e-06
-4.53182  8.14526e-06
-4.52054  7.21302e-06
-4.50961  7.61706e-06
-4.49997  6.69587e-06
-4.48981  7.84474e-06
-4.4794  7.8393e-06
-4.46908  7.99829e-06
-4.45827  9.88562e-06
-4.44739  8.03451e-06
-4.43623  9.98362e-06
-4.42521  9.19149e-06
-4.41478  9.9009e-06
-4.40437  8.43779e-06
-4.3938  1.10753e-05
-4.38298  1.00222e-05
-4.37261  1.07686e-05
-4.36151  1.05151e-05
-4.35088  1.18669e-05
-4.34044  1.08222e-05
-4.32984  1.21077e-05
-4.31895  1.12766e-05
-4.30848  1.37649e-05
-4.29758  1.13634e-05
-4.28767  1.30539e-05
-4.2767  1.39727e-05
-4.26581  1.33625e-05
-4.25504  1.44133e-05
-4.24388  1.52465e-05
-4.2336  1.36323e-05
-4.22308  1.53828e-05
-4.21221  1.5939e-05
-4.20157  1.50207e-05
-4.19079  1.80566e-05
-4.18025  1.47632e-05
-4.17014  1.6498e-05
-4.15957  1.82399e-05
-4.14852  1.80651e-05
-4.13802  1.78786e-05
-4.12757  1.96674e-05
-4.11633  1.95981e-05
-4.10566  1.99188e-05
-4.09498  2.02734e-05
-4.08487  1.84697e-05
-4.07529  1.96204e-05
-4.06477  2.22473e-05
-4.05438  2.01723e-05
-4.04462  2.20213e-05
-4.03374  2.39633e-05
-4.02274  2.47419e-05
-4.01213  2.37467e-05
-4.00155  2.54315e-05
-3.99038  2.67806e-05
-3.97949  2.62046e-05
-3.96927  2.53223e-05
-3.95883  2.76699e-05
-3.94807  2.84783e-05
-3.93708  2.84022e-05
-3.92724  2.75903e-05
-3.91636  3.1181e-05
-3.90558  3.16026e-05
-3.89482  3.0859e-05
-3.88429  3.18258e-05
-3.87423  2.91573e-05
-3.86377  3.62602e-05
-3.85313  3.20328e-05
-3.84246  3.77699e-05
-3.83155  3.47066e-05
-3.82135  3.6226e-05
-3.81055  3.67568e-05
-3.80022  3.82807e-05
-3.78962  3.83539e-05
-3.77944  3.85491e-05
-3.76884  4.01386e-05
-3.75825  4.40403e-05
-3.74726  4.26361e-05
-3.73707  4.03566e-05
-3.72664  4.576e-05
-3.71589  4.59593e-05
-3.7054  4.49657e-05
-3.69502  4.67612e-05
-3.68456  4.7968e-05
-3.67387  4.9871e-05
-3.66338  4.98236e-05
-3.65267  5.31721e-05
-3.64202  5.07801e-05
-3.63208  5.03292e-05
-3.62148  5.68934e-05
-3.61098  5.39785e-05
-3.60066  5.58841e-05
-3.5901  5.89059e-05
-3.57971  5.72677e-05
-3.56946  5.90432e-05
-3.55897  6.25903e-05
-3.54851  6.10273e-05
-3.53807  6.44355e-05
-3.52731  6.75133e-05
-3.51644  6.91097e-05
-3.5058  6.94152e-05
-3.49491  7.13759e-05
-3.48444  6.83e-05
-3.47421  7.22218e-05
-3.46359  7.56694e-05
-3.45311  7.22345e-05
-3.44284  7.64361e-05
-3.43245  7.70743e-05
-3.42186  8.19274e-05
-3.41133  7.87674e-05
-3.4011  8.0977e-05
-3.39072  8.46712e-05
-3.38026  8.5337e-05
-3.36976  8.84052e-05
-3.35908  9.11045e-05
-3.34883  8.67637e-05
-3.33862  9.18453e-05
-3.32822  9.30017e-05
-3.31804  9.29386e-05
-3.30793  9.37607e-05
-3.29743  0.000103539
-3.28674  0.000102036
-3.27643  0.000100658
-3.26614  0.00010451
-3.25585  0.000104336
-3.24565  0.00010604
-3.23538  0.000111428
-3.22497  0.000112116
-3.21454  0.000115418
-3.20415  0.000115788
-3.19395  0.000114831
-3.18389  0.000116697
-3.17378  0.00012081
-3.16347  0.000124343
-3.15335  0.000121543
-3.1432  0.000130492
-3.13271  0.000132806
-3.12238  0.000132352
-3.11204  0.000136601
-3.10178  0.000135977
-3.09132  0.000145051
-3.08094  0.000140479
-3.0708  0.000142
-3.06061  0.000146609
-3.05041  0.000148597
-3.04009  0.000153692
-3.0299  0.000151735
-3.01953  0.000162888
-3.00927  0.00015512
-2.99902  0.00016704
-2.98871  0.000161257
-2.97851  0.000169814
-2.96822  0.000170414
-2.95796  0.000173282
-2.94773  0.000175792
-2.93755  0.000177855
-2.92728  0.000184165
-2.91704  0.000183031
-2.90684  0.000188341
-2.89655  0.00019183
-2.88633  0.000193351
-2.87605  0.000198927
-2.86579  0.000198932
-2.85554  0.000204517
-2.84533  0.00020504
-2.83512  0.000210626
-2.82481  0.000216644
-2.81449  0.000217333
-2.80419  0.000221161
-2.79403  0.00022003
-2.78392  0.000223973
-2.77367  0.000233199
-2.76345  0.000230809
-2.75323  0.000239939
-2.74305  0.000236219
-2.73283  0.000248668
-2.72254  0.000249192
-2.71237  0.000248785
-2.70218  0.000257832
-2.69186  0.000262865
-2.68163  0.000259923
-2.67148  0.000267177
-2.6613  0.000269798
-2.65108  0.000277767
-2.64073  0.000285531
-2.63045  0.000280784
-2.62036  0.000284562
-2.61018  0.000292499
-2.59997  0.00029528
-2.58975  0.000301557
-2.57956  0.000301332
-2.56943  0.000307221
-2.55938  0.000306587
-2.54907  0.000329784
-2.53882  0.000314766
-2.52864  0.000334093
-2.51832  0.000330945
-2.5081  0.000336482
-2.49786  0.0003416
-2.48767  0.000342993
-2.47756  0.000347586
-2.4674  0.000355653
-2.45703  0.000370821
-2.44678  0.000358004
-2.43661  0.000375936
-2.4264  0.000369632
-2.41616  0.00038856
-2.40591  0.000378257
-2.39573  0.000395922
-2.38546  0.000394611
-2.37527  0.000402657
-2.36512  0.000401286
-2.35496  0.000415534
-2.34468  0.000418954
-2.33445  0.000423028
-2.32424  0.000428001
-2.31404  0.000434115
-2.30387  0.000433381
-2.29379  0.00044204
-2.28363  0.000451396
-2.27349  0.000451972
-2.26331  0.000467332
-2.25307  0.000467344
-2.24295  0.000466965
-2.23278  0.000483702
-2.22261  0.000480411
-2.21237  0.000502625
-2.2021  0.000497099
-2.19198  0.000499359
-2.18189  0.000506993
-2.17167  0.000524469
-2.16144  0.000519243
-2.15131  0.000526837
-2.14118  0.000531371
-2.13109  0.000537062
-2.12101  0.000546212
-2.11085  0.000555851
-2.10071  0.000559683
-2.09059  0.000563938
-2.08041  0.00057835
-2.07023  0.000578359
-2.06008  0.00058955
-2.04993  0.000593249
-2.03971  0.000611899
-2.0295  0.000608058
-2.0194  0.000612585
-2.00929  0.000621198
-1.99917  0.000624224
-1.98905  0.000638047
-1.97893  0.000639175
-1.96884  0.000651636
-1.95873  0.000656045
-1.94857  0.000672676
-1.93833  0.000682854
-1.92817  0.000676404
-1.91805  0.000687788
-1.90788  0.000698331
-1.89774  0.000703937
-1.88765  0.000706335
-1.87753  0.000728401
-1.86738  0.000723233
-1.85726  0.00073799
-1.84706  0.000751687
-1.83694  0.000738776
-1.82682  0.000767847
-1.81666  0.000765426
-1.80652  0.000781758
-1.79632  0.000793924
-1.78616  0.000793415
-1.77597  0.000810876
-1.76579  0.000807213
-1.75568  0.000815689
-1.74556  0.000827479
-1.73538  0.000844114
-1.72522  0.000844616
-1.71516  0.000847218
-1.70505  0.000871078
-1.69482  0.000881627
-1.68465  0.000876079
-1.67459  0.000880022
-1.66449  0.000905844
-1.65442  0.000895123
-1.6443  0.000932502
-1.63411  0.000924567
-1.62404  0.000932369
-1.61389  0.000950754
-1.60377  0.000944907
-1.59369  0.000965362
-1.58359  0.000973885
-1.57345  0.00099179
-1.56331  0.000993425
-1.55319  0.00100164
-1.54307  0.00101137
-1.53297  0.00102075
-1.52287  0.00102991
-1.51282  0.0010363
-1.50271  0.00106667
-1.49256  0.00106169
-1.48247  0.00106876
-1.47239  0.00107568
-1.46228  0.00109883
-1.45216  0.00110612
-1.44208  0.00111114
-1.432  0.00112872
-1.42192  0.00113514
-1.4118  0.00115068
-1.4017  0.00114657
-1.3916  0.00117355
-1.38145  0.00119168
-1.37125  0.00120867
-1.3611  0.00120391
-1.35103  0.00120858
-1.34098  0.0012192
-1.33088  0.00123362
-1.32072  0.00125988
-1.31062  0.00125024
-1.3006  0.00127325
-1.2905  0.00128918
-1.28035  0.00130635
-1.27024  0.00130307
-1.26011  0.0013236
-1.24953  0.00144794
-1.23897  0.00135522
-1.2284  0.00148656
-1.2179  0.00136517
-1.20777  0.0014015
-1.19718  0.0015131
-1.18663  0.00140897
-1.17652  0.00142781
-1.16643  0.00143462
-1.15633  0.0014663
-1.1462  0.00147258
-1.13609  0.00147449
-1.12597  0.00149097
-1.11579  0.00151714
-1.10569  0.0015044
-1.09564  0.00153701
-1.08554  0.00155714
-1.07546  0.00156071
-1.06539  0.0015688
-1.05533  0.00157603
-1.04521  0.00161797
-1.03509  0.00162301
-1.02501  0.0016316
-1.01493  0.00165782
-1.00483  0.00166102
-0.994698  0.0016777
-0.984597  0.0016887
-0.97457  0.00169978
-0.964505  0.00174156
-0.954341  0.00175878
-0.944234  0.00174786
-0.934176  0.00175596
-0.924094  0.00177258
-0.914044  0.00180482
-0.903966  0.00183378
-0.89389  0.00184625
-0.8838  0.001868
-0.873693  0.00187529
-0.863551  0.00188985
-0.853429  0.00189257
-0.843398  0.00192168
-0.833357  0.00195198
-0.823274  0.00198345
-0.813189  0.00198796
-0.803103  0.00199989
-0.79302  0.00199725
-0.782932  0.00205787
-0.772864  0.00205066
-0.762824  0.0020968
-0.752757  0.00209612
-0.742676  0.00212434
-0.732544  0.0021241
-0.722034  0.00235162
-0.711517  0.00220424
-0.701394  0.00223819
-0.691313  0.00222324
-0.681291  0.0022329
-0.671223  0.00224172
-0.661152  0.00227993
-0.651081  0.0023369
-0.640993  0.00237596
-0.630892  0.00240365
-0.620795  0.00240754
-0.61072  0.00240168
-0.600664  0.00241209
-0.590098  0.00268348
-0.579524  0.00255309
-0.569394  0.0025751
-0.559319  0.0025737
-0.549297  0.00258064
-0.539244  0.00260763
-0.529148  0.00259341
-0.519064  0.00266774
-0.509026  0.00273541
-0.498966  0.00278088
-0.488917  0.00280748
-0.478827  0.00282062
-0.468746  0.00281609
-0.458627  0.00285825
-0.448534  0.00294254
-0.438479  0.00299693
-0.428459  0.00299142
-0.41843  0.00304283
-0.408348  0.00302663
-0.398264  0.00306266
-0.388235  0.00319168
-0.378171  0.00325667
-0.36809  0.0033055
-0.35798  0.00330002
-0.347929  0.00326913
-0.33783  0.00336086
-0.327279  0.00383768
-0.316783  0.00358331
-0.306681  0.00363353
-0.296572  0.00362857
-0.286471  0.00360781
-0.276332  0.00372392
-0.266349  0.00388187
-0.256364  0.00399082
-0.246283  0.00404904
-0.236209  0.00400121
-0.226162  0.00400572
-0.216  0.00420379
-0.205989  0.00446517
-0.195979  0.00455077
-0.185912  0.00459834
-0.175829  0.00458697
-0.165733  0.0045499
-0.155563  0.00488826
-0.145601  0.00531274
-0.135586  0.00539837
-0.125533  0.00543056
-0.115504  0.00535444
-0.105485  0.00538427
-0.0952168  0.00613842
-0.085344  0.00684215
-0.0752982  0.00695913
-0.0652369  0.00694447
-0.0551988  0.00694252
-0.0451585  0.00697013
-0.0345108  0.00861218
-0.0250295  0.0126229
-0.0149429  0.0134132
-0.00468994  0.0160633
0.00468994  0.0160633
0.0149429  0.0134132
0.0250295  0.0126229
0.0345108  0.00861218
0.0451585  0.00697013
0.0551988  0.00694252
0.0652369  0.00694447
0.0752982  0.00695913
0.085344  0.00684215
0.0952168  0.00613842
0.105485  0.00538427
0.115504  0.00535444
0.125533  0.00543056
0.135586  0.00539837
0.145601  0.00531274
0.155563  0.00488826
0.165733  0.0045499
0.175829  0.00458697
0.185912  0.00459834
0.195979  0.00455077
0.205989  0.00446517
0.216  0.00420379
0.226162  0.00400572
0.236209  0.00400121
0.246283  0.00404904
0.256364  0.00399082
0.266349  0.00388187
0.276332  0.00372392
0.286471  0.00360781
0.296572  0.00362857
0.306681  0.00363353
0.316783  0.00358331
0.327279  0.00383768
0.33783  0.00336086
0.347929  0.00326913
0.35798  0.00330002
0.36809  0.0033055
0.378171  0.00325667
0.388235  0.00319168
0.398264  0.00306266
0.408348  0.00302663
0.41843  0.00304283
0.428459  0.00299142
0.438479  0.00299693
0.448534  0.00294254
0.458627  0.00285825
0.468746  0.00281609
0.478827  0.00282062
0.488917  0.00280748
0.498966  0.00278088
0.509026  0.00273541
0.519064  0.00266774
0.529148  0.00259341
0.539244  0.00260763
0.549297  0.00258064
0.559319  0.0025737
0.569394  0.0025751
0.579524  0.00255309
0.590098  0.00268348
0.600664  0.00241209
0.61072  0.00240168
0.620795  0.00240754
0.630892  0.00240365
0.640993  0.00237596
0.651081  0.0023369
0.661152  0.00227993
0.671223  0.00224172
0.681291  0.0022329
0.691313  0.00222324
0.701394  0.00223819
0.711517  0.00220424
0.722034  0.00235162
0.732544  0.0021241
0.742676  0.00212434
0.752757  0.00209612
0.762824  0.0020968
0.772864  0.00205066
0.782932  0.00205787
0.79302  0.00199725
0.803103  0.00199989
0.813189  0.00198796
0.823274  0.00198345
0.833357  0.00195198
0.843398  0.00192168
0.853429  0.00189257
0.863551  0.00188985
0.873693  0.00187529
0.8838  0.001868
0.89389  0.00184625
0.903966  0.00183378
0.914044  0.00180482
0.924094  0.00177258
0.934176  0.00175596
0.944234  0.00174786
0.954341  0.00175878
0.964505  0.00174156
0.97457  0.00169978
0.984597  0.0016887
0.994698  0.0016777
1.00483  0.00166102
1.01493  0.00165782
1.02501  0.0016316
1.03509  0.00162301
1.04521  0.00161797
1.05533  0.00157603
1.06539  0.0015688
1.07546  0.00156071
1.08554  0.00155714
1.09564  0.00153701
1.10569  0.0015044
1.11579  0.00151714
1.12597  0.00149097
1.13609  0.00147449
1.1462  0.00147258
1.15633  0.0014663
1.16643  0.00143462
1.17652  0.00142781
1.18663  0.00140897
1.19718  0.0015131
1.20777  0.0014015
1.2179  0.00136517
1.2284  0.00148656
1.23897  0.00135522
1.24953  0.00144794
1.26011  0.0013236
1.27024  0.00130307
1.28035  0.00130635
1.2905  0.00128918
1.3006  0.00127325
1.31062  0.00125024
1.32072  0.00125988
1.33088  0.00123362
1.34098  0.0012192
1.35103  0.00120858
1.3611  0.00120391
1.37125  0.00120867
1.38145  0.00119168
1.3916  0.00117355
1.4017  0.00114657
1.4118  0.00115068
1.42192  0.00113514
1.432  0.00112872
1.44208  0.00111114
1.45216  0.00110612
1.46228  0.00109883
1.47239  0.00107568
1.48247  0.00106876
1.49256  0.00106169
1.50271  0.00106667
1.51282  0.0010363
1.52287  0.00102991
1.53297  0.00102075
1.54307  0.00101137
1.55319  0.00100164
1.56331  0.000993425
1.57345  0.00099179
1.58359  0.000973885
1.59369  0.000965362
1.60377  0.000944907
1.61389  0.000950754
1.62404  0.000932369
1.63411  0.000924567
1.6443  0.000932502
1.65442  0.000895123
1.66449  0.000905844
1.67459  0.000880022
1.68465  0.000876079
1.69482  0.000881627
1.70505  0.000871078
1.71516  0.000847218
1.72522  0.000844616
1.73538  0.000844114
1.74556  0.000827479
1.75568  0.000815689
1.76579  0.000807213
1.77597  0.000810876
1.78616  0.000793415
1.79632  0.000793924
1.80652  0.000781758
1.81666  0.000765426
1.82682  0.000767847
1.83694  0.000738776
1.84706  0.000751687
1.85726  0.00073799
1.86738  0.000723233
1.87753  0.000728401
1.88765  0.000706335
1.89774  0.000703937
1.90788  0.000698331
1.91805  0.000687788
1.92817  0.000676404
1.93833  0.000682854
1.94857  0.000672676
1.95873  0.000656045
1.96884  0.000651636
1.97893  0.000639175
1.98905  0.000638047
1.99917  0.000624224
2.00929  0.000621198
2.0194  0.000612585
2.0295  0.000608058
2.03971  0.000611899
2.04993  0.000593249
2.06008  0.00058955
2.07023  0.000578359
2.08041  0.00057835
2.09059  0.000563938
2.10071  0.000559683
2.11085  0.000555851
2.12101  0.000546212
2.13109  0.000537062
2.14118  0.000531371
2.15131  0.000526837
2.16144  0.000519243
2.17167  0.000524469
2.18189  0.000506993
2.19198  0.000499359
2.2021  0.000497099
2.21237  0.000502625
2.22261  0.000480411
2.23278  0.000483702
2.24295  0.000466965
2.25307  0.000467344
2.26331  0.000467332
2.27349  0.000451972
2.28363  0.000451396
2.29379  0.00044204
2.30387  0.000433381
2.31404  0.000434115
2.32424  0.000428001
2.33445  0.000423028
2.34468  0.000418954
2.35496  0.000415534
2.36512  0.000401286
2.37527  0.000402657
2.38546  0.000394611
2.39573  0.000395922
2.40591  0.000378257
2.41616  0.00038856
2.4264  0.000369632
2.43661  0.000375936
2.44678  0.000358004
2.45703  0.000370821
2.4674  0.000355653
2.47756  0.000347586
2.48767  0.000342993
2.49786  0.0003416
2.5081  0.000336482
2.51832  0.000330945
2.52864  0.000334093
2.53882  0.000314766
2.54907  0.000329784
2.55938  0.000306587
2.56943  0.000307221
2.57956  0.000301332
2.58975  0.000301557
2.59997  0.00029528
2.61018  0.000292499
2.62036  0.000284562
2.63045  0.000280784
2.64073  0.000285531
2.65108  0.000277767
2.6613  0.000269798
2.67148  0.000267177
2.68163  0.000259923
2.69186  0.000262865
2.70218  0.000257832
2.71237  0.000248785
2.72254  0.000249192
2.73283  0.000248668
2.74305  0.000236219
2.75323  0.000239939
2.76345  0.000230809
2.77367  0.000233199
2.78392  0.000223973
2.79403  0.00022003
2.80419  0.000221161
2.81449  0.000217333
2.82481  0.000216644
2.83512  0.000210626
2.84533  0.00020504
2.85554  0.000204517
2.86579  0.000198932
2.87605  0.000198927
2.88633  0.000193351
2.89655  0.00019183
2.90684  0.000188341
2.91704  0.000183031
2.92728  0.000184165
2.93755  0.000177855
2.94773  0.000175792
2.95796  0.000173282
2.96822  0.000170414
2.97851  0.000169814
2.98871  0.000161257
2.99902  0.00016704
3.00927  0.00015512
3.01953  0.000162888
3.0299  0.000151735
3.04009  0.000153692
3.05041  0.000148597
3.06061  0.000146609
3.0708  0.000142
3.08094  0.000140479
3.09132  0.000145051
3.10178  0.000135977
3.11204  0.000136601
3.12238  0.000132352
3.13271  0.000132806
3.1432  0.000130492
3.15335  0.000121543
3.16347  0.000124343
3.17378  0.00012081
3.18389  0.000116697
3.19395  0.000114831
3.20415  0.000115788
3.21454  0.000115418
3.22497  0.000112116
3.23538  0.000111428
3.24565  0.00010604
3.25585  0.000104336
3.26614  0.00010451
3.27643  0.000100658
3.28674  0.000102036
3.29743  0.000103539
3.30793  9.37607e-05
3.31804  9.29386e-05
3.32822  9.30017e-05
3.33862  9.18453e-05
3.34883  8.67637e-05
3.35908  9.11045e-05
3.36976  8.84052e-05
3.38026  8.5337e-05
3.39072  8.46712e-05
3.4011  8.0977e-05
3.41133  7.87674e-05
3.42186  8.19274e-05
3.43245  7.70743e-05
3.44284  7.64361e-05
3.45311  7.22345e-05
3.46359  7.56694e-05
3.47421  7.22218e-05
3.48444  6.83e-05
3.49491  7.13759e-05
3.5058  6.94152e-05
3.51644  6.91097e-05
3.52731  6.75133e-05
3.53807  6.44355e-05
3.54851  6.10273e-05
3.55897  6.25903e-05
3.56946  5.90432e-05
3.57971  5.72677e-05
3.5901  5.89059e-05
3.60066  5.58841e-05
3.61098  5.39785e-05
3.62148  5.68934e-05
3.63208  5.03292e-05
3.64202  5.07801e-05
3.65267  5.31721e-05
3.66338  4.98236e-05
3.67387  4.9871e-05
3.68456  4.7968e-05
3.69502  4.67612e-05
3.7054  4.49657e-05
3.71589  4.59593e-05
3.72664  4.576e-05
3.73707  4.03566e-05
3.74726  4.26361e-05
3.75825  4.40403e-05
3.76884  4.01386e-05
3.77944  3.85491e-05
3.78962  3.83539e-05
3.80022  3.82807e-05
3.81055  3.67568e-05
3.82135  3.6226e-05
3.83155  3.47066e-05
3.84246  3.77699e-05
3.85313  3.20328e-05
3.86377  3.62602e-05
3.87423  2.91573e-05
3.88429  3.18258e-05
3.89482  3.0859e-05
3.90558  3.16026e-05
3.91636  3.1181e-05
3.92724  2.75903e-05
3.93708  2.84022e-05
3.94807  2.84783e-05
3.95883  2.76699e-05
3.96927  2.53223e-05
3.97949  2.62046e-05
3.99038  2.67806e-05
4.00155  2.54315e-05
4.01213  2.37467e-05
4.02274  2.47419e-05
4.03374  2.39633e-05
4.04462  2.20213e-05
4.05438  2.01723e-05
4.06477  2.22473e-05
4.07529  1.96204e-05
4.08487  1.84697e-05
4.09498  2.02734e-05
4.10566  1.99188e-05
4.11633  1.95981e-05
4.12757  1.96674e-05
4.13802  1.78786e-05
4.14852  1.80651e-05
4.15957  1.82399e-05
4.17014  1.6498e-05
4.18025  1.47632e-05
4.19079  1.80566e-05
4.20157  1.50207e-05
4.21221  1.5939e-05
4.22308  1.53828e-05
4.2336  1.36323e-05
4.24388  1.52465e-05
4.25504  1.44133e-05
4.26581  1.33625e-05
4.2767  1.39727e-05
4.28767  1.30539e-05
4.29758  1.13634e-05
4.30848  1.37649e-05
4.31895  1.12766e-05
4.32984  1.21077e-05
4.34044  1.08222e-05
4.35088  1.18669e-05
4.36151  1.05151e-05
4.37261  1.07686e-05
4.38298  1.00222e-05
4.3938  1.10753e-05
4.40437  8.43779e-06
4.41478  9.9009e-06
4.42521  9.19149e-06
4.43623  9.98362e-06
4.44739  8.03451e-06
4.45827  9.88562e-06
4.46908  7.99829e-06
4.4794  7.8393e-06
4.48981  7.84474e-06
4.49997  6.69587e-06
4.50961  7.61706e-06
4.52054  7.21302e-06
4.53182  8.14526e-06
4.54278  6.71218e-06
4.55318  6.64734e-06
4.56342  6.27839e-06
4.57481  7.06313e-06
4.58514  5.95864e-06
4.59586  6.05012e-06
4.60635  5.72886e-06
4.61749  6.29589e-06
4.62866  5.73756e-06
4.63846  5.11844e-06
4.65007  5.81685e-06
4.66085  4.48783e-06
4.67146  5.57557e-06
4.6819  5.04845e-06
4.69256  4.21082e-06
4.70227  4.14972e-06
4.71289  4.70439e-06
4.72325  4.18966e-06
4.73466  4.48524e-06
4.74475  4.53207e-06
4.75729  3.40193e-06
4.76659  4.38623e-06
4.77733  3.2923e-06
4.78825  4.36355e-06
4.80001  3.85276e-06
4.81131  3.56425e-06
4.82359  3.70049e-06
4.83333  3.01192e-06
4.84329  2.64231e-06
4.8549  3.81571e-06
4.86584  2.9304e-06
4.87664  3.00606e-06
4.88939  3.51982e-06
4.90048  2.66578e-06
4.90978  1.88596e-06
4.91999  2.39146e-06
4.93264  3.88326e-06
4.94472  2.28945e-06
4.95707  2.33831e-06
4.96741  2.58094e-06
4.97815  2.09377e-06
4.99053  2.3003e-06
5.0032  2.61694e-06
5.01412  2.0577e-06
5.02415  1.76479e-06
5.03645  1.6294e-06
5.04511  1.81204e-06
5.0548  1.79053e-06
5.06798  1.93359e-06
5.07919  1.55478e-06
5.08929  1.80724e-06
5.09928  1.54219e-06
5.10952  1.36561e-06
5.12245  1.35538e-06
5.1313  1.38756e-06
5.14147  1.62145e-06
5.15441  1.16989e-06
5.16461  1.38287e-06
5.17641  1.50434e-06
5.18702  1.21991e-06
5.19825  1.18017e-06
5.21176  1.18683e-06
5.22232  1.28742e-06
5.23332  1.22884e-06
5.24628  1.19166e-06
5.25961  9.46508e-07
5.271  1.1359e-06
5.28303  1.32247e-06
5.29653  8.0084e-07
5.31014  9.65859e-07
5.32196  1.13029e-06
5.33485  9.39628e-07
5.34943  9.98989e-07
5.36199  7.68309e-07
5.3773  8.63705e-07
5.39034  1.10048e-06
5.40376  8.00399e-07
5.4218  6.26645e-07
5.43306  8.93058e-07
5.44849  9.19129e-07
5.46498  5.53378e-07
5.47837  6.81662e-07
5.49598  7.70736e-07
5.51053  7.41296e-07
5.52681  7.52039e-07
5.54464  3.78285e-07
5.55951  6.72978e-07
5.57707  7.83064e-07
5.59363  3.78136e-07
5.61199  4.8094e-07
5.63021  5.9551e-07
5.64748  6.51545e-07
5.66694  3.72752e-07
5.67849  4.8086e-08
5.68699  3.08323e-07
5.70398  5.64771e-07
5.72479  3.88729e-07
5.74419  4.31599e-07
5.75829  3.26902e-08
5.76494  2.68437e-07
5.78683  3.78637e-07
5.80629  5.30352e-07
5.82985  2.00534e-07
5.85203  2.33367e-07
5.86488  3.29206e-08
5.87317  3.66324e-07
5.89869  3.04732e-07
5.92032  1.81339e-07
5.9355  5.88212e-09
5.94471  2.63392e-07
5.97183  2.72242e-07
5.99478  2.05029e-07
6.02229  2.6226e-07
6.05074  8.10718e-08
6.07618  2.11658e-07
6.10556  2.74161e-07
6.13489  2.95609e-08
6.16462  1.79871e-07
6.1963  1.63286e-07
6.22845  1.05636e-07
6.26059  1.26129e-07
6.29565  4.83769e-08
6.33168  1.4156e-07
6.36671  8.22186e-08
6.40496  5.31904e-08
6.4468  8.43113e-08
6.48608  3.87248e-08
6.5294  9.50385e-08
6.57693  1.88305e-08
6.62038  1.72752e-08
6.67156  8.49055e-08
6.7761  2.39271e-08
6.83733  3.79265e-08
6.96194  2.85013e-08
7.03616  6.77655e-09
7.19039  1.90969e-08
7.48697  6.82431e-09
7.91049  1.01612e-09
