-6.7676  4.64966e-05
-6.71353  2.88516e-05
-5.57746  0.000191946
-5.5607  0.000125721
-5.0493  0.000374182
-5.03939  0.0002595
-4.7055  0.000457686
-4.69846  0.000337248
-4.45015  0.000393626
-4.44469  0.000309382
-4.24693  0.000252771
-4.24247  0.000212864
-4.20293  0.000105313
-4.19866  6.8978e-05
-4.07813  0.000125605
-4.07436  0.000113911
-4.04083  0.000410596
-4.03721  0.000284753
-3.93376  4.93826e-05
-3.9305  4.85171e-05
-3.9014  0.000753339
-3.89824  0.000555103
-3.80764  1.55726e-05
-3.80476  1.66906e-05
-3.77906  0.000863866
-3.77627  0.000678981
-3.69567  3.9683e-06
-3.6931  4.67851e-06
-3.67009  0.000693425
-3.66758  0.000583948
-3.595  8.19093e-07
-3.59267  1.07298e-06
-3.57184  0.000413484
-3.56957  0.000374988
-3.54921  0.000112639
-3.54699  7.81162e-05
-3.50355  1.3662e-07
-3.50143  2.01339e-07
-3.4824  0.000189659
-3.48032  0.000186335
-3.46169  0.000413326
-3.45966  0.000304562
-3.41978  1.82776e-08
-3.41784  3.07838e-08
-3.40032  6.83524e-05
-3.39841  7.32595e-05
-3.38123  0.000710951
-3.37935  0.000558793
-3.34251  1.93469e-09
-3.3407  3.80157e-09
-3.32448  1.95952e-05
-3.32271  2.31021e-05
-3.30678  0.000760907
-3.30504  0.000640776
-3.27079  1.58467e-10
-3.26911  3.73656e-10
-3.25401  4.49402e-06
-3.25235  5.88701e-06
-3.2375  0.000567153
-3.23587  0.000514351
-3.18818  8.24538e-07
-3.18664  1.21513e-06
-3.17272  0.000312174
-3.1712  0.000306703
-3.1575  7.55916e-05
-3.156  5.57001e-05
-3.14826  6.8371e-05
-3.14678  4.47818e-05
-3.12644  1.20338e-07
-3.12499  2.02678e-07
-3.1119  0.000131258
-3.11047  0.000140681
-3.09757  0.000260046
-3.09616  0.000204391
-3.08888  0.000266567
-3.08748  0.000184867
-3.0683  1.37993e-08
-3.06693  2.71149e-08
-3.05458  4.30043e-05
-3.05323  5.07007e-05
-3.04105  0.000417478
-3.03971  0.000351567
-3.03283  0.000489082
-3.03151  0.000360383
-3.01337  1.21722e-09
-3.01208  2.87013e-09
-3.00038  1.10956e-05
-2.9991  1.45348e-05
-2.98756  0.000414898
-2.9863  0.000376271
-2.97977  0.000560838
-2.97852  0.000440807
-2.96132  7.97602e-11
-2.96009  2.35087e-10
-2.94899  2.26195e-06
-2.94777  3.33346e-06
-2.93681  0.000285462
-2.93561  0.000280459
-2.9294  0.000450185
-2.92821  0.00037911
-2.90011  3.63133e-07
-2.89896  6.11604e-07
-2.88852  0.000144031
-2.88737  0.000154371
-2.88146  0.000268441
-2.88033  0.000243449
-2.87705  3.56691e-05
-2.87592  2.80352e-05
-2.87008  0.000146254
-2.86895  0.000101429
-2.85353  4.54266e-08
-2.85243  8.92609e-08
-2.84246  5.50542e-05
-2.84137  6.49072e-05
-2.83573  0.00012313
-2.83464  0.000120972
-2.83151  0.000114526
-2.83043  9.64451e-05
-2.82485  0.000536678
-2.82378  0.000395454
-2.80904  4.34095e-09
-2.80798  1.02357e-08
-2.79845  1.62338e-05
-2.79741  2.12657e-05
-2.79201  4.43757e-05
-2.79097  4.75614e-05
-2.78797  0.000170728
-2.78694  0.000154833
-2.7816  0.000923125
-2.78057  0.000725558
-2.76645  3.06328e-10
-2.76544  9.02878e-10
-2.75631  3.72311e-06
-2.75531  5.48679e-06
-2.74959  2.77199e-05
-2.74577  0.000310497
-2.7397  0.00182
-2.72485  7.42169e-11
-2.71528  1.78266e-06
-2.70941  6.73956e-06
-2.70575  0.000204651
-2.69991  0.00140427
-2.67643  2.70957e-07
-2.67079  1.32419e-06
-2.66727  9.87267e-05
-2.66166  0.000803574
-2.65816  2.31503e-05
-2.6526  0.000255711
-2.63904  3.19904e-08
-2.63362  2.09708e-07
-2.63023  3.60053e-05
-2.62484  0.000353095
-2.62147  7.14487e-05
-2.6161  0.000904564
-2.60301  2.87491e-09
-2.59779  2.65623e-08
-2.59453  1.01062e-05
-2.58933  0.00012167
-2.58608  0.000102214
-2.58091  0.00149784
-2.56824  1.90026e-10
-2.56321  2.65358e-09
-2.56007  2.20066e-06
-2.55505  3.32795e-05
-2.55191  8.98268e-05
-2.54692  0.00154093
-2.52979  2.04405e-10
-2.52676  3.71657e-07
-2.52191  7.26529e-06
-2.51889  5.41673e-05
-2.51406  0.00110222
-2.49454  4.82674e-08
-2.48986  1.26564e-06
-2.48693  2.37055e-05
-2.48226  0.000581185
-2.47934  6.53349e-06
-2.4747  0.000165432
-2.47037  4.74755e-05
-2.46962  3.29248e-05
-2.46334  4.73203e-09
-2.4588  1.74883e-07
-2.45597  7.76278e-06
-2.45145  0.000233644
-2.44862  1.86935e-05
-2.44412  0.000547867
-2.43964  0.000302579
-2.43309  3.38842e-10
-2.4287  1.89268e-08
-2.42596  1.93186e-06
-2.42157  7.30362e-05
-2.41884  2.46421e-05
-2.41447  0.000845441
-2.41012  0.000535178
-2.39948  1.57008e-09
-2.39683  3.67043e-07
-2.39258  1.79377e-05
-2.38992  1.98129e-05
-2.38568  0.000806323
-2.38146  0.000590789
-2.3711  9.63661e-11
-2.36853  5.29646e-08
-2.36441  3.47201e-06
-2.36183  1.08385e-05
-2.35772  0.000531453
-2.35361  0.000455838
-2.34103  5.71179e-09
-2.33702  5.27732e-07
-2.33452  4.25911e-06
-2.33052  0.000256381
-2.32802  1.4652e-06
-2.32653  0.000260848
-2.32404  7.51479e-05
-2.32007  0.000166013
-2.31427  4.4618e-10
-2.31037  6.23062e-08
-2.30794  1.23658e-06
-2.30406  9.35012e-05
-2.30154  8.38627e-05
-2.30018  0.000114618
-2.29775  0.000231929
-2.29389  0.00058726
-2.28443  5.59934e-09
-2.28207  2.68509e-07
-2.27829  2.62445e-05
-2.27584  0.000323826
-2.27451  3.94953e-05
-2.27215  0.000331797
-2.26839  0.000972423
-2.25915  3.70104e-10
-2.25686  4.35892e-08
-2.25318  5.71484e-06
-2.2508  0.000603976
-2.2495  1.08028e-05
-2.2472  0.000291586
-2.24353  0.0010004
-2.23228  5.22304e-09
-2.22869  9.65148e-07
-2.22639  0.000709839
-2.22511  2.35838e-06
-2.22287  0.000175832
-2.2193  0.000715582
-2.2083  4.48801e-10
-2.2048  1.25344e-07
-2.20257  0.000586899
-2.20131  4.10837e-07
-2.19913  7.69503e-05
-2.19695  2.64926e-07
-2.19564  0.000377316
-2.19347  2.545e-05
-2.18999  0.000161102
-2.18148  1.22885e-08
-2.17932  0.000362058
-2.17808  5.67688e-08
-2.17595  2.51987e-05
-2.17375  0.000175753
-2.17255  0.000151686
-2.17042  7.28172e-05
-2.16703  0.000533528
-2.15871  8.79931e-10
-2.1566  0.00017261
-2.15539  6.14383e-09
-2.15331  6.27099e-06
-2.15117  0.000659723
-2.14999  4.74165e-05
-2.14792  9.59888e-05
-2.1446  0.000823315
-2.13441  6.50039e-05
-2.13321  5.09662e-10
-2.13118  1.19146e-06
-2.1291  0.00116609
-2.12794  1.16455e-05
-2.12592  7.71774e-05
-2.12268  0.00078522
-2.11271  1.95985e-05
-2.10955  1.71928e-07
-2.10752  0.00128695
-2.10638  2.25409e-06
-2.1044  4.22194e-05
-2.10124  0.000517544
-2.09148  4.76494e-06
-2.08838  1.8541e-08
-2.08641  0.000992886
-2.08528  3.42613e-07
-2.08335  1.65906e-05
-2.08141  3.8956e-08
-2.08026  0.000249671
-2.07832  6.65863e-06
-2.07524  9.75749e-05
-2.07216  3.59261e-05
-2.07071  9.36213e-07
-2.06766  1.44834e-09
-2.06574  0.000568145
-2.06464  4.04504e-08
-2.06275  4.81689e-06
-2.06079  0.000180875
-2.05972  9.10541e-05
-2.05783  1.7555e-05
-2.05481  0.000301146
-2.0518  0.000127087
-2.05037  1.48265e-07
-2.04737  7.7427e-11
-2.04551  0.000249646
-2.04257  1.04592e-06
-2.04063  0.000665174
-2.03776  2.1172e-05
-2.03481  0.000430817
-2.03186  0.000210439
-2.03044  1.87797e-08
-2.02569  8.6022e-05
-2.0228  1.69794e-07
-2.02094  0.00106459
-2.0181  1.54427e-05
-2.0152  0.000378607
-2.01232  0.000216492
-2.01092  1.8761e-09
-2.00627  2.35288e-05
-2.00343  2.03454e-08
-2.00163  0.0010904
-1.99883  7.58547e-06
-1.99599  0.000228307
-1.99316  0.000154856
-1.99179  1.44516e-10
-1.98724  5.13661e-06
-1.98444  1.74822e-09
-1.98268  0.000779403
-1.97993  2.64282e-06
-1.9782  4.67691e-09
-1.97716  9.99152e-05
-1.97542  1.37596e-06
-1.97438  8.16536e-05
-1.97265  4.13065e-05
-1.96988  6.97272e-05
-1.96856  8.94813e-07
-1.96581  1.01954e-10
-1.9641  0.000410915
-1.9614  6.69498e-07
-1.95958  0.000130197
-1.9585  1.94923e-05
-1.95684  0.000132071
-1.95576  1.7761e-05
-1.95426  0.000118186
-1.95155  0.000230918
-1.95025  1.23644e-07
-1.94588  0.000165189
-1.94322  1.24212e-07
-1.94149  0.000395496
-1.93881  0.000441743
-1.93622  0.000155794
-1.93356  0.000356341
-1.93227  1.33814e-08
-1.92799  5.16372e-05
-1.92537  1.6744e-08
-1.9237  0.000599284
-1.92107  0.000761647
-1.91851  0.000125263
-1.9159  0.000339853
-1.91462  1.11006e-09
-1.91043  1.26821e-05
-1.90784  1.59863e-09
-1.90622  0.0005703
-1.90364  0.000836907
-1.90112  6.85241e-05
-1.89855  0.000224
-1.89729  6.81315e-11
-1.89318  2.45473e-06
-1.89063  1.02553e-10
-1.88905  0.000375765
-1.88652  0.00064495
-1.88404  2.69277e-05
-1.88152  0.000108288
-1.87995  1.29687e-05
-1.87744  6.33475e-05
-1.87623  3.7311e-07
-1.87219  0.000181265
-1.8697  0.000368919
-1.86803  6.09489e-05
-1.86554  0.000274651
-1.86324  3.41911e-05
-1.86078  0.000195509
-1.85959  4.40509e-08
-1.85561  6.61061e-05
-1.85317  0.000162082
-1.85163  0.000165674
-1.84919  0.000841944
-1.84682  4.12358e-05
-1.8444  0.000279695
-1.84322  3.95877e-09
-1.83932  1.8555e-05
-1.83692  5.5848e-05
-1.83542  0.000234858
-1.83302  0.00137771
-1.83068  3.00771e-05
-1.8283  0.000245799
-1.82713  2.61666e-10
-1.82331  4.04043e-06
-1.82095  1.52754e-05
-1.81947  0.000206187
-1.81712  0.00141509
-1.81481  1.47739e-05
-1.81247  0.000148221
-1.80755  6.82366e-07
-1.80524  3.33479e-06
-1.80379  0.000124317
-1.80147  0.00101192
-1.7992  5.14735e-06
-1.7969  6.48972e-05
-1.79546  3.12654e-06
-1.79316  3.5756e-05
-1.79205  8.86193e-08
-1.79087  1.13171e-05
-1.78978  5.8093e-07
-1.78836  5.44046e-05
-1.78608  0.00053354
-1.7846  1.92973e-05
-1.78231  0.000249103
-1.78016  7.54146e-06
-1.7779  0.000102305
-1.77681  8.68805e-09
-1.77565  3.7479e-05
-1.77457  8.02718e-08
-1.77317  1.78157e-05
-1.77093  0.000214487
-1.76953  5.17242e-05
-1.76729  0.000759754
-1.76511  8.25102e-06
-1.76289  0.00013486
-1.76067  5.78445e-05
-1.75823  4.43363e-06
-1.75602  6.70476e-05
-1.75465  6.78973e-05
-1.75245  0.00116521
-1.75029  5.40388e-06
-1.74811  0.00010843
-1.74592  5.51605e-05
-1.74351  8.42368e-07
-1.74135  1.64669e-05
-1.73999  5.4568e-05
-1.73783  0.00111046
-1.7357  2.35343e-06
-1.73355  5.93162e-05
-1.73141  3.63563e-05
-1.72902  1.21554e-07
-1.7269  3.18732e-06
-1.72556  2.98496e-05
-1.72343  0.000731832
-1.72133  7.15427e-07
-1.71922  2.33122e-05
-1.71713  1.81299e-05
-1.71578  1.40457e-05
-1.71365  2.10477e-05
-1.71135  1.17297e-05
-1.70926  0.00035304
-1.70792  4.86255e-06
-1.70582  0.000144745
-1.7037  8.38898e-05
-1.70172  3.69961e-05
-1.6998  3.32992e-05
-1.69946  3.0223e-05
-1.69735  3.40557e-06
-1.69529  0.000128752
-1.694  1.24354e-05
-1.69193  0.000427298
-1.68987  0.000272619
-1.68786  4.46185e-05
-1.68598  4.57984e-05
-1.68565  4.49983e-05
-1.68356  7.39476e-07
-1.68153  3.61388e-05
-1.68026  1.49713e-05
-1.67822  0.000609422
-1.6762  0.000447473
-1.67421  3.25443e-05
-1.6722  7.97889e-05
-1.66996  1.20045e-07
-1.66796  7.86937e-06
-1.66671  1.09183e-05
-1.66471  0.000535384
-1.66271  0.000459531
-1.66075  1.59858e-05
-1.65877  4.8114e-05
-1.65656  1.43843e-08
-1.65459  1.32902e-06
-1.65336  5.36298e-06
-1.65139  0.000322832
-1.64942  0.000328535
-1.64749  5.56984e-06
-1.64553  2.11451e-05
-1.64431  4.06086e-06
-1.64234  1.75827e-05
-1.6402  1.86849e-06
-1.63826  0.000141282
-1.63632  0.000174176
-1.63509  5.98193e-05
-1.63314  0.000154962
-1.63127  9.79217e-06
-1.6295  2.51313e-05
-1.62919  2.46992e-05
-1.62722  4.7334e-07
-1.62531  4.6265e-05
-1.62365  0.000112161
-1.6222  0.000167378
-1.62029  0.000491649
-1.61842  1.07134e-05
-1.61652  6.56662e-05
-1.61442  8.78185e-08
-1.61254  1.15136e-05
-1.61124  0.000175578
-1.60947  0.000220331
-1.60759  0.000756209
-1.60574  7.0166e-06
-1.60387  5.27964e-05
-1.60179  1.18381e-08
-1.59994  2.18753e-06
-1.59873  0.00027454
-1.59692  0.000177126
-1.59506  0.000720907
-1.59324  3.05578e-06
-1.59139  2.88819e-05
-1.58933  1.13024e-09
-1.58751  3.15662e-07
-1.58633  0.000297078
-1.58453  9.68943e-05
-1.5827  0.000475118
-1.5809  9.28954e-07
-1.57971  7.32176e-05
-1.57794  8.95457e-07
-1.57627  4.60403e-06
-1.57597  4.54025e-06
-1.5741  0.000230904
-1.57231  3.80756e-05
-1.57051  0.000229361
-1.56937  1.8539e-05
-1.56763  0.000384462
-1.56581  1.95934e-06
-1.56402  2.40211e-05
-1.56202  0.000138694
-1.56025  1.10548e-05
-1.55879  0.000166923
-1.55736  4.83777e-05
-1.55563  0.000879788
-1.55383  1.92486e-06
-1.55206  2.89673e-05
-1.55012  6.90905e-05
-1.54834  2.40041e-06
-1.54717  0.000317355
-1.54549  5.83113e-05
-1.54378  0.00114093
-1.54201  1.11772e-06
-1.54027  2.11284e-05
-1.53838  3.0103e-05
-1.53659  3.89678e-07
-1.53548  0.000491384
-1.53378  4.25296e-05
-1.53209  0.000974712
-1.53034  4.24723e-07
-1.52862  1.03783e-05
-1.5268  1.16472e-05
-1.52498  4.66928e-08
-1.5239  0.000500996
-1.52221  2.08905e-05
-1.52055  0.000594218
-1.51881  1.10319e-07
-1.5178  0.000139018
-1.51538  4.06647e-06
-1.51436  3.2956e-06
-1.51246  0.000362345
-1.51079  7.27837e-06
-1.50915  0.00027105
-1.50805  4.4408e-06
-1.50644  0.000586328
-1.50466  3.34073e-05
-1.50303  7.94667e-06
-1.50117  0.000201555
-1.49951  1.84381e-06
-1.49815  0.000175884
-1.4968  1.06662e-05
-1.49522  0.00111845
-1.49348  0.000106506
-1.49185  8.69422e-06
-1.49004  9.28751e-05
-1.48836  3.4208e-07
-1.48727  0.000293091
-1.4857  1.16672e-05
-1.48413  0.00128101
-1.48241  0.00016374
-1.4808  5.69413e-06
-1.47905  3.74122e-05
-1.47736  4.61131e-08
-1.47632  0.000417374
-1.47473  7.64116e-06
-1.47318  0.000997659
-1.47148  0.000156043
-1.46989  2.47984e-06
-1.46819  1.33214e-05
-1.46648  4.40264e-09
-1.46547  0.000393536
-1.46389  3.32778e-06
-1.46236  0.000565103
-1.46016  0.00024337
-1.4574  4.49496e-06
-1.4564  4.72003e-07
-1.45474  0.000262397
-1.45317  1.01162e-06
-1.45167  0.000242468
-1.44932  0.00033964
-1.44899  0.000235224
-1.44744  5.92163e-05
-1.4459  1.90807e-06
-1.44415  0.000134173
-1.44259  2.18966e-07
-1.44129  0.000129645
-1.43992  6.77623e-05
-1.43858  0.00090335
-1.43693  0.000179712
-1.4354  1.87448e-06
-1.4337  5.67994e-05
-1.43212  3.37338e-08
-1.43108  0.000171843
-1.42958  0.000196373
-1.42816  0.000938098
-1.42654  0.000256805
-1.42502  1.08847e-06
-1.42338  2.10055e-05
-1.42178  3.62332e-09
-1.42081  0.000219827
-1.41928  0.000317561
-1.41787  0.000671737
-1.41627  0.000225651
-1.41476  4.13607e-07
-1.41318  6.82452e-06
-1.41155  2.58265e-10
-1.41061  0.000190003
-1.4091  0.000325211
-1.40769  0.000351642
-1.40577  0.000226544
-1.40373  8.99773e-05
-1.40209  5.20805e-08
-1.40052  0.000115933
-1.39902  0.000232834
-1.39764  0.000139542
-1.39536  0.000367802
-1.39372  0.000380515
-1.3922  3.13095e-07
-1.39055  5.40813e-05
-1.38904  0.000126834
-1.38782  6.05997e-05
-1.38662  0.000113058
-1.38532  0.000494201
-1.38382  0.000726086
-1.38231  2.95262e-07
-1.38071  2.08713e-05
-1.37865  0.00012051
-1.37683  0.000349627
-1.37549  0.000465237
-1.37402  0.000831648
-1.37253  1.51128e-07
-1.37098  7.02754e-06
-1.36872  9.67193e-05
-1.36712  0.00053518
-1.36579  0.000305624
-1.36434  0.000647699
-1.36286  4.91249e-08
-1.36137  2.06127e-06
-1.359  6.74999e-05
-1.35752  0.000509783
-1.3562  0.000146658
-1.35467  0.000407958
-1.35247  0.000182038
-1.34945  3.59133e-05
-1.34801  0.000336693
-1.34671  5.30864e-05
-1.3449  0.000286118
-1.34302  0.000667943
-1.34154  9.54552e-06
-1.34003  1.4841e-05
-1.33859  0.000168006
-1.33738  1.73229e-05
-1.33572  0.000261872
-1.33497  7.11893e-05
-1.33367  0.00113113
-1.33221  2.91864e-05
-1.33073  5.13725e-06
-1.32911  7.99084e-05
-1.32715  0.000163388
-1.32657  0.000228046
-1.3257  8.09986e-05
-1.32442  0.0011757
-1.32298  4.16927e-05
-1.32154  1.55589e-06
-1.31965  3.93991e-05
-1.31789  0.000422293
-1.31664  9.86562e-05
-1.31527  0.000842129
-1.31384  3.66277e-05
-1.31245  4.06284e-07
-1.31035  1.95601e-05
-1.30881  0.000368907
-1.30756  4.31747e-05
-1.30619  0.0004558
-1.30412  0.000198313
-1.30125  8.44074e-06
-1.29982  0.000222856
-1.29858  1.40472e-05
-1.2971  0.000216107
-1.29511  0.000602421
-1.2937  1.60481e-05
-1.29228  2.93947e-06
-1.29091  9.9973e-05
-1.28972  3.48006e-06
-1.28825  0.000161732
-1.28742  3.46148e-05
-1.28625  0.000924769
-1.28486  4.57463e-05
-1.28346  8.92579e-07
-1.28204  3.70779e-05
-1.28092  4.82244e-07
-1.27995  0.000165481
-1.27874  0.00015691
-1.27749  0.000883468
-1.27612  6.02839e-05
-1.27476  2.39262e-07
-1.27315  1.30156e-05
-1.2713  0.000203285
-1.27003  0.000198488
-1.26882  0.000582007
-1.26747  4.84677e-05
-1.26615  5.45876e-08
-1.26431  4.62705e-06
-1.26269  0.000162698
-1.26143  0.000174901
-1.26023  0.000283635
-1.25832  0.000133199
-1.2569  5.89517e-05
-1.25561  1.52103e-06
-1.25417  8.92096e-05
-1.25291  0.000111794
-1.25168  0.000111305
-1.24972  0.000342163
-1.24844  0.000220993
-1.24706  4.28325e-07
-1.24573  3.57136e-05
-1.24434  6.64946e-05
-1.24278  0.000110474
-1.24131  0.000478695
-1.24006  0.000378201
-1.23868  1.11637e-07
-1.23695  2.2287e-05
-1.23553  8.3906e-05
-1.23415  0.000198098
-1.233  0.000419609
-1.23176  0.00039494
-1.23041  2.60262e-08
-1.22835  4.94112e-05
-1.22716  7.1697e-05
-1.2259  0.000276987
-1.22477  0.000252739
-1.22355  0.000283061
-1.22223  5.05861e-09
-1.22015  7.56497e-05
-1.21896  4.96453e-05
-1.21774  0.000240867
-1.21662  0.000111167
-1.21523  0.000193367
-1.21345  0.000114362
-1.21204  7.67999e-05
-1.21086  2.41938e-05
-1.20966  0.000144781
-1.20805  0.000100463
-1.20684  0.000188108
-1.20541  0.000384762
-1.20402  5.68631e-05
-1.20284  8.5424e-06
-1.2016  6.90643e-05
-1.19981  0.000286847
-1.19876  0.000200117
-1.19745  0.000598996
-1.19609  3.48068e-05
-1.19376  6.27843e-05
-1.19187  0.000565305
-1.19077  0.000142789
-1.18956  0.000573327
-1.18825  1.94301e-05
-1.18621  9.20872e-05
-1.18522  1.14537e-05
-1.18403  0.00065452
-1.18292  7.60819e-05
-1.18175  0.000377818
-1.18048  9.91986e-06
-1.17851  0.000126409
-1.17742  1.12158e-05
-1.17627  0.000510928
-1.17516  2.97922e-05
-1.17396  0.000196109
-1.17217  0.000108084
-1.1708  0.000120183
-1.16969  4.70488e-06
-1.16858  0.000288369
-1.16649  0.000240663
-1.1645  0.000324166
-1.16317  8.24325e-05
-1.16205  1.43477e-06
-1.16096  0.000124123
-1.15909  0.000515897
-1.15819  4.46293e-05
-1.15692  0.000463402
-1.15562  4.67796e-05
-1.15351  6.622e-05
-1.15161  0.000824101
-1.15051  7.82819e-05
-1.1494  0.000407469
-1.14815  2.4286e-05
-1.1462  8.2626e-05
-1.14415  0.000860327
-1.14301  7.5756e-05
-1.14196  0.00024559
-1.14075  1.14646e-05
-1.13885  0.000102736
-1.13675  0.000616546
-1.13561  5.75128e-05
-1.13457  0.000110272
-1.13286  6.36847e-05
-1.13156  0.000112163
-1.13047  4.5809e-07
-1.12942  0.000322825
-1.12765  0.000200503
-1.12552  0.000169769
-1.12436  0.000136758
-1.12318  1.54082e-07
-1.12216  0.000128332
-1.12043  0.000436677
-1.11946  4.00972e-05
-1.11829  0.000222367
-1.11719  0.000155082
-1.11487  6.58391e-05
-1.11324  0.00066788
-1.11164  0.000153872
-1.11067  0.000163291
-1.10996  6.77742e-05
-1.1078  6.16007e-05
-1.10629  0.000349926
-1.10593  0.00036401
-1.10431  0.000143478
-1.10296  8.54403e-05
-1.10107  4.82787e-05
-1.09938  0.000271612
-1.0989  0.000260686
-1.09741  7.66203e-05
-1.0957  6.34462e-05
-1.09416  8.34562e-05
-1.09233  0.000278622
-1.09056  0.000115765
-1.08916  0.000129258
-1.08838  3.92658e-05
-1.08727  0.000160805
-1.08552  0.000124449
-1.08349  0.000250443
-1.08228  0.000377122
-1.0806  0.000120722
-1.08031  0.000104588
-1.0788  4.76498e-05
-1.07683  0.000202863
-1.07592  0.000484019
-1.07538  0.000278905
-1.07356  0.000180513
-1.07192  2.52661e-05
-1.07002  0.000389945
-1.06874  0.000585198
-1.06678  0.000107898
-1.06506  1.88467e-05
-1.06344  0.000308412
-1.06203  0.000408976
-1.06001  5.41021e-05
-1.05842  5.04082e-05
-1.05691  0.000191303
-1.05529  0.000242528
-1.05366  0.00019404
-1.05181  0.00011557
-1.0504  9.41454e-05
-1.04843  0.000175152
-1.04712  0.000567976
-1.04523  0.000147268
-1.04392  3.91104e-05
-1.0418  0.000171848
-1.04059  0.000863971
-1.03873  0.000122136
-1.03738  1.5958e-05
-1.03546  0.000174355
-1.0341  0.0008174
-1.03235  7.58128e-05
-1.03076  7.29465e-06
-1.02919  0.00014741
-1.02766  0.000536728
-1.026  3.67225e-05
-1.02416  2.468e-05
-1.02296  9.80428e-05
-1.02127  0.000270744
-1.01973  0.000163414
-1.01751  8.39217e-05
-1.01663  3.95638e-05
-1.01481  0.000120189
-1.0134  0.000468009
-1.01115  0.000110705
-1.01046  4.77225e-06
-1.00839  7.93478e-05
-1.00713  0.000669267
-1.00504  7.64549e-05
-1.00423  9.21165e-06
-1.00224  7.54493e-05
-1.00094  0.000598256
-0.999375  3.75048e-05
-0.998142  1.81386e-05
-0.996129  6.80753e-05
-0.994814  0.000375132
-0.993452  2.03586e-05
-0.991493  2.03666e-05
-0.990202  4.74008e-05
-0.988767  0.00018459
-0.986833  0.000146525
-0.98461  7.22439e-05
-0.982732  7.50103e-05
-0.980683  0.000427279
-0.978553  6.43523e-05
-0.976563  3.79035e-05
-0.974656  0.000614676
-0.972413  4.40374e-05
-0.970639  2.05064e-05
-0.968867  0.000439717
-0.968365  0.000130902
-0.966264  3.09112e-05
-0.963769  0.000111475
-0.962667  0.000279381
-0.960088  2.55851e-05
-0.958774  2.51105e-05
-0.957683  9.30368e-05
-0.956379  0.000105141
-0.955141  0.000113159
-0.953618  4.28465e-05
-0.952118  4.53611e-05
-0.950534  9.99607e-05
-0.949346  0.000346734
-0.947724  4.3502e-05
-0.946331  1.52462e-05
-0.944893  0.000183197
-0.943552  0.000474214
-0.941939  2.90228e-05
-0.940825  1.19299e-05
-0.939235  0.000269539
-0.937788  0.000389143
-0.935939  2.38391e-05
-0.935256  9.31935e-06
-0.933684  0.000235478
-0.932156  0.00024709
-0.930586  3.43322e-05
-0.929221  7.59838e-05
-0.928051  0.00017009
-0.926424  0.00010663
-0.925127  0.00017608
-0.923377  0.000277472
-0.922456  4.91539e-05
-0.920957  0.000105148
-0.919551  0.000400845
-0.917883  0.000429965
-0.91695  2.18561e-05
-0.915551  0.000215028
-0.91403  0.000501165
-0.912355  0.000491261
-0.910072  0.000321569
-0.908536  0.000396561
-0.906876  0.000403146
-0.904632  0.000299805
-0.903113  0.000228609
-0.901517  0.00028824
-0.899821  0.000226553
-0.89915  0.000104961
-0.897708  9.68947e-05
-0.896209  0.000358861
-0.894599  0.000536689
-0.892463  8.71902e-05
-0.890871  0.00051488
-0.889376  0.000800711
-0.887208  0.000172315
-0.885559  0.000541233
-0.884104  0.000860935
-0.881981  0.000123549
-0.88184  0.000122276
-0.880292  0.000383655
-0.878867  0.000672386
-0.876873  3.82512e-05
-0.876659  0.000192541
-0.875105  0.000188516
-0.873701  0.000446614
-0.871909  0.000271202
-0.869993  7.15787e-05
-0.868583  0.000369535
-0.867107  0.000512273
-0.865  5.26901e-05
-0.863445  0.000472658
-0.862022  0.000728889
-0.859852  9.9377e-05
-0.858439  0.000518142
-0.856949  0.00074199
-0.854371  0.000231725
-0.853481  0.000330899
-0.851925  0.000554036
-0.850195  1.02287e-05
-0.849173  0.000336421
-0.84788  8.67081e-05
-0.846769  0.000361204
-0.84512  0.000195766
-0.843929  0.000157281
-0.841831  0.00030095
-0.840359  0.000646704
-0.838949  6.4154e-05
-0.837256  0.000187152
-0.83632  0.000415824
-0.835271  0.000811757
-0.833673  4.81996e-05
-0.832642  0.000331501
-0.831169  0.000546845
-0.830169  0.000656672
-0.828134  0.000224117
-0.827864  0.000187669
-0.826413  0.000314274
-0.825364  0.000564534
-0.823352  0.000178126
-0.823061  0.000154574
-0.821606  0.00015267
-0.820517  0.000408754
-0.818998  0.000272657
-0.818255  9.31955e-05
-0.81671  7.77438e-05
-0.815665  0.000438438
-0.814329  0.00066946
-0.812065  0.000122287
-0.810852  0.000518187
-0.809634  0.000953492
-0.807617  0.000223589
-0.80612  0.000465345
-0.804911  0.000964407
-0.80293  0.000252938
-0.801449  0.000286375
-0.800224  0.000698594
-0.798273  0.000198921
-0.796797  0.000132569
-0.795588  0.000434912
-0.794105  0.000264255
-0.792141  5.18034e-05
-0.791014  0.000362152
-0.789735  0.000548217
-0.78751  7.14798e-05
-0.786458  0.000357581
-0.785195  0.00078983
-0.782514  0.000267013
-0.781955  0.000165741
-0.780656  0.000755069
-0.777963  0.000362244
-0.77613  0.000497049
-0.773629  0.000231694
-0.771401  0.000374717
-0.76966  0.00016159
-0.768753  2.07901e-05
-0.766766  0.000364565
-0.765764  0.000381026
-0.764008  5.22323e-05
-0.762929  0.000173134
-0.761496  0.0008186
-0.759002  0.000237956
-0.757071  0.000814693
-0.754736  0.000206336
-0.752852  0.000377098
-0.752256  0.000195954
-0.750434  0.00014204
-0.748252  0.00034224
-0.746714  0.000216353
-0.744681  7.23168e-05
-0.743659  0.00034774
-0.74259  0.000373669
-0.740701  0.000167078
-0.73943  0.000487047
-0.738346  0.000574719
-0.73653  0.000230483
-0.735274  0.000567545
-0.7341  0.000592947
-0.732327  0.000244514
-0.731069  0.000503073
-0.729833  0.000423714
-0.728142  0.00017356
-0.726878  0.000350705
-0.725668  0.000240653
-0.724452  0.000206596
-0.722763  0.000238651
-0.721621  0.000301566
-0.720498  0.00032918
-0.718733  0.000252524
-0.717579  0.000558363
-0.716401  0.000428063
-0.714654  0.000312285
-0.71351  0.000752023
-0.712288  0.000396063
-0.710557  0.000297718
-0.709444  0.000706064
-0.708171  0.000263941
-0.706512  0.000194092
-0.705396  0.000493575
-0.703972  0.000173029
-0.702763  0.000142676
-0.701421  0.000300236
-0.700256  0.000212642
-0.69907  0.000261722
-0.697506  0.000239039
-0.696388  0.000443616
-0.695088  0.000332415
-0.693586  0.000246595
-0.692467  0.000604452
-0.691023  0.000324575
-0.689646  0.000202867
-0.688529  0.000559263
-0.687004  0.00020162
-0.68584  0.000132093
-0.684647  0.000365432
-0.682697  0.000215798
-0.681803  4.56102e-05
-0.680666  0.000231081
-0.679399  0.000193774
-0.678384  0.000216621
-0.676754  0.000237789
-0.675558  0.000565082
-0.674359  0.000210163
-0.672948  0.000196222
-0.671903  0.000823389
-0.670522  0.000229498
-0.669313  0.000144732
-0.668115  0.000816533
-0.666523  0.000170584
-0.665372  0.00012167
-0.664251  0.000493642
-0.662427  0.000180612
-0.660354  0.000400242
-0.658897  0.000259861
-0.658009  3.25631e-05
-0.656689  0.000311682
-0.655657  0.000554123
-0.654474  0.000148059
-0.652288  0.00111838
-0.650762  0.000138688
-0.649424  9.0539e-05
-0.64852  0.000912673
-0.647008  9.90239e-05
-0.645083  0.000357407
-0.644721  0.000273354
-0.643087  8.65568e-05
-0.641961  5.43894e-05
-0.640897  0.0003706
-0.639828  9.99894e-05
-0.638781  6.95024e-05
-0.636875  0.000654922
-0.635226  9.50103e-05
-0.633414  0.000501951
-0.632954  0.000290366
-0.631628  8.20041e-05
-0.630494  0.000159323
-0.629455  0.000512179
-0.627586  0.000100018
-0.626986  5.55554e-05
-0.625907  0.000300322
-0.6239  9.51822e-05
-0.622233  0.000213072
-0.620785  0.000161383
-0.618134  0.000530043
-0.616625  6.14512e-05
-0.614625  0.000673821
-0.613069  5.66646e-05
-0.612008  0.000119384
-0.610958  0.000456859
-0.609041  0.000108604
-0.607522  0.000282919
-0.605776  6.21697e-05
-0.603851  0.000234206
-0.603096  6.2286e-05
-0.602023  4.02261e-05
-0.600126  0.000506358
-0.598458  7.49032e-05
-0.596754  0.000676859
-0.59505  9.22017e-05
-0.593465  0.000631304
-0.591662  8.53521e-05
-0.590279  0.000333382
-0.589661  0.000136324
-0.58835  6.19285e-05
-0.587092  0.000200779
-0.58586  0.000302185
-0.584636  6.08663e-05
-0.583534  0.000225607
-0.582451  0.000496691
-0.580536  0.000242005
-0.579386  0.000720463
-0.577012  0.000365878
-0.576233  0.000526394
-0.573997  0.00026389
-0.572914  0.000415818
-0.571988  5.80316e-05
-0.570398  0.00025725
-0.569026  0.000476989
-0.566865  0.000287733
-0.565666  0.000647867
-0.563727  0.000269094
-0.562567  0.000775748
-0.560758  0.000127233
-0.559699  0.000713358
-0.558431  5.90746e-05
-0.556569  0.000598068
-0.555269  2.65205e-05
-0.553899  0.000170744
-0.552689  0.00043462
-0.55074  0.000132524
-0.549531  0.000649523
-0.547627  0.000148815
-0.546502  0.000747181
-0.543759  0.00075406
-0.541987  4.86563e-05
-0.54067  0.000497789
-0.539634  9.85226e-05
-0.53785  0.000267759
-0.536561  0.000410738
-0.534446  0.000260581
-0.533606  0.00060741
-0.532086  0.000103282
-0.530808  0.000863074
-0.529209  7.13706e-05
-0.528019  0.000761653
-0.525459  0.000293445
-0.525137  0.000229796
-0.524108  0.00016228
-0.522297  0.000320887
-0.521107  0.000420868
-0.519563  0.000112536
-0.518356  0.000778447
-0.516435  0.000198104
-0.515478  0.000710715
-0.514183  5.52954e-05
-0.512843  0.000637079
-0.511511  4.4572e-05
-0.509857  0.000487147
-0.508248  2.69492e-05
-0.506778  0.00034588
-0.506267  0.000169059
-0.5046  7.6919e-05
-0.50355  0.000565973
-0.500956  0.00062368
-0.499446  3.54752e-05
-0.498251  0.000453356
-0.496849  2.60549e-05
-0.495298  0.00036563
-0.493868  2.08283e-05
-0.492862  0.000112732
-0.491782  0.000312984
-0.49013  7.01614e-05
-0.489091  0.000466251
-0.486732  0.000285171
-0.486454  0.0002684
-0.484056  0.000446856
-0.481577  0.000276113
-0.480296  0.000130942
-0.479113  7.63969e-05
-0.477873  0.00039172
-0.475392  0.000619495
-0.473594  7.49785e-05
-0.472822  0.000633301
-0.470504  0.000530521
-0.470048  7.75024e-05
-0.468059  0.000387709
-0.46639  0.000178568
-0.46522  0.000192852
-0.464164  0.000228931
-0.462125  0.000614792
-0.459668  0.000713033
-0.457288  0.0005431
-0.456996  7.59863e-05
-0.454863  0.000396716
-0.453321  8.41193e-05
-0.452177  0.000243717
-0.450848  0.000171862
-0.449267  0.000344886
-0.448255  0.000147923
-0.446682  0.000475805
-0.445782  5.75264e-05
-0.444337  0.00043212
-0.443232  2.77793e-05
-0.442003  0.000290205
-0.439949  0.000189218
-0.438438  0.000210767
-0.437377  7.73828e-05
-0.436211  0.000428058
-0.434036  0.000513345
-0.433603  8.12587e-05
-0.431729  0.000497273
-0.429552  0.000349938
-0.427283  0.000237819
-0.426099  0.000156885
-0.424134  0.000478247
-0.421829  0.000572853
-0.421127  7.90887e-06
-0.419574  0.000478818
-0.418274  2.31381e-05
-0.417336  0.000285042
-0.415052  0.000217124
-0.413985  7.12886e-05
-0.412253  0.000320262
-0.411171  2.00947e-05
-0.409993  0.000367871
-0.407854  0.000314015
-0.405714  0.000190458
-0.403247  0.000168007
-0.401909  4.86586e-05
-0.400479  0.000251323
-0.399472  1.61222e-05
-0.398324  0.000299149
-0.396282  0.000264128
-0.394216  0.000168742
-0.392601  3.57902e-05
-0.391352  0.000156126
-0.38927  0.000232579
-0.387292  0.000306342
-0.387009  2.56158e-05
-0.385264  0.000307809
-0.383273  0.000225725
-0.381243  0.000186253
-0.379768  0.000207373
-0.378163  0.000312783
-0.377036  0.000165301
-0.376082  0.00035201
-0.374427  0.00040893
-0.372811  0.000231533
-0.371362  0.000250002
-0.369426  0.000366374
-0.368336  3.68209e-05
-0.36743  0.000453783
-0.365608  0.000568549
-0.363572  0.000478528
-0.361402  0.000320374
-0.359171  0.000331774
-0.35724  0.000413251
-0.355441  0.000460052
-0.353511  0.000409636
-0.351711  0.000206282
-0.350579  0.000140892
-0.348959  0.000366559
-0.34716  0.000445989
-0.345377  0.000568155
-0.343527  0.000383068
-0.342706  8.13788e-05
-0.341257  0.000330966
-0.339192  0.000390984
-0.337399  0.000500079
-0.335646  0.000481441
-0.33504  6.0787e-05
-0.333783  0.000323852
-0.331981  0.000257218
-0.329887  0.00030895
-0.32797  0.000381651
-0.326289  0.000314708
-0.324671  0.000251011
-0.322612  0.000208128
-0.320579  0.000230226
-0.318785  0.000332615
-0.316986  0.000312732
-0.315441  0.000201695
-0.314259  5.98305e-05
-0.313257  0.000146058
-0.311603  0.000250124
-0.309995  0.000370401
-0.308332  0.000488665
-0.3067  0.000526458
-0.304988  0.000595114
-0.304418  2.68144e-05
-0.303263  0.000669769
-0.301656  0.000733684
-0.300007  0.000725077
-0.298308  0.000902738
-0.296544  0.00101025
-0.294916  0.000983207
-0.293358  0.000851184
-0.291749  0.000817984
-0.290046  0.000793086
-0.288401  0.000884099
-0.286768  0.000865169
-0.285204  0.00076229
-0.283587  0.000739971
-0.281911  0.000922662
-0.280303  0.00103615
-0.278764  0.00105077
-0.277249  0.000901994
-0.275674  0.000863416
-0.274058  0.00102879
-0.272516  0.00117431
-0.27103  0.00114664
-0.269567  0.000881057
-0.268021  0.000763202
-0.266464  0.00078318
-0.264985  0.000882499
-0.263537  0.000814861
-0.262117  0.000626498
-0.260577  0.000551348
-0.259031  0.000664904
-0.25758  0.00074883
-0.256181  0.000697339
-0.254771  0.000567139
-0.253326  0.000510825
-0.251895  0.000648417
-0.250423  0.00112509
-0.249077  0.000925694
-0.247869  0.000867694
-0.246552  0.000765868
-0.245004  0.000945055
-0.243644  0.000932939
-0.242411  0.00111144
-0.241148  0.00105239
-0.239846  0.000816847
-0.238483  0.000734641
-0.237159  0.000877511
-0.235828  0.000902563
-0.234566  0.000862446
-0.233245  0.000639174
-0.231842  0.000621386
-0.230508  0.000849777
-0.229263  0.000977669
-0.228039  0.00099763
-0.226759  0.000736062
-0.225305  0.000758793
-0.224109  0.000767837
-0.222912  0.00102181
-0.221724  0.000974358
-0.220526  0.000713207
-0.219265  0.000549313
-0.218004  0.000629723
-0.216817  0.000725672
-0.215665  0.000643191
-0.214508  0.000479559
-0.21318  0.000392789
-0.211913  0.00049367
-0.21076  0.000594896
-0.209636  0.000546079
-0.208511  0.000388251
-0.207298  0.000341944
-0.206049  0.000477355
-0.204937  0.000634251
-0.203859  0.000644017
-0.202698  0.000605945
-0.201584  0.000526252
-0.200413  0.000683395
-0.199313  0.000872823
-0.198243  0.000818903
-0.197173  0.000680026
-0.196035  0.000697588
-0.194909  0.000829787
-0.193871  0.000882993
-0.192865  0.000770264
-0.191831  0.000611481
-0.190693  0.000592404
-0.18953  0.000739483
-0.188051  0.00141248
-0.186549  0.000626266
-0.185394  0.000672314
-0.184274  0.000815505
-0.182803  0.0016179
-0.181267  0.000663796
-0.18017  0.000693054
-0.179107  0.000849343
-0.178085  0.000855954
-0.177039  0.000658706
-0.176015  0.000439839
-0.174997  0.000500337
-0.173895  0.000726934
-0.172832  0.000587538
-0.17169  0.00045085
-0.170449  0.000465055
-0.168891  0.00103087
-0.167028  0.000791315
-0.1654  0.000567618
-0.16434  0.000805079
-0.163335  0.000742353
-0.162293  0.000544868
-0.161198  0.000516372
-0.159813  0.00118711
-0.15872  0.000788819
-0.158105  0.000285997
-0.156596  0.000798706
-0.155273  0.000687952
-0.154017  0.000837406
-0.152347  0.000546838
-0.150851  0.00103009
-0.149902  0.000572523
-0.149161  0.000272483
-0.148101  0.000379199
-0.147074  0.00084704
-0.145995  0.000724677
-0.144908  0.000369714
-0.14329  0.000762856
-0.141948  0.000592905
-0.140511  0.000228418
-0.139315  0.000398761
-0.138103  0.000573628
-0.137336  0.000108374
-0.136267  0.000209794
-0.134841  0.000746473
-0.13369  0.000418349
-0.133064  0.000185363
-0.131615  0.00112337
-0.130422  0.00116779
-0.128453  0.00127006
-0.127348  0.00143054
-0.125931  0.000566931
-0.124332  0.00184808
-0.122539  0.000833157
-0.120941  0.00185766
-0.119811  0.000714252
-0.118024  0.00132958
-0.117427  0.00126116
-0.116155  0.000575052
-0.114404  0.00162377
-0.112933  0.000389214
-0.111282  0.00128668
-0.110446  0.000317435
-0.109303  0.000250189
-0.107968  0.00214767
-0.10632  0.000492049
-0.105022  0.00182871
-0.104207  0.000398914
-0.102965  0.000569744
-0.101957  0.00131901
-0.100704  0.000181329
-0.0993061  0.00183645
-0.097864  0.000376451
-0.0965811  0.00156769
-0.0954997  0.000292866
-0.0939427  0.00124226
-0.0916178  0.00055922
-0.0911308  0.000492092
-0.0902172  0.00010404
-0.0887267  0.00106126
-0.0871842  0.000567278
-0.0861267  0.00122277
-0.084368  0.000965951
-0.083815  0.000811423
-0.0818478  0.00133521
-0.0805549  0.000338629
-0.07952  0.00132131
-0.0777763  0.00089149
-0.077373  0.000618206
-0.0754956  0.00101706
-0.0735162  0.000556416
-0.07312  0.000376334
-0.0712297  0.00122231
-0.0692508  0.00121055
-0.067344  0.000841212
-0.0653975  0.000990076
-0.0636642  0.000764283
-0.0620214  0.000553565
-0.0601741  0.000467507
-0.0584849  0.000455493
-0.056911  0.000928428
-0.0554436  0.000809887
-0.0540398  0.000682155
-0.0525437  0.000957164
-0.0510942  0.000757677
-0.049754  0.000512883
-0.0482638  0.000519089
-0.0467779  0.000863509
-0.0452997  0.00154892
-0.0445816  0.000533653
-0.0435246  0.000948095
-0.0424582  0.00116734
-0.0414555  0.00111832
-0.0403828  0.000969104
-0.0390802  0.000760985
-0.0379725  0.00108797
-0.0369655  0.00137406
-0.0358575  0.000974905
-0.0343947  0.00167706
-0.0337827  0.000541683
-0.0323616  0.000866702
-0.031043  0.000808892
-0.0299028  0.00173724
-0.0287139  0.000425244
-0.0277156  0.00164126
-0.0261566  0.000926373
-0.0246149  0.00142177
-0.0229667  0.000887903
-0.0225645  0.000611628
-0.0207377  0.000814543
-0.019449  0.00151034
-0.018043  0.001725
-0.016351  0.0015215
-0.0150237  0.00105796
-0.0132397  0.0014861
-0.011964  0.000790185
-0.0103783  0.00119145
-0.00828631  0.000956456
-0.00680453  0.00107735
-0.00551841  0.00126838
-0.00422865  0.000798682
-0.00280166  0.00110389
-0.00194948  0.0003617
-0.00080688  0.000541018
0.00080688  0.000541018
0.00194948  0.0003617
0.00280166  0.00110389
0.00422865  0.000798682
0.00551841  0.00126838
0.00680453  0.00107735
0.00828631  0.000956456
0.0103783  0.00119145
0.011964  0.000790185
0.0132397  0.0014861
0.0150237  0.00105796
0.016351  0.0015215
0.018043  0.001725
0.019449  0.00151034
0.0207377  0.000814543
0.0225645  0.000611628
0.0229667  0.000887903
0.0246149  0.00142177
0.0261566  0.000926373
0.0277156  0.00164126
0.0287139  0.000425244
0.0299028  0.00173724
0.031043  0.000808892
0.0323616  0.000866702
0.0337827  0.000541683
0.0343947  0.00167706
0.0358575  0.000974905
0.0369655  0.00137406
0.0379725  0.00108797
0.0390802  0.000760985
0.0403828  0.000969104
0.0414555  0.00111832
0.0424582  0.00116734
0.0435246  0.000948095
0.0445816  0.000533653
0.0452997  0.00154892
0.0467779  0.000863509
0.0482638  0.000519089
0.049754  0.000512883
0.0510942  0.000757677
0.0525437  0.000957164
0.0540398  0.000682155
0.0554436  0.000809887
0.056911  0.000928428
0.0584849  0.000455493
0.0601741  0.000467507
0.0620214  0.000553565
0.0636642  0.000764283
0.0653975  0.000990076
0.067344  0.000841212
0.0692508  0.00121055
0.0712297  0.00122231
0.07312  0.000376334
0.0735162  0.000556416
0.0754956  0.00101706
0.077373  0.000618206
0.0777763  0.00089149
0.07952  0.00132131
0.0805549  0.000338629
0.0818478  0.00133521
0.083815  0.000811423
0.084368  0.000965951
0.0861267  0.00122277
0.0871842  0.000567278
0.0887267  0.00106126
0.0902172  0.00010404
0.0911308  0.000492092
0.0916178  0.00055922
0.0939427  0.00124226
0.0954997  0.000292866
0.0965811  0.00156769
0.097864  0.000376451
0.0993061  0.00183645
0.100704  0.000181329
0.101957  0.00131901
0.102965  0.000569744
0.104207  0.000398914
0.105022  0.00182871
0.10632  0.000492049
0.107968  0.00214767
0.109303  0.000250189
0.110446  0.000317435
0.111282  0.00128668
0.112933  0.000389214
0.114404  0.00162377
0.116155  0.000575052
0.117427  0.00126116
0.118024  0.00132958
0.119811  0.000714252
0.120941  0.00185766
0.122539  0.000833157
0.124332  0.00184808
0.125931  0.000566931
0.127348  0.00143054
0.128453  0.00127006
0.130422  0.00116779
0.131615  0.00112337
0.133064  0.000185363
0.13369  0.000418349
0.134841  0.000746473
0.136267  0.000209794
0.137336  0.000108374
0.138103  0.000573628
0.139315  0.000398761
0.140511  0.000228418
0.141948  0.000592905
0.14329  0.000762856
0.144908  0.000369714
0.145995  0.000724677
0.147074  0.00084704
0.148101  0.000379199
0.149161  0.000272483
0.149902  0.000572523
0.150851  0.00103009
0.152347  0.000546838
0.154017  0.000837406
0.155273  0.000687952
0.156596  0.000798706
0.158105  0.000285997
0.15872  0.000788819
0.159813  0.00118711
0.161198  0.000516372
0.162293  0.000544868
0.163335  0.000742353
0.16434  0.000805079
0.1654  0.000567618
0.167028  0.000791315
0.168891  0.00103087
0.170449  0.000465055
0.17169  0.00045085
0.172832  0.000587538
0.173895  0.000726934
0.174997  0.000500337
0.176015  0.000439839
0.177039  0.000658706
0.178085  0.000855954
0.179107  0.000849343
0.18017  0.000693054
0.181267  0.000663796
0.182803  0.0016179
0.184274  0.000815505
0.185394  0.000672314
0.186549  0.000626266
0.188051  0.00141248
0.18953  0.000739483
0.190693  0.000592404
0.191831  0.000611481
0.192865  0.000770264
0.193871  0.000882993
0.194909  0.000829787
0.196035  0.000697588
0.197173  0.000680026
0.198243  0.000818903
0.199313  0.000872823
0.200413  0.000683395
0.201584  0.000526252
0.202698  0.000605945
0.203859  0.000644017
0.204937  0.000634251
0.206049  0.000477355
0.207298  0.000341944
0.208511  0.000388251
0.209636  0.000546079
0.21076  0.000594896
0.211913  0.00049367
0.21318  0.000392789
0.214508  0.000479559
0.215665  0.000643191
0.216817  0.000725672
0.218004  0.000629723
0.219265  0.000549313
0.220526  0.000713207
0.221724  0.000974358
0.222912  0.00102181
0.224109  0.000767837
0.225305  0.000758793
0.226759  0.000736062
0.228039  0.00099763
0.229263  0.000977669
0.230508  0.000849777
0.231842  0.000621386
0.233245  0.000639174
0.234566  0.000862446
0.235828  0.000902563
0.237159  0.000877511
0.238483  0.000734641
0.239846  0.000816847
0.241148  0.00105239
0.242411  0.00111144
0.243644  0.000932939
0.245004  0.000945055
0.246552  0.000765868
0.247869  0.000867694
0.249077  0.000925694
0.250423  0.00112509
0.251895  0.000648417
0.253326  0.000510825
0.254771  0.000567139
0.256181  0.000697339
0.25758  0.00074883
0.259031  0.000664904
0.260577  0.000551348
0.262117  0.000626498
0.263537  0.000814861
0.264985  0.000882499
0.266464  0.00078318
0.268021  0.000763202
0.269567  0.000881057
0.27103  0.00114664
0.272516  0.00117431
0.274058  0.00102879
0.275674  0.000863416
0.277249  0.000901994
0.278764  0.00105077
0.280303  0.00103615
0.281911  0.000922662
0.283587  0.000739971
0.285204  0.00076229
0.286768  0.000865169
0.288401  0.000884099
0.290046  0.000793086
0.291749  0.000817984
0.293358  0.000851184
0.294916  0.000983207
0.296544  0.00101025
0.298308  0.000902738
0.300007  0.000725077
0.301656  0.000733684
0.303263  0.000669769
0.304418  2.68144e-05
0.304988  0.000595114
0.3067  0.000526458
0.308332  0.000488665
0.309995  0.000370401
0.311603  0.000250124
0.313257  0.000146058
0.314259  5.98305e-05
0.315441  0.000201695
0.316986  0.000312732
0.318785  0.000332615
0.320579  0.000230226
0.322612  0.000208128
0.324671  0.000251011
0.326289  0.000314708
0.32797  0.000381651
0.329887  0.00030895
0.331981  0.000257218
0.333783  0.000323852
0.33504  6.0787e-05
0.335646  0.000481441
0.337399  0.000500079
0.339192  0.000390984
0.341257  0.000330966
0.342706  8.13788e-05
0.343527  0.000383068
0.345377  0.000568155
0.34716  0.000445989
0.348959  0.000366559
0.350579  0.000140892
0.351711  0.000206282
0.353511  0.000409636
0.355441  0.000460052
0.35724  0.000413251
0.359171  0.000331774
0.361402  0.000320374
0.363572  0.000478528
0.365608  0.000568549
0.36743  0.000453783
0.368336  3.68209e-05
0.369426  0.000366374
0.371362  0.000250002
0.372811  0.000231533
0.374427  0.00040893
0.376082  0.00035201
0.377036  0.000165301
0.378163  0.000312783
0.379768  0.000207373
0.381243  0.000186253
0.383273  0.000225725
0.385264  0.000307809
0.387009  2.56158e-05
0.387292  0.000306342
0.38927  0.000232579
0.391352  0.000156126
0.392601  3.57902e-05
0.394216  0.000168742
0.396282  0.000264128
0.398324  0.000299149
0.399472  1.61222e-05
0.400479  0.000251323
0.401909  4.86586e-05
0.403247  0.000168007
0.405714  0.000190458
0.407854  0.000314015
0.409993  0.000367871
0.411171  2.00947e-05
0.412253  0.000320262
0.413985  7.12886e-05
0.415052  0.000217124
0.417336  0.000285042
0.418274  2.31381e-05
0.419574  0.000478818
0.421127  7.90887e-06
0.421829  0.000572853
0.424134  0.000478247
0.426099  0.000156885
0.427283  0.000237819
0.429552  0.000349938
0.431729  0.000497273
0.433603  8.12587e-05
0.434036  0.000513345
0.436211  0.000428058
0.437377  7.73828e-05
0.438438  0.000210767
0.439949  0.000189218
0.442003  0.000290205
0.443232  2.77793e-05
0.444337  0.00043212
0.445782  5.75264e-05
0.446682  0.000475805
0.448255  0.000147923
0.449267  0.000344886
0.450848  0.000171862
0.452177  0.000243717
0.453321  8.41193e-05
0.454863  0.000396716
0.456996  7.59863e-05
0.457288  0.0005431
0.459668  0.000713033
0.462125  0.000614792
0.464164  0.000228931
0.46522  0.000192852
0.46639  0.000178568
0.468059  0.000387709
0.470048  7.75024e-05
0.470504  0.000530521
0.472822  0.000633301
0.473594  7.49785e-05
0.475392  0.000619495
0.477873  0.00039172
0.479113  7.63969e-05
0.480296  0.000130942
0.481577  0.000276113
0.484056  0.000446856
0.486454  0.0002684
0.486732  0.000285171
0.489091  0.000466251
0.49013  7.01614e-05
0.491782  0.000312984
0.492862  0.000112732
0.493868  2.08283e-05
0.495298  0.00036563
0.496849  2.60549e-05
0.498251  0.000453356
0.499446  3.54752e-05
0.500956  0.00062368
0.50355  0.000565973
0.5046  7.6919e-05
0.506267  0.000169059
0.506778  0.00034588
0.508248  2.69492e-05
0.509857  0.000487147
0.511511  4.4572e-05
0.512843  0.000637079
0.514183  5.52954e-05
0.515478  0.000710715
0.516435  0.000198104
0.518356  0.000778447
0.519563  0.000112536
0.521107  0.000420868
0.522297  0.000320887
0.524108  0.00016228
0.525137  0.000229796
0.525459  0.000293445
0.528019  0.000761653
0.529209  7.13706e-05
0.530808  0.000863074
0.532086  0.000103282
0.533606  0.00060741
0.534446  0.000260581
0.536561  0.000410738
0.53785  0.000267759
0.539634  9.85226e-05
0.54067  0.000497789
0.541987  4.86563e-05
0.543759  0.00075406
0.546502  0.000747181
0.547627  0.000148815
0.549531  0.000649523
0.55074  0.000132524
0.552689  0.00043462
0.553899  0.000170744
0.555269  2.65205e-05
0.556569  0.000598068
0.558431  5.90746e-05
0.559699  0.000713358
0.560758  0.000127233
0.562567  0.000775748
0.563727  0.000269094
0.565666  0.000647867
0.566865  0.000287733
0.569026  0.000476989
0.570398  0.00025725
0.571988  5.80316e-05
0.572914  0.000415818
0.573997  0.00026389
0.576233  0.000526394
0.577012  0.000365878
0.579386  0.000720463
0.580536  0.000242005
0.582451  0.000496691
0.583534  0.000225607
0.584636  6.08663e-05
0.58586  0.000302185
0.587092  0.000200779
0.58835  6.19285e-05
0.589661  0.000136324
0.590279  0.000333382
0.591662  8.53521e-05
0.593465  0.000631304
0.59505  9.22017e-05
0.596754  0.000676859
0.598458  7.49032e-05
0.600126  0.000506358
0.602023  4.02261e-05
0.603096  6.2286e-05
0.603851  0.000234206
0.605776  6.21697e-05
0.607522  0.000282919
0.609041  0.000108604
0.610958  0.000456859
0.612008  0.000119384
0.613069  5.66646e-05
0.614625  0.000673821
0.616625  6.14512e-05
0.618134  0.000530043
0.620785  0.000161383
0.622233  0.000213072
0.6239  9.51822e-05
0.625907  0.000300322
0.626986  5.55554e-05
0.627586  0.000100018
0.629455  0.000512179
0.630494  0.000159323
0.631628  8.20041e-05
0.632954  0.000290366
0.633414  0.000501951
0.635226  9.50103e-05
0.636875  0.000654922
0.638781  6.95024e-05
0.639828  9.99894e-05
0.640897  0.0003706
0.641961  5.43894e-05
0.643087  8.65568e-05
0.644721  0.000273354
0.645083  0.000357407
0.647008  9.90239e-05
0.64852  0.000912673
0.649424  9.0539e-05
0.650762  0.000138688
0.652288  0.00111838
0.654474  0.000148059
0.655657  0.000554123
0.656689  0.000311682
0.658009  3.25631e-05
0.658897  0.000259861
0.660354  0.000400242
0.662427  0.000180612
0.664251  0.000493642
0.665372  0.00012167
0.666523  0.000170584
0.668115  0.000816533
0.669313  0.000144732
0.670522  0.000229498
0.671903  0.000823389
0.672948  0.000196222
0.674359  0.000210163
0.675558  0.000565082
0.676754  0.000237789
0.678384  0.000216621
0.679399  0.000193774
0.680666  0.000231081
0.681803  4.56102e-05
0.682697  0.000215798
0.684647  0.000365432
0.68584  0.000132093
0.687004  0.00020162
0.688529  0.000559263
0.689646  0.000202867
0.691023  0.000324575
0.692467  0.000604452
0.693586  0.000246595
0.695088  0.000332415
0.696388  0.000443616
0.697506  0.000239039
0.69907  0.000261722
0.700256  0.000212642
0.701421  0.000300236
0.702763  0.000142676
0.703972  0.000173029
0.705396  0.000493575
0.706512  0.000194092
0.708171  0.000263941
0.709444  0.000706064
0.710557  0.000297718
0.712288  0.000396063
0.71351  0.000752023
0.714654  0.000312285
0.716401  0.000428063
0.717579  0.000558363
0.718733  0.000252524
0.720498  0.00032918
0.721621  0.000301566
0.722763  0.000238651
0.724452  0.000206596
0.725668  0.000240653
0.726878  0.000350705
0.728142  0.00017356
0.729833  0.000423714
0.731069  0.000503073
0.732327  0.000244514
0.7341  0.000592947
0.735274  0.000567545
0.73653  0.000230483
0.738346  0.000574719
0.73943  0.000487047
0.740701  0.000167078
0.74259  0.000373669
0.743659  0.00034774
0.744681  7.23168e-05
0.746714  0.000216353
0.748252  0.00034224
0.750434  0.00014204
0.752256  0.000195954
0.752852  0.000377098
0.754736  0.000206336
0.757071  0.000814693
0.759002  0.000237956
0.761496  0.0008186
0.762929  0.000173134
0.764008  5.22323e-05
0.765764  0.000381026
0.766766  0.000364565
0.768753  2.07901e-05
0.76966  0.00016159
0.771401  0.000374717
0.773629  0.000231694
0.77613  0.000497049
0.777963  0.000362244
0.780656  0.000755069
0.781955  0.000165741
0.782514  0.000267013
0.785195  0.00078983
0.786458  0.000357581
0.78751  7.14798e-05
0.789735  0.000548217
0.791014  0.000362152
0.792141  5.18034e-05
0.794105  0.000264255
0.795588  0.000434912
0.796797  0.000132569
0.798273  0.000198921
0.800224  0.000698594
0.801449  0.000286375
0.80293  0.000252938
0.804911  0.000964407
0.80612  0.000465345
0.807617  0.000223589
0.809634  0.000953492
0.810852  0.000518187
0.812065  0.000122287
0.814329  0.00066946
0.815665  0.000438438
0.81671  7.77438e-05
0.818255  9.31955e-05
0.818998  0.000272657
0.820517  0.000408754
0.821606  0.00015267
0.823061  0.000154574
0.823352  0.000178126
0.825364  0.000564534
0.826413  0.000314274
0.827864  0.000187669
0.828134  0.000224117
0.830169  0.000656672
0.831169  0.000546845
0.832642  0.000331501
0.833673  4.81996e-05
0.835271  0.000811757
0.83632  0.000415824
0.837256  0.000187152
0.838949  6.4154e-05
0.840359  0.000646704
0.841831  0.00030095
0.843929  0.000157281
0.84512  0.000195766
0.846769  0.000361204
0.84788  8.67081e-05
0.849173  0.000336421
0.850195  1.02287e-05
0.851925  0.000554036
0.853481  0.000330899
0.854371  0.000231725
0.856949  0.00074199
0.858439  0.000518142
0.859852  9.9377e-05
0.862022  0.000728889
0.863445  0.000472658
0.865  5.26901e-05
0.867107  0.000512273
0.868583  0.000369535
0.869993  7.15787e-05
0.871909  0.000271202
0.873701  0.000446614
0.875105  0.000188516
0.876659  0.000192541
0.876873  3.82512e-05
0.878867  0.000672386
0.880292  0.000383655
0.88184  0.000122276
0.881981  0.000123549
0.884104  0.000860935
0.885559  0.000541233
0.887208  0.000172315
0.889376  0.000800711
0.890871  0.00051488
0.892463  8.71902e-05
0.894599  0.000536689
0.896209  0.000358861
0.897708  9.68947e-05
0.89915  0.000104961
0.899821  0.000226553
0.901517  0.00028824
0.903113  0.000228609
0.904632  0.000299805
0.906876  0.000403146
0.908536  0.000396561
0.910072  0.000321569
0.912355  0.000491261
0.91403  0.000501165
0.915551  0.000215028
0.91695  2.18561e-05
0.917883  0.000429965
0.919551  0.000400845
0.920957  0.000105148
0.922456  4.91539e-05
0.923377  0.000277472
0.925127  0.00017608
0.926424  0.00010663
0.928051  0.00017009
0.929221  7.59838e-05
0.930586  3.43322e-05
0.932156  0.00024709
0.933684  0.000235478
0.935256  9.31935e-06
0.935939  2.38391e-05
0.937788  0.000389143
0.939235  0.000269539
0.940825  1.19299e-05
0.941939  2.90228e-05
0.943552  0.000474214
0.944893  0.000183197
0.946331  1.52462e-05
0.947724  4.3502e-05
0.949346  0.000346734
0.950534  9.99607e-05
0.952118  4.53611e-05
0.953618  4.28465e-05
0.955141  0.000113159
0.956379  0.000105141
0.957683  9.30368e-05
0.958774  2.51105e-05
0.960088  2.55851e-05
0.962667  0.000279381
0.963769  0.000111475
0.966264  3.09112e-05
0.968365  0.000130902
0.968867  0.000439717
0.970639  2.05064e-05
0.972413  4.40374e-05
0.974656  0.000614676
0.976563  3.79035e-05
0.978553  6.43523e-05
0.980683  0.000427279
0.982732  7.50103e-05
0.98461  7.22439e-05
0.986833  0.000146525
0.988767  0.00018459
0.990202  4.74008e-05
0.991493  2.03666e-05
0.993452  2.03586e-05
0.994814  0.000375132
0.996129  6.80753e-05
0.998142  1.81386e-05
0.999375  3.75048e-05
1.00094  0.000598256
1.00224  7.54493e-05
1.00423  9.21165e-06
1.00504  7.64549e-05
1.00713  0.000669267
1.00839  7.93478e-05
1.01046  4.77225e-06
1.01115  0.000110705
1.0134  0.000468009
1.01481  0.000120189
1.01663  3.95638e-05
1.01751  8.39217e-05
1.01973  0.000163414
1.02127  0.000270744
1.02296  9.80428e-05
1.02416  2.468e-05
1.026  3.67225e-05
1.02766  0.000536728
1.02919  0.00014741
1.03076  7.29465e-06
1.03235  7.58128e-05
1.0341  0.0008174
1.03546  0.000174355
1.03738  1.5958e-05
1.03873  0.000122136
1.04059  0.000863971
1.0418  0.000171848
1.04392  3.91104e-05
1.04523  0.000147268
1.04712  0.000567976
1.04843  0.000175152
1.0504  9.41454e-05
1.05181  0.00011557
1.05366  0.00019404
1.05529  0.000242528
1.05691  0.000191303
1.05842  5.04082e-05
1.06001  5.41021e-05
1.06203  0.000408976
1.06344  0.000308412
1.06506  1.88467e-05
1.06678  0.000107898
1.06874  0.000585198
1.07002  0.000389945
1.07192  2.52661e-05
1.07356  0.000180513
1.07538  0.000278905
1.07592  0.000484019
1.07683  0.000202863
1.0788  4.76498e-05
1.08031  0.000104588
1.0806  0.000120722
1.08228  0.000377122
1.08349  0.000250443
1.08552  0.000124449
1.08727  0.000160805
1.08838  3.92658e-05
1.08916  0.000129258
1.09056  0.000115765
1.09233  0.000278622
1.09416  8.34562e-05
1.0957  6.34462e-05
1.09741  7.66203e-05
1.0989  0.000260686
1.09938  0.000271612
1.10107  4.82787e-05
1.10296  8.54403e-05
1.10431  0.000143478
1.10593  0.00036401
1.10629  0.000349926
1.1078  6.16007e-05
1.10996  6.77742e-05
1.11067  0.000163291
1.11164  0.000153872
1.11324  0.00066788
1.11487  6.58391e-05
1.11719  0.000155082
1.11829  0.000222367
1.11946  4.00972e-05
1.12043  0.000436677
1.12216  0.000128332
1.12318  1.54082e-07
1.12436  0.000136758
1.12552  0.000169769
1.12765  0.000200503
1.12942  0.000322825
1.13047  4.5809e-07
1.13156  0.000112163
1.13286  6.36847e-05
1.13457  0.000110272
1.13561  5.75128e-05
1.13675  0.000616546
1.13885  0.000102736
1.14075  1.14646e-05
1.14196  0.00024559
1.14301  7.5756e-05
1.14415  0.000860327
1.1462  8.2626e-05
1.14815  2.4286e-05
1.1494  0.000407469
1.15051  7.82819e-05
1.15161  0.000824101
1.15351  6.622e-05
1.15562  4.67796e-05
1.15692  0.000463402
1.15819  4.46293e-05
1.15909  0.000515897
1.16096  0.000124123
1.16205  1.43477e-06
1.16317  8.24325e-05
1.1645  0.000324166
1.16649  0.000240663
1.16858  0.000288369
1.16969  4.70488e-06
1.1708  0.000120183
1.17217  0.000108084
1.17396  0.000196109
1.17516  2.97922e-05
1.17627  0.000510928
1.17742  1.12158e-05
1.17851  0.000126409
1.18048  9.91986e-06
1.18175  0.000377818
1.18292  7.60819e-05
1.18403  0.00065452
1.18522  1.14537e-05
1.18621  9.20872e-05
1.18825  1.94301e-05
1.18956  0.000573327
1.19077  0.000142789
1.19187  0.000565305
1.19376  6.27843e-05
1.19609  3.48068e-05
1.19745  0.000598996
1.19876  0.000200117
1.19981  0.000286847
1.2016  6.90643e-05
1.20284  8.5424e-06
1.20402  5.68631e-05
1.20541  0.000384762
1.20684  0.000188108
1.20805  0.000100463
1.20966  0.000144781
1.21086  2.41938e-05
1.21204  7.67999e-05
1.21345  0.000114362
1.21523  0.000193367
1.21662  0.000111167
1.21774  0.000240867
1.21896  4.96453e-05
1.22015  7.56497e-05
1.22223  5.05861e-09
1.22355  0.000283061
1.22477  0.000252739
1.2259  0.000276987
1.22716  7.1697e-05
1.22835  4.94112e-05
1.23041  2.60262e-08
1.23176  0.00039494
1.233  0.000419609
1.23415  0.000198098
1.23553  8.3906e-05
1.23695  2.2287e-05
1.23868  1.11637e-07
1.24006  0.000378201
1.24131  0.000478695
1.24278  0.000110474
1.24434  6.64946e-05
1.24573  3.57136e-05
1.24706  4.28325e-07
1.24844  0.000220993
1.24972  0.000342163
1.25168  0.000111305
1.25291  0.000111794
1.25417  8.92096e-05
1.25561  1.52103e-06
1.2569  5.89517e-05
1.25832  0.000133199
1.26023  0.000283635
1.26143  0.000174901
1.26269  0.000162698
1.26431  4.62705e-06
1.26615  5.45876e-08
1.26747  4.84677e-05
1.26882  0.000582007
1.27003  0.000198488
1.2713  0.000203285
1.27315  1.30156e-05
1.27476  2.39262e-07
1.27612  6.02839e-05
1.27749  0.000883468
1.27874  0.00015691
1.27995  0.000165481
1.28092  4.82244e-07
1.28204  3.70779e-05
1.28346  8.92579e-07
1.28486  4.57463e-05
1.28625  0.000924769
1.28742  3.46148e-05
1.28825  0.000161732
1.28972  3.48006e-06
1.29091  9.9973e-05
1.29228  2.93947e-06
1.2937  1.60481e-05
1.29511  0.000602421
1.2971  0.000216107
1.29858  1.40472e-05
1.29982  0.000222856
1.30125  8.44074e-06
1.30412  0.000198313
1.30619  0.0004558
1.30756  4.31747e-05
1.30881  0.000368907
1.31035  1.95601e-05
1.31245  4.06284e-07
1.31384  3.66277e-05
1.31527  0.000842129
1.31664  9.86562e-05
1.31789  0.000422293
1.31965  3.93991e-05
1.32154  1.55589e-06
1.32298  4.16927e-05
1.32442  0.0011757
1.3257  8.09986e-05
1.32657  0.000228046
1.32715  0.000163388
1.32911  7.99084e-05
1.33073  5.13725e-06
1.33221  2.91864e-05
1.33367  0.00113113
1.33497  7.11893e-05
1.33572  0.000261872
1.33738  1.73229e-05
1.33859  0.000168006
1.34003  1.4841e-05
1.34154  9.54552e-06
1.34302  0.000667943
1.3449  0.000286118
1.34671  5.30864e-05
1.34801  0.000336693
1.34945  3.59133e-05
1.35247  0.000182038
1.35467  0.000407958
1.3562  0.000146658
1.35752  0.000509783
1.359  6.74999e-05
1.36137  2.06127e-06
1.36286  4.91249e-08
1.36434  0.000647699
1.36579  0.000305624
1.36712  0.00053518
1.36872  9.67193e-05
1.37098  7.02754e-06
1.37253  1.51128e-07
1.37402  0.000831648
1.37549  0.000465237
1.37683  0.000349627
1.37865  0.00012051
1.38071  2.08713e-05
1.38231  2.95262e-07
1.38382  0.000726086
1.38532  0.000494201
1.38662  0.000113058
1.38782  6.05997e-05
1.38904  0.000126834
1.39055  5.40813e-05
1.3922  3.13095e-07
1.39372  0.000380515
1.39536  0.000367802
1.39764  0.000139542
1.39902  0.000232834
1.40052  0.000115933
1.40209  5.20805e-08
1.40373  8.99773e-05
1.40577  0.000226544
1.40769  0.000351642
1.4091  0.000325211
1.41061  0.000190003
1.41155  2.58265e-10
1.41318  6.82452e-06
1.41476  4.13607e-07
1.41627  0.000225651
1.41787  0.000671737
1.41928  0.000317561
1.42081  0.000219827
1.42178  3.62332e-09
1.42338  2.10055e-05
1.42502  1.08847e-06
1.42654  0.000256805
1.42816  0.000938098
1.42958  0.000196373
1.43108  0.000171843
1.43212  3.37338e-08
1.4337  5.67994e-05
1.4354  1.87448e-06
1.43693  0.000179712
1.43858  0.00090335
1.43992  6.77623e-05
1.44129  0.000129645
1.44259  2.18966e-07
1.44415  0.000134173
1.4459  1.90807e-06
1.44744  5.92163e-05
1.44899  0.000235224
1.44932  0.00033964
1.45167  0.000242468
1.45317  1.01162e-06
1.45474  0.000262397
1.4564  4.72003e-07
1.4574  4.49496e-06
1.46016  0.00024337
1.46236  0.000565103
1.46389  3.32778e-06
1.46547  0.000393536
1.46648  4.40264e-09
1.46819  1.33214e-05
1.46989  2.47984e-06
1.47148  0.000156043
1.47318  0.000997659
1.47473  7.64116e-06
1.47632  0.000417374
1.47736  4.61131e-08
1.47905  3.74122e-05
1.4808  5.69413e-06
1.48241  0.00016374
1.48413  0.00128101
1.4857  1.16672e-05
1.48727  0.000293091
1.48836  3.4208e-07
1.49004  9.28751e-05
1.49185  8.69422e-06
1.49348  0.000106506
1.49522  0.00111845
1.4968  1.06662e-05
1.49815  0.000175884
1.49951  1.84381e-06
1.50117  0.000201555
1.50303  7.94667e-06
1.50466  3.34073e-05
1.50644  0.000586328
1.50805  4.4408e-06
1.50915  0.00027105
1.51079  7.27837e-06
1.51246  0.000362345
1.51436  3.2956e-06
1.51538  4.06647e-06
1.5178  0.000139018
1.51881  1.10319e-07
1.52055  0.000594218
1.52221  2.08905e-05
1.5239  0.000500996
1.52498  4.66928e-08
1.5268  1.16472e-05
1.52862  1.03783e-05
1.53034  4.24723e-07
1.53209  0.000974712
1.53378  4.25296e-05
1.53548  0.000491384
1.53659  3.89678e-07
1.53838  3.0103e-05
1.54027  2.11284e-05
1.54201  1.11772e-06
1.54378  0.00114093
1.54549  5.83113e-05
1.54717  0.000317355
1.54834  2.40041e-06
1.55012  6.90905e-05
1.55206  2.89673e-05
1.55383  1.92486e-06
1.55563  0.000879788
1.55736  4.83777e-05
1.55879  0.000166923
1.56025  1.10548e-05
1.56202  0.000138694
1.56402  2.40211e-05
1.56581  1.95934e-06
1.56763  0.000384462
1.56937  1.8539e-05
1.57051  0.000229361
1.57231  3.80756e-05
1.5741  0.000230904
1.57597  4.54025e-06
1.57627  4.60403e-06
1.57794  8.95457e-07
1.57971  7.32176e-05
1.5809  9.28954e-07
1.5827  0.000475118
1.58453  9.68943e-05
1.58633  0.000297078
1.58751  3.15662e-07
1.58933  1.13024e-09
1.59139  2.88819e-05
1.59324  3.05578e-06
1.59506  0.000720907
1.59692  0.000177126
1.59873  0.00027454
1.59994  2.18753e-06
1.60179  1.18381e-08
1.60387  5.27964e-05
1.60574  7.0166e-06
1.60759  0.000756209
1.60947  0.000220331
1.61124  0.000175578
1.61254  1.15136e-05
1.61442  8.78185e-08
1.61652  6.56662e-05
1.61842  1.07134e-05
1.62029  0.000491649
1.6222  0.000167378
1.62365  0.000112161
1.62531  4.6265e-05
1.62722  4.7334e-07
1.62919  2.46992e-05
1.6295  2.51313e-05
1.63127  9.79217e-06
1.63314  0.000154962
1.63509  5.98193e-05
1.63632  0.000174176
1.63826  0.000141282
1.6402  1.86849e-06
1.64234  1.75827e-05
1.64431  4.06086e-06
1.64553  2.11451e-05
1.64749  5.56984e-06
1.64942  0.000328535
1.65139  0.000322832
1.65336  5.36298e-06
1.65459  1.32902e-06
1.65656  1.43843e-08
1.65877  4.8114e-05
1.66075  1.59858e-05
1.66271  0.000459531
1.66471  0.000535384
1.66671  1.09183e-05
1.66796  7.86937e-06
1.66996  1.20045e-07
1.6722  7.97889e-05
1.67421  3.25443e-05
1.6762  0.000447473
1.67822  0.000609422
1.68026  1.49713e-05
1.68153  3.61388e-05
1.68356  7.39476e-07
1.68565  4.49983e-05
1.68598  4.57984e-05
1.68786  4.46185e-05
1.68987  0.000272619
1.69193  0.000427298
1.694  1.24354e-05
1.69529  0.000128752
1.69735  3.40557e-06
1.69946  3.0223e-05
1.6998  3.32992e-05
1.70172  3.69961e-05
1.7037  8.38898e-05
1.70582  0.000144745
1.70792  4.86255e-06
1.70926  0.00035304
1.71135  1.17297e-05
1.71365  2.10477e-05
1.71578  1.40457e-05
1.71713  1.81299e-05
1.71922  2.33122e-05
1.72133  7.15427e-07
1.72343  0.000731832
1.72556  2.98496e-05
1.7269  3.18732e-06
1.72902  1.21554e-07
1.73141  3.63563e-05
1.73355  5.93162e-05
1.7357  2.35343e-06
1.73783  0.00111046
1.73999  5.4568e-05
1.74135  1.64669e-05
1.74351  8.42368e-07
1.74592  5.51605e-05
1.74811  0.00010843
1.75029  5.40388e-06
1.75245  0.00116521
1.75465  6.78973e-05
1.75602  6.70476e-05
1.75823  4.43363e-06
1.76067  5.78445e-05
1.76289  0.00013486
1.76511  8.25102e-06
1.76729  0.000759754
1.76953  5.17242e-05
1.77093  0.000214487
1.77317  1.78157e-05
1.77457  8.02718e-08
1.77565  3.7479e-05
1.77681  8.68805e-09
1.7779  0.000102305
1.78016  7.54146e-06
1.78231  0.000249103
1.7846  1.92973e-05
1.78608  0.00053354
1.78836  5.44046e-05
1.78978  5.8093e-07
1.79087  1.13171e-05
1.79205  8.86193e-08
1.79316  3.5756e-05
1.79546  3.12654e-06
1.7969  6.48972e-05
1.7992  5.14735e-06
1.80147  0.00101192
1.80379  0.000124317
1.80524  3.33479e-06
1.80755  6.82366e-07
1.81247  0.000148221
1.81481  1.47739e-05
1.81712  0.00141509
1.81947  0.000206187
1.82095  1.52754e-05
1.82331  4.04043e-06
1.82713  2.61666e-10
1.8283  0.000245799
1.83068  3.00771e-05
1.83302  0.00137771
1.83542  0.000234858
1.83692  5.5848e-05
1.83932  1.8555e-05
1.84322  3.95877e-09
1.8444  0.000279695
1.84682  4.12358e-05
1.84919  0.000841944
1.85163  0.000165674
1.85317  0.000162082
1.85561  6.61061e-05
1.85959  4.40509e-08
1.86078  0.000195509
1.86324  3.41911e-05
1.86554  0.000274651
1.86803  6.09489e-05
1.8697  0.000368919
1.87219  0.000181265
1.87623  3.7311e-07
1.87744  6.33475e-05
1.87995  1.29687e-05
1.88152  0.000108288
1.88404  2.69277e-05
1.88652  0.00064495
1.88905  0.000375765
1.89063  1.02553e-10
1.89318  2.45473e-06
1.89729  6.81315e-11
1.89855  0.000224
1.90112  6.85241e-05
1.90364  0.000836907
1.90622  0.0005703
1.90784  1.59863e-09
1.91043  1.26821e-05
1.91462  1.11006e-09
1.9159  0.000339853
1.91851  0.000125263
1.92107  0.000761647
1.9237  0.000599284
1.92537  1.6744e-08
1.92799  5.16372e-05
1.93227  1.33814e-08
1.93356  0.000356341
1.93622  0.000155794
1.93881  0.000441743
1.94149  0.000395496
1.94322  1.24212e-07
1.94588  0.000165189
1.95025  1.23644e-07
1.95155  0.000230918
1.95426  0.000118186
1.95576  1.7761e-05
1.95684  0.000132071
1.9585  1.94923e-05
1.95958  0.000130197
1.9614  6.69498e-07
1.9641  0.000410915
1.96581  1.01954e-10
1.96856  8.94813e-07
1.96988  6.97272e-05
1.97265  4.13065e-05
1.97438  8.16536e-05
1.97542  1.37596e-06
1.97716  9.99152e-05
1.9782  4.67691e-09
1.97993  2.64282e-06
1.98268  0.000779403
1.98444  1.74822e-09
1.98724  5.13661e-06
1.99179  1.44516e-10
1.99316  0.000154856
1.99599  0.000228307
1.99883  7.58547e-06
2.00163  0.0010904
2.00343  2.03454e-08
2.00627  2.35288e-05
2.01092  1.8761e-09
2.01232  0.000216492
2.0152  0.000378607
2.0181  1.54427e-05
2.02094  0.00106459
2.0228  1.69794e-07
2.02569  8.6022e-05
2.03044  1.87797e-08
2.03186  0.000210439
2.03481  0.000430817
2.03776  2.1172e-05
2.04063  0.000665174
2.04257  1.04592e-06
2.04551  0.000249646
2.04737  7.7427e-11
2.05037  1.48265e-07
2.0518  0.000127087
2.05481  0.000301146
2.05783  1.7555e-05
2.05972  9.10541e-05
2.06079  0.000180875
2.06275  4.81689e-06
2.06464  4.04504e-08
2.06574  0.000568145
2.06766  1.44834e-09
2.07071  9.36213e-07
2.07216  3.59261e-05
2.07524  9.75749e-05
2.07832  6.65863e-06
2.08026  0.000249671
2.08141  3.8956e-08
2.08335  1.65906e-05
2.08528  3.42613e-07
2.08641  0.000992886
2.08838  1.8541e-08
2.09148  4.76494e-06
2.10124  0.000517544
2.1044  4.22194e-05
2.10638  2.25409e-06
2.10752  0.00128695
2.10955  1.71928e-07
2.11271  1.95985e-05
2.12268  0.00078522
2.12592  7.71774e-05
2.12794  1.16455e-05
2.1291  0.00116609
2.13118  1.19146e-06
2.13321  5.09662e-10
2.13441  6.50039e-05
2.1446  0.000823315
2.14792  9.59888e-05
2.14999  4.74165e-05
2.15117  0.000659723
2.15331  6.27099e-06
2.15539  6.14383e-09
2.1566  0.00017261
2.15871  8.79931e-10
2.16703  0.000533528
2.17042  7.28172e-05
2.17255  0.000151686
2.17375  0.000175753
2.17595  2.51987e-05
2.17808  5.67688e-08
2.17932  0.000362058
2.18148  1.22885e-08
2.18999  0.000161102
2.19347  2.545e-05
2.19564  0.000377316
2.19695  2.64926e-07
2.19913  7.69503e-05
2.20131  4.10837e-07
2.20257  0.000586899
2.2048  1.25344e-07
2.2083  4.48801e-10
2.2193  0.000715582
2.22287  0.000175832
2.22511  2.35838e-06
2.22639  0.000709839
2.22869  9.65148e-07
2.23228  5.22304e-09
2.24353  0.0010004
2.2472  0.000291586
2.2495  1.08028e-05
2.2508  0.000603976
2.25318  5.71484e-06
2.25686  4.35892e-08
2.25915  3.70104e-10
2.26839  0.000972423
2.27215  0.000331797
2.27451  3.94953e-05
2.27584  0.000323826
2.27829  2.62445e-05
2.28207  2.68509e-07
2.28443  5.59934e-09
2.29389  0.00058726
2.29775  0.000231929
2.30018  0.000114618
2.30154  8.38627e-05
2.30406  9.35012e-05
2.30794  1.23658e-06
2.31037  6.23062e-08
2.31427  4.4618e-10
2.32007  0.000166013
2.32404  7.51479e-05
2.32653  0.000260848
2.32802  1.4652e-06
2.33052  0.000256381
2.33452  4.25911e-06
2.33702  5.27732e-07
2.34103  5.71179e-09
2.35361  0.000455838
2.35772  0.000531453
2.36183  1.08385e-05
2.36441  3.47201e-06
2.36853  5.29646e-08
2.3711  9.63661e-11
2.38146  0.000590789
2.38568  0.000806323
2.38992  1.98129e-05
2.39258  1.79377e-05
2.39683  3.67043e-07
2.39948  1.57008e-09
2.41012  0.000535178
2.41447  0.000845441
2.41884  2.46421e-05
2.42157  7.30362e-05
2.42596  1.93186e-06
2.4287  1.89268e-08
2.43309  3.38842e-10
2.43964  0.000302579
2.44412  0.000547867
2.44862  1.86935e-05
2.45145  0.000233644
2.45597  7.76278e-06
2.4588  1.74883e-07
2.46334  4.73203e-09
2.46962  3.29248e-05
2.47037  4.74755e-05
2.4747  0.000165432
2.47934  6.53349e-06
2.48226  0.000581185
2.48693  2.37055e-05
2.48986  1.26564e-06
2.49454  4.82674e-08
2.51406  0.00110222
2.51889  5.41673e-05
2.52191  7.26529e-06
2.52676  3.71657e-07
2.52979  2.04405e-10
2.54692  0.00154093
2.55191  8.98268e-05
2.55505  3.32795e-05
2.56007  2.20066e-06
2.56321  2.65358e-09
2.56824  1.90026e-10
2.58091  0.00149784
2.58608  0.000102214
2.58933  0.00012167
2.59453  1.01062e-05
2.59779  2.65623e-08
2.60301  2.87491e-09
2.6161  0.000904564
2.62147  7.14487e-05
2.62484  0.000353095
2.63023  3.60053e-05
2.63362  2.09708e-07
2.63904  3.19904e-08
2.6526  0.000255711
2.65816  2.31503e-05
2.66166  0.000803574
2.66727  9.87267e-05
2.67079  1.32419e-06
2.67643  2.70957e-07
2.69991  0.00140427
2.70575  0.000204651
2.70941  6.73956e-06
2.71528  1.78266e-06
2.72485  7.42169e-11
2.7397  0.00182
2.74577  0.000310497
2.74959  2.77199e-05
2.75531  5.48679e-06
2.75631  3.72311e-06
2.76544  9.02878e-10
2.76645  3.06328e-10
2.78057  0.000725558
2.7816  0.000923125
2.78694  0.000154833
2.78797  0.000170728
2.79097  4.75614e-05
2.79201  4.43757e-05
2.79741  2.12657e-05
2.79845  1.62338e-05
2.80798  1.02357e-08
2.80904  4.34095e-09
2.82378  0.000395454
2.82485  0.000536678
2.83043  9.64451e-05
2.83151  0.000114526
2.83464  0.000120972
2.83573  0.00012313
2.84137  6.49072e-05
2.84246  5.50542e-05
2.85243  8.92609e-08
2.85353  4.54266e-08
2.86895  0.000101429
2.87008  0.000146254
2.87592  2.80352e-05
2.87705  3.56691e-05
2.88033  0.000243449
2.88146  0.000268441
2.88737  0.000154371
2.88852  0.000144031
2.89896  6.11604e-07
2.90011  3.63133e-07
2.92821  0.00037911
2.9294  0.000450185
2.93561  0.000280459
2.93681  0.000285462
2.94777  3.33346e-06
2.94899  2.26195e-06
2.96009  2.35087e-10
2.96132  7.97602e-11
2.97852  0.000440807
2.97977  0.000560838
2.9863  0.000376271
2.98756  0.000414898
2.9991  1.45348e-05
3.00038  1.10956e-05
3.01208  2.87013e-09
3.01337  1.21722e-09
3.03151  0.000360383
3.03283  0.000489082
3.03971  0.000351567
3.04105  0.000417478
3.05323  5.07007e-05
3.05458  4.30043e-05
3.06693  2.71149e-08
3.0683  1.37993e-08
3.08748  0.000184867
3.08888  0.000266567
3.09616  0.000204391
3.09757  0.000260046
3.11047  0.000140681
3.1119  0.000131258
3.12499  2.02678e-07
3.12644  1.20338e-07
3.14678  4.47818e-05
3.14826  6.8371e-05
3.156  5.57001e-05
3.1575  7.55916e-05
3.1712  0.000306703
3.17272  0.000312174
3.18664  1.21513e-06
3.18818  8.24538e-07
3.23587  0.000514351
3.2375  0.000567153
3.25235  5.88701e-06
3.25401  4.49402e-06
3.26911  3.73656e-10
3.27079  1.58467e-10
3.30504  0.000640776
3.30678  0.000760907
3.32271  2.31021e-05
3.32448  1.95952e-05
3.3407  3.80157e-09
3.34251  1.93469e-09
3.37935  0.000558793
3.38123  0.000710951
3.39841  7.32595e-05
3.40032  6.83524e-05
3.41784  3.07838e-08
3.41978  1.82776e-08
3.45966  0.000304562
3.46169  0.000413326
3.48032  0.000186335
3.4824  0.000189659
3.50143  2.01339e-07
3.50355  1.3662e-07
3.54699  7.81162e-05
3.54921  0.000112639
3.56957  0.000374988
3.57184  0.000413484
3.59267  1.07298e-06
3.595  8.19093e-07
3.66758  0.000583948
3.67009  0.000693425
3.6931  4.67851e-06
3.69567  3.9683e-06
3.77627  0.000678981
3.77906  0.000863866
3.80476  1.66906e-05
3.80764  1.55726e-05
3.89824  0.000555103
3.9014  0.000753339
3.9305  4.85171e-05
3.93376  4.93826e-05
4.03721  0.000284753
4.04083  0.000410596
4.07436  0.000113911
4.07813  0.000125605
4.19866  6.8978e-05
4.20293  0.000105313
4.24247  0.000212864
4.24693  0.000252771
4.44469  0.000309382
4.45015  0.000393626
4.69846  0.000337248
4.7055  0.000457686
5.03939  0.0002595
5.0493  0.000374182
5.5607  0.000125721
5.57746  0.000191946
6.71353  2.88516e-05
6.7676  4.64966e-05
