-5.01001  0.00143632
-4.13728  0.000147175
-4.00142  2.60976e-05
-3.91039  0.000887873
-3.78265  0.00131822
-3.52936  0.000454887
-3.45316  9.67947e-05
-3.4404  0.000135073
-3.37047  2.39517e-05
-3.32105  0.000814866
-3.15425  0.000562384
-3.10131  0.000149586
-3.09233  0.000417483
-3.04251  8.88356e-05
-3.00019  0.00062184
-2.91099  0.00110754
-2.88236  0.000347643
-2.84183  0.000123291
-2.83491  0.000516141
-2.82943  0.000318589
-2.79623  0.000137286
-2.79096  6.77921e-05
-2.75379  0.000113485
-2.72085  0.000570708
-2.7181  2.01237e-05
-2.69213  0.000684633
-2.66911  0.000107449
-2.63629  5.71599e-05
-2.63066  0.000319057
-2.6262  0.000787754
-2.59907  0.000113153
-2.59475  0.000209531
-2.58934  0.000292392
-2.56416  0.00035076
-2.55903  6.22178e-05
-2.53459  7.46377e-05
-2.49373  1.32841e-05
-2.46618  1.41335e-05
-2.46143  9.86139e-05
-2.45767  0.000730435
-2.43475  5.24598e-05
-2.43109  0.000259047
-2.42651  0.000722979
-2.40512  0.000433651
-2.40075  0.000192302
-2.3799  0.000115345
-2.32981  0.000479497
-2.32114  1.45613e-06
-2.31705  1.21918e-05
-2.3138  0.000301017
-2.29397  1.29714e-05
-2.2908  0.000160132
-2.28683  0.000670374
-2.28579  0.000475193
-2.28368  0.00027586
-2.26824  0.000268065
-2.26445  0.000237746
-2.26137  7.33747e-05
-2.24628  9.50686e-05
-2.23947  0.000245662
-2.22612  0.000938128
-2.21814  5.2274e-05
-2.19926  0.000243457
-2.18836  4.6519e-05
-2.17877  5.18049e-05
-2.1709  1.3364e-06
-2.1681  4.94935e-05
-2.1646  0.000276265
-2.16182  0.000511575
-2.14818  8.28533e-05
-2.1447  0.000243092
-2.1421  0.000181429
-2.14051  0.000436119
-2.13869  0.000253177
-2.12873  4.40756e-05
-2.12514  1.70456e-05
-2.1227  0.000607432
-2.11943  6.73414e-05
-2.11085  0.000579912
-2.10375  0.000161568
-2.08695  0.00060198
-2.06868  0.000160118
-2.06552  0.000223438
-2.05915  6.11897e-06
-2.05601  4.26939e-05
-2.05353  0.000316234
-2.04764  4.75451e-05
-2.04132  1.02433e-05
-2.03807  0.000342532
-2.03587  0.000168228
-2.03281  0.00046951
-2.02388  1.08983e-05
-2.02066  6.32212e-05
-2.01847  0.000563234
-2.01553  0.000166511
-2.00143  0.00019975
-1.98631  0.000558179
-1.96983  0.000197957
-1.96697  0.000552481
-1.95614  6.5161e-05
-1.95082  0.000146952
-1.94213  0.000372935
-1.94017  6.93276e-05
-1.9374  0.000290231
-1.9352  0.000119431
-1.92931  1.12281e-06
-1.92638  9.77017e-05
-1.9244  0.000232112
-1.92173  0.000154395
-1.91957  4.23558e-05
-1.90894  0.000123477
-1.90556  0.000366418
-1.90413  0.000212714
-1.89486  0.000636181
-1.889  5.65788e-05
-1.8802  0.000122369
-1.8776  0.000512281
-1.87553  0.000421609
-1.86287  0.000181679
-1.86084  0.000112142
-1.85494  0.000227062
-1.85315  1.07139e-05
-1.85062  5.9803e-05
-1.84862  0.000147654
-1.84631  0.000187728
-1.84056  8.05269e-05
-1.83875  3.58705e-05
-1.83614  0.000271712
-1.83433  7.85478e-05
-1.83191  0.000149557
-1.8246  3.81641e-05
-1.82198  4.42782e-05
-1.8202  0.000394472
-1.81781  3.8873e-05
-1.81201  3.55485e-05
-1.80633  0.000139899
-1.79826  3.78216e-05
-1.79588  0.000211114
-1.79398  0.000781863
-1.78236  0.000112307
-1.78049  0.000277286
-1.77815  0.000386941
-1.77507  7.01801e-05
-1.76926  4.56368e-05
-1.76714  0.000464183
-1.76488  0.000102921
-1.76184  3.73338e-05
-1.75773  0.000524352
-1.75611  4.8555e-05
-1.75392  0.000258979
-1.74715  4.7183e-06
-1.74474  0.000136855
-1.7431  0.000243846
-1.74089  7.2089e-05
-1.73031  0.000129719
-1.72286  4.67595e-06
-1.72066  3.26255e-05
-1.71891  0.000483315
-1.70817  3.47116e-05
-1.70644  0.00025711
-1.70428  0.000717573
-1.70143  8.67648e-06
-1.6941  0.000430408
-1.69201  0.000254486
-1.68854  0.000396351
-1.68538  0.000477082
-1.68389  1.00049e-05
-1.68192  0.000194527
-1.6801  2.58531e-05
-1.67335  0.000169196
-1.67184  5.02452e-05
-1.66979  4.45624e-05
-1.66814  1.37531e-05
-1.65998  5.3458e-05
-1.65628  9.20921e-05
-1.6494  9.95885e-05
-1.64834  0.00080487
-1.64462  3.26603e-05
-1.64116  0.000198334
-1.63943  4.29146e-06
-1.63783  0.000105956
-1.63581  0.000443574
-1.63422  0.000273797
-1.62969  4.22033e-05
-1.62635  0.000177373
-1.62441  0.000235969
-1.62283  9.71014e-05
-1.62179  9.51066e-07
-1.61825  0.000196608
-1.61506  9.43576e-05
-1.61333  1.59813e-05
-1.61154  0.0003251
-1.60778  0.000459878
-1.60457  0.000319553
-1.60336  0.000262649
-1.60219  1.70032e-05
-1.60039  0.000110199
-1.59459  8.26139e-06
-1.5924  6.25488e-05
-1.59077  0.000274946
-1.58928  1.26222e-05
-1.58375  0.000497537
-1.58001  0.000103416
-1.57705  0.000490408
-1.57394  1.63745e-05
-1.57206  9.13996e-05
-1.57057  0.0003385
-1.56634  0.000130442
-1.56448  0.000182026
-1.56323  2.74112e-05
-1.56131  0.000256257
-1.55994  0.000180072
-1.55809  0.000251283
-1.55566  3.03837e-05
-1.55392  3.8733e-05
-1.55268  2.9164e-05
-1.55072  3.38362e-05
-1.54939  0.000602889
-1.5476  8.9117e-05
-1.5452  3.23266e-05
-1.54168  0.000589038
-1.54065  5.25534e-06
-1.53899  0.000228481
-1.53144  0.000172741
-1.52978  0.000333929
-1.52857  1.56051e-05
-1.5197  0.000143388
-1.51728  0.00060257
-1.51105  0.000104623
-1.50722  0.000200592
-1.50535  0.000450084
-1.50232  0.000408209
-1.50109  0.000111313
-1.49936  0.000310666
-1.49545  0.000119716
-1.49428  3.60559e-06
-1.49245  0.000104581
-1.4912  0.000372681
-1.48952  0.000165265
-1.48727  3.99659e-06
-1.48387  0.000521691
-1.48145  0.000198256
-1.47996  2.23857e-06
-1.47429  0.000193701
-1.47274  0.000184668
-1.47166  4.82321e-06
-1.47033  2.38171e-06
-1.4674  0.000298506
-1.46323  0.000105953
-1.46125  0.000481505
-1.45435  0.00034846
-1.45176  0.000207529
-1.44984  0.000417335
-1.44854  0.000343467
-1.44699  0.000364573
-1.44584  2.29364e-05
-1.44421  9.60204e-05
-1.44291  7.9025e-05
-1.44053  0.000148007
-1.43924  9.13574e-05
-1.4377  0.000129295
-1.43653  7.6792e-05
-1.43495  0.00010216
-1.43367  4.2039e-05
-1.42971  0.000390302
-1.42736  8.17023e-05
-1.42449  0.000211123
-1.42061  0.000146912
-1.41915  3.80514e-05
-1.41764  0.000258006
-1.41543  7.69287e-05
-1.41015  4.04845e-05
-1.40858  0.00024746
-1.40742  0.000238188
-1.40634  2.18587e-06
-1.39912  0.000208285
-1.39757  0.000171986
-1.39634  0.000636952
-1.39488  0.000150242
-1.39104  4.885e-05
-1.38928  0.000215708
-1.38757  0.000225893
-1.38606  0.00039515
-1.3834  0.000296423
-1.38232  5.19736e-05
-1.38084  0.000105567
-1.37878  0.000438362
-1.37738  8.38454e-05
-1.37636  1.26262e-05
-1.37475  7.32451e-05
-1.37365  0.000261015
-1.37218  3.85823e-05
-1.37013  0.000139611
-1.36712  0.000537873
-1.3651  0.000138852
-1.36011  6.25646e-06
-1.35868  0.000203641
-1.35745  0.000260023
-1.35016  4.1208e-05
-1.34908  0.000141415
-1.34728  0.00061234
-1.34568  2.32184e-05
-1.34072  0.000230356
-1.33899  0.000305836
-1.33732  0.00060928
-1.33481  0.000510671
-1.33379  1.6064e-05
-1.33244  0.000126528
-1.33051  0.00035808
-1.32912  0.000207319
-1.32663  0.000181108
-1.32559  8.06742e-05
-1.3242  4.76999e-05
-1.32235  0.000132272
-1.31936  0.000439121
-1.3175  8.58328e-05
-1.31138  0.000176876
-1.31026  7.99502e-05
-1.30825  1.71856e-07
-1.30341  5.74201e-06
-1.3023  8.50624e-05
-1.30079  0.000320259
-1.29439  0.000142396
-1.29286  0.000217942
-1.29118  0.000364415
-1.29009  0.000223051
-1.28879  0.000315676
-1.28659  7.57508e-05
-1.28476  0.000153052
-1.2834  0.000192234
-1.28232  7.91045e-05
-1.28104  0.000167931
-1.27874  1.47431e-05
-1.27707  8.67854e-05
-1.27441  0.000433526
-1.27238  1.76861e-05
-1.26986  0.000313782
-1.2667  0.000166713
-1.26455  0.000437753
-1.26239  3.2416e-05
-1.26013  0.000262468
-1.2569  9.98863e-05
-1.2559  0.0001317
-1.25476  1.57725e-07
-1.25263  6.98128e-05
-1.25044  2.93412e-05
-1.24876  0.00014073
-1.24738  7.44595e-05
-1.24635  0.000275762
-1.24512  6.50459e-05
-1.24302  3.12173e-05
-1.24032  0.000392427
-1.23897  0.000146697
-1.2377  0.000273915
-1.23525  0.000320881
-1.23328  0.00011639
-1.2316  0.000517217
-1.23038  7.26e-05
-1.22803  9.24513e-05
-1.2269  9.93152e-05
-1.22431  0.00020192
-1.22167  0.000297109
-1.21988  5.89776e-05
-1.21787  0.000486741
-1.2142  0.000168768
-1.21073  0.000172622
-1.20949  0.000240886
-1.20705  0.000180877
-1.20499  0.000168367
-1.20237  6.88966e-05
-1.20028  2.7986e-05
-1.19869  0.000666919
-1.19651  0.000263782
-1.19414  0.000558421
-1.19207  0.000194242
-1.19074  0.000303608
-1.18955  0.000134635
-1.18727  0.000207339
-1.18609  7.10528e-05
-1.18382  0.00016494
-1.18124  0.000177208
-1.17938  4.74384e-05
-1.1777  0.000349796
-1.17442  9.77022e-05
-1.17088  0.000177408
-1.16965  0.000446718
-1.16752  0.000213534
-1.16535  0.000380547
-1.16292  0.000158427
-1.16087  6.9199e-05
-1.15929  0.000432146
-1.15686  0.000142602
-1.15493  0.000381121
-1.1529  0.000170922
-1.15177  6.25593e-05
-1.15037  0.000117473
-1.1484  0.000183633
-1.14739  2.03652e-05
-1.14519  6.73475e-05
-1.14305  0.000208507
-1.14084  2.16675e-05
-1.13946  0.00100475
-1.13644  9.9846e-05
-1.13416  6.83874e-05
-1.13276  0.000141033
-1.13115  0.000617041
-1.12968  0.000120615
-1.12743  3.83628e-05
-1.12482  0.000267799
-1.12327  6.4164e-05
-1.12158  0.000153204
-1.12  0.000302091
-1.11895  3.97961e-05
-1.11778  0.000331289
-1.1155  7.86266e-05
-1.11353  0.000426121
-1.11144  0.000196469
-1.1093  0.000287872
-1.10748  0.00011996
-1.10631  0.000212638
-1.10524  3.14314e-05
-1.10299  0.00053183
-1.10224  0.00048254
-1.10006  0.000119121
-1.09774  8.27409e-05
-1.09614  0.000169877
-1.09468  0.00063313
-1.09347  2.48532e-05
-1.09158  4.49774e-05
-1.08979  4.10957e-05
-1.08856  0.000317676
-1.08728  0.00033931
-1.08547  0.000155572
-1.08389  3.51694e-05
-1.08221  0.000395243
-1.08119  0.000110958
-1.07947  6.85895e-05
-1.07808  0.000708975
-1.07612  0.000190825
-1.07394  0.000470039
-1.0719  0.00030685
-1.07009  3.88592e-05
-1.06744  0.000604494
-1.06515  6.99245e-05
-1.06291  2.55735e-05
-1.06127  0.000171569
-1.06013  0.000555309
-1.05701  2.72087e-05
-1.05531  5.08074e-05
-1.05414  0.00027227
-1.0529  0.00039089
-1.05112  0.000168951
-1.04946  2.70281e-05
-1.0476  0.000437778
-1.04531  9.23651e-05
-1.04416  0.000541899
-1.04222  0.00013301
-1.0401  0.000270835
-1.03794  0.000478451
-1.03614  1.94241e-05
-1.03402  0.000313905
-1.03171  1.44081e-05
-1.02992  4.96418e-05
-1.02798  9.41429e-05
-1.0266  0.00119611
-1.0242  3.20144e-05
-1.0225  0.000137102
-1.02107  0.000260544
-1.01954  0.000267142
-1.01826  5.22192e-05
-1.01681  5.29635e-05
-1.01454  0.000383552
-1.01191  0.00027968
-1.00966  8.00384e-05
-1.00798  0.000318671
-1.00607  0.00011707
-1.00421  0.000423735
-1.00232  0.000188201
-1.00049  0.000159014
-0.998753  0.000119412
-0.997672  0.000160939
-0.996266  3.30022e-05
-0.994569  0.000758161
-0.992317  7.88425e-05
-0.990871  0.000207219
-0.989187  0.0002891
-0.987926  0.000359259
-0.985451  8.32846e-05
-0.983559  0.000626664
-0.982523  0.000194567
-0.981147  0.000199794
-0.979541  0.000149435
-0.978248  0.000184009
-0.976945  0.000324984
-0.975822  0.000100195
-0.974365  6.4197e-05
-0.973271  0.000852902
-0.971648  0.000182058
-0.969684  0.000189685
-0.96801  0.000283374
-0.966885  0.000168479
-0.963998  0.000461963
-0.96175  9.57564e-05
-0.96064  0.000242101
-0.958783  0.000243519
-0.957722  0.000506216
-0.955426  0.000110538
-0.953806  0.000514438
-0.952712  0.000533946
-0.951257  9.02706e-05
-0.949091  0.000397645
-0.947423  0.000213193
-0.946155  9.60428e-05
-0.943685  0.00077378
-0.942007  0.000106869
-0.940104  5.86277e-05
-0.938504  0.000282915
-0.937501  5.78634e-05
-0.936195  6.41924e-07
-0.934756  0.000131359
-0.93175  0.000235678
-0.929703  0.000119402
-0.928344  0.000496908
-0.92651  0.000111206
-0.924879  0.000397096
-0.923671  0.000434516
-0.921759  2.1299e-05
-0.920207  0.000285158
-0.918353  0.000331068
-0.917226  5.09122e-05
-0.915082  0.000617692
-0.913259  8.19179e-05
-0.911972  0.000113805
-0.909692  0.000404533
-0.908627  0.000598483
-0.907084  7.33937e-05
-0.905322  4.42832e-05
-0.903855  0.000186436
-0.902914  0.000171764
-0.900852  3.60035e-05
-0.900087  0.000297782
-0.898322  0.000116284
-0.896954  0.000227989
-0.895613  0.000344264
-0.894361  0.000174059
-0.892696  0.000257945
-0.890716  0.000620098
-0.889946  0.000418239
-0.888302  0.000100753
-0.887145  0.000294891
-0.885726  0.000305962
-0.884602  7.03493e-05
-0.88273  0.000167311
-0.881382  0.00105243
-0.879948  7.48476e-05
-0.878202  2.7374e-05
-0.876449  0.000670566
-0.873129  0.000108393
-0.871331  0.000141585
-0.870273  0.00015657
-0.868899  0.000390004
-0.867649  0.000218808
-0.866143  0.000241998
-0.864059  0.00080717
-0.863269  0.000391158
-0.86204  6.95619e-05
-0.860597  0.000239456
-0.859315  0.000451468
-0.857357  1.58683e-05
-0.855319  0.000767274
-0.853767  2.31338e-05
-0.85036  0.000730672
-0.847642  9.00175e-06
-0.845607  0.000165561
-0.844543  6.39852e-05
-0.843179  0.000291522
-0.841463  0.000159629
-0.840105  8.02039e-05
-0.838418  0.00054616
-0.837547  0.000184966
-0.836527  4.08331e-05
-0.834286  0.000302203
-0.832891  0.000236763
-0.830048  0.000308164
-0.82825  5.18638e-05
-0.827187  1.64235e-05
-0.824836  0.00076455
-0.823753  0.000142465
-0.821611  0.000110905
-0.820287  0.000300025
-0.81851  0.000128484
-0.81733  4.41136e-05
-0.815798  0.000252938
-0.813302  0.00040263
-0.812064  0.000104768
-0.810676  0.000207033
-0.809195  0.000188585
-0.807893  0.000686992
-0.806567  0.000104586
-0.805261  0.000183136
-0.803791  0.000272319
-0.802664  2.87286e-05
-0.801173  0.000122074
-0.800134  0.000633947
-0.798634  2.60843e-05
-0.797545  0.000131188
-0.795734  0.000648956
-0.793431  7.29403e-05
-0.792037  0.000504529
-0.791112  0.000127512
-0.789128  0.000430027
-0.787773  0.000276959
-0.786305  0.000184174
-0.784568  0.000617853
-0.783697  0.000423164
-0.781961  0.000118218
-0.780247  0.000392991
-0.77925  1.77588e-05
-0.777029  0.000257901
-0.774599  8.58081e-05
-0.772827  0.000206272
-0.772202  0.000328887
-0.770415  5.71662e-05
-0.769025  0.000425912
-0.768246  0.000177881
-0.765759  0.000426512
-0.764004  0.000141925
-0.763295  1.70383e-05
-0.761568  0.000555455
-0.760052  7.67776e-05
-0.757545  0.000268935
-0.756621  4.27442e-05
-0.754411  6.5644e-05
-0.753997  0.000184449
-0.752168  0.000219428
-0.751648  0.000201665
-0.749624  0.000340282
-0.747909  8.02662e-05
-0.746819  0.00020225
-0.745747  0.00020129
-0.74339  0.000188627
-0.741787  0.000274587
-0.740179  6.38273e-05
-0.739091  0.000383958
-0.737412  0.000222607
-0.736597  9.06948e-05
-0.734987  0.000467468
-0.733997  0.00025153
-0.732561  6.81454e-05
-0.730779  0.000206209
-0.729958  0.000349593
-0.727891  0.000146022
-0.725834  0.000362988
-0.72429  0.000282677
-0.723271  0.000137324
-0.721558  0.000165549
-0.720293  0.000594072
-0.717725  0.000516326
-0.716784  0.000255524
-0.715655  0.000353537
-0.714182  0.000229404
-0.713324  0.000539725
-0.712046  0.000139818
-0.70943  0.000620412
-0.707631  1.42409e-05
-0.705513  0.000155549
-0.704835  0.000320847
-0.703691  0.000308713
-0.702561  8.48879e-05
-0.701256  0.000140561
-0.699863  0.000428644
-0.69903  9.03159e-05
-0.696841  0.000509726
-0.695345  0.000306948
-0.693327  0.000344289
-0.691713  0.000116804
-0.689215  0.00035166
-0.686515  6.68978e-06
-0.684954  0.000846349
-0.683661  0.000174509
-0.681309  0.000244938
-0.679991  0.000201324
-0.678882  6.27285e-05
-0.677075  0.000334861
-0.675479  0.000203986
-0.673937  0.000107275
-0.672655  0.000378397
-0.671257  0.000422612
-0.670036  0.000795909
-0.66871  0.000337551
-0.667093  7.19292e-05
-0.66515  0.000500962
-0.663967  5.83493e-05
-0.661989  0.000597639
-0.660908  0.00027208
-0.659752  0.000253759
-0.658097  0.000436302
-0.657089  0.000222237
-0.655671  0.00041015
-0.653795  0.000430955
-0.652538  0.000855788
-0.651267  0.000542802
-0.650296  0.000318146
-0.649002  0.000422142
-0.647953  2.17011e-05
-0.646345  0.00035995
-0.644735  2.30887e-05
-0.643297  0.000322536
-0.64181  0.000501989
-0.640451  0.000132844
-0.639038  0.000519719
-0.637803  0.000457264
-0.636325  0.000139196
-0.634648  0.00074574
-0.633567  0.0002625
-0.632171  0.00012515
-0.630743  0.000627173
-0.627854  0.000201628
-0.625192  0.000142639
-0.62375  0.000257386
-0.622016  0.000169142
-0.620435  0.000516884
-0.618679  0.000353425
-0.617381  0.000334306
-0.616238  0.000265793
-0.614474  0.000105702
-0.613118  0.00060819
-0.612095  0.000641041
-0.610685  0.000460101
-0.609145  0.000244817
-0.608052  1.51988e-05
-0.606583  0.000239377
-0.605052  3.36884e-05
-0.603631  0.000334692
-0.602801  0.000283642
-0.601494  0.000305602
-0.60014  0.00056674
-0.598681  0.000425497
-0.597262  0.000194607
-0.59531  0.00137938
-0.593149  0.000154594
-0.591872  0.000833642
-0.589731  0.000411801
-0.588694  0.000133985
-0.586648  0.000585205
-0.584597  0.000463466
-0.583328  0.000452018
-0.582133  0.000605198
-0.580566  0.000198469
-0.578867  0.000654213
-0.57801  7.16901e-05
-0.575459  0.00104951
-0.572931  0.000633628
-0.570509  0.000332923
-0.568278  0.000277332
-0.567076  0.000200272
-0.566066  0.00043417
-0.564107  0.000190821
-0.56322  0.00014761
-0.562185  0.000335563
-0.560869  5.08383e-05
-0.5591  0.000945941
-0.556796  0.000367499
-0.555815  0.000209525
-0.554485  0.000112993
-0.553339  0.000374806
-0.551975  0.000240796
-0.550831  0.000567873
-0.549069  0.00034375
-0.547815  0.00081664
-0.546447  0.000448979
-0.545216  0.000146269
-0.543517  0.000648091
-0.540913  0.000533503
-0.540196  0.000302721
-0.538264  0.000696914
-0.537105  0.000269632
-0.535744  0.000751243
-0.533558  0.000823984
-0.532282  0.000555059
-0.530846  0.000541335
-0.530101  0.000174042
-0.528544  0.000362077
-0.52774  4.98666e-05
-0.525821  0.000742574
-0.523256  0.000628708
-0.521317  0.000798988
-0.518827  0.000550525
-0.517294  0.000307345
-0.515758  0.000595109
-0.514492  9.66213e-05
-0.513269  0.000321431
-0.511493  0.000493138
-0.510371  7.21769e-05
-0.508894  0.00027353
-0.507501  0.000461948
-0.505782  0.000363383
-0.50408  0.000426861
-0.50309  0.000258528
-0.501268  0.000952751
-0.50067  6.54519e-05
-0.498968  0.00057927
-0.497299  0.000328407
-0.496309  0.000249649
-0.494442  0.000678373
-0.493648  0.000260033
-0.491926  0.0004934
-0.490703  0.000401139
-0.489594  0.000720324
-0.487602  0.00088789
-0.486387  0.000144493
-0.484943  0.000689105
-0.484046  0.000176451
-0.48274  0.000449583
-0.481901  0.000179721
-0.480751  0.00083685
-0.478481  0.00047897
-0.476725  0.000798483
-0.475684  0.000107197
-0.474288  0.000464462
-0.472056  0.000201753
-0.471258  0.000382428
-0.469282  0.000473691
-0.467602  0.000533962
-0.465488  0.000276363
-0.463824  0.000489521
-0.46233  0.000128328
-0.461143  0.000374816
-0.460013  0.000540173
-0.458394  0.000643689
-0.45699  0.000207698
-0.456029  0.000209893
-0.454653  0.000231723
-0.453413  0.000414358
-0.451916  0.000696898
-0.450158  0.000443943
-0.449506  0.000267577
-0.448077  0.000562785
-0.447088  0.000636635
-0.445181  0.000708234
-0.443522  0.000414404
-0.442237  0.00012931
-0.441286  0.000551054
-0.439647  0.000961149
-0.437531  0.000831384
-0.435681  0.000501836
-0.434882  0.000345413
-0.433238  0.000374407
-0.432244  0.000617708
-0.430818  0.000236229
-0.429481  0.000318758
-0.427764  0.000663009
-0.425621  0.000572673
-0.42365  0.000270312
-0.423091  0.000157328
-0.421446  0.000222656
-0.420433  0.000830525
-0.418374  0.000469254
-0.416328  0.000464145
-0.414584  0.000411161
-0.413411  0.000653804
-0.411583  0.000644542
-0.409849  0.000297146
-0.408949  0.000531018
-0.407029  0.000696606
-0.405586  0.00064219
-0.404533  0.000279424
-0.403264  0.000461428
-0.402232  0.000725564
-0.400403  0.000812407
-0.398552  0.00025247
-0.397826  0.000207159
-0.396173  0.000297006
-0.395406  0.000549158
-0.394047  0.000439871
-0.392818  0.000269779
-0.391536  0.000466716
-0.38959  0.000493586
-0.388927  4.83643e-06
-0.387507  0.000208652
-0.386265  9.36621e-05
-0.384992  0.000314384
-0.384058  0.000151484
-0.382912  0.000271585
-0.381049  0.000475196
-0.379174  0.000426085
-0.377936  0.000535331
-0.376423  0.000455025
-0.374485  0.000287727
-0.372692  0.000462911
-0.371172  0.000710025
-0.369494  0.000742575
-0.367837  0.000734772
-0.365974  0.000681801
-0.364289  0.000325936
-0.362716  0.000462699
-0.361268  0.000639035
-0.359601  0.000658395
-0.357922  0.000349498
-0.355961  0.000434699
-0.354424  0.000266198
-0.353177  0.000277828
-0.351793  0.000338771
-0.350089  0.000419807
-0.348295  0.000432793
-0.347258  0.00059452
-0.345875  0.000433369
-0.344393  0.000313122
-0.342802  0.000267906
-0.341326  0.000633862
-0.340294  0.000399216
-0.339463  0.000242249
-0.338304  0.000913873
-0.336608  0.000584111
-0.334848  0.000365537
-0.333332  0.00043685
-0.332093  0.000579902
-0.330839  0.000758993
-0.329321  0.00061886
-0.327612  0.000558908
-0.325821  0.000216353
-0.324385  0.000197324
-0.323274  0.000353938
-0.322148  0.000401266
-0.320724  0.000297678
-0.31855  0.000714578
-0.318125  2.70485e-05
-0.316827  0.000320393
-0.315377  0.00019239
-0.31399  0.000360101
-0.312373  0.000898211
-0.310845  0.000438095
-0.309836  0.000549975
-0.308249  0.000666616
-0.306876  0.00048637
-0.305569  0.000387327
-0.304048  0.00111347
-0.302509  0.000690267
-0.301188  0.000214212
-0.299945  0.000491126
-0.298846  0.000372076
-0.297786  0.000388888
-0.295967  0.000627967
-0.294531  0.000439879
-0.292487  0.000211789
-0.29083  0.000541474
-0.289431  0.000113296
-0.288546  0.000369729
-0.287237  0.000278459
-0.286255  0.00070023
-0.284923  0.000392885
-0.283659  0.000200869
-0.282356  0.000423843
-0.280883  0.00087542
-0.279504  0.000410041
-0.278758  0.000575413
-0.277408  0.000756891
-0.275587  0.000330044
-0.274152  0.000416853
-0.273205  0.000536791
-0.272082  0.000366287
-0.271205  0.000197849
-0.269957  0.000390565
-0.26839  0.000296865
-0.266496  0.000308422
-0.265438  0.000238787
-0.264219  0.000298879
-0.262533  0.00056474
-0.261122  0.000347324
-0.259284  0.000496776
-0.25852  9.63337e-05
-0.257411  0.00070578
-0.255953  0.00062292
-0.254404  0.000320465
-0.253329  0.00042529
-0.252066  0.000410627
-0.250527  0.000749454
-0.249419  0.000321604
-0.248344  9.30797e-05
-0.247239  0.00016639
-0.24596  0.000236212
-0.244542  0.000266334
-0.242981  0.000298678
-0.241365  0.000292231
-0.240143  0.000172755
-0.239034  0.000115701
-0.237685  0.00035748
-0.236479  0.00062417
-0.235021  0.000599553
-0.233419  0.000409572
-0.231634  0.000506797
-0.230444  0.000669905
-0.229864  0.000235565
-0.228728  0.000384798
-0.227311  0.000368123
-0.225853  0.000565423
-0.22477  0.000283897
-0.223779  0.000284542
-0.222584  0.000142859
-0.220939  0.00104666
-0.219768  0.000335141
-0.218568  0.000445024
-0.217266  0.000660626
-0.216116  0.000833717
-0.214714  0.00107572
-0.213185  0.000476457
-0.21149  0.00111772
-0.210351  0.000757272
-0.209001  0.000814454
-0.207358  0.000580015
-0.205652  0.000624934
-0.204822  0.000780237
-0.203337  0.000724971
-0.202114  0.000699233
-0.200928  0.000329726
-0.199478  0.000729509
-0.198122  0.00112121
-0.196849  0.000798018
-0.195461  0.00120805
-0.193957  0.000582699
-0.192822  0.00126058
-0.191322  0.00124101
-0.190108  0.000876284
-0.189074  0.00028022
-0.187948  0.000648043
-0.18664  0.000840941
-0.185401  0.000632734
-0.184258  0.000730275
-0.182573  0.00106176
-0.181327  0.000657463
-0.179919  0.0015045
-0.178479  0.00106187
-0.177137  0.00108177
-0.175712  0.00123859
-0.174431  0.00131911
-0.172944  0.00120737
-0.17187  0.000506197
-0.170713  0.000955925
-0.16931  0.000828267
-0.167973  0.000827938
-0.166691  0.000875537
-0.165402  0.000844551
-0.164158  0.00125167
-0.162566  0.0015598
-0.161137  0.00135171
-0.159935  0.000819723
-0.158688  0.00100283
-0.157346  0.00118716
-0.156186  0.000479833
-0.154876  0.00068828
-0.153661  0.000908224
-0.152332  0.000650958
-0.15117  0.000961071
-0.150005  0.00089081
-0.148756  0.00129736
-0.147518  0.00135901
-0.146292  0.00130044
-0.144942  0.00154841
-0.14362  0.000952985
-0.142272  0.00109119
-0.141108  0.000913474
-0.139847  0.000786042
-0.13872  0.000807886
-0.137547  0.00112735
-0.136405  0.00143873
-0.13527  0.00101353
-0.134061  0.00106319
-0.132912  0.00145386
-0.131767  0.000737798
-0.130525  0.000569149
-0.129396  0.000683121
-0.128243  0.000489038
-0.127125  0.000706313
-0.12524  0.0016771
-0.123881  0.00101491
-0.123365  0.000294634
-0.122098  0.00168819
-0.120712  0.00113823
-0.119065  0.00115862
-0.11764  0.000544151
-0.116797  0.00105842
-0.114877  0.00181465
-0.113361  0.00116103
-0.112171  0.00138979
-0.111127  0.00155294
-0.109627  0.000987313
-0.108497  0.000869701
-0.107375  0.000760537
-0.106109  0.000891751
-0.104842  0.0015351
-0.10361  0.0014721
-0.102601  0.00142933
-0.101437  0.00143352
-0.100451  0.00118452
-0.0989692  0.00114295
-0.0974195  0.00104803
-0.0964291  0.000577686
-0.0950348  0.00221969
-0.0939384  0.000918945
-0.0927967  0.00152316
-0.0917798  0.00097641
-0.0905275  0.000803421
-0.0891909  0.000893068
-0.0875883  0.00139033
-0.0863614  0.0012288
-0.0851039  0.00155227
-0.083273  0.00114994
-0.0814685  0.000543945
-0.0800535  0.00136944
-0.0785646  0.00155946
-0.0775659  0.000976297
-0.0765097  0.000966766
-0.0753995  0.000605692
-0.0739647  0.00133149
-0.0729862  0.000890375
-0.0719145  0.00178529
-0.0704319  0.0018371
-0.0697049  0.000600501
-0.0684296  0.000832397
-0.0674703  0.0011466
-0.0662653  0.0016732
-0.0649181  0.00243161
-0.0638251  0.00102446
-0.0631467  0.000641917
-0.0619782  0.00102484
-0.060584  0.00195517
-0.0593987  0.002033
-0.0582459  0.00148744
-0.0571786  0.000964641
-0.0560557  0.00146721
-0.0546551  0.00259646
-0.0532023  0.00162396
-0.0516898  0.000869185
-0.0502083  0.00226565
-0.0490196  0.00204807
-0.0476176  0.0012393
-0.0460951  0.00204284
-0.04506  0.00120353
-0.0442176  0.000607255
-0.0426038  0.00125752
-0.041201  0.00195929
-0.040293  0.000492825
-0.0391627  0.000844543
-0.038102  0.00162593
-0.0370792  0.00124514
-0.0358337  0.000904136
-0.0345488  0.0025335
-0.0338291  0.000445866
-0.0320836  0.00185895
-0.031068  0.000977418
-0.0294949  0.0012529
-0.0285518  0.000767885
-0.0267058  0.00123062
-0.0257466  0.000961121
-0.0239158  0.00316052
-0.0218867  0.00363574
-0.0199856  0.00301638
-0.0185302  0.00274827
-0.0166417  0.00330383
-0.0153795  0.00169686
-0.0138407  0.00225942
-0.0126339  0.0017989
-0.0113829  0.00278191
-0.0101258  0.00140959
-0.0085427  0.00228066
-0.00740367  0.00210389
-0.00639555  0.00193841
-0.00538258  0.00154689
-0.00400476  0.00196253
-0.00234965  0.0023858
-0.0010326  0.00173185
-0.00015094  2.71105e-05
0.00015094  2.71105e-05
0.0010326  0.00173185
0.00234965  0.0023858
0.00400476  0.00196253
0.00538258  0.00154689
0.00639555  0.00193841
0.00740367  0.00210389
0.0085427  0.00228066
0.0101258  0.00140959
0.0113829  0.00278191
0.0126339  0.0017989
0.0138407  0.00225942
0.0153795  0.00169686
0.0166417  0.00330383
0.0185302  0.00274827
0.0199856  0.00301638
0.0218867  0.00363574
0.0239158  0.00316052
0.0257466  0.000961121
0.0267058  0.00123062
0.0285518  0.000767885
0.0294949  0.0012529
0.031068  0.000977418
0.0320836  0.00185895
0.0338291  0.000445866
0.0345488  0.0025335
0.0358337  0.000904136
0.0370792  0.00124514
0.038102  0.00162593
0.0391627  0.000844543
0.040293  0.000492825
0.041201  0.00195929
0.0426038  0.00125752
0.0442176  0.000607255
0.04506  0.00120353
0.0460951  0.00204284
0.0476176  0.0012393
0.0490196  0.00204807
0.0502083  0.00226565
0.0516898  0.000869185
0.0532023  0.00162396
0.0546551  0.00259646
0.0560557  0.00146721
0.0571786  0.000964641
0.0582459  0.00148744
0.0593987  0.002033
0.060584  0.00195517
0.0619782  0.00102484
0.0631467  0.000641917
0.0638251  0.00102446
0.0649181  0.00243161
0.0662653  0.0016732
0.0674703  0.0011466
0.0684296  0.000832397
0.0697049  0.000600501
0.0704319  0.0018371
0.0719145  0.00178529
0.0729862  0.000890375
0.0739647  0.00133149
0.0753995  0.000605692
0.0765097  0.000966766
0.0775659  0.000976297
0.0785646  0.00155946
0.0800535  0.00136944
0.0814685  0.000543945
0.083273  0.00114994
0.0851039  0.00155227
0.0863614  0.0012288
0.0875883  0.00139033
0.0891909  0.000893068
0.0905275  0.000803421
0.0917798  0.00097641
0.0927967  0.00152316
0.0939384  0.000918945
0.0950348  0.00221969
0.0964291  0.000577686
0.0974195  0.00104803
0.0989692  0.00114295
0.100451  0.00118452
0.101437  0.00143352
0.102601  0.00142933
0.10361  0.0014721
0.104842  0.0015351
0.106109  0.000891751
0.107375  0.000760537
0.108497  0.000869701
0.109627  0.000987313
0.111127  0.00155294
0.112171  0.00138979
0.113361  0.00116103
0.114877  0.00181465
0.116797  0.00105842
0.11764  0.000544151
0.119065  0.00115862
0.120712  0.00113823
0.122098  0.00168819
0.123365  0.000294634
0.123881  0.00101491
0.12524  0.0016771
0.127125  0.000706313
0.128243  0.000489038
0.129396  0.000683121
0.130525  0.000569149
0.131767  0.000737798
0.132912  0.00145386
0.134061  0.00106319
0.13527  0.00101353
0.136405  0.00143873
0.137547  0.00112735
0.13872  0.000807886
0.139847  0.000786042
0.141108  0.000913474
0.142272  0.00109119
0.14362  0.000952985
0.144942  0.00154841
0.146292  0.00130044
0.147518  0.00135901
0.148756  0.00129736
0.150005  0.00089081
0.15117  0.000961071
0.152332  0.000650958
0.153661  0.000908224
0.154876  0.00068828
0.156186  0.000479833
0.157346  0.00118716
0.158688  0.00100283
0.159935  0.000819723
0.161137  0.00135171
0.162566  0.0015598
0.164158  0.00125167
0.165402  0.000844551
0.166691  0.000875537
0.167973  0.000827938
0.16931  0.000828267
0.170713  0.000955925
0.17187  0.000506197
0.172944  0.00120737
0.174431  0.00131911
0.175712  0.00123859
0.177137  0.00108177
0.178479  0.00106187
0.179919  0.0015045
0.181327  0.000657463
0.182573  0.00106176
0.184258  0.000730275
0.185401  0.000632734
0.18664  0.000840941
0.187948  0.000648043
0.189074  0.00028022
0.190108  0.000876284
0.191322  0.00124101
0.192822  0.00126058
0.193957  0.000582699
0.195461  0.00120805
0.196849  0.000798018
0.198122  0.00112121
0.199478  0.000729509
0.200928  0.000329726
0.202114  0.000699233
0.203337  0.000724971
0.204822  0.000780237
0.205652  0.000624934
0.207358  0.000580015
0.209001  0.000814454
0.210351  0.000757272
0.21149  0.00111772
0.213185  0.000476457
0.214714  0.00107572
0.216116  0.000833717
0.217266  0.000660626
0.218568  0.000445024
0.219768  0.000335141
0.220939  0.00104666
0.222584  0.000142859
0.223779  0.000284542
0.22477  0.000283897
0.225853  0.000565423
0.227311  0.000368123
0.228728  0.000384798
0.229864  0.000235565
0.230444  0.000669905
0.231634  0.000506797
0.233419  0.000409572
0.235021  0.000599553
0.236479  0.00062417
0.237685  0.00035748
0.239034  0.000115701
0.240143  0.000172755
0.241365  0.000292231
0.242981  0.000298678
0.244542  0.000266334
0.24596  0.000236212
0.247239  0.00016639
0.248344  9.30797e-05
0.249419  0.000321604
0.250527  0.000749454
0.252066  0.000410627
0.253329  0.00042529
0.254404  0.000320465
0.255953  0.00062292
0.257411  0.00070578
0.25852  9.63337e-05
0.259284  0.000496776
0.261122  0.000347324
0.262533  0.00056474
0.264219  0.000298879
0.265438  0.000238787
0.266496  0.000308422
0.26839  0.000296865
0.269957  0.000390565
0.271205  0.000197849
0.272082  0.000366287
0.273205  0.000536791
0.274152  0.000416853
0.275587  0.000330044
0.277408  0.000756891
0.278758  0.000575413
0.279504  0.000410041
0.280883  0.00087542
0.282356  0.000423843
0.283659  0.000200869
0.284923  0.000392885
0.286255  0.00070023
0.287237  0.000278459
0.288546  0.000369729
0.289431  0.000113296
0.29083  0.000541474
0.292487  0.000211789
0.294531  0.000439879
0.295967  0.000627967
0.297786  0.000388888
0.298846  0.000372076
0.299945  0.000491126
0.301188  0.000214212
0.302509  0.000690267
0.304048  0.00111347
0.305569  0.000387327
0.306876  0.00048637
0.308249  0.000666616
0.309836  0.000549975
0.310845  0.000438095
0.312373  0.000898211
0.31399  0.000360101
0.315377  0.00019239
0.316827  0.000320393
0.318125  2.70485e-05
0.31855  0.000714578
0.320724  0.000297678
0.322148  0.000401266
0.323274  0.000353938
0.324385  0.000197324
0.325821  0.000216353
0.327612  0.000558908
0.329321  0.00061886
0.330839  0.000758993
0.332093  0.000579902
0.333332  0.00043685
0.334848  0.000365537
0.336608  0.000584111
0.338304  0.000913873
0.339463  0.000242249
0.340294  0.000399216
0.341326  0.000633862
0.342802  0.000267906
0.344393  0.000313122
0.345875  0.000433369
0.347258  0.00059452
0.348295  0.000432793
0.350089  0.000419807
0.351793  0.000338771
0.353177  0.000277828
0.354424  0.000266198
0.355961  0.000434699
0.357922  0.000349498
0.359601  0.000658395
0.361268  0.000639035
0.362716  0.000462699
0.364289  0.000325936
0.365974  0.000681801
0.367837  0.000734772
0.369494  0.000742575
0.371172  0.000710025
0.372692  0.000462911
0.374485  0.000287727
0.376423  0.000455025
0.377936  0.000535331
0.379174  0.000426085
0.381049  0.000475196
0.382912  0.000271585
0.384058  0.000151484
0.384992  0.000314384
0.386265  9.36621e-05
0.387507  0.000208652
0.388927  4.83643e-06
0.38959  0.000493586
0.391536  0.000466716
0.392818  0.000269779
0.394047  0.000439871
0.395406  0.000549158
0.396173  0.000297006
0.397826  0.000207159
0.398552  0.00025247
0.400403  0.000812407
0.402232  0.000725564
0.403264  0.000461428
0.404533  0.000279424
0.405586  0.00064219
0.407029  0.000696606
0.408949  0.000531018
0.409849  0.000297146
0.411583  0.000644542
0.413411  0.000653804
0.414584  0.000411161
0.416328  0.000464145
0.418374  0.000469254
0.420433  0.000830525
0.421446  0.000222656
0.423091  0.000157328
0.42365  0.000270312
0.425621  0.000572673
0.427764  0.000663009
0.429481  0.000318758
0.430818  0.000236229
0.432244  0.000617708
0.433238  0.000374407
0.434882  0.000345413
0.435681  0.000501836
0.437531  0.000831384
0.439647  0.000961149
0.441286  0.000551054
0.442237  0.00012931
0.443522  0.000414404
0.445181  0.000708234
0.447088  0.000636635
0.448077  0.000562785
0.449506  0.000267577
0.450158  0.000443943
0.451916  0.000696898
0.453413  0.000414358
0.454653  0.000231723
0.456029  0.000209893
0.45699  0.000207698
0.458394  0.000643689
0.460013  0.000540173
0.461143  0.000374816
0.46233  0.000128328
0.463824  0.000489521
0.465488  0.000276363
0.467602  0.000533962
0.469282  0.000473691
0.471258  0.000382428
0.472056  0.000201753
0.474288  0.000464462
0.475684  0.000107197
0.476725  0.000798483
0.478481  0.00047897
0.480751  0.00083685
0.481901  0.000179721
0.48274  0.000449583
0.484046  0.000176451
0.484943  0.000689105
0.486387  0.000144493
0.487602  0.00088789
0.489594  0.000720324
0.490703  0.000401139
0.491926  0.0004934
0.493648  0.000260033
0.494442  0.000678373
0.496309  0.000249649
0.497299  0.000328407
0.498968  0.00057927
0.50067  6.54519e-05
0.501268  0.000952751
0.50309  0.000258528
0.50408  0.000426861
0.505782  0.000363383
0.507501  0.000461948
0.508894  0.00027353
0.510371  7.21769e-05
0.511493  0.000493138
0.513269  0.000321431
0.514492  9.66213e-05
0.515758  0.000595109
0.517294  0.000307345
0.518827  0.000550525
0.521317  0.000798988
0.523256  0.000628708
0.525821  0.000742574
0.52774  4.98666e-05
0.528544  0.000362077
0.530101  0.000174042
0.530846  0.000541335
0.532282  0.000555059
0.533558  0.000823984
0.535744  0.000751243
0.537105  0.000269632
0.538264  0.000696914
0.540196  0.000302721
0.540913  0.000533503
0.543517  0.000648091
0.545216  0.000146269
0.546447  0.000448979
0.547815  0.00081664
0.549069  0.00034375
0.550831  0.000567873
0.551975  0.000240796
0.553339  0.000374806
0.554485  0.000112993
0.555815  0.000209525
0.556796  0.000367499
0.5591  0.000945941
0.560869  5.08383e-05
0.562185  0.000335563
0.56322  0.00014761
0.564107  0.000190821
0.566066  0.00043417
0.567076  0.000200272
0.568278  0.000277332
0.570509  0.000332923
0.572931  0.000633628
0.575459  0.00104951
0.57801  7.16901e-05
0.578867  0.000654213
0.580566  0.000198469
0.582133  0.000605198
0.583328  0.000452018
0.584597  0.000463466
0.586648  0.000585205
0.588694  0.000133985
0.589731  0.000411801
0.591872  0.000833642
0.593149  0.000154594
0.59531  0.00137938
0.597262  0.000194607
0.598681  0.000425497
0.60014  0.00056674
0.601494  0.000305602
0.602801  0.000283642
0.603631  0.000334692
0.605052  3.36884e-05
0.606583  0.000239377
0.608052  1.51988e-05
0.609145  0.000244817
0.610685  0.000460101
0.612095  0.000641041
0.613118  0.00060819
0.614474  0.000105702
0.616238  0.000265793
0.617381  0.000334306
0.618679  0.000353425
0.620435  0.000516884
0.622016  0.000169142
0.62375  0.000257386
0.625192  0.000142639
0.627854  0.000201628
0.630743  0.000627173
0.632171  0.00012515
0.633567  0.0002625
0.634648  0.00074574
0.636325  0.000139196
0.637803  0.000457264
0.639038  0.000519719
0.640451  0.000132844
0.64181  0.000501989
0.643297  0.000322536
0.644735  2.30887e-05
0.646345  0.00035995
0.647953  2.17011e-05
0.649002  0.000422142
0.650296  0.000318146
0.651267  0.000542802
0.652538  0.000855788
0.653795  0.000430955
0.655671  0.00041015
0.657089  0.000222237
0.658097  0.000436302
0.659752  0.000253759
0.660908  0.00027208
0.661989  0.000597639
0.663967  5.83493e-05
0.66515  0.000500962
0.667093  7.19292e-05
0.66871  0.000337551
0.670036  0.000795909
0.671257  0.000422612
0.672655  0.000378397
0.673937  0.000107275
0.675479  0.000203986
0.677075  0.000334861
0.678882  6.27285e-05
0.679991  0.000201324
0.681309  0.000244938
0.683661  0.000174509
0.684954  0.000846349
0.686515  6.68978e-06
0.689215  0.00035166
0.691713  0.000116804
0.693327  0.000344289
0.695345  0.000306948
0.696841  0.000509726
0.69903  9.03159e-05
0.699863  0.000428644
0.701256  0.000140561
0.702561  8.48879e-05
0.703691  0.000308713
0.704835  0.000320847
0.705513  0.000155549
0.707631  1.42409e-05
0.70943  0.000620412
0.712046  0.000139818
0.713324  0.000539725
0.714182  0.000229404
0.715655  0.000353537
0.716784  0.000255524
0.717725  0.000516326
0.720293  0.000594072
0.721558  0.000165549
0.723271  0.000137324
0.72429  0.000282677
0.725834  0.000362988
0.727891  0.000146022
0.729958  0.000349593
0.730779  0.000206209
0.732561  6.81454e-05
0.733997  0.00025153
0.734987  0.000467468
0.736597  9.06948e-05
0.737412  0.000222607
0.739091  0.000383958
0.740179  6.38273e-05
0.741787  0.000274587
0.74339  0.000188627
0.745747  0.00020129
0.746819  0.00020225
0.747909  8.02662e-05
0.749624  0.000340282
0.751648  0.000201665
0.752168  0.000219428
0.753997  0.000184449
0.754411  6.5644e-05
0.756621  4.27442e-05
0.757545  0.000268935
0.760052  7.67776e-05
0.761568  0.000555455
0.763295  1.70383e-05
0.764004  0.000141925
0.765759  0.000426512
0.768246  0.000177881
0.769025  0.000425912
0.770415  5.71662e-05
0.772202  0.000328887
0.772827  0.000206272
0.774599  8.58081e-05
0.777029  0.000257901
0.77925  1.77588e-05
0.780247  0.000392991
0.781961  0.000118218
0.783697  0.000423164
0.784568  0.000617853
0.786305  0.000184174
0.787773  0.000276959
0.789128  0.000430027
0.791112  0.000127512
0.792037  0.000504529
0.793431  7.29403e-05
0.795734  0.000648956
0.797545  0.000131188
0.798634  2.60843e-05
0.800134  0.000633947
0.801173  0.000122074
0.802664  2.87286e-05
0.803791  0.000272319
0.805261  0.000183136
0.806567  0.000104586
0.807893  0.000686992
0.809195  0.000188585
0.810676  0.000207033
0.812064  0.000104768
0.813302  0.00040263
0.815798  0.000252938
0.81733  4.41136e-05
0.81851  0.000128484
0.820287  0.000300025
0.821611  0.000110905
0.823753  0.000142465
0.824836  0.00076455
0.827187  1.64235e-05
0.82825  5.18638e-05
0.830048  0.000308164
0.832891  0.000236763
0.834286  0.000302203
0.836527  4.08331e-05
0.837547  0.000184966
0.838418  0.00054616
0.840105  8.02039e-05
0.841463  0.000159629
0.843179  0.000291522
0.844543  6.39852e-05
0.845607  0.000165561
0.847642  9.00175e-06
0.85036  0.000730672
0.853767  2.31338e-05
0.855319  0.000767274
0.857357  1.58683e-05
0.859315  0.000451468
0.860597  0.000239456
0.86204  6.95619e-05
0.863269  0.000391158
0.864059  0.00080717
0.866143  0.000241998
0.867649  0.000218808
0.868899  0.000390004
0.870273  0.00015657
0.871331  0.000141585
0.873129  0.000108393
0.876449  0.000670566
0.878202  2.7374e-05
0.879948  7.48476e-05
0.881382  0.00105243
0.88273  0.000167311
0.884602  7.03493e-05
0.885726  0.000305962
0.887145  0.000294891
0.888302  0.000100753
0.889946  0.000418239
0.890716  0.000620098
0.892696  0.000257945
0.894361  0.000174059
0.895613  0.000344264
0.896954  0.000227989
0.898322  0.000116284
0.900087  0.000297782
0.900852  3.60035e-05
0.902914  0.000171764
0.903855  0.000186436
0.905322  4.42832e-05
0.907084  7.33937e-05
0.908627  0.000598483
0.909692  0.000404533
0.911972  0.000113805
0.913259  8.19179e-05
0.915082  0.000617692
0.917226  5.09122e-05
0.918353  0.000331068
0.920207  0.000285158
0.921759  2.1299e-05
0.923671  0.000434516
0.924879  0.000397096
0.92651  0.000111206
0.928344  0.000496908
0.929703  0.000119402
0.93175  0.000235678
0.934756  0.000131359
0.936195  6.41924e-07
0.937501  5.78634e-05
0.938504  0.000282915
0.940104  5.86277e-05
0.942007  0.000106869
0.943685  0.00077378
0.946155  9.60428e-05
0.947423  0.000213193
0.949091  0.000397645
0.951257  9.02706e-05
0.952712  0.000533946
0.953806  0.000514438
0.955426  0.000110538
0.957722  0.000506216
0.958783  0.000243519
0.96064  0.000242101
0.96175  9.57564e-05
0.963998  0.000461963
0.966885  0.000168479
0.96801  0.000283374
0.969684  0.000189685
0.971648  0.000182058
0.973271  0.000852902
0.974365  6.4197e-05
0.975822  0.000100195
0.976945  0.000324984
0.978248  0.000184009
0.979541  0.000149435
0.981147  0.000199794
0.982523  0.000194567
0.983559  0.000626664
0.985451  8.32846e-05
0.987926  0.000359259
0.989187  0.0002891
0.990871  0.000207219
0.992317  7.88425e-05
0.994569  0.000758161
0.996266  3.30022e-05
0.997672  0.000160939
0.998753  0.000119412
1.00049  0.000159014
1.00232  0.000188201
1.00421  0.000423735
1.00607  0.00011707
1.00798  0.000318671
1.00966  8.00384e-05
1.01191  0.00027968
1.01454  0.000383552
1.01681  5.29635e-05
1.01826  5.22192e-05
1.01954  0.000267142
1.02107  0.000260544
1.0225  0.000137102
1.0242  3.20144e-05
1.0266  0.00119611
1.02798  9.41429e-05
1.02992  4.96418e-05
1.03171  1.44081e-05
1.03402  0.000313905
1.03614  1.94241e-05
1.03794  0.000478451
1.0401  0.000270835
1.04222  0.00013301
1.04416  0.000541899
1.04531  9.23651e-05
1.0476  0.000437778
1.04946  2.70281e-05
1.05112  0.000168951
1.0529  0.00039089
1.05414  0.00027227
1.05531  5.08074e-05
1.05701  2.72087e-05
1.06013  0.000555309
1.06127  0.000171569
1.06291  2.55735e-05
1.06515  6.99245e-05
1.06744  0.000604494
1.07009  3.88592e-05
1.0719  0.00030685
1.07394  0.000470039
1.07612  0.000190825
1.07808  0.000708975
1.07947  6.85895e-05
1.08119  0.000110958
1.08221  0.000395243
1.08389  3.51694e-05
1.08547  0.000155572
1.08728  0.00033931
1.08856  0.000317676
1.08979  4.10957e-05
1.09158  4.49774e-05
1.09347  2.48532e-05
1.09468  0.00063313
1.09614  0.000169877
1.09774  8.27409e-05
1.10006  0.000119121
1.10224  0.00048254
1.10299  0.00053183
1.10524  3.14314e-05
1.10631  0.000212638
1.10748  0.00011996
1.1093  0.000287872
1.11144  0.000196469
1.11353  0.000426121
1.1155  7.86266e-05
1.11778  0.000331289
1.11895  3.97961e-05
1.12  0.000302091
1.12158  0.000153204
1.12327  6.4164e-05
1.12482  0.000267799
1.12743  3.83628e-05
1.12968  0.000120615
1.13115  0.000617041
1.13276  0.000141033
1.13416  6.83874e-05
1.13644  9.9846e-05
1.13946  0.00100475
1.14084  2.16675e-05
1.14305  0.000208507
1.14519  6.73475e-05
1.14739  2.03652e-05
1.1484  0.000183633
1.15037  0.000117473
1.15177  6.25593e-05
1.1529  0.000170922
1.15493  0.000381121
1.15686  0.000142602
1.15929  0.000432146
1.16087  6.9199e-05
1.16292  0.000158427
1.16535  0.000380547
1.16752  0.000213534
1.16965  0.000446718
1.17088  0.000177408
1.17442  9.77022e-05
1.1777  0.000349796
1.17938  4.74384e-05
1.18124  0.000177208
1.18382  0.00016494
1.18609  7.10528e-05
1.18727  0.000207339
1.18955  0.000134635
1.19074  0.000303608
1.19207  0.000194242
1.19414  0.000558421
1.19651  0.000263782
1.19869  0.000666919
1.20028  2.7986e-05
1.20237  6.88966e-05
1.20499  0.000168367
1.20705  0.000180877
1.20949  0.000240886
1.21073  0.000172622
1.2142  0.000168768
1.21787  0.000486741
1.21988  5.89776e-05
1.22167  0.000297109
1.22431  0.00020192
1.2269  9.93152e-05
1.22803  9.24513e-05
1.23038  7.26e-05
1.2316  0.000517217
1.23328  0.00011639
1.23525  0.000320881
1.2377  0.000273915
1.23897  0.000146697
1.24032  0.000392427
1.24302  3.12173e-05
1.24512  6.50459e-05
1.24635  0.000275762
1.24738  7.44595e-05
1.24876  0.00014073
1.25044  2.93412e-05
1.25263  6.98128e-05
1.25476  1.57725e-07
1.2559  0.0001317
1.2569  9.98863e-05
1.26013  0.000262468
1.26239  3.2416e-05
1.26455  0.000437753
1.2667  0.000166713
1.26986  0.000313782
1.27238  1.76861e-05
1.27441  0.000433526
1.27707  8.67854e-05
1.27874  1.47431e-05
1.28104  0.000167931
1.28232  7.91045e-05
1.2834  0.000192234
1.28476  0.000153052
1.28659  7.57508e-05
1.28879  0.000315676
1.29009  0.000223051
1.29118  0.000364415
1.29286  0.000217942
1.29439  0.000142396
1.30079  0.000320259
1.3023  8.50624e-05
1.30341  5.74201e-06
1.30825  1.71856e-07
1.31026  7.99502e-05
1.31138  0.000176876
1.3175  8.58328e-05
1.31936  0.000439121
1.32235  0.000132272
1.3242  4.76999e-05
1.32559  8.06742e-05
1.32663  0.000181108
1.32912  0.000207319
1.33051  0.00035808
1.33244  0.000126528
1.33379  1.6064e-05
1.33481  0.000510671
1.33732  0.00060928
1.33899  0.000305836
1.34072  0.000230356
1.34568  2.32184e-05
1.34728  0.00061234
1.34908  0.000141415
1.35016  4.1208e-05
1.35745  0.000260023
1.35868  0.000203641
1.36011  6.25646e-06
1.3651  0.000138852
1.36712  0.000537873
1.37013  0.000139611
1.37218  3.85823e-05
1.37365  0.000261015
1.37475  7.32451e-05
1.37636  1.26262e-05
1.37738  8.38454e-05
1.37878  0.000438362
1.38084  0.000105567
1.38232  5.19736e-05
1.3834  0.000296423
1.38606  0.00039515
1.38757  0.000225893
1.38928  0.000215708
1.39104  4.885e-05
1.39488  0.000150242
1.39634  0.000636952
1.39757  0.000171986
1.39912  0.000208285
1.40634  2.18587e-06
1.40742  0.000238188
1.40858  0.00024746
1.41015  4.04845e-05
1.41543  7.69287e-05
1.41764  0.000258006
1.41915  3.80514e-05
1.42061  0.000146912
1.42449  0.000211123
1.42736  8.17023e-05
1.42971  0.000390302
1.43367  4.2039e-05
1.43495  0.00010216
1.43653  7.6792e-05
1.4377  0.000129295
1.43924  9.13574e-05
1.44053  0.000148007
1.44291  7.9025e-05
1.44421  9.60204e-05
1.44584  2.29364e-05
1.44699  0.000364573
1.44854  0.000343467
1.44984  0.000417335
1.45176  0.000207529
1.45435  0.00034846
1.46125  0.000481505
1.46323  0.000105953
1.4674  0.000298506
1.47033  2.38171e-06
1.47166  4.82321e-06
1.47274  0.000184668
1.47429  0.000193701
1.47996  2.23857e-06
1.48145  0.000198256
1.48387  0.000521691
1.48727  3.99659e-06
1.48952  0.000165265
1.4912  0.000372681
1.49245  0.000104581
1.49428  3.60559e-06
1.49545  0.000119716
1.49936  0.000310666
1.50109  0.000111313
1.50232  0.000408209
1.50535  0.000450084
1.50722  0.000200592
1.51105  0.000104623
1.51728  0.00060257
1.5197  0.000143388
1.52857  1.56051e-05
1.52978  0.000333929
1.53144  0.000172741
1.53899  0.000228481
1.54065  5.25534e-06
1.54168  0.000589038
1.5452  3.23266e-05
1.5476  8.9117e-05
1.54939  0.000602889
1.55072  3.38362e-05
1.55268  2.9164e-05
1.55392  3.8733e-05
1.55566  3.03837e-05
1.55809  0.000251283
1.55994  0.000180072
1.56131  0.000256257
1.56323  2.74112e-05
1.56448  0.000182026
1.56634  0.000130442
1.57057  0.0003385
1.57206  9.13996e-05
1.57394  1.63745e-05
1.57705  0.000490408
1.58001  0.000103416
1.58375  0.000497537
1.58928  1.26222e-05
1.59077  0.000274946
1.5924  6.25488e-05
1.59459  8.26139e-06
1.60039  0.000110199
1.60219  1.70032e-05
1.60336  0.000262649
1.60457  0.000319553
1.60778  0.000459878
1.61154  0.0003251
1.61333  1.59813e-05
1.61506  9.43576e-05
1.61825  0.000196608
1.62179  9.51066e-07
1.62283  9.71014e-05
1.62441  0.000235969
1.62635  0.000177373
1.62969  4.22033e-05
1.63422  0.000273797
1.63581  0.000443574
1.63783  0.000105956
1.63943  4.29146e-06
1.64116  0.000198334
1.64462  3.26603e-05
1.64834  0.00080487
1.6494  9.95885e-05
1.65628  9.20921e-05
1.65998  5.3458e-05
1.66814  1.37531e-05
1.66979  4.45624e-05
1.67184  5.02452e-05
1.67335  0.000169196
1.6801  2.58531e-05
1.68192  0.000194527
1.68389  1.00049e-05
1.68538  0.000477082
1.68854  0.000396351
1.69201  0.000254486
1.6941  0.000430408
1.70143  8.67648e-06
1.70428  0.000717573
1.70644  0.00025711
1.70817  3.47116e-05
1.71891  0.000483315
1.72066  3.26255e-05
1.72286  4.67595e-06
1.73031  0.000129719
1.74089  7.2089e-05
1.7431  0.000243846
1.74474  0.000136855
1.74715  4.7183e-06
1.75392  0.000258979
1.75611  4.8555e-05
1.75773  0.000524352
1.76184  3.73338e-05
1.76488  0.000102921
1.76714  0.000464183
1.76926  4.56368e-05
1.77507  7.01801e-05
1.77815  0.000386941
1.78049  0.000277286
1.78236  0.000112307
1.79398  0.000781863
1.79588  0.000211114
1.79826  3.78216e-05
1.80633  0.000139899
1.81201  3.55485e-05
1.81781  3.8873e-05
1.8202  0.000394472
1.82198  4.42782e-05
1.8246  3.81641e-05
1.83191  0.000149557
1.83433  7.85478e-05
1.83614  0.000271712
1.83875  3.58705e-05
1.84056  8.05269e-05
1.84631  0.000187728
1.84862  0.000147654
1.85062  5.9803e-05
1.85315  1.07139e-05
1.85494  0.000227062
1.86084  0.000112142
1.86287  0.000181679
1.87553  0.000421609
1.8776  0.000512281
1.8802  0.000122369
1.889  5.65788e-05
1.89486  0.000636181
1.90413  0.000212714
1.90556  0.000366418
1.90894  0.000123477
1.91957  4.23558e-05
1.92173  0.000154395
1.9244  0.000232112
1.92638  9.77017e-05
1.92931  1.12281e-06
1.9352  0.000119431
1.9374  0.000290231
1.94017  6.93276e-05
1.94213  0.000372935
1.95082  0.000146952
1.95614  6.5161e-05
1.96697  0.000552481
1.96983  0.000197957
1.98631  0.000558179
2.00143  0.00019975
2.01553  0.000166511
2.01847  0.000563234
2.02066  6.32212e-05
2.02388  1.08983e-05
2.03281  0.00046951
2.03587  0.000168228
2.03807  0.000342532
2.04132  1.02433e-05
2.04764  4.75451e-05
2.05353  0.000316234
2.05601  4.26939e-05
2.05915  6.11897e-06
2.06552  0.000223438
2.06868  0.000160118
2.08695  0.00060198
2.10375  0.000161568
2.11085  0.000579912
2.11943  6.73414e-05
2.1227  0.000607432
2.12514  1.70456e-05
2.12873  4.40756e-05
2.13869  0.000253177
2.14051  0.000436119
2.1421  0.000181429
2.1447  0.000243092
2.14818  8.28533e-05
2.16182  0.000511575
2.1646  0.000276265
2.1681  4.94935e-05
2.1709  1.3364e-06
2.17877  5.18049e-05
2.18836  4.6519e-05
2.19926  0.000243457
2.21814  5.2274e-05
2.22612  0.000938128
2.23947  0.000245662
2.24628  9.50686e-05
2.26137  7.33747e-05
2.26445  0.000237746
2.26824  0.000268065
2.28368  0.00027586
2.28579  0.000475193
2.28683  0.000670374
2.2908  0.000160132
2.29397  1.29714e-05
2.3138  0.000301017
2.31705  1.21918e-05
2.32114  1.45613e-06
2.32981  0.000479497
2.3799  0.000115345
2.40075  0.000192302
2.40512  0.000433651
2.42651  0.000722979
2.43109  0.000259047
2.43475  5.24598e-05
2.45767  0.000730435
2.46143  9.86139e-05
2.46618  1.41335e-05
2.49373  1.32841e-05
2.53459  7.46377e-05
2.55903  6.22178e-05
2.56416  0.00035076
2.58934  0.000292392
2.59475  0.000209531
2.59907  0.000113153
2.6262  0.000787754
2.63066  0.000319057
2.63629  5.71599e-05
2.66911  0.000107449
2.69213  0.000684633
2.7181  2.01237e-05
2.72085  0.000570708
2.75379  0.000113485
2.79096  6.77921e-05
2.79623  0.000137286
2.82943  0.000318589
2.83491  0.000516141
2.84183  0.000123291
2.88236  0.000347643
2.91099  0.00110754
3.00019  0.00062184
3.04251  8.88356e-05
3.09233  0.000417483
3.10131  0.000149586
3.15425  0.000562384
3.32105  0.000814866
3.37047  2.39517e-05
3.4404  0.000135073
3.45316  9.67947e-05
3.52936  0.000454887
3.78265  0.00131822
3.91039  0.000887873
4.00142  2.60976e-05
4.13728  0.000147175
5.01001  0.00143632
