-11.8669  0.0135977
-9.04625  0.0852964
-8.8921  0.043592
-8.0048  0.0160582
-7.94764  0.0151597
-7.29459  0.000685922
-5.24596  0.000721717
-5.18396  0.0135937
-5.16882  0.00820835
-5.02456  0.00835696
-5.0108  0.00846451
-3.82446  0.00061746
-3.79584  0.0196682
-3.72662  0.0172887
-2.88065  0.000509857
-2.86549  0.0178572
-2.74738  0.0232346
-2.42487  0.00110123
-1.89112  0.000771563
-1.85587  0.0291214
-1.83007  0.0318563
-1.58745  0.00367696
-1.5767  0.00420739
-1.10065  0.000363549
-1.06535  0.0165773
-0.987369  0.0332214
-0.415165  0.000589343
-0.380019  0.026889
-0.30588  0.0587134
0.30588  0.0587134
0.380019  0.026889
0.415165  0.000589343
0.987369  0.0332214
1.06535  0.0165773
1.10065  0.000363549
1.5767  0.00420739
1.58745  0.00367696
1.83007  0.0318563
1.85587  0.0291214
1.89112  0.000771563
2.42487  0.00110123
2.74738  0.0232346
2.86549  0.0178572
2.88065  0.000509857
3.72662  0.0172887
3.79584  0.0196682
3.82446  0.00061746
5.0108  0.00846451
5.02456  0.00835696
5.16882  0.00820835
5.18396  0.0135937
5.24596  0.000721717
7.29459  0.000685922
7.94764  0.0151597
8.0048  0.0160582
8.8921  0.043592
9.04625  0.0852964
11.8669  0.0135977
