-7.9168  1.01505e-09
-7.49185  6.84955e-09
-7.19456  1.92586e-08
-7.04018  6.75785e-09
-6.9657  2.88794e-08
-6.84102  3.80016e-08
-6.77959  2.43597e-08
-6.67501  8.54782e-08
-6.62495  1.74307e-08
-6.58034  1.87464e-08
-6.53268  9.61344e-08
-6.49211  3.84489e-08
-6.45007  8.43338e-08
-6.4081  5.40595e-08
-6.37245  8.18638e-08
-6.33482  1.42271e-07
-6.30056  4.80673e-08
-6.26574  1.25907e-07
-6.2315  1.06672e-07
-6.20153  1.61536e-07
-6.16963  1.79667e-07
-6.13786  2.99925e-08
-6.11053  2.7251e-07
-6.08197  2.11271e-07
-6.05561  7.96865e-08
-6.02745  2.6126e-07
-6.00161  2.03618e-07
-5.97649  2.68862e-07
-5.95126  2.67549e-07
-5.9271  1.7931e-07
-5.90317  3.0238e-07
-5.88017  3.95492e-07
-5.85799  2.29667e-07
-5.8355  1.98738e-07
-5.81356  5.24453e-07
-5.79314  3.72266e-07
-5.77201  2.9762e-07
-5.75095  4.27334e-07
-5.73209  3.82284e-07
-5.71164  5.58759e-07
-5.69304  3.48533e-07
-5.67477  3.67258e-07
-5.65625  3.98096e-07
-5.65254  2.47361e-07
-5.63819  5.82529e-07
-5.61992  4.72954e-07
-5.60135  3.77034e-07
-5.58526  7.67634e-07
-5.56778  6.63052e-07
-5.55301  3.72073e-07
-5.53501  7.38155e-07
-5.51897  7.30141e-07
-5.50421  7.55511e-07
-5.4873  6.70837e-07
-5.47385  5.45427e-07
-5.45691  9.0439e-07
-5.44222  8.75809e-07
-5.43044  6.15256e-07
-5.41256  7.89222e-07
-5.39957  1.009e-06
-5.39174  2.41156e-07
-5.38386  8.05033e-07
-5.36829  8.84094e-07
-5.35708  7.24587e-07
-5.34381  9.20563e-07
-5.33145  1.12398e-06
-5.31935  9.35977e-07
-5.30545  7.82397e-07
-5.2925  1.30075e-06
-5.28208  7.21287e-07
-5.27477  8.27314e-07
-5.26339  9.61663e-07
-5.25267  8.56073e-07
-5.23983  1.54184e-06
-5.22725  1.42371e-06
-5.21606  8.53053e-07
-5.20423  1.2321e-06
-5.1922  1.52623e-06
-5.18067  1.36719e-06
-5.16907  1.40083e-06
-5.15844  9.92779e-07
-5.14867  1.34317e-06
-5.13804  1.64219e-06
-5.12992  9.93943e-07
-5.11701  1.58378e-06
-5.10713  1.2826e-06
-5.09722  1.95993e-06
-5.08611  1.6565e-06
-5.07692  1.35305e-06
-5.06448  1.82434e-06
-5.05406  2.19224e-06
-5.044  1.51053e-06
-5.03163  1.76631e-06
-5.0208  2.6348e-06
-5.00815  2.46683e-06
-4.99718  1.94739e-06
-4.98399  2.57808e-06
-4.9737  2.26197e-06
-4.96369  1.82965e-06
-4.95282  2.30416e-06
-4.94228  3.32764e-06
-4.93032  2.45875e-06
-4.91822  2.50789e-06
-4.90736  2.94427e-06
-4.89776  2.67805e-06
-4.88635  2.64542e-06
-4.87644  2.86928e-06
-4.8662  3.31609e-06
-4.85442  3.17961e-06
-4.84177  3.93927e-06
-4.83107  3.50475e-06
-4.81776  3.85595e-06
-4.80646  4.10191e-06
-4.79477  3.68353e-06
-4.78355  3.83869e-06
-4.77422  3.73139e-06
-4.76467  3.04622e-06
-4.75263  5.30103e-06
-4.74181  3.7658e-06
-4.73071  4.86204e-06
-4.71981  4.03853e-06
-4.70937  4.91487e-06
-4.69872  3.59021e-06
-4.68823  6.36944e-06
-4.67785  3.97896e-06
-4.6676  5.14505e-06
-4.65759  4.85214e-06
-4.6458  5.82926e-06
-4.63555  5.64302e-06
-4.62502  5.7578e-06
-4.61375  5.86966e-06
-4.60265  6.76303e-06
-4.59082  6.10559e-06
-4.58136  6.36946e-06
-4.57  6.63383e-06
-4.5589  7.03936e-06
-4.54868  6.3731e-06
-4.53843  7.36295e-06
-4.52778  6.888e-06
-4.51715  7.56906e-06
-4.5077  6.38537e-06
-4.49716  8.24401e-06
-4.48606  8.81031e-06
-4.4752  7.66225e-06
-4.4655  8.69462e-06
-4.45504  7.27317e-06
-4.44525  9.08483e-06
-4.43425  9.96153e-06
-4.42371  8.84008e-06
-4.41348  8.68844e-06
-4.40297  1.1058e-05
-4.39172  1.03208e-05
-4.3812  1.02358e-05
-4.37068  9.73581e-06
-4.36046  1.17488e-05
-4.34996  1.05668e-05
-4.33982  1.12267e-05
-4.32872  1.22124e-05
-4.31846  1.20096e-05
-4.30833  1.0994e-05
-4.29832  1.32271e-05
-4.28657  1.53211e-05
-4.27559  1.16052e-05
-4.2654  1.45172e-05
-4.25413  1.4942e-05
-4.24357  1.43546e-05
-4.23253  1.57035e-05
-4.22197  1.41916e-05
-4.21207  1.4213e-05
-4.20148  1.78989e-05
-4.19088  1.45783e-05
-4.17993  1.87163e-05
-4.16931  1.57629e-05
-4.15913  1.72817e-05
-4.14848  1.839e-05
-4.13841  1.75777e-05
-4.12787  1.8474e-05
-4.11722  1.99564e-05
-4.10645  2.03236e-05
-4.09595  1.94191e-05
-4.08501  2.24849e-05
-4.07455  1.94642e-05
-4.06424  2.198e-05
-4.05349  2.31818e-05
-4.0424  2.40782e-05
-4.03145  2.29465e-05
-4.02121  2.3784e-05
-4.01063  2.4841e-05
-4.00004  2.37654e-05
-3.98988  2.57019e-05
-3.97916  2.68473e-05
-3.96848  2.6855e-05
-3.95767  2.86658e-05
-3.94678  2.74817e-05
-3.9367  2.88574e-05
-3.92568  3.01733e-05
-3.91493  3.08417e-05
-3.90423  3.16232e-05
-3.89349  3.10116e-05
-3.88297  3.20265e-05
-3.87234  3.38763e-05
-3.86122  3.70189e-05
-3.8502  3.37563e-05
-3.83976  3.55619e-05
-3.82938  3.53148e-05
-3.81844  3.90695e-05
-3.80759  3.81759e-05
-3.79711  3.74853e-05
-3.78678  3.94729e-05
-3.77583  4.15868e-05
-3.76531  4.16044e-05
-3.75466  4.11887e-05
-3.74431  4.27785e-05
-3.73371  4.44068e-05
-3.72331  4.34757e-05
-3.71258  4.84043e-05
-3.70205  4.47894e-05
-3.69167  4.6876e-05
-3.68154  4.73687e-05
-3.67109  5.02524e-05
-3.66062  4.89489e-05
-3.64994  5.51888e-05
-3.63915  5.2504e-05
-3.62847  5.58981e-05
-3.61803  5.26854e-05
-3.60772  5.68555e-05
-3.59714  5.75508e-05
-3.58688  5.69165e-05
-3.57628  6.10446e-05
-3.56571  6.20222e-05
-3.55514  6.09782e-05
-3.54488  6.23293e-05
-3.53437  6.63252e-05
-3.52364  6.64184e-05
-3.5137  6.25417e-05
-3.50324  7.10327e-05
-3.4927  6.90816e-05
-3.48239  7.13443e-05
-3.47183  7.33974e-05
-3.46139  7.30559e-05
-3.45117  7.39411e-05
-3.44081  7.71904e-05
-3.43039  7.77826e-05
-3.41978  8.34673e-05
-3.40933  7.76855e-05
-3.39927  8.14327e-05
-3.38888  8.56908e-05
-3.37842  8.52819e-05
-3.36812  8.60826e-05
-3.35793  8.99369e-05
-3.34744  9.08263e-05
-3.33714  9.14303e-05
-3.3268  9.4558e-05
-3.31641  9.62946e-05
-3.30608  9.51455e-05
-3.29603  9.65763e-05
-3.28587  0.000101233
-3.27539  0.000105719
-3.26493  0.000103238
-3.25467  0.000107089
-3.24428  0.000110363
-3.23387  0.000111023
-3.2235  0.000113708
-3.213  0.000116743
-3.20266  0.000115497
-3.19247  0.000116608
-3.18232  0.000119553
-3.17193  0.000125904
-3.16163  0.000121787
-3.15142  0.000128919
-3.14115  0.000126916
-3.13097  0.000131892
-3.12068  0.000133551
-3.11052  0.000133601
-3.10027  0.000139789
-3.08996  0.000140844
-3.0796  0.000145166
-3.06926  0.000144998
-3.05914  0.000145261
-3.04879  0.000154881
-3.03847  0.000151352
-3.0283  0.000154462
-3.01802  0.000161473
-3.00764  0.000161701
-2.99734  0.000163651
-2.98706  0.000166642
-2.97684  0.000168289
-2.9665  0.000175895
-2.956  0.000178576
-2.94574  0.000174711
-2.93568  0.00017696
-2.92548  0.000185974
-2.91501  0.000192223
-2.9047  0.00018564
-2.89452  0.000195104
-2.88426  0.00019322
-2.87406  0.000199072
-2.86388  0.000197595
-2.85366  0.000208884
-2.84335  0.000207335
-2.83319  0.000210452
-2.82299  0.000215448
-2.81273  0.000217927
-2.80268  0.000213994
-2.79248  0.000231073
-2.78223  0.000222169
-2.77215  0.000231091
-2.76191  0.000236536
-2.75161  0.000240505
-2.74145  0.000238904
-2.73121  0.000250653
-2.72083  0.000253849
-2.71054  0.000253884
-2.70039  0.000254245
-2.69022  0.000261751
-2.67997  0.00026605
-2.66974  0.000268151
-2.6596  0.000270835
-2.6494  0.000279526
-2.63912  0.00028223
-2.62894  0.000283085
-2.61873  0.000292574
-2.60846  0.000292751
-2.59827  0.000297721
-2.58808  0.000300895
-2.57789  0.000306015
-2.56771  0.000309713
-2.55751  0.000316143
-2.54728  0.00031991
-2.53706  0.00032808
-2.52677  0.000329688
-2.51655  0.000333534
-2.50633  0.000337468
-2.49617  0.000340147
-2.48603  0.000345822
-2.47584  0.000353923
-2.46563  0.000356348
-2.4554  0.000364958
-2.44522  0.000363823
-2.43514  0.000366691
-2.42501  0.000376937
-2.41483  0.000379201
-2.40471  0.000383386
-2.3945  0.000395352
-2.38425  0.000399685
-2.37405  0.000401817
-2.36388  0.000408585
-2.35368  0.000414218
-2.34351  0.000415276
-2.33338  0.000422209
-2.32324  0.000427434
-2.31308  0.000432816
-2.30287  0.000445259
-2.29265  0.000445302
-2.28246  0.00045465
-2.27227  0.000457902
-2.26214  0.000460726
-2.25202  0.000466436
-2.24185  0.000476069
-2.2317  0.000477355
-2.22157  0.000487251
-2.2114  0.000494026
-2.20123  0.000499215
-2.19106  0.000506917
-2.18086  0.000513783
-2.17066  0.000519218
-2.16049  0.000523345
-2.15023  0.000538354
-2.13998  0.000537016
-2.12981  0.000547977
-2.11963  0.000548666
-2.10952  0.000553747
-2.09934  0.000570002
-2.08908  0.000573836
-2.07889  0.000574406
-2.06875  0.000582353
-2.05861  0.000591519
-2.04847  0.000593708
-2.03839  0.000600509
-2.02832  0.000608171
-2.01821  0.000617038
-2.00806  0.000624265
-1.99792  0.000630193
-1.98775  0.00064264
-1.97758  0.000648035
-1.96746  0.000650565
-1.95738  0.000658501
-1.94726  0.000670933
-1.9371  0.000677428
-1.92695  0.000683092
-1.91684  0.000685959
-1.90674  0.000696745
-1.89659  0.000710184
-1.88643  0.000717244
-1.87632  0.000720844
-1.8662  0.000730725
-1.85612  0.000729336
-1.84603  0.000748268
-1.83591  0.000745231
-1.82574  0.000774979
-1.81551  0.000774651
-1.80532  0.000786328
-1.79508  0.000801445
-1.78492  0.000788594
-1.77482  0.000807582
-1.76464  0.000815327
-1.75448  0.000819569
-1.74437  0.00082792
-1.73428  0.000834488
-1.72412  0.000860108
-1.71395  0.000856138
-1.70387  0.000861256
-1.69379  0.000870466
-1.68366  0.000883701
-1.67349  0.000898094
-1.66338  0.000893936
-1.6533  0.000914291
-1.64318  0.000917546
-1.63302  0.000940629
-1.62287  0.000934601
-1.61274  0.000948571
-1.6026  0.000956165
-1.59252  0.000962243
-1.58242  0.000983035
-1.57227  0.000988479
-1.56215  0.000997162
-1.55201  0.00100712
-1.54188  0.00101398
-1.53177  0.00102364
-1.52169  0.00102988
-1.5116  0.00105131
-1.50146  0.00106172
-1.49133  0.0010677
-1.48116  0.00108355
-1.47099  0.00108693
-1.46088  0.00109325
-1.45082  0.00110463
-1.44071  0.0011245
-1.43063  0.00112402
-1.42055  0.00114379
-1.41043  0.00114424
-1.40033  0.00115854
-1.39025  0.00116701
-1.38017  0.00118518
-1.37009  0.00119332
-1.35996  0.00121805
-1.34988  0.00120595
-1.33981  0.00122701
-1.32971  0.00123216
-1.31951  0.00127882
-1.30887  0.00137445
-1.29837  0.00127786
-1.28825  0.00129346
-1.27815  0.00130021
-1.26802  0.0013137
-1.25786  0.00132829
-1.24775  0.00133044
-1.23768  0.00135415
-1.22762  0.00135558
-1.21755  0.00137907
-1.20742  0.00139141
-1.19733  0.00138426
-1.18724  0.00141374
-1.17714  0.00142124
-1.16706  0.00144003
-1.15699  0.00145664
-1.1469  0.00146811
-1.13681  0.00147079
-1.12669  0.00149545
-1.11653  0.00150492
-1.10647  0.00150751
-1.09639  0.00154322
-1.08625  0.00156367
-1.07615  0.00155971
-1.06605  0.0015779
-1.05593  0.00157956
-1.04582  0.00160324
-1.03574  0.00161281
-1.02567  0.00163933
-1.01565  0.00163532
-1.0056  0.0016795
-0.995028  0.00181732
-0.984468  0.00169838
-0.97434  0.00171607
-0.964258  0.00172908
-0.954125  0.00176613
-0.944016  0.00175402
-0.933959  0.00176544
-0.923855  0.00178463
-0.913789  0.00179818
-0.903754  0.0018235
-0.893252  0.00200956
-0.882667  0.00188722
-0.872528  0.00186511
-0.862415  0.00188617
-0.852284  0.00190843
-0.842235  0.00192088
-0.832198  0.00195878
-0.822096  0.00198865
-0.812015  0.00198321
-0.80195  0.00199282
-0.791909  0.00198455
-0.781874  0.0020322
-0.77179  0.00207414
-0.761715  0.00209704
-0.751213  0.00229793
-0.740692  0.00213524
-0.730578  0.00213721
-0.720512  0.0021319
-0.710424  0.00218818
-0.700338  0.00222675
-0.690217  0.00227539
-0.680094  0.00227216
-0.670021  0.00227431
-0.659931  0.00230317
-0.649819  0.00229719
-0.639827  0.00233979
-0.629776  0.00240882
-0.619674  0.00241447
-0.609611  0.00241431
-0.599524  0.00244733
-0.589381  0.00245613
-0.579336  0.00251052
-0.569281  0.00256389
-0.559209  0.00256784
-0.549138  0.00259925
-0.539051  0.0025885
-0.528956  0.0026192
-0.518884  0.00270551
-0.50885  0.00272187
-0.498775  0.00278027
-0.488723  0.0027599
-0.478655  0.00278595
-0.468541  0.00278269
-0.458443  0.00288016
-0.448394  0.00294662
-0.438319  0.00302799
-0.428233  0.0030193
-0.418182  0.0030268
-0.408083  0.00305627
-0.397941  0.0030695
-0.38793  0.00318004
-0.377874  0.00327552
-0.36734  0.00357259
-0.356813  0.00330058
-0.346741  0.00327656
-0.336621  0.00337856
-0.326573  0.00351414
-0.316524  0.00359128
-0.306428  0.00361274
-0.296383  0.00359068
-0.286334  0.00359666
-0.276181  0.0037424
-0.266164  0.00391406
-0.256106  0.00400112
-0.246094  0.00398254
-0.236031  0.00403042
-0.225983  0.00397257
-0.215855  0.00419735
-0.205411  0.00489153
-0.194857  0.0046016
-0.184782  0.00455484
-0.174757  0.00454962
-0.164688  0.00454954
-0.154492  0.0049894
-0.144034  0.0058308
-0.133515  0.00541489
-0.123486  0.00537768
-0.113435  0.00540405
-0.103347  0.00535865
-0.0931918  0.00637892
-0.083279  0.00688777
-0.0732555  0.00692428
-0.0632208  0.0069623
-0.0531709  0.00695328
-0.0431231  0.00699646
-0.0324109  0.00958089
-0.0229995  0.0127038
-0.012918  0.0136304
-0.0037659  0.0132021
0.0037659  0.0132021
0.012918  0.0136304
0.0229995  0.0127038
0.0324109  0.00958089
0.0431231  0.00699646
0.0531709  0.00695328
0.0632208  0.0069623
0.0732555  0.00692428
0.083279  0.00688777
0.0931918  0.00637892
0.103347  0.00535865
0.113435  0.00540405
0.123486  0.00537768
0.133515  0.00541489
0.144034  0.0058308
0.154492  0.0049894
0.164688  0.00454954
0.174757  0.00454962
0.184782  0.00455484
0.194857  0.0046016
0.205411  0.00489153
0.215855  0.00419735
0.225983  0.00397257
0.236031  0.00403042
0.246094  0.00398254
0.256106  0.00400112
0.266164  0.00391406
0.276181  0.0037424
0.286334  0.00359666
0.296383  0.00359068
0.306428  0.00361274
0.316524  0.00359128
0.326573  0.00351414
0.336621  0.00337856
0.346741  0.00327656
0.356813  0.00330058
0.36734  0.00357259
0.377874  0.00327552
0.38793  0.00318004
0.397941  0.0030695
0.408083  0.00305627
0.418182  0.0030268
0.428233  0.0030193
0.438319  0.00302799
0.448394  0.00294662
0.458443  0.00288016
0.468541  0.00278269
0.478655  0.00278595
0.488723  0.0027599
0.498775  0.00278027
0.50885  0.00272187
0.518884  0.00270551
0.528956  0.0026192
0.539051  0.0025885
0.549138  0.00259925
0.559209  0.00256784
0.569281  0.00256389
0.579336  0.00251052
0.589381  0.00245613
0.599524  0.00244733
0.609611  0.00241431
0.619674  0.00241447
0.629776  0.00240882
0.639827  0.00233979
0.649819  0.00229719
0.659931  0.00230317
0.670021  0.00227431
0.680094  0.00227216
0.690217  0.00227539
0.700338  0.00222675
0.710424  0.00218818
0.720512  0.0021319
0.730578  0.00213721
0.740692  0.00213524
0.751213  0.00229793
0.761715  0.00209704
0.77179  0.00207414
0.781874  0.0020322
0.791909  0.00198455
0.80195  0.00199282
0.812015  0.00198321
0.822096  0.00198865
0.832198  0.00195878
0.842235  0.00192088
0.852284  0.00190843
0.862415  0.00188617
0.872528  0.00186511
0.882667  0.00188722
0.893252  0.00200956
0.903754  0.0018235
0.913789  0.00179818
0.923855  0.00178463
0.933959  0.00176544
0.944016  0.00175402
0.954125  0.00176613
0.964258  0.00172908
0.97434  0.00171607
0.984468  0.00169838
0.995028  0.00181732
1.0056  0.0016795
1.01565  0.00163532
1.02567  0.00163933
1.03574  0.00161281
1.04582  0.00160324
1.05593  0.00157956
1.06605  0.0015779
1.07615  0.00155971
1.08625  0.00156367
1.09639  0.00154322
1.10647  0.00150751
1.11653  0.00150492
1.12669  0.00149545
1.13681  0.00147079
1.1469  0.00146811
1.15699  0.00145664
1.16706  0.00144003
1.17714  0.00142124
1.18724  0.00141374
1.19733  0.00138426
1.20742  0.00139141
1.21755  0.00137907
1.22762  0.00135558
1.23768  0.00135415
1.24775  0.00133044
1.25786  0.00132829
1.26802  0.0013137
1.27815  0.00130021
1.28825  0.00129346
1.29837  0.00127786
1.30887  0.00137445
1.31951  0.00127882
1.32971  0.00123216
1.33981  0.00122701
1.34988  0.00120595
1.35996  0.00121805
1.37009  0.00119332
1.38017  0.00118518
1.39025  0.00116701
1.40033  0.00115854
1.41043  0.00114424
1.42055  0.00114379
1.43063  0.00112402
1.44071  0.0011245
1.45082  0.00110463
1.46088  0.00109325
1.47099  0.00108693
1.48116  0.00108355
1.49133  0.0010677
1.50146  0.00106172
1.5116  0.00105131
1.52169  0.00102988
1.53177  0.00102364
1.54188  0.00101398
1.55201  0.00100712
1.56215  0.000997162
1.57227  0.000988479
1.58242  0.000983035
1.59252  0.000962243
1.6026  0.000956165
1.61274  0.000948571
1.62287  0.000934601
1.63302  0.000940629
1.64318  0.000917546
1.6533  0.000914291
1.66338  0.000893936
1.67349  0.000898094
1.68366  0.000883701
1.69379  0.000870466
1.70387  0.000861256
1.71395  0.000856138
1.72412  0.000860108
1.73428  0.000834488
1.74437  0.00082792
1.75448  0.000819569
1.76464  0.000815327
1.77482  0.000807582
1.78492  0.000788594
1.79508  0.000801445
1.80532  0.000786328
1.81551  0.000774651
1.82574  0.000774979
1.83591  0.000745231
1.84603  0.000748268
1.85612  0.000729336
1.8662  0.000730725
1.87632  0.000720844
1.88643  0.000717244
1.89659  0.000710184
1.90674  0.000696745
1.91684  0.000685959
1.92695  0.000683092
1.9371  0.000677428
1.94726  0.000670933
1.95738  0.000658501
1.96746  0.000650565
1.97758  0.000648035
1.98775  0.00064264
1.99792  0.000630193
2.00806  0.000624265
2.01821  0.000617038
2.02832  0.000608171
2.03839  0.000600509
2.04847  0.000593708
2.05861  0.000591519
2.06875  0.000582353
2.07889  0.000574406
2.08908  0.000573836
2.09934  0.000570002
2.10952  0.000553747
2.11963  0.000548666
2.12981  0.000547977
2.13998  0.000537016
2.15023  0.000538354
2.16049  0.000523345
2.17066  0.000519218
2.18086  0.000513783
2.19106  0.000506917
2.20123  0.000499215
2.2114  0.000494026
2.22157  0.000487251
2.2317  0.000477355
2.24185  0.000476069
2.25202  0.000466436
2.26214  0.000460726
2.27227  0.000457902
2.28246  0.00045465
2.29265  0.000445302
2.30287  0.000445259
2.31308  0.000432816
2.32324  0.000427434
2.33338  0.000422209
2.34351  0.000415276
2.35368  0.000414218
2.36388  0.000408585
2.37405  0.000401817
2.38425  0.000399685
2.3945  0.000395352
2.40471  0.000383386
2.41483  0.000379201
2.42501  0.000376937
2.43514  0.000366691
2.44522  0.000363823
2.4554  0.000364958
2.46563  0.000356348
2.47584  0.000353923
2.48603  0.000345822
2.49617  0.000340147
2.50633  0.000337468
2.51655  0.000333534
2.52677  0.000329688
2.53706  0.00032808
2.54728  0.00031991
2.55751  0.000316143
2.56771  0.000309713
2.57789  0.000306015
2.58808  0.000300895
2.59827  0.000297721
2.60846  0.000292751
2.61873  0.000292574
2.62894  0.000283085
2.63912  0.00028223
2.6494  0.000279526
2.6596  0.000270835
2.66974  0.000268151
2.67997  0.00026605
2.69022  0.000261751
2.70039  0.000254245
2.71054  0.000253884
2.72083  0.000253849
2.73121  0.000250653
2.74145  0.000238904
2.75161  0.000240505
2.76191  0.000236536
2.77215  0.000231091
2.78223  0.000222169
2.79248  0.000231073
2.80268  0.000213994
2.81273  0.000217927
2.82299  0.000215448
2.83319  0.000210452
2.84335  0.000207335
2.85366  0.000208884
2.86388  0.000197595
2.87406  0.000199072
2.88426  0.00019322
2.89452  0.000195104
2.9047  0.00018564
2.91501  0.000192223
2.92548  0.000185974
2.93568  0.00017696
2.94574  0.000174711
2.956  0.000178576
2.9665  0.000175895
2.97684  0.000168289
2.98706  0.000166642
2.99734  0.000163651
3.00764  0.000161701
3.01802  0.000161473
3.0283  0.000154462
3.03847  0.000151352
3.04879  0.000154881
3.05914  0.000145261
3.06926  0.000144998
3.0796  0.000145166
3.08996  0.000140844
3.10027  0.000139789
3.11052  0.000133601
3.12068  0.000133551
3.13097  0.000131892
3.14115  0.000126916
3.15142  0.000128919
3.16163  0.000121787
3.17193  0.000125904
3.18232  0.000119553
3.19247  0.000116608
3.20266  0.000115497
3.213  0.000116743
3.2235  0.000113708
3.23387  0.000111023
3.24428  0.000110363
3.25467  0.000107089
3.26493  0.000103238
3.27539  0.000105719
3.28587  0.000101233
3.29603  9.65763e-05
3.30608  9.51455e-05
3.31641  9.62946e-05
3.3268  9.4558e-05
3.33714  9.14303e-05
3.34744  9.08263e-05
3.35793  8.99369e-05
3.36812  8.60826e-05
3.37842  8.52819e-05
3.38888  8.56908e-05
3.39927  8.14327e-05
3.40933  7.76855e-05
3.41978  8.34673e-05
3.43039  7.77826e-05
3.44081  7.71904e-05
3.45117  7.39411e-05
3.46139  7.30559e-05
3.47183  7.33974e-05
3.48239  7.13443e-05
3.4927  6.90816e-05
3.50324  7.10327e-05
3.5137  6.25417e-05
3.52364  6.64184e-05
3.53437  6.63252e-05
3.54488  6.23293e-05
3.55514  6.09782e-05
3.56571  6.20222e-05
3.57628  6.10446e-05
3.58688  5.69165e-05
3.59714  5.75508e-05
3.60772  5.68555e-05
3.61803  5.26854e-05
3.62847  5.58981e-05
3.63915  5.2504e-05
3.64994  5.51888e-05
3.66062  4.89489e-05
3.67109  5.02524e-05
3.68154  4.73687e-05
3.69167  4.6876e-05
3.70205  4.47894e-05
3.71258  4.84043e-05
3.72331  4.34757e-05
3.73371  4.44068e-05
3.74431  4.27785e-05
3.75466  4.11887e-05
3.76531  4.16044e-05
3.77583  4.15868e-05
3.78678  3.94729e-05
3.79711  3.74853e-05
3.80759  3.81759e-05
3.81844  3.90695e-05
3.82938  3.53148e-05
3.83976  3.55619e-05
3.8502  3.37563e-05
3.86122  3.70189e-05
3.87234  3.38763e-05
3.88297  3.20265e-05
3.89349  3.10116e-05
3.90423  3.16232e-05
3.91493  3.08417e-05
3.92568  3.01733e-05
3.9367  2.88574e-05
3.94678  2.74817e-05
3.95767  2.86658e-05
3.96848  2.6855e-05
3.97916  2.68473e-05
3.98988  2.57019e-05
4.00004  2.37654e-05
4.01063  2.4841e-05
4.02121  2.3784e-05
4.03145  2.29465e-05
4.0424  2.40782e-05
4.05349  2.31818e-05
4.06424  2.198e-05
4.07455  1.94642e-05
4.08501  2.24849e-05
4.09595  1.94191e-05
4.10645  2.03236e-05
4.11722  1.99564e-05
4.12787  1.8474e-05
4.13841  1.75777e-05
4.14848  1.839e-05
4.15913  1.72817e-05
4.16931  1.57629e-05
4.17993  1.87163e-05
4.19088  1.45783e-05
4.20148  1.78989e-05
4.21207  1.4213e-05
4.22197  1.41916e-05
4.23253  1.57035e-05
4.24357  1.43546e-05
4.25413  1.4942e-05
4.2654  1.45172e-05
4.27559  1.16052e-05
4.28657  1.53211e-05
4.29832  1.32271e-05
4.30833  1.0994e-05
4.31846  1.20096e-05
4.32872  1.22124e-05
4.33982  1.12267e-05
4.34996  1.05668e-05
4.36046  1.17488e-05
4.37068  9.73581e-06
4.3812  1.02358e-05
4.39172  1.03208e-05
4.40297  1.1058e-05
4.41348  8.68844e-06
4.42371  8.84008e-06
4.43425  9.96153e-06
4.44525  9.08483e-06
4.45504  7.27317e-06
4.4655  8.69462e-06
4.4752  7.66225e-06
4.48606  8.81031e-06
4.49716  8.24401e-06
4.5077  6.38537e-06
4.51715  7.56906e-06
4.52778  6.888e-06
4.53843  7.36295e-06
4.54868  6.3731e-06
4.5589  7.03936e-06
4.57  6.63383e-06
4.58136  6.36946e-06
4.59082  6.10559e-06
4.60265  6.76303e-06
4.61375  5.86966e-06
4.62502  5.7578e-06
4.63555  5.64302e-06
4.6458  5.82926e-06
4.65759  4.85214e-06
4.6676  5.14505e-06
4.67785  3.97896e-06
4.68823  6.36944e-06
4.69872  3.59021e-06
4.70937  4.91487e-06
4.71981  4.03853e-06
4.73071  4.86204e-06
4.74181  3.7658e-06
4.75263  5.30103e-06
4.76467  3.04622e-06
4.77422  3.73139e-06
4.78355  3.83869e-06
4.79477  3.68353e-06
4.80646  4.10191e-06
4.81776  3.85595e-06
4.83107  3.50475e-06
4.84177  3.93927e-06
4.85442  3.17961e-06
4.8662  3.31609e-06
4.87644  2.86928e-06
4.88635  2.64542e-06
4.89776  2.67805e-06
4.90736  2.94427e-06
4.91822  2.50789e-06
4.93032  2.45875e-06
4.94228  3.32764e-06
4.95282  2.30416e-06
4.96369  1.82965e-06
4.9737  2.26197e-06
4.98399  2.57808e-06
4.99718  1.94739e-06
5.00815  2.46683e-06
5.0208  2.6348e-06
5.03163  1.76631e-06
5.044  1.51053e-06
5.05406  2.19224e-06
5.06448  1.82434e-06
5.07692  1.35305e-06
5.08611  1.6565e-06
5.09722  1.95993e-06
5.10713  1.2826e-06
5.11701  1.58378e-06
5.12992  9.93943e-07
5.13804  1.64219e-06
5.14867  1.34317e-06
5.15844  9.92779e-07
5.16907  1.40083e-06
5.18067  1.36719e-06
5.1922  1.52623e-06
5.20423  1.2321e-06
5.21606  8.53053e-07
5.22725  1.42371e-06
5.23983  1.54184e-06
5.25267  8.56073e-07
5.26339  9.61663e-07
5.27477  8.27314e-07
5.28208  7.21287e-07
5.2925  1.30075e-06
5.30545  7.82397e-07
5.31935  9.35977e-07
5.33145  1.12398e-06
5.34381  9.20563e-07
5.35708  7.24587e-07
5.36829  8.84094e-07
5.38386  8.05033e-07
5.39174  2.41156e-07
5.39957  1.009e-06
5.41256  7.89222e-07
5.43044  6.15256e-07
5.44222  8.75809e-07
5.45691  9.0439e-07
5.47385  5.45427e-07
5.4873  6.70837e-07
5.50421  7.55511e-07
5.51897  7.30141e-07
5.53501  7.38155e-07
5.55301  3.72073e-07
5.56778  6.63052e-07
5.58526  7.67634e-07
5.60135  3.77034e-07
5.61992  4.72954e-07
5.63819  5.82529e-07
5.65254  2.47361e-07
5.65625  3.98096e-07
5.67477  3.67258e-07
5.69304  3.48533e-07
5.71164  5.58759e-07
5.73209  3.82284e-07
5.75095  4.27334e-07
5.77201  2.9762e-07
5.79314  3.72266e-07
5.81356  5.24453e-07
5.8355  1.98738e-07
5.85799  2.29667e-07
5.88017  3.95492e-07
5.90317  3.0238e-07
5.9271  1.7931e-07
5.95126  2.67549e-07
5.97649  2.68862e-07
6.00161  2.03618e-07
6.02745  2.6126e-07
6.05561  7.96865e-08
6.08197  2.11271e-07
6.11053  2.7251e-07
6.13786  2.99925e-08
6.16963  1.79667e-07
6.20153  1.61536e-07
6.2315  1.06672e-07
6.26574  1.25907e-07
6.30056  4.80673e-08
6.33482  1.42271e-07
6.37245  8.18638e-08
6.4081  5.40595e-08
6.45007  8.43338e-08
6.49211  3.84489e-08
6.53268  9.61344e-08
6.58034  1.87464e-08
6.62495  1.74307e-08
6.67501  8.54782e-08
6.77959  2.43597e-08
6.84102  3.80016e-08
6.9657  2.88794e-08
7.04018  6.75785e-09
7.19456  1.92586e-08
7.49185  6.84955e-09
7.9168  1.01505e-09
