-10.3886  0.108513
-10.2344  0.0198922
-7.57001  0.0960596
-6.90792  0.0302175
-6.51299  0.00514709
-6.23057  0.00050719
-6.01053  2.83524e-05
-5.83014  7.98829e-07
-5.67697  7.79555e-09
-5.55906  0.0433231
-5.44068  0.0272564
-5.33483  0.00696405
-5.2391  0.000914977
-5.15172  6.3935e-05
-5.07129  2.16164e-06
-4.99665  2.46107e-08
-4.87003  0.00614634
-4.80884  0.00314081
-4.75117  0.000618985
-4.69663  5.76697e-05
-4.64486  2.43727e-06
-4.59551  3.32985e-08
-4.46595  0.000472171
-4.42469  0.000186109
-4.38504  2.60092e-05
-4.34688  1.46562e-06
-4.31002  2.50295e-08
-4.17898  2.0984e-05
-4.14785  5.86511e-06
-4.11762  4.95748e-07
-4.09134  0.0225521
-4.0628  0.0141884
-4.03505  0.00362517
-4.00804  0.000476296
-3.98173  3.32817e-05
-3.95614  1.65429e-06
-3.93123  1.02245e-07
-3.90679  3.05465e-09
-3.88556  0.00639902
-3.86227  0.00326992
-3.8395  0.000644432
-3.81723  6.00405e-05
-3.79543  2.53746e-06
-3.77407  4.13898e-08
-3.75331  4.59218e-10
-3.715  0.000737372
-3.69533  0.00029064
-3.67602  4.06176e-05
-3.65707  2.2888e-06
-3.63841  3.90877e-08
-3.56937  4.36932e-05
-3.55233  1.22124e-05
-3.53557  1.03226e-06
-3.51903  2.35049e-08
-3.44229  1.37696e-06
-3.42726  2.32775e-07
-3.41241  7.95056e-09
-3.39942  0.00166552
-3.38504  0.000851087
-3.37086  0.000167731
-3.35687  1.56272e-05
-3.34307  6.60444e-07
-3.32952  3.00196e-08
-3.31609  1.43429e-09
-3.29121  0.000383843
-3.27829  0.000151294
-3.26554  2.11437e-05
-3.25294  1.19145e-06
-3.24046  2.03473e-08
-3.22826  1.07811e-10
-3.1936  3.41171e-05
-3.18188  9.53587e-06
-3.17028  8.0602e-07
-3.15879  1.83533e-08
-3.10469  1.43357e-06
-3.09396  2.42345e-07
-3.08331  8.27741e-09
-3.02244  2.91911e-08
-2.99201  9.2856e-05
-2.9751  3.87556e-06
-2.95051  0.0130724
-2.93947  0.0103257
-2.92256  0.000307219
-2.91075  4.24127e-06
-2.89573  1.37954e-08
-2.87731  0.00560464
-2.86244  0.00040835
-2.8484  2.34326e-06
-2.83777  2.44039e-08
-2.8123  0.000595892
-2.79816  2.48899e-05
-2.78274  2.39529e-08
-2.75134  3.24059e-05
-2.73779  6.12123e-07
-2.70627  1.97149e-06
-2.69395  9.70321e-07
-2.67455  0.00193086
-2.66644  0.00118112
-2.65349  1.91095e-05
-2.6399  2.45842e-08
-2.619  0.000620389
-2.60736  2.59007e-05
-2.59464  2.41571e-08
-2.56858  5.06072e-05
-2.5573  9.55779e-07
-2.52066  1.9429e-06
-2.50959  9.59607e-09
-2.4848  2.36402e-08
-2.47499  3.39582e-08
-2.45736  0.000161473
-2.44747  6.74099e-06
-2.4365  6.44013e-09
-2.41439  2.63438e-05
-2.40474  4.97519e-07
-2.37327  1.51708e-06
-2.36373  7.49292e-09
-2.33383  3.52327e-08
-2.29879  3.96912e-10
-2.28097  4.65554e-06
-2.2604  0.000559615
-2.25493  0.000348023
-2.24187  3.03672e-07
-2.22328  0.00018691
-2.2115  4.25503e-07
-2.18942  1.49382e-05
-2.1777  6.34301e-09
-2.15669  5.65886e-07
-2.13104  7.80351e-08
-2.11375  6.7137e-05
-2.10927  3.03733e-05
-2.09793  3.92067e-09
-2.08211  1.55523e-05
-2.07162  6.48905e-09
-2.05275  8.83724e-07
-2.02423  2.04228e-08
-2.00111  6.44228e-10
-1.98623  0.0151388
-1.97748  0.000191485
-1.95994  0.00362568
-1.95404  0.000265155
-1.93482  0.000276484
-1.9311  0.000125076
-1.92176  1.46556e-08
-1.90846  2.13573e-05
-1.88392  6.03557e-07
-1.87403  0.00201302
-1.86271  2.52008e-05
-1.85059  0.000407164
-1.84407  1.907e-05
-1.82739  3.34349e-05
-1.82025  7.63524e-07
-1.80473  1.28214e-06
-1.79595  9.90081e-09
-1.78257  2.21422e-08
-1.77365  0.000108807
-1.7597  1.56835e-06
-1.75231  1.73626e-05
-1.73255  1.15907e-06
-1.72201  1.06151e-08
-1.71106  2.31838e-08
-1.69272  2.23544e-10
-1.68295  3.01261e-06
-1.67073  0.00117427
-1.65177  0.000232618
-1.64746  9.72938e-06
-1.63284  1.93332e-05
-1.61444  7.3207e-07
-1.59942  5.72258e-08
-1.58912  0.000126148
-1.57172  1.99816e-05
-1.56716  3.98742e-07
-1.55435  1.14337e-06
-1.53762  2.73134e-08
-1.52311  5.20534e-10
-1.51415  5.23883e-06
-1.49809  6.08534e-07
-1.4823  2.15596e-08
-1.46671  2.11717e-10
-1.4452  8.78989e-08
-1.43561  3.51096e-05
-1.4322  1.47322e-06
-1.42065  5.8337e-06
-1.40606  3.31344e-07
-1.39169  7.65733e-09
-1.37231  2.33034e-06
-1.37036  7.08923e-07
-1.35805  3.44973e-07
-1.34448  1.2066e-08
-1.33104  1.16506e-10
-1.31305  0.000353876
-1.30363  7.98379e-05
-1.29866  2.44122e-05
-1.28723  6.25274e-06
-1.27469  2.36764e-07
-1.25732  4.0801e-05
-1.24557  7.0953e-06
-1.23397  4.37269e-07
-1.22368  1.21262e-08
-1.21985  5.68592e-10
-1.2052  1.69439e-06
-1.19441  2.27176e-07
-1.1836  9.07774e-09
-1.16749  0.00927898
-1.15908  0.0034865
-1.14916  0.000461847
-1.13868  2.87397e-05
-1.1279  8.87509e-07
-1.12034  0.00136413
-1.11003  0.000283523
-1.09987  2.27294e-05
-1.08986  8.59879e-07
-1.076  7.33076e-05
-1.06582  1.23182e-05
-1.05434  1.18405e-07
-1.03432  1.55674e-06
-1.02823  0.000791415
-1.01907  0.000163677
-1.01004  1.32195e-05
-1.00056  5.34217e-07
-0.987519  9.82775e-05
-0.973091  1.05508e-06
-0.96326  2.01323e-08
-0.951121  3.52917e-06
-0.938099  5.51422e-06
-0.929623  8.13735e-07
-0.917808  1.16837e-07
-0.909244  2.89706e-05
-0.895202  2.91351e-07
-0.88692  7.87054e-09
-0.876573  2.04559e-06
-0.868852  2.54044e-07
-0.84323  0.000617106
-0.830345  8.69905e-06
-0.813768  4.94583e-05
-0.80915  1.49937e-05
-0.800147  5.71633e-07
-0.784102  2.28266e-06
-0.777546  2.93536e-07
-0.765325  1.17833e-10
-0.751964  3.19068e-05
-0.745434  5.37637e-06
-0.733332  7.42253e-09
-0.72448  2.95056e-06
-0.71321  1.05283e-08
-0.698963  8.37878e-08
-0.689542  4.42908e-08
-0.671217  7.6806e-07
-0.665595  9.26832e-08
-0.647648  4.5387e-08
-0.642356  3.24819e-09
-0.624377  1.20394e-05
-0.612954  6.03966e-09
-0.602836  9.65833e-07
-0.582495  2.53219e-08
-0.578059  2.13026e-09
-0.566077  0.000211134
-0.547545  1.83135e-05
-0.543271  3.52998e-06
-0.528728  7.74714e-07
-0.524343  9.1106e-08
-0.507535  1.24664e-05
-0.491706  9.89999e-07
-0.486836  1.06545e-07
-0.473851  2.82116e-08
-0.467695  1.19565e-07
-0.455312  2.9581e-07
-0.440121  1.64664e-08
-0.425582  6.9395e-06
-0.422098  1.17679e-06
-0.413247  0.0131016
-0.399499  0.00165245
-0.386323  8.50944e-05
-0.376368  3.11045e-06
-0.371347  0.000958369
-0.359051  9.83963e-05
-0.347168  3.91212e-06
-0.333873  2.85748e-05
-0.322759  2.38994e-06
-0.311962  0.000619496
-0.301704  6.43662e-05
-0.291878  4.38943e-06
-0.280661  3.70702e-05
-0.271443  2.93693e-06
-0.262389  1.72316e-07
-0.252149  8.94164e-07
-0.23611  1.19309e-05
-0.22787  1.03228e-06
-0.215085  0.000418006
-0.207807  4.45876e-05
-0.19366  2.48876e-05
-0.186776  2.13518e-06
-0.174168  6.21888e-07
-0.162739  1.72212e-05
-0.148876  8.38938e-07
-0.144582  1.26082e-07
-0.132332  1.327e-08
-0.123507  2.53299e-07
-0.112502  5.86145e-06
-0.101372  2.65383e-07
-0.0833023  0.000206883
-0.0783816  3.53614e-05
-0.0632661  8.92028e-06
-0.05708  4.51344e-07
-0.0435796  6.18779e-06
-0.0331625  1.79739e-07
-0.0170758  2.06001e-06
-0.0113067  1.00772e-07
-0.00344593  1.02276e-08
0.00344593  1.02276e-08
0.0113067  1.00772e-07
0.0170758  2.06001e-06
0.0331625  1.79739e-07
0.0435796  6.18779e-06
0.05708  4.51344e-07
0.0632661  8.92028e-06
0.0783816  3.53614e-05
0.0833023  0.000206883
0.101372  2.65383e-07
0.112502  5.86145e-06
0.123507  2.53299e-07
0.132332  1.327e-08
0.144582  1.26082e-07
0.148876  8.38938e-07
0.162739  1.72212e-05
0.174168  6.21888e-07
0.186776  2.13518e-06
0.19366  2.48876e-05
0.207807  4.45876e-05
0.215085  0.000418006
0.22787  1.03228e-06
0.23611  1.19309e-05
0.252149  8.94164e-07
0.262389  1.72316e-07
0.271443  2.93693e-06
0.280661  3.70702e-05
0.291878  4.38943e-06
0.301704  6.43662e-05
0.311962  0.000619496
0.322759  2.38994e-06
0.333873  2.85748e-05
0.347168  3.91212e-06
0.359051  9.83963e-05
0.371347  0.000958369
0.376368  3.11045e-06
0.386323  8.50944e-05
0.399499  0.00165245
0.413247  0.0131016
0.422098  1.17679e-06
0.425582  6.9395e-06
0.440121  1.64664e-08
0.455312  2.9581e-07
0.467695  1.19565e-07
0.473851  2.82116e-08
0.486836  1.06545e-07
0.491706  9.89999e-07
0.507535  1.24664e-05
0.524343  9.1106e-08
0.528728  7.74714e-07
0.543271  3.52998e-06
0.547545  1.83135e-05
0.566077  0.000211134
0.578059  2.13026e-09
0.582495  2.53219e-08
0.602836  9.65833e-07
0.612954  6.03966e-09
0.624377  1.20394e-05
0.642356  3.24819e-09
0.647648  4.5387e-08
0.665595  9.26832e-08
0.671217  7.6806e-07
0.689542  4.42908e-08
0.698963  8.37878e-08
0.71321  1.05283e-08
0.72448  2.95056e-06
0.733332  7.42253e-09
0.745434  5.37637e-06
0.751964  3.19068e-05
0.765325  1.17833e-10
0.777546  2.93536e-07
0.784102  2.28266e-06
0.800147  5.71633e-07
0.80915  1.49937e-05
0.813768  4.94583e-05
0.830345  8.69905e-06
0.84323  0.000617106
0.868852  2.54044e-07
0.876573  2.04559e-06
0.88692  7.87054e-09
0.895202  2.91351e-07
0.909244  2.89706e-05
0.917808  1.16837e-07
0.929623  8.13735e-07
0.938099  5.51422e-06
0.951121  3.52917e-06
0.96326  2.01323e-08
0.973091  1.05508e-06
0.987519  9.82775e-05
1.00056  5.34217e-07
1.01004  1.32195e-05
1.01907  0.000163677
1.02823  0.000791415
1.03432  1.55674e-06
1.05434  1.18405e-07
1.06582  1.23182e-05
1.076  7.33076e-05
1.08986  8.59879e-07
1.09987  2.27294e-05
1.11003  0.000283523
1.12034  0.00136413
1.1279  8.87509e-07
1.13868  2.87397e-05
1.14916  0.000461847
1.15908  0.0034865
1.16749  0.00927898
1.1836  9.07774e-09
1.19441  2.27176e-07
1.2052  1.69439e-06
1.21985  5.68592e-10
1.22368  1.21262e-08
1.23397  4.37269e-07
1.24557  7.0953e-06
1.25732  4.0801e-05
1.27469  2.36764e-07
1.28723  6.25274e-06
1.29866  2.44122e-05
1.30363  7.98379e-05
1.31305  0.000353876
1.33104  1.16506e-10
1.34448  1.2066e-08
1.35805  3.44973e-07
1.37036  7.08923e-07
1.37231  2.33034e-06
1.39169  7.65733e-09
1.40606  3.31344e-07
1.42065  5.8337e-06
1.4322  1.47322e-06
1.43561  3.51096e-05
1.4452  8.78989e-08
1.46671  2.11717e-10
1.4823  2.15596e-08
1.49809  6.08534e-07
1.51415  5.23883e-06
1.52311  5.20534e-10
1.53762  2.73134e-08
1.55435  1.14337e-06
1.56716  3.98742e-07
1.57172  1.99816e-05
1.58912  0.000126148
1.59942  5.72258e-08
1.61444  7.3207e-07
1.63284  1.93332e-05
1.64746  9.72938e-06
1.65177  0.000232618
1.67073  0.00117427
1.68295  3.01261e-06
1.69272  2.23544e-10
1.71106  2.31838e-08
1.72201  1.06151e-08
1.73255  1.15907e-06
1.75231  1.73626e-05
1.7597  1.56835e-06
1.77365  0.000108807
1.78257  2.21422e-08
1.79595  9.90081e-09
1.80473  1.28214e-06
1.82025  7.63524e-07
1.82739  3.34349e-05
1.84407  1.907e-05
1.85059  0.000407164
1.86271  2.52008e-05
1.87403  0.00201302
1.88392  6.03557e-07
1.90846  2.13573e-05
1.92176  1.46556e-08
1.9311  0.000125076
1.93482  0.000276484
1.95404  0.000265155
1.95994  0.00362568
1.97748  0.000191485
1.98623  0.0151388
2.00111  6.44228e-10
2.02423  2.04228e-08
2.05275  8.83724e-07
2.07162  6.48905e-09
2.08211  1.55523e-05
2.09793  3.92067e-09
2.10927  3.03733e-05
2.11375  6.7137e-05
2.13104  7.80351e-08
2.15669  5.65886e-07
2.1777  6.34301e-09
2.18942  1.49382e-05
2.2115  4.25503e-07
2.22328  0.00018691
2.24187  3.03672e-07
2.25493  0.000348023
2.2604  0.000559615
2.28097  4.65554e-06
2.29879  3.96912e-10
2.33383  3.52327e-08
2.36373  7.49292e-09
2.37327  1.51708e-06
2.40474  4.97519e-07
2.41439  2.63438e-05
2.4365  6.44013e-09
2.44747  6.74099e-06
2.45736  0.000161473
2.47499  3.39582e-08
2.4848  2.36402e-08
2.50959  9.59607e-09
2.52066  1.9429e-06
2.5573  9.55779e-07
2.56858  5.06072e-05
2.59464  2.41571e-08
2.60736  2.59007e-05
2.619  0.000620389
2.6399  2.45842e-08
2.65349  1.91095e-05
2.66644  0.00118112
2.67455  0.00193086
2.69395  9.70321e-07
2.70627  1.97149e-06
2.73779  6.12123e-07
2.75134  3.24059e-05
2.78274  2.39529e-08
2.79816  2.48899e-05
2.8123  0.000595892
2.83777  2.44039e-08
2.8484  2.34326e-06
2.86244  0.00040835
2.87731  0.00560464
2.89573  1.37954e-08
2.91075  4.24127e-06
2.92256  0.000307219
2.93947  0.0103257
2.95051  0.0130724
2.9751  3.87556e-06
2.99201  9.2856e-05
3.02244  2.91911e-08
3.08331  8.27741e-09
3.09396  2.42345e-07
3.10469  1.43357e-06
3.15879  1.83533e-08
3.17028  8.0602e-07
3.18188  9.53587e-06
3.1936  3.41171e-05
3.22826  1.07811e-10
3.24046  2.03473e-08
3.25294  1.19145e-06
3.26554  2.11437e-05
3.27829  0.000151294
3.29121  0.000383843
3.31609  1.43429e-09
3.32952  3.00196e-08
3.34307  6.60444e-07
3.35687  1.56272e-05
3.37086  0.000167731
3.38504  0.000851087
3.39942  0.00166552
3.41241  7.95056e-09
3.42726  2.32775e-07
3.44229  1.37696e-06
3.51903  2.35049e-08
3.53557  1.03226e-06
3.55233  1.22124e-05
3.56937  4.36932e-05
3.63841  3.90877e-08
3.65707  2.2888e-06
3.67602  4.06176e-05
3.69533  0.00029064
3.715  0.000737372
3.75331  4.59218e-10
3.77407  4.13898e-08
3.79543  2.53746e-06
3.81723  6.00405e-05
3.8395  0.000644432
3.86227  0.00326992
3.88556  0.00639902
3.90679  3.05465e-09
3.93123  1.02245e-07
3.95614  1.65429e-06
3.98173  3.32817e-05
4.00804  0.000476296
4.03505  0.00362517
4.0628  0.0141884
4.09134  0.0225521
4.11762  4.95748e-07
4.14785  5.86511e-06
4.17898  2.0984e-05
4.31002  2.50295e-08
4.34688  1.46562e-06
4.38504  2.60092e-05
4.42469  0.000186109
4.46595  0.000472171
4.59551  3.32985e-08
4.64486  2.43727e-06
4.69663  5.76697e-05
4.75117  0.000618985
4.80884  0.00314081
4.87003  0.00614634
4.99665  2.46107e-08
5.07129  2.16164e-06
5.15172  6.3935e-05
5.2391  0.000914977
5.33483  0.00696405
5.44068  0.0272564
5.55906  0.0433231
5.67697  7.79555e-09
5.83014  7.98829e-07
6.01053  2.83524e-05
6.23057  0.00050719
6.51299  0.00514709
6.90792  0.0302175
7.57001  0.0960596
10.2344  0.0198922
10.3886  0.108513
