-7.94817  1.1133e-09
-7.51898  7.51421e-09
-7.21965  2.11321e-08
-7.06012  7.45399e-09
-6.98958  3.16957e-08
-6.86082  4.19255e-08
-6.80267  2.67412e-08
-6.69472  9.43251e-08
-6.64395  1.91472e-08
-6.5973  2.07947e-08
-6.55232  1.06108e-07
-6.50639  4.22722e-08
-6.4673  9.35692e-08
-6.42769  5.9681e-08
-6.38689  9.00296e-08
-6.35227  1.57886e-07
-6.31501  5.31227e-08
-6.2805  1.38901e-07
-6.24911  1.18405e-07
-6.21487  1.78616e-07
-6.18412  1.9898e-07
-6.15561  3.3299e-08
-6.12438  3.01392e-07
-6.09545  2.33817e-07
-6.06815  8.85924e-08
-6.04111  2.89223e-07
-6.01356  2.24453e-07
-5.98953  2.98976e-07
-5.96328  2.89669e-07
-5.95434  6.36703e-09
-5.93857  1.97362e-07
-5.91665  3.36323e-07
-5.89136  4.00544e-07
-5.88389  3.58118e-08
-5.86954  2.54373e-07
-5.84776  2.2092e-07
-5.82418  5.78329e-07
-5.80421  4.12956e-07
-5.78203  3.29476e-07
-5.76195  4.71374e-07
-5.74232  4.22324e-07
-5.72163  6.1743e-07
-5.70318  3.85424e-07
-5.68428  4.05291e-07
-5.66498  7.12597e-07
-5.64729  6.43735e-07
-5.62929  5.22704e-07
-5.61138  4.1474e-07
-5.59421  8.45933e-07
-5.57675  7.31562e-07
-5.56178  4.10249e-07
-5.54388  8.12786e-07
-5.52771  8.03716e-07
-5.51294  8.34235e-07
-5.49557  7.37662e-07
-5.48224  5.97942e-07
-5.46546  9.95352e-07
-5.45007  9.63444e-07
-5.43881  6.76698e-07
-5.42077  8.66427e-07
-5.4072  1.18315e-06
-5.39421  9.32056e-07
-5.37913  8.30327e-07
-5.36641  1.07568e-06
-5.35161  1.01165e-06
-5.33888  1.21676e-06
-5.32713  1.04057e-06
-5.31318  8.60031e-07
-5.29993  1.42412e-06
-5.28782  1.21828e-06
-5.27642  1.01611e-06
-5.26327  1.28575e-06
-5.25  1.3131e-06
-5.23918  1.38504e-06
-5.22874  1.27816e-06
-5.21492  1.25868e-06
-5.20373  1.30907e-06
-5.19327  1.61206e-06
-5.18138  1.48251e-06
-5.17121  1.25706e-06
-5.15823  1.73389e-06
-5.14678  1.86646e-06
-5.13584  1.57717e-06
-5.122  1.68713e-06
-5.11081  1.96337e-06
-5.10015  1.96497e-06
-5.08929  1.67857e-06
-5.08054  1.25653e-06
-5.0688  2.45906e-06
-5.05625  2.57328e-06
-5.04286  1.70247e-06
-5.0319  2.64702e-06
-5.02013  2.66224e-06
-5.00889  2.04142e-06
-4.99988  1.62498e-06
-4.98875  2.6995e-06
-4.97769  2.86776e-06
-4.96642  1.99657e-06
-4.9548  3.60274e-06
-4.94329  2.85063e-06
-4.93151  2.56455e-06
-4.92083  2.64704e-06
-4.9101  3.70666e-06
-4.89747  3.18778e-06
-4.88577  3.35455e-06
-4.87575  3.39841e-06
-4.86483  3.12727e-06
-4.85188  4.45051e-06
-4.84088  3.47402e-06
-4.83035  2.99779e-06
-4.81988  4.34532e-06
-4.80917  3.39971e-06
-4.79798  4.95649e-06
-4.78487  4.62499e-06
-4.77497  4.26289e-06
-4.76192  4.50609e-06
-4.75164  5.11795e-06
-4.74002  4.36605e-06
-4.72959  5.05286e-06
-4.71854  4.73588e-06
-4.70837  4.42686e-06
-4.69772  5.49645e-06
-4.68745  5.61292e-06
-4.67712  4.69733e-06
-4.66692  5.6164e-06
-4.65661  4.61609e-06
-4.6462  7.1795e-06
-4.63436  6.36463e-06
-4.62448  5.195e-06
-4.61349  7.32038e-06
-4.60158  6.99907e-06
-4.59097  7.01989e-06
-4.57979  6.79793e-06
-4.56928  7.1157e-06
-4.55861  7.41221e-06
-4.548  7.73499e-06
-4.53732  7.59785e-06
-4.52618  8.36166e-06
-4.5155  8.03981e-06
-4.5048  8.34851e-06
-4.49375  9.23309e-06
-4.48289  8.46549e-06
-4.47276  9.55003e-06
-4.46229  7.86696e-06
-4.45207  1.0039e-05
-4.44063  1.08423e-05
-4.43008  9.53195e-06
-4.41927  1.00816e-05
-4.40847  1.171e-05
-4.3969  1.16111e-05
-4.38635  1.02998e-05
-4.37592  1.10635e-05
-4.36486  1.41064e-05
-4.35335  1.12464e-05
-4.34362  1.10182e-05
-4.33318  1.2968e-05
-4.32229  1.43623e-05
-4.31106  1.27283e-05
-4.30136  1.26781e-05
-4.29095  1.47135e-05
-4.27928  1.50704e-05
-4.26864  1.48033e-05
-4.25823  1.36405e-05
-4.24798  1.67146e-05
-4.23701  1.56595e-05
-4.22611  1.66636e-05
-4.21553  1.59468e-05
-4.20512  1.7726e-05
-4.19421  1.72633e-05
-4.18302  1.97429e-05
-4.17225  1.75485e-05
-4.16113  2.06596e-05
-4.15018  1.98066e-05
-4.13959  1.92552e-05
-4.1288  1.99079e-05
-4.11814  2.22744e-05
-4.10741  2.02449e-05
-4.09709  2.1067e-05
-4.0869  2.14141e-05
-4.07668  2.12995e-05
-4.06615  2.44675e-05
-4.05512  2.47325e-05
-4.04439  2.40779e-05
-4.03341  2.61586e-05
-4.02271  2.59507e-05
-4.01224  2.50375e-05
-4.0018  2.62955e-05
-3.99146  2.73534e-05
-3.98089  2.71971e-05
-3.97046  2.89687e-05
-3.9597  2.97316e-05
-3.94866  3.13846e-05
-3.93826  2.8929e-05
-3.92792  3.04111e-05
-3.9174  3.31875e-05
-3.90687  3.13383e-05
-3.89617  3.50323e-05
-3.88543  3.31851e-05
-3.87502  3.54488e-05
-3.86474  3.40184e-05
-3.8541  3.78023e-05
-3.84343  3.72414e-05
-3.8329  3.77918e-05
-3.82229  3.89054e-05
-3.81174  4.0205e-05
-3.80078  4.29335e-05
-3.79028  3.91957e-05
-3.77973  4.4298e-05
-3.76906  4.33619e-05
-3.75859  4.29184e-05
-3.74812  4.61226e-05
-3.73751  4.62517e-05
-3.72657  5.00429e-05
-3.71594  4.72651e-05
-3.70543  4.89645e-05
-3.6947  5.20579e-05
-3.68415  5.10456e-05
-3.6736  5.15882e-05
-3.66323  5.31816e-05
-3.65272  5.41075e-05
-3.64232  5.48812e-05
-3.63188  5.74715e-05
-3.62125  5.72121e-05
-3.61099  5.80666e-05
-3.60054  6.05494e-05
-3.5901  6.05353e-05
-3.57971  6.28726e-05
-3.56926  6.3381e-05
-3.55883  6.38297e-05
-3.54857  6.55743e-05
-3.53825  6.64202e-05
-3.5278  6.96328e-05
-3.51739  7.01955e-05
-3.50684  7.25963e-05
-3.49632  7.25172e-05
-3.48613  7.22138e-05
-3.4759  7.58684e-05
-3.46543  7.67955e-05
-3.45519  7.67191e-05
-3.44508  7.76141e-05
-3.43472  8.36239e-05
-3.42401  8.55957e-05
-3.41355  8.25991e-05
-3.40332  8.61837e-05
-3.39313  8.4991e-05
-3.38278  9.1373e-05
-3.37231  9.0753e-05
-3.36213  9.11041e-05
-3.35173  9.6911e-05
-3.34142  9.19512e-05
-3.33116  0.00010072
-3.32056  0.000101774
-3.31002  0.000102106
-3.2996  0.000105054
-3.28918  0.000105704
-3.27911  0.000101385
-3.26901  0.000109929
-3.25856  0.000112225
-3.24831  0.00011078
-3.2381  0.000114836
-3.22787  0.000115308
-3.21758  0.000119148
-3.2073  0.000119811
-3.19686  0.000127197
-3.18654  0.000122548
-3.17635  0.000126288
-3.16616  0.000128361
-3.15598  0.000131352
-3.14559  0.000136592
-3.1352  0.000137624
-3.1249  0.00013667
-3.1147  0.000141385
-3.10435  0.000144377
-3.09406  0.000145568
-3.08379  0.000148855
-3.07338  0.000153074
-3.06305  0.000153926
-3.05274  0.00015562
-3.04251  0.000158732
-3.03222  0.00016137
-3.0221  0.000160481
-3.01193  0.000167018
-3.00161  0.000169016
-2.99133  0.000172844
-2.98091  0.000180333
-2.9705  0.000176412
-2.9604  0.000177218
-2.95019  0.000185408
-2.93985  0.000188176
-2.92963  0.000186824
-2.9194  0.000194066
-2.90908  0.000196227
-2.89884  0.000198958
-2.88857  0.000200829
-2.87833  0.000204904
-2.86807  0.000208184
-2.8579  0.000209432
-2.84763  0.00021732
-2.83725  0.000222874
-2.82695  0.000219689
-2.81679  0.000221594
-2.8066  0.000229649
-2.79618  0.000237654
-2.78593  0.000230038
-2.77588  0.000235382
-2.76569  0.000243437
-2.7555  0.000243298
-2.74531  0.000250133
-2.73516  0.000250347
-2.72499  0.000257349
-2.71474  0.000261776
-2.70452  0.000263936
-2.69418  0.000274109
-2.68384  0.000271752
-2.6736  0.000278572
-2.66343  0.000277092
-2.65328  0.000283898
-2.64308  0.000289133
-2.63284  0.000294767
-2.62263  0.000294758
-2.6125  0.00029907
-2.60195  0.000327703
-2.59135  0.000310031
-2.58115  0.000314328
-2.57093  0.000320912
-2.56071  0.000321579
-2.55051  0.000331411
-2.54031  0.000329063
-2.53017  0.000336954
-2.51996  0.000340946
-2.50977  0.000345192
-2.49958  0.000351159
-2.48941  0.000354239
-2.47931  0.000355426
-2.46915  0.000367762
-2.4589  0.000372596
-2.44868  0.000376166
-2.43846  0.000382714
-2.42828  0.000381339
-2.41818  0.000385504
-2.408  0.000398889
-2.39767  0.000407967
-2.38743  0.000404495
-2.37733  0.000407259
-2.36716  0.000420268
-2.35694  0.000422102
-2.34683  0.000420987
-2.33678  0.000428329
-2.32658  0.000444137
-2.31623  0.000450262
-2.30601  0.000446635
-2.29589  0.000455088
-2.28569  0.000464904
-2.27543  0.000472778
-2.26522  0.000470742
-2.25499  0.000486056
-2.24477  0.000479991
-2.2346  0.000495898
-2.22431  0.000502676
-2.21415  0.00049676
-2.20403  0.00051127
-2.19389  0.000511899
-2.18373  0.000524942
-2.17352  0.000528681
-2.16328  0.000540423
-2.15307  0.000535195
-2.14295  0.00054896
-2.13282  0.000551072
-2.12262  0.000566846
-2.11246  0.00055993
-2.10237  0.000574238
-2.09214  0.000585115
-2.08186  0.00059564
-2.07166  0.000587089
-2.06158  0.000598414
-2.05142  0.000609663
-2.04134  0.000606349
-2.03123  0.000627563
-2.02101  0.000629325
-2.01085  0.000632426
-2.00074  0.00064033
-1.9906  0.000648553
-1.98048  0.00065593
-1.97031  0.000669774
-1.96008  0.000678286
-1.9499  0.000680044
-1.93981  0.000681676
-1.92969  0.000694134
-1.91959  0.000692858
-1.90951  0.000706665
-1.89937  0.000721335
-1.88923  0.000722974
-1.87913  0.000733475
-1.86894  0.000747168
-1.85878  0.000747759
-1.84858  0.000765329
-1.83841  0.000758206
-1.82829  0.000774021
-1.8181  0.00078871
-1.8075  0.00085834
-1.79695  0.000800313
-1.78675  0.000817538
-1.77656  0.000813206
-1.76643  0.00082314
-1.7563  0.000828732
-1.74619  0.000839395
-1.73605  0.000853413
-1.72588  0.000865372
-1.71575  0.000865536
-1.70564  0.000877283
-1.69551  0.00088287
-1.68537  0.00089529
-1.67531  0.000888681
-1.66527  0.000913554
-1.65512  0.000927583
-1.64494  0.000935396
-1.63477  0.000948054
-1.62466  0.000936764
-1.61463  0.000948662
-1.60447  0.000978816
-1.59427  0.000986245
-1.58412  0.000987288
-1.57399  0.00100254
-1.5639  0.000995778
-1.55379  0.00102233
-1.54363  0.00102455
-1.53353  0.00103133
-1.52345  0.00104007
-1.51333  0.0010699
-1.50318  0.00106517
-1.49307  0.00107783
-1.48294  0.00108357
-1.47282  0.00109262
-1.46268  0.0011162
-1.45249  0.00112783
-1.44238  0.00112179
-1.43233  0.001138
-1.4222  0.00115797
-1.41206  0.00115279
-1.40194  0.00117345
-1.3918  0.00118227
-1.38172  0.00118926
-1.37167  0.00120191
-1.3616  0.00121236
-1.35153  0.00122579
-1.34142  0.00123184
-1.33133  0.00124006
-1.32127  0.00125437
-1.31118  0.0012777
-1.30111  0.00128012
-1.291  0.00130444
-1.28084  0.00131564
-1.27075  0.00130144
-1.26068  0.00132773
-1.25058  0.00133766
-1.24054  0.00135119
-1.23046  0.00137458
-1.22036  0.00138423
-1.21026  0.00138845
-1.20013  0.00140967
-1.19002  0.00140237
-1.17999  0.00142096
-1.1699  0.00145421
-1.15977  0.00146637
-1.1497  0.00146409
-1.13966  0.00147028
-1.12961  0.00148282
-1.11946  0.00152148
-1.1093  0.00152679
-1.09919  0.00154144
-1.08908  0.00156531
-1.07896  0.001572
-1.06884  0.00157737
-1.05873  0.00158587
-1.0486  0.00161678
-1.0385  0.00162157
-1.02842  0.00164171
-1.01834  0.00165057
-1.00826  0.00166499
-0.998151  0.00166497
-0.988036  0.00169388
-0.977927  0.00171278
-0.967845  0.00173556
-0.957717  0.00175975
-0.947594  0.00176843
-0.937517  0.00176011
-0.92743  0.00178317
-0.917382  0.00178994
-0.907328  0.00183581
-0.897291  0.00182359
-0.88727  0.00185869
-0.877152  0.00188038
-0.867048  0.00186322
-0.857026  0.0018963
-0.846943  0.00194717
-0.836833  0.00194844
-0.826758  0.0019649
-0.816683  0.00197268
-0.806593  0.00197578
-0.796491  0.00199995
-0.786427  0.00204309
-0.776345  0.00206919
-0.766252  0.00209617
-0.75616  0.00209924
-0.746084  0.00210687
-0.735964  0.0021188
-0.725828  0.00215185
-0.715276  0.00238287
-0.704745  0.00222544
-0.694673  0.002235
-0.684602  0.00225387
-0.674498  0.00225536
-0.664411  0.00226919
-0.654328  0.00231901
-0.643794  0.0025707
-0.633245  0.00239032
-0.62315  0.00239268
-0.613015  0.00241223
-0.602874  0.00242197
-0.592797  0.00246115
-0.58275  0.00251297
-0.572664  0.00255234
-0.562605  0.00252495
-0.552542  0.00256628
-0.542445  0.00254914
-0.53188  0.00285422
-0.521332  0.00271719
-0.511245  0.00273052
-0.501162  0.00275947
-0.491087  0.00276459
-0.481032  0.00274678
-0.470937  0.00279444
-0.460913  0.00286409
-0.450867  0.00294114
-0.440772  0.00298379
-0.430696  0.00295005
-0.420646  0.00297624
-0.410497  0.00299799
-0.400374  0.00305942
-0.390366  0.00319787
-0.380312  0.00323206
-0.370272  0.00326908
-0.360184  0.00327173
-0.350114  0.00325537
-0.340012  0.00330843
-0.329983  0.00346146
-0.319968  0.00353689
-0.309907  0.00358202
-0.29983  0.0035742
-0.289773  0.00355346
-0.279663  0.00364075
-0.26964  0.00385143
-0.259612  0.00395412
-0.24957  0.00395629
-0.239516  0.00397993
-0.229441  0.00395581
-0.21935  0.00394264
-0.209254  0.0043306
-0.199243  0.00457071
-0.188731  0.0050498
-0.178155  0.00469498
-0.168038  0.00460101
-0.157974  0.00459268
-0.147767  0.00493522
-0.13781  0.00542429
-0.127788  0.00546964
-0.117721  0.00553361
-0.10764  0.00545778
-0.0976007  0.00543165
-0.0873262  0.00630275
-0.077494  0.00706257
-0.0674565  0.00716466
-0.0574029  0.00713947
-0.0473526  0.00717039
-0.0372925  0.00720257
-0.0267656  0.0110751
-0.0171906  0.013159
-0.00703575  0.0148689
-0.00108386  0.0042176
0.00108386  0.0042176
0.00703575  0.0148689
0.0171906  0.013159
0.0267656  0.0110751
0.0372925  0.00720257
0.0473526  0.00717039
0.0574029  0.00713947
0.0674565  0.00716466
0.077494  0.00706257
0.0873262  0.00630275
0.0976007  0.00543165
0.10764  0.00545778
0.117721  0.00553361
0.127788  0.00546964
0.13781  0.00542429
0.147767  0.00493522
0.157974  0.00459268
0.168038  0.00460101
0.178155  0.00469498
0.188731  0.0050498
0.199243  0.00457071
0.209254  0.0043306
0.21935  0.00394264
0.229441  0.00395581
0.239516  0.00397993
0.24957  0.00395629
0.259612  0.00395412
0.26964  0.00385143
0.279663  0.00364075
0.289773  0.00355346
0.29983  0.0035742
0.309907  0.00358202
0.319968  0.00353689
0.329983  0.00346146
0.340012  0.00330843
0.350114  0.00325537
0.360184  0.00327173
0.370272  0.00326908
0.380312  0.00323206
0.390366  0.00319787
0.400374  0.00305942
0.410497  0.00299799
0.420646  0.00297624
0.430696  0.00295005
0.440772  0.00298379
0.450867  0.00294114
0.460913  0.00286409
0.470937  0.00279444
0.481032  0.00274678
0.491087  0.00276459
0.501162  0.00275947
0.511245  0.00273052
0.521332  0.00271719
0.53188  0.00285422
0.542445  0.00254914
0.552542  0.00256628
0.562605  0.00252495
0.572664  0.00255234
0.58275  0.00251297
0.592797  0.00246115
0.602874  0.00242197
0.613015  0.00241223
0.62315  0.00239268
0.633245  0.00239032
0.643794  0.0025707
0.654328  0.00231901
0.664411  0.00226919
0.674498  0.00225536
0.684602  0.00225387
0.694673  0.002235
0.704745  0.00222544
0.715276  0.00238287
0.725828  0.00215185
0.735964  0.0021188
0.746084  0.00210687
0.75616  0.00209924
0.766252  0.00209617
0.776345  0.00206919
0.786427  0.00204309
0.796491  0.00199995
0.806593  0.00197578
0.816683  0.00197268
0.826758  0.0019649
0.836833  0.00194844
0.846943  0.00194717
0.857026  0.0018963
0.867048  0.00186322
0.877152  0.00188038
0.88727  0.00185869
0.897291  0.00182359
0.907328  0.00183581
0.917382  0.00178994
0.92743  0.00178317
0.937517  0.00176011
0.947594  0.00176843
0.957717  0.00175975
0.967845  0.00173556
0.977927  0.00171278
0.988036  0.00169388
0.998151  0.00166497
1.00826  0.00166499
1.01834  0.00165057
1.02842  0.00164171
1.0385  0.00162157
1.0486  0.00161678
1.05873  0.00158587
1.06884  0.00157737
1.07896  0.001572
1.08908  0.00156531
1.09919  0.00154144
1.1093  0.00152679
1.11946  0.00152148
1.12961  0.00148282
1.13966  0.00147028
1.1497  0.00146409
1.15977  0.00146637
1.1699  0.00145421
1.17999  0.00142096
1.19002  0.00140237
1.20013  0.00140967
1.21026  0.00138845
1.22036  0.00138423
1.23046  0.00137458
1.24054  0.00135119
1.25058  0.00133766
1.26068  0.00132773
1.27075  0.00130144
1.28084  0.00131564
1.291  0.00130444
1.30111  0.00128012
1.31118  0.0012777
1.32127  0.00125437
1.33133  0.00124006
1.34142  0.00123184
1.35153  0.00122579
1.3616  0.00121236
1.37167  0.00120191
1.38172  0.00118926
1.3918  0.00118227
1.40194  0.00117345
1.41206  0.00115279
1.4222  0.00115797
1.43233  0.001138
1.44238  0.00112179
1.45249  0.00112783
1.46268  0.0011162
1.47282  0.00109262
1.48294  0.00108357
1.49307  0.00107783
1.50318  0.00106517
1.51333  0.0010699
1.52345  0.00104007
1.53353  0.00103133
1.54363  0.00102455
1.55379  0.00102233
1.5639  0.000995778
1.57399  0.00100254
1.58412  0.000987288
1.59427  0.000986245
1.60447  0.000978816
1.61463  0.000948662
1.62466  0.000936764
1.63477  0.000948054
1.64494  0.000935396
1.65512  0.000927583
1.66527  0.000913554
1.67531  0.000888681
1.68537  0.00089529
1.69551  0.00088287
1.70564  0.000877283
1.71575  0.000865536
1.72588  0.000865372
1.73605  0.000853413
1.74619  0.000839395
1.7563  0.000828732
1.76643  0.00082314
1.77656  0.000813206
1.78675  0.000817538
1.79695  0.000800313
1.8075  0.00085834
1.8181  0.00078871
1.82829  0.000774021
1.83841  0.000758206
1.84858  0.000765329
1.85878  0.000747759
1.86894  0.000747168
1.87913  0.000733475
1.88923  0.000722974
1.89937  0.000721335
1.90951  0.000706665
1.91959  0.000692858
1.92969  0.000694134
1.93981  0.000681676
1.9499  0.000680044
1.96008  0.000678286
1.97031  0.000669774
1.98048  0.00065593
1.9906  0.000648553
2.00074  0.00064033
2.01085  0.000632426
2.02101  0.000629325
2.03123  0.000627563
2.04134  0.000606349
2.05142  0.000609663
2.06158  0.000598414
2.07166  0.000587089
2.08186  0.00059564
2.09214  0.000585115
2.10237  0.000574238
2.11246  0.00055993
2.12262  0.000566846
2.13282  0.000551072
2.14295  0.00054896
2.15307  0.000535195
2.16328  0.000540423
2.17352  0.000528681
2.18373  0.000524942
2.19389  0.000511899
2.20403  0.00051127
2.21415  0.00049676
2.22431  0.000502676
2.2346  0.000495898
2.24477  0.000479991
2.25499  0.000486056
2.26522  0.000470742
2.27543  0.000472778
2.28569  0.000464904
2.29589  0.000455088
2.30601  0.000446635
2.31623  0.000450262
2.32658  0.000444137
2.33678  0.000428329
2.34683  0.000420987
2.35694  0.000422102
2.36716  0.000420268
2.37733  0.000407259
2.38743  0.000404495
2.39767  0.000407967
2.408  0.000398889
2.41818  0.000385504
2.42828  0.000381339
2.43846  0.000382714
2.44868  0.000376166
2.4589  0.000372596
2.46915  0.000367762
2.47931  0.000355426
2.48941  0.000354239
2.49958  0.000351159
2.50977  0.000345192
2.51996  0.000340946
2.53017  0.000336954
2.54031  0.000329063
2.55051  0.000331411
2.56071  0.000321579
2.57093  0.000320912
2.58115  0.000314328
2.59135  0.000310031
2.60195  0.000327703
2.6125  0.00029907
2.62263  0.000294758
2.63284  0.000294767
2.64308  0.000289133
2.65328  0.000283898
2.66343  0.000277092
2.6736  0.000278572
2.68384  0.000271752
2.69418  0.000274109
2.70452  0.000263936
2.71474  0.000261776
2.72499  0.000257349
2.73516  0.000250347
2.74531  0.000250133
2.7555  0.000243298
2.76569  0.000243437
2.77588  0.000235382
2.78593  0.000230038
2.79618  0.000237654
2.8066  0.000229649
2.81679  0.000221594
2.82695  0.000219689
2.83725  0.000222874
2.84763  0.00021732
2.8579  0.000209432
2.86807  0.000208184
2.87833  0.000204904
2.88857  0.000200829
2.89884  0.000198958
2.90908  0.000196227
2.9194  0.000194066
2.92963  0.000186824
2.93985  0.000188176
2.95019  0.000185408
2.9604  0.000177218
2.9705  0.000176412
2.98091  0.000180333
2.99133  0.000172844
3.00161  0.000169016
3.01193  0.000167018
3.0221  0.000160481
3.03222  0.00016137
3.04251  0.000158732
3.05274  0.00015562
3.06305  0.000153926
3.07338  0.000153074
3.08379  0.000148855
3.09406  0.000145568
3.10435  0.000144377
3.1147  0.000141385
3.1249  0.00013667
3.1352  0.000137624
3.14559  0.000136592
3.15598  0.000131352
3.16616  0.000128361
3.17635  0.000126288
3.18654  0.000122548
3.19686  0.000127197
3.2073  0.000119811
3.21758  0.000119148
3.22787  0.000115308
3.2381  0.000114836
3.24831  0.00011078
3.25856  0.000112225
3.26901  0.000109929
3.27911  0.000101385
3.28918  0.000105704
3.2996  0.000105054
3.31002  0.000102106
3.32056  0.000101774
3.33116  0.00010072
3.34142  9.19512e-05
3.35173  9.6911e-05
3.36213  9.11041e-05
3.37231  9.0753e-05
3.38278  9.1373e-05
3.39313  8.4991e-05
3.40332  8.61837e-05
3.41355  8.25991e-05
3.42401  8.55957e-05
3.43472  8.36239e-05
3.44508  7.76141e-05
3.45519  7.67191e-05
3.46543  7.67955e-05
3.4759  7.58684e-05
3.48613  7.22138e-05
3.49632  7.25172e-05
3.50684  7.25963e-05
3.51739  7.01955e-05
3.5278  6.96328e-05
3.53825  6.64202e-05
3.54857  6.55743e-05
3.55883  6.38297e-05
3.56926  6.3381e-05
3.57971  6.28726e-05
3.5901  6.05353e-05
3.60054  6.05494e-05
3.61099  5.80666e-05
3.62125  5.72121e-05
3.63188  5.74715e-05
3.64232  5.48812e-05
3.65272  5.41075e-05
3.66323  5.31816e-05
3.6736  5.15882e-05
3.68415  5.10456e-05
3.6947  5.20579e-05
3.70543  4.89645e-05
3.71594  4.72651e-05
3.72657  5.00429e-05
3.73751  4.62517e-05
3.74812  4.61226e-05
3.75859  4.29184e-05
3.76906  4.33619e-05
3.77973  4.4298e-05
3.79028  3.91957e-05
3.80078  4.29335e-05
3.81174  4.0205e-05
3.82229  3.89054e-05
3.8329  3.77918e-05
3.84343  3.72414e-05
3.8541  3.78023e-05
3.86474  3.40184e-05
3.87502  3.54488e-05
3.88543  3.31851e-05
3.89617  3.50323e-05
3.90687  3.13383e-05
3.9174  3.31875e-05
3.92792  3.04111e-05
3.93826  2.8929e-05
3.94866  3.13846e-05
3.9597  2.97316e-05
3.97046  2.89687e-05
3.98089  2.71971e-05
3.99146  2.73534e-05
4.0018  2.62955e-05
4.01224  2.50375e-05
4.02271  2.59507e-05
4.03341  2.61586e-05
4.04439  2.40779e-05
4.05512  2.47325e-05
4.06615  2.44675e-05
4.07668  2.12995e-05
4.0869  2.14141e-05
4.09709  2.1067e-05
4.10741  2.02449e-05
4.11814  2.22744e-05
4.1288  1.99079e-05
4.13959  1.92552e-05
4.15018  1.98066e-05
4.16113  2.06596e-05
4.17225  1.75485e-05
4.18302  1.97429e-05
4.19421  1.72633e-05
4.20512  1.7726e-05
4.21553  1.59468e-05
4.22611  1.66636e-05
4.23701  1.56595e-05
4.24798  1.67146e-05
4.25823  1.36405e-05
4.26864  1.48033e-05
4.27928  1.50704e-05
4.29095  1.47135e-05
4.30136  1.26781e-05
4.31106  1.27283e-05
4.32229  1.43623e-05
4.33318  1.2968e-05
4.34362  1.10182e-05
4.35335  1.12464e-05
4.36486  1.41064e-05
4.37592  1.10635e-05
4.38635  1.02998e-05
4.3969  1.16111e-05
4.40847  1.171e-05
4.41927  1.00816e-05
4.43008  9.53195e-06
4.44063  1.08423e-05
4.45207  1.0039e-05
4.46229  7.86696e-06
4.47276  9.55003e-06
4.48289  8.46549e-06
4.49375  9.23309e-06
4.5048  8.34851e-06
4.5155  8.03981e-06
4.52618  8.36166e-06
4.53732  7.59785e-06
4.548  7.73499e-06
4.55861  7.41221e-06
4.56928  7.1157e-06
4.57979  6.79793e-06
4.59097  7.01989e-06
4.60158  6.99907e-06
4.61349  7.32038e-06
4.62448  5.195e-06
4.63436  6.36463e-06
4.6462  7.1795e-06
4.65661  4.61609e-06
4.66692  5.6164e-06
4.67712  4.69733e-06
4.68745  5.61292e-06
4.69772  5.49645e-06
4.70837  4.42686e-06
4.71854  4.73588e-06
4.72959  5.05286e-06
4.74002  4.36605e-06
4.75164  5.11795e-06
4.76192  4.50609e-06
4.77497  4.26289e-06
4.78487  4.62499e-06
4.79798  4.95649e-06
4.80917  3.39971e-06
4.81988  4.34532e-06
4.83035  2.99779e-06
4.84088  3.47402e-06
4.85188  4.45051e-06
4.86483  3.12727e-06
4.87575  3.39841e-06
4.88577  3.35455e-06
4.89747  3.18778e-06
4.9101  3.70666e-06
4.92083  2.64704e-06
4.93151  2.56455e-06
4.94329  2.85063e-06
4.9548  3.60274e-06
4.96642  1.99657e-06
4.97769  2.86776e-06
4.98875  2.6995e-06
4.99988  1.62498e-06
5.00889  2.04142e-06
5.02013  2.66224e-06
5.0319  2.64702e-06
5.04286  1.70247e-06
5.05625  2.57328e-06
5.0688  2.45906e-06
5.08054  1.25653e-06
5.08929  1.67857e-06
5.10015  1.96497e-06
5.11081  1.96337e-06
5.122  1.68713e-06
5.13584  1.57717e-06
5.14678  1.86646e-06
5.15823  1.73389e-06
5.17121  1.25706e-06
5.18138  1.48251e-06
5.19327  1.61206e-06
5.20373  1.30907e-06
5.21492  1.25868e-06
5.22874  1.27816e-06
5.23918  1.38504e-06
5.25  1.3131e-06
5.26327  1.28575e-06
5.27642  1.01611e-06
5.28782  1.21828e-06
5.29993  1.42412e-06
5.31318  8.60031e-07
5.32713  1.04057e-06
5.33888  1.21676e-06
5.35161  1.01165e-06
5.36641  1.07568e-06
5.37913  8.30327e-07
5.39421  9.32056e-07
5.4072  1.18315e-06
5.42077  8.66427e-07
5.43881  6.76698e-07
5.45007  9.63444e-07
5.46546  9.95352e-07
5.48224  5.97942e-07
5.49557  7.37662e-07
5.51294  8.34235e-07
5.52771  8.03716e-07
5.54388  8.12786e-07
5.56178  4.10249e-07
5.57675  7.31562e-07
5.59421  8.45933e-07
5.61138  4.1474e-07
5.62929  5.22704e-07
5.64729  6.43735e-07
5.66498  7.12597e-07
5.68428  4.05291e-07
5.70318  3.85424e-07
5.72163  6.1743e-07
5.74232  4.22324e-07
5.76195  4.71374e-07
5.78203  3.29476e-07
5.80421  4.12956e-07
5.82418  5.78329e-07
5.84776  2.2092e-07
5.86954  2.54373e-07
5.88389  3.58118e-08
5.89136  4.00544e-07
5.91665  3.36323e-07
5.93857  1.97362e-07
5.95434  6.36703e-09
5.96328  2.89669e-07
5.98953  2.98976e-07
6.01356  2.24453e-07
6.04111  2.89223e-07
6.06815  8.85924e-08
6.09545  2.33817e-07
6.12438  3.01392e-07
6.15561  3.3299e-08
6.18412  1.9898e-07
6.21487  1.78616e-07
6.24911  1.18405e-07
6.2805  1.38901e-07
6.31501  5.31227e-08
6.35227  1.57886e-07
6.38689  9.00296e-08
6.42769  5.9681e-08
6.4673  9.35692e-08
6.50639  4.22722e-08
6.55232  1.06108e-07
6.5973  2.07947e-08
6.64395  1.91472e-08
6.69472  9.43251e-08
6.80267  2.67412e-08
6.86082  4.19255e-08
6.98958  3.16957e-08
7.06012  7.45399e-09
7.21965  2.11321e-08
7.51898  7.51421e-09
7.94817  1.1133e-09
