-7.91446  9.78711e-10
-7.48978  6.62693e-09
-7.19262  1.86964e-08
-7.03838  6.53578e-09
-6.96384  2.81322e-08
-6.83926  3.68785e-08
-6.77778  2.38107e-08
-6.67328  8.32358e-08
-6.6224  1.70876e-08
-6.57868  1.81857e-08
-6.53097  9.39327e-08
-6.48864  3.77917e-08
-6.44842  8.20909e-08
-6.40642  5.30021e-08
-6.36911  8.07341e-08
-6.33318  1.38961e-07
-6.29776  4.72409e-08
-6.26274  1.24055e-07
-6.22987  1.04546e-07
-6.19851  1.59247e-07
-6.1667  1.76397e-07
-6.13623  2.94954e-08
-6.10764  2.69569e-07
-6.07849  2.07704e-07
-6.05281  7.85285e-08
-6.02439  2.58494e-07
-5.99741  2.01652e-07
-5.97379  2.65861e-07
-5.94711  2.63451e-07
-5.92294  1.79054e-07
-5.90055  3.00028e-07
-5.87537  3.90444e-07
-5.85438  2.28826e-07
-5.83208  1.96701e-07
-5.80903  5.212e-07
-5.78929  3.70197e-07
-5.76711  2.92976e-07
-5.74675  4.2684e-07
-5.72754  3.81693e-07
-5.70681  5.52576e-07
-5.68859  3.47589e-07
-5.66987  3.67392e-07
-5.65018  6.41205e-07
-5.63317  5.80908e-07
-5.61491  4.70615e-07
-5.59634  3.74791e-07
-5.58008  7.6838e-07
-5.56252  6.58729e-07
-5.54749  3.69568e-07
-5.5298  7.39847e-07
-5.51355  7.28446e-07
-5.49889  7.53646e-07
-5.48157  6.68951e-07
-5.46793  5.45862e-07
-5.45149  9.03816e-07
-5.43633  8.73579e-07
-5.4246  6.15056e-07
-5.40685  7.88633e-07
-5.39352  1.07952e-06
-5.38033  8.46804e-07
-5.36524  7.53895e-07
-5.35246  9.84686e-07
-5.33801  9.23532e-07
-5.32511  1.12176e-06
-5.31305  9.36827e-07
-5.29959  7.87117e-07
-5.28619  1.30146e-06
-5.27426  1.11373e-06
-5.26268  9.2788e-07
-5.24927  1.17555e-06
-5.23672  1.20701e-06
-5.22515  1.32837e-06
-5.21393  1.18599e-06
-5.20118  1.08106e-06
-5.18923  1.40849e-06
-5.1788  1.29159e-06
-5.16761  1.33779e-06
-5.15608  1.38567e-06
-5.14376  1.42374e-06
-5.1338  1.40687e-06
-5.12457  1.31969e-06
-5.1116  1.45938e-06
-5.10105  1.54338e-06
-5.09183  1.54931e-06
-5.08126  1.75414e-06
-5.07055  1.67819e-06
-5.05765  1.83542e-06
-5.04684  2.19649e-06
-5.03635  1.62957e-06
-5.02467  1.45414e-06
-5.01453  2.66446e-06
-5.00352  1.96974e-06
-4.9927  2.10714e-06
-4.981  1.96965e-06
-4.97041  2.54107e-06
-4.96062  2.10516e-06
-4.94833  2.45866e-06
-4.93726  2.97081e-06
-4.92598  2.70993e-06
-4.91396  2.36847e-06
-4.90328  2.76465e-06
-4.89218  3.32805e-06
-4.88122  2.10272e-06
-4.87043  3.75845e-06
-4.85813  3.56208e-06
-4.84627  2.95879e-06
-4.83423  3.93631e-06
-4.82336  3.54527e-06
-4.81002  3.88117e-06
-4.79874  4.11778e-06
-4.78717  3.44465e-06
-4.77705  3.5491e-06
-4.76717  4.21218e-06
-4.75704  3.12758e-06
-4.74486  5.3563e-06
-4.73397  3.79437e-06
-4.72277  4.88536e-06
-4.71211  4.00488e-06
-4.70211  4.40922e-06
-4.69188  3.91297e-06
-4.68157  5.6895e-06
-4.67125  4.57955e-06
-4.66012  5.56791e-06
-4.64938  5.04052e-06
-4.6377  5.63818e-06
-4.6277  5.65592e-06
-4.61721  5.68437e-06
-4.60601  6.0029e-06
-4.59566  5.74358e-06
-4.58541  5.39122e-06
-4.5753  7.58451e-06
-4.56271  7.05024e-06
-4.55191  6.20617e-06
-4.54204  6.93448e-06
-4.53166  6.9e-06
-4.52093  7.50755e-06
-4.50936  8.31267e-06
-4.49939  6.26645e-06
-4.48917  8.19341e-06
-4.47879  7.57277e-06
-4.46853  8.37391e-06
-4.45762  9.60509e-06
-4.44598  8.41446e-06
-4.43611  8.27539e-06
-4.42558  1.00343e-05
-4.4147  9.44898e-06
-4.40389  9.21802e-06
-4.39391  1.00565e-05
-4.38277  1.10286e-05
-4.37161  1.07598e-05
-4.36084  1.00387e-05
-4.35038  1.25824e-05
-4.33902  1.10946e-05
-4.32917  1.02163e-05
-4.31892  1.2018e-05
-4.30867  1.21099e-05
-4.29797  1.24128e-05
-4.28739  1.3642e-05
-4.27665  1.30606e-05
-4.26564  1.35038e-05
-4.25464  1.56263e-05
-4.24329  1.36475e-05
-4.23321  1.49764e-05
-4.22264  1.44293e-05
-4.21223  1.47253e-05
-4.20196  1.53434e-05
-4.19135  1.71088e-05
-4.18036  1.62255e-05
-4.16972  1.72654e-05
-4.15886  1.80287e-05
-4.14829  1.66552e-05
-4.13764  2.00137e-05
-4.12685  1.81429e-05
-4.11617  1.86333e-05
-4.10565  2.04537e-05
-4.09497  1.96734e-05
-4.08421  2.12752e-05
-4.07384  1.98603e-05
-4.06357  2.08235e-05
-4.05332  2.12047e-05
-4.04297  2.27432e-05
-4.03235  2.31467e-05
-4.02139  2.40416e-05
-4.01104  2.38031e-05
-4.00059  2.4727e-05
-3.98993  2.45031e-05
-3.9796  2.62726e-05
-3.9686  2.82688e-05
-3.95774  2.68489e-05
-3.94692  2.94932e-05
-3.93572  2.90531e-05
-3.92528  2.92408e-05
-3.91473  2.82741e-05
-3.90435  3.14422e-05
-3.89349  3.20475e-05
-3.88264  3.21732e-05
-3.8717  3.41472e-05
-3.86072  3.48201e-05
-3.85036  3.23039e-05
-3.83994  3.50292e-05
-3.82947  3.52268e-05
-3.81942  3.36976e-05
-3.80919  3.66359e-05
-3.79861  3.93162e-05
-3.78794  3.79886e-05
-3.77769  3.89612e-05
-3.76695  4.13808e-05
-3.75659  4.0924e-05
-3.74567  4.45452e-05
-3.73491  4.30946e-05
-3.72425  4.57737e-05
-3.71369  4.34395e-05
-3.70311  4.87075e-05
-3.69257  4.46884e-05
-3.68195  5.03116e-05
-3.6714  4.86795e-05
-3.66121  4.68487e-05
-3.65072  5.3723e-05
-3.64003  5.15368e-05
-3.62968  5.23001e-05
-3.61908  5.68253e-05
-3.60865  5.15497e-05
-3.59832  5.98045e-05
-3.58749  5.76e-05
-3.57729  5.74109e-05
-3.56673  6.11523e-05
-3.55633  6.08043e-05
-3.54574  6.32881e-05
-3.53527  6.34412e-05
-3.52478  6.6084e-05
-3.51398  6.8993e-05
-3.50359  6.60278e-05
-3.493  7.16416e-05
-3.48242  6.93487e-05
-3.47229  6.97211e-05
-3.46192  7.4494e-05
-3.45142  7.35197e-05
-3.44113  7.59257e-05
-3.43074  7.67933e-05
-3.42047  7.80796e-05
-3.40997  8.20848e-05
-3.39948  8.09354e-05
-3.3892  8.29726e-05
-3.37907  8.21809e-05
-3.36873  8.75552e-05
-3.35807  9.213e-05
-3.34785  8.4897e-05
-3.33754  9.51262e-05
-3.32706  9.11173e-05
-3.31675  9.65162e-05
-3.30638  9.54747e-05
-3.29604  9.81893e-05
-3.28565  0.000101973
-3.27539  9.92775e-05
-3.26538  0.000100711
-3.25507  0.000107333
-3.24477  0.000105152
-3.23464  0.00010888
-3.22449  0.000108622
-3.21421  0.000115601
-3.20383  0.000113872
-3.19366  0.000115969
-3.18336  0.000120464
-3.17314  0.000118867
-3.16296  0.000123576
-3.15268  0.000125363
-3.1423  0.000131164
-3.13202  0.000127078
-3.122  0.000129468
-3.11173  0.000136816
-3.10144  0.000135894
-3.0912  0.000138151
-3.08094  0.000143255
-3.07057  0.000145527
-3.06019  0.000147653
-3.04987  0.000150009
-3.0396  0.000150827
-3.0293  0.000156466
-3.01901  0.000155095
-3.00884  0.000160235
-2.99847  0.000164281
-2.98823  0.000161527
-2.97806  0.000167098
-2.9678  0.000172174
-2.95747  0.000172932
-2.94724  0.000175289
-2.93708  0.000177054
-2.92688  0.000181807
-2.91663  0.000185228
-2.90639  0.000186485
-2.89617  0.000191044
-2.8859  0.000194737
-2.87564  0.000195813
-2.86536  0.000202157
-2.85511  0.000199984
-2.84487  0.000210197
-2.83455  0.000208878
-2.82437  0.000212653
-2.81411  0.000218287
-2.80384  0.000217831
-2.79367  0.000222434
-2.7833  0.000232889
-2.77299  0.000226021
-2.76277  0.000237561
-2.75254  0.000232538
-2.74229  0.000245726
-2.73203  0.00024192
-2.72175  0.000253546
-2.71145  0.000250506
-2.70125  0.000255898
-2.69102  0.000261066
-2.68072  0.0002637
-2.67051  0.000266449
-2.66023  0.000274859
-2.64994  0.000275598
-2.63978  0.000277418
-2.62964  0.000281395
-2.61951  0.000285154
-2.60936  0.000289781
-2.59916  0.000296825
-2.58893  0.000299636
-2.57877  0.000301187
-2.56853  0.000313337
-2.55818  0.000317322
-2.54794  0.000315267
-2.53781  0.000321241
-2.5275  0.000335286
-2.51718  0.000329465
-2.507  0.000335154
-2.49673  0.000344579
-2.48655  0.000339578
-2.47643  0.000350277
-2.4662  0.000358338
-2.45596  0.000358171
-2.44582  0.00036231
-2.4357  0.000368666
-2.42552  0.000373459
-2.4153  0.000382239
-2.40505  0.000384525
-2.39488  0.000387484
-2.38465  0.000400011
-2.37446  0.000396385
-2.3643  0.000408102
-2.35412  0.00040924
-2.34398  0.000413808
-2.33381  0.000422383
-2.32359  0.000428001
-2.31347  0.000426913
-2.30334  0.000436668
-2.29317  0.000444752
-2.28298  0.000449814
-2.27279  0.000457472
-2.26256  0.000466007
-2.25235  0.000465624
-2.24225  0.000465981
-2.2321  0.000481485
-2.22189  0.000486308
-2.21167  0.000493767
-2.20148  0.000497484
-2.19131  0.000502598
-2.18108  0.000517099
-2.17086  0.00051425
-2.16073  0.000519006
-2.15063  0.000523288
-2.14051  0.000532182
-2.13031  0.000547342
-2.12009  0.000551092
-2.10991  0.000552469
-2.09974  0.000564816
-2.08948  0.000574954
-2.0793  0.000567554
-2.06919  0.000581782
-2.05905  0.000584693
-2.04886  0.000600969
-2.03873  0.000593184
-2.02865  0.000611329
-2.01848  0.000617238
-2.00841  0.000610776
-1.99824  0.000641444
-1.98801  0.000633187
-1.97789  0.000643759
-1.96778  0.000649693
-1.95771  0.000652613
-1.94754  0.000678066
-1.93732  0.000674024
-1.9272  0.000679048
-1.91702  0.000694123
-1.90681  0.00069747
-1.8967  0.000698613
-1.8866  0.000714569
-1.87649  0.000716524
-1.86636  0.000733165
-1.85617  0.00073864
-1.84608  0.000736823
-1.8359  0.000761034
-1.82574  0.000751754
-1.81566  0.000768328
-1.80553  0.000777132
-1.7954  0.000787333
-1.78528  0.000793634
-1.77516  0.000800533
-1.76501  0.000812586
-1.75489  0.000812476
-1.74476  0.000830035
-1.73455  0.000846151
-1.72439  0.000841022
-1.7143  0.00085556
-1.70418  0.000864991
-1.69398  0.000883881
-1.68381  0.000872798
-1.67372  0.000889933
-1.66362  0.000892758
-1.65354  0.000910375
-1.64344  0.000912913
-1.63333  0.000929814
-1.62319  0.000939258
-1.61308  0.000940497
-1.60297  0.000950517
-1.59285  0.000966827
-1.58271  0.000979106
-1.57262  0.000977741
-1.56252  0.000999899
-1.55232  0.00101297
-1.54219  0.00100253
-1.53212  0.00102196
-1.52199  0.00103463
-1.51188  0.00104256
-1.50135  0.0011485
-1.4908  0.00106542
-1.48066  0.00108004
-1.47055  0.00107437
-1.46047  0.00109388
-1.45034  0.00111288
-1.44017  0.00112444
-1.43001  0.0011375
-1.41986  0.00114482
-1.40973  0.00114951
-1.39965  0.00114804
-1.38954  0.00117521
-1.37938  0.00118949
-1.36926  0.00119498
-1.35915  0.00121015
-1.34905  0.00121528
-1.339  0.00121943
-1.32895  0.00122784
-1.31884  0.00125329
-1.30872  0.00126361
-1.29856  0.00129406
-1.28845  0.00127743
-1.27838  0.00130142
-1.26827  0.0013138
-1.25818  0.00130898
-1.24814  0.00131949
-1.23806  0.00135479
-1.22795  0.00135893
-1.21786  0.00138381
-1.2077  0.00139427
-1.19757  0.00139567
-1.18744  0.00141235
-1.17686  0.00154623
-1.16635  0.00142721
-1.1563  0.00145769
-1.14621  0.00146847
-1.13609  0.00148347
-1.12599  0.00148597
-1.11586  0.00150609
-1.10577  0.00150257
-1.09575  0.00152406
-1.08566  0.00155983
-1.07554  0.00157372
-1.06541  0.00157901
-1.05531  0.0015843
-1.0452  0.00159724
-1.03512  0.00160499
-1.02504  0.00164205
-1.01496  0.00164764
-1.00492  0.0016657
-0.994837  0.00168085
-0.984751  0.00168377
-0.974651  0.00170138
-0.964554  0.0017193
-0.954468  0.00174687
-0.944378  0.00176685
-0.934312  0.00177605
-0.924203  0.00180186
-0.914065  0.00180589
-0.903971  0.00179755
-0.893884  0.00184546
-0.883322  0.002032
-0.872792  0.0018908
-0.862728  0.00189119
-0.852659  0.00191517
-0.842552  0.00192792
-0.832398  0.00193817
-0.822312  0.00195716
-0.812254  0.001996
-0.802189  0.00201557
-0.792087  0.00204063
-0.78201  0.00203302
-0.771914  0.00206533
-0.7618  0.00206539
-0.751741  0.00211691
-0.741687  0.00212402
-0.731664  0.00214092
-0.721604  0.00216478
-0.71154  0.00216139
-0.701463  0.00219588
-0.691376  0.00225706
-0.681308  0.0022528
-0.671244  0.00229598
-0.661131  0.00229952
-0.651041  0.00230428
-0.640936  0.00233936
-0.630863  0.00239058
-0.620765  0.00242694
-0.610664  0.00243735
-0.600594  0.00243442
-0.590562  0.00243593
-0.580521  0.00247684
-0.570463  0.00256587
-0.560364  0.00258393
-0.549833  0.00283218
-0.539296  0.00261498
-0.529211  0.00260754
-0.51912  0.00268069
-0.509095  0.00272579
-0.49905  0.00276952
-0.48898  0.0027899
-0.478931  0.0027847
-0.468847  0.0028059
-0.458724  0.00288885
-0.448684  0.00293951
-0.43862  0.00300538
-0.428523  0.0030169
-0.418428  0.00302353
-0.408293  0.00303252
-0.397719  0.00341068
-0.387224  0.00320374
-0.377202  0.00324299
-0.367175  0.00325851
-0.357061  0.00330541
-0.346941  0.00326844
-0.336885  0.00341161
-0.326883  0.00352148
-0.316851  0.00356018
-0.306796  0.0035895
-0.296703  0.00360291
-0.286605  0.00355535
-0.276485  0.003709
-0.266468  0.00392936
-0.256437  0.00404222
-0.246371  0.00405757
-0.236322  0.00407835
-0.226244  0.00405218
-0.216137  0.00408612
-0.206068  0.00443103
-0.196061  0.0045681
-0.186011  0.00465886
-0.175894  0.00465927
-0.165824  0.00459901
-0.155679  0.00471245
-0.145636  0.00525704
-0.135627  0.00548354
-0.125556  0.00552409
-0.115035  0.00598957
-0.104515  0.0054878
-0.0942599  0.00580569
-0.0843779  0.00689054
-0.0743523  0.00712645
-0.0643062  0.00709864
-0.0542737  0.0071428
-0.0442258  0.00715271
-0.0337384  0.0081882
-0.0241089  0.0127779
-0.0140275  0.013687
-0.00426152  0.0149801
0.00426152  0.0149801
0.0140275  0.013687
0.0241089  0.0127779
0.0337384  0.0081882
0.0442258  0.00715271
0.0542737  0.0071428
0.0643062  0.00709864
0.0743523  0.00712645
0.0843779  0.00689054
0.0942599  0.00580569
0.104515  0.0054878
0.115035  0.00598957
0.125556  0.00552409
0.135627  0.00548354
0.145636  0.00525704
0.155679  0.00471245
0.165824  0.00459901
0.175894  0.00465927
0.186011  0.00465886
0.196061  0.0045681
0.206068  0.00443103
0.216137  0.00408612
0.226244  0.00405218
0.236322  0.00407835
0.246371  0.00405757
0.256437  0.00404222
0.266468  0.00392936
0.276485  0.003709
0.286605  0.00355535
0.296703  0.00360291
0.306796  0.0035895
0.316851  0.00356018
0.326883  0.00352148
0.336885  0.00341161
0.346941  0.00326844
0.357061  0.00330541
0.367175  0.00325851
0.377202  0.00324299
0.387224  0.00320374
0.397719  0.00341068
0.408293  0.00303252
0.418428  0.00302353
0.428523  0.0030169
0.43862  0.00300538
0.448684  0.00293951
0.458724  0.00288885
0.468847  0.0028059
0.478931  0.0027847
0.48898  0.0027899
0.49905  0.00276952
0.509095  0.00272579
0.51912  0.00268069
0.529211  0.00260754
0.539296  0.00261498
0.549833  0.00283218
0.560364  0.00258393
0.570463  0.00256587
0.580521  0.00247684
0.590562  0.00243593
0.600594  0.00243442
0.610664  0.00243735
0.620765  0.00242694
0.630863  0.00239058
0.640936  0.00233936
0.651041  0.00230428
0.661131  0.00229952
0.671244  0.00229598
0.681308  0.0022528
0.691376  0.00225706
0.701463  0.00219588
0.71154  0.00216139
0.721604  0.00216478
0.731664  0.00214092
0.741687  0.00212402
0.751741  0.00211691
0.7618  0.00206539
0.771914  0.00206533
0.78201  0.00203302
0.792087  0.00204063
0.802189  0.00201557
0.812254  0.001996
0.822312  0.00195716
0.832398  0.00193817
0.842552  0.00192792
0.852659  0.00191517
0.862728  0.00189119
0.872792  0.0018908
0.883322  0.002032
0.893884  0.00184546
0.903971  0.00179755
0.914065  0.00180589
0.924203  0.00180186
0.934312  0.00177605
0.944378  0.00176685
0.954468  0.00174687
0.964554  0.0017193
0.974651  0.00170138
0.984751  0.00168377
0.994837  0.00168085
1.00492  0.0016657
1.01496  0.00164764
1.02504  0.00164205
1.03512  0.00160499
1.0452  0.00159724
1.05531  0.0015843
1.06541  0.00157901
1.07554  0.00157372
1.08566  0.00155983
1.09575  0.00152406
1.10577  0.00150257
1.11586  0.00150609
1.12599  0.00148597
1.13609  0.00148347
1.14621  0.00146847
1.1563  0.00145769
1.16635  0.00142721
1.17686  0.00154623
1.18744  0.00141235
1.19757  0.00139567
1.2077  0.00139427
1.21786  0.00138381
1.22795  0.00135893
1.23806  0.00135479
1.24814  0.00131949
1.25818  0.00130898
1.26827  0.0013138
1.27838  0.00130142
1.28845  0.00127743
1.29856  0.00129406
1.30872  0.00126361
1.31884  0.00125329
1.32895  0.00122784
1.339  0.00121943
1.34905  0.00121528
1.35915  0.00121015
1.36926  0.00119498
1.37938  0.00118949
1.38954  0.00117521
1.39965  0.00114804
1.40973  0.00114951
1.41986  0.00114482
1.43001  0.0011375
1.44017  0.00112444
1.45034  0.00111288
1.46047  0.00109388
1.47055  0.00107437
1.48066  0.00108004
1.4908  0.00106542
1.50135  0.0011485
1.51188  0.00104256
1.52199  0.00103463
1.53212  0.00102196
1.54219  0.00100253
1.55232  0.00101297
1.56252  0.000999899
1.57262  0.000977741
1.58271  0.000979106
1.59285  0.000966827
1.60297  0.000950517
1.61308  0.000940497
1.62319  0.000939258
1.63333  0.000929814
1.64344  0.000912913
1.65354  0.000910375
1.66362  0.000892758
1.67372  0.000889933
1.68381  0.000872798
1.69398  0.000883881
1.70418  0.000864991
1.7143  0.00085556
1.72439  0.000841022
1.73455  0.000846151
1.74476  0.000830035
1.75489  0.000812476
1.76501  0.000812586
1.77516  0.000800533
1.78528  0.000793634
1.7954  0.000787333
1.80553  0.000777132
1.81566  0.000768328
1.82574  0.000751754
1.8359  0.000761034
1.84608  0.000736823
1.85617  0.00073864
1.86636  0.000733165
1.87649  0.000716524
1.8866  0.000714569
1.8967  0.000698613
1.90681  0.00069747
1.91702  0.000694123
1.9272  0.000679048
1.93732  0.000674024
1.94754  0.000678066
1.95771  0.000652613
1.96778  0.000649693
1.97789  0.000643759
1.98801  0.000633187
1.99824  0.000641444
2.00841  0.000610776
2.01848  0.000617238
2.02865  0.000611329
2.03873  0.000593184
2.04886  0.000600969
2.05905  0.000584693
2.06919  0.000581782
2.0793  0.000567554
2.08948  0.000574954
2.09974  0.000564816
2.10991  0.000552469
2.12009  0.000551092
2.13031  0.000547342
2.14051  0.000532182
2.15063  0.000523288
2.16073  0.000519006
2.17086  0.00051425
2.18108  0.000517099
2.19131  0.000502598
2.20148  0.000497484
2.21167  0.000493767
2.22189  0.000486308
2.2321  0.000481485
2.24225  0.000465981
2.25235  0.000465624
2.26256  0.000466007
2.27279  0.000457472
2.28298  0.000449814
2.29317  0.000444752
2.30334  0.000436668
2.31347  0.000426913
2.32359  0.000428001
2.33381  0.000422383
2.34398  0.000413808
2.35412  0.00040924
2.3643  0.000408102
2.37446  0.000396385
2.38465  0.000400011
2.39488  0.000387484
2.40505  0.000384525
2.4153  0.000382239
2.42552  0.000373459
2.4357  0.000368666
2.44582  0.00036231
2.45596  0.000358171
2.4662  0.000358338
2.47643  0.000350277
2.48655  0.000339578
2.49673  0.000344579
2.507  0.000335154
2.51718  0.000329465
2.5275  0.000335286
2.53781  0.000321241
2.54794  0.000315267
2.55818  0.000317322
2.56853  0.000313337
2.57877  0.000301187
2.58893  0.000299636
2.59916  0.000296825
2.60936  0.000289781
2.61951  0.000285154
2.62964  0.000281395
2.63978  0.000277418
2.64994  0.000275598
2.66023  0.000274859
2.67051  0.000266449
2.68072  0.0002637
2.69102  0.000261066
2.70125  0.000255898
2.71145  0.000250506
2.72175  0.000253546
2.73203  0.00024192
2.74229  0.000245726
2.75254  0.000232538
2.76277  0.000237561
2.77299  0.000226021
2.7833  0.000232889
2.79367  0.000222434
2.80384  0.000217831
2.81411  0.000218287
2.82437  0.000212653
2.83455  0.000208878
2.84487  0.000210197
2.85511  0.000199984
2.86536  0.000202157
2.87564  0.000195813
2.8859  0.000194737
2.89617  0.000191044
2.90639  0.000186485
2.91663  0.000185228
2.92688  0.000181807
2.93708  0.000177054
2.94724  0.000175289
2.95747  0.000172932
2.9678  0.000172174
2.97806  0.000167098
2.98823  0.000161527
2.99847  0.000164281
3.00884  0.000160235
3.01901  0.000155095
3.0293  0.000156466
3.0396  0.000150827
3.04987  0.000150009
3.06019  0.000147653
3.07057  0.000145527
3.08094  0.000143255
3.0912  0.000138151
3.10144  0.000135894
3.11173  0.000136816
3.122  0.000129468
3.13202  0.000127078
3.1423  0.000131164
3.15268  0.000125363
3.16296  0.000123576
3.17314  0.000118867
3.18336  0.000120464
3.19366  0.000115969
3.20383  0.000113872
3.21421  0.000115601
3.22449  0.000108622
3.23464  0.00010888
3.24477  0.000105152
3.25507  0.000107333
3.26538  0.000100711
3.27539  9.92775e-05
3.28565  0.000101973
3.29604  9.81893e-05
3.30638  9.54747e-05
3.31675  9.65162e-05
3.32706  9.11173e-05
3.33754  9.51262e-05
3.34785  8.4897e-05
3.35807  9.213e-05
3.36873  8.75552e-05
3.37907  8.21809e-05
3.3892  8.29726e-05
3.39948  8.09354e-05
3.40997  8.20848e-05
3.42047  7.80796e-05
3.43074  7.67933e-05
3.44113  7.59257e-05
3.45142  7.35197e-05
3.46192  7.4494e-05
3.47229  6.97211e-05
3.48242  6.93487e-05
3.493  7.16416e-05
3.50359  6.60278e-05
3.51398  6.8993e-05
3.52478  6.6084e-05
3.53527  6.34412e-05
3.54574  6.32881e-05
3.55633  6.08043e-05
3.56673  6.11523e-05
3.57729  5.74109e-05
3.58749  5.76e-05
3.59832  5.98045e-05
3.60865  5.15497e-05
3.61908  5.68253e-05
3.62968  5.23001e-05
3.64003  5.15368e-05
3.65072  5.3723e-05
3.66121  4.68487e-05
3.6714  4.86795e-05
3.68195  5.03116e-05
3.69257  4.46884e-05
3.70311  4.87075e-05
3.71369  4.34395e-05
3.72425  4.57737e-05
3.73491  4.30946e-05
3.74567  4.45452e-05
3.75659  4.0924e-05
3.76695  4.13808e-05
3.77769  3.89612e-05
3.78794  3.79886e-05
3.79861  3.93162e-05
3.80919  3.66359e-05
3.81942  3.36976e-05
3.82947  3.52268e-05
3.83994  3.50292e-05
3.85036  3.23039e-05
3.86072  3.48201e-05
3.8717  3.41472e-05
3.88264  3.21732e-05
3.89349  3.20475e-05
3.90435  3.14422e-05
3.91473  2.82741e-05
3.92528  2.92408e-05
3.93572  2.90531e-05
3.94692  2.94932e-05
3.95774  2.68489e-05
3.9686  2.82688e-05
3.9796  2.62726e-05
3.98993  2.45031e-05
4.00059  2.4727e-05
4.01104  2.38031e-05
4.02139  2.40416e-05
4.03235  2.31467e-05
4.04297  2.27432e-05
4.05332  2.12047e-05
4.06357  2.08235e-05
4.07384  1.98603e-05
4.08421  2.12752e-05
4.09497  1.96734e-05
4.10565  2.04537e-05
4.11617  1.86333e-05
4.12685  1.81429e-05
4.13764  2.00137e-05
4.14829  1.66552e-05
4.15886  1.80287e-05
4.16972  1.72654e-05
4.18036  1.62255e-05
4.19135  1.71088e-05
4.20196  1.53434e-05
4.21223  1.47253e-05
4.22264  1.44293e-05
4.23321  1.49764e-05
4.24329  1.36475e-05
4.25464  1.56263e-05
4.26564  1.35038e-05
4.27665  1.30606e-05
4.28739  1.3642e-05
4.29797  1.24128e-05
4.30867  1.21099e-05
4.31892  1.2018e-05
4.32917  1.02163e-05
4.33902  1.10946e-05
4.35038  1.25824e-05
4.36084  1.00387e-05
4.37161  1.07598e-05
4.38277  1.10286e-05
4.39391  1.00565e-05
4.40389  9.21802e-06
4.4147  9.44898e-06
4.42558  1.00343e-05
4.43611  8.27539e-06
4.44598  8.41446e-06
4.45762  9.60509e-06
4.46853  8.37391e-06
4.47879  7.57277e-06
4.48917  8.19341e-06
4.49939  6.26645e-06
4.50936  8.31267e-06
4.52093  7.50755e-06
4.53166  6.9e-06
4.54204  6.93448e-06
4.55191  6.20617e-06
4.56271  7.05024e-06
4.5753  7.58451e-06
4.58541  5.39122e-06
4.59566  5.74358e-06
4.60601  6.0029e-06
4.61721  5.68437e-06
4.6277  5.65592e-06
4.6377  5.63818e-06
4.64938  5.04052e-06
4.66012  5.56791e-06
4.67125  4.57955e-06
4.68157  5.6895e-06
4.69188  3.91297e-06
4.70211  4.40922e-06
4.71211  4.00488e-06
4.72277  4.88536e-06
4.73397  3.79437e-06
4.74486  5.3563e-06
4.75704  3.12758e-06
4.76717  4.21218e-06
4.77705  3.5491e-06
4.78717  3.44465e-06
4.79874  4.11778e-06
4.81002  3.88117e-06
4.82336  3.54527e-06
4.83423  3.93631e-06
4.84627  2.95879e-06
4.85813  3.56208e-06
4.87043  3.75845e-06
4.88122  2.10272e-06
4.89218  3.32805e-06
4.90328  2.76465e-06
4.91396  2.36847e-06
4.92598  2.70993e-06
4.93726  2.97081e-06
4.94833  2.45866e-06
4.96062  2.10516e-06
4.97041  2.54107e-06
4.981  1.96965e-06
4.9927  2.10714e-06
5.00352  1.96974e-06
5.01453  2.66446e-06
5.02467  1.45414e-06
5.03635  1.62957e-06
5.04684  2.19649e-06
5.05765  1.83542e-06
5.07055  1.67819e-06
5.08126  1.75414e-06
5.09183  1.54931e-06
5.10105  1.54338e-06
5.1116  1.45938e-06
5.12457  1.31969e-06
5.1338  1.40687e-06
5.14376  1.42374e-06
5.15608  1.38567e-06
5.16761  1.33779e-06
5.1788  1.29159e-06
5.18923  1.40849e-06
5.20118  1.08106e-06
5.21393  1.18599e-06
5.22515  1.32837e-06
5.23672  1.20701e-06
5.24927  1.17555e-06
5.26268  9.2788e-07
5.27426  1.11373e-06
5.28619  1.30146e-06
5.29959  7.87117e-07
5.31305  9.36827e-07
5.32511  1.12176e-06
5.33801  9.23532e-07
5.35246  9.84686e-07
5.36524  7.53895e-07
5.38033  8.46804e-07
5.39352  1.07952e-06
5.40685  7.88633e-07
5.4246  6.15056e-07
5.43633  8.73579e-07
5.45149  9.03816e-07
5.46793  5.45862e-07
5.48157  6.68951e-07
5.49889  7.53646e-07
5.51355  7.28446e-07
5.5298  7.39847e-07
5.54749  3.69568e-07
5.56252  6.58729e-07
5.58008  7.6838e-07
5.59634  3.74791e-07
5.61491  4.70615e-07
5.63317  5.80908e-07
5.65018  6.41205e-07
5.66987  3.67392e-07
5.68859  3.47589e-07
5.70681  5.52576e-07
5.72754  3.81693e-07
5.74675  4.2684e-07
5.76711  2.92976e-07
5.78929  3.70197e-07
5.80903  5.212e-07
5.83208  1.96701e-07
5.85438  2.28826e-07
5.87537  3.90444e-07
5.90055  3.00028e-07
5.92294  1.79054e-07
5.94711  2.63451e-07
5.97379  2.65861e-07
5.99741  2.01652e-07
6.02439  2.58494e-07
6.05281  7.85285e-08
6.07849  2.07704e-07
6.10764  2.69569e-07
6.13623  2.94954e-08
6.1667  1.76397e-07
6.19851  1.59247e-07
6.22987  1.04546e-07
6.26274  1.24055e-07
6.29776  4.72409e-08
6.33318  1.38961e-07
6.36911  8.07341e-08
6.40642  5.30021e-08
6.44842  8.20909e-08
6.48864  3.77917e-08
6.53097  9.39327e-08
6.57868  1.81857e-08
6.6224  1.70876e-08
6.67328  8.32358e-08
6.77778  2.38107e-08
6.83926  3.68785e-08
6.96384  2.81322e-08
7.03838  6.53578e-09
7.19262  1.86964e-08
7.48978  6.62693e-09
7.91446  9.78711e-10
