-7.93038  1.1539e-09
-7.5042  7.69209e-09
-7.20632  2.13653e-08
-7.0525  7.55964e-09
-6.97711  3.165e-08
-6.85293  4.19949e-08
-6.79076  2.6373e-08
-6.68664  9.33151e-08
-6.63592  1.90101e-08
-6.59234  2.06359e-08
-6.54409  1.03676e-07
-6.50277  4.26652e-08
-6.46182  9.17084e-08
-6.41936  5.75934e-08
-6.38302  8.9982e-08
-6.34639  1.52836e-07
-6.31157  5.25952e-08
-6.27634  1.36939e-07
-6.24292  1.13203e-07
-6.21237  1.76865e-07
-6.17999  1.94133e-07
-6.14915  3.14431e-08
-6.1213  2.94754e-07
-6.09167  2.28245e-07
-6.06664  8.691e-08
-6.03783  2.80722e-07
-6.01081  2.21427e-07
-5.98744  2.89679e-07
-5.96042  2.83291e-07
-5.95074  6.60717e-09
-5.93659  1.94859e-07
-5.91406  3.21841e-07
-5.88917  3.94123e-07
-5.87991  3.67038e-08
-5.86803  2.48327e-07
-5.84535  2.12482e-07
-5.82353  4.86685e-07
-5.80667  2.92425e-07
-5.80148  1.91218e-07
-5.77995  3.23138e-07
-5.76181  3.67939e-07
-5.74615  2.3469e-07
-5.74002  2.69948e-07
-5.72161  4.42936e-07
-5.71146  2.12116e-07
-5.7013  3.24463e-07
-5.68327  3.99126e-07
-5.66275  6.91478e-07
-5.64654  6.22946e-07
-5.62985  3.11213e-07
-5.62547  2.11233e-07
-5.60854  4.01267e-07
-5.59312  8.32333e-07
-5.57511  7.15622e-07
-5.56014  4.02455e-07
-5.54264  7.96814e-07
-5.52614  7.86866e-07
-5.51166  8.15105e-07
-5.49408  7.25426e-07
-5.48048  5.882e-07
-5.46392  9.71118e-07
-5.44888  9.49586e-07
-5.43718  6.6236e-07
-5.4191  8.46715e-07
-5.40847  7.40858e-07
-5.39848  8.13764e-07
-5.3915  5.22304e-07
-5.37717  8.49063e-07
-5.36467  1.02505e-06
-5.35046  9.89571e-07
-5.33708  1.26841e-06
-5.32522  9.49404e-07
-5.31196  8.71232e-07
-5.29793  1.44327e-06
-5.28648  1.12131e-06
-5.27407  1.13765e-06
-5.26076  1.11803e-06
-5.24919  1.29595e-06
-5.23676  1.58413e-06
-5.22623  1.04777e-06
-5.21371  1.21483e-06
-5.20353  9.86372e-07
-5.19468  1.42277e-06
-5.18441  1.3065e-06
-5.17341  1.50228e-06
-5.16238  1.01595e-06
-5.15172  2.05372e-06
-5.1394  1.7045e-06
-5.12781  9.93897e-07
-5.11801  1.9389e-06
-5.10506  2.14094e-06
-5.09601  1.40334e-06
-5.08507  2.01944e-06
-5.07297  1.38747e-06
-5.06435  2.1507e-06
-5.05321  2.10729e-06
-5.04046  1.78778e-06
-5.03031  2.28343e-06
-5.01904  2.5715e-06
-5.00866  1.78155e-06
-5.00054  1.63163e-06
-4.98795  3.00798e-06
-4.97683  2.54225e-06
-4.96624  2.04667e-06
-4.95568  2.47109e-06
-4.94636  3.05444e-06
-4.93605  1.88989e-06
-4.92509  3.01562e-06
-4.91442  2.67882e-06
-4.90401  3.30306e-06
-4.89367  2.36272e-06
-4.88185  3.93162e-06
-4.872  3.06282e-06
-4.86163  2.67812e-06
-4.85053  3.80659e-06
-4.83949  3.91297e-06
-4.82754  3.62297e-06
-4.81604  4.09434e-06
-4.80475  4.07937e-06
-4.79389  3.87841e-06
-4.78258  4.71048e-06
-4.77281  3.42015e-06
-4.76111  4.66445e-06
-4.75063  4.49376e-06
-4.73962  4.59951e-06
-4.73053  3.59234e-06
-4.71931  5.72321e-06
-4.7089  4.03462e-06
-4.69766  5.82056e-06
-4.688  4.64383e-06
-4.67733  5.63467e-06
-4.66678  4.94869e-06
-4.65518  6.58459e-06
-4.64445  5.30318e-06
-4.63406  6.48083e-06
-4.62241  6.69817e-06
-4.61045  6.98677e-06
-4.59905  6.7563e-06
-4.58902  5.98864e-06
-4.57823  7.4562e-06
-4.56736  6.59556e-06
-4.55671  7.61284e-06
-4.5471  6.40408e-06
-4.53692  7.43197e-06
-4.52658  7.42292e-06
-4.51634  7.81254e-06
-4.50502  9.44463e-06
-4.49343  8.55811e-06
-4.48187  1.01403e-05
-4.47111  8.7298e-06
-4.4604  8.36138e-06
-4.4509  8.37711e-06
-4.44061  1.03007e-05
-4.43026  9.37153e-06
-4.41902  1.02604e-05
-4.40847  1.12918e-05
-4.39723  1.07281e-05
-4.3877  8.73484e-06
-4.37809  1.04355e-05
-4.36739  1.3138e-05
-4.35696  9.70212e-06
-4.34727  1.22639e-05
-4.33641  1.16733e-05
-4.32616  1.33044e-05
-4.31496  1.3146e-05
-4.30436  1.39968e-05
-4.29277  1.56046e-05
-4.28188  1.186e-05
-4.2716  1.59886e-05
-4.25996  1.56507e-05
-4.24935  1.50405e-05
-4.2384  1.66051e-05
-4.22724  1.60702e-05
-4.21626  1.703e-05
-4.20553  1.71633e-05
-4.19504  1.59703e-05
-4.18475  1.7275e-05
-4.17438  1.79629e-05
-4.16325  1.97562e-05
-4.15207  2.03477e-05
-4.14156  1.80915e-05
-4.13114  1.90256e-05
-4.12061  2.13312e-05
-4.10968  2.15839e-05
-4.09883  2.10827e-05
-4.08809  2.2615e-05
-4.07736  2.16258e-05
-4.06719  2.20445e-05
-4.05639  2.50727e-05
-4.04545  2.39608e-05
-4.03467  2.45775e-05
-4.02415  2.59425e-05
-4.01346  2.48947e-05
-4.00309  2.54885e-05
-3.99255  2.81718e-05
-3.98141  2.88259e-05
-3.97063  2.80938e-05
-3.95986  2.95259e-05
-3.94911  2.96406e-05
-3.9385  3.07281e-05
-3.92749  3.16454e-05
-3.91694  3.19162e-05
-3.90613  3.27538e-05
-3.89541  3.36758e-05
-3.88479  3.24261e-05
-3.87458  3.44994e-05
-3.86438  3.32767e-05
-3.85376  3.76014e-05
-3.84328  3.555e-05
-3.833  3.66816e-05
-3.82226  3.95279e-05
-3.81166  3.91634e-05
-3.80099  4.11709e-05
-3.79069  3.79633e-05
-3.78025  4.35579e-05
-3.76965  4.21618e-05
-3.75938  4.18109e-05
-3.74902  4.48714e-05
-3.73831  4.6693e-05
-3.72756  4.70671e-05
-3.71713  4.68313e-05
-3.70672  4.73365e-05
-3.69599  5.21483e-05
-3.68543  4.92785e-05
-3.67474  5.39728e-05
-3.66382  5.39539e-05
-3.65312  5.47945e-05
-3.6427  5.22404e-05
-3.6324  5.77061e-05
-3.62168  5.64137e-05
-3.61125  5.91904e-05
-3.60074  5.87911e-05
-3.59039  6.01503e-05
-3.57974  6.43095e-05
-3.56915  6.27068e-05
-3.55854  6.50336e-05
-3.54821  6.38691e-05
-3.53786  6.70177e-05
-3.52725  7.01687e-05
-3.51682  6.80696e-05
-3.50644  7.10785e-05
-3.49592  7.28566e-05
-3.48547  7.39818e-05
-3.47513  7.40277e-05
-3.46471  7.66594e-05
-3.45428  7.82462e-05
-3.44387  7.91593e-05
-3.43361  7.91316e-05
-3.4233  8.22866e-05
-3.41276  8.65255e-05
-3.4023  8.33719e-05
-3.39206  8.76597e-05
-3.38162  8.95379e-05
-3.37115  9.03678e-05
-3.36083  9.24659e-05
-3.35049  9.27535e-05
-3.34025  9.38757e-05
-3.32992  9.82642e-05
-3.31957  9.83676e-05
-3.30905  0.000103596
-3.29858  0.000102657
-3.28832  0.000103198
-3.27792  0.000108889
-3.26749  0.000107686
-3.25738  0.000105903
-3.24729  0.000111657
-3.23684  0.00011759
-3.22653  0.000112417
-3.21627  0.000120379
-3.20583  0.000120075
-3.19553  0.000122751
-3.18523  0.000123303
-3.1749  0.000128012
-3.1646  0.000128236
-3.15438  0.000130103
-3.14408  0.00013373
-3.13379  0.000136747
-3.12322  0.000142815
-3.11292  0.000136466
-3.10278  0.000140724
-3.0926  0.000145147
-3.08235  0.000146118
-3.07208  0.000150983
-3.06184  0.000150156
-3.05161  0.000155807
-3.04133  0.000157924
-3.031  0.000160944
-3.0208  0.000161675
-3.01057  0.000165227
-3.00018  0.000171433
-2.98992  0.000167506
-2.97978  0.00017437
-2.96944  0.000177432
-2.95917  0.000179536
-2.94904  0.000178374
-2.93887  0.000187197
-2.92855  0.000188769
-2.91823  0.000192888
-2.90793  0.000194164
-2.8978  0.00019429
-2.88762  0.000199845
-2.87724  0.000209041
-2.86683  0.000207493
-2.85627  0.000223821
-2.8456  0.000218202
-2.8353  0.000215461
-2.82502  0.000224136
-2.81478  0.000219532
-2.80471  0.000224594
-2.79452  0.000228942
-2.78428  0.000236277
-2.77405  0.000236087
-2.76388  0.000239382
-2.75372  0.000243555
-2.74342  0.00025314
-2.73316  0.000250826
-2.72296  0.000256454
-2.71264  0.000263137
-2.70237  0.000263847
-2.69217  0.000263602
-2.68205  0.00026963
-2.67178  0.000279856
-2.66151  0.000279052
-2.65131  0.000283176
-2.64107  0.000289553
-2.63084  0.000291637
-2.6206  0.000296792
-2.6104  0.000299886
-2.60018  0.000304055
-2.58989  0.000313092
-2.57963  0.00031174
-2.56944  0.000319031
-2.55917  0.00032428
-2.54891  0.000330476
-2.5387  0.000326657
-2.52851  0.000340074
-2.51831  0.000334705
-2.5081  0.000350198
-2.49788  0.000345282
-2.48775  0.000355435
-2.47752  0.000359829
-2.46737  0.000360872
-2.45718  0.000373372
-2.4469  0.000376345
-2.43674  0.000375307
-2.42654  0.000386615
-2.41628  0.000390914
-2.40599  0.000399603
-2.39572  0.000400597
-2.38557  0.000401041
-2.37543  0.000411613
-2.36518  0.000420991
-2.35495  0.000418162
-2.34475  0.000430824
-2.33461  0.000424285
-2.3244  0.000445471
-2.31416  0.000437812
-2.304  0.000451088
-2.29379  0.000456387
-2.2836  0.000461642
-2.27338  0.000468891
-2.26324  0.000466235
-2.2531  0.000478797
-2.24286  0.000487905
-2.23259  0.000493773
-2.22244  0.000490165
-2.21239  0.00049466
-2.20229  0.000510749
-2.19201  0.000523439
-2.18188  0.000506771
-2.17178  0.000532717
-2.1616  0.000525824
-2.15147  0.000540616
-2.14132  0.000544598
-2.13119  0.000550447
-2.12101  0.000562995
-2.11079  0.000570244
-2.10056  0.000574561
-2.09039  0.000576229
-2.08019  0.000589993
-2.06996  0.000595467
-2.05981  0.000594973
-2.04968  0.000608081
-2.03956  0.000610466
-2.02943  0.000621029
-2.01929  0.000625042
-2.00915  0.000631837
-1.99905  0.000635796
-1.98892  0.000650313
-1.97877  0.000655903
-1.96864  0.000660428
-1.9586  0.000661731
-1.94845  0.000688734
-1.93827  0.000681266
-1.92801  0.000710602
-1.91774  0.000696329
-1.90763  0.000707312
-1.89748  0.000719388
-1.88732  0.000727391
-1.87718  0.000730266
-1.86702  0.000745136
-1.85684  0.000750479
-1.84668  0.000752239
-1.83656  0.000761362
-1.82639  0.00077915
-1.81618  0.00078534
-1.80605  0.000786328
-1.7959  0.000804771
-1.7858  0.0007942
-1.77571  0.000816233
-1.76553  0.000821696
-1.75533  0.000840104
-1.74519  0.000829775
-1.73516  0.000842692
-1.7251  0.000853776
-1.715  0.000867935
-1.70485  0.000878834
-1.69473  0.00087336
-1.68464  0.000890537
-1.67453  0.000896469
-1.66448  0.000900525
-1.65441  0.000921119
-1.64426  0.000932475
-1.63414  0.00094008
-1.62401  0.000948979
-1.61384  0.000961198
-1.6037  0.000958784
-1.59355  0.000989428
-1.58338  0.000983619
-1.57333  0.000989988
-1.5632  0.00101235
-1.55306  0.00101127
-1.54294  0.00102723
-1.53278  0.00103443
-1.52269  0.00103452
-1.51265  0.00105223
-1.50251  0.00107802
-1.49235  0.001074
-1.48224  0.00108426
-1.47212  0.00109065
-1.46197  0.00111362
-1.45187  0.00110484
-1.44177  0.00113767
-1.43164  0.00113779
-1.42157  0.00114128
-1.41147  0.00116338
-1.40134  0.00116189
-1.39125  0.0011767
-1.38115  0.00119153
-1.37108  0.00119997
-1.36095  0.00122531
-1.35087  0.00121598
-1.34077  0.00124255
-1.33066  0.00123256
-1.32055  0.00126657
-1.3104  0.00127639
-1.3003  0.00128279
-1.29022  0.0012927
-1.28015  0.00130476
-1.27007  0.0013156
-1.25995  0.00132288
-1.24988  0.00133181
-1.23979  0.00136142
-1.22966  0.00137445
-1.21959  0.00137449
-1.20953  0.00138834
-1.19939  0.00141921
-1.18923  0.00140597
-1.17913  0.00142567
-1.16905  0.00144368
-1.15897  0.00145794
-1.14886  0.00148421
-1.13871  0.00148565
-1.12863  0.00148442
-1.11855  0.00149795
-1.10848  0.0015155
-1.09835  0.00155183
-1.08827  0.00154224
-1.07822  0.00157321
-1.06807  0.00159103
-1.05795  0.00158139
-1.04785  0.00159917
-1.03778  0.00161183
-1.02769  0.0016445
-1.01759  0.00165692
-1.0075  0.00167838
-0.997398  0.00167507
-0.987318  0.0016877
-0.977225  0.00169509
-0.967146  0.00172717
-0.957045  0.00174552
-0.946962  0.00177223
-0.936412  0.00194355
-0.925817  0.00180456
-0.915639  0.00181483
-0.905512  0.00181682
-0.89547  0.0018389
-0.885402  0.00186567
-0.875336  0.00187977
-0.865254  0.00188907
-0.855195  0.00188228
-0.845143  0.00192351
-0.835039  0.00195969
-0.824965  0.00196481
-0.814904  0.00199067
-0.804828  0.00199522
-0.79471  0.00201447
-0.784646  0.00201058
-0.774602  0.00207625
-0.764516  0.00208211
-0.754445  0.0021117
-0.744335  0.00212444
-0.73425  0.00210667
-0.724171  0.00215665
-0.714117  0.0021807
-0.704072  0.00220972
-0.693997  0.00224266
-0.683904  0.0022432
-0.673831  0.0022416
-0.663725  0.00226556
-0.653639  0.00231792
-0.6436  0.00233663
-0.633584  0.002388
-0.623544  0.00238731
-0.613481  0.00241794
-0.603374  0.00241436
-0.593284  0.00245472
-0.583229  0.00249648
-0.573161  0.00255569
-0.563068  0.00255864
-0.552985  0.00256703
-0.542887  0.00257937
-0.532801  0.00259653
-0.52277  0.00268705
-0.512703  0.00272577
-0.502657  0.00272782
-0.49262  0.00273851
-0.482561  0.00275488
-0.472442  0.00276179
-0.462375  0.00286107
-0.45189  0.00320826
-0.441323  0.00300387
-0.431211  0.0030059
-0.421119  0.00299661
-0.411025  0.00299685
-0.400916  0.00309665
-0.390845  0.00317486
-0.380831  0.00321356
-0.370792  0.00323734
-0.360713  0.00325402
-0.350645  0.00322646
-0.340535  0.00337968
-0.330484  0.00349172
-0.320439  0.00352234
-0.310395  0.00355482
-0.300319  0.00354959
-0.290245  0.00353367
-0.280141  0.00373202
-0.27012  0.00387925
-0.260077  0.0039228
-0.250041  0.00393861
-0.239952  0.00395198
-0.229845  0.0039321
-0.219724  0.00419583
-0.209741  0.00440306
-0.199672  0.00450428
-0.189615  0.00445159
-0.179109  0.00488364
-0.168558  0.0044278
-0.158365  0.00469038
-0.148404  0.00530879
-0.138393  0.00539008
-0.128361  0.00546523
-0.118285  0.00542977
-0.108218  0.0054012
-0.0980736  0.00546658
-0.0879896  0.00660536
-0.0780305  0.00698742
-0.0679777  0.00701103
-0.0579461  0.00698559
-0.0478978  0.00702868
-0.0378218  0.00707443
-0.0269813  0.0129016
-0.0167041  0.0131599
-0.00650647  0.0150164
-0.000838514  0.00326722
0.000838514  0.00326722
0.00650647  0.0150164
0.0167041  0.0131599
0.0269813  0.0129016
0.0378218  0.00707443
0.0478978  0.00702868
0.0579461  0.00698559
0.0679777  0.00701103
0.0780305  0.00698742
0.0879896  0.00660536
0.0980736  0.00546658
0.108218  0.0054012
0.118285  0.00542977
0.128361  0.00546523
0.138393  0.00539008
0.148404  0.00530879
0.158365  0.00469038
0.168558  0.0044278
0.179109  0.00488364
0.189615  0.00445159
0.199672  0.00450428
0.209741  0.00440306
0.219724  0.00419583
0.229845  0.0039321
0.239952  0.00395198
0.250041  0.00393861
0.260077  0.0039228
0.27012  0.00387925
0.280141  0.00373202
0.290245  0.00353367
0.300319  0.00354959
0.310395  0.00355482
0.320439  0.00352234
0.330484  0.00349172
0.340535  0.00337968
0.350645  0.00322646
0.360713  0.00325402
0.370792  0.00323734
0.380831  0.00321356
0.390845  0.00317486
0.400916  0.00309665
0.411025  0.00299685
0.421119  0.00299661
0.431211  0.0030059
0.441323  0.00300387
0.45189  0.00320826
0.462375  0.00286107
0.472442  0.00276179
0.482561  0.00275488
0.49262  0.00273851
0.502657  0.00272782
0.512703  0.00272577
0.52277  0.00268705
0.532801  0.00259653
0.542887  0.00257937
0.552985  0.00256703
0.563068  0.00255864
0.573161  0.00255569
0.583229  0.00249648
0.593284  0.00245472
0.603374  0.00241436
0.613481  0.00241794
0.623544  0.00238731
0.633584  0.002388
0.6436  0.00233663
0.653639  0.00231792
0.663725  0.00226556
0.673831  0.0022416
0.683904  0.0022432
0.693997  0.00224266
0.704072  0.00220972
0.714117  0.0021807
0.724171  0.00215665
0.73425  0.00210667
0.744335  0.00212444
0.754445  0.0021117
0.764516  0.00208211
0.774602  0.00207625
0.784646  0.00201058
0.79471  0.00201447
0.804828  0.00199522
0.814904  0.00199067
0.824965  0.00196481
0.835039  0.00195969
0.845143  0.00192351
0.855195  0.00188228
0.865254  0.00188907
0.875336  0.00187977
0.885402  0.00186567
0.89547  0.0018389
0.905512  0.00181682
0.915639  0.00181483
0.925817  0.00180456
0.936412  0.00194355
0.946962  0.00177223
0.957045  0.00174552
0.967146  0.00172717
0.977225  0.00169509
0.987318  0.0016877
0.997398  0.00167507
1.0075  0.00167838
1.01759  0.00165692
1.02769  0.0016445
1.03778  0.00161183
1.04785  0.00159917
1.05795  0.00158139
1.06807  0.00159103
1.07822  0.00157321
1.08827  0.00154224
1.09835  0.00155183
1.10848  0.0015155
1.11855  0.00149795
1.12863  0.00148442
1.13871  0.00148565
1.14886  0.00148421
1.15897  0.00145794
1.16905  0.00144368
1.17913  0.00142567
1.18923  0.00140597
1.19939  0.00141921
1.20953  0.00138834
1.21959  0.00137449
1.22966  0.00137445
1.23979  0.00136142
1.24988  0.00133181
1.25995  0.00132288
1.27007  0.0013156
1.28015  0.00130476
1.29022  0.0012927
1.3003  0.00128279
1.3104  0.00127639
1.32055  0.00126657
1.33066  0.00123256
1.34077  0.00124255
1.35087  0.00121598
1.36095  0.00122531
1.37108  0.00119997
1.38115  0.00119153
1.39125  0.0011767
1.40134  0.00116189
1.41147  0.00116338
1.42157  0.00114128
1.43164  0.00113779
1.44177  0.00113767
1.45187  0.00110484
1.46197  0.00111362
1.47212  0.00109065
1.48224  0.00108426
1.49235  0.001074
1.50251  0.00107802
1.51265  0.00105223
1.52269  0.00103452
1.53278  0.00103443
1.54294  0.00102723
1.55306  0.00101127
1.5632  0.00101235
1.57333  0.000989988
1.58338  0.000983619
1.59355  0.000989428
1.6037  0.000958784
1.61384  0.000961198
1.62401  0.000948979
1.63414  0.00094008
1.64426  0.000932475
1.65441  0.000921119
1.66448  0.000900525
1.67453  0.000896469
1.68464  0.000890537
1.69473  0.00087336
1.70485  0.000878834
1.715  0.000867935
1.7251  0.000853776
1.73516  0.000842692
1.74519  0.000829775
1.75533  0.000840104
1.76553  0.000821696
1.77571  0.000816233
1.7858  0.0007942
1.7959  0.000804771
1.80605  0.000786328
1.81618  0.00078534
1.82639  0.00077915
1.83656  0.000761362
1.84668  0.000752239
1.85684  0.000750479
1.86702  0.000745136
1.87718  0.000730266
1.88732  0.000727391
1.89748  0.000719388
1.90763  0.000707312
1.91774  0.000696329
1.92801  0.000710602
1.93827  0.000681266
1.94845  0.000688734
1.9586  0.000661731
1.96864  0.000660428
1.97877  0.000655903
1.98892  0.000650313
1.99905  0.000635796
2.00915  0.000631837
2.01929  0.000625042
2.02943  0.000621029
2.03956  0.000610466
2.04968  0.000608081
2.05981  0.000594973
2.06996  0.000595467
2.08019  0.000589993
2.09039  0.000576229
2.10056  0.000574561
2.11079  0.000570244
2.12101  0.000562995
2.13119  0.000550447
2.14132  0.000544598
2.15147  0.000540616
2.1616  0.000525824
2.17178  0.000532717
2.18188  0.000506771
2.19201  0.000523439
2.20229  0.000510749
2.21239  0.00049466
2.22244  0.000490165
2.23259  0.000493773
2.24286  0.000487905
2.2531  0.000478797
2.26324  0.000466235
2.27338  0.000468891
2.2836  0.000461642
2.29379  0.000456387
2.304  0.000451088
2.31416  0.000437812
2.3244  0.000445471
2.33461  0.000424285
2.34475  0.000430824
2.35495  0.000418162
2.36518  0.000420991
2.37543  0.000411613
2.38557  0.000401041
2.39572  0.000400597
2.40599  0.000399603
2.41628  0.000390914
2.42654  0.000386615
2.43674  0.000375307
2.4469  0.000376345
2.45718  0.000373372
2.46737  0.000360872
2.47752  0.000359829
2.48775  0.000355435
2.49788  0.000345282
2.5081  0.000350198
2.51831  0.000334705
2.52851  0.000340074
2.5387  0.000326657
2.54891  0.000330476
2.55917  0.00032428
2.56944  0.000319031
2.57963  0.00031174
2.58989  0.000313092
2.60018  0.000304055
2.6104  0.000299886
2.6206  0.000296792
2.63084  0.000291637
2.64107  0.000289553
2.65131  0.000283176
2.66151  0.000279052
2.67178  0.000279856
2.68205  0.00026963
2.69217  0.000263602
2.70237  0.000263847
2.71264  0.000263137
2.72296  0.000256454
2.73316  0.000250826
2.74342  0.00025314
2.75372  0.000243555
2.76388  0.000239382
2.77405  0.000236087
2.78428  0.000236277
2.79452  0.000228942
2.80471  0.000224594
2.81478  0.000219532
2.82502  0.000224136
2.8353  0.000215461
2.8456  0.000218202
2.85627  0.000223821
2.86683  0.000207493
2.87724  0.000209041
2.88762  0.000199845
2.8978  0.00019429
2.90793  0.000194164
2.91823  0.000192888
2.92855  0.000188769
2.93887  0.000187197
2.94904  0.000178374
2.95917  0.000179536
2.96944  0.000177432
2.97978  0.00017437
2.98992  0.000167506
3.00018  0.000171433
3.01057  0.000165227
3.0208  0.000161675
3.031  0.000160944
3.04133  0.000157924
3.05161  0.000155807
3.06184  0.000150156
3.07208  0.000150983
3.08235  0.000146118
3.0926  0.000145147
3.10278  0.000140724
3.11292  0.000136466
3.12322  0.000142815
3.13379  0.000136747
3.14408  0.00013373
3.15438  0.000130103
3.1646  0.000128236
3.1749  0.000128012
3.18523  0.000123303
3.19553  0.000122751
3.20583  0.000120075
3.21627  0.000120379
3.22653  0.000112417
3.23684  0.00011759
3.24729  0.000111657
3.25738  0.000105903
3.26749  0.000107686
3.27792  0.000108889
3.28832  0.000103198
3.29858  0.000102657
3.30905  0.000103596
3.31957  9.83676e-05
3.32992  9.82642e-05
3.34025  9.38757e-05
3.35049  9.27535e-05
3.36083  9.24659e-05
3.37115  9.03678e-05
3.38162  8.95379e-05
3.39206  8.76597e-05
3.4023  8.33719e-05
3.41276  8.65255e-05
3.4233  8.22866e-05
3.43361  7.91316e-05
3.44387  7.91593e-05
3.45428  7.82462e-05
3.46471  7.66594e-05
3.47513  7.40277e-05
3.48547  7.39818e-05
3.49592  7.28566e-05
3.50644  7.10785e-05
3.51682  6.80696e-05
3.52725  7.01687e-05
3.53786  6.70177e-05
3.54821  6.38691e-05
3.55854  6.50336e-05
3.56915  6.27068e-05
3.57974  6.43095e-05
3.59039  6.01503e-05
3.60074  5.87911e-05
3.61125  5.91904e-05
3.62168  5.64137e-05
3.6324  5.77061e-05
3.6427  5.22404e-05
3.65312  5.47945e-05
3.66382  5.39539e-05
3.67474  5.39728e-05
3.68543  4.92785e-05
3.69599  5.21483e-05
3.70672  4.73365e-05
3.71713  4.68313e-05
3.72756  4.70671e-05
3.73831  4.6693e-05
3.74902  4.48714e-05
3.75938  4.18109e-05
3.76965  4.21618e-05
3.78025  4.35579e-05
3.79069  3.79633e-05
3.80099  4.11709e-05
3.81166  3.91634e-05
3.82226  3.95279e-05
3.833  3.66816e-05
3.84328  3.555e-05
3.85376  3.76014e-05
3.86438  3.32767e-05
3.87458  3.44994e-05
3.88479  3.24261e-05
3.89541  3.36758e-05
3.90613  3.27538e-05
3.91694  3.19162e-05
3.92749  3.16454e-05
3.9385  3.07281e-05
3.94911  2.96406e-05
3.95986  2.95259e-05
3.97063  2.80938e-05
3.98141  2.88259e-05
3.99255  2.81718e-05
4.00309  2.54885e-05
4.01346  2.48947e-05
4.02415  2.59425e-05
4.03467  2.45775e-05
4.04545  2.39608e-05
4.05639  2.50727e-05
4.06719  2.20445e-05
4.07736  2.16258e-05
4.08809  2.2615e-05
4.09883  2.10827e-05
4.10968  2.15839e-05
4.12061  2.13312e-05
4.13114  1.90256e-05
4.14156  1.80915e-05
4.15207  2.03477e-05
4.16325  1.97562e-05
4.17438  1.79629e-05
4.18475  1.7275e-05
4.19504  1.59703e-05
4.20553  1.71633e-05
4.21626  1.703e-05
4.22724  1.60702e-05
4.2384  1.66051e-05
4.24935  1.50405e-05
4.25996  1.56507e-05
4.2716  1.59886e-05
4.28188  1.186e-05
4.29277  1.56046e-05
4.30436  1.39968e-05
4.31496  1.3146e-05
4.32616  1.33044e-05
4.33641  1.16733e-05
4.34727  1.22639e-05
4.35696  9.70212e-06
4.36739  1.3138e-05
4.37809  1.04355e-05
4.3877  8.73484e-06
4.39723  1.07281e-05
4.40847  1.12918e-05
4.41902  1.02604e-05
4.43026  9.37153e-06
4.44061  1.03007e-05
4.4509  8.37711e-06
4.4604  8.36138e-06
4.47111  8.7298e-06
4.48187  1.01403e-05
4.49343  8.55811e-06
4.50502  9.44463e-06
4.51634  7.81254e-06
4.52658  7.42292e-06
4.53692  7.43197e-06
4.5471  6.40408e-06
4.55671  7.61284e-06
4.56736  6.59556e-06
4.57823  7.4562e-06
4.58902  5.98864e-06
4.59905  6.7563e-06
4.61045  6.98677e-06
4.62241  6.69817e-06
4.63406  6.48083e-06
4.64445  5.30318e-06
4.65518  6.58459e-06
4.66678  4.94869e-06
4.67733  5.63467e-06
4.688  4.64383e-06
4.69766  5.82056e-06
4.7089  4.03462e-06
4.71931  5.72321e-06
4.73053  3.59234e-06
4.73962  4.59951e-06
4.75063  4.49376e-06
4.76111  4.66445e-06
4.77281  3.42015e-06
4.78258  4.71048e-06
4.79389  3.87841e-06
4.80475  4.07937e-06
4.81604  4.09434e-06
4.82754  3.62297e-06
4.83949  3.91297e-06
4.85053  3.80659e-06
4.86163  2.67812e-06
4.872  3.06282e-06
4.88185  3.93162e-06
4.89367  2.36272e-06
4.90401  3.30306e-06
4.91442  2.67882e-06
4.92509  3.01562e-06
4.93605  1.88989e-06
4.94636  3.05444e-06
4.95568  2.47109e-06
4.96624  2.04667e-06
4.97683  2.54225e-06
4.98795  3.00798e-06
5.00054  1.63163e-06
5.00866  1.78155e-06
5.01904  2.5715e-06
5.03031  2.28343e-06
5.04046  1.78778e-06
5.05321  2.10729e-06
5.06435  2.1507e-06
5.07297  1.38747e-06
5.08507  2.01944e-06
5.09601  1.40334e-06
5.10506  2.14094e-06
5.11801  1.9389e-06
5.12781  9.93897e-07
5.1394  1.7045e-06
5.15172  2.05372e-06
5.16238  1.01595e-06
5.17341  1.50228e-06
5.18441  1.3065e-06
5.19468  1.42277e-06
5.20353  9.86372e-07
5.21371  1.21483e-06
5.22623  1.04777e-06
5.23676  1.58413e-06
5.24919  1.29595e-06
5.26076  1.11803e-06
5.27407  1.13765e-06
5.28648  1.12131e-06
5.29793  1.44327e-06
5.31196  8.71232e-07
5.32522  9.49404e-07
5.33708  1.26841e-06
5.35046  9.89571e-07
5.36467  1.02505e-06
5.37717  8.49063e-07
5.3915  5.22304e-07
5.39848  8.13764e-07
5.40847  7.40858e-07
5.4191  8.46715e-07
5.43718  6.6236e-07
5.44888  9.49586e-07
5.46392  9.71118e-07
5.48048  5.882e-07
5.49408  7.25426e-07
5.51166  8.15105e-07
5.52614  7.86866e-07
5.54264  7.96814e-07
5.56014  4.02455e-07
5.57511  7.15622e-07
5.59312  8.32333e-07
5.60854  4.01267e-07
5.62547  2.11233e-07
5.62985  3.11213e-07
5.64654  6.22946e-07
5.66275  6.91478e-07
5.68327  3.99126e-07
5.7013  3.24463e-07
5.71146  2.12116e-07
5.72161  4.42936e-07
5.74002  2.69948e-07
5.74615  2.3469e-07
5.76181  3.67939e-07
5.77995  3.23138e-07
5.80148  1.91218e-07
5.80667  2.92425e-07
5.82353  4.86685e-07
5.84535  2.12482e-07
5.86803  2.48327e-07
5.87991  3.67038e-08
5.88917  3.94123e-07
5.91406  3.21841e-07
5.93659  1.94859e-07
5.95074  6.60717e-09
5.96042  2.83291e-07
5.98744  2.89679e-07
6.01081  2.21427e-07
6.03783  2.80722e-07
6.06664  8.691e-08
6.09167  2.28245e-07
6.1213  2.94754e-07
6.14915  3.14431e-08
6.17999  1.94133e-07
6.21237  1.76865e-07
6.24292  1.13203e-07
6.27634  1.36939e-07
6.31157  5.25952e-08
6.34639  1.52836e-07
6.38302  8.9982e-08
6.41936  5.75934e-08
6.46182  9.17084e-08
6.50277  4.26652e-08
6.54409  1.03676e-07
6.59234  2.06359e-08
6.63592  1.90101e-08
6.68664  9.33151e-08
6.79076  2.6373e-08
6.85293  4.19949e-08
6.97711  3.165e-08
7.0525  7.55964e-09
7.20632  2.13653e-08
7.5042  7.69209e-09
7.93038  1.1539e-09
