-5.0619  0.0234169
-5.05776  0.0136214
-5.05673  0.0118958
-4.93021  0.0017777
-4.92612  0.0105888
-4.81018  0.00181337
-4.70629  0.000163685
-4.61217  8.1886e-06
-4.52614  2.14311e-07
-4.4469  2.27702e-09
-4.33727  0.000683332
-4.335  0.00407022
-4.26916  0.00139408
-4.20738  0.000188757
-4.14919  1.25905e-05
-4.0942  4.11895e-07
-4.04205  5.25159e-09
-3.92007  0.000267936
-3.87611  7.25563e-05
-3.834  7.25949e-06
-3.79359  3.16657e-07
-3.75473  5.04665e-09
-3.63871  0.0374974
-3.63782  0.0120432
-3.62775  9.29665e-06
-3.60501  0.00703418
-3.60452  0.0054856
-3.59476  1.86032e-06
-3.5724  0.00183585
-3.56282  1.2172e-07
-3.54117  0.000165714
-3.53186  2.58651e-09
-3.51087  8.2901e-06
-3.48147  2.16967e-07
-3.45216  0.00138717
-3.45174  0.00108178
-3.42412  0.000724075
-3.41017  0.00481248
-3.40191  1.78772e-07
-3.39713  9.80386e-05
-3.38344  0.00141136
-3.3755  2.3394e-08
-3.37086  6.53938e-06
-3.35752  0.000191097
-3.34977  7.45673e-10
-3.34525  2.13935e-07
-3.33226  1.27465e-05
-3.32028  2.72763e-09
-3.30761  4.17e-07
-3.28355  5.31669e-09
-3.25922  0.000278327
-3.2363  7.53702e-05
-3.22463  0.000271257
-3.21786  1.79848e-09
-3.21389  7.54103e-06
-3.20249  7.34557e-05
-3.19585  1.14652e-10
-3.19198  3.28938e-07
-3.18082  7.34947e-06
-3.17053  5.24237e-09
-3.15961  3.20582e-07
-3.13884  5.10921e-09
-3.09784  1.44858e-05
-3.07832  2.8987e-06
-3.06835  9.41188e-06
-3.05916  1.89661e-07
-3.04939  1.88338e-06
-3.04036  4.03024e-09
-3.03078  1.23229e-07
-3.0125  2.61857e-09
-2.9643  0.00249956
-2.959  3.71411e-07
-2.94712  0.00073305
-2.94199  4.86025e-08
-2.93331  1.80988e-07
-2.93032  9.92539e-05
-2.92527  1.54918e-09
-2.91673  2.36839e-08
-2.9138  6.62044e-06
-2.90042  7.54916e-10
-2.89754  2.16586e-07
-2.88153  2.76144e-09
-2.86522  7.22804e-05
-2.84973  1.95733e-05
-2.8418  0.000281778
-2.83719  4.67058e-09
-2.83448  1.95837e-06
-2.82668  7.63045e-05
-2.82212  2.97746e-10
-2.81946  8.54236e-08
-2.81442  1.82078e-09
-2.81178  7.63451e-06
-2.80466  1.36142e-09
-2.7997  1.16073e-10
-2.79709  3.33015e-07
-2.78262  5.30736e-09
-2.7686  0.0441867
-2.75439  0.0111743
-2.74046  0.00163895
-2.73284  1.46654e-05
-2.7268  0.000147903
-2.71927  2.93463e-06
-2.71331  7.39627e-06
-2.70589  1.92012e-07
-2.70001  1.93519e-07
-2.69268  4.08019e-09
-2.68687  2.05611e-09
-2.66686  0.00429238
-2.65411  0.00125912
-2.64157  0.000170482
-2.63467  3.76015e-07
-2.62919  1.13702e-05
-2.62237  4.92049e-08
-2.61697  3.71934e-07
-2.61022  1.56839e-09
-2.60488  4.7421e-09
-2.57468  0.000241942
-2.5732  0.00150567
-2.56616  7.31764e-05
-2.56311  6.5522e-05
-2.56159  0.00044157
-2.55469  1.98159e-05
-2.55167  6.55551e-06
-2.55017  5.97879e-05
-2.54536  4.72848e-09
-2.54334  1.98265e-06
-2.54036  2.85936e-07
-2.53888  3.98798e-06
-2.53412  3.01436e-10
-2.53212  8.64825e-08
-2.52917  4.55704e-09
-2.52771  1.30466e-07
-2.52103  1.3783e-09
-2.51666  1.66342e-09
-2.49882  1.3026e-06
-2.49042  8.39472e-06
-2.48901  0.000169996
-2.48259  7.61706e-06
-2.47979  1.67987e-06
-2.47839  4.59808e-05
-2.47204  1.52422e-06
-2.46927  1.09911e-07
-2.46789  4.59919e-06
-2.4616  9.97292e-08
-2.45885  2.33558e-09
-2.45749  2.00599e-07
-2.45127  2.11922e-09
-2.4472  3.19701e-09
-2.43099  0.00222943
-2.42094  0.000653928
-2.41279  1.61428e-07
-2.41107  9.73744e-05
-2.40555  2.92948e-07
-2.40296  2.11244e-08
-2.40132  7.67312e-06
-2.39579  3.83349e-08
-2.39322  6.7333e-10
-2.39166  3.08842e-07
-2.38612  1.22191e-09
-2.38209  4.92081e-09
-2.35771  0.000251325
-2.34841  6.80606e-05
-2.34246  0.00152433
-2.34084  1.624e-09
-2.33921  7.03609e-06
-2.33326  0.000447049
-2.33169  1.03529e-10
-2.33011  3.26665e-07
-2.32419  6.05293e-05
-2.3211  5.67853e-09
-2.3152  4.03741e-06
-2.3063  1.32083e-07
-2.29747  1.68404e-09
-2.28955  1.30804e-05
-2.2884  8.8159e-05
-2.28316  1.31874e-06
-2.28087  2.61748e-06
-2.27973  2.38732e-05
-2.27527  0.000172103
-2.27228  1.74109e-07
-2.27114  2.38859e-06
-2.26672  4.65508e-05
-2.26376  3.82081e-09
-2.26263  1.0419e-07
-2.25825  4.6562e-06
-2.25418  1.6605e-09
-2.24984  2.03086e-07
-2.2415  3.23664e-09
-2.23224  1.301e-08
-2.22583  3.35378e-07
-2.22475  9.17833e-06
-2.21984  1.01436e-07
-2.21769  4.38873e-08
-2.21663  1.83636e-06
-2.21245  8.9568e-06
-2.20963  1.41285e-09
-2.20857  1.20148e-07
-2.20443  1.79008e-06
-2.20058  2.55312e-09
-2.19647  1.17096e-07
-2.18857  2.48827e-09
-2.18009  6.52681e-05
-2.17233  1.7675e-05
-2.166  4.21746e-09
-2.16469  2.12135e-06
-2.16037  2.55118e-09
-2.15835  2.6886e-10
-2.15713  1.2332e-07
-2.15342  2.29471e-07
-2.1496  2.70143e-09
-2.14586  3.00072e-08
-2.13837  9.56466e-10
-2.12294  6.79386e-06
-2.11562  1.3595e-06
-2.11089  8.92518e-05
-2.10911  0.0387744
-2.10366  2.41691e-05
-2.10182  0.00979893
-2.09776  2.88362e-09
-2.09648  2.4182e-06
-2.09462  0.00143687
-2.09063  1.83828e-10
-2.08936  1.05481e-07
-2.08751  0.0001297
-2.08228  1.68108e-09
-2.08046  6.48847e-06
-2.07345  1.69815e-07
-2.06813  2.64442e-06
-2.06649  1.80426e-09
-2.06386  1.31713e-08
-2.06118  5.11071e-07
-2.05756  9.2921e-06
-2.0558  0.00376661
-2.05425  3.1202e-08
-2.05071  1.85912e-06
-2.04894  0.00110464
-2.04743  6.63034e-10
-2.04392  1.21638e-07
-2.04216  0.000149567
-2.03716  2.58477e-09
-2.03542  9.97642e-06
-2.02873  3.26376e-07
-2.02385  0.00135959
-2.02208  4.16124e-09
-2.01721  0.000398918
-2.01299  6.6253e-10
-2.01064  5.40118e-05
-2.00701  3.57345e-07
-2.00531  0.000212307
-2.00412  3.60185e-06
-2.00051  4.67564e-08
-1.99883  5.7492e-05
-1.99765  1.17809e-07
-1.99406  1.49034e-09
-1.99239  5.75226e-06
-1.99121  1.50204e-09
-1.98599  2.50912e-07
-1.98075  1.17622e-06
-1.97963  3.99886e-09
-1.97496  0.000153504
-1.96868  4.15246e-05
-1.96244  4.15328e-06
-1.95898  5.9909e-09
-1.95737  7.36646e-06
-1.95623  1.81138e-07
-1.9528  3.81915e-10
-1.9512  1.47408e-06
-1.95007  2.88685e-09
-1.94507  9.64481e-08
-1.93897  2.0495e-09
-1.93398  9.0474e-08
-1.92786  3.48703e-05
-1.92407  2.41267e-06
-1.92254  0.00196522
-1.91811  4.82791e-07
-1.91656  0.000574574
-1.91324  3.67011e-11
-1.91179  1.73244e-07
-1.91065  7.77176e-05
-1.90583  1.92081e-08
-1.90477  5.18217e-06
-1.89996  5.90855e-10
-1.89893  1.69517e-07
-1.89312  2.16131e-09
-1.88868  3.40116e-08
-1.88516  6.88224e-11
-1.88343  3.00696e-06
-1.87993  1.85584e-07
-1.87844  0.000221127
-1.87423  2.42849e-08
-1.87276  5.97592e-05
-1.86827  2.19915e-09
-1.86711  5.97612e-06
-1.86153  4.18611e-08
-1.86148  2.18873e-07
-1.8559  4.15394e-09
-1.8518  7.96062e-05
-1.84627  2.15587e-05
-1.84079  2.26715e-06
-1.83773  4.66743e-09
-1.8363  1.15866e-05
-1.83228  2.97545e-10
-1.83087  2.29881e-06
-1.82547  1.50289e-07
-1.82009  3.19347e-09
-1.81568  1.17478e-08
-1.81081  8.28788e-06
-1.80552  1.65822e-06
-1.80209  2.72147e-05
-1.80026  1.10296e-07
-1.79681  7.66399e-06
-1.79503  2.42045e-09
-1.79159  7.75869e-07
-1.78641  3.33908e-08
-1.78128  5.12596e-10
-1.77667  0.00102313
-1.77154  0.000301826
-1.76779  3.21296e-08
-1.76646  9.82328e-05
-1.76316  2.83703e-06
-1.76141  1.82397e-05
-1.75812  5.70701e-07
-1.75639  1.64083e-06
-1.75311  3.73257e-08
-1.75139  6.88181e-08
-1.74813  7.88148e-10
-1.74641  1.07876e-09
-1.73873  0.000115338
-1.73764  2.07284e-10
-1.73382  3.13503e-05
-1.73022  1.61615e-09
-1.72895  9.10163e-06
-1.72577  1.09052e-07
-1.72409  1.32975e-06
-1.72093  1.42751e-08
-1.71926  8.02281e-08
-1.71611  4.54435e-10
-1.71445  1.65866e-09
-1.70616  2.15193e-06
-1.70222  6.43347e-06
-1.69754  1.23223e-06
-1.69287  3.08656e-07
-1.68981  1.82675e-09
-1.6882  3.1674e-08
-1.68515  1.16454e-10
-1.68354  9.5636e-10
-1.67513  6.13846e-11
-1.67093  1.65528e-07
-1.6686  0.00103581
-1.66709  1.75571e-07
-1.66402  0.000305245
-1.66225  0.00119308
-1.65949  4.14248e-05
-1.65771  0.000349895
-1.65498  2.76276e-06
-1.65321  4.73749e-05
-1.6505  9.01619e-08
-1.64873  3.15999e-06
-1.64603  1.14433e-09
-1.64427  1.03378e-07
-1.64143  5.99055e-05
-1.63984  1.31806e-09
-1.637  1.62554e-05
-1.63472  0.000116768
-1.6326  2.66123e-06
-1.63033  3.17335e-05
-1.6286  0.000134772
-1.62596  3.17852e-06
-1.62424  3.64354e-05
-1.62161  1.38472e-07
-1.6199  3.64429e-06
-1.61728  2.19935e-09
-1.61558  1.58951e-07
-1.61127  2.53324e-09
-1.6082  3.05092e-05
-1.60391  7.82249e-06
-1.60206  6.07727e-06
-1.59968  8.18806e-07
-1.59782  1.21895e-06
-1.59614  7.04069e-06
-1.5936  7.97503e-08
-1.59194  1.40151e-06
-1.5894  1.69082e-09
-1.58774  9.16486e-08
-1.58357  1.94751e-09
-1.58015  2.86572e-08
-1.5764  2.77024e-06
-1.57226  5.37124e-07
-1.57051  1.55819e-07
-1.56817  3.60785e-08
-1.56641  2.04136e-08
-1.5648  1.80305e-07
-1.56234  6.49933e-10
-1.56118  0.0342395
-1.55708  0.0086529
-1.55303  0.00126883
-1.54901  0.000114533
-1.54727  6.0648e-05
-1.54503  6.12634e-06
-1.54328  1.64527e-05
-1.5417  7.00773e-05
-1.5393  1.64901e-06
-1.53774  1.89225e-05
-1.53532  7.41805e-08
-1.53378  1.89275e-06
-1.53095  0.00332609
-1.52985  8.25575e-08
-1.52701  0.000975449
-1.52593  1.31574e-09
-1.52311  0.000133694
-1.51922  9.13395e-06
-1.51753  6.31296e-06
-1.51538  3.44111e-07
-1.51366  1.26474e-06
-1.51214  7.27991e-06
-1.50981  8.27586e-08
-1.5083  1.45518e-06
-1.50597  1.76745e-09
-1.50447  9.5203e-08
-1.50171  0.000187477
-1.50066  2.02304e-09
-1.49836  0.000974634
-1.49457  0.00027746
-1.49081  3.71858e-05
-1.48873  2.42793e-07
-1.48706  2.46932e-06
-1.48498  3.17898e-08
-1.48347  3.6014e-07
-1.48125  1.01271e-09
-1.47978  3.76158e-08
-1.47607  1.16645e-09
-1.4734  6.50492e-06
-1.47016  0.00010545
-1.46649  2.83923e-05
-1.46284  2.83702e-06
-1.45977  4.26679e-07
-1.4563  6.67609e-08
-1.45251  0.00172755
-1.44889  0.00050664
-1.44531  6.87233e-05
-1.44234  4.65453e-05
-1.43982  2.72666e-06
-1.43878  1.0055e-05
-1.43648  3.99451e-07
-1.43525  2.88161e-06
-1.433  4.60205e-08
-1.43172  4.21094e-07
-1.42944  3.49541e-09
-1.42821  2.54119e-08
-1.42567  0.000194748
-1.42218  5.2737e-05
-1.4187  5.29933e-06
-1.41581  4.1748e-06
-1.41362  1.44312e-07
-1.41237  7.65362e-07
-1.41026  1.70879e-08
-1.40894  1.95079e-07
-1.40677  1.10461e-09
-1.40551  2.00652e-08
-1.40328  3.68862e-11
-1.4021  6.05846e-10
-1.39963  1.01358e-05
-1.39664  5.61219e-05
-1.39327  1.48084e-05
-1.38993  1.61994e-06
-1.38804  3.17159e-09
-1.38659  8.32976e-08
-1.3847  2.02186e-10
-1.38335  5.28199e-09
-1.38005  2.32881e-10
-1.37434  2.59878e-07
-1.37144  5.66471e-06
-1.36816  1.12916e-06
-1.36604  3.69881e-05
-1.36489  7.38147e-08
-1.36277  1.00277e-05
-1.36148  2.13019e-05
-1.35952  1.00366e-06
-1.35824  5.76808e-06
-1.35561  5.11959e-05
-1.35239  1.37214e-05
-1.34918  1.37395e-06
-1.34654  2.25165e-06
-1.34341  4.46527e-07
-1.34168  3.85275e-06
-1.34016  5.19351e-08
-1.3385  7.71081e-07
-1.33725  2.22102e-06
-1.33534  5.04445e-08
-1.33409  4.43777e-07
-1.33154  5.29455e-06
-1.32841  1.05407e-06
-1.32528  6.90836e-08
-1.3225  4.238e-07
-1.32082  1.0982e-09
-1.31937  7.34986e-08
-1.31798  1.48135e-07
-1.3163  5.39141e-09
-1.31489  1.9383e-08
-1.31367  8.54266e-08
-1.31181  6.17591e-10
-1.3106  1.11586e-08
-1.30812  2.02824e-07
-1.30543  1.48876e-06
-1.30239  2.93686e-07
-1.2993  4.35228e-08
-1.29623  3.33561e-09
-1.29492  2.48261e-09
-1.29322  1.01088e-10
-1.29191  1.58264e-10
-1.29072  1.42975e-09
-1.28803  0.00105353
-1.28503  0.000308973
-1.28206  4.19467e-05
-1.2791  2.80514e-06
-1.27706  0.000812796
-1.2741  0.000239309
-1.27116  3.24485e-05
-1.26829  3.07434e-06
-1.26573  0.000119018
-1.26283  3.2174e-05
-1.25993  3.26036e-06
-1.258  3.22934e-10
-1.25705  1.45524e-07
-1.25504  9.15476e-05
-1.25217  2.48572e-05
-1.24931  2.48839e-06
-1.24652  1.78486e-07
-1.24402  6.19211e-06
-1.24151  3.42257e-05
-1.2387  9.02678e-06
-1.2359  2.47134e-07
-1.23588  6.49903e-07
-1.23359  4.79944e-06
-1.23079  9.54908e-07
-1.22801  6.24187e-08
-1.22531  3.08658e-09
-1.22285  1.7807e-07
-1.22041  3.45712e-06
-1.21766  6.88434e-07
-1.21491  4.49929e-08
-1.21268  1.24765e-07
-1.20995  1.62156e-08
-1.20712  6.16859e-05
-1.20441  1.67042e-05
-1.20171  1.67428e-06
-1.19948  8.07409e-07
-1.19714  4.76467e-05
-1.19446  1.28908e-05
-1.19179  1.29107e-06
-1.18915  6.54019e-08
-1.18685  6.42303e-06
-1.1842  1.28491e-06
-1.18156  8.4434e-08
-1.17937  5.03477e-08
-1.17711  4.94922e-06
-1.17449  9.90204e-07
-1.17189  6.47743e-08
-1.16932  1.83259e-09
-1.16706  2.46975e-07
-1.16478  1.81582e-06
-1.16221  3.58068e-07
-1.15965  2.45387e-08
-1.15755  1.90623e-07
-1.15499  2.48811e-08
-1.15245  7.92624e-10
-1.14773  4.26773e-09
-1.14551  1.37457e-07
-1.143  1.79553e-08
-1.14137  6.10301e-07
-1.13821  3.59337e-07
-1.13553  5.50329e-08
-1.13336  1.67073e-06
-1.13088  3.33741e-07
-1.12916  1.24342e-05
-1.12669  3.38919e-06
-1.12424  1.62317e-06
-1.12191  3.18659e-07
-1.11941  4.12109e-08
-1.11687  2.95647e-09
-1.11481  1.2834e-07
-1.11239  1.67842e-08
-1.11071  1.29255e-06
-1.10829  2.61404e-07
-1.10589  1.15914e-07
-1.10356  1.44664e-08
-1.10112  9.39743e-10
-1.09668  3.22584e-09
-1.0946  3.5832e-08
-1.09263  5.43529e-08
-1.09029  6.74759e-09
-1.08796  2.6948e-09
-1.08566  1.67881e-10
-1.08106  1.88091e-05
-1.07933  0.0310457
-1.07699  0.00784501
-1.07572  1.2567e-05
-1.07467  0.00115031
-1.07242  0.000136207
-1.07017  1.33863e-05
-1.06791  9.36435e-07
-1.06567  5.81376e-08
-1.06367  1.96133e-06
-1.06196  0.00301641
-1.05968  0.000884477
-1.05845  1.30803e-06
-1.05742  0.000119762
-1.05522  1.12652e-05
-1.05303  8.8199e-07
-1.0508  4.3177e-08
-1.04864  1.95532e-09
-1.04572  0.000972324
-1.0435  0.000281142
-1.04132  3.65991e-05
-1.03912  2.4539e-06
-1.03686  8.81986e-08
-1.03456  1.36905e-09
-1.02918  9.63163e-05
-1.02702  2.56532e-05
-1.02487  2.53215e-06
-1.02271  1.10625e-07
-1.02005  0.000715889
-1.01789  0.000210966
-1.01598  0.00159478
-1.01383  0.000465919
-1.0117  6.41279e-05
-1.00961  5.80052e-06
-1.00755  4.50332e-07
-1.00548  2.243e-08
-1.00395  8.07032e-05
-1.00184  2.19322e-05
-0.999969  0.000178763
-0.997666  0.0008597
-0.995561  0.000242834
-0.993478  3.25579e-05
-0.991402  2.16892e-06
-0.989331  7.08288e-08
-0.988189  4.20114e-06
-0.986361  1.20506e-05
-0.984956  5.91948e-05
-0.983042  1.33497e-05
-0.982014  9.34016e-05
-0.980006  2.58786e-05
-0.978961  9.37555e-09
-0.97793  2.48427e-06
-0.975905  1.09209e-07
-0.973866  1.72332e-09
-0.972752  1.07693e-07
-0.970975  1.18078e-06
-0.969682  5.35618e-06
-0.967735  9.85563e-07
-0.96669  4.86599e-06
-0.9647  9.59204e-07
-0.962703  6.44458e-08
-0.961243  4.19178e-05
-0.959254  1.13711e-05
-0.957479  4.69897e-05
-0.955498  1.31078e-05
-0.953536  1.37208e-06
-0.951664  2.15847e-07
-0.949734  2.13517e-08
-0.947775  7.27262e-10
-0.946347  4.36314e-06
-0.944397  8.74112e-07
-0.94266  4.82992e-06
-0.940511  4.85138e-05
-0.938574  1.29356e-05
-0.936645  1.29213e-06
-0.934721  5.63638e-08
-0.9328  8.95959e-10
-0.931745  1.67804e-07
-0.930058  6.2793e-07
-0.928758  1.57467e-06
-0.926068  5.23329e-06
-0.924139  1.00745e-06
-0.922237  6.51449e-08
-0.920344  1.37624e-09
-0.916598  0.000724162
-0.915431  0.00116755
-0.91363  0.000309472
-0.911807  3.98434e-05
-0.910012  3.17289e-06
-0.908245  1.90011e-07
-0.906747  1.14051e-06
-0.904902  2.27047e-07
-0.902574  8.24648e-05
-0.901434  0.000129955
-0.8997  3.07958e-05
-0.898068  3.61882e-06
-0.896218  1.83848e-07
-0.894527  8.50231e-09
-0.892915  8.73089e-08
-0.891104  1.14095e-08
-0.888433  4.06891e-05
-0.886683  8.8734e-06
-0.885084  1.1811e-06
-0.883141  3.63131e-08
-0.881628  9.55429e-10
-0.879344  2.19201e-09
-0.877782  1.22441e-08
-0.876644  1.84994e-08
-0.875063  3.23618e-06
-0.873381  7.41867e-07
-0.871548  3.96121e-08
-0.870027  1.24871e-09
-0.867614  2.55622e-05
-0.865336  4.93168e-05
-0.864174  6.80949e-05
-0.862511  1.64383e-05
-0.861135  1.13717e-05
-0.859453  2.81749e-06
-0.857718  2.70025e-07
-0.85605  2.67925e-08
-0.854519  2.66297e-06
-0.852265  4.95319e-06
-0.851174  6.7401e-06
-0.849387  3.02067e-05
-0.84774  8.94787e-06
-0.846091  9.93992e-07
-0.844434  4.77154e-08
-0.842982  1.5897e-09
-0.841667  1.02382e-07
-0.83937  2.10067e-06
-0.837976  6.47392e-07
-0.83662  3.07076e-06
-0.834988  6.47376e-07
-0.833352  4.50911e-08
-0.831705  1.00352e-09
-0.829054  1.82124e-09
-0.827034  6.57216e-08
-0.826538  9.33465e-08
-0.824199  1.32009e-07
-0.822505  1.63585e-08
-0.820861  5.31807e-10
-0.819629  1.382e-06
-0.817535  1.42244e-06
-0.816449  1.75982e-06
-0.814884  3.26598e-07
-0.813615  5.51944e-07
-0.812008  1.09372e-07
-0.810396  7.10635e-09
-0.808827  2.46606e-10
-0.807413  1.06309e-07
-0.805083  1.36058e-07
-0.804309  9.42946e-08
-0.802211  0.000636859
-0.800616  0.000186616
-0.799031  2.52448e-05
-0.797451  1.68306e-06
-0.795853  5.7719e-08
-0.793321  5.30819e-08
-0.792038  1.44451e-09
-0.7903  7.17359e-05
-0.78874  1.94078e-05
-0.787184  1.94073e-06
-0.785631  8.4632e-08
-0.782948  1.11927e-05
-0.782412  3.42598e-05
-0.780895  9.7753e-06
-0.778651  4.227e-06
-0.777087  7.67345e-07
-0.775295  7.72533e-08
-0.77314  8.88115e-09
-0.771417  2.81667e-06
-0.770403  2.33477e-06
-0.769045  3.72795e-07
-0.767432  1.50801e-07
-0.76564  1.3238e-08
-0.763573  1.79989e-09
-0.761025  2.98805e-09
-0.759769  6.7336e-07
-0.758536  3.73186e-05
-0.757052  1.00842e-05
-0.755571  1.00949e-06
-0.754092  4.40361e-08
-0.752606  7.17571e-10
-0.750223  5.78922e-10
-0.74989  7.18837e-11
-0.74867  3.82703e-08
-0.747401  3.87898e-06
-0.745941  7.75052e-07
-0.744485  5.0696e-08
-0.742476  4.22478e-07
-0.741383  0.000650487
-0.73993  0.000191636
-0.738488  2.59938e-05
-0.737023  2.20592e-06
-0.735574  1.40994e-07
-0.734184  5.5902e-09
-0.732898  3.30632e-10
-0.731613  3.25287e-08
-0.730536  7.32784e-05
-0.729115  1.99051e-05
-0.727631  2.47082e-06
-0.726129  2.09839e-07
-0.724694  1.10588e-08
-0.723308  2.36959e-10
-0.72045  1.94526e-05
-0.719347  9.65541e-06
-0.717729  1.81449e-06
-0.716296  2.48137e-07
-0.714894  1.44994e-08
-0.713493  2.79731e-10
-0.709959  2.05177e-06
-0.70871  4.79034e-07
-0.707297  1.14821e-07
-0.705913  1.1872e-08
-0.70415  8.68534e-06
-0.702787  2.3687e-06
-0.701575  3.82656e-05
-0.700216  1.04044e-05
-0.698863  1.04421e-06
-0.697516  6.03147e-08
-0.696201  2.53567e-09
-0.693941  9.04087e-07
-0.692601  1.8175e-07
-0.69141  3.96884e-06
-0.689935  2.0487e-05
-0.688176  2.80864e-05
-0.686791  6.67989e-06
-0.685446  6.37911e-07
-0.683995  6.19464e-08
-0.682009  1.14033e-06
-0.680983  3.79841e-07
-0.679951  2.09806e-06
-0.67821  2.7749e-06
-0.676858  4.99416e-07
-0.675539  3.14832e-08
-0.674137  1.23986e-09
-0.671686  8.00179e-07
-0.670066  1.23094e-07
-0.668416  1.0377e-07
-0.666658  4.81827e-07
-0.66537  9.45589e-08
-0.66423  1.0338e-06
-0.662867  2.4299e-07
-0.661574  3.26047e-08
-0.660399  3.82076e-09
-0.658783  1.67829e-09
-0.657607  0.000560978
-0.656343  0.000164513
-0.655087  2.23534e-05
-0.653608  2.56076e-06
-0.651649  1.50886e-06
-0.650304  2.45704e-07
-0.648163  6.32524e-05
-0.646925  1.71253e-05
-0.645692  1.73712e-06
-0.644189  1.63077e-07
-0.642259  1.05115e-07
-0.640997  1.2685e-08
-0.638877  3.29154e-06
-0.637439  4.14007e-05
-0.636288  0.0290206
-0.635063  0.00733231
-0.633848  0.00107507
-0.632641  9.70398e-05
-0.631437  4.86383e-06
-0.630039  2.12661e-07
-0.628692  1.8546e-06
-0.627182  0.00282082
-0.625984  0.000826959
-0.624794  0.000111936
-0.623033  4.0554e-05
-0.621723  8.89718e-06
-0.620115  1.60334e-06
-0.61823  0.000159146
-0.617056  4.3047e-05
-0.615885  4.30703e-06
-0.614064  3.60661e-06
-0.612867  6.87119e-07
-0.611184  9.68909e-08
-0.609426  5.52005e-06
-0.608271  1.10445e-06
-0.607119  7.22398e-08
-0.605667  4.19366e-07
-0.603956  2.2771e-06
-0.602843  0.00146404
-0.601697  0.000429408
-0.60056  5.82576e-05
-0.599424  3.89191e-06
-0.59829  1.27371e-07
-0.597181  2.58525e-08
-0.595719  7.61575e-08
-0.59428  0.000165106
-0.593167  4.53494e-05
-0.592073  4.97669e-06
-0.590435  1.17446e-06
-0.589144  1.7833e-07
-0.587412  4.11647e-08
-0.585854  8.6306e-06
-0.584745  1.75892e-06
-0.583647  1.24798e-07
-0.581929  7.14043e-08
-0.580803  8.94134e-09
-0.578668  6.31935e-09
-0.577562  2.22129e-07
-0.576455  2.9642e-08
-0.575351  9.64534e-10
-0.574118  1.31575e-08
-0.572417  4.56032e-08
-0.571359  4.28557e-05
-0.570284  1.1607e-05
-0.569212  1.16416e-06
-0.568142  5.08362e-08
-0.566536  2.00306e-05
-0.565471  5.42447e-06
-0.564408  5.44743e-07
-0.562767  1.99232e-05
-0.561676  5.08507e-06
-0.560585  4.78078e-07
-0.558561  2.1181e-06
-0.557498  4.17653e-07
-0.556451  2.73382e-08
-0.55475  1.7778e-06
-0.553688  3.44327e-07
-0.552624  2.18645e-08
-0.550033  2.92012e-07
-0.549464  7.92833e-07
-0.548476  0.000892765
-0.547444  0.000261851
-0.546419  3.54525e-05
-0.545396  2.36444e-06
-0.544375  7.75006e-08
-0.542242  1.54122e-08
-0.540769  0.000101621
-0.53975  2.72606e-05
-0.538741  2.72676e-06
-0.537199  1.20181e-06
-0.536141  2.18587e-07
-0.534987  1.74773e-08
-0.533091  7.02533e-06
-0.532049  4.04101e-07
-0.531186  1.1001e-08
-0.529598  8.67998e-08
-0.528579  9.50081e-09
-0.525744  2.11613e-07
-0.524667  1.55828e-08
-0.521702  1.00512e-05
-0.520013  5.76339e-05
-0.518996  1.04305e-05
-0.517203  6.23295e-08
-0.516098  1.14948e-09
-0.514555  8.68346e-07
-0.512683  6.67375e-06
-0.510934  7.54451e-08
-0.509455  2.35596e-08
-0.507593  3.03405e-07
-0.505569  2.56258e-07
-0.503815  1.0807e-09
-0.502237  1.15743e-09
-0.500589  1.95571e-08
-0.498605  4.68464e-09
-0.496724  6.84613e-08
-0.494892  5.22127e-07
-0.493163  1.70412e-06
-0.491497  1.57256e-08
-0.489243  1.25704e-07
-0.48832  0.000657992
-0.486632  2.25507e-05
-0.484805  4.28394e-08
-0.481534  7.2892e-05
-0.479888  1.68339e-06
-0.478183  5.54011e-09
-0.475144  1.26854e-05
-0.473618  2.14135e-05
-0.471929  1.40764e-07
-0.469687  9.14297e-09
-0.468588  1.06702e-06
-0.467082  1.99957e-06
-0.464929  1.73283e-05
-0.463306  3.82256e-05
-0.461675  9.75659e-07
-0.459902  8.99395e-09
-0.458618  1.49542e-06
-0.457108  3.32384e-06
-0.455928  1.06834e-05
-0.453586  4.71803e-09
-0.451623  2.89023e-07
-0.450292  0.000811441
-0.448022  1.70374e-06
-0.445288  1.78325e-08
-0.444083  8.89152e-05
-0.441405  8.18291e-07
-0.439887  1.01001e-06
-0.438039  4.40519e-06
-0.436518  4.77066e-08
-0.435166  6.40107e-08
-0.433013  2.3885e-07
-0.432531  4.41248e-07
-0.430501  4.61817e-10
-0.428714  1.21735e-08
-0.427362  4.61729e-05
-0.425196  4.28535e-08
-0.422411  3.58551e-05
-0.420877  1.17688e-06
-0.418887  1.85334e-08
-0.416831  2.74336e-06
-0.415889  5.94269e-07
-0.4145  4.99031e-11
-0.413136  7.59212e-10
-0.411142  4.17445e-07
-0.409833  2.26392e-07
-0.407239  1.93386e-10
-0.405707  1.17669e-06
-0.404275  2.80951e-08
-0.402458  4.73618e-07
-0.401212  1.49953e-06
-0.40004  4.97635e-07
-0.398862  1.13027e-08
-0.396891  3.8399e-08
-0.395686  1.08818e-07
-0.394644  3.34165e-07
-0.393345  1.83415e-09
-0.391067  2.4114e-09
-0.389818  2.77361e-05
-0.388512  4.51088e-07
-0.387117  4.15281e-10
-0.38454  2.5971e-06
-0.383792  1.54318e-07
-0.382006  2.11398e-08
-0.380881  2.8388e-08
-0.379299  1.09131e-07
-0.376813  9.621e-10
-0.37505  4.40233e-09
-0.374459  7.85151e-06
-0.372562  3.612e-09
-0.3714  7.09389e-08
-0.369886  2.14411e-06
-0.368735  4.08288e-08
-0.367481  1.22415e-10
-0.366075  5.78561e-07
-0.365049  1.94492e-07
-0.36373  5.48645e-10
-0.362755  2.11588e-10
-0.360985  5.06203e-08
-0.355602  4.02098e-07
-0.353886  3.71766e-10
-0.352692  2.65896e-09
-0.351126  5.50958e-08
-0.350086  1.98412e-10
-0.348061  1.60472e-05
-0.345441  0.000102116
-0.345233  0.000836184
-0.344035  1.16508e-05
-0.342794  2.91708e-07
-0.340557  0.000103239
-0.339293  1.028e-06
-0.337824  4.42767e-07
-0.335947  5.04262e-06
-0.334616  3.34896e-08
-0.33327  3.22624e-08
-0.331498  0.00095046
-0.330403  1.10547e-05
-0.329308  2.10933e-08
-0.327298  0.000158485
-0.325908  1.11986e-06
-0.324597  2.40466e-07
-0.323023  1.03349e-05
-0.321447  9.64386e-06
-0.320151  5.95439e-09
-0.318765  3.22609e-07
-0.317118  9.24353e-07
-0.315913  1.25349e-08
-0.314853  5.42981e-05
-0.313747  4.51478e-07
-0.310874  1.35878e-05
-0.309424  3.12264e-08
-0.307755  0.000847261
-0.306736  1.03008e-05
-0.305389  5.16878e-07
-0.303582  9.32266e-05
-0.301563  6.94703e-05
-0.30138  0.000553827
-0.299857  2.85887e-05
-0.299371  2.29914e-05
-0.297304  6.98527e-05
-0.295355  3.84739e-06
-0.293367  2.94529e-06
-0.292332  4.93682e-05
-0.290278  9.80958e-09
-0.288468  1.72669e-06
-0.287584  3.62027e-05
-0.286302  3.61921e-05
-0.284531  2.0699e-06
-0.283635  3.27228e-06
-0.282452  3.47739e-06
-0.28107  8.14105e-08
-0.280235  1.68224e-07
-0.278954  3.9209e-07
-0.27776  1.30078e-06
-0.276694  1.45763e-09
-0.275197  2.25912e-08
-0.273129  8.15735e-05
-0.272953  0.00067275
-0.271094  8.64295e-08
-0.269293  8.23808e-05
-0.268334  5.95613e-07
-0.266998  2.96041e-05
-0.265685  4.20202e-06
-0.264588  5.60553e-09
-0.263377  2.98367e-06
-0.261504  2.17541e-05
-0.259366  4.34561e-05
-0.258059  2.45016e-06
-0.255878  4.21817e-06
-0.253742  1.60284e-06
-0.252431  1.49712e-07
-0.250358  3.0014e-08
-0.24955  7.55508e-07
-0.248475  1.11133e-06
-0.247245  2.35308e-05
-0.245342  9.0004e-08
-0.243943  2.26536e-06
-0.242102  6.19824e-09
-0.240777  1.08366e-07
-0.237206  4.86003e-05
-0.236152  2.18526e-07
-0.23473  1.89678e-06
-0.233872  1.02743e-05
-0.232841  4.52872e-09
-0.231719  5.98709e-07
-0.230669  7.89716e-07
-0.228012  1.11704e-07
-0.227069  0.00066452
-0.225346  2.07748e-06
-0.224012  7.30294e-05
-0.222209  4.37344e-07
-0.220698  2.37786e-05
-0.218947  8.80113e-08
-0.217706  2.05093e-06
-0.215869  5.28099e-05
-0.21468  8.0688e-07
-0.212973  5.17047e-06
-0.211981  1.93914e-08
-0.21081  0.0367724
-0.209379  3.57138e-06
-0.207955  0.00368756
-0.206865  2.32111e-06
-0.205164  0.000204837
-0.203281  2.10789e-07
-0.202432  6.81436e-06
-0.200311  0.00191542
-0.199327  1.07769e-06
-0.197578  0.00023288
-0.195531  2.90353e-05
-0.194551  1.51239e-06
-0.193162  1.95285e-06
-0.191673  7.34095e-07
-0.190362  5.46226e-05
-0.189101  5.47849e-08
-0.187741  6.92475e-06
-0.185922  1.21731e-06
-0.183064  0.00116698
-0.182158  1.75901e-06
-0.180619  0.000127072
-0.180023  2.04088e-06
-0.178178  6.57781e-06
-0.176767  2.28866e-08
-0.175754  1.67468e-07
-0.17398  6.65535e-05
-0.17102  0.000606769
-0.170446  2.61187e-06
-0.168722  6.62385e-05
-0.168073  2.04981e-07
-0.166555  2.07624e-05
-0.165365  1.68333e-06
-0.164346  1.78712e-06
-0.162706  5.01635e-05
-0.160137  2.26226e-05
-0.158953  2.21676e-05
-0.157518  1.82943e-06
-0.156841  1.39195e-06
-0.154805  1.93884e-06
-0.152216  7.18334e-07
-0.151433  0.000795437
-0.149428  3.57879e-05
-0.149075  8.81325e-05
-0.147093  7.83071e-06
-0.145585  6.77228e-06
-0.143929  4.58469e-05
-0.141794  6.78624e-06
-0.14043  3.70632e-07
-0.138774  1.23539e-06
-0.136822  1.22394e-06
-0.135056  3.10898e-08
-0.134719  1.13293e-07
-0.133628  7.90938e-09
-0.131744  4.13294e-05
-0.129898  5.04489e-06
-0.128019  2.06823e-07
-0.126549  1.88388e-07
-0.125229  2.1067e-06
-0.123918  5.3788e-08
-0.122936  1.43461e-05
-0.121291  1.39474e-06
-0.119725  4.40291e-07
-0.118513  3.96931e-08
-0.116943  8.90561e-07
-0.114827  1.08662e-06
-0.11404  2.90275e-07
-0.112942  5.57576e-08
-0.111439  2.8683e-08
-0.110025  1.22848e-05
-0.10885  1.06048e-05
-0.106679  0.00056419
-0.105247  6.22004e-05
-0.103851  3.7154e-06
-0.102159  0.000641154
-0.100892  8.35296e-05
-0.0996231  4.44435e-06
-0.0985076  2.07794e-07
-0.097129  3.51569e-05
-0.0959288  5.26415e-06
-0.094584  4.46874e-07
-0.0927009  2.01281e-05
-0.0915945  2.34082e-06
-0.0902221  9.27747e-08
-0.08872  2.38554e-05
-0.0875471  1.08588e-06
-0.0864305  8.09166e-08
-0.0844376  9.58796e-07
-0.0842373  1.58773e-07
-0.0829822  1.12206e-05
-0.0818789  1.08832e-06
-0.0806596  5.01763e-07
-0.0789323  9.40048e-07
-0.0767641  1.38536e-05
-0.0757121  1.31307e-06
-0.0746677  5.1755e-08
-0.07346  1.58e-05
-0.0723809  1.53454e-06
-0.0712612  8.91335e-08
-0.0698439  8.24111e-07
-0.0686541  3.9713e-08
-0.0666973  4.27865e-07
-0.0659722  3.40115e-08
-0.0638606  6.31327e-07
-0.0614736  2.73445e-09
-0.0607634  2.0634e-08
-0.0591723  8.7926e-06
-0.0568369  8.80639e-06
-0.0559848  3.94625e-07
-0.0552862  5.92901e-08
-0.0540402  4.59012e-07
-0.0528434  7.96327e-06
-0.0517541  1.17104e-05
-0.0496486  6.64369e-06
-0.0491431  9.34125e-07
-0.048156  2.3717e-08
-0.0469512  7.09885e-06
-0.045937  2.50262e-07
-0.0448437  6.70713e-07
-0.0429178  4.12876e-07
-0.0407529  4.89923e-07
-0.0391208  5.99359e-06
-0.0374703  6.83621e-07
-0.0363275  0.000614892
-0.0345383  3.47412e-05
-0.0329631  9.9056e-07
-0.0315837  2.11062e-05
-0.0295876  6.556e-06
-0.0279858  7.01886e-07
-0.0274287  2.25113e-07
-0.0261383  1.46546e-05
-0.0248345  8.43e-07
-0.0227633  5.49631e-07
-0.0212813  1.39507e-07
-0.0201874  3.01776e-09
-0.0184715  3.25764e-06
-0.017743  1.40749e-05
-0.0156212  5.56642e-07
-0.014292  9.65154e-08
-0.0128594  3.54135e-07
-0.0104759  2.04802e-08
-0.00985434  8.53559e-08
-0.00868999  2.43063e-07
-0.00749249  1.8437e-09
-0.00625154  5.43683e-06
-0.00452191  1.10317e-07
-0.0030852  1.14696e-07
-0.00112127  2.67803e-08
-0.00063353  6.81712e-10
0.00063353  6.81712e-10
0.00112127  2.67803e-08
0.0030852  1.14696e-07
0.00452191  1.10317e-07
0.00625154  5.43683e-06
0.00749249  1.8437e-09
0.00868999  2.43063e-07
0.00985434  8.53559e-08
0.0104759  2.04802e-08
0.0128594  3.54135e-07
0.014292  9.65154e-08
0.0156212  5.56642e-07
0.017743  1.40749e-05
0.0184715  3.25764e-06
0.0201874  3.01776e-09
0.0212813  1.39507e-07
0.0227633  5.49631e-07
0.0248345  8.43e-07
0.0261383  1.46546e-05
0.0274287  2.25113e-07
0.0279858  7.01886e-07
0.0295876  6.556e-06
0.0315837  2.11062e-05
0.0329631  9.9056e-07
0.0345383  3.47412e-05
0.0363275  0.000614892
0.0374703  6.83621e-07
0.0391208  5.99359e-06
0.0407529  4.89923e-07
0.0429178  4.12876e-07
0.0448437  6.70713e-07
0.045937  2.50262e-07
0.0469512  7.09885e-06
0.048156  2.3717e-08
0.0491431  9.34125e-07
0.0496486  6.64369e-06
0.0517541  1.17104e-05
0.0528434  7.96327e-06
0.0540402  4.59012e-07
0.0552862  5.92901e-08
0.0559848  3.94625e-07
0.0568369  8.80639e-06
0.0591723  8.7926e-06
0.0607634  2.0634e-08
0.0614736  2.73445e-09
0.0638606  6.31327e-07
0.0659722  3.40115e-08
0.0666973  4.27865e-07
0.0686541  3.9713e-08
0.0698439  8.24111e-07
0.0712612  8.91335e-08
0.0723809  1.53454e-06
0.07346  1.58e-05
0.0746677  5.1755e-08
0.0757121  1.31307e-06
0.0767641  1.38536e-05
0.0789323  9.40048e-07
0.0806596  5.01763e-07
0.0818789  1.08832e-06
0.0829822  1.12206e-05
0.0842373  1.58773e-07
0.0844376  9.58796e-07
0.0864305  8.09166e-08
0.0875471  1.08588e-06
0.08872  2.38554e-05
0.0902221  9.27747e-08
0.0915945  2.34082e-06
0.0927009  2.01281e-05
0.094584  4.46874e-07
0.0959288  5.26415e-06
0.097129  3.51569e-05
0.0985076  2.07794e-07
0.0996231  4.44435e-06
0.100892  8.35296e-05
0.102159  0.000641154
0.103851  3.7154e-06
0.105247  6.22004e-05
0.106679  0.00056419
0.10885  1.06048e-05
0.110025  1.22848e-05
0.111439  2.8683e-08
0.112942  5.57576e-08
0.11404  2.90275e-07
0.114827  1.08662e-06
0.116943  8.90561e-07
0.118513  3.96931e-08
0.119725  4.40291e-07
0.121291  1.39474e-06
0.122936  1.43461e-05
0.123918  5.3788e-08
0.125229  2.1067e-06
0.126549  1.88388e-07
0.128019  2.06823e-07
0.129898  5.04489e-06
0.131744  4.13294e-05
0.133628  7.90938e-09
0.134719  1.13293e-07
0.135056  3.10898e-08
0.136822  1.22394e-06
0.138774  1.23539e-06
0.14043  3.70632e-07
0.141794  6.78624e-06
0.143929  4.58469e-05
0.145585  6.77228e-06
0.147093  7.83071e-06
0.149075  8.81325e-05
0.149428  3.57879e-05
0.151433  0.000795437
0.152216  7.18334e-07
0.154805  1.93884e-06
0.156841  1.39195e-06
0.157518  1.82943e-06
0.158953  2.21676e-05
0.160137  2.26226e-05
0.162706  5.01635e-05
0.164346  1.78712e-06
0.165365  1.68333e-06
0.166555  2.07624e-05
0.168073  2.04981e-07
0.168722  6.62385e-05
0.170446  2.61187e-06
0.17102  0.000606769
0.17398  6.65535e-05
0.175754  1.67468e-07
0.176767  2.28866e-08
0.178178  6.57781e-06
0.180023  2.04088e-06
0.180619  0.000127072
0.182158  1.75901e-06
0.183064  0.00116698
0.185922  1.21731e-06
0.187741  6.92475e-06
0.189101  5.47849e-08
0.190362  5.46226e-05
0.191673  7.34095e-07
0.193162  1.95285e-06
0.194551  1.51239e-06
0.195531  2.90353e-05
0.197578  0.00023288
0.199327  1.07769e-06
0.200311  0.00191542
0.202432  6.81436e-06
0.203281  2.10789e-07
0.205164  0.000204837
0.206865  2.32111e-06
0.207955  0.00368756
0.209379  3.57138e-06
0.21081  0.0367724
0.211981  1.93914e-08
0.212973  5.17047e-06
0.21468  8.0688e-07
0.215869  5.28099e-05
0.217706  2.05093e-06
0.218947  8.80113e-08
0.220698  2.37786e-05
0.222209  4.37344e-07
0.224012  7.30294e-05
0.225346  2.07748e-06
0.227069  0.00066452
0.228012  1.11704e-07
0.230669  7.89716e-07
0.231719  5.98709e-07
0.232841  4.52872e-09
0.233872  1.02743e-05
0.23473  1.89678e-06
0.236152  2.18526e-07
0.237206  4.86003e-05
0.240777  1.08366e-07
0.242102  6.19824e-09
0.243943  2.26536e-06
0.245342  9.0004e-08
0.247245  2.35308e-05
0.248475  1.11133e-06
0.24955  7.55508e-07
0.250358  3.0014e-08
0.252431  1.49712e-07
0.253742  1.60284e-06
0.255878  4.21817e-06
0.258059  2.45016e-06
0.259366  4.34561e-05
0.261504  2.17541e-05
0.263377  2.98367e-06
0.264588  5.60553e-09
0.265685  4.20202e-06
0.266998  2.96041e-05
0.268334  5.95613e-07
0.269293  8.23808e-05
0.271094  8.64295e-08
0.272953  0.00067275
0.273129  8.15735e-05
0.275197  2.25912e-08
0.276694  1.45763e-09
0.27776  1.30078e-06
0.278954  3.9209e-07
0.280235  1.68224e-07
0.28107  8.14105e-08
0.282452  3.47739e-06
0.283635  3.27228e-06
0.284531  2.0699e-06
0.286302  3.61921e-05
0.287584  3.62027e-05
0.288468  1.72669e-06
0.290278  9.80958e-09
0.292332  4.93682e-05
0.293367  2.94529e-06
0.295355  3.84739e-06
0.297304  6.98527e-05
0.299371  2.29914e-05
0.299857  2.85887e-05
0.30138  0.000553827
0.301563  6.94703e-05
0.303582  9.32266e-05
0.305389  5.16878e-07
0.306736  1.03008e-05
0.307755  0.000847261
0.309424  3.12264e-08
0.310874  1.35878e-05
0.313747  4.51478e-07
0.314853  5.42981e-05
0.315913  1.25349e-08
0.317118  9.24353e-07
0.318765  3.22609e-07
0.320151  5.95439e-09
0.321447  9.64386e-06
0.323023  1.03349e-05
0.324597  2.40466e-07
0.325908  1.11986e-06
0.327298  0.000158485
0.329308  2.10933e-08
0.330403  1.10547e-05
0.331498  0.00095046
0.33327  3.22624e-08
0.334616  3.34896e-08
0.335947  5.04262e-06
0.337824  4.42767e-07
0.339293  1.028e-06
0.340557  0.000103239
0.342794  2.91708e-07
0.344035  1.16508e-05
0.345233  0.000836184
0.345441  0.000102116
0.348061  1.60472e-05
0.350086  1.98412e-10
0.351126  5.50958e-08
0.352692  2.65896e-09
0.353886  3.71766e-10
0.355602  4.02098e-07
0.360985  5.06203e-08
0.362755  2.11588e-10
0.36373  5.48645e-10
0.365049  1.94492e-07
0.366075  5.78561e-07
0.367481  1.22415e-10
0.368735  4.08288e-08
0.369886  2.14411e-06
0.3714  7.09389e-08
0.372562  3.612e-09
0.374459  7.85151e-06
0.37505  4.40233e-09
0.376813  9.621e-10
0.379299  1.09131e-07
0.380881  2.8388e-08
0.382006  2.11398e-08
0.383792  1.54318e-07
0.38454  2.5971e-06
0.387117  4.15281e-10
0.388512  4.51088e-07
0.389818  2.77361e-05
0.391067  2.4114e-09
0.393345  1.83415e-09
0.394644  3.34165e-07
0.395686  1.08818e-07
0.396891  3.8399e-08
0.398862  1.13027e-08
0.40004  4.97635e-07
0.401212  1.49953e-06
0.402458  4.73618e-07
0.404275  2.80951e-08
0.405707  1.17669e-06
0.407239  1.93386e-10
0.409833  2.26392e-07
0.411142  4.17445e-07
0.413136  7.59212e-10
0.4145  4.99031e-11
0.415889  5.94269e-07
0.416831  2.74336e-06
0.418887  1.85334e-08
0.420877  1.17688e-06
0.422411  3.58551e-05
0.425196  4.28535e-08
0.427362  4.61729e-05
0.428714  1.21735e-08
0.430501  4.61817e-10
0.432531  4.41248e-07
0.433013  2.3885e-07
0.435166  6.40107e-08
0.436518  4.77066e-08
0.438039  4.40519e-06
0.439887  1.01001e-06
0.441405  8.18291e-07
0.444083  8.89152e-05
0.445288  1.78325e-08
0.448022  1.70374e-06
0.450292  0.000811441
0.451623  2.89023e-07
0.453586  4.71803e-09
0.455928  1.06834e-05
0.457108  3.32384e-06
0.458618  1.49542e-06
0.459902  8.99395e-09
0.461675  9.75659e-07
0.463306  3.82256e-05
0.464929  1.73283e-05
0.467082  1.99957e-06
0.468588  1.06702e-06
0.469687  9.14297e-09
0.471929  1.40764e-07
0.473618  2.14135e-05
0.475144  1.26854e-05
0.478183  5.54011e-09
0.479888  1.68339e-06
0.481534  7.2892e-05
0.484805  4.28394e-08
0.486632  2.25507e-05
0.48832  0.000657992
0.489243  1.25704e-07
0.491497  1.57256e-08
0.493163  1.70412e-06
0.494892  5.22127e-07
0.496724  6.84613e-08
0.498605  4.68464e-09
0.500589  1.95571e-08
0.502237  1.15743e-09
0.503815  1.0807e-09
0.505569  2.56258e-07
0.507593  3.03405e-07
0.509455  2.35596e-08
0.510934  7.54451e-08
0.512683  6.67375e-06
0.514555  8.68346e-07
0.516098  1.14948e-09
0.517203  6.23295e-08
0.518996  1.04305e-05
0.520013  5.76339e-05
0.521702  1.00512e-05
0.524667  1.55828e-08
0.525744  2.11613e-07
0.528579  9.50081e-09
0.529598  8.67998e-08
0.531186  1.1001e-08
0.532049  4.04101e-07
0.533091  7.02533e-06
0.534987  1.74773e-08
0.536141  2.18587e-07
0.537199  1.20181e-06
0.538741  2.72676e-06
0.53975  2.72606e-05
0.540769  0.000101621
0.542242  1.54122e-08
0.544375  7.75006e-08
0.545396  2.36444e-06
0.546419  3.54525e-05
0.547444  0.000261851
0.548476  0.000892765
0.549464  7.92833e-07
0.550033  2.92012e-07
0.552624  2.18645e-08
0.553688  3.44327e-07
0.55475  1.7778e-06
0.556451  2.73382e-08
0.557498  4.17653e-07
0.558561  2.1181e-06
0.560585  4.78078e-07
0.561676  5.08507e-06
0.562767  1.99232e-05
0.564408  5.44743e-07
0.565471  5.42447e-06
0.566536  2.00306e-05
0.568142  5.08362e-08
0.569212  1.16416e-06
0.570284  1.1607e-05
0.571359  4.28557e-05
0.572417  4.56032e-08
0.574118  1.31575e-08
0.575351  9.64534e-10
0.576455  2.9642e-08
0.577562  2.22129e-07
0.578668  6.31935e-09
0.580803  8.94134e-09
0.581929  7.14043e-08
0.583647  1.24798e-07
0.584745  1.75892e-06
0.585854  8.6306e-06
0.587412  4.11647e-08
0.589144  1.7833e-07
0.590435  1.17446e-06
0.592073  4.97669e-06
0.593167  4.53494e-05
0.59428  0.000165106
0.595719  7.61575e-08
0.597181  2.58525e-08
0.59829  1.27371e-07
0.599424  3.89191e-06
0.60056  5.82576e-05
0.601697  0.000429408
0.602843  0.00146404
0.603956  2.2771e-06
0.605667  4.19366e-07
0.607119  7.22398e-08
0.608271  1.10445e-06
0.609426  5.52005e-06
0.611184  9.68909e-08
0.612867  6.87119e-07
0.614064  3.60661e-06
0.615885  4.30703e-06
0.617056  4.3047e-05
0.61823  0.000159146
0.620115  1.60334e-06
0.621723  8.89718e-06
0.623033  4.0554e-05
0.624794  0.000111936
0.625984  0.000826959
0.627182  0.00282082
0.628692  1.8546e-06
0.630039  2.12661e-07
0.631437  4.86383e-06
0.632641  9.70398e-05
0.633848  0.00107507
0.635063  0.00733231
0.636288  0.0290206
0.637439  4.14007e-05
0.638877  3.29154e-06
0.640997  1.2685e-08
0.642259  1.05115e-07
0.644189  1.63077e-07
0.645692  1.73712e-06
0.646925  1.71253e-05
0.648163  6.32524e-05
0.650304  2.45704e-07
0.651649  1.50886e-06
0.653608  2.56076e-06
0.655087  2.23534e-05
0.656343  0.000164513
0.657607  0.000560978
0.658783  1.67829e-09
0.660399  3.82076e-09
0.661574  3.26047e-08
0.662867  2.4299e-07
0.66423  1.0338e-06
0.66537  9.45589e-08
0.666658  4.81827e-07
0.668416  1.0377e-07
0.670066  1.23094e-07
0.671686  8.00179e-07
0.674137  1.23986e-09
0.675539  3.14832e-08
0.676858  4.99416e-07
0.67821  2.7749e-06
0.679951  2.09806e-06
0.680983  3.79841e-07
0.682009  1.14033e-06
0.683995  6.19464e-08
0.685446  6.37911e-07
0.686791  6.67989e-06
0.688176  2.80864e-05
0.689935  2.0487e-05
0.69141  3.96884e-06
0.692601  1.8175e-07
0.693941  9.04087e-07
0.696201  2.53567e-09
0.697516  6.03147e-08
0.698863  1.04421e-06
0.700216  1.04044e-05
0.701575  3.82656e-05
0.702787  2.3687e-06
0.70415  8.68534e-06
0.705913  1.1872e-08
0.707297  1.14821e-07
0.70871  4.79034e-07
0.709959  2.05177e-06
0.713493  2.79731e-10
0.714894  1.44994e-08
0.716296  2.48137e-07
0.717729  1.81449e-06
0.719347  9.65541e-06
0.72045  1.94526e-05
0.723308  2.36959e-10
0.724694  1.10588e-08
0.726129  2.09839e-07
0.727631  2.47082e-06
0.729115  1.99051e-05
0.730536  7.32784e-05
0.731613  3.25287e-08
0.732898  3.30632e-10
0.734184  5.5902e-09
0.735574  1.40994e-07
0.737023  2.20592e-06
0.738488  2.59938e-05
0.73993  0.000191636
0.741383  0.000650487
0.742476  4.22478e-07
0.744485  5.0696e-08
0.745941  7.75052e-07
0.747401  3.87898e-06
0.74867  3.82703e-08
0.74989  7.18837e-11
0.750223  5.78922e-10
0.752606  7.17571e-10
0.754092  4.40361e-08
0.755571  1.00949e-06
0.757052  1.00842e-05
0.758536  3.73186e-05
0.759769  6.7336e-07
0.761025  2.98805e-09
0.763573  1.79989e-09
0.76564  1.3238e-08
0.767432  1.50801e-07
0.769045  3.72795e-07
0.770403  2.33477e-06
0.771417  2.81667e-06
0.77314  8.88115e-09
0.775295  7.72533e-08
0.777087  7.67345e-07
0.778651  4.227e-06
0.780895  9.7753e-06
0.782412  3.42598e-05
0.782948  1.11927e-05
0.785631  8.4632e-08
0.787184  1.94073e-06
0.78874  1.94078e-05
0.7903  7.17359e-05
0.792038  1.44451e-09
0.793321  5.30819e-08
0.795853  5.7719e-08
0.797451  1.68306e-06
0.799031  2.52448e-05
0.800616  0.000186616
0.802211  0.000636859
0.804309  9.42946e-08
0.805083  1.36058e-07
0.807413  1.06309e-07
0.808827  2.46606e-10
0.810396  7.10635e-09
0.812008  1.09372e-07
0.813615  5.51944e-07
0.814884  3.26598e-07
0.816449  1.75982e-06
0.817535  1.42244e-06
0.819629  1.382e-06
0.820861  5.31807e-10
0.822505  1.63585e-08
0.824199  1.32009e-07
0.826538  9.33465e-08
0.827034  6.57216e-08
0.829054  1.82124e-09
0.831705  1.00352e-09
0.833352  4.50911e-08
0.834988  6.47376e-07
0.83662  3.07076e-06
0.837976  6.47392e-07
0.83937  2.10067e-06
0.841667  1.02382e-07
0.842982  1.5897e-09
0.844434  4.77154e-08
0.846091  9.93992e-07
0.84774  8.94787e-06
0.849387  3.02067e-05
0.851174  6.7401e-06
0.852265  4.95319e-06
0.854519  2.66297e-06
0.85605  2.67925e-08
0.857718  2.70025e-07
0.859453  2.81749e-06
0.861135  1.13717e-05
0.862511  1.64383e-05
0.864174  6.80949e-05
0.865336  4.93168e-05
0.867614  2.55622e-05
0.870027  1.24871e-09
0.871548  3.96121e-08
0.873381  7.41867e-07
0.875063  3.23618e-06
0.876644  1.84994e-08
0.877782  1.22441e-08
0.879344  2.19201e-09
0.881628  9.55429e-10
0.883141  3.63131e-08
0.885084  1.1811e-06
0.886683  8.8734e-06
0.888433  4.06891e-05
0.891104  1.14095e-08
0.892915  8.73089e-08
0.894527  8.50231e-09
0.896218  1.83848e-07
0.898068  3.61882e-06
0.8997  3.07958e-05
0.901434  0.000129955
0.902574  8.24648e-05
0.904902  2.27047e-07
0.906747  1.14051e-06
0.908245  1.90011e-07
0.910012  3.17289e-06
0.911807  3.98434e-05
0.91363  0.000309472
0.915431  0.00116755
0.916598  0.000724162
0.920344  1.37624e-09
0.922237  6.51449e-08
0.924139  1.00745e-06
0.926068  5.23329e-06
0.928758  1.57467e-06
0.930058  6.2793e-07
0.931745  1.67804e-07
0.9328  8.95959e-10
0.934721  5.63638e-08
0.936645  1.29213e-06
0.938574  1.29356e-05
0.940511  4.85138e-05
0.94266  4.82992e-06
0.944397  8.74112e-07
0.946347  4.36314e-06
0.947775  7.27262e-10
0.949734  2.13517e-08
0.951664  2.15847e-07
0.953536  1.37208e-06
0.955498  1.31078e-05
0.957479  4.69897e-05
0.959254  1.13711e-05
0.961243  4.19178e-05
0.962703  6.44458e-08
0.9647  9.59204e-07
0.96669  4.86599e-06
0.967735  9.85563e-07
0.969682  5.35618e-06
0.970975  1.18078e-06
0.972752  1.07693e-07
0.973866  1.72332e-09
0.975905  1.09209e-07
0.97793  2.48427e-06
0.978961  9.37555e-09
0.980006  2.58786e-05
0.982014  9.34016e-05
0.983042  1.33497e-05
0.984956  5.91948e-05
0.986361  1.20506e-05
0.988189  4.20114e-06
0.989331  7.08288e-08
0.991402  2.16892e-06
0.993478  3.25579e-05
0.995561  0.000242834
0.997666  0.0008597
0.999969  0.000178763
1.00184  2.19322e-05
1.00395  8.07032e-05
1.00548  2.243e-08
1.00755  4.50332e-07
1.00961  5.80052e-06
1.0117  6.41279e-05
1.01383  0.000465919
1.01598  0.00159478
1.01789  0.000210966
1.02005  0.000715889
1.02271  1.10625e-07
1.02487  2.53215e-06
1.02702  2.56532e-05
1.02918  9.63163e-05
1.03456  1.36905e-09
1.03686  8.81986e-08
1.03912  2.4539e-06
1.04132  3.65991e-05
1.0435  0.000281142
1.04572  0.000972324
1.04864  1.95532e-09
1.0508  4.3177e-08
1.05303  8.8199e-07
1.05522  1.12652e-05
1.05742  0.000119762
1.05845  1.30803e-06
1.05968  0.000884477
1.06196  0.00301641
1.06367  1.96133e-06
1.06567  5.81376e-08
1.06791  9.36435e-07
1.07017  1.33863e-05
1.07242  0.000136207
1.07467  0.00115031
1.07572  1.2567e-05
1.07699  0.00784501
1.07933  0.0310457
1.08106  1.88091e-05
1.08566  1.67881e-10
1.08796  2.6948e-09
1.09029  6.74759e-09
1.09263  5.43529e-08
1.0946  3.5832e-08
1.09668  3.22584e-09
1.10112  9.39743e-10
1.10356  1.44664e-08
1.10589  1.15914e-07
1.10829  2.61404e-07
1.11071  1.29255e-06
1.11239  1.67842e-08
1.11481  1.2834e-07
1.11687  2.95647e-09
1.11941  4.12109e-08
1.12191  3.18659e-07
1.12424  1.62317e-06
1.12669  3.38919e-06
1.12916  1.24342e-05
1.13088  3.33741e-07
1.13336  1.67073e-06
1.13553  5.50329e-08
1.13821  3.59337e-07
1.14137  6.10301e-07
1.143  1.79553e-08
1.14551  1.37457e-07
1.14773  4.26773e-09
1.15245  7.92624e-10
1.15499  2.48811e-08
1.15755  1.90623e-07
1.15965  2.45387e-08
1.16221  3.58068e-07
1.16478  1.81582e-06
1.16706  2.46975e-07
1.16932  1.83259e-09
1.17189  6.47743e-08
1.17449  9.90204e-07
1.17711  4.94922e-06
1.17937  5.03477e-08
1.18156  8.4434e-08
1.1842  1.28491e-06
1.18685  6.42303e-06
1.18915  6.54019e-08
1.19179  1.29107e-06
1.19446  1.28908e-05
1.19714  4.76467e-05
1.19948  8.07409e-07
1.20171  1.67428e-06
1.20441  1.67042e-05
1.20712  6.16859e-05
1.20995  1.62156e-08
1.21268  1.24765e-07
1.21491  4.49929e-08
1.21766  6.88434e-07
1.22041  3.45712e-06
1.22285  1.7807e-07
1.22531  3.08658e-09
1.22801  6.24187e-08
1.23079  9.54908e-07
1.23359  4.79944e-06
1.23588  6.49903e-07
1.2359  2.47134e-07
1.2387  9.02678e-06
1.24151  3.42257e-05
1.24402  6.19211e-06
1.24652  1.78486e-07
1.24931  2.48839e-06
1.25217  2.48572e-05
1.25504  9.15476e-05
1.25705  1.45524e-07
1.258  3.22934e-10
1.25993  3.26036e-06
1.26283  3.2174e-05
1.26573  0.000119018
1.26829  3.07434e-06
1.27116  3.24485e-05
1.2741  0.000239309
1.27706  0.000812796
1.2791  2.80514e-06
1.28206  4.19467e-05
1.28503  0.000308973
1.28803  0.00105353
1.29072  1.42975e-09
1.29191  1.58264e-10
1.29322  1.01088e-10
1.29492  2.48261e-09
1.29623  3.33561e-09
1.2993  4.35228e-08
1.30239  2.93686e-07
1.30543  1.48876e-06
1.30812  2.02824e-07
1.3106  1.11586e-08
1.31181  6.17591e-10
1.31367  8.54266e-08
1.31489  1.9383e-08
1.3163  5.39141e-09
1.31798  1.48135e-07
1.31937  7.34986e-08
1.32082  1.0982e-09
1.3225  4.238e-07
1.32528  6.90836e-08
1.32841  1.05407e-06
1.33154  5.29455e-06
1.33409  4.43777e-07
1.33534  5.04445e-08
1.33725  2.22102e-06
1.3385  7.71081e-07
1.34016  5.19351e-08
1.34168  3.85275e-06
1.34341  4.46527e-07
1.34654  2.25165e-06
1.34918  1.37395e-06
1.35239  1.37214e-05
1.35561  5.11959e-05
1.35824  5.76808e-06
1.35952  1.00366e-06
1.36148  2.13019e-05
1.36277  1.00277e-05
1.36489  7.38147e-08
1.36604  3.69881e-05
1.36816  1.12916e-06
1.37144  5.66471e-06
1.37434  2.59878e-07
1.38005  2.32881e-10
1.38335  5.28199e-09
1.3847  2.02186e-10
1.38659  8.32976e-08
1.38804  3.17159e-09
1.38993  1.61994e-06
1.39327  1.48084e-05
1.39664  5.61219e-05
1.39963  1.01358e-05
1.4021  6.05846e-10
1.40328  3.68862e-11
1.40551  2.00652e-08
1.40677  1.10461e-09
1.40894  1.95079e-07
1.41026  1.70879e-08
1.41237  7.65362e-07
1.41362  1.44312e-07
1.41581  4.1748e-06
1.4187  5.29933e-06
1.42218  5.2737e-05
1.42567  0.000194748
1.42821  2.54119e-08
1.42944  3.49541e-09
1.43172  4.21094e-07
1.433  4.60205e-08
1.43525  2.88161e-06
1.43648  3.99451e-07
1.43878  1.0055e-05
1.43982  2.72666e-06
1.44234  4.65453e-05
1.44531  6.87233e-05
1.44889  0.00050664
1.45251  0.00172755
1.4563  6.67609e-08
1.45977  4.26679e-07
1.46284  2.83702e-06
1.46649  2.83923e-05
1.47016  0.00010545
1.4734  6.50492e-06
1.47607  1.16645e-09
1.47978  3.76158e-08
1.48125  1.01271e-09
1.48347  3.6014e-07
1.48498  3.17898e-08
1.48706  2.46932e-06
1.48873  2.42793e-07
1.49081  3.71858e-05
1.49457  0.00027746
1.49836  0.000974634
1.50066  2.02304e-09
1.50171  0.000187477
1.50447  9.5203e-08
1.50597  1.76745e-09
1.5083  1.45518e-06
1.50981  8.27586e-08
1.51214  7.27991e-06
1.51366  1.26474e-06
1.51538  3.44111e-07
1.51753  6.31296e-06
1.51922  9.13395e-06
1.52311  0.000133694
1.52593  1.31574e-09
1.52701  0.000975449
1.52985  8.25575e-08
1.53095  0.00332609
1.53378  1.89275e-06
1.53532  7.41805e-08
1.53774  1.89225e-05
1.5393  1.64901e-06
1.5417  7.00773e-05
1.54328  1.64527e-05
1.54503  6.12634e-06
1.54727  6.0648e-05
1.54901  0.000114533
1.55303  0.00126883
1.55708  0.0086529
1.56118  0.0342395
1.56234  6.49933e-10
1.5648  1.80305e-07
1.56641  2.04136e-08
1.56817  3.60785e-08
1.57051  1.55819e-07
1.57226  5.37124e-07
1.5764  2.77024e-06
1.58015  2.86572e-08
1.58357  1.94751e-09
1.58774  9.16486e-08
1.5894  1.69082e-09
1.59194  1.40151e-06
1.5936  7.97503e-08
1.59614  7.04069e-06
1.59782  1.21895e-06
1.59968  8.18806e-07
1.60206  6.07727e-06
1.60391  7.82249e-06
1.6082  3.05092e-05
1.61127  2.53324e-09
1.61558  1.58951e-07
1.61728  2.19935e-09
1.6199  3.64429e-06
1.62161  1.38472e-07
1.62424  3.64354e-05
1.62596  3.17852e-06
1.6286  0.000134772
1.63033  3.17335e-05
1.6326  2.66123e-06
1.63472  0.000116768
1.637  1.62554e-05
1.63984  1.31806e-09
1.64143  5.99055e-05
1.64427  1.03378e-07
1.64603  1.14433e-09
1.64873  3.15999e-06
1.6505  9.01619e-08
1.65321  4.73749e-05
1.65498  2.76276e-06
1.65771  0.000349895
1.65949  4.14248e-05
1.66225  0.00119308
1.66402  0.000305245
1.66709  1.75571e-07
1.6686  0.00103581
1.67093  1.65528e-07
1.67513  6.13846e-11
1.68354  9.5636e-10
1.68515  1.16454e-10
1.6882  3.1674e-08
1.68981  1.82675e-09
1.69287  3.08656e-07
1.69754  1.23223e-06
1.70222  6.43347e-06
1.70616  2.15193e-06
1.71445  1.65866e-09
1.71611  4.54435e-10
1.71926  8.02281e-08
1.72093  1.42751e-08
1.72409  1.32975e-06
1.72577  1.09052e-07
1.72895  9.10163e-06
1.73022  1.61615e-09
1.73382  3.13503e-05
1.73764  2.07284e-10
1.73873  0.000115338
1.74641  1.07876e-09
1.74813  7.88148e-10
1.75139  6.88181e-08
1.75311  3.73257e-08
1.75639  1.64083e-06
1.75812  5.70701e-07
1.76141  1.82397e-05
1.76316  2.83703e-06
1.76646  9.82328e-05
1.76779  3.21296e-08
1.77154  0.000301826
1.77667  0.00102313
1.78128  5.12596e-10
1.78641  3.33908e-08
1.79159  7.75869e-07
1.79503  2.42045e-09
1.79681  7.66399e-06
1.80026  1.10296e-07
1.80209  2.72147e-05
1.80552  1.65822e-06
1.81081  8.28788e-06
1.81568  1.17478e-08
1.82009  3.19347e-09
1.82547  1.50289e-07
1.83087  2.29881e-06
1.83228  2.97545e-10
1.8363  1.15866e-05
1.83773  4.66743e-09
1.84079  2.26715e-06
1.84627  2.15587e-05
1.8518  7.96062e-05
1.8559  4.15394e-09
1.86148  2.18873e-07
1.86153  4.18611e-08
1.86711  5.97612e-06
1.86827  2.19915e-09
1.87276  5.97592e-05
1.87423  2.42849e-08
1.87844  0.000221127
1.87993  1.85584e-07
1.88343  3.00696e-06
1.88516  6.88224e-11
1.88868  3.40116e-08
1.89312  2.16131e-09
1.89893  1.69517e-07
1.89996  5.90855e-10
1.90477  5.18217e-06
1.90583  1.92081e-08
1.91065  7.77176e-05
1.91179  1.73244e-07
1.91324  3.67011e-11
1.91656  0.000574574
1.91811  4.82791e-07
1.92254  0.00196522
1.92407  2.41267e-06
1.92786  3.48703e-05
1.93398  9.0474e-08
1.93897  2.0495e-09
1.94507  9.64481e-08
1.95007  2.88685e-09
1.9512  1.47408e-06
1.9528  3.81915e-10
1.95623  1.81138e-07
1.95737  7.36646e-06
1.95898  5.9909e-09
1.96244  4.15328e-06
1.96868  4.15246e-05
1.97496  0.000153504
1.97963  3.99886e-09
1.98075  1.17622e-06
1.98599  2.50912e-07
1.99121  1.50204e-09
1.99239  5.75226e-06
1.99406  1.49034e-09
1.99765  1.17809e-07
1.99883  5.7492e-05
2.00051  4.67564e-08
2.00412  3.60185e-06
2.00531  0.000212307
2.00701  3.57345e-07
2.01064  5.40118e-05
2.01299  6.6253e-10
2.01721  0.000398918
2.02208  4.16124e-09
2.02385  0.00135959
2.02873  3.26376e-07
2.03542  9.97642e-06
2.03716  2.58477e-09
2.04216  0.000149567
2.04392  1.21638e-07
2.04743  6.63034e-10
2.04894  0.00110464
2.05071  1.85912e-06
2.05425  3.1202e-08
2.0558  0.00376661
2.05756  9.2921e-06
2.06118  5.11071e-07
2.06386  1.31713e-08
2.06649  1.80426e-09
2.06813  2.64442e-06
2.07345  1.69815e-07
2.08046  6.48847e-06
2.08228  1.68108e-09
2.08751  0.0001297
2.08936  1.05481e-07
2.09063  1.83828e-10
2.09462  0.00143687
2.09648  2.4182e-06
2.09776  2.88362e-09
2.10182  0.00979893
2.10366  2.41691e-05
2.10911  0.0387744
2.11089  8.92518e-05
2.11562  1.3595e-06
2.12294  6.79386e-06
2.13837  9.56466e-10
2.14586  3.00072e-08
2.1496  2.70143e-09
2.15342  2.29471e-07
2.15713  1.2332e-07
2.15835  2.6886e-10
2.16037  2.55118e-09
2.16469  2.12135e-06
2.166  4.21746e-09
2.17233  1.7675e-05
2.18009  6.52681e-05
2.18857  2.48827e-09
2.19647  1.17096e-07
2.20058  2.55312e-09
2.20443  1.79008e-06
2.20857  1.20148e-07
2.20963  1.41285e-09
2.21245  8.9568e-06
2.21663  1.83636e-06
2.21769  4.38873e-08
2.21984  1.01436e-07
2.22475  9.17833e-06
2.22583  3.35378e-07
2.23224  1.301e-08
2.2415  3.23664e-09
2.24984  2.03086e-07
2.25418  1.6605e-09
2.25825  4.6562e-06
2.26263  1.0419e-07
2.26376  3.82081e-09
2.26672  4.65508e-05
2.27114  2.38859e-06
2.27228  1.74109e-07
2.27527  0.000172103
2.27973  2.38732e-05
2.28087  2.61748e-06
2.28316  1.31874e-06
2.2884  8.8159e-05
2.28955  1.30804e-05
2.29747  1.68404e-09
2.3063  1.32083e-07
2.3152  4.03741e-06
2.3211  5.67853e-09
2.32419  6.05293e-05
2.33011  3.26665e-07
2.33169  1.03529e-10
2.33326  0.000447049
2.33921  7.03609e-06
2.34084  1.624e-09
2.34246  0.00152433
2.34841  6.80606e-05
2.35771  0.000251325
2.38209  4.92081e-09
2.38612  1.22191e-09
2.39166  3.08842e-07
2.39322  6.7333e-10
2.39579  3.83349e-08
2.40132  7.67312e-06
2.40296  2.11244e-08
2.40555  2.92948e-07
2.41107  9.73744e-05
2.41279  1.61428e-07
2.42094  0.000653928
2.43099  0.00222943
2.4472  3.19701e-09
2.45127  2.11922e-09
2.45749  2.00599e-07
2.45885  2.33558e-09
2.4616  9.97292e-08
2.46789  4.59919e-06
2.46927  1.09911e-07
2.47204  1.52422e-06
2.47839  4.59808e-05
2.47979  1.67987e-06
2.48259  7.61706e-06
2.48901  0.000169996
2.49042  8.39472e-06
2.49882  1.3026e-06
2.51666  1.66342e-09
2.52103  1.3783e-09
2.52771  1.30466e-07
2.52917  4.55704e-09
2.53212  8.64825e-08
2.53412  3.01436e-10
2.53888  3.98798e-06
2.54036  2.85936e-07
2.54334  1.98265e-06
2.54536  4.72848e-09
2.55017  5.97879e-05
2.55167  6.55551e-06
2.55469  1.98159e-05
2.56159  0.00044157
2.56311  6.5522e-05
2.56616  7.31764e-05
2.5732  0.00150567
2.57468  0.000241942
2.60488  4.7421e-09
2.61022  1.56839e-09
2.61697  3.71934e-07
2.62237  4.92049e-08
2.62919  1.13702e-05
2.63467  3.76015e-07
2.64157  0.000170482
2.65411  0.00125912
2.66686  0.00429238
2.68687  2.05611e-09
2.69268  4.08019e-09
2.70001  1.93519e-07
2.70589  1.92012e-07
2.71331  7.39627e-06
2.71927  2.93463e-06
2.7268  0.000147903
2.73284  1.46654e-05
2.74046  0.00163895
2.75439  0.0111743
2.7686  0.0441867
2.78262  5.30736e-09
2.79709  3.33015e-07
2.7997  1.16073e-10
2.80466  1.36142e-09
2.81178  7.63451e-06
2.81442  1.82078e-09
2.81946  8.54236e-08
2.82212  2.97746e-10
2.82668  7.63045e-05
2.83448  1.95837e-06
2.83719  4.67058e-09
2.8418  0.000281778
2.84973  1.95733e-05
2.86522  7.22804e-05
2.88153  2.76144e-09
2.89754  2.16586e-07
2.90042  7.54916e-10
2.9138  6.62044e-06
2.91673  2.36839e-08
2.92527  1.54918e-09
2.93032  9.92539e-05
2.93331  1.80988e-07
2.94199  4.86025e-08
2.94712  0.00073305
2.959  3.71411e-07
2.9643  0.00249956
3.0125  2.61857e-09
3.03078  1.23229e-07
3.04036  4.03024e-09
3.04939  1.88338e-06
3.05916  1.89661e-07
3.06835  9.41188e-06
3.07832  2.8987e-06
3.09784  1.44858e-05
3.13884  5.10921e-09
3.15961  3.20582e-07
3.17053  5.24237e-09
3.18082  7.34947e-06
3.19198  3.28938e-07
3.19585  1.14652e-10
3.20249  7.34557e-05
3.21389  7.54103e-06
3.21786  1.79848e-09
3.22463  0.000271257
3.2363  7.53702e-05
3.25922  0.000278327
3.28355  5.31669e-09
3.30761  4.17e-07
3.32028  2.72763e-09
3.33226  1.27465e-05
3.34525  2.13935e-07
3.34977  7.45673e-10
3.35752  0.000191097
3.37086  6.53938e-06
3.3755  2.3394e-08
3.38344  0.00141136
3.39713  9.80386e-05
3.40191  1.78772e-07
3.41017  0.00481248
3.42412  0.000724075
3.45174  0.00108178
3.45216  0.00138717
3.48147  2.16967e-07
3.51087  8.2901e-06
3.53186  2.58651e-09
3.54117  0.000165714
3.56282  1.2172e-07
3.5724  0.00183585
3.59476  1.86032e-06
3.60452  0.0054856
3.60501  0.00703418
3.62775  9.29665e-06
3.63782  0.0120432
3.63871  0.0374974
3.75473  5.04665e-09
3.79359  3.16657e-07
3.834  7.25949e-06
3.87611  7.25563e-05
3.92007  0.000267936
4.04205  5.25159e-09
4.0942  4.11895e-07
4.14919  1.25905e-05
4.20738  0.000188757
4.26916  0.00139408
4.335  0.00407022
4.33727  0.000683332
4.4469  2.27702e-09
4.52614  2.14311e-07
4.61217  8.1886e-06
4.70629  0.000163685
4.81018  0.00181337
4.92612  0.0105888
4.93021  0.0017777
5.05673  0.0118958
5.05776  0.0136214
5.0619  0.0234169
