-2.38348  1.18492e-10
-2.19375  6.56517e-10
-2.15846  1.94144e-10
-2.04955  9.05762e-11
-2.03498  2.28236e-09
-2.00494  7.17121e-10
-1.91129  1.0037e-09
-1.89865  5.57899e-09
-1.88482  2.96812e-10
-1.87253  1.86979e-09
-1.79049  5.23398e-09
-1.77935  1.01825e-08
-1.76715  1.64452e-09
-1.75628  3.6564e-09
-1.69344  3.83618e-10
-1.68339  1.70586e-08
-1.67956  7.1968e-11
-1.67345  1.43809e-08
-1.67236  1.13443e-10
-1.66254  5.71714e-09
-1.65281  5.56122e-09
-1.59638  4.00091e-09
-1.58732  3.8918e-08
-1.58387  7.97495e-10
-1.57828  1.73268e-08
-1.5685  1.39749e-08
-1.56512  2.35834e-10
-1.55972  6.73217e-09
-1.50857  1.95596e-08
-1.50034  6.59574e-08
-1.4972  4.1587e-09
-1.49191  2.09583e-08
-1.48322  2.55063e-08
-1.48014  1.30667e-09
-1.47522  6.58243e-09
-1.43612  1.01945e-09
-1.42853  5.94986e-08
-1.42563  6.09613e-10
-1.42099  8.63074e-08
-1.41812  1.3554e-08
-1.41298  3.17967e-08
-1.40986  1.80274e-10
-1.40531  3.6023e-08
-1.40249  4.5426e-09
-1.39798  5.24416e-09
-1.36207  9.96771e-09
-1.35508  1.26046e-07
-1.35241  6.35791e-09
-1.34812  9.14187e-08
-1.3455  3.09226e-08
-1.3406  5.48629e-08
-1.33789  1.99766e-09
-1.3337  4.02534e-08
-1.3311  1.11039e-08
-1.32694  3.41834e-09
-1.30323  6.14123e-11
-1.29378  4.54813e-08
-1.28732  1.97188e-07
-1.28485  3.10825e-08
-1.28078  8.80975e-08
-1.27846  5.24069e-08
-1.27387  8.55101e-08
-1.27142  1.04172e-08
-1.26754  3.60782e-08
-1.26512  2.02662e-08
-1.26127  1.82308e-09
-1.23929  6.80525e-10
-1.23656  1.90485e-09
-1.23052  1.28468e-07
-1.22821  2.43003e-09
-1.22655  2.01244e-10
-1.22452  2.36285e-07
-1.22223  9.45501e-08
-1.21994  2.42186e-10
-1.21823  9.64594e-08
-1.21628  6.90852e-08
-1.21201  1.08799e-07
-1.20974  3.39517e-08
-1.20749  7.16191e-11
-1.20613  2.61302e-08
-1.20389  2.86223e-08
-1.20031  7.92235e-10
-1.17985  3.54874e-09
-1.1773  1.73832e-08
-1.17167  2.51221e-07
-1.16952  2.37597e-08
-1.16798  1.11502e-09
-1.16607  2.25676e-07
-1.16395  2.00302e-07
-1.16181  2.52586e-09
-1.16004  1.29639e-07
-1.15835  7.79461e-08
-1.15441  1.10646e-07
-1.1523  7.74586e-08
-1.1502  7.93629e-10
-1.14894  1.53294e-08
-1.14684  3.19836e-08
-1.1435  2.78066e-10
-1.1297  5.202e-10
-1.12439  1.1566e-08
-1.12201  7.36517e-08
-1.11854  1.53833e-10
-1.11675  3.60262e-07
-1.11474  1.08413e-07
-1.1133  3.87633e-09
-1.11144  1.89397e-07
-1.10952  3.13355e-07
-1.10753  1.23484e-08
-1.10579  1.74766e-07
-1.10411  9.59516e-08
-1.1006  8.9961e-08
-1.09863  1.31275e-07
-1.09667  4.13854e-09
-1.09548  7.26711e-09
-1.09352  2.86662e-08
-1.09039  7.76804e-11
-1.07747  5.42538e-09
-1.07523  2.65758e-09
-1.07249  2.63871e-08
-1.07026  1.92036e-07
-1.06836  6.05407e-09
-1.067  1.70466e-09
-1.06533  3.92342e-07
-1.06344  3.06226e-07
-1.062  1.14061e-08
-1.06018  1.73687e-07
-1.05855  3.76499e-07
-1.05668  3.75627e-08
-1.05503  2.00057e-07
-1.05329  1.55589e-07
-1.05129  6.20088e-10
-1.05019  5.85897e-08
-1.04834  1.7114e-07
-1.04649  1.34883e-08
-1.04538  2.76324e-09
-1.04354  2.07619e-08
-1.02847  2.65235e-08
-1.02636  2.252e-08
-1.02379  4.47203e-08
-1.0217  3.44235e-07
-1.01991  5.52478e-08
-1.01863  8.88931e-09
-1.01705  3.36722e-07
-1.01529  5.98829e-07
-1.01376  3.61722e-08
-1.01206  1.99865e-07
-1.01066  3.68545e-07
-1.00893  7.95757e-08
-1.00737  1.84048e-07
-1.00566  2.70253e-07
-1.00387  6.32873e-09
-1.00282  3.05528e-08
-1.00108  1.75302e-07
-0.999346  3.07726e-08
-0.998299  8.31316e-10
-0.996569  1.21801e-08
-0.986813  2.07361e-09
-0.982384  8.06823e-08
-0.980403  8.84899e-08
-0.977976  5.89523e-08
-0.97601  4.48771e-07
-0.97433  2.34082e-07
-0.973125  2.8972e-08
-0.971574  2.50832e-07
-0.969974  8.58747e-07
-0.968411  1.10564e-07
-0.966859  2.40733e-07
-0.965519  3.46234e-07
-0.963985  1.24643e-07
-0.962516  1.3436e-07
-0.960876  4.00504e-07
-0.958932  4.36054e-08
-0.956588  1.42836e-07
-0.954948  5.23464e-08
-0.952334  5.77414e-09
-0.943134  2.02749e-08
-0.941253  2.86909e-09
-0.938957  1.70923e-07
-0.937092  2.1482e-07
-0.934857  7.70716e-08
-0.932942  4.39899e-07
-0.931358  6.10334e-07
-0.930221  6.60976e-08
-0.928651  2.13176e-07
-0.927247  9.32972e-07
-0.925719  2.78531e-07
-0.924278  2.45099e-07
-0.922877  4.04364e-07
-0.921595  1.48789e-07
-0.920235  8.02678e-08
-0.918652  4.71639e-07
-0.917056  9.8229e-08
-0.914611  9.32664e-08
-0.913063  6.80241e-08
-0.910592  2.19555e-09
-0.901901  9.25115e-08
-0.900123  2.24422e-08
-0.897953  2.67394e-07
-0.8962  3.6412e-07
-0.894284  1.71346e-07
-0.892257  3.36281e-07
-0.890771  1.09406e-06
-0.889316  2.20262e-07
-0.887959  1.79519e-07
-0.886836  8.41273e-07
-0.885396  4.76927e-07
-0.883817  2.78016e-07
-0.882597  5.00006e-07
-0.881254  1.97701e-07
-0.878755  4.37502e-07
-0.87728  2.0045e-07
-0.874963  5.02276e-08
-0.873471  6.96479e-08
-0.871133  6.60528e-10
-0.866665  5.1661e-09
-0.862909  2.61311e-07
-0.861236  8.3753e-08
-0.859171  3.21277e-07
-0.857533  4.66605e-07
-0.855819  4.82678e-07
-0.853725  2.24245e-07
-0.852374  1.4263e-06
-0.851067  4.37588e-07
-0.849724  2.47847e-07
-0.848578  6.75623e-07
-0.847287  6.84099e-07
-0.845883  1.80746e-07
-0.844633  7.17031e-07
-0.843368  2.22106e-07
-0.840993  3.20944e-07
-0.839602  3.12519e-07
-0.837617  2.8332e-08
-0.835989  5.67459e-08
-0.833774  1.53771e-10
-0.829541  4.71445e-08
-0.827938  2.45072e-09
-0.825981  5.10997e-07
-0.824423  2.07037e-07
-0.822445  3.28167e-07
-0.820918  4.86653e-07
-0.819298  1.06692e-06
-0.817229  1.96479e-07
-0.8159  1.54971e-06
-0.81465  7.30377e-07
-0.813015  5.3689e-07
-0.811498  1.14237e-06
-0.80991  1.44878e-07
-0.808588  8.37922e-07
-0.807318  3.08235e-07
-0.805206  1.87769e-07
-0.803888  3.75402e-07
-0.802399  3.14843e-08
-0.800456  3.69889e-08
-0.799145  2.03082e-10
-0.794338  1.99749e-07
-0.792815  1.76244e-08
-0.79096  7.32793e-07
-0.789527  4.03406e-07
-0.787677  4.02441e-07
-0.786191  4.48516e-07
-0.784628  1.70461e-06
-0.782895  3.64586e-07
-0.781374  1.20814e-06
-0.780208  1.30689e-06
-0.778871  3.90443e-07
-0.777379  1.33425e-06
-0.775887  2.08856e-07
-0.774477  6.80548e-07
-0.773252  5.97364e-07
-0.771326  9.8061e-08
-0.769996  3.55018e-07
-0.768707  5.44389e-08
-0.766727  1.92886e-08
-0.765594  1.84252e-09
-0.764141  9.00944e-09
-0.760916  5.20816e-07
-0.759502  7.01634e-08
-0.757705  7.99339e-07
-0.756396  6.82658e-07
-0.754689  7.29498e-07
-0.753189  3.98293e-07
-0.751688  2.00149e-06
-0.75028  8.90925e-07
-0.748537  8.63882e-07
-0.747387  1.91802e-06
-0.745363  1.07332e-06
-0.744254  6.87064e-07
-0.743143  1.80898e-07
-0.74205  4.40474e-07
-0.74088  8.57621e-07
-0.739426  8.76951e-08
-0.737804  2.70209e-07
-0.736576  8.28969e-08
-0.734674  8.00105e-09
-0.733599  8.99197e-09
-0.732215  7.6345e-08
-0.730834  1.67905e-09
-0.729148  9.33591e-07
-0.727865  2.27385e-07
-0.726092  7.10351e-07
-0.724888  1.01616e-06
-0.723275  1.33058e-06
-0.721797  4.06879e-07
-0.720362  1.76968e-06
-0.719143  1.81722e-06
-0.717289  7.62558e-07
-0.716317  1.8806e-06
-0.715216  3.92025e-07
-0.714046  1.1349e-06
-0.71286  8.05716e-07
-0.711199  2.34806e-07
-0.710097  9.43886e-07
-0.708915  1.69748e-07
-0.707205  1.70478e-07
-0.705996  1.00144e-07
-0.704183  2.60769e-09
-0.70316  2.7352e-08
-0.701842  2.98588e-07
-0.700504  1.13864e-08
-0.698923  1.2171e-06
-0.697749  6.31962e-07
-0.696029  6.57728e-07
-0.694887  1.28361e-06
-0.693353  1.9131e-06
-0.692013  6.72303e-07
-0.690534  1.23731e-06
-0.689443  2.79883e-06
-0.687683  9.27653e-07
-0.686744  1.5879e-06
-0.685196  1.35015e-06
-0.683671  1.23419e-06
-0.682454  3.03354e-07
-0.680809  8.29953e-07
-0.679688  3.18266e-07
-0.678117  9.53391e-08
-0.676889  1.05658e-07
-0.675685  1.23256e-08
-0.674175  5.79446e-08
-0.672921  7.13646e-07
-0.671707  6.53449e-08
-0.670138  1.19454e-06
-0.669045  1.3971e-06
-0.667433  8.74962e-07
-0.666297  1.3396e-06
-0.664848  2.11008e-06
-0.66366  1.48003e-06
-0.66148  3.39226e-06
-0.660388  1.14314e-06
-0.658985  1.83021e-06
-0.657725  1.33245e-06
-0.655789  1.92026e-06
-0.654546  3.18822e-07
-0.652932  6.11441e-07
-0.651817  4.58623e-07
-0.65048  5.81795e-08
-0.649174  1.30122e-07
-0.648021  9.14191e-08
-0.646556  9.15787e-08
-0.645357  1.16295e-06
-0.644256  3.20969e-07
-0.642699  9.35442e-07
-0.641672  2.35067e-06
-0.640181  1.38307e-06
-0.63903  1.23505e-06
-0.637686  1.85771e-06
-0.636576  2.79363e-06
-0.634459  3.09494e-06
-0.633362  1.6832e-06
-0.632183  1.45255e-06
-0.63101  1.80027e-06
-0.628964  1.76636e-06
-0.627818  5.42606e-07
-0.626379  3.99678e-07
-0.625243  5.15093e-07
-0.62414  5.51395e-08
-0.62274  2.16389e-07
-0.621611  3.28279e-07
-0.620217  1.15543e-07
-0.618649  2.37714e-06
-0.616675  6.43781e-07
-0.615584  3.14434e-06
-0.614493  1.21563e-06
-0.613287  2.13217e-06
-0.611785  1.44139e-06
-0.610669  4.14108e-06
-0.609234  7.69899e-07
-0.608433  2.45905e-06
-0.607299  2.42065e-06
-0.605843  1.85506e-06
-0.60499  9.01097e-07
-0.603409  1.36054e-06
-0.602318  8.93572e-07
-0.601067  2.65727e-07
-0.599902  5.0163e-07
-0.598886  8.53611e-08
-0.597488  3.66818e-07
-0.596372  7.46046e-07
-0.595118  1.52204e-07
-0.593361  3.50871e-06
-0.591926  6.03959e-07
-0.59052  3.955e-06
-0.58964  1.06605e-06
-0.588409  2.93611e-06
-0.587008  1.23573e-06
-0.585811  5.2303e-06
-0.584214  2.10551e-06
-0.583055  2.80202e-06
-0.582042  9.06962e-07
-0.580993  2.5079e-06
-0.579162  1.06116e-06
-0.578018  1.24645e-06
-0.576887  2.12191e-07
-0.575572  6.37165e-07
-0.574662  8.34e-08
-0.573347  5.21815e-07
-0.572049  1.53363e-06
-0.570803  7.856e-08
-0.569298  4.14864e-06
-0.568479  1.34069e-06
-0.566488  5.21025e-06
-0.564651  3.99028e-06
-0.563221  1.88313e-06
-0.561908  5.91946e-06
-0.560343  2.085e-06
-0.559476  2.14813e-06
-0.557784  3.61653e-06
-0.555901  8.66701e-07
-0.554684  1.3177e-06
-0.553131  4.09288e-07
-0.552153  9.09306e-07
-0.550078  7.56488e-07
-0.548841  2.38477e-06
-0.547386  5.48846e-07
-0.546038  6.50417e-06
-0.543797  4.41173e-06
-0.542005  6.50638e-06
-0.540482  1.86055e-06
-0.539272  5.39706e-06
-0.537561  4.72827e-06
-0.535642  2.4483e-06
-0.534718  1.48446e-06
-0.53338  6.9827e-07
-0.532453  1.19894e-06
-0.53123  3.87194e-07
-0.530009  1.67831e-06
-0.527961  8.50348e-07
-0.526698  3.65611e-06
-0.525481  1.03308e-06
-0.524023  7.26226e-06
-0.522223  3.72276e-06
-0.520757  5.2739e-06
-0.519377  5.69925e-06
-0.517419  6.24419e-06
-0.515872  4.00698e-06
-0.514154  2.19843e-06
-0.513222  1.62292e-06
-0.511583  1.44753e-06
-0.510686  8.44446e-07
-0.509033  1.78264e-06
-0.507975  1.02149e-06
-0.506768  8.34682e-07
-0.505373  6.29511e-06
-0.503051  7.58071e-06
-0.501825  1.88916e-06
-0.50091  5.67038e-06
-0.499077  7.40609e-06
-0.497472  5.80986e-06
-0.49603  3.66664e-06
-0.494955  3.38439e-06
-0.493244  2.95685e-06
-0.491778  1.02051e-06
-0.490673  2.16556e-06
-0.48866  2.24583e-06
-0.487403  2.31474e-06
-0.486345  6.70674e-07
-0.485121  7.81059e-06
-0.483023  7.05558e-06
-0.482119  3.05368e-06
-0.480987  6.18145e-06
-0.479228  7.63131e-06
-0.477888  6.16617e-06
-0.476428  3.82919e-06
-0.475343  3.54358e-06
-0.473755  2.98627e-06
-0.472308  1.38695e-06
-0.471227  2.75742e-06
-0.469277  2.18494e-06
-0.468045  4.51196e-06
-0.466726  9.02308e-07
-0.465718  8.7904e-06
-0.46402  5.35195e-06
-0.463223  5.08944e-06
-0.461975  6.56919e-06
-0.460372  8.2466e-06
-0.458983  6.89849e-06
-0.45773  3.23715e-06
-0.45655  4.60688e-06
-0.454862  2.93156e-06
-0.453756  1.32092e-06
-0.452568  3.62745e-06
-0.451082  1.26747e-06
-0.449774  6.54569e-06
-0.448699  2.01337e-06
-0.447043  1.14993e-05
-0.445101  1.04232e-05
-0.443575  7.1661e-06
-0.442341  6.12712e-06
-0.44085  1.03911e-05
-0.439524  2.3571e-06
-0.438608  3.49307e-06
-0.43698  4.81627e-06
-0.435737  1.03354e-06
-0.434598  4.42592e-06
-0.433326  2.27174e-06
-0.431806  7.87274e-06
-0.431021  2.17226e-06
-0.429427  1.13533e-05
-0.427934  9.33329e-06
-0.426452  7.80571e-06
-0.425257  9.23159e-06
-0.423714  8.23313e-06
-0.42277  4.24564e-06
-0.421334  4.74928e-06
-0.419632  5.67481e-06
-0.418785  5.93149e-07
-0.417447  5.02251e-06
-0.416425  3.94591e-06
-0.414642  9.32907e-06
-0.413603  4.11138e-06
-0.412386  1.11191e-05
-0.411073  9.22659e-06
-0.40944  1.2617e-05
-0.408001  8.69277e-06
-0.406596  9.33276e-06
-0.404754  6.31542e-06
-0.402908  6.59791e-06
-0.400985  5.88773e-06
-0.399959  5.79725e-06
-0.398992  1.84016e-06
-0.397903  1.08968e-05
-0.396446  1.04568e-05
-0.395232  1.15651e-05
-0.39399  8.44681e-06
-0.392807  7.64943e-06
-0.391766  1.15193e-05
-0.390391  5.72642e-06
-0.388984  6.88819e-06
-0.388203  1.12199e-06
-0.386825  8.03237e-06
-0.385789  1.3321e-06
-0.384753  8.60732e-06
-0.383652  5.10814e-06
-0.382043  1.56859e-05
-0.3805  1.47692e-05
-0.378928  1.21726e-05
-0.3775  1.22914e-05
-0.376539  7.53499e-06
-0.37517  8.77111e-06
-0.373645  8.3374e-06
-0.371573  1.07265e-05
-0.369699  8.92945e-06
-0.368645  7.84873e-06
-0.366837  2.23558e-05
-0.365362  9.94874e-06
-0.363877  1.76288e-05
-0.362609  8.82333e-06
-0.361228  1.48959e-05
-0.359902  3.48345e-06
-0.358727  8.25096e-06
-0.357015  1.0982e-05
-0.355967  3.2994e-06
-0.354549  1.68483e-05
-0.352816  1.50814e-05
-0.351414  2.12941e-05
-0.349512  2.04977e-05
-0.347722  1.55621e-05
-0.346322  8.99836e-06
-0.344618  1.12779e-05
-0.342898  1.19917e-05
-0.3415  9.52465e-06
-0.340213  1.47655e-05
-0.338752  2.18953e-05
-0.337324  1.65697e-05
-0.335784  2.06144e-05
-0.33412  1.65284e-05
-0.332692  8.6465e-06
-0.331055  1.3971e-05
-0.329327  1.32401e-05
-0.328129  9.49392e-06
-0.32685  1.83217e-05
-0.325618  1.88889e-05
-0.324272  2.19224e-05
-0.322581  2.12871e-05
-0.321337  1.22115e-05
-0.319906  1.42292e-05
-0.318088  1.51134e-05
-0.316524  1.29658e-05
-0.315409  1.15354e-05
-0.3142  1.88049e-05
-0.313099  1.96652e-05
-0.312025  1.66915e-05
-0.310889  1.7089e-05
-0.309724  1.73557e-05
-0.308753  9.51488e-06
-0.307355  1.71821e-05
-0.305435  1.83674e-05
-0.303544  2.41885e-05
-0.302011  2.06805e-05
-0.30076  2.90152e-05
-0.299327  1.99767e-05
-0.298275  1.50926e-05
-0.297157  2.03673e-05
-0.295389  1.94681e-05
-0.293653  1.39946e-05
-0.292824  1.00962e-05
-0.291627  1.98172e-05
-0.290346  2.34108e-05
-0.289106  3.67878e-05
-0.287173  3.40223e-05
-0.285746  1.47626e-05
-0.284676  1.32963e-05
-0.283485  1.5388e-05
-0.281933  2.10906e-05
-0.280468  2.10804e-05
-0.279281  3.02042e-05
-0.278002  3.18803e-05
-0.276461  2.9173e-05
-0.275489  1.61175e-05
-0.274259  2.22549e-05
-0.272712  1.22469e-05
-0.272339  9.21911e-06
-0.270911  2.38523e-05
-0.269501  2.61696e-05
-0.268042  4.7938e-05
-0.266548  2.91777e-05
-0.265133  3.22181e-05
-0.263522  2.65493e-05
-0.261721  2.32189e-05
-0.260312  2.49204e-05
-0.258985  2.91509e-05
-0.257848  3.89164e-05
-0.256428  4.32131e-05
-0.254754  3.47211e-05
-0.253146  2.64976e-05
-0.251495  2.46834e-05
-0.250183  2.74093e-05
-0.248943  3.51946e-05
-0.247707  4.45542e-05
-0.246301  4.17236e-05
-0.244764  3.50863e-05
-0.243217  2.49121e-05
-0.241783  2.6725e-05
-0.240437  3.43616e-05
-0.23923  4.0419e-05
-0.237989  4.7254e-05
-0.236626  4.14894e-05
-0.235178  3.40117e-05
-0.233699  2.56212e-05
-0.232064  4.58765e-05
-0.230457  5.11052e-05
-0.22916  4.47556e-05
-0.228062  3.86744e-05
-0.227198  2.38333e-05
-0.226075  3.32766e-05
-0.224693  1.97102e-05
-0.223652  3.99035e-05
-0.222335  3.7083e-05
-0.221018  6.17664e-05
-0.219735  5.04875e-05
-0.218427  3.88899e-05
-0.217213  3.39567e-05
-0.215837  2.45842e-05
-0.21493  3.54442e-05
-0.213546  6.0115e-05
-0.212199  6.54191e-05
-0.210948  4.16458e-05
-0.209955  3.60049e-05
-0.208742  3.1219e-05
-0.207561  2.30774e-05
-0.20662  5.40358e-05
-0.205249  5.48694e-05
-0.204153  5.73712e-05
-0.202945  5.15808e-05
-0.201875  3.88356e-05
-0.20071  3.12503e-05
-0.199645  2.91179e-05
-0.198605  5.89504e-05
-0.197302  6.08457e-05
-0.196109  7.28887e-05
-0.194845  4.66013e-05
-0.193728  4.22583e-05
-0.192504  3.33238e-05
-0.191196  7.71404e-05
-0.18972  7.92092e-05
-0.188507  6.52115e-05
-0.1874  4.70985e-05
-0.186308  4.28656e-05
-0.185165  3.51636e-05
-0.183861  8.88281e-05
-0.182255  0.000102402
-0.180833  7.01451e-05
-0.17973  4.76581e-05
-0.178625  3.7899e-05
-0.177042  0.000108688
-0.17572  5.25978e-05
-0.174905  8.79159e-05
-0.173393  7.72104e-05
-0.172148  4.32129e-05
-0.17111  4.69966e-05
-0.169877  0.00011229
-0.168329  0.00011211
-0.16703  6.12311e-05
-0.166128  5.04414e-05
-0.164703  7.97495e-05
-0.163317  0.000107614
-0.161914  0.000126759
-0.16014  0.000105599
-0.158431  8.51208e-05
-0.157276  9.36373e-05
-0.156023  0.000122431
-0.15456  9.63439e-05
-0.153416  5.86194e-05
-0.152281  4.62684e-05
-0.151758  8.93909e-05
-0.150174  0.000184643
-0.148397  0.000105206
-0.146819  0.000102711
-0.145678  9.89319e-05
-0.144496  0.000139755
-0.143309  8.13695e-05
-0.142219  8.2737e-05
-0.140726  0.000144124
-0.139269  0.000178538
-0.137955  8.88181e-05
-0.136914  7.92079e-05
-0.135277  0.000189776
-0.134067  9.9173e-05
-0.133534  8.12091e-05
-0.132414  9.82289e-05
-0.131377  8.25592e-05
-0.130218  0.000133666
-0.128832  0.000210005
-0.127588  8.59842e-05
-0.126461  0.000116642
-0.125136  0.000191761
-0.123837  0.000154301
-0.122609  0.000132189
-0.1216  8.34152e-05
-0.120479  0.000172209
-0.119238  0.000187483
-0.11771  0.000203099
-0.11604  0.000189927
-0.114709  0.000217224
-0.113609  0.000106023
-0.112461  0.000166089
-0.111368  0.000154566
-0.110283  0.000209902
-0.108809  0.000200835
-0.107342  0.000229669
-0.106134  0.000203278
-0.104782  0.000203438
-0.103341  0.000246473
-0.102202  0.000198553
-0.101131  0.000149908
-0.0996278  0.000346503
-0.0981883  0.000233098
-0.0969249  0.00020088
-0.0955111  0.000303875
-0.0944057  0.000190503
-0.0933282  0.000243807
-0.0919173  0.000302434
-0.090794  0.000224367
-0.0897056  0.000188528
-0.088625  0.000263836
-0.0876082  0.000259926
-0.0865215  0.000211614
-0.0853803  0.000271314
-0.0843022  0.000317455
-0.08328  0.00018586
-0.0818672  0.000472859
-0.0806482  0.000239701
-0.0791978  0.000451115
-0.0779947  0.000310836
-0.0768848  0.000207707
-0.0758568  0.000401524
-0.0748562  0.000293305
-0.0737615  0.000254595
-0.0724886  0.000588557
-0.0708342  0.000458915
-0.0696507  0.000420156
-0.0685175  0.000265132
-0.0672412  0.000678432
-0.0656653  0.000473857
-0.0644419  0.000500663
-0.0632489  0.000369586
-0.0622326  0.000500269
-0.0611515  0.000379577
-0.0599713  0.000642966
-0.0587451  0.000430156
-0.0576878  0.000606522
-0.0564647  0.000493119
-0.0552866  0.000751471
-0.0539632  0.000523598
-0.0529194  0.000625234
-0.0516618  0.000730708
-0.0506377  0.000474378
-0.0495178  0.000835644
-0.0480649  0.000778776
-0.0470712  0.000733102
-0.0458509  0.000913778
-0.0442948  0.00107989
-0.0436021  0.000332145
-0.0424582  0.00108489
-0.0412879  0.000676293
-0.0403523  0.000960715
-0.0392151  0.000932799
-0.0377153  0.00174392
-0.0361833  0.0011878
-0.0350465  0.00109492
-0.0336066  0.00202856
-0.0321024  0.0014182
-0.0309188  0.00143399
-0.0295667  0.00185339
-0.0285563  0.0013718
-0.0274028  0.00168584
-0.0263913  0.00155454
-0.0252977  0.00179158
-0.0239907  0.00312853
-0.0223208  0.00277386
-0.0216564  0.00114666
-0.0205831  0.00264358
-0.0194975  0.00253317
-0.0184847  0.00253479
-0.0174827  0.0031573
-0.0163782  0.00340517
-0.0150564  0.00486368
-0.0137255  0.00583846
-0.0123812  0.00498882
-0.0112776  0.00574149
-0.0102068  0.00591348
-0.00914029  0.00740936
-0.0080851  0.00789954
-0.00699817  0.00996093
-0.00600699  0.00996336
-0.00465145  0.0227397
-0.00397456  0.00839937
-0.00293214  0.0267205
-0.00139876  0.0729277
-0.000285753  0.230616
0.000285753  0.230616
0.00139876  0.0729277
0.00293214  0.0267205
0.00397456  0.00839937
0.00465145  0.0227397
0.00600699  0.00996336
0.00699817  0.00996093
0.0080851  0.00789954
0.00914029  0.00740936
0.0102068  0.00591348
0.0112776  0.00574149
0.0123812  0.00498882
0.0137255  0.00583846
0.0150564  0.00486368
0.0163782  0.00340517
0.0174827  0.0031573
0.0184847  0.00253479
0.0194975  0.00253317
0.0205831  0.00264358
0.0216564  0.00114666
0.0223208  0.00277386
0.0239907  0.00312853
0.0252977  0.00179158
0.0263913  0.00155454
0.0274028  0.00168584
0.0285563  0.0013718
0.0295667  0.00185339
0.0309188  0.00143399
0.0321024  0.0014182
0.0336066  0.00202856
0.0350465  0.00109492
0.0361833  0.0011878
0.0377153  0.00174392
0.0392151  0.000932799
0.0403523  0.000960715
0.0412879  0.000676293
0.0424582  0.00108489
0.0436021  0.000332145
0.0442948  0.00107989
0.0458509  0.000913778
0.0470712  0.000733102
0.0480649  0.000778776
0.0495178  0.000835644
0.0506377  0.000474378
0.0516618  0.000730708
0.0529194  0.000625234
0.0539632  0.000523598
0.0552866  0.000751471
0.0564647  0.000493119
0.0576878  0.000606522
0.0587451  0.000430156
0.0599713  0.000642966
0.0611515  0.000379577
0.0622326  0.000500269
0.0632489  0.000369586
0.0644419  0.000500663
0.0656653  0.000473857
0.0672412  0.000678432
0.0685175  0.000265132
0.0696507  0.000420156
0.0708342  0.000458915
0.0724886  0.000588557
0.0737615  0.000254595
0.0748562  0.000293305
0.0758568  0.000401524
0.0768848  0.000207707
0.0779947  0.000310836
0.0791978  0.000451115
0.0806482  0.000239701
0.0818672  0.000472859
0.08328  0.00018586
0.0843022  0.000317455
0.0853803  0.000271314
0.0865215  0.000211614
0.0876082  0.000259926
0.088625  0.000263836
0.0897056  0.000188528
0.090794  0.000224367
0.0919173  0.000302434
0.0933282  0.000243807
0.0944057  0.000190503
0.0955111  0.000303875
0.0969249  0.00020088
0.0981883  0.000233098
0.0996278  0.000346503
0.101131  0.000149908
0.102202  0.000198553
0.103341  0.000246473
0.104782  0.000203438
0.106134  0.000203278
0.107342  0.000229669
0.108809  0.000200835
0.110283  0.000209902
0.111368  0.000154566
0.112461  0.000166089
0.113609  0.000106023
0.114709  0.000217224
0.11604  0.000189927
0.11771  0.000203099
0.119238  0.000187483
0.120479  0.000172209
0.1216  8.34152e-05
0.122609  0.000132189
0.123837  0.000154301
0.125136  0.000191761
0.126461  0.000116642
0.127588  8.59842e-05
0.128832  0.000210005
0.130218  0.000133666
0.131377  8.25592e-05
0.132414  9.82289e-05
0.133534  8.12091e-05
0.134067  9.9173e-05
0.135277  0.000189776
0.136914  7.92079e-05
0.137955  8.88181e-05
0.139269  0.000178538
0.140726  0.000144124
0.142219  8.2737e-05
0.143309  8.13695e-05
0.144496  0.000139755
0.145678  9.89319e-05
0.146819  0.000102711
0.148397  0.000105206
0.150174  0.000184643
0.151758  8.93909e-05
0.152281  4.62684e-05
0.153416  5.86194e-05
0.15456  9.63439e-05
0.156023  0.000122431
0.157276  9.36373e-05
0.158431  8.51208e-05
0.16014  0.000105599
0.161914  0.000126759
0.163317  0.000107614
0.164703  7.97495e-05
0.166128  5.04414e-05
0.16703  6.12311e-05
0.168329  0.00011211
0.169877  0.00011229
0.17111  4.69966e-05
0.172148  4.32129e-05
0.173393  7.72104e-05
0.174905  8.79159e-05
0.17572  5.25978e-05
0.177042  0.000108688
0.178625  3.7899e-05
0.17973  4.76581e-05
0.180833  7.01451e-05
0.182255  0.000102402
0.183861  8.88281e-05
0.185165  3.51636e-05
0.186308  4.28656e-05
0.1874  4.70985e-05
0.188507  6.52115e-05
0.18972  7.92092e-05
0.191196  7.71404e-05
0.192504  3.33238e-05
0.193728  4.22583e-05
0.194845  4.66013e-05
0.196109  7.28887e-05
0.197302  6.08457e-05
0.198605  5.89504e-05
0.199645  2.91179e-05
0.20071  3.12503e-05
0.201875  3.88356e-05
0.202945  5.15808e-05
0.204153  5.73712e-05
0.205249  5.48694e-05
0.20662  5.40358e-05
0.207561  2.30774e-05
0.208742  3.1219e-05
0.209955  3.60049e-05
0.210948  4.16458e-05
0.212199  6.54191e-05
0.213546  6.0115e-05
0.21493  3.54442e-05
0.215837  2.45842e-05
0.217213  3.39567e-05
0.218427  3.88899e-05
0.219735  5.04875e-05
0.221018  6.17664e-05
0.222335  3.7083e-05
0.223652  3.99035e-05
0.224693  1.97102e-05
0.226075  3.32766e-05
0.227198  2.38333e-05
0.228062  3.86744e-05
0.22916  4.47556e-05
0.230457  5.11052e-05
0.232064  4.58765e-05
0.233699  2.56212e-05
0.235178  3.40117e-05
0.236626  4.14894e-05
0.237989  4.7254e-05
0.23923  4.0419e-05
0.240437  3.43616e-05
0.241783  2.6725e-05
0.243217  2.49121e-05
0.244764  3.50863e-05
0.246301  4.17236e-05
0.247707  4.45542e-05
0.248943  3.51946e-05
0.250183  2.74093e-05
0.251495  2.46834e-05
0.253146  2.64976e-05
0.254754  3.47211e-05
0.256428  4.32131e-05
0.257848  3.89164e-05
0.258985  2.91509e-05
0.260312  2.49204e-05
0.261721  2.32189e-05
0.263522  2.65493e-05
0.265133  3.22181e-05
0.266548  2.91777e-05
0.268042  4.7938e-05
0.269501  2.61696e-05
0.270911  2.38523e-05
0.272339  9.21911e-06
0.272712  1.22469e-05
0.274259  2.22549e-05
0.275489  1.61175e-05
0.276461  2.9173e-05
0.278002  3.18803e-05
0.279281  3.02042e-05
0.280468  2.10804e-05
0.281933  2.10906e-05
0.283485  1.5388e-05
0.284676  1.32963e-05
0.285746  1.47626e-05
0.287173  3.40223e-05
0.289106  3.67878e-05
0.290346  2.34108e-05
0.291627  1.98172e-05
0.292824  1.00962e-05
0.293653  1.39946e-05
0.295389  1.94681e-05
0.297157  2.03673e-05
0.298275  1.50926e-05
0.299327  1.99767e-05
0.30076  2.90152e-05
0.302011  2.06805e-05
0.303544  2.41885e-05
0.305435  1.83674e-05
0.307355  1.71821e-05
0.308753  9.51488e-06
0.309724  1.73557e-05
0.310889  1.7089e-05
0.312025  1.66915e-05
0.313099  1.96652e-05
0.3142  1.88049e-05
0.315409  1.15354e-05
0.316524  1.29658e-05
0.318088  1.51134e-05
0.319906  1.42292e-05
0.321337  1.22115e-05
0.322581  2.12871e-05
0.324272  2.19224e-05
0.325618  1.88889e-05
0.32685  1.83217e-05
0.328129  9.49392e-06
0.329327  1.32401e-05
0.331055  1.3971e-05
0.332692  8.6465e-06
0.33412  1.65284e-05
0.335784  2.06144e-05
0.337324  1.65697e-05
0.338752  2.18953e-05
0.340213  1.47655e-05
0.3415  9.52465e-06
0.342898  1.19917e-05
0.344618  1.12779e-05
0.346322  8.99836e-06
0.347722  1.55621e-05
0.349512  2.04977e-05
0.351414  2.12941e-05
0.352816  1.50814e-05
0.354549  1.68483e-05
0.355967  3.2994e-06
0.357015  1.0982e-05
0.358727  8.25096e-06
0.359902  3.48345e-06
0.361228  1.48959e-05
0.362609  8.82333e-06
0.363877  1.76288e-05
0.365362  9.94874e-06
0.366837  2.23558e-05
0.368645  7.84873e-06
0.369699  8.92945e-06
0.371573  1.07265e-05
0.373645  8.3374e-06
0.37517  8.77111e-06
0.376539  7.53499e-06
0.3775  1.22914e-05
0.378928  1.21726e-05
0.3805  1.47692e-05
0.382043  1.56859e-05
0.383652  5.10814e-06
0.384753  8.60732e-06
0.385789  1.3321e-06
0.386825  8.03237e-06
0.388203  1.12199e-06
0.388984  6.88819e-06
0.390391  5.72642e-06
0.391766  1.15193e-05
0.392807  7.64943e-06
0.39399  8.44681e-06
0.395232  1.15651e-05
0.396446  1.04568e-05
0.397903  1.08968e-05
0.398992  1.84016e-06
0.399959  5.79725e-06
0.400985  5.88773e-06
0.402908  6.59791e-06
0.404754  6.31542e-06
0.406596  9.33276e-06
0.408001  8.69277e-06
0.40944  1.2617e-05
0.411073  9.22659e-06
0.412386  1.11191e-05
0.413603  4.11138e-06
0.414642  9.32907e-06
0.416425  3.94591e-06
0.417447  5.02251e-06
0.418785  5.93149e-07
0.419632  5.67481e-06
0.421334  4.74928e-06
0.42277  4.24564e-06
0.423714  8.23313e-06
0.425257  9.23159e-06
0.426452  7.80571e-06
0.427934  9.33329e-06
0.429427  1.13533e-05
0.431021  2.17226e-06
0.431806  7.87274e-06
0.433326  2.27174e-06
0.434598  4.42592e-06
0.435737  1.03354e-06
0.43698  4.81627e-06
0.438608  3.49307e-06
0.439524  2.3571e-06
0.44085  1.03911e-05
0.442341  6.12712e-06
0.443575  7.1661e-06
0.445101  1.04232e-05
0.447043  1.14993e-05
0.448699  2.01337e-06
0.449774  6.54569e-06
0.451082  1.26747e-06
0.452568  3.62745e-06
0.453756  1.32092e-06
0.454862  2.93156e-06
0.45655  4.60688e-06
0.45773  3.23715e-06
0.458983  6.89849e-06
0.460372  8.2466e-06
0.461975  6.56919e-06
0.463223  5.08944e-06
0.46402  5.35195e-06
0.465718  8.7904e-06
0.466726  9.02308e-07
0.468045  4.51196e-06
0.469277  2.18494e-06
0.471227  2.75742e-06
0.472308  1.38695e-06
0.473755  2.98627e-06
0.475343  3.54358e-06
0.476428  3.82919e-06
0.477888  6.16617e-06
0.479228  7.63131e-06
0.480987  6.18145e-06
0.482119  3.05368e-06
0.483023  7.05558e-06
0.485121  7.81059e-06
0.486345  6.70674e-07
0.487403  2.31474e-06
0.48866  2.24583e-06
0.490673  2.16556e-06
0.491778  1.02051e-06
0.493244  2.95685e-06
0.494955  3.38439e-06
0.49603  3.66664e-06
0.497472  5.80986e-06
0.499077  7.40609e-06
0.50091  5.67038e-06
0.501825  1.88916e-06
0.503051  7.58071e-06
0.505373  6.29511e-06
0.506768  8.34682e-07
0.507975  1.02149e-06
0.509033  1.78264e-06
0.510686  8.44446e-07
0.511583  1.44753e-06
0.513222  1.62292e-06
0.514154  2.19843e-06
0.515872  4.00698e-06
0.517419  6.24419e-06
0.519377  5.69925e-06
0.520757  5.2739e-06
0.522223  3.72276e-06
0.524023  7.26226e-06
0.525481  1.03308e-06
0.526698  3.65611e-06
0.527961  8.50348e-07
0.530009  1.67831e-06
0.53123  3.87194e-07
0.532453  1.19894e-06
0.53338  6.9827e-07
0.534718  1.48446e-06
0.535642  2.4483e-06
0.537561  4.72827e-06
0.539272  5.39706e-06
0.540482  1.86055e-06
0.542005  6.50638e-06
0.543797  4.41173e-06
0.546038  6.50417e-06
0.547386  5.48846e-07
0.548841  2.38477e-06
0.550078  7.56488e-07
0.552153  9.09306e-07
0.553131  4.09288e-07
0.554684  1.3177e-06
0.555901  8.66701e-07
0.557784  3.61653e-06
0.559476  2.14813e-06
0.560343  2.085e-06
0.561908  5.91946e-06
0.563221  1.88313e-06
0.564651  3.99028e-06
0.566488  5.21025e-06
0.568479  1.34069e-06
0.569298  4.14864e-06
0.570803  7.856e-08
0.572049  1.53363e-06
0.573347  5.21815e-07
0.574662  8.34e-08
0.575572  6.37165e-07
0.576887  2.12191e-07
0.578018  1.24645e-06
0.579162  1.06116e-06
0.580993  2.5079e-06
0.582042  9.06962e-07
0.583055  2.80202e-06
0.584214  2.10551e-06
0.585811  5.2303e-06
0.587008  1.23573e-06
0.588409  2.93611e-06
0.58964  1.06605e-06
0.59052  3.955e-06
0.591926  6.03959e-07
0.593361  3.50871e-06
0.595118  1.52204e-07
0.596372  7.46046e-07
0.597488  3.66818e-07
0.598886  8.53611e-08
0.599902  5.0163e-07
0.601067  2.65727e-07
0.602318  8.93572e-07
0.603409  1.36054e-06
0.60499  9.01097e-07
0.605843  1.85506e-06
0.607299  2.42065e-06
0.608433  2.45905e-06
0.609234  7.69899e-07
0.610669  4.14108e-06
0.611785  1.44139e-06
0.613287  2.13217e-06
0.614493  1.21563e-06
0.615584  3.14434e-06
0.616675  6.43781e-07
0.618649  2.37714e-06
0.620217  1.15543e-07
0.621611  3.28279e-07
0.62274  2.16389e-07
0.62414  5.51395e-08
0.625243  5.15093e-07
0.626379  3.99678e-07
0.627818  5.42606e-07
0.628964  1.76636e-06
0.63101  1.80027e-06
0.632183  1.45255e-06
0.633362  1.6832e-06
0.634459  3.09494e-06
0.636576  2.79363e-06
0.637686  1.85771e-06
0.63903  1.23505e-06
0.640181  1.38307e-06
0.641672  2.35067e-06
0.642699  9.35442e-07
0.644256  3.20969e-07
0.645357  1.16295e-06
0.646556  9.15787e-08
0.648021  9.14191e-08
0.649174  1.30122e-07
0.65048  5.81795e-08
0.651817  4.58623e-07
0.652932  6.11441e-07
0.654546  3.18822e-07
0.655789  1.92026e-06
0.657725  1.33245e-06
0.658985  1.83021e-06
0.660388  1.14314e-06
0.66148  3.39226e-06
0.66366  1.48003e-06
0.664848  2.11008e-06
0.666297  1.3396e-06
0.667433  8.74962e-07
0.669045  1.3971e-06
0.670138  1.19454e-06
0.671707  6.53449e-08
0.672921  7.13646e-07
0.674175  5.79446e-08
0.675685  1.23256e-08
0.676889  1.05658e-07
0.678117  9.53391e-08
0.679688  3.18266e-07
0.680809  8.29953e-07
0.682454  3.03354e-07
0.683671  1.23419e-06
0.685196  1.35015e-06
0.686744  1.5879e-06
0.687683  9.27653e-07
0.689443  2.79883e-06
0.690534  1.23731e-06
0.692013  6.72303e-07
0.693353  1.9131e-06
0.694887  1.28361e-06
0.696029  6.57728e-07
0.697749  6.31962e-07
0.698923  1.2171e-06
0.700504  1.13864e-08
0.701842  2.98588e-07
0.70316  2.7352e-08
0.704183  2.60769e-09
0.705996  1.00144e-07
0.707205  1.70478e-07
0.708915  1.69748e-07
0.710097  9.43886e-07
0.711199  2.34806e-07
0.71286  8.05716e-07
0.714046  1.1349e-06
0.715216  3.92025e-07
0.716317  1.8806e-06
0.717289  7.62558e-07
0.719143  1.81722e-06
0.720362  1.76968e-06
0.721797  4.06879e-07
0.723275  1.33058e-06
0.724888  1.01616e-06
0.726092  7.10351e-07
0.727865  2.27385e-07
0.729148  9.33591e-07
0.730834  1.67905e-09
0.732215  7.6345e-08
0.733599  8.99197e-09
0.734674  8.00105e-09
0.736576  8.28969e-08
0.737804  2.70209e-07
0.739426  8.76951e-08
0.74088  8.57621e-07
0.74205  4.40474e-07
0.743143  1.80898e-07
0.744254  6.87064e-07
0.745363  1.07332e-06
0.747387  1.91802e-06
0.748537  8.63882e-07
0.75028  8.90925e-07
0.751688  2.00149e-06
0.753189  3.98293e-07
0.754689  7.29498e-07
0.756396  6.82658e-07
0.757705  7.99339e-07
0.759502  7.01634e-08
0.760916  5.20816e-07
0.764141  9.00944e-09
0.765594  1.84252e-09
0.766727  1.92886e-08
0.768707  5.44389e-08
0.769996  3.55018e-07
0.771326  9.8061e-08
0.773252  5.97364e-07
0.774477  6.80548e-07
0.775887  2.08856e-07
0.777379  1.33425e-06
0.778871  3.90443e-07
0.780208  1.30689e-06
0.781374  1.20814e-06
0.782895  3.64586e-07
0.784628  1.70461e-06
0.786191  4.48516e-07
0.787677  4.02441e-07
0.789527  4.03406e-07
0.79096  7.32793e-07
0.792815  1.76244e-08
0.794338  1.99749e-07
0.799145  2.03082e-10
0.800456  3.69889e-08
0.802399  3.14843e-08
0.803888  3.75402e-07
0.805206  1.87769e-07
0.807318  3.08235e-07
0.808588  8.37922e-07
0.80991  1.44878e-07
0.811498  1.14237e-06
0.813015  5.3689e-07
0.81465  7.30377e-07
0.8159  1.54971e-06
0.817229  1.96479e-07
0.819298  1.06692e-06
0.820918  4.86653e-07
0.822445  3.28167e-07
0.824423  2.07037e-07
0.825981  5.10997e-07
0.827938  2.45072e-09
0.829541  4.71445e-08
0.833774  1.53771e-10
0.835989  5.67459e-08
0.837617  2.8332e-08
0.839602  3.12519e-07
0.840993  3.20944e-07
0.843368  2.22106e-07
0.844633  7.17031e-07
0.845883  1.80746e-07
0.847287  6.84099e-07
0.848578  6.75623e-07
0.849724  2.47847e-07
0.851067  4.37588e-07
0.852374  1.4263e-06
0.853725  2.24245e-07
0.855819  4.82678e-07
0.857533  4.66605e-07
0.859171  3.21277e-07
0.861236  8.3753e-08
0.862909  2.61311e-07
0.866665  5.1661e-09
0.871133  6.60528e-10
0.873471  6.96479e-08
0.874963  5.02276e-08
0.87728  2.0045e-07
0.878755  4.37502e-07
0.881254  1.97701e-07
0.882597  5.00006e-07
0.883817  2.78016e-07
0.885396  4.76927e-07
0.886836  8.41273e-07
0.887959  1.79519e-07
0.889316  2.20262e-07
0.890771  1.09406e-06
0.892257  3.36281e-07
0.894284  1.71346e-07
0.8962  3.6412e-07
0.897953  2.67394e-07
0.900123  2.24422e-08
0.901901  9.25115e-08
0.910592  2.19555e-09
0.913063  6.80241e-08
0.914611  9.32664e-08
0.917056  9.8229e-08
0.918652  4.71639e-07
0.920235  8.02678e-08
0.921595  1.48789e-07
0.922877  4.04364e-07
0.924278  2.45099e-07
0.925719  2.78531e-07
0.927247  9.32972e-07
0.928651  2.13176e-07
0.930221  6.60976e-08
0.931358  6.10334e-07
0.932942  4.39899e-07
0.934857  7.70716e-08
0.937092  2.1482e-07
0.938957  1.70923e-07
0.941253  2.86909e-09
0.943134  2.02749e-08
0.952334  5.77414e-09
0.954948  5.23464e-08
0.956588  1.42836e-07
0.958932  4.36054e-08
0.960876  4.00504e-07
0.962516  1.3436e-07
0.963985  1.24643e-07
0.965519  3.46234e-07
0.966859  2.40733e-07
0.968411  1.10564e-07
0.969974  8.58747e-07
0.971574  2.50832e-07
0.973125  2.8972e-08
0.97433  2.34082e-07
0.97601  4.48771e-07
0.977976  5.89523e-08
0.980403  8.84899e-08
0.982384  8.06823e-08
0.986813  2.07361e-09
0.996569  1.21801e-08
0.998299  8.31316e-10
0.999346  3.07726e-08
1.00108  1.75302e-07
1.00282  3.05528e-08
1.00387  6.32873e-09
1.00566  2.70253e-07
1.00737  1.84048e-07
1.00893  7.95757e-08
1.01066  3.68545e-07
1.01206  1.99865e-07
1.01376  3.61722e-08
1.01529  5.98829e-07
1.01705  3.36722e-07
1.01863  8.88931e-09
1.01991  5.52478e-08
1.0217  3.44235e-07
1.02379  4.47203e-08
1.02636  2.252e-08
1.02847  2.65235e-08
1.04354  2.07619e-08
1.04538  2.76324e-09
1.04649  1.34883e-08
1.04834  1.7114e-07
1.05019  5.85897e-08
1.05129  6.20088e-10
1.05329  1.55589e-07
1.05503  2.00057e-07
1.05668  3.75627e-08
1.05855  3.76499e-07
1.06018  1.73687e-07
1.062  1.14061e-08
1.06344  3.06226e-07
1.06533  3.92342e-07
1.067  1.70466e-09
1.06836  6.05407e-09
1.07026  1.92036e-07
1.07249  2.63871e-08
1.07523  2.65758e-09
1.07747  5.42538e-09
1.09039  7.76804e-11
1.09352  2.86662e-08
1.09548  7.26711e-09
1.09667  4.13854e-09
1.09863  1.31275e-07
1.1006  8.9961e-08
1.10411  9.59516e-08
1.10579  1.74766e-07
1.10753  1.23484e-08
1.10952  3.13355e-07
1.11144  1.89397e-07
1.1133  3.87633e-09
1.11474  1.08413e-07
1.11675  3.60262e-07
1.11854  1.53833e-10
1.12201  7.36517e-08
1.12439  1.1566e-08
1.1297  5.202e-10
1.1435  2.78066e-10
1.14684  3.19836e-08
1.14894  1.53294e-08
1.1502  7.93629e-10
1.1523  7.74586e-08
1.15441  1.10646e-07
1.15835  7.79461e-08
1.16004  1.29639e-07
1.16181  2.52586e-09
1.16395  2.00302e-07
1.16607  2.25676e-07
1.16798  1.11502e-09
1.16952  2.37597e-08
1.17167  2.51221e-07
1.1773  1.73832e-08
1.17985  3.54874e-09
1.20031  7.92235e-10
1.20389  2.86223e-08
1.20613  2.61302e-08
1.20749  7.16191e-11
1.20974  3.39517e-08
1.21201  1.08799e-07
1.21628  6.90852e-08
1.21823  9.64594e-08
1.21994  2.42186e-10
1.22223  9.45501e-08
1.22452  2.36285e-07
1.22655  2.01244e-10
1.22821  2.43003e-09
1.23052  1.28468e-07
1.23656  1.90485e-09
1.23929  6.80525e-10
1.26127  1.82308e-09
1.26512  2.02662e-08
1.26754  3.60782e-08
1.27142  1.04172e-08
1.27387  8.55101e-08
1.27846  5.24069e-08
1.28078  8.80975e-08
1.28485  3.10825e-08
1.28732  1.97188e-07
1.29378  4.54813e-08
1.30323  6.14123e-11
1.32694  3.41834e-09
1.3311  1.11039e-08
1.3337  4.02534e-08
1.33789  1.99766e-09
1.3406  5.48629e-08
1.3455  3.09226e-08
1.34812  9.14187e-08
1.35241  6.35791e-09
1.35508  1.26046e-07
1.36207  9.96771e-09
1.39798  5.24416e-09
1.40249  4.5426e-09
1.40531  3.6023e-08
1.40986  1.80274e-10
1.41298  3.17967e-08
1.41812  1.3554e-08
1.42099  8.63074e-08
1.42563  6.09613e-10
1.42853  5.94986e-08
1.43612  1.01945e-09
1.47522  6.58243e-09
1.48014  1.30667e-09
1.48322  2.55063e-08
1.49191  2.09583e-08
1.4972  4.1587e-09
1.50034  6.59574e-08
1.50857  1.95596e-08
1.55972  6.73217e-09
1.56512  2.35834e-10
1.5685  1.39749e-08
1.57828  1.73268e-08
1.58387  7.97495e-10
1.58732  3.8918e-08
1.59638  4.00091e-09
1.65281  5.56122e-09
1.66254  5.71714e-09
1.67236  1.13443e-10
1.67345  1.43809e-08
1.67956  7.1968e-11
1.68339  1.70586e-08
1.69344  3.83618e-10
1.75628  3.6564e-09
1.76715  1.64452e-09
1.77935  1.01825e-08
1.79049  5.23398e-09
1.87253  1.86979e-09
1.88482  2.96812e-10
1.89865  5.57899e-09
1.91129  1.0037e-09
2.00494  7.17121e-10
2.03498  2.28236e-09
2.04955  9.05762e-11
2.15846  1.94144e-10
2.19375  6.56517e-10
2.38348  1.18492e-10
