-7.87895  1.00897e-09
-7.4549  6.84112e-09
-7.15805  1.9327e-08
-7.00417  6.73962e-09
-6.92945  2.91207e-08
-6.80515  3.80806e-08
-6.74351  2.46809e-08
-6.63924  8.60659e-08
-6.58864  1.76797e-08
-6.54483  1.87578e-08
-6.49698  9.72588e-08
-6.45548  3.89604e-08
-6.41458  8.47891e-08
-6.37246  5.49537e-08
-6.33594  8.33055e-08
-6.29937  1.43724e-07
-6.26445  4.87325e-08
-6.22948  1.28112e-07
-6.19606  1.08277e-07
-6.16536  1.64139e-07
-6.13346  1.82218e-07
-6.10244  3.05896e-08
-6.07444  2.78228e-07
-6.04548  2.14538e-07
-6.01968  8.08521e-08
-5.99127  2.66975e-07
-5.96472  2.0807e-07
-5.94061  2.74101e-07
-5.91443  2.71857e-07
-5.89027  1.8463e-07
-5.86734  3.09748e-07
-5.84298  4.02557e-07
-5.82157  2.35773e-07
-5.79917  2.02996e-07
-5.77659  5.37271e-07
-5.75659  3.81369e-07
-5.73481  3.01938e-07
-5.71423  4.40227e-07
-5.69509  3.93228e-07
-5.67455  5.6953e-07
-5.65617  3.57999e-07
-5.63757  3.78234e-07
-5.61992  4.10476e-07
-5.61464  2.50553e-07
-5.60096  5.97655e-07
-5.58271  4.84666e-07
-5.56432  3.86631e-07
-5.54796  7.90796e-07
-5.53049  6.78311e-07
-5.51571  3.80089e-07
-5.49774  7.61497e-07
-5.48162  7.49907e-07
-5.46697  7.75118e-07
-5.44973  6.88607e-07
-5.43636  5.61415e-07
-5.41963  9.30043e-07
-5.40455  8.98617e-07
-5.3931  6.31845e-07
-5.37512  8.16646e-07
-5.36177  1.10449e-06
-5.34872  8.70305e-07
-5.33373  8.03897e-07
-5.32088  9.82316e-07
-5.30631  9.49467e-07
-5.29357  1.21728e-06
-5.28142  8.95616e-07
-5.26789  8.3677e-07
-5.25432  1.44577e-06
-5.24209  1.00417e-06
-5.23109  1.07929e-06
-5.21697  1.22651e-06
-5.20221  1.59199e-06
-5.19005  1.44897e-06
-5.1787  8.78208e-07
-5.16668  1.26977e-06
-5.15482  1.56471e-06
-5.1434  1.41567e-06
-5.13146  1.48117e-06
-5.11991  1.09806e-06
-5.10913  1.78715e-06
-5.09684  1.9327e-06
-5.08495  7.1563e-07
-5.0764  1.67217e-06
-5.06441  1.90692e-06
-5.05528  1.5998e-06
-5.0448  1.65439e-06
-5.03325  1.40277e-06
-5.02423  1.99623e-06
-5.0119  2.49885e-06
-4.99819  1.71295e-06
-4.98761  2.2029e-06
-4.9763  2.58698e-06
-4.96537  1.90315e-06
-4.95376  2.32739e-06
-4.9418  2.63569e-06
-4.93114  2.46763e-06
-4.91854  2.16465e-06
-4.90788  3.58312e-06
-4.89679  2.06481e-06
-4.88585  2.71427e-06
-4.87382  2.94133e-06
-4.86259  3.54915e-06
-4.85149  2.15795e-06
-4.84046  3.61207e-06
-4.82971  3.51988e-06
-4.81882  2.48607e-06
-4.80795  3.67346e-06
-4.7971  3.7141e-06
-4.78518  3.55089e-06
-4.77388  3.8237e-06
-4.76319  3.62003e-06
-4.7541  3.16473e-06
-4.7431  4.20386e-06
-4.73338  3.98916e-06
-4.721  4.44708e-06
-4.71104  3.73987e-06
-4.69997  5.22303e-06
-4.68962  3.74169e-06
-4.67742  6.07756e-06
-4.66715  3.48292e-06
-4.65606  5.74611e-06
-4.64615  4.56669e-06
-4.63605  5.25882e-06
-4.62591  4.19396e-06
-4.61468  7.0335e-06
-4.60227  5.79705e-06
-4.59147  6.39545e-06
-4.58077  5.51451e-06
-4.56945  6.48699e-06
-4.55947  6.1036e-06
-4.54892  5.90344e-06
-4.53847  7.1576e-06
-4.5283  5.94549e-06
-4.51722  7.87441e-06
-4.50692  6.80824e-06
-4.49647  6.64433e-06
-4.48657  7.97538e-06
-4.47514  7.88243e-06
-4.4647  8.09522e-06
-4.45383  8.00761e-06
-4.44321  8.45067e-06
-4.43353  8.47299e-06
-4.42309  7.8831e-06
-4.41289  9.10119e-06
-4.40207  9.71078e-06
-4.39155  9.95569e-06
-4.38012  9.47425e-06
-4.37003  1.04152e-05
-4.35947  9.52424e-06
-4.3491  1.13377e-05
-4.33798  1.02101e-05
-4.32839  1.10501e-05
-4.31771  1.09674e-05
-4.30761  1.13956e-05
-4.29643  1.30778e-05
-4.28554  1.27879e-05
-4.27452  1.23638e-05
-4.26415  1.36406e-05
-4.25383  1.23989e-05
-4.24319  1.3375e-05
-4.23279  1.43367e-05
-4.22225  1.38706e-05
-4.21248  1.29018e-05
-4.20166  1.71596e-05
-4.19105  1.39821e-05
-4.18058  1.60893e-05
-4.16997  1.67026e-05
-4.15906  1.71422e-05
-4.14828  1.61036e-05
-4.13815  1.77893e-05
-4.12736  1.74311e-05
-4.1167  1.97513e-05
-4.1061  1.81783e-05
-4.09492  2.02432e-05
-4.08441  1.94037e-05
-4.07396  2.01818e-05
-4.06285  2.17976e-05
-4.05259  1.94593e-05
-4.04233  2.13987e-05
-4.03161  2.35828e-05
-4.02067  2.22401e-05
-4.01001  2.4689e-05
-3.99901  2.42985e-05
-3.98842  2.37491e-05
-3.97841  2.34693e-05
-3.96844  2.36918e-05
-3.9578  2.87048e-05
-3.94648  2.68002e-05
-3.93637  2.63475e-05
-3.9263  2.59528e-05
-3.91556  3.12434e-05
-3.90479  2.76029e-05
-3.89436  3.00746e-05
-3.88395  3.12305e-05
-3.87305  3.23638e-05
-3.86251  3.06407e-05
-3.85189  3.35004e-05
-3.84145  3.31302e-05
-3.83088  3.44776e-05
-3.8206  3.37245e-05
-3.80994  3.75997e-05
-3.7994  3.47151e-05
-3.78891  3.80048e-05
-3.77835  3.80481e-05
-3.76788  3.87608e-05
-3.75754  3.81357e-05
-3.74713  4.20524e-05
-3.73669  3.97747e-05
-3.72648  4.20691e-05
-3.71589  4.31238e-05
-3.70549  4.49681e-05
-3.69489  4.44478e-05
-3.68457  4.61925e-05
-3.67395  4.74348e-05
-3.66362  4.5927e-05
-3.65333  5.02496e-05
-3.64273  4.97046e-05
-3.63232  5.07974e-05
-3.6218  5.2996e-05
-3.61118  5.31466e-05
-3.60096  5.39162e-05
-3.59027  5.64003e-05
-3.57974  5.74224e-05
-3.56924  5.85553e-05
-3.55856  5.98449e-05
-3.54804  6.08312e-05
-3.53767  6.01817e-05
-3.52726  6.23196e-05
-3.51702  6.24108e-05
-3.50655  6.71161e-05
-3.49553  7.23316e-05
-3.48458  6.85431e-05
-3.4739  7.24738e-05
-3.4633  7.02146e-05
-3.45295  7.13437e-05
-3.44268  7.23807e-05
-3.43221  7.72436e-05
-3.42171  7.55157e-05
-3.41141  7.63675e-05
-3.40117  7.83942e-05
-3.39078  8.2574e-05
-3.38029  8.19235e-05
-3.36987  8.32566e-05
-3.35952  8.72929e-05
-3.34915  8.47792e-05
-3.33896  8.90169e-05
-3.32855  9.12394e-05
-3.31803  9.31741e-05
-3.30758  9.39609e-05
-3.29732  9.48367e-05
-3.28699  9.63805e-05
-3.27679  9.77943e-05
-3.26646  0.000102832
-3.25592  0.000104089
-3.24552  0.000104438
-3.2353  0.000104271
-3.22523  0.000106192
-3.2149  0.000112769
-3.20459  0.000109386
-3.19433  0.000115879
-3.18417  0.000112065
-3.17386  0.000121254
-3.1635  0.000119617
-3.1533  0.000120588
-3.14303  0.000125737
-3.13268  0.000127984
-3.12237  0.000128843
-3.11202  0.000133374
-3.10166  0.000133148
-3.09144  0.00013557
-3.08117  0.00013765
-3.07087  0.000141549
-3.06058  0.000143171
-3.05025  0.000146139
-3.03996  0.000148491
-3.02955  0.000153634
-3.01925  0.000151651
-3.00904  0.00015575
-2.99877  0.000159684
-2.98845  0.000160798
-2.97816  0.000164383
-2.96784  0.000167313
-2.95757  0.000169352
-2.94727  0.000173219
-2.93696  0.00017518
-2.92686  0.000173196
-2.91667  0.000182331
-2.90636  0.000184774
-2.89609  0.000185826
-2.88587  0.000189431
-2.8756  0.000193736
-2.86543  0.00019142
-2.85521  0.000201641
-2.84479  0.000205214
-2.83436  0.00021072
-2.82401  0.00020651
-2.81386  0.000212629
-2.80354  0.000217166
-2.79313  0.000224366
-2.78287  0.000217443
-2.77268  0.000226831
-2.76233  0.000233071
-2.75195  0.000234554
-2.74162  0.000238789
-2.73135  0.000239155
-2.7211  0.000245862
-2.71085  0.000246811
-2.70061  0.000251784
-2.69033  0.00025668
-2.68008  0.000259299
-2.66936  0.000285324
-2.65868  0.000267277
-2.64856  0.000265824
-2.63838  0.000278223
-2.62818  0.000274261
-2.61801  0.000285538
-2.60773  0.000287794
-2.5976  0.000284582
-2.58741  0.000300694
-2.57707  0.000301656
-2.56686  0.000299947
-2.55668  0.000311641
-2.54654  0.000306243
-2.53631  0.000324268
-2.52602  0.000320911
-2.51591  0.00032152
-2.50578  0.000330251
-2.49559  0.000333964
-2.4853  0.000345755
-2.4751  0.000338836
-2.4646  0.000377501
-2.45397  0.000356973
-2.44378  0.000357303
-2.43359  0.000366943
-2.4234  0.000366612
-2.41326  0.00037359
-2.4031  0.000377313
-2.39299  0.000378555
-2.38288  0.000389728
-2.37266  0.000397927
-2.36237  0.000406538
-2.35226  0.000394256
-2.3422  0.0004127
-2.33201  0.000414236
-2.32178  0.000425984
-2.31157  0.000424969
-2.30146  0.000428781
-2.29135  0.000434634
-2.28114  0.000451945
-2.27087  0.00045089
-2.26073  0.000452653
-2.25058  0.000463591
-2.24041  0.000463181
-2.23019  0.000479638
-2.21999  0.000475231
-2.20987  0.000484839
-2.19977  0.000485687
-2.18964  0.000499822
-2.1795  0.000499283
-2.16937  0.000509957
-2.1592  0.000515867
-2.14907  0.000519374
-2.1388  0.00054026
-2.12852  0.000534194
-2.11847  0.000533239
-2.10829  0.00056025
-2.09762  0.000599471
-2.08705  0.000563148
-2.07687  0.000569947
-2.06666  0.000579013
-2.05655  0.000573019
-2.04647  0.000589792
-2.03625  0.000605
-2.02611  0.000594673
-2.01607  0.000608129
-2.00587  0.000625381
-1.99571  0.000615757
-1.98558  0.000635237
-1.97542  0.00063631
-1.96528  0.000648659
-1.95512  0.000654177
-1.94497  0.000662489
-1.93439  0.000727937
-1.92375  0.000683726
-1.91355  0.000683447
-1.9035  0.000679077
-1.8934  0.000704266
-1.88322  0.00071052
-1.87315  0.000705946
-1.86309  0.000724808
-1.85299  0.000725387
-1.84293  0.000734871
-1.8328  0.000749358
-1.8226  0.00075772
-1.81244  0.000765193
-1.80233  0.000768291
-1.79219  0.000786711
-1.78207  0.000786742
-1.77195  0.000797429
-1.76184  0.000801944
-1.75174  0.000811661
-1.74159  0.000828087
-1.73147  0.000826861
-1.72129  0.000854771
-1.71107  0.000854065
-1.70097  0.000851819
-1.69089  0.00086509
-1.68078  0.000871051
-1.67071  0.000879257
-1.66061  0.000898264
-1.65051  0.000899328
-1.64041  0.000914878
-1.63033  0.000913667
-1.62022  0.000938122
-1.61009  0.000933843
-1.59997  0.000953702
-1.58975  0.000974711
-1.57956  0.000974791
-1.56942  0.000983426
-1.55933  0.000981984
-1.54923  0.00100192
-1.53864  0.00109534
-1.52811  0.00101619
-1.51796  0.00104326
-1.50779  0.00104174
-1.49772  0.00104616
-1.48767  0.0010543
-1.47758  0.00107037
-1.46744  0.0010824
-1.45733  0.00108951
-1.44725  0.00110179
-1.43717  0.00111296
-1.42713  0.00111486
-1.41703  0.00114549
-1.40686  0.00114485
-1.39673  0.00115715
-1.38662  0.00116477
-1.37654  0.00118196
-1.36648  0.00118378
-1.3564  0.0012055
-1.34631  0.00120855
-1.33624  0.00121811
-1.32612  0.00123665
-1.31602  0.00124338
-1.30591  0.0012694
-1.29576  0.00128547
-1.28565  0.0012776
-1.27554  0.0013028
-1.26542  0.00130124
-1.25531  0.00132037
-1.24524  0.00132149
-1.23518  0.00134897
-1.22509  0.00136131
-1.215  0.00136945
-1.20489  0.00138789
-1.19474  0.00139499
-1.1846  0.00140963
-1.17449  0.00142472
-1.16441  0.00143082
-1.15432  0.00146186
-1.1442  0.00146312
-1.13415  0.00146105
-1.12405  0.00149453
-1.1139  0.00150654
-1.10384  0.00151258
-1.09378  0.00152954
-1.0837  0.00154769
-1.07363  0.00155226
-1.06353  0.00156538
-1.05344  0.00157396
-1.04337  0.00160364
-1.03328  0.00162873
-1.02321  0.00162379
-1.01316  0.00165077
-1.00306  0.00166512
-0.992956  0.00166001
-0.982862  0.00169141
-0.972744  0.00171707
-0.96265  0.00173103
-0.952566  0.00174869
-0.942493  0.00175716
-0.932403  0.00177411
-0.922266  0.00178832
-0.912172  0.00180457
-0.902114  0.00182429
-0.892006  0.00186291
-0.881886  0.00186112
-0.871819  0.00186579
-0.861727  0.00187647
-0.851626  0.00190418
-0.841528  0.00193967
-0.831426  0.00196232
-0.821362  0.00196777
-0.811342  0.00197823
-0.801289  0.0019968
-0.79118  0.00201094
-0.781036  0.00204955
-0.770463  0.00225903
-0.759937  0.00210021
-0.749866  0.0021204
-0.73978  0.00213242
-0.729653  0.00215027
-0.719544  0.00214411
-0.709471  0.00217368
-0.699388  0.0022431
-0.689293  0.00225069
-0.679281  0.0022536
-0.669229  0.00229217
-0.659174  0.00227978
-0.649058  0.00233052
-0.638972  0.00235461
-0.628921  0.00240133
-0.618845  0.00241828
-0.608769  0.00242896
-0.598709  0.0024374
-0.588629  0.00244971
-0.578575  0.00253374
-0.568523  0.00254647
-0.558522  0.00255972
-0.548407  0.00264505
-0.538265  0.00258482
-0.528179  0.00263996
-0.518136  0.00269292
-0.508104  0.00274419
-0.498033  0.00277595
-0.487936  0.00279955
-0.477856  0.00276507
-0.467807  0.00282278
-0.457772  0.00291179
-0.447718  0.00296378
-0.437664  0.00298717
-0.427603  0.00299562
-0.417556  0.00298997
-0.407474  0.00301344
-0.397406  0.00312075
-0.387367  0.00325045
-0.377255  0.00329753
-0.367166  0.00329904
-0.357119  0.00330214
-0.347028  0.00331269
-0.336905  0.0033829
-0.326882  0.00352702
-0.316812  0.00361664
-0.306733  0.00360548
-0.296676  0.00363705
-0.286571  0.00362787
-0.276436  0.003738
-0.266456  0.00392521
-0.256417  0.00400951
-0.246358  0.00405261
-0.236259  0.00403409
-0.226191  0.00403583
-0.21602  0.00422602
-0.206056  0.00448226
-0.196024  0.00457448
-0.185976  0.00461137
-0.175905  0.00459197
-0.165856  0.00456347
-0.155698  0.00469056
-0.145637  0.00538811
-0.135149  0.00606627
-0.12466  0.00564468
-0.114581  0.00563841
-0.104521  0.0055975
-0.0944858  0.00556461
-0.084326  0.00676211
-0.0743847  0.00729433
-0.0643244  0.00736781
-0.0542653  0.00738222
-0.0442143  0.00742826
-0.0340638  0.00764887
-0.0239842  0.0126906
-0.0140219  0.0139111
-0.00425313  0.0153822
0.00425313  0.0153822
0.0140219  0.0139111
0.0239842  0.0126906
0.0340638  0.00764887
0.0442143  0.00742826
0.0542653  0.00738222
0.0643244  0.00736781
0.0743847  0.00729433
0.084326  0.00676211
0.0944858  0.00556461
0.104521  0.0055975
0.114581  0.00563841
0.12466  0.00564468
0.135149  0.00606627
0.145637  0.00538811
0.155698  0.00469056
0.165856  0.00456347
0.175905  0.00459197
0.185976  0.00461137
0.196024  0.00457448
0.206056  0.00448226
0.21602  0.00422602
0.226191  0.00403583
0.236259  0.00403409
0.246358  0.00405261
0.256417  0.00400951
0.266456  0.00392521
0.276436  0.003738
0.286571  0.00362787
0.296676  0.00363705
0.306733  0.00360548
0.316812  0.00361664
0.326882  0.00352702
0.336905  0.0033829
0.347028  0.00331269
0.357119  0.00330214
0.367166  0.00329904
0.377255  0.00329753
0.387367  0.00325045
0.397406  0.00312075
0.407474  0.00301344
0.417556  0.00298997
0.427603  0.00299562
0.437664  0.00298717
0.447718  0.00296378
0.457772  0.00291179
0.467807  0.00282278
0.477856  0.00276507
0.487936  0.00279955
0.498033  0.00277595
0.508104  0.00274419
0.518136  0.00269292
0.528179  0.00263996
0.538265  0.00258482
0.548407  0.00264505
0.558522  0.00255972
0.568523  0.00254647
0.578575  0.00253374
0.588629  0.00244971
0.598709  0.0024374
0.608769  0.00242896
0.618845  0.00241828
0.628921  0.00240133
0.638972  0.00235461
0.649058  0.00233052
0.659174  0.00227978
0.669229  0.00229217
0.679281  0.0022536
0.689293  0.00225069
0.699388  0.0022431
0.709471  0.00217368
0.719544  0.00214411
0.729653  0.00215027
0.73978  0.00213242
0.749866  0.0021204
0.759937  0.00210021
0.770463  0.00225903
0.781036  0.00204955
0.79118  0.00201094
0.801289  0.0019968
0.811342  0.00197823
0.821362  0.00196777
0.831426  0.00196232
0.841528  0.00193967
0.851626  0.00190418
0.861727  0.00187647
0.871819  0.00186579
0.881886  0.00186112
0.892006  0.00186291
0.902114  0.00182429
0.912172  0.00180457
0.922266  0.00178832
0.932403  0.00177411
0.942493  0.00175716
0.952566  0.00174869
0.96265  0.00173103
0.972744  0.00171707
0.982862  0.00169141
0.992956  0.00166001
1.00306  0.00166512
1.01316  0.00165077
1.02321  0.00162379
1.03328  0.00162873
1.04337  0.00160364
1.05344  0.00157396
1.06353  0.00156538
1.07363  0.00155226
1.0837  0.00154769
1.09378  0.00152954
1.10384  0.00151258
1.1139  0.00150654
1.12405  0.00149453
1.13415  0.00146105
1.1442  0.00146312
1.15432  0.00146186
1.16441  0.00143082
1.17449  0.00142472
1.1846  0.00140963
1.19474  0.00139499
1.20489  0.00138789
1.215  0.00136945
1.22509  0.00136131
1.23518  0.00134897
1.24524  0.00132149
1.25531  0.00132037
1.26542  0.00130124
1.27554  0.0013028
1.28565  0.0012776
1.29576  0.00128547
1.30591  0.0012694
1.31602  0.00124338
1.32612  0.00123665
1.33624  0.00121811
1.34631  0.00120855
1.3564  0.0012055
1.36648  0.00118378
1.37654  0.00118196
1.38662  0.00116477
1.39673  0.00115715
1.40686  0.00114485
1.41703  0.00114549
1.42713  0.00111486
1.43717  0.00111296
1.44725  0.00110179
1.45733  0.00108951
1.46744  0.0010824
1.47758  0.00107037
1.48767  0.0010543
1.49772  0.00104616
1.50779  0.00104174
1.51796  0.00104326
1.52811  0.00101619
1.53864  0.00109534
1.54923  0.00100192
1.55933  0.000981984
1.56942  0.000983426
1.57956  0.000974791
1.58975  0.000974711
1.59997  0.000953702
1.61009  0.000933843
1.62022  0.000938122
1.63033  0.000913667
1.64041  0.000914878
1.65051  0.000899328
1.66061  0.000898264
1.67071  0.000879257
1.68078  0.000871051
1.69089  0.00086509
1.70097  0.000851819
1.71107  0.000854065
1.72129  0.000854771
1.73147  0.000826861
1.74159  0.000828087
1.75174  0.000811661
1.76184  0.000801944
1.77195  0.000797429
1.78207  0.000786742
1.79219  0.000786711
1.80233  0.000768291
1.81244  0.000765193
1.8226  0.00075772
1.8328  0.000749358
1.84293  0.000734871
1.85299  0.000725387
1.86309  0.000724808
1.87315  0.000705946
1.88322  0.00071052
1.8934  0.000704266
1.9035  0.000679077
1.91355  0.000683447
1.92375  0.000683726
1.93439  0.000727937
1.94497  0.000662489
1.95512  0.000654177
1.96528  0.000648659
1.97542  0.00063631
1.98558  0.000635237
1.99571  0.000615757
2.00587  0.000625381
2.01607  0.000608129
2.02611  0.000594673
2.03625  0.000605
2.04647  0.000589792
2.05655  0.000573019
2.06666  0.000579013
2.07687  0.000569947
2.08705  0.000563148
2.09762  0.000599471
2.10829  0.00056025
2.11847  0.000533239
2.12852  0.000534194
2.1388  0.00054026
2.14907  0.000519374
2.1592  0.000515867
2.16937  0.000509957
2.1795  0.000499283
2.18964  0.000499822
2.19977  0.000485687
2.20987  0.000484839
2.21999  0.000475231
2.23019  0.000479638
2.24041  0.000463181
2.25058  0.000463591
2.26073  0.000452653
2.27087  0.00045089
2.28114  0.000451945
2.29135  0.000434634
2.30146  0.000428781
2.31157  0.000424969
2.32178  0.000425984
2.33201  0.000414236
2.3422  0.0004127
2.35226  0.000394256
2.36237  0.000406538
2.37266  0.000397927
2.38288  0.000389728
2.39299  0.000378555
2.4031  0.000377313
2.41326  0.00037359
2.4234  0.000366612
2.43359  0.000366943
2.44378  0.000357303
2.45397  0.000356973
2.4646  0.000377501
2.4751  0.000338836
2.4853  0.000345755
2.49559  0.000333964
2.50578  0.000330251
2.51591  0.00032152
2.52602  0.000320911
2.53631  0.000324268
2.54654  0.000306243
2.55668  0.000311641
2.56686  0.000299947
2.57707  0.000301656
2.58741  0.000300694
2.5976  0.000284582
2.60773  0.000287794
2.61801  0.000285538
2.62818  0.000274261
2.63838  0.000278223
2.64856  0.000265824
2.65868  0.000267277
2.66936  0.000285324
2.68008  0.000259299
2.69033  0.00025668
2.70061  0.000251784
2.71085  0.000246811
2.7211  0.000245862
2.73135  0.000239155
2.74162  0.000238789
2.75195  0.000234554
2.76233  0.000233071
2.77268  0.000226831
2.78287  0.000217443
2.79313  0.000224366
2.80354  0.000217166
2.81386  0.000212629
2.82401  0.00020651
2.83436  0.00021072
2.84479  0.000205214
2.85521  0.000201641
2.86543  0.00019142
2.8756  0.000193736
2.88587  0.000189431
2.89609  0.000185826
2.90636  0.000184774
2.91667  0.000182331
2.92686  0.000173196
2.93696  0.00017518
2.94727  0.000173219
2.95757  0.000169352
2.96784  0.000167313
2.97816  0.000164383
2.98845  0.000160798
2.99877  0.000159684
3.00904  0.00015575
3.01925  0.000151651
3.02955  0.000153634
3.03996  0.000148491
3.05025  0.000146139
3.06058  0.000143171
3.07087  0.000141549
3.08117  0.00013765
3.09144  0.00013557
3.10166  0.000133148
3.11202  0.000133374
3.12237  0.000128843
3.13268  0.000127984
3.14303  0.000125737
3.1533  0.000120588
3.1635  0.000119617
3.17386  0.000121254
3.18417  0.000112065
3.19433  0.000115879
3.20459  0.000109386
3.2149  0.000112769
3.22523  0.000106192
3.2353  0.000104271
3.24552  0.000104438
3.25592  0.000104089
3.26646  0.000102832
3.27679  9.77943e-05
3.28699  9.63805e-05
3.29732  9.48367e-05
3.30758  9.39609e-05
3.31803  9.31741e-05
3.32855  9.12394e-05
3.33896  8.90169e-05
3.34915  8.47792e-05
3.35952  8.72929e-05
3.36987  8.32566e-05
3.38029  8.19235e-05
3.39078  8.2574e-05
3.40117  7.83942e-05
3.41141  7.63675e-05
3.42171  7.55157e-05
3.43221  7.72436e-05
3.44268  7.23807e-05
3.45295  7.13437e-05
3.4633  7.02146e-05
3.4739  7.24738e-05
3.48458  6.85431e-05
3.49553  7.23316e-05
3.50655  6.71161e-05
3.51702  6.24108e-05
3.52726  6.23196e-05
3.53767  6.01817e-05
3.54804  6.08312e-05
3.55856  5.98449e-05
3.56924  5.85553e-05
3.57974  5.74224e-05
3.59027  5.64003e-05
3.60096  5.39162e-05
3.61118  5.31466e-05
3.6218  5.2996e-05
3.63232  5.07974e-05
3.64273  4.97046e-05
3.65333  5.02496e-05
3.66362  4.5927e-05
3.67395  4.74348e-05
3.68457  4.61925e-05
3.69489  4.44478e-05
3.70549  4.49681e-05
3.71589  4.31238e-05
3.72648  4.20691e-05
3.73669  3.97747e-05
3.74713  4.20524e-05
3.75754  3.81357e-05
3.76788  3.87608e-05
3.77835  3.80481e-05
3.78891  3.80048e-05
3.7994  3.47151e-05
3.80994  3.75997e-05
3.8206  3.37245e-05
3.83088  3.44776e-05
3.84145  3.31302e-05
3.85189  3.35004e-05
3.86251  3.06407e-05
3.87305  3.23638e-05
3.88395  3.12305e-05
3.89436  3.00746e-05
3.90479  2.76029e-05
3.91556  3.12434e-05
3.9263  2.59528e-05
3.93637  2.63475e-05
3.94648  2.68002e-05
3.9578  2.87048e-05
3.96844  2.36918e-05
3.97841  2.34693e-05
3.98842  2.37491e-05
3.99901  2.42985e-05
4.01001  2.4689e-05
4.02067  2.22401e-05
4.03161  2.35828e-05
4.04233  2.13987e-05
4.05259  1.94593e-05
4.06285  2.17976e-05
4.07396  2.01818e-05
4.08441  1.94037e-05
4.09492  2.02432e-05
4.1061  1.81783e-05
4.1167  1.97513e-05
4.12736  1.74311e-05
4.13815  1.77893e-05
4.14828  1.61036e-05
4.15906  1.71422e-05
4.16997  1.67026e-05
4.18058  1.60893e-05
4.19105  1.39821e-05
4.20166  1.71596e-05
4.21248  1.29018e-05
4.22225  1.38706e-05
4.23279  1.43367e-05
4.24319  1.3375e-05
4.25383  1.23989e-05
4.26415  1.36406e-05
4.27452  1.23638e-05
4.28554  1.27879e-05
4.29643  1.30778e-05
4.30761  1.13956e-05
4.31771  1.09674e-05
4.32839  1.10501e-05
4.33798  1.02101e-05
4.3491  1.13377e-05
4.35947  9.52424e-06
4.37003  1.04152e-05
4.38012  9.47425e-06
4.39155  9.95569e-06
4.40207  9.71078e-06
4.41289  9.10119e-06
4.42309  7.8831e-06
4.43353  8.47299e-06
4.44321  8.45067e-06
4.45383  8.00761e-06
4.4647  8.09522e-06
4.47514  7.88243e-06
4.48657  7.97538e-06
4.49647  6.64433e-06
4.50692  6.80824e-06
4.51722  7.87441e-06
4.5283  5.94549e-06
4.53847  7.1576e-06
4.54892  5.90344e-06
4.55947  6.1036e-06
4.56945  6.48699e-06
4.58077  5.51451e-06
4.59147  6.39545e-06
4.60227  5.79705e-06
4.61468  7.0335e-06
4.62591  4.19396e-06
4.63605  5.25882e-06
4.64615  4.56669e-06
4.65606  5.74611e-06
4.66715  3.48292e-06
4.67742  6.07756e-06
4.68962  3.74169e-06
4.69997  5.22303e-06
4.71104  3.73987e-06
4.721  4.44708e-06
4.73338  3.98916e-06
4.7431  4.20386e-06
4.7541  3.16473e-06
4.76319  3.62003e-06
4.77388  3.8237e-06
4.78518  3.55089e-06
4.7971  3.7141e-06
4.80795  3.67346e-06
4.81882  2.48607e-06
4.82971  3.51988e-06
4.84046  3.61207e-06
4.85149  2.15795e-06
4.86259  3.54915e-06
4.87382  2.94133e-06
4.88585  2.71427e-06
4.89679  2.06481e-06
4.90788  3.58312e-06
4.91854  2.16465e-06
4.93114  2.46763e-06
4.9418  2.63569e-06
4.95376  2.32739e-06
4.96537  1.90315e-06
4.9763  2.58698e-06
4.98761  2.2029e-06
4.99819  1.71295e-06
5.0119  2.49885e-06
5.02423  1.99623e-06
5.03325  1.40277e-06
5.0448  1.65439e-06
5.05528  1.5998e-06
5.06441  1.90692e-06
5.0764  1.67217e-06
5.08495  7.1563e-07
5.09684  1.9327e-06
5.10913  1.78715e-06
5.11991  1.09806e-06
5.13146  1.48117e-06
5.1434  1.41567e-06
5.15482  1.56471e-06
5.16668  1.26977e-06
5.1787  8.78208e-07
5.19005  1.44897e-06
5.20221  1.59199e-06
5.21697  1.22651e-06
5.23109  1.07929e-06
5.24209  1.00417e-06
5.25432  1.44577e-06
5.26789  8.3677e-07
5.28142  8.95616e-07
5.29357  1.21728e-06
5.30631  9.49467e-07
5.32088  9.82316e-07
5.33373  8.03897e-07
5.34872  8.70305e-07
5.36177  1.10449e-06
5.37512  8.16646e-07
5.3931  6.31845e-07
5.40455  8.98617e-07
5.41963  9.30043e-07
5.43636  5.61415e-07
5.44973  6.88607e-07
5.46697  7.75118e-07
5.48162  7.49907e-07
5.49774  7.61497e-07
5.51571  3.80089e-07
5.53049  6.78311e-07
5.54796  7.90796e-07
5.56432  3.86631e-07
5.58271  4.84666e-07
5.60096  5.97655e-07
5.61464  2.50553e-07
5.61992  4.10476e-07
5.63757  3.78234e-07
5.65617  3.57999e-07
5.67455  5.6953e-07
5.69509  3.93228e-07
5.71423  4.40227e-07
5.73481  3.01938e-07
5.75659  3.81369e-07
5.77659  5.37271e-07
5.79917  2.02996e-07
5.82157  2.35773e-07
5.84298  4.02557e-07
5.86734  3.09748e-07
5.89027  1.8463e-07
5.91443  2.71857e-07
5.94061  2.74101e-07
5.96472  2.0807e-07
5.99127  2.66975e-07
6.01968  8.08521e-08
6.04548  2.14538e-07
6.07444  2.78228e-07
6.10244  3.05896e-08
6.13346  1.82218e-07
6.16536  1.64139e-07
6.19606  1.08277e-07
6.22948  1.28112e-07
6.26445  4.87325e-08
6.29937  1.43724e-07
6.33594  8.33055e-08
6.37246  5.49537e-08
6.41458  8.47891e-08
6.45548  3.89604e-08
6.49698  9.72588e-08
6.54483  1.87578e-08
6.58864  1.76797e-08
6.63924  8.60659e-08
6.74351  2.46809e-08
6.80515  3.80806e-08
6.92945  2.91207e-08
7.00417  6.73962e-09
7.15805  1.9327e-08
7.4549  6.84112e-09
7.87895  1.00897e-09
