-7.9437  1.13258e-09
-7.51727  7.55403e-09
-7.21927  2.09931e-08
-7.06229  7.52074e-09
-6.98999  3.11153e-08
-6.86322  4.18012e-08
-6.8036  2.59414e-08
-6.69728  9.29346e-08
-6.64532  1.88135e-08
-6.6012  2.08085e-08
-6.555  1.03308e-07
-6.50821  4.25927e-08
-6.47114  9.25251e-08
-6.43046  5.74201e-08
-6.38892  8.99429e-08
-6.35607  1.5428e-07
-6.31799  5.30433e-08
-6.28348  1.30689e-07
-6.27301  6.90733e-09
-6.25288  1.14334e-07
-6.21798  1.79093e-07
-6.18882  1.57972e-07
-6.17766  3.83918e-08
-6.15935  3.17742e-08
-6.12751  2.98627e-07
-6.10108  1.45676e-07
-6.09063  8.53546e-08
-6.07203  8.9152e-08
-6.04492  2.46795e-07
-6.0371  3.82226e-08
-6.01778  1.28843e-07
-6.01056  9.48823e-08
-5.99339  2.97311e-07
-5.96949  1.18167e-07
-5.96105  1.69957e-07
-5.94188  1.50999e-07
-5.93643  5.27368e-08
-5.92048  3.30498e-07
-5.89218  4.0117e-07
-5.87431  2.41842e-07
-5.86632  4.87169e-08
-5.85028  2.1835e-07
-5.82705  4.97758e-07
-5.81055  3.29344e-07
-5.8008  1.77028e-07
-5.78311  2.82144e-07
-5.76665  4.14148e-07
-5.74958  2.38935e-07
-5.74095  2.7427e-07
-5.72494  4.56875e-07
-5.71106  3.32856e-07
-5.70077  2.15408e-07
-5.68509  4.07269e-07
-5.67027  4.40695e-07
-5.65139  8.73167e-07
-5.63289  4.13632e-07
-5.62075  3.34562e-07
-5.60569  2.309e-07
-5.59623  6.99501e-07
-5.58295  4.9346e-07
-5.57238  4.07401e-07
-5.56106  4.01219e-07
-5.54702  5.59932e-07
-5.5335  6.39526e-07
-5.52413  4.24586e-07
-5.5129  8.41144e-07
-5.49666  5.18932e-07
-5.48469  6.88513e-07
-5.47525  2.3831e-07
-5.46419  8.95253e-07
-5.45161  5.80404e-07
-5.44254  7.54598e-07
-5.4339  4.4774e-07
-5.41835  7.42096e-07
-5.40818  9.54555e-07
-5.39444  1.18485e-06
-5.37677  8.86042e-07
-5.36559  8.89701e-07
-5.35163  1.16396e-06
-5.33682  1.28625e-06
-5.32521  9.42118e-07
-5.31283  8.96246e-07
-5.30256  6.38676e-07
-5.29115  1.62444e-06
-5.27901  1.12916e-06
-5.26828  5.41686e-07
-5.25984  1.07845e-06
-5.24824  1.34721e-06
-5.237  1.38544e-06
-5.22606  1.28548e-06
-5.21281  1.28131e-06
-5.20178  1.32277e-06
-5.1904  1.64329e-06
-5.17918  1.42055e-06
-5.16889  1.30525e-06
-5.15573  1.78283e-06
-5.14666  1.28191e-06
-5.1364  1.69008e-06
-5.12374  1.48693e-06
-5.11297  1.66709e-06
-5.10252  2.14524e-06
-5.0915  1.71581e-06
-5.08004  2.14803e-06
-5.06723  1.86795e-06
-5.05742  1.98507e-06
-5.04713  2.17807e-06
-5.03296  2.21117e-06
-5.0232  2.19573e-06
-5.01373  2.22525e-06
-5.0019  2.60081e-06
-4.98896  2.43044e-06
-4.97823  2.57148e-06
-4.96852  2.31865e-06
-4.9576  2.26898e-06
-4.94642  3.69414e-06
-4.93485  2.62218e-06
-4.92385  2.26075e-06
-4.91333  3.29488e-06
-4.90289  2.95612e-06
-4.89219  2.97295e-06
-4.88069  3.62348e-06
-4.87001  3.44475e-06
-4.85883  3.18788e-06
-4.84698  3.99402e-06
-4.83632  3.73844e-06
-4.82578  3.06479e-06
-4.8151  4.1713e-06
-4.80496  3.44184e-06
-4.79388  4.64373e-06
-4.78281  3.70812e-06
-4.77241  5.24274e-06
-4.76072  3.09959e-06
-4.75067  5.47541e-06
-4.74043  3.90134e-06
-4.72941  5.22713e-06
-4.71899  4.44191e-06
-4.70768  5.75473e-06
-4.6956  5.14807e-06
-4.68505  6.30716e-06
-4.67373  5.37299e-06
-4.66259  5.74316e-06
-4.6515  5.57016e-06
-4.64126  6.22536e-06
-4.63061  6.24624e-06
-4.62016  5.6614e-06
-4.60939  6.8158e-06
-4.59938  5.89265e-06
-4.58783  8.534e-06
-4.57627  6.23272e-06
-4.56601  7.46189e-06
-4.55469  7.93505e-06
-4.54324  8.85318e-06
-4.53121  8.39242e-06
-4.52001  7.71216e-06
-4.5098  8.37474e-06
-4.49899  8.51627e-06
-4.48852  8.27688e-06
-4.47764  9.74198e-06
-4.46652  1.00924e-05
-4.45564  7.98435e-06
-4.44622  9.08566e-06
-4.43608  9.60889e-06
-4.4254  1.11566e-05
-4.41376  1.0403e-05
-4.4025  1.25004e-05
-4.39072  1.16746e-05
-4.37981  1.11169e-05
-4.36916  1.10897e-05
-4.35833  1.40582e-05
-4.34668  1.18967e-05
-4.33672  1.0939e-05
-4.32621  1.42772e-05
-4.31568  1.20637e-05
-4.30547  1.2913e-05
-4.29566  1.30406e-05
-4.28554  1.40834e-05
-4.27454  1.42099e-05
-4.26385  1.58736e-05
-4.25334  1.34696e-05
-4.24361  1.55309e-05
-4.233  1.56203e-05
-4.22289  1.52308e-05
-4.21231  1.72783e-05
-4.20154  1.74504e-05
-4.19154  1.59341e-05
-4.181  1.80287e-05
-4.1705  1.85162e-05
-4.15946  1.95751e-05
-4.14864  1.95105e-05
-4.13848  1.94543e-05
-4.12776  1.96836e-05
-4.11717  2.14667e-05
-4.107  1.91962e-05
-4.09717  2.04149e-05
-4.0867  2.24426e-05
-4.07593  2.33114e-05
-4.06523  2.26607e-05
-4.05491  2.39646e-05
-4.0442  2.39209e-05
-4.03376  2.46467e-05
-4.02342  2.48561e-05
-4.0131  2.56761e-05
-4.00292  2.43007e-05
-3.99254  2.84651e-05
-3.98182  2.81562e-05
-3.97147  2.58608e-05
-3.96145  2.96575e-05
-3.95075  2.88956e-05
-3.93998  3.32043e-05
-3.92893  3.05483e-05
-3.9183  3.21566e-05
-3.90801  3.21544e-05
-3.89722  3.39909e-05
-3.88685  3.29802e-05
-3.87616  3.50376e-05
-3.8656  3.63481e-05
-3.85484  3.6719e-05
-3.84446  3.58281e-05
-3.83446  3.56179e-05
-3.82428  3.83396e-05
-3.81372  3.90435e-05
-3.80319  4.10369e-05
-3.79265  4.06917e-05
-3.78217  4.16355e-05
-3.77164  4.41532e-05
-3.76112  4.29511e-05
-3.75042  4.69576e-05
-3.73991  4.34373e-05
-3.72965  4.77222e-05
-3.71872  4.99163e-05
-3.70807  4.87909e-05
-3.69731  5.12305e-05
-3.68673  4.9961e-05
-3.67662  5.02987e-05
-3.66595  5.54234e-05
-3.65516  5.44451e-05
-3.64429  5.91118e-05
-3.63355  5.3906e-05
-3.62346  5.74317e-05
-3.61281  5.92728e-05
-3.6023  6.00223e-05
-3.59179  6.26079e-05
-3.58133  5.93611e-05
-3.57123  6.32899e-05
-3.56082  6.42892e-05
-3.55031  6.53813e-05
-3.54004  6.61804e-05
-3.52971  6.81204e-05
-3.51933  6.97407e-05
-3.50907  6.93057e-05
-3.49872  7.31689e-05
-3.48808  7.60006e-05
-3.47772  7.29731e-05
-3.46754  7.6624e-05
-3.45712  7.76359e-05
-3.44676  8.00133e-05
-3.43648  7.91455e-05
-3.42635  8.0405e-05
-3.41604  8.52864e-05
-3.40558  8.5693e-05
-3.39545  8.28642e-05
-3.38531  9.00657e-05
-3.37494  8.98758e-05
-3.36451  9.31214e-05
-3.35427  9.26147e-05
-3.34401  9.49464e-05
-3.33374  9.60215e-05
-3.32353  9.80231e-05
-3.31316  0.000102486
-3.30267  0.000102971
-3.29212  0.000108982
-3.28172  0.000103717
-3.27152  0.000108769
-3.26116  0.00011028
-3.2508  0.000113411
-3.24052  0.000112994
-3.23035  0.000114378
-3.22006  0.000119982
-3.20963  0.000121219
-3.19908  0.0001273
-3.18857  0.000124832
-3.17831  0.000126049
-3.16763  0.000138719
-3.15685  0.000135143
-3.14642  0.000134297
-3.13608  0.000136573
-3.12592  0.000135841
-3.11556  0.000144553
-3.10526  0.000140306
-3.09497  0.000147446
-3.08466  0.000148595
-3.07428  0.00015216
-3.06401  0.000151007
-3.05369  0.000158989
-3.04328  0.000159784
-3.03297  0.000160448
-3.02274  0.000163673
-3.01251  0.000165791
-3.00218  0.000171397
-2.99193  0.000168679
-2.98183  0.000171501
-2.97162  0.000179579
-2.96123  0.000181289
-2.95084  0.00018778
-2.94056  0.000182556
-2.93036  0.000191572
-2.92012  0.000188822
-2.90991  0.000197441
-2.89951  0.000201698
-2.88923  0.000199836
-2.87897  0.00020585
-2.86877  0.000204108
-2.85865  0.000209542
-2.84842  0.000215192
-2.83817  0.000217318
-2.8279  0.000223894
-2.81771  0.000218994
-2.80755  0.000229498
-2.7973  0.000231154
-2.78703  0.000234442
-2.77683  0.000237565
-2.76655  0.000244616
-2.75627  0.000244582
-2.74606  0.000249195
-2.73577  0.000256781
-2.72553  0.000254002
-2.71536  0.00026118
-2.70505  0.000268101
-2.69488  0.000262566
-2.6846  0.000279119
-2.67431  0.000272761
-2.66416  0.000279608
-2.65403  0.000281825
-2.64377  0.000293099
-2.63342  0.000294987
-2.62321  0.00029518
-2.61303  0.000299908
-2.60284  0.00030508
-2.59264  0.000308532
-2.58244  0.000313289
-2.57219  0.000320749
-2.56195  0.000323853
-2.55173  0.000326936
-2.54146  0.000336951
-2.53125  0.000333378
-2.52108  0.000341682
-2.51092  0.000339483
-2.50073  0.000355808
-2.4904  0.000357775
-2.48018  0.000360206
-2.47006  0.000359664
-2.45991  0.000372321
-2.44968  0.000374626
-2.4395  0.000379118
-2.42935  0.000382727
-2.41915  0.000391718
-2.40894  0.000392842
-2.39869  0.000405905
-2.38842  0.000406536
-2.37822  0.000411218
-2.36812  0.000411222
-2.35797  0.000423902
-2.34773  0.000429125
-2.33755  0.000428596
-2.32735  0.0004423
-2.31708  0.000445621
-2.30688  0.000447856
-2.29671  0.000455521
-2.2865  0.000463596
-2.27632  0.0004662
-2.26616  0.000471781
-2.25588  0.0004884
-2.24564  0.000478769
-2.23547  0.000493719
-2.22529  0.000494127
-2.21513  0.000503753
-2.20497  0.000507507
-2.19479  0.000516862
-2.18464  0.000517678
-2.17448  0.000529332
-2.16429  0.000533876
-2.15405  0.000544067
-2.14387  0.000543167
-2.13378  0.000548734
-2.12372  0.00055481
-2.11362  0.000564066
-2.10345  0.000575977
-2.0932  0.000584669
-2.08298  0.00058518
-2.07284  0.000590755
-2.06266  0.000604803
-2.05244  0.000609201
-2.04229  0.000610337
-2.03222  0.000617137
-2.02211  0.000626198
-2.012  0.000630084
-2.00186  0.000640509
-1.99173  0.000645708
-1.98154  0.000665491
-1.97134  0.000663714
-1.96119  0.000671843
-1.95106  0.000677148
-1.94102  0.000674481
-1.93096  0.000692599
-1.92075  0.000707765
-1.91059  0.000699863
-1.90051  0.000716863
-1.89037  0.000725216
-1.88029  0.000726413
-1.87018  0.000743489
-1.86001  0.000747509
-1.8499  0.000751542
-1.83976  0.000764261
-1.82961  0.000770154
-1.81949  0.0007794
-1.80936  0.000789328
-1.79927  0.000794645
-1.78919  0.000800819
-1.77905  0.000816304
-1.76888  0.000823481
-1.75871  0.00083048
-1.7486  0.000831697
-1.73849  0.000851343
-1.72834  0.000858031
-1.71824  0.000863321
-1.70814  0.000874632
-1.69761  0.000952408
-1.68701  0.000900567
-1.67683  0.000902611
-1.66669  0.000911066
-1.65661  0.000915468
-1.6465  0.000933719
-1.63632  0.000943857
-1.62623  0.000938006
-1.61611  0.000961848
-1.60547  0.00105445
-1.59492  0.000972354
-1.58483  0.000988873
-1.57466  0.00100553
-1.56449  0.00101029
-1.55437  0.00100748
-1.5443  0.00101921
-1.53422  0.0010317
-1.52412  0.00104252
-1.51403  0.00105621
-1.50395  0.00106218
-1.4939  0.00106893
-1.48381  0.00108344
-1.47367  0.00109438
-1.46352  0.00111127
-1.45343  0.00110896
-1.44336  0.00112913
-1.43328  0.00113479
-1.42322  0.00114422
-1.41311  0.00115945
-1.40301  0.00115857
-1.39293  0.00118046
-1.3828  0.00119823
-1.37265  0.00121122
-1.36256  0.00120687
-1.35247  0.00123468
-1.34232  0.00123505
-1.33219  0.00124473
-1.32165  0.00136426
-1.31107  0.00128713
-1.30092  0.00128996
-1.2908  0.00129824
-1.28067  0.00131665
-1.27055  0.00130996
-1.26049  0.0013179
-1.25042  0.00133888
-1.24031  0.00136782
-1.23015  0.00137963
-1.22006  0.00137774
-1.20995  0.00139523
-1.19984  0.00140176
-1.18973  0.00141056
-1.17964  0.0014294
-1.16952  0.00145139
-1.15942  0.00146293
-1.14934  0.00147001
-1.13924  0.00148382
-1.12915  0.00148755
-1.11906  0.0015087
-1.10896  0.00152954
-1.09888  0.00153005
-1.08885  0.00154936
-1.07874  0.00157673
-1.06863  0.0015559
-1.0585  0.00160432
-1.04788  0.00175486
-1.03736  0.00162262
-1.02727  0.00164748
-1.01716  0.00165976
-1.00708  0.00166367
-0.996996  0.00166452
-0.986928  0.00168153
-0.976847  0.00171763
-0.966762  0.001733
-0.956667  0.00175536
-0.946583  0.00176366
-0.936519  0.00176694
-0.926385  0.00179461
-0.916252  0.00179205
-0.906182  0.00182525
-0.896094  0.00185459
-0.886002  0.0018683
-0.875938  0.00187695
-0.865882  0.00187782
-0.855761  0.00191602
-0.845653  0.00189449
-0.835612  0.00195129
-0.825509  0.00198235
-0.815408  0.00200144
-0.805318  0.00200311
-0.795243  0.00201174
-0.785191  0.00200901
-0.775113  0.00204057
-0.765026  0.00208691
-0.754961  0.00210847
-0.744921  0.00212344
-0.734804  0.00216731
-0.724684  0.00214951
-0.714576  0.00216763
-0.704511  0.00218771
-0.694476  0.0022346
-0.684451  0.00224654
-0.674366  0.00228272
-0.664256  0.00228705
-0.65417  0.00227769
-0.644114  0.00233652
-0.634065  0.00237279
-0.624038  0.00239305
-0.613975  0.00241331
-0.603909  0.0024237
-0.593789  0.0024401
-0.58371  0.00248124
-0.573693  0.00252856
-0.563617  0.00257668
-0.553523  0.00257143
-0.543474  0.00257826
-0.533403  0.00256817
-0.523319  0.00263417
-0.51328  0.00270533
-0.503193  0.00278413
-0.493067  0.00279422
-0.48299  0.0027926
-0.472906  0.00279871
-0.462822  0.00280508
-0.45276  0.00290074
-0.442755  0.00294636
-0.432712  0.00300571
-0.422604  0.00301455
-0.412533  0.00300466
-0.402394  0.00304095
-0.39184  0.00344993
-0.381332  0.00322582
-0.371237  0.00326667
-0.361179  0.00325243
-0.351125  0.00324893
-0.340981  0.00331837
-0.330932  0.00345206
-0.320872  0.00355377
-0.310819  0.00356382
-0.300763  0.00357529
-0.290685  0.00357558
-0.28055  0.00361799
-0.270531  0.0038419
-0.260529  0.00392678
-0.250453  0.00399905
-0.2404  0.00394865
-0.230332  0.00397799
-0.220174  0.0040371
-0.210198  0.0043571
-0.200166  0.00451878
-0.19008  0.00452746
-0.180051  0.00447145
-0.169984  0.00453014
-0.159254  0.00511759
-0.148832  0.00521112
-0.138838  0.0052985
-0.128785  0.00537678
-0.11871  0.00530985
-0.10868  0.00527353
-0.0984067  0.00571637
-0.088521  0.00670743
-0.0785124  0.00681403
-0.0684838  0.00684401
-0.0584205  0.00685317
-0.0483546  0.00684603
-0.0381852  0.00703762
-0.0281953  0.0119952
-0.0182468  0.0128496
-0.0080873  0.0143276
-0.00156642  0.00575365
0.00156642  0.00575365
0.0080873  0.0143276
0.0182468  0.0128496
0.0281953  0.0119952
0.0381852  0.00703762
0.0483546  0.00684603
0.0584205  0.00685317
0.0684838  0.00684401
0.0785124  0.00681403
0.088521  0.00670743
0.0984067  0.00571637
0.10868  0.00527353
0.11871  0.00530985
0.128785  0.00537678
0.138838  0.0052985
0.148832  0.00521112
0.159254  0.00511759
0.169984  0.00453014
0.180051  0.00447145
0.19008  0.00452746
0.200166  0.00451878
0.210198  0.0043571
0.220174  0.0040371
0.230332  0.00397799
0.2404  0.00394865
0.250453  0.00399905
0.260529  0.00392678
0.270531  0.0038419
0.28055  0.00361799
0.290685  0.00357558
0.300763  0.00357529
0.310819  0.00356382
0.320872  0.00355377
0.330932  0.00345206
0.340981  0.00331837
0.351125  0.00324893
0.361179  0.00325243
0.371237  0.00326667
0.381332  0.00322582
0.39184  0.00344993
0.402394  0.00304095
0.412533  0.00300466
0.422604  0.00301455
0.432712  0.00300571
0.442755  0.00294636
0.45276  0.00290074
0.462822  0.00280508
0.472906  0.00279871
0.48299  0.0027926
0.493067  0.00279422
0.503193  0.00278413
0.51328  0.00270533
0.523319  0.00263417
0.533403  0.00256817
0.543474  0.00257826
0.553523  0.00257143
0.563617  0.00257668
0.573693  0.00252856
0.58371  0.00248124
0.593789  0.0024401
0.603909  0.0024237
0.613975  0.00241331
0.624038  0.00239305
0.634065  0.00237279
0.644114  0.00233652
0.65417  0.00227769
0.664256  0.00228705
0.674366  0.00228272
0.684451  0.00224654
0.694476  0.0022346
0.704511  0.00218771
0.714576  0.00216763
0.724684  0.00214951
0.734804  0.00216731
0.744921  0.00212344
0.754961  0.00210847
0.765026  0.00208691
0.775113  0.00204057
0.785191  0.00200901
0.795243  0.00201174
0.805318  0.00200311
0.815408  0.00200144
0.825509  0.00198235
0.835612  0.00195129
0.845653  0.00189449
0.855761  0.00191602
0.865882  0.00187782
0.875938  0.00187695
0.886002  0.0018683
0.896094  0.00185459
0.906182  0.00182525
0.916252  0.00179205
0.926385  0.00179461
0.936519  0.00176694
0.946583  0.00176366
0.956667  0.00175536
0.966762  0.001733
0.976847  0.00171763
0.986928  0.00168153
0.996996  0.00166452
1.00708  0.00166367
1.01716  0.00165976
1.02727  0.00164748
1.03736  0.00162262
1.04788  0.00175486
1.0585  0.00160432
1.06863  0.0015559
1.07874  0.00157673
1.08885  0.00154936
1.09888  0.00153005
1.10896  0.00152954
1.11906  0.0015087
1.12915  0.00148755
1.13924  0.00148382
1.14934  0.00147001
1.15942  0.00146293
1.16952  0.00145139
1.17964  0.0014294
1.18973  0.00141056
1.19984  0.00140176
1.20995  0.00139523
1.22006  0.00137774
1.23015  0.00137963
1.24031  0.00136782
1.25042  0.00133888
1.26049  0.0013179
1.27055  0.00130996
1.28067  0.00131665
1.2908  0.00129824
1.30092  0.00128996
1.31107  0.00128713
1.32165  0.00136426
1.33219  0.00124473
1.34232  0.00123505
1.35247  0.00123468
1.36256  0.00120687
1.37265  0.00121122
1.3828  0.00119823
1.39293  0.00118046
1.40301  0.00115857
1.41311  0.00115945
1.42322  0.00114422
1.43328  0.00113479
1.44336  0.00112913
1.45343  0.00110896
1.46352  0.00111127
1.47367  0.00109438
1.48381  0.00108344
1.4939  0.00106893
1.50395  0.00106218
1.51403  0.00105621
1.52412  0.00104252
1.53422  0.0010317
1.5443  0.00101921
1.55437  0.00100748
1.56449  0.00101029
1.57466  0.00100553
1.58483  0.000988873
1.59492  0.000972354
1.60547  0.00105445
1.61611  0.000961848
1.62623  0.000938006
1.63632  0.000943857
1.6465  0.000933719
1.65661  0.000915468
1.66669  0.000911066
1.67683  0.000902611
1.68701  0.000900567
1.69761  0.000952408
1.70814  0.000874632
1.71824  0.000863321
1.72834  0.000858031
1.73849  0.000851343
1.7486  0.000831697
1.75871  0.00083048
1.76888  0.000823481
1.77905  0.000816304
1.78919  0.000800819
1.79927  0.000794645
1.80936  0.000789328
1.81949  0.0007794
1.82961  0.000770154
1.83976  0.000764261
1.8499  0.000751542
1.86001  0.000747509
1.87018  0.000743489
1.88029  0.000726413
1.89037  0.000725216
1.90051  0.000716863
1.91059  0.000699863
1.92075  0.000707765
1.93096  0.000692599
1.94102  0.000674481
1.95106  0.000677148
1.96119  0.000671843
1.97134  0.000663714
1.98154  0.000665491
1.99173  0.000645708
2.00186  0.000640509
2.012  0.000630084
2.02211  0.000626198
2.03222  0.000617137
2.04229  0.000610337
2.05244  0.000609201
2.06266  0.000604803
2.07284  0.000590755
2.08298  0.00058518
2.0932  0.000584669
2.10345  0.000575977
2.11362  0.000564066
2.12372  0.00055481
2.13378  0.000548734
2.14387  0.000543167
2.15405  0.000544067
2.16429  0.000533876
2.17448  0.000529332
2.18464  0.000517678
2.19479  0.000516862
2.20497  0.000507507
2.21513  0.000503753
2.22529  0.000494127
2.23547  0.000493719
2.24564  0.000478769
2.25588  0.0004884
2.26616  0.000471781
2.27632  0.0004662
2.2865  0.000463596
2.29671  0.000455521
2.30688  0.000447856
2.31708  0.000445621
2.32735  0.0004423
2.33755  0.000428596
2.34773  0.000429125
2.35797  0.000423902
2.36812  0.000411222
2.37822  0.000411218
2.38842  0.000406536
2.39869  0.000405905
2.40894  0.000392842
2.41915  0.000391718
2.42935  0.000382727
2.4395  0.000379118
2.44968  0.000374626
2.45991  0.000372321
2.47006  0.000359664
2.48018  0.000360206
2.4904  0.000357775
2.50073  0.000355808
2.51092  0.000339483
2.52108  0.000341682
2.53125  0.000333378
2.54146  0.000336951
2.55173  0.000326936
2.56195  0.000323853
2.57219  0.000320749
2.58244  0.000313289
2.59264  0.000308532
2.60284  0.00030508
2.61303  0.000299908
2.62321  0.00029518
2.63342  0.000294987
2.64377  0.000293099
2.65403  0.000281825
2.66416  0.000279608
2.67431  0.000272761
2.6846  0.000279119
2.69488  0.000262566
2.70505  0.000268101
2.71536  0.00026118
2.72553  0.000254002
2.73577  0.000256781
2.74606  0.000249195
2.75627  0.000244582
2.76655  0.000244616
2.77683  0.000237565
2.78703  0.000234442
2.7973  0.000231154
2.80755  0.000229498
2.81771  0.000218994
2.8279  0.000223894
2.83817  0.000217318
2.84842  0.000215192
2.85865  0.000209542
2.86877  0.000204108
2.87897  0.00020585
2.88923  0.000199836
2.89951  0.000201698
2.90991  0.000197441
2.92012  0.000188822
2.93036  0.000191572
2.94056  0.000182556
2.95084  0.00018778
2.96123  0.000181289
2.97162  0.000179579
2.98183  0.000171501
2.99193  0.000168679
3.00218  0.000171397
3.01251  0.000165791
3.02274  0.000163673
3.03297  0.000160448
3.04328  0.000159784
3.05369  0.000158989
3.06401  0.000151007
3.07428  0.00015216
3.08466  0.000148595
3.09497  0.000147446
3.10526  0.000140306
3.11556  0.000144553
3.12592  0.000135841
3.13608  0.000136573
3.14642  0.000134297
3.15685  0.000135143
3.16763  0.000138719
3.17831  0.000126049
3.18857  0.000124832
3.19908  0.0001273
3.20963  0.000121219
3.22006  0.000119982
3.23035  0.000114378
3.24052  0.000112994
3.2508  0.000113411
3.26116  0.00011028
3.27152  0.000108769
3.28172  0.000103717
3.29212  0.000108982
3.30267  0.000102971
3.31316  0.000102486
3.32353  9.80231e-05
3.33374  9.60215e-05
3.34401  9.49464e-05
3.35427  9.26147e-05
3.36451  9.31214e-05
3.37494  8.98758e-05
3.38531  9.00657e-05
3.39545  8.28642e-05
3.40558  8.5693e-05
3.41604  8.52864e-05
3.42635  8.0405e-05
3.43648  7.91455e-05
3.44676  8.00133e-05
3.45712  7.76359e-05
3.46754  7.6624e-05
3.47772  7.29731e-05
3.48808  7.60006e-05
3.49872  7.31689e-05
3.50907  6.93057e-05
3.51933  6.97407e-05
3.52971  6.81204e-05
3.54004  6.61804e-05
3.55031  6.53813e-05
3.56082  6.42892e-05
3.57123  6.32899e-05
3.58133  5.93611e-05
3.59179  6.26079e-05
3.6023  6.00223e-05
3.61281  5.92728e-05
3.62346  5.74317e-05
3.63355  5.3906e-05
3.64429  5.91118e-05
3.65516  5.44451e-05
3.66595  5.54234e-05
3.67662  5.02987e-05
3.68673  4.9961e-05
3.69731  5.12305e-05
3.70807  4.87909e-05
3.71872  4.99163e-05
3.72965  4.77222e-05
3.73991  4.34373e-05
3.75042  4.69576e-05
3.76112  4.29511e-05
3.77164  4.41532e-05
3.78217  4.16355e-05
3.79265  4.06917e-05
3.80319  4.10369e-05
3.81372  3.90435e-05
3.82428  3.83396e-05
3.83446  3.56179e-05
3.84446  3.58281e-05
3.85484  3.6719e-05
3.8656  3.63481e-05
3.87616  3.50376e-05
3.88685  3.29802e-05
3.89722  3.39909e-05
3.90801  3.21544e-05
3.9183  3.21566e-05
3.92893  3.05483e-05
3.93998  3.32043e-05
3.95075  2.88956e-05
3.96145  2.96575e-05
3.97147  2.58608e-05
3.98182  2.81562e-05
3.99254  2.84651e-05
4.00292  2.43007e-05
4.0131  2.56761e-05
4.02342  2.48561e-05
4.03376  2.46467e-05
4.0442  2.39209e-05
4.05491  2.39646e-05
4.06523  2.26607e-05
4.07593  2.33114e-05
4.0867  2.24426e-05
4.09717  2.04149e-05
4.107  1.91962e-05
4.11717  2.14667e-05
4.12776  1.96836e-05
4.13848  1.94543e-05
4.14864  1.95105e-05
4.15946  1.95751e-05
4.1705  1.85162e-05
4.181  1.80287e-05
4.19154  1.59341e-05
4.20154  1.74504e-05
4.21231  1.72783e-05
4.22289  1.52308e-05
4.233  1.56203e-05
4.24361  1.55309e-05
4.25334  1.34696e-05
4.26385  1.58736e-05
4.27454  1.42099e-05
4.28554  1.40834e-05
4.29566  1.30406e-05
4.30547  1.2913e-05
4.31568  1.20637e-05
4.32621  1.42772e-05
4.33672  1.0939e-05
4.34668  1.18967e-05
4.35833  1.40582e-05
4.36916  1.10897e-05
4.37981  1.11169e-05
4.39072  1.16746e-05
4.4025  1.25004e-05
4.41376  1.0403e-05
4.4254  1.11566e-05
4.43608  9.60889e-06
4.44622  9.08566e-06
4.45564  7.98435e-06
4.46652  1.00924e-05
4.47764  9.74198e-06
4.48852  8.27688e-06
4.49899  8.51627e-06
4.5098  8.37474e-06
4.52001  7.71216e-06
4.53121  8.39242e-06
4.54324  8.85318e-06
4.55469  7.93505e-06
4.56601  7.46189e-06
4.57627  6.23272e-06
4.58783  8.534e-06
4.59938  5.89265e-06
4.60939  6.8158e-06
4.62016  5.6614e-06
4.63061  6.24624e-06
4.64126  6.22536e-06
4.6515  5.57016e-06
4.66259  5.74316e-06
4.67373  5.37299e-06
4.68505  6.30716e-06
4.6956  5.14807e-06
4.70768  5.75473e-06
4.71899  4.44191e-06
4.72941  5.22713e-06
4.74043  3.90134e-06
4.75067  5.47541e-06
4.76072  3.09959e-06
4.77241  5.24274e-06
4.78281  3.70812e-06
4.79388  4.64373e-06
4.80496  3.44184e-06
4.8151  4.1713e-06
4.82578  3.06479e-06
4.83632  3.73844e-06
4.84698  3.99402e-06
4.85883  3.18788e-06
4.87001  3.44475e-06
4.88069  3.62348e-06
4.89219  2.97295e-06
4.90289  2.95612e-06
4.91333  3.29488e-06
4.92385  2.26075e-06
4.93485  2.62218e-06
4.94642  3.69414e-06
4.9576  2.26898e-06
4.96852  2.31865e-06
4.97823  2.57148e-06
4.98896  2.43044e-06
5.0019  2.60081e-06
5.01373  2.22525e-06
5.0232  2.19573e-06
5.03296  2.21117e-06
5.04713  2.17807e-06
5.05742  1.98507e-06
5.06723  1.86795e-06
5.08004  2.14803e-06
5.0915  1.71581e-06
5.10252  2.14524e-06
5.11297  1.66709e-06
5.12374  1.48693e-06
5.1364  1.69008e-06
5.14666  1.28191e-06
5.15573  1.78283e-06
5.16889  1.30525e-06
5.17918  1.42055e-06
5.1904  1.64329e-06
5.20178  1.32277e-06
5.21281  1.28131e-06
5.22606  1.28548e-06
5.237  1.38544e-06
5.24824  1.34721e-06
5.25984  1.07845e-06
5.26828  5.41686e-07
5.27901  1.12916e-06
5.29115  1.62444e-06
5.30256  6.38676e-07
5.31283  8.96246e-07
5.32521  9.42118e-07
5.33682  1.28625e-06
5.35163  1.16396e-06
5.36559  8.89701e-07
5.37677  8.86042e-07
5.39444  1.18485e-06
5.40818  9.54555e-07
5.41835  7.42096e-07
5.4339  4.4774e-07
5.44254  7.54598e-07
5.45161  5.80404e-07
5.46419  8.95253e-07
5.47525  2.3831e-07
5.48469  6.88513e-07
5.49666  5.18932e-07
5.5129  8.41144e-07
5.52413  4.24586e-07
5.5335  6.39526e-07
5.54702  5.59932e-07
5.56106  4.01219e-07
5.57238  4.07401e-07
5.58295  4.9346e-07
5.59623  6.99501e-07
5.60569  2.309e-07
5.62075  3.34562e-07
5.63289  4.13632e-07
5.65139  8.73167e-07
5.67027  4.40695e-07
5.68509  4.07269e-07
5.70077  2.15408e-07
5.71106  3.32856e-07
5.72494  4.56875e-07
5.74095  2.7427e-07
5.74958  2.38935e-07
5.76665  4.14148e-07
5.78311  2.82144e-07
5.8008  1.77028e-07
5.81055  3.29344e-07
5.82705  4.97758e-07
5.85028  2.1835e-07
5.86632  4.87169e-08
5.87431  2.41842e-07
5.89218  4.0117e-07
5.92048  3.30498e-07
5.93643  5.27368e-08
5.94188  1.50999e-07
5.96105  1.69957e-07
5.96949  1.18167e-07
5.99339  2.97311e-07
6.01056  9.48823e-08
6.01778  1.28843e-07
6.0371  3.82226e-08
6.04492  2.46795e-07
6.07203  8.9152e-08
6.09063  8.53546e-08
6.10108  1.45676e-07
6.12751  2.98627e-07
6.15935  3.17742e-08
6.17766  3.83918e-08
6.18882  1.57972e-07
6.21798  1.79093e-07
6.25288  1.14334e-07
6.27301  6.90733e-09
6.28348  1.30689e-07
6.31799  5.30433e-08
6.35607  1.5428e-07
6.38892  8.99429e-08
6.43046  5.74201e-08
6.47114  9.25251e-08
6.50821  4.25927e-08
6.555  1.03308e-07
6.6012  2.08085e-08
6.64532  1.88135e-08
6.69728  9.29346e-08
6.8036  2.59414e-08
6.86322  4.18012e-08
6.98999  3.11153e-08
7.06229  7.52074e-09
7.21927  2.09931e-08
7.51727  7.55403e-09
7.9437  1.13258e-09
