-7.91398  1.14503e-09
-7.48837  7.64889e-09
-7.19076  2.12896e-08
-7.03613  7.55066e-09
-6.96171  3.16036e-08
-6.83685  4.20325e-08
-6.77547  2.63893e-08
-6.67075  9.35932e-08
-6.61964  1.90494e-08
-6.57597  2.07463e-08
-6.52836  1.04202e-07
-6.48532  4.28024e-08
-6.44565  9.23913e-08
-6.40373  5.80061e-08
-6.36576  9.04519e-08
-6.33037  1.54295e-07
-6.29453  5.30162e-08
-6.2594  1.38002e-07
-6.22702  1.14522e-07
-6.1951  1.78581e-07
-6.16319  1.95991e-07
-6.13335  3.18757e-08
-6.10425  2.98233e-07
-6.07465  2.30392e-07
-6.04936  8.81437e-08
-6.02083  2.84313e-07
-5.9933  2.23418e-07
-5.97036  2.94403e-07
-5.94307  2.86177e-07
-5.93375  6.51654e-09
-5.9189  1.9709e-07
-5.89714  3.27772e-07
-5.87153  3.98088e-07
-5.86308  3.62758e-08
-5.85051  2.52259e-07
-5.82817  2.15957e-07
-5.80591  4.93712e-07
-5.79707  8.07749e-08
-5.7852  4.08581e-07
-5.76315  2.90487e-07
-5.75641  3.58099e-08
-5.74255  4.64927e-07
-5.72312  4.19902e-07
-5.70217  6.09665e-07
-5.68532  3.31799e-07
-5.67063  1.43737e-07
-5.66466  3.11025e-07
-5.64567  7.00074e-07
-5.62858  6.31643e-07
-5.61358  1.13194e-07
-5.60955  4.15905e-07
-5.59178  4.05647e-07
-5.5753  8.43323e-07
-5.55763  7.23658e-07
-5.54282  4.07633e-07
-5.525  8.0744e-07
-5.50868  7.96114e-07
-5.49413  8.27211e-07
-5.47645  7.32525e-07
-5.46318  5.95413e-07
-5.4466  9.83398e-07
-5.43112  9.59155e-07
-5.41997  6.72923e-07
-5.40181  8.6132e-07
-5.38841  1.17373e-06
-5.37539  9.24736e-07
-5.35989  8.55805e-07
-5.3474  1.03779e-06
-5.33292  1.00239e-06
-5.31979  1.28061e-06
-5.30796  9.61969e-07
-5.2945  8.84429e-07
-5.28075  1.45829e-06
-5.26874  1.13431e-06
-5.25714  1.15101e-06
-5.24363  1.17347e-06
-5.23115  1.26578e-06
-5.21983  1.60264e-06
-5.209  1.07042e-06
-5.19601  1.2861e-06
-5.18439  1.39817e-06
-5.17369  1.56846e-06
-5.16185  1.55718e-06
-5.15154  1.06016e-06
-5.13899  1.92688e-06
-5.12822  1.46975e-06
-5.11955  1.31799e-06
-5.10657  1.64812e-06
-5.09639  1.39388e-06
-5.08641  2.2908e-06
-5.07532  1.58569e-06
-5.06575  1.49612e-06
-5.05393  2.22364e-06
-5.04212  2.27139e-06
-5.03112  1.83243e-06
-5.02047  1.65529e-06
-5.00849  3.17907e-06
-4.99666  2.19529e-06
-4.98641  2.07801e-06
-4.97419  2.39508e-06
-4.96279  3.09396e-06
-4.95202  1.99537e-06
-4.9411  2.52309e-06
-4.93034  3.58855e-06
-4.9168  3.03081e-06
-4.90445  2.99805e-06
-4.89132  4.05941e-06
-4.88054  2.56131e-06
-4.86871  3.30416e-06
-4.85843  3.75028e-06
-4.84744  2.85615e-06
-4.83618  3.59356e-06
-4.8268  2.90372e-06
-4.81675  3.75872e-06
-4.80598  3.48575e-06
-4.79536  3.65411e-06
-4.78452  4.69145e-06
-4.77283  3.64035e-06
-4.76221  4.81949e-06
-4.75173  3.52355e-06
-4.74157  4.19097e-06
-4.73165  4.34576e-06
-4.72118  4.96709e-06
-4.71013  4.16274e-06
-4.70017  4.85921e-06
-4.6898  4.66197e-06
-4.67923  5.11321e-06
-4.66907  5.81083e-06
-4.65821  5.11534e-06
-4.64692  5.88861e-06
-4.6361  5.64342e-06
-4.62559  6.00928e-06
-4.6145  7.00465e-06
-4.60263  6.21576e-06
-4.59225  5.86667e-06
-4.5824  6.73953e-06
-4.57111  7.03269e-06
-4.56015  7.38681e-06
-4.54906  6.97575e-06
-4.53852  7.56264e-06
-4.52828  7.16853e-06
-4.51819  6.81204e-06
-4.50776  9.00515e-06
-4.49606  8.07997e-06
-4.48586  8.24796e-06
-4.47497  8.65392e-06
-4.46405  9.73161e-06
-4.4542  7.44095e-06
-4.44406  9.17616e-06
-4.43368  9.18379e-06
-4.42302  1.03606e-05
-4.41282  9.43284e-06
-4.40145  1.07026e-05
-4.39123  1.06097e-05
-4.37974  1.22143e-05
-4.36853  1.05418e-05
-4.35748  1.24278e-05
-4.34742  1.11135e-05
-4.33653  1.24559e-05
-4.32568  1.17586e-05
-4.31552  1.25544e-05
-4.30528  1.25126e-05
-4.29375  1.58584e-05
-4.28219  1.32571e-05
-4.27252  1.27376e-05
-4.26135  1.58933e-05
-4.25092  1.34754e-05
-4.24049  1.51202e-05
-4.22979  1.60441e-05
-4.21948  1.455e-05
-4.20922  1.57683e-05
-4.19878  1.68918e-05
-4.18771  1.83363e-05
-4.17665  1.69513e-05
-4.1657  1.97556e-05
-4.15461  1.77258e-05
-4.14403  1.94343e-05
-4.13343  1.95945e-05
-4.12279  1.88046e-05
-4.11224  2.05397e-05
-4.10178  2.02101e-05
-4.09189  1.91577e-05
-4.08142  2.24468e-05
-4.07092  2.09189e-05
-4.06104  2.01436e-05
-4.05113  2.33107e-05
-4.04013  2.51591e-05
-4.0292  2.4119e-05
-4.01838  2.56904e-05
-4.00772  2.58459e-05
-3.99709  2.50715e-05
-3.98663  2.67195e-05
-3.97606  2.7791e-05
-3.96511  2.85213e-05
-3.95461  2.78277e-05
-3.9442  2.80917e-05
-3.93357  3.18185e-05
-3.92271  2.98862e-05
-3.91204  3.15452e-05
-3.90147  3.27287e-05
-3.89058  3.33733e-05
-3.87974  3.4282e-05
-3.86914  3.22426e-05
-3.85885  3.61291e-05
-3.84827  3.44999e-05
-3.83776  3.70559e-05
-3.82702  3.89668e-05
-3.81611  3.76629e-05
-3.80543  4.02324e-05
-3.79477  3.94685e-05
-3.78421  4.14754e-05
-3.77364  3.88959e-05
-3.76336  4.47188e-05
-3.75268  4.24503e-05
-3.74234  4.24824e-05
-3.73195  4.54778e-05
-3.72143  4.68028e-05
-3.71099  4.49151e-05
-3.70072  4.85792e-05
-3.69023  4.76191e-05
-3.67984  4.99261e-05
-3.66932  5.18937e-05
-3.65884  5.12619e-05
-3.64833  5.31707e-05
-3.63792  5.41866e-05
-3.62726  5.58144e-05
-3.61684  5.72598e-05
-3.60613  5.71396e-05
-3.59589  5.83305e-05
-3.58534  6.15913e-05
-3.5749  5.87982e-05
-3.56458  6.39427e-05
-3.55415  6.16072e-05
-3.54375  6.53467e-05
-3.53328  6.59817e-05
-3.52277  6.85902e-05
-3.51217  7.02338e-05
-3.50165  6.94844e-05
-3.49125  7.2315e-05
-3.48069  7.34425e-05
-3.47044  7.17685e-05
-3.46045  7.2841e-05
-3.45015  7.73924e-05
-3.43989  7.64741e-05
-3.4295  8.19268e-05
-3.41919  7.86717e-05
-3.40877  8.53451e-05
-3.3983  8.45613e-05
-3.38786  8.5813e-05
-3.37754  8.8326e-05
-3.36711  8.99718e-05
-3.35673  9.101e-05
-3.34645  9.15771e-05
-3.33621  9.41803e-05
-3.32582  9.62085e-05
-3.31554  9.73822e-05
-3.30539  9.64903e-05
-3.29505  0.00010384
-3.28458  0.000104391
-3.27425  0.000103702
-3.264  0.000107305
-3.25381  0.000106058
-3.24354  0.000112672
-3.23318  0.000112438
-3.22299  0.000113222
-3.21277  0.000116057
-3.20251  0.000119372
-3.19208  0.000122013
-3.18168  0.000125544
-3.17126  0.000125629
-3.16105  0.00012401
-3.15088  0.000131624
-3.14046  0.000133596
-3.13006  0.000134949
-3.1198  0.000136895
-3.1094  0.0001407
-3.09911  0.000140088
-3.08878  0.000145496
-3.07847  0.000146136
-3.06818  0.000148913
-3.0578  0.000153498
-3.04745  0.000153467
-3.03721  0.000156456
-3.02675  0.000164794
-3.01629  0.00016189
-3.00603  0.000165213
-2.99573  0.000167442
-2.9854  0.000170153
-2.97509  0.000174215
-2.96479  0.000175803
-2.95445  0.000180076
-2.94419  0.000179783
-2.9339  0.000187529
-2.92363  0.000185186
-2.91337  0.000192128
-2.90313  0.000190887
-2.893  0.000193947
-2.8828  0.000200391
-2.87247  0.000204177
-2.86224  0.000203192
-2.85202  0.000209802
-2.8417  0.000214312
-2.83151  0.000212301
-2.8213  0.000221733
-2.81108  0.000218771
-2.80087  0.000227428
-2.79067  0.000226201
-2.78047  0.000232533
-2.77022  0.000236276
-2.75996  0.000241646
-2.74968  0.000242788
-2.73943  0.000249273
-2.72915  0.000250403
-2.71891  0.000257041
-2.70864  0.000258264
-2.69845  0.000260713
-2.68832  0.000263324
-2.6781  0.000270876
-2.66778  0.000277139
-2.65754  0.000276177
-2.64732  0.000285308
-2.63703  0.000286584
-2.62681  0.000290541
-2.61648  0.000301267
-2.60621  0.000294592
-2.59602  0.000305839
-2.58575  0.000308038
-2.57554  0.000308882
-2.56535  0.000318482
-2.55511  0.000320934
-2.54492  0.000322958
-2.53479  0.000328456
-2.52457  0.000335735
-2.51432  0.000340466
-2.50418  0.000336024
-2.49409  0.000346345
-2.48389  0.000354604
-2.47365  0.000359961
-2.46335  0.000366814
-2.45314  0.000365012
-2.44297  0.000373417
-2.43275  0.000378513
-2.42264  0.000375528
-2.41255  0.000385487
-2.40231  0.000396463
-2.39208  0.000395985
-2.38198  0.000398475
-2.37176  0.000415682
-2.36151  0.000412881
-2.35139  0.000415843
-2.3412  0.000427578
-2.33106  0.000422275
-2.32092  0.000439107
-2.31069  0.000441393
-2.3005  0.000445313
-2.29035  0.000451237
-2.28014  0.000462918
-2.26992  0.000464574
-2.25979  0.000466378
-2.24962  0.000478403
-2.23944  0.000478616
-2.22927  0.00048915
-2.21906  0.000495664
-2.20885  0.000501588
-2.19867  0.000507113
-2.18848  0.000513655
-2.17826  0.00052266
-2.16808  0.000521285
-2.15795  0.000530447
-2.14782  0.000532735
-2.13769  0.000542957
-2.12754  0.000550673
-2.11737  0.000558828
-2.10721  0.00056201
-2.09705  0.000573312
-2.08689  0.000573599
-2.07632  0.000631419
-2.06575  0.000589735
-2.05562  0.000594922
-2.04548  0.000606269
-2.03533  0.000609751
-2.02514  0.000628251
-2.015  0.00061685
-2.00492  0.000632021
-1.99475  0.0006413
-1.98459  0.000644636
-1.9745  0.000649657
-1.9644  0.000662045
-1.95423  0.000673082
-1.94407  0.000678071
-1.93394  0.000682276
-1.92382  0.000690956
-1.91369  0.00069613
-1.90361  0.000698485
-1.89352  0.000715048
-1.88337  0.000726171
-1.87322  0.000731509
-1.8631  0.000737768
-1.85295  0.000748617
-1.84281  0.000754971
-1.83265  0.000760034
-1.82255  0.000764945
-1.81236  0.000792286
-1.80218  0.000783653
-1.79208  0.000797807
-1.78193  0.000807311
-1.77175  0.000817816
-1.76159  0.000818925
-1.75148  0.000824203
-1.74136  0.000838452
-1.73125  0.000842566
-1.72112  0.00086261
-1.71093  0.000872878
-1.70077  0.000875304
-1.69063  0.000882588
-1.6805  0.000889438
-1.67031  0.000913189
-1.66016  0.000900201
-1.65008  0.000924122
-1.63994  0.000928896
-1.62982  0.000937531
-1.61967  0.000955314
-1.60952  0.000950579
-1.59944  0.000956582
-1.58935  0.000977238
-1.57925  0.000984227
-1.5687  0.00108512
-1.55815  0.00100317
-1.54806  0.00101143
-1.538  0.00101214
-1.52791  0.00103845
-1.51777  0.00104513
-1.50759  0.00107003
-1.49747  0.00106001
-1.48738  0.00107937
-1.47723  0.00108691
-1.46712  0.00108734
-1.45698  0.00111773
-1.44676  0.00113217
-1.43658  0.00112956
-1.42649  0.00113954
-1.41632  0.00116877
-1.40613  0.00115692
-1.39601  0.00116943
-1.38589  0.0011807
-1.3758  0.00119289
-1.36568  0.00121269
-1.35554  0.00122279
-1.34542  0.00122696
-1.3353  0.00124244
-1.32516  0.00124358
-1.31503  0.00126787
-1.30493  0.00126784
-1.29492  0.00127757
-1.28489  0.00129109
-1.27478  0.00131989
-1.26466  0.00131328
-1.25457  0.0013258
-1.24444  0.00135045
-1.23435  0.00135258
-1.22428  0.00137571
-1.21421  0.00137985
-1.20412  0.00139635
-1.19405  0.00139457
-1.18395  0.00142017
-1.17385  0.00142716
-1.1638  0.00143874
-1.15374  0.00146518
-1.14367  0.001473
-1.13362  0.00147636
-1.12355  0.00149314
-1.11347  0.00149685
-1.10335  0.00154522
-1.09318  0.00154811
-1.08308  0.00155528
-1.07306  0.00156336
-1.06298  0.00158808
-1.05283  0.00159974
-1.04269  0.00160146
-1.0326  0.00162694
-1.02249  0.00165216
-1.01241  0.00165441
-1.00237  0.00167233
-0.992295  0.0016829
-0.982236  0.00168145
-0.972171  0.00170225
-0.962037  0.00175447
-0.951826  0.00177481
-0.941237  0.00193277
-0.930675  0.00180107
-0.920528  0.00179922
-0.910449  0.00179731
-0.900409  0.00181964
-0.890366  0.00185315
-0.88025  0.00188744
-0.869673  0.0020616
-0.859079  0.00191074
-0.848953  0.00190179
-0.838914  0.00192714
-0.82888  0.00195473
-0.818823  0.00198466
-0.808718  0.00200902
-0.798601  0.00200567
-0.788504  0.0020129
-0.778441  0.00204733
-0.76839  0.00207216
-0.758326  0.00210384
-0.748256  0.00210806
-0.738188  0.00212552
-0.728087  0.00212605
-0.718013  0.0021735
-0.707976  0.00218988
-0.697918  0.00223664
-0.687848  0.0022409
-0.677755  0.00226501
-0.667185  0.0024588
-0.656625  0.00229118
-0.646584  0.00232886
-0.63658  0.00235901
-0.626526  0.00242113
-0.616402  0.00242044
-0.606359  0.00239792
-0.596294  0.00243774
-0.586183  0.00244687
-0.576122  0.00253851
-0.566045  0.00257193
-0.556007  0.00257707
-0.54595  0.00261266
-0.535871  0.0026125
-0.525759  0.00261735
-0.515635  0.00265968
-0.505617  0.00272914
-0.495567  0.00279361
-0.485514  0.00281034
-0.475453  0.00283165
-0.465361  0.0028295
-0.455271  0.00284044
-0.445238  0.00291822
-0.435178  0.00302213
-0.425115  0.00302099
-0.415059  0.00304362
-0.404995  0.00304345
-0.394921  0.00305164
-0.384854  0.00319891
-0.37481  0.00325659
-0.364786  0.00327826
-0.354738  0.00332366
-0.344638  0.0033056
-0.334564  0.00331452
-0.324526  0.00350246
-0.314495  0.00358184
-0.304454  0.00361894
-0.294378  0.00364607
-0.284298  0.00361853
-0.274175  0.00367348
-0.264166  0.003873
-0.254174  0.00400444
-0.244148  0.00402291
-0.234097  0.00406438
-0.224018  0.00402308
-0.213888  0.00411135
-0.203878  0.00443376
-0.193874  0.00459435
-0.183342  0.00503986
-0.172807  0.00463053
-0.162725  0.00456765
-0.152543  0.00482308
-0.142087  0.00584112
-0.131592  0.00547957
-0.121532  0.00548093
-0.111475  0.00544849
-0.101433  0.00542109
-0.0911536  0.00612854
-0.0813262  0.00694968
-0.0712948  0.0070964
-0.0612359  0.00708206
-0.0511964  0.00707131
-0.0411454  0.00714085
-0.0304544  0.00963461
-0.0210488  0.0129202
-0.0109399  0.0139725
-0.00285913  0.0103471
0.00285913  0.0103471
0.0109399  0.0139725
0.0210488  0.0129202
0.0304544  0.00963461
0.0411454  0.00714085
0.0511964  0.00707131
0.0612359  0.00708206
0.0712948  0.0070964
0.0813262  0.00694968
0.0911536  0.00612854
0.101433  0.00542109
0.111475  0.00544849
0.121532  0.00548093
0.131592  0.00547957
0.142087  0.00584112
0.152543  0.00482308
0.162725  0.00456765
0.172807  0.00463053
0.183342  0.00503986
0.193874  0.00459435
0.203878  0.00443376
0.213888  0.00411135
0.224018  0.00402308
0.234097  0.00406438
0.244148  0.00402291
0.254174  0.00400444
0.264166  0.003873
0.274175  0.00367348
0.284298  0.00361853
0.294378  0.00364607
0.304454  0.00361894
0.314495  0.00358184
0.324526  0.00350246
0.334564  0.00331452
0.344638  0.0033056
0.354738  0.00332366
0.364786  0.00327826
0.37481  0.00325659
0.384854  0.00319891
0.394921  0.00305164
0.404995  0.00304345
0.415059  0.00304362
0.425115  0.00302099
0.435178  0.00302213
0.445238  0.00291822
0.455271  0.00284044
0.465361  0.0028295
0.475453  0.00283165
0.485514  0.00281034
0.495567  0.00279361
0.505617  0.00272914
0.515635  0.00265968
0.525759  0.00261735
0.535871  0.0026125
0.54595  0.00261266
0.556007  0.00257707
0.566045  0.00257193
0.576122  0.00253851
0.586183  0.00244687
0.596294  0.00243774
0.606359  0.00239792
0.616402  0.00242044
0.626526  0.00242113
0.63658  0.00235901
0.646584  0.00232886
0.656625  0.00229118
0.667185  0.0024588
0.677755  0.00226501
0.687848  0.0022409
0.697918  0.00223664
0.707976  0.00218988
0.718013  0.0021735
0.728087  0.00212605
0.738188  0.00212552
0.748256  0.00210806
0.758326  0.00210384
0.76839  0.00207216
0.778441  0.00204733
0.788504  0.0020129
0.798601  0.00200567
0.808718  0.00200902
0.818823  0.00198466
0.82888  0.00195473
0.838914  0.00192714
0.848953  0.00190179
0.859079  0.00191074
0.869673  0.0020616
0.88025  0.00188744
0.890366  0.00185315
0.900409  0.00181964
0.910449  0.00179731
0.920528  0.00179922
0.930675  0.00180107
0.941237  0.00193277
0.951826  0.00177481
0.962037  0.00175447
0.972171  0.00170225
0.982236  0.00168145
0.992295  0.0016829
1.00237  0.00167233
1.01241  0.00165441
1.02249  0.00165216
1.0326  0.00162694
1.04269  0.00160146
1.05283  0.00159974
1.06298  0.00158808
1.07306  0.00156336
1.08308  0.00155528
1.09318  0.00154811
1.10335  0.00154522
1.11347  0.00149685
1.12355  0.00149314
1.13362  0.00147636
1.14367  0.001473
1.15374  0.00146518
1.1638  0.00143874
1.17385  0.00142716
1.18395  0.00142017
1.19405  0.00139457
1.20412  0.00139635
1.21421  0.00137985
1.22428  0.00137571
1.23435  0.00135258
1.24444  0.00135045
1.25457  0.0013258
1.26466  0.00131328
1.27478  0.00131989
1.28489  0.00129109
1.29492  0.00127757
1.30493  0.00126784
1.31503  0.00126787
1.32516  0.00124358
1.3353  0.00124244
1.34542  0.00122696
1.35554  0.00122279
1.36568  0.00121269
1.3758  0.00119289
1.38589  0.0011807
1.39601  0.00116943
1.40613  0.00115692
1.41632  0.00116877
1.42649  0.00113954
1.43658  0.00112956
1.44676  0.00113217
1.45698  0.00111773
1.46712  0.00108734
1.47723  0.00108691
1.48738  0.00107937
1.49747  0.00106001
1.50759  0.00107003
1.51777  0.00104513
1.52791  0.00103845
1.538  0.00101214
1.54806  0.00101143
1.55815  0.00100317
1.5687  0.00108512
1.57925  0.000984227
1.58935  0.000977238
1.59944  0.000956582
1.60952  0.000950579
1.61967  0.000955314
1.62982  0.000937531
1.63994  0.000928896
1.65008  0.000924122
1.66016  0.000900201
1.67031  0.000913189
1.6805  0.000889438
1.69063  0.000882588
1.70077  0.000875304
1.71093  0.000872878
1.72112  0.00086261
1.73125  0.000842566
1.74136  0.000838452
1.75148  0.000824203
1.76159  0.000818925
1.77175  0.000817816
1.78193  0.000807311
1.79208  0.000797807
1.80218  0.000783653
1.81236  0.000792286
1.82255  0.000764945
1.83265  0.000760034
1.84281  0.000754971
1.85295  0.000748617
1.8631  0.000737768
1.87322  0.000731509
1.88337  0.000726171
1.89352  0.000715048
1.90361  0.000698485
1.91369  0.00069613
1.92382  0.000690956
1.93394  0.000682276
1.94407  0.000678071
1.95423  0.000673082
1.9644  0.000662045
1.9745  0.000649657
1.98459  0.000644636
1.99475  0.0006413
2.00492  0.000632021
2.015  0.00061685
2.02514  0.000628251
2.03533  0.000609751
2.04548  0.000606269
2.05562  0.000594922
2.06575  0.000589735
2.07632  0.000631419
2.08689  0.000573599
2.09705  0.000573312
2.10721  0.00056201
2.11737  0.000558828
2.12754  0.000550673
2.13769  0.000542957
2.14782  0.000532735
2.15795  0.000530447
2.16808  0.000521285
2.17826  0.00052266
2.18848  0.000513655
2.19867  0.000507113
2.20885  0.000501588
2.21906  0.000495664
2.22927  0.00048915
2.23944  0.000478616
2.24962  0.000478403
2.25979  0.000466378
2.26992  0.000464574
2.28014  0.000462918
2.29035  0.000451237
2.3005  0.000445313
2.31069  0.000441393
2.32092  0.000439107
2.33106  0.000422275
2.3412  0.000427578
2.35139  0.000415843
2.36151  0.000412881
2.37176  0.000415682
2.38198  0.000398475
2.39208  0.000395985
2.40231  0.000396463
2.41255  0.000385487
2.42264  0.000375528
2.43275  0.000378513
2.44297  0.000373417
2.45314  0.000365012
2.46335  0.000366814
2.47365  0.000359961
2.48389  0.000354604
2.49409  0.000346345
2.50418  0.000336024
2.51432  0.000340466
2.52457  0.000335735
2.53479  0.000328456
2.54492  0.000322958
2.55511  0.000320934
2.56535  0.000318482
2.57554  0.000308882
2.58575  0.000308038
2.59602  0.000305839
2.60621  0.000294592
2.61648  0.000301267
2.62681  0.000290541
2.63703  0.000286584
2.64732  0.000285308
2.65754  0.000276177
2.66778  0.000277139
2.6781  0.000270876
2.68832  0.000263324
2.69845  0.000260713
2.70864  0.000258264
2.71891  0.000257041
2.72915  0.000250403
2.73943  0.000249273
2.74968  0.000242788
2.75996  0.000241646
2.77022  0.000236276
2.78047  0.000232533
2.79067  0.000226201
2.80087  0.000227428
2.81108  0.000218771
2.8213  0.000221733
2.83151  0.000212301
2.8417  0.000214312
2.85202  0.000209802
2.86224  0.000203192
2.87247  0.000204177
2.8828  0.000200391
2.893  0.000193947
2.90313  0.000190887
2.91337  0.000192128
2.92363  0.000185186
2.9339  0.000187529
2.94419  0.000179783
2.95445  0.000180076
2.96479  0.000175803
2.97509  0.000174215
2.9854  0.000170153
2.99573  0.000167442
3.00603  0.000165213
3.01629  0.00016189
3.02675  0.000164794
3.03721  0.000156456
3.04745  0.000153467
3.0578  0.000153498
3.06818  0.000148913
3.07847  0.000146136
3.08878  0.000145496
3.09911  0.000140088
3.1094  0.0001407
3.1198  0.000136895
3.13006  0.000134949
3.14046  0.000133596
3.15088  0.000131624
3.16105  0.00012401
3.17126  0.000125629
3.18168  0.000125544
3.19208  0.000122013
3.20251  0.000119372
3.21277  0.000116057
3.22299  0.000113222
3.23318  0.000112438
3.24354  0.000112672
3.25381  0.000106058
3.264  0.000107305
3.27425  0.000103702
3.28458  0.000104391
3.29505  0.00010384
3.30539  9.64903e-05
3.31554  9.73822e-05
3.32582  9.62085e-05
3.33621  9.41803e-05
3.34645  9.15771e-05
3.35673  9.101e-05
3.36711  8.99718e-05
3.37754  8.8326e-05
3.38786  8.5813e-05
3.3983  8.45613e-05
3.40877  8.53451e-05
3.41919  7.86717e-05
3.4295  8.19268e-05
3.43989  7.64741e-05
3.45015  7.73924e-05
3.46045  7.2841e-05
3.47044  7.17685e-05
3.48069  7.34425e-05
3.49125  7.2315e-05
3.50165  6.94844e-05
3.51217  7.02338e-05
3.52277  6.85902e-05
3.53328  6.59817e-05
3.54375  6.53467e-05
3.55415  6.16072e-05
3.56458  6.39427e-05
3.5749  5.87982e-05
3.58534  6.15913e-05
3.59589  5.83305e-05
3.60613  5.71396e-05
3.61684  5.72598e-05
3.62726  5.58144e-05
3.63792  5.41866e-05
3.64833  5.31707e-05
3.65884  5.12619e-05
3.66932  5.18937e-05
3.67984  4.99261e-05
3.69023  4.76191e-05
3.70072  4.85792e-05
3.71099  4.49151e-05
3.72143  4.68028e-05
3.73195  4.54778e-05
3.74234  4.24824e-05
3.75268  4.24503e-05
3.76336  4.47188e-05
3.77364  3.88959e-05
3.78421  4.14754e-05
3.79477  3.94685e-05
3.80543  4.02324e-05
3.81611  3.76629e-05
3.82702  3.89668e-05
3.83776  3.70559e-05
3.84827  3.44999e-05
3.85885  3.61291e-05
3.86914  3.22426e-05
3.87974  3.4282e-05
3.89058  3.33733e-05
3.90147  3.27287e-05
3.91204  3.15452e-05
3.92271  2.98862e-05
3.93357  3.18185e-05
3.9442  2.80917e-05
3.95461  2.78277e-05
3.96511  2.85213e-05
3.97606  2.7791e-05
3.98663  2.67195e-05
3.99709  2.50715e-05
4.00772  2.58459e-05
4.01838  2.56904e-05
4.0292  2.4119e-05
4.04013  2.51591e-05
4.05113  2.33107e-05
4.06104  2.01436e-05
4.07092  2.09189e-05
4.08142  2.24468e-05
4.09189  1.91577e-05
4.10178  2.02101e-05
4.11224  2.05397e-05
4.12279  1.88046e-05
4.13343  1.95945e-05
4.14403  1.94343e-05
4.15461  1.77258e-05
4.1657  1.97556e-05
4.17665  1.69513e-05
4.18771  1.83363e-05
4.19878  1.68918e-05
4.20922  1.57683e-05
4.21948  1.455e-05
4.22979  1.60441e-05
4.24049  1.51202e-05
4.25092  1.34754e-05
4.26135  1.58933e-05
4.27252  1.27376e-05
4.28219  1.32571e-05
4.29375  1.58584e-05
4.30528  1.25126e-05
4.31552  1.25544e-05
4.32568  1.17586e-05
4.33653  1.24559e-05
4.34742  1.11135e-05
4.35748  1.24278e-05
4.36853  1.05418e-05
4.37974  1.22143e-05
4.39123  1.06097e-05
4.40145  1.07026e-05
4.41282  9.43284e-06
4.42302  1.03606e-05
4.43368  9.18379e-06
4.44406  9.17616e-06
4.4542  7.44095e-06
4.46405  9.73161e-06
4.47497  8.65392e-06
4.48586  8.24796e-06
4.49606  8.07997e-06
4.50776  9.00515e-06
4.51819  6.81204e-06
4.52828  7.16853e-06
4.53852  7.56264e-06
4.54906  6.97575e-06
4.56015  7.38681e-06
4.57111  7.03269e-06
4.5824  6.73953e-06
4.59225  5.86667e-06
4.60263  6.21576e-06
4.6145  7.00465e-06
4.62559  6.00928e-06
4.6361  5.64342e-06
4.64692  5.88861e-06
4.65821  5.11534e-06
4.66907  5.81083e-06
4.67923  5.11321e-06
4.6898  4.66197e-06
4.70017  4.85921e-06
4.71013  4.16274e-06
4.72118  4.96709e-06
4.73165  4.34576e-06
4.74157  4.19097e-06
4.75173  3.52355e-06
4.76221  4.81949e-06
4.77283  3.64035e-06
4.78452  4.69145e-06
4.79536  3.65411e-06
4.80598  3.48575e-06
4.81675  3.75872e-06
4.8268  2.90372e-06
4.83618  3.59356e-06
4.84744  2.85615e-06
4.85843  3.75028e-06
4.86871  3.30416e-06
4.88054  2.56131e-06
4.89132  4.05941e-06
4.90445  2.99805e-06
4.9168  3.03081e-06
4.93034  3.58855e-06
4.9411  2.52309e-06
4.95202  1.99537e-06
4.96279  3.09396e-06
4.97419  2.39508e-06
4.98641  2.07801e-06
4.99666  2.19529e-06
5.00849  3.17907e-06
5.02047  1.65529e-06
5.03112  1.83243e-06
5.04212  2.27139e-06
5.05393  2.22364e-06
5.06575  1.49612e-06
5.07532  1.58569e-06
5.08641  2.2908e-06
5.09639  1.39388e-06
5.10657  1.64812e-06
5.11955  1.31799e-06
5.12822  1.46975e-06
5.13899  1.92688e-06
5.15154  1.06016e-06
5.16185  1.55718e-06
5.17369  1.56846e-06
5.18439  1.39817e-06
5.19601  1.2861e-06
5.209  1.07042e-06
5.21983  1.60264e-06
5.23115  1.26578e-06
5.24363  1.17347e-06
5.25714  1.15101e-06
5.26874  1.13431e-06
5.28075  1.45829e-06
5.2945  8.84429e-07
5.30796  9.61969e-07
5.31979  1.28061e-06
5.33292  1.00239e-06
5.3474  1.03779e-06
5.35989  8.55805e-07
5.37539  9.24736e-07
5.38841  1.17373e-06
5.40181  8.6132e-07
5.41997  6.72923e-07
5.43112  9.59155e-07
5.4466  9.83398e-07
5.46318  5.95413e-07
5.47645  7.32525e-07
5.49413  8.27211e-07
5.50868  7.96114e-07
5.525  8.0744e-07
5.54282  4.07633e-07
5.55763  7.23658e-07
5.5753  8.43323e-07
5.59178  4.05647e-07
5.60955  4.15905e-07
5.61358  1.13194e-07
5.62858  6.31643e-07
5.64567  7.00074e-07
5.66466  3.11025e-07
5.67063  1.43737e-07
5.68532  3.31799e-07
5.70217  6.09665e-07
5.72312  4.19902e-07
5.74255  4.64927e-07
5.75641  3.58099e-08
5.76315  2.90487e-07
5.7852  4.08581e-07
5.79707  8.07749e-08
5.80591  4.93712e-07
5.82817  2.15957e-07
5.85051  2.52259e-07
5.86308  3.62758e-08
5.87153  3.98088e-07
5.89714  3.27772e-07
5.9189  1.9709e-07
5.93375  6.51654e-09
5.94307  2.86177e-07
5.97036  2.94403e-07
5.9933  2.23418e-07
6.02083  2.84313e-07
6.04936  8.81437e-08
6.07465  2.30392e-07
6.10425  2.98233e-07
6.13335  3.18757e-08
6.16319  1.95991e-07
6.1951  1.78581e-07
6.22702  1.14522e-07
6.2594  1.38002e-07
6.29453  5.30162e-08
6.33037  1.54295e-07
6.36576  9.04519e-08
6.40373  5.80061e-08
6.44565  9.23913e-08
6.48532  4.28024e-08
6.52836  1.04202e-07
6.57597  2.07463e-08
6.61964  1.90494e-08
6.67075  9.35932e-08
6.77547  2.63893e-08
6.83685  4.20325e-08
6.96171  3.16036e-08
7.03613  7.55066e-09
7.19076  2.12896e-08
7.48837  7.64889e-09
7.91398  1.14503e-09
