-7.92572  1.10227e-09
-7.49905  7.40685e-09
-7.20093  2.07381e-08
-7.04602  7.28204e-09
-6.97158  3.09672e-08
-6.84652  4.07773e-08
-6.78514  2.60111e-08
-6.68028  9.13362e-08
-6.63015  1.86217e-08
-6.58538  2.00451e-08
-6.53778  1.02291e-07
-6.49697  4.12012e-08
-6.45497  8.97971e-08
-6.41307  5.72799e-08
-6.37719  8.7414e-08
-6.33963  1.50851e-07
-6.30523  5.11986e-08
-6.27029  1.33961e-07
-6.23622  1.12629e-07
-6.20607  1.71882e-07
-6.17382  1.90844e-07
-6.14251  3.15346e-08
-6.11502  2.88746e-07
-6.08579  2.24585e-07
-6.06  8.44929e-08
-6.03166  2.76413e-07
-6.00527  2.16783e-07
-5.98085  2.83881e-07
-5.95462  2.84716e-07
-5.93098  1.9036e-07
-5.90751  3.1793e-07
-5.88319  4.21489e-07
-5.86197  2.42842e-07
-5.83923  2.09824e-07
-5.81682  5.55921e-07
-5.79681  3.93863e-07
-5.77474  3.16905e-07
-5.75439  4.50216e-07
-5.73542  4.05554e-07
-5.71441  5.91553e-07
-5.69629  3.68312e-07
-5.6779  3.90254e-07
-5.66002  4.17995e-07
-5.65399  2.60963e-07
-5.64112  6.18919e-07
-5.6227  5.01332e-07
-5.60739  2.00333e-07
-5.59752  2.80056e-07
-5.58779  7.27987e-07
-5.57027  7.00809e-07
-5.55564  3.93618e-07
-5.53773  7.78929e-07
-5.52148  7.70417e-07
-5.50687  7.98045e-07
-5.48955  7.09844e-07
-5.47638  5.75589e-07
-5.45935  9.49954e-07
-5.44435  9.28156e-07
-5.43308  6.48756e-07
-5.41478  8.2805e-07
-5.40312  7.94656e-07
-5.39264  9.94755e-07
-5.38311  3.79743e-07
-5.37028  9.32074e-07
-5.35939  7.62655e-07
-5.34603  9.67461e-07
-5.33347  1.17149e-06
-5.32199  9.49435e-07
-5.31009  5.69213e-07
-5.30007  9.14993e-07
-5.29081  1.00063e-06
-5.27904  1.38447e-06
-5.26773  6.58997e-07
-5.25718  1.09318e-06
-5.24499  1.26454e-06
-5.23268  1.62821e-06
-5.22225  9.5894e-07
-5.2099  1.18303e-06
-5.19861  1.254e-06
-5.18836  1.55412e-06
-5.17638  1.42315e-06
-5.16626  1.20515e-06
-5.15327  1.66781e-06
-5.1432  1.42828e-06
-5.13451  1.40268e-06
-5.12127  1.39853e-06
-5.11141  1.58762e-06
-5.09988  2.29565e-06
-5.08799  1.73742e-06
-5.07754  1.6881e-06
-5.06413  2.36493e-06
-5.0516  2.48427e-06
-5.04152  9.37242e-07
-5.03023  2.55666e-06
-5.01921  2.26487e-06
-5.00821  2.46251e-06
-4.99804  1.67467e-06
-4.98594  2.63674e-06
-4.9756  2.42894e-06
-4.96635  1.66368e-06
-4.95632  2.1522e-06
-4.94583  3.47511e-06
-4.93437  2.54402e-06
-4.92311  2.3652e-06
-4.91216  3.00812e-06
-4.90108  3.4469e-06
-4.89025  2.1276e-06
-4.87997  3.59011e-06
-4.86993  2.90958e-06
-4.86026  2.75672e-06
-4.84752  4.29021e-06
-4.83688  3.2406e-06
-4.82673  2.76452e-06
-4.81599  4.44186e-06
-4.80436  3.68013e-06
-4.7933  4.39748e-06
-4.78064  4.52382e-06
-4.77072  4.0712e-06
-4.75838  3.79216e-06
-4.74811  5.508e-06
-4.73641  3.77495e-06
-4.72606  5.14709e-06
-4.71524  4.35692e-06
-4.70511  4.39066e-06
-4.69457  5.0095e-06
-4.68419  5.80442e-06
-4.67397  4.15217e-06
-4.66333  6.149e-06
-4.65311  3.82358e-06
-4.64256  7.53661e-06
-4.63095  5.38595e-06
-4.62139  5.48804e-06
-4.60963  7.53444e-06
-4.59924  4.55858e-06
-4.58927  7.71099e-06
-4.57805  6.32647e-06
-4.56725  7.11946e-06
-4.55668  6.93436e-06
-4.54594  7.53982e-06
-4.53557  7.13021e-06
-4.52476  7.80367e-06
-4.51469  7.22937e-06
-4.50417  8.14454e-06
-4.49288  9.04966e-06
-4.48183  8.35517e-06
-4.47115  9.47645e-06
-4.46049  8.67095e-06
-4.44893  1.017e-05
-4.43775  9.85105e-06
-4.42711  9.8267e-06
-4.41696  8.47795e-06
-4.40614  1.19296e-05
-4.3951  1.00033e-05
-4.38483  1.08193e-05
-4.37407  1.03113e-05
-4.36372  1.18591e-05
-4.35313  1.15376e-05
-4.3424  1.21791e-05
-4.33171  1.12144e-05
-4.32141  1.37779e-05
-4.31055  1.17009e-05
-4.30026  1.40978e-05
-4.28861  1.52931e-05
-4.27801  1.14968e-05
-4.26805  1.4667e-05
-4.25815  1.2498e-05
-4.24785  1.62109e-05
-4.23636  1.61943e-05
-4.22552  1.56528e-05
-4.21462  1.64564e-05
-4.20345  1.85352e-05
-4.19281  1.50537e-05
-4.18204  1.87904e-05
-4.17166  1.60426e-05
-4.16118  1.89497e-05
-4.15051  1.79542e-05
-4.14033  1.95888e-05
-4.12934  1.91472e-05
-4.11896  1.96871e-05
-4.10839  2.11664e-05
-4.09736  2.15772e-05
-4.08684  2.04006e-05
-4.0766  2.15679e-05
-4.06584  2.31871e-05
-4.05536  2.25612e-05
-4.0447  2.3753e-05
-4.0345  2.1809e-05
-4.02427  2.57529e-05
-4.01338  2.56877e-05
-4.00255  2.56326e-05
-3.99235  2.53421e-05
-3.98238  2.52342e-05
-3.97161  2.98843e-05
-3.96078  2.75869e-05
-3.95008  2.87939e-05
-3.94004  2.89315e-05
-3.92915  3.0641e-05
-3.91855  3.12843e-05
-3.90778  3.30737e-05
-3.89694  3.17472e-05
-3.88629  3.38436e-05
-3.87555  3.43682e-05
-3.86476  3.59743e-05
-3.85396  3.53946e-05
-3.8429  3.96744e-05
-3.83234  3.42908e-05
-3.82187  3.83568e-05
-3.8111  4.03328e-05
-3.80073  3.65348e-05
-3.79058  4.06834e-05
-3.77968  4.15969e-05
-3.76935  4.22739e-05
-3.75851  4.39817e-05
-3.74765  4.58151e-05
-3.73686  4.52893e-05
-3.7265  4.42497e-05
-3.71596  4.80722e-05
-3.70553  4.64275e-05
-3.69538  4.55847e-05
-3.68491  5.31305e-05
-3.67396  5.19158e-05
-3.66315  5.30908e-05
-3.65267  5.14779e-05
-3.64235  5.3933e-05
-3.63157  5.80875e-05
-3.62111  5.31419e-05
-3.61123  5.41402e-05
-3.60077  6.13158e-05
-3.5905  5.57895e-05
-3.57983  6.54577e-05
-3.56925  6.01482e-05
-3.55878  6.4229e-05
-3.54828  6.45575e-05
-3.53771  6.74051e-05
-3.52725  6.51892e-05
-3.51718  6.7856e-05
-3.50649  7.12638e-05
-3.49611  6.97482e-05
-3.48581  7.33819e-05
-3.47505  7.72461e-05
-3.46447  7.41138e-05
-3.45423  7.62878e-05
-3.44392  7.72269e-05
-3.43311  8.68952e-05
-3.42231  8.03921e-05
-3.41204  8.13058e-05
-3.40189  8.26432e-05
-3.39152  8.79512e-05
-3.38121  8.37226e-05
-3.37084  9.24772e-05
-3.36055  8.87043e-05
-3.35024  9.25157e-05
-3.3399  9.41317e-05
-3.32945  9.73584e-05
-3.31893  9.97633e-05
-3.3084  9.95323e-05
-3.29809  0.000101096
-3.28796  0.000100083
-3.27781  0.000104507
-3.26739  0.000107956
-3.25712  0.000106228
-3.24681  0.000113996
-3.23645  0.000110424
-3.22615  0.000116909
-3.21581  0.000114099
-3.20569  0.00011768
-3.1954  0.000120817
-3.18509  0.000123128
-3.17483  0.000123884
-3.16451  0.000128285
-3.15421  0.000129318
-3.14394  0.000131173
-3.13358  0.000136788
-3.12318  0.000136521
-3.11296  0.000136511
-3.10274  0.000140768
-3.09247  0.000143785
-3.08212  0.000147447
-3.07184  0.000145754
-3.06154  0.000154187
-3.05117  0.000152136
-3.041  0.000154845
-3.03076  0.000158056
-3.02055  0.000161399
-3.01025  0.000164303
-2.99994  0.000166856
-2.98961  0.000170266
-2.97942  0.000169167
-2.96908  0.000180346
-2.9586  0.000179313
-2.94828  0.000181313
-2.9379  0.000187602
-2.92759  0.000185452
-2.91735  0.000189633
-2.907  0.000196189
-2.8967  0.000195094
-2.88652  0.000196492
-2.8763  0.000202142
-2.86597  0.00020737
-2.8557  0.000207581
-2.84549  0.000210909
-2.8353  0.000214452
-2.82512  0.000216829
-2.8148  0.000225478
-2.80455  0.000222202
-2.79431  0.000231153
-2.78395  0.000234626
-2.77369  0.000233129
-2.76344  0.000242352
-2.75318  0.000240555
-2.74301  0.000245619
-2.73278  0.000251504
-2.72251  0.000255429
-2.71233  0.000253727
-2.7021  0.000265942
-2.69172  0.000268698
-2.68148  0.000265671
-2.67123  0.000277861
-2.66096  0.000276005
-2.65079  0.000280752
-2.64057  0.000286047
-2.63035  0.000288851
-2.62018  0.000292802
-2.60999  0.000296655
-2.59977  0.00030368
-2.58956  0.000303921
-2.57944  0.000307746
-2.56925  0.000316557
-2.55901  0.000319616
-2.54884  0.000321569
-2.53862  0.000334512
-2.52837  0.000330223
-2.5182  0.000337437
-2.50793  0.0003452
-2.4977  0.000346088
-2.48744  0.000356781
-2.47725  0.000352032
-2.46705  0.000365724
-2.45686  0.000362688
-2.44669  0.000373866
-2.43647  0.000375616
-2.4263  0.000381169
-2.41606  0.000388149
-2.4058  0.00039395
-2.39563  0.000392065
-2.3855  0.000402626
-2.37535  0.000405074
-2.36519  0.000413665
-2.35502  0.000417243
-2.34485  0.000421048
-2.33464  0.00043212
-2.32437  0.000438375
-2.31413  0.000439583
-2.30394  0.000446394
-2.29377  0.000449966
-2.28355  0.000462082
-2.27336  0.000461138
-2.26317  0.000472985
-2.25297  0.000471947
-2.24279  0.000481773
-2.23259  0.000487223
-2.22237  0.000496669
-2.2122  0.00049506
-2.20214  0.000498213
-2.19198  0.000517203
-2.18178  0.000514288
-2.17166  0.000521412
-2.16157  0.000523176
-2.15144  0.000535789
-2.14129  0.000540108
-2.1311  0.000555756
-2.12096  0.000547689
-2.11078  0.000573511
-2.10059  0.000561
-2.0905  0.000574378
-2.08035  0.000579436
-2.07017  0.000592884
-2.05997  0.000597095
-2.04978  0.000605525
-2.03959  0.000612048
-2.02944  0.000616158
-2.0193  0.000624176
-2.00914  0.000630101
-1.99894  0.000641303
-1.98875  0.000645238
-1.97854  0.000661863
-1.96838  0.000652992
-1.95828  0.000670035
-1.94811  0.000677145
-1.93793  0.000685503
-1.92778  0.000685951
-1.91763  0.000699055
-1.90751  0.000698455
-1.89738  0.000716167
-1.88724  0.000720312
-1.87718  0.000720313
-1.86707  0.000741564
-1.85694  0.000739305
-1.84685  0.000750312
-1.83667  0.000762302
-1.82659  0.00075649
-1.81654  0.000775445
-1.80635  0.000796207
-1.79614  0.000799848
-1.78601  0.000796309
-1.77594  0.000804936
-1.76584  0.000815549
-1.75572  0.000826484
-1.74561  0.000833541
-1.73551  0.000841504
-1.72536  0.000862115
-1.7152  0.000862817
-1.70506  0.000872459
-1.69493  0.000874387
-1.6848  0.000887604
-1.67466  0.000898561
-1.66441  0.000926958
-1.65424  0.000908113
-1.64375  0.00100337
-1.63313  0.000951163
-1.62292  0.000948565
-1.61277  0.000950864
-1.60262  0.00096727
-1.59252  0.000968134
-1.58247  0.000978783
-1.57239  0.000992525
-1.56234  0.000990574
-1.55219  0.00102886
-1.54195  0.00102589
-1.53178  0.00103596
-1.52164  0.00103888
-1.51155  0.00105685
-1.50146  0.00105707
-1.49139  0.00107212
-1.4813  0.00107459
-1.47117  0.00109633
-1.46104  0.00110099
-1.45092  0.00111907
-1.44084  0.00111626
-1.43081  0.00113076
-1.4207  0.00115325
-1.41053  0.00115977
-1.40041  0.00115943
-1.39029  0.00118335
-1.38016  0.00119434
-1.37004  0.00120275
-1.35996  0.00120893
-1.34988  0.00122509
-1.33973  0.00123965
-1.32958  0.0012386
-1.31951  0.00125136
-1.30945  0.00126525
-1.29937  0.00128978
-1.28924  0.00129467
-1.27911  0.00131281
-1.26897  0.00131687
-1.25887  0.00131483
-1.24881  0.00133531
-1.23876  0.00134871
-1.22863  0.00138679
-1.21843  0.00139483
-1.20832  0.00137442
-1.19827  0.00140146
-1.18819  0.00139871
-1.17813  0.00142851
-1.16804  0.00144067
-1.158  0.00145176
-1.14794  0.00147177
-1.13778  0.00149353
-1.12764  0.00148847
-1.11753  0.00150229
-1.10742  0.00152496
-1.09735  0.00152911
-1.08734  0.00154146
-1.0773  0.00156753
-1.06723  0.00156918
-1.05715  0.00158375
-1.04707  0.00158872
-1.03701  0.00162196
-1.02691  0.00163743
-1.01681  0.0016661
-1.00671  0.00166896
-0.996602  0.00168146
-0.986514  0.00168071
-0.976372  0.00171759
-0.966283  0.00171215
-0.95625  0.00174335
-0.946233  0.00175229
-0.936159  0.00179178
-0.926049  0.00177713
-0.916  0.0017917
-0.90587  0.00182155
-0.895731  0.00185169
-0.88562  0.00186639
-0.875553  0.00188434
-0.865493  0.00188883
-0.855406  0.0019099
-0.845341  0.00189925
-0.835239  0.00194098
-0.825143  0.00196349
-0.815051  0.00200456
-0.804926  0.0020229
-0.794812  0.00202723
-0.784733  0.0020326
-0.774652  0.00203566
-0.764562  0.00208748
-0.754474  0.00210739
-0.744441  0.00211664
-0.734382  0.00214384
-0.724252  0.00217308
-0.714133  0.00215284
-0.704078  0.00219597
-0.694031  0.0022373
-0.683972  0.00225671
-0.673911  0.00226834
-0.663792  0.00230589
-0.653664  0.00228461
-0.643601  0.00233747
-0.633557  0.00237981
-0.623496  0.00240182
-0.613411  0.0024255
-0.603305  0.00243018
-0.593204  0.00243742
-0.583141  0.00248721
-0.573099  0.00254654
-0.562989  0.00258148
-0.552903  0.00257019
-0.542806  0.00260679
-0.532684  0.00259085
-0.522617  0.00267845
-0.512564  0.00272421
-0.502489  0.00275157
-0.492458  0.00273948
-0.482417  0.0027735
-0.472315  0.0027687
-0.46228  0.00286804
-0.45177  0.00320813
-0.441197  0.00299426
-0.431065  0.00300084
-0.420945  0.00298784
-0.410876  0.0029754
-0.40085  0.00312265
-0.390832  0.00315768
-0.380803  0.0032395
-0.37071  0.00323265
-0.360669  0.00320669
-0.350621  0.00324426
-0.340528  0.00342033
-0.330473  0.00349902
-0.320417  0.00352833
-0.310393  0.00352058
-0.300373  0.00353349
-0.290264  0.00354092
-0.280107  0.00368259
-0.270089  0.00389856
-0.260072  0.00397635
-0.250009  0.00401543
-0.239931  0.00402737
-0.22986  0.00397695
-0.219771  0.00403019
-0.209734  0.00437892
-0.199674  0.00455095
-0.1896  0.00455733
-0.179532  0.00455798
-0.169484  0.00451849
-0.15934  0.00463611
-0.149337  0.00517575
-0.139353  0.00534406
-0.129309  0.00540545
-0.119223  0.00538994
-0.109155  0.00534198
-0.0989335  0.00562267
-0.0890439  0.00665233
-0.0790566  0.00687746
-0.0689938  0.0069162
-0.0589244  0.00689506
-0.0488581  0.00691639
-0.0387402  0.00700543
-0.0286024  0.0118694
-0.0187131  0.0129012
-0.00857148  0.0143279
-0.00178482  0.00659902
0.00178482  0.00659902
0.00857148  0.0143279
0.0187131  0.0129012
0.0286024  0.0118694
0.0387402  0.00700543
0.0488581  0.00691639
0.0589244  0.00689506
0.0689938  0.0069162
0.0790566  0.00687746
0.0890439  0.00665233
0.0989335  0.00562267
0.109155  0.00534198
0.119223  0.00538994
0.129309  0.00540545
0.139353  0.00534406
0.149337  0.00517575
0.15934  0.00463611
0.169484  0.00451849
0.179532  0.00455798
0.1896  0.00455733
0.199674  0.00455095
0.209734  0.00437892
0.219771  0.00403019
0.22986  0.00397695
0.239931  0.00402737
0.250009  0.00401543
0.260072  0.00397635
0.270089  0.00389856
0.280107  0.00368259
0.290264  0.00354092
0.300373  0.00353349
0.310393  0.00352058
0.320417  0.00352833
0.330473  0.00349902
0.340528  0.00342033
0.350621  0.00324426
0.360669  0.00320669
0.37071  0.00323265
0.380803  0.0032395
0.390832  0.00315768
0.40085  0.00312265
0.410876  0.0029754
0.420945  0.00298784
0.431065  0.00300084
0.441197  0.00299426
0.45177  0.00320813
0.46228  0.00286804
0.472315  0.0027687
0.482417  0.0027735
0.492458  0.00273948
0.502489  0.00275157
0.512564  0.00272421
0.522617  0.00267845
0.532684  0.00259085
0.542806  0.00260679
0.552903  0.00257019
0.562989  0.00258148
0.573099  0.00254654
0.583141  0.00248721
0.593204  0.00243742
0.603305  0.00243018
0.613411  0.0024255
0.623496  0.00240182
0.633557  0.00237981
0.643601  0.00233747
0.653664  0.00228461
0.663792  0.00230589
0.673911  0.00226834
0.683972  0.00225671
0.694031  0.0022373
0.704078  0.00219597
0.714133  0.00215284
0.724252  0.00217308
0.734382  0.00214384
0.744441  0.00211664
0.754474  0.00210739
0.764562  0.00208748
0.774652  0.00203566
0.784733  0.0020326
0.794812  0.00202723
0.804926  0.0020229
0.815051  0.00200456
0.825143  0.00196349
0.835239  0.00194098
0.845341  0.00189925
0.855406  0.0019099
0.865493  0.00188883
0.875553  0.00188434
0.88562  0.00186639
0.895731  0.00185169
0.90587  0.00182155
0.916  0.0017917
0.926049  0.00177713
0.936159  0.00179178
0.946233  0.00175229
0.95625  0.00174335
0.966283  0.00171215
0.976372  0.00171759
0.986514  0.00168071
0.996602  0.00168146
1.00671  0.00166896
1.01681  0.0016661
1.02691  0.00163743
1.03701  0.00162196
1.04707  0.00158872
1.05715  0.00158375
1.06723  0.00156918
1.0773  0.00156753
1.08734  0.00154146
1.09735  0.00152911
1.10742  0.00152496
1.11753  0.00150229
1.12764  0.00148847
1.13778  0.00149353
1.14794  0.00147177
1.158  0.00145176
1.16804  0.00144067
1.17813  0.00142851
1.18819  0.00139871
1.19827  0.00140146
1.20832  0.00137442
1.21843  0.00139483
1.22863  0.00138679
1.23876  0.00134871
1.24881  0.00133531
1.25887  0.00131483
1.26897  0.00131687
1.27911  0.00131281
1.28924  0.00129467
1.29937  0.00128978
1.30945  0.00126525
1.31951  0.00125136
1.32958  0.0012386
1.33973  0.00123965
1.34988  0.00122509
1.35996  0.00120893
1.37004  0.00120275
1.38016  0.00119434
1.39029  0.00118335
1.40041  0.00115943
1.41053  0.00115977
1.4207  0.00115325
1.43081  0.00113076
1.44084  0.00111626
1.45092  0.00111907
1.46104  0.00110099
1.47117  0.00109633
1.4813  0.00107459
1.49139  0.00107212
1.50146  0.00105707
1.51155  0.00105685
1.52164  0.00103888
1.53178  0.00103596
1.54195  0.00102589
1.55219  0.00102886
1.56234  0.000990574
1.57239  0.000992525
1.58247  0.000978783
1.59252  0.000968134
1.60262  0.00096727
1.61277  0.000950864
1.62292  0.000948565
1.63313  0.000951163
1.64375  0.00100337
1.65424  0.000908113
1.66441  0.000926958
1.67466  0.000898561
1.6848  0.000887604
1.69493  0.000874387
1.70506  0.000872459
1.7152  0.000862817
1.72536  0.000862115
1.73551  0.000841504
1.74561  0.000833541
1.75572  0.000826484
1.76584  0.000815549
1.77594  0.000804936
1.78601  0.000796309
1.79614  0.000799848
1.80635  0.000796207
1.81654  0.000775445
1.82659  0.00075649
1.83667  0.000762302
1.84685  0.000750312
1.85694  0.000739305
1.86707  0.000741564
1.87718  0.000720313
1.88724  0.000720312
1.89738  0.000716167
1.90751  0.000698455
1.91763  0.000699055
1.92778  0.000685951
1.93793  0.000685503
1.94811  0.000677145
1.95828  0.000670035
1.96838  0.000652992
1.97854  0.000661863
1.98875  0.000645238
1.99894  0.000641303
2.00914  0.000630101
2.0193  0.000624176
2.02944  0.000616158
2.03959  0.000612048
2.04978  0.000605525
2.05997  0.000597095
2.07017  0.000592884
2.08035  0.000579436
2.0905  0.000574378
2.10059  0.000561
2.11078  0.000573511
2.12096  0.000547689
2.1311  0.000555756
2.14129  0.000540108
2.15144  0.000535789
2.16157  0.000523176
2.17166  0.000521412
2.18178  0.000514288
2.19198  0.000517203
2.20214  0.000498213
2.2122  0.00049506
2.22237  0.000496669
2.23259  0.000487223
2.24279  0.000481773
2.25297  0.000471947
2.26317  0.000472985
2.27336  0.000461138
2.28355  0.000462082
2.29377  0.000449966
2.30394  0.000446394
2.31413  0.000439583
2.32437  0.000438375
2.33464  0.00043212
2.34485  0.000421048
2.35502  0.000417243
2.36519  0.000413665
2.37535  0.000405074
2.3855  0.000402626
2.39563  0.000392065
2.4058  0.00039395
2.41606  0.000388149
2.4263  0.000381169
2.43647  0.000375616
2.44669  0.000373866
2.45686  0.000362688
2.46705  0.000365724
2.47725  0.000352032
2.48744  0.000356781
2.4977  0.000346088
2.50793  0.0003452
2.5182  0.000337437
2.52837  0.000330223
2.53862  0.000334512
2.54884  0.000321569
2.55901  0.000319616
2.56925  0.000316557
2.57944  0.000307746
2.58956  0.000303921
2.59977  0.00030368
2.60999  0.000296655
2.62018  0.000292802
2.63035  0.000288851
2.64057  0.000286047
2.65079  0.000280752
2.66096  0.000276005
2.67123  0.000277861
2.68148  0.000265671
2.69172  0.000268698
2.7021  0.000265942
2.71233  0.000253727
2.72251  0.000255429
2.73278  0.000251504
2.74301  0.000245619
2.75318  0.000240555
2.76344  0.000242352
2.77369  0.000233129
2.78395  0.000234626
2.79431  0.000231153
2.80455  0.000222202
2.8148  0.000225478
2.82512  0.000216829
2.8353  0.000214452
2.84549  0.000210909
2.8557  0.000207581
2.86597  0.00020737
2.8763  0.000202142
2.88652  0.000196492
2.8967  0.000195094
2.907  0.000196189
2.91735  0.000189633
2.92759  0.000185452
2.9379  0.000187602
2.94828  0.000181313
2.9586  0.000179313
2.96908  0.000180346
2.97942  0.000169167
2.98961  0.000170266
2.99994  0.000166856
3.01025  0.000164303
3.02055  0.000161399
3.03076  0.000158056
3.041  0.000154845
3.05117  0.000152136
3.06154  0.000154187
3.07184  0.000145754
3.08212  0.000147447
3.09247  0.000143785
3.10274  0.000140768
3.11296  0.000136511
3.12318  0.000136521
3.13358  0.000136788
3.14394  0.000131173
3.15421  0.000129318
3.16451  0.000128285
3.17483  0.000123884
3.18509  0.000123128
3.1954  0.000120817
3.20569  0.00011768
3.21581  0.000114099
3.22615  0.000116909
3.23645  0.000110424
3.24681  0.000113996
3.25712  0.000106228
3.26739  0.000107956
3.27781  0.000104507
3.28796  0.000100083
3.29809  0.000101096
3.3084  9.95323e-05
3.31893  9.97633e-05
3.32945  9.73584e-05
3.3399  9.41317e-05
3.35024  9.25157e-05
3.36055  8.87043e-05
3.37084  9.24772e-05
3.38121  8.37226e-05
3.39152  8.79512e-05
3.40189  8.26432e-05
3.41204  8.13058e-05
3.42231  8.03921e-05
3.43311  8.68952e-05
3.44392  7.72269e-05
3.45423  7.62878e-05
3.46447  7.41138e-05
3.47505  7.72461e-05
3.48581  7.33819e-05
3.49611  6.97482e-05
3.50649  7.12638e-05
3.51718  6.7856e-05
3.52725  6.51892e-05
3.53771  6.74051e-05
3.54828  6.45575e-05
3.55878  6.4229e-05
3.56925  6.01482e-05
3.57983  6.54577e-05
3.5905  5.57895e-05
3.60077  6.13158e-05
3.61123  5.41402e-05
3.62111  5.31419e-05
3.63157  5.80875e-05
3.64235  5.3933e-05
3.65267  5.14779e-05
3.66315  5.30908e-05
3.67396  5.19158e-05
3.68491  5.31305e-05
3.69538  4.55847e-05
3.70553  4.64275e-05
3.71596  4.80722e-05
3.7265  4.42497e-05
3.73686  4.52893e-05
3.74765  4.58151e-05
3.75851  4.39817e-05
3.76935  4.22739e-05
3.77968  4.15969e-05
3.79058  4.06834e-05
3.80073  3.65348e-05
3.8111  4.03328e-05
3.82187  3.83568e-05
3.83234  3.42908e-05
3.8429  3.96744e-05
3.85396  3.53946e-05
3.86476  3.59743e-05
3.87555  3.43682e-05
3.88629  3.38436e-05
3.89694  3.17472e-05
3.90778  3.30737e-05
3.91855  3.12843e-05
3.92915  3.0641e-05
3.94004  2.89315e-05
3.95008  2.87939e-05
3.96078  2.75869e-05
3.97161  2.98843e-05
3.98238  2.52342e-05
3.99235  2.53421e-05
4.00255  2.56326e-05
4.01338  2.56877e-05
4.02427  2.57529e-05
4.0345  2.1809e-05
4.0447  2.3753e-05
4.05536  2.25612e-05
4.06584  2.31871e-05
4.0766  2.15679e-05
4.08684  2.04006e-05
4.09736  2.15772e-05
4.10839  2.11664e-05
4.11896  1.96871e-05
4.12934  1.91472e-05
4.14033  1.95888e-05
4.15051  1.79542e-05
4.16118  1.89497e-05
4.17166  1.60426e-05
4.18204  1.87904e-05
4.19281  1.50537e-05
4.20345  1.85352e-05
4.21462  1.64564e-05
4.22552  1.56528e-05
4.23636  1.61943e-05
4.24785  1.62109e-05
4.25815  1.2498e-05
4.26805  1.4667e-05
4.27801  1.14968e-05
4.28861  1.52931e-05
4.30026  1.40978e-05
4.31055  1.17009e-05
4.32141  1.37779e-05
4.33171  1.12144e-05
4.3424  1.21791e-05
4.35313  1.15376e-05
4.36372  1.18591e-05
4.37407  1.03113e-05
4.38483  1.08193e-05
4.3951  1.00033e-05
4.40614  1.19296e-05
4.41696  8.47795e-06
4.42711  9.8267e-06
4.43775  9.85105e-06
4.44893  1.017e-05
4.46049  8.67095e-06
4.47115  9.47645e-06
4.48183  8.35517e-06
4.49288  9.04966e-06
4.50417  8.14454e-06
4.51469  7.22937e-06
4.52476  7.80367e-06
4.53557  7.13021e-06
4.54594  7.53982e-06
4.55668  6.93436e-06
4.56725  7.11946e-06
4.57805  6.32647e-06
4.58927  7.71099e-06
4.59924  4.55858e-06
4.60963  7.53444e-06
4.62139  5.48804e-06
4.63095  5.38595e-06
4.64256  7.53661e-06
4.65311  3.82358e-06
4.66333  6.149e-06
4.67397  4.15217e-06
4.68419  5.80442e-06
4.69457  5.0095e-06
4.70511  4.39066e-06
4.71524  4.35692e-06
4.72606  5.14709e-06
4.73641  3.77495e-06
4.74811  5.508e-06
4.75838  3.79216e-06
4.77072  4.0712e-06
4.78064  4.52382e-06
4.7933  4.39748e-06
4.80436  3.68013e-06
4.81599  4.44186e-06
4.82673  2.76452e-06
4.83688  3.2406e-06
4.84752  4.29021e-06
4.86026  2.75672e-06
4.86993  2.90958e-06
4.87997  3.59011e-06
4.89025  2.1276e-06
4.90108  3.4469e-06
4.91216  3.00812e-06
4.92311  2.3652e-06
4.93437  2.54402e-06
4.94583  3.47511e-06
4.95632  2.1522e-06
4.96635  1.66368e-06
4.9756  2.42894e-06
4.98594  2.63674e-06
4.99804  1.67467e-06
5.00821  2.46251e-06
5.01921  2.26487e-06
5.03023  2.55666e-06
5.04152  9.37242e-07
5.0516  2.48427e-06
5.06413  2.36493e-06
5.07754  1.6881e-06
5.08799  1.73742e-06
5.09988  2.29565e-06
5.11141  1.58762e-06
5.12127  1.39853e-06
5.13451  1.40268e-06
5.1432  1.42828e-06
5.15327  1.66781e-06
5.16626  1.20515e-06
5.17638  1.42315e-06
5.18836  1.55412e-06
5.19861  1.254e-06
5.2099  1.18303e-06
5.22225  9.5894e-07
5.23268  1.62821e-06
5.24499  1.26454e-06
5.25718  1.09318e-06
5.26773  6.58997e-07
5.27904  1.38447e-06
5.29081  1.00063e-06
5.30007  9.14993e-07
5.31009  5.69213e-07
5.32199  9.49435e-07
5.33347  1.17149e-06
5.34603  9.67461e-07
5.35939  7.62655e-07
5.37028  9.32074e-07
5.38311  3.79743e-07
5.39264  9.94755e-07
5.40312  7.94656e-07
5.41478  8.2805e-07
5.43308  6.48756e-07
5.44435  9.28156e-07
5.45935  9.49954e-07
5.47638  5.75589e-07
5.48955  7.09844e-07
5.50687  7.98045e-07
5.52148  7.70417e-07
5.53773  7.78929e-07
5.55564  3.93618e-07
5.57027  7.00809e-07
5.58779  7.27987e-07
5.59752  2.80056e-07
5.60739  2.00333e-07
5.6227  5.01332e-07
5.64112  6.18919e-07
5.65399  2.60963e-07
5.66002  4.17995e-07
5.6779  3.90254e-07
5.69629  3.68312e-07
5.71441  5.91553e-07
5.73542  4.05554e-07
5.75439  4.50216e-07
5.77474  3.16905e-07
5.79681  3.93863e-07
5.81682  5.55921e-07
5.83923  2.09824e-07
5.86197  2.42842e-07
5.88319  4.21489e-07
5.90751  3.1793e-07
5.93098  1.9036e-07
5.95462  2.84716e-07
5.98085  2.83881e-07
6.00527  2.16783e-07
6.03166  2.76413e-07
6.06  8.44929e-08
6.08579  2.24585e-07
6.11502  2.88746e-07
6.14251  3.15346e-08
6.17382  1.90844e-07
6.20607  1.71882e-07
6.23622  1.12629e-07
6.27029  1.33961e-07
6.30523  5.11986e-08
6.33963  1.50851e-07
6.37719  8.7414e-08
6.41307  5.72799e-08
6.45497  8.97971e-08
6.49697  4.12012e-08
6.53778  1.02291e-07
6.58538  2.00451e-08
6.63015  1.86217e-08
6.68028  9.13362e-08
6.78514  2.60111e-08
6.84652  4.07773e-08
6.97158  3.09672e-08
7.04602  7.28204e-09
7.20093  2.07381e-08
7.49905  7.40685e-09
7.92572  1.10227e-09
