-7.9551  9.70378e-10
-7.52975  6.53989e-09
-7.23227  1.83649e-08
-7.07472  6.54419e-09
-7.00329  2.75046e-08
-6.87603  3.6754e-08
-6.8171  2.3171e-08
-6.71035  8.25682e-08
-6.65818  1.67719e-08
-6.6139  1.83891e-08
-6.56825  9.27452e-08
-6.52021  3.76749e-08
-6.48406  8.26226e-08
-6.44386  5.20882e-08
-6.40111  8.02587e-08
-6.36916  1.39209e-07
-6.33036  4.74511e-08
-6.296  1.1771e-07
-6.28247  6.07884e-09
-6.26611  1.04245e-07
-6.23019  1.60623e-07
-6.20167  1.43499e-07
-6.18758  3.41405e-08
-6.17269  2.92734e-08
-6.13993  2.70631e-07
-6.11397  1.33063e-07
-6.10092  7.66969e-08
-6.08427  8.03643e-08
-6.05753  2.2589e-07
-6.04734  3.41629e-08
-6.03006  1.17122e-07
-6.02118  8.61502e-08
-6.00579  2.70809e-07
-5.98235  1.091e-07
-5.9716  1.53495e-07
-5.95203  1.85574e-07
-5.93303  3.04187e-07
-5.90872  1.07428e-07
-5.9012  2.58621e-07
-5.88573  2.31476e-07
-5.87425  4.36524e-08
-5.86194  1.90691e-07
-5.83864  4.56898e-07
-5.8223  3.01984e-07
-5.8114  1.60934e-07
-5.79409  2.58791e-07
-5.77843  3.81866e-07
-5.75599  4.70866e-07
-5.73637  4.22392e-07
-5.71929  4.53665e-07
-5.69967  2.1861e-07
-5.6942  2.04114e-07
-5.68232  4.04712e-07
-5.66208  8.06348e-07
-5.64409  3.83618e-07
-5.63181  3.08954e-07
-5.60923  8.6143e-07
-5.59389  4.54929e-07
-5.57894  6.24162e-07
-5.56054  5.71385e-07
-5.54816  4.16215e-07
-5.53613  6.35775e-07
-5.5233  7.81894e-07
-5.50824  4.02561e-07
-5.49711  5.8054e-07
-5.48359  6.78041e-07
-5.46881  7.84247e-07
-5.45567  8.677e-07
-5.44371  5.12342e-07
-5.4319  1.31179e-07
-5.4243  1.11536e-06
-5.41141  8.00728e-07
-5.40088  6.47113e-07
-5.38641  8.25856e-07
-5.37521  8.04844e-07
-5.3618  1.11303e-06
-5.34927  7.55772e-07
-5.33697  1.26506e-06
-5.32301  9.07405e-07
-5.31377  4.08573e-07
-5.30193  1.5733e-06
-5.29165  7.51006e-07
-5.28154  7.86839e-07
-5.26825  1.35626e-06
-5.25684  1.18502e-06
-5.24342  1.56884e-06
-5.23153  1.07181e-06
-5.22058  9.77931e-07
-5.21068  1.25125e-06
-5.19879  1.54155e-06
-5.18682  1.49253e-06
-5.17559  1.18403e-06
-5.16439  1.57619e-06
-5.15348  1.54147e-06
-5.14297  1.15113e-06
-5.13266  1.51703e-06
-5.1215  1.48738e-06
-5.11216  1.73879e-06
-5.10043  1.81576e-06
-5.08884  1.91983e-06
-5.07888  1.52343e-06
-5.06727  1.89266e-06
-5.0576  1.93908e-06
-5.04637  1.50489e-06
-5.03589  2.48188e-06
-5.02332  2.5202e-06
-5.01406  1.51676e-06
-5.00275  2.56778e-06
-4.99139  2.07739e-06
-4.98017  2.74908e-06
-4.97015  2.05704e-06
-4.95716  3.46128e-06
-4.94661  2.31572e-06
-4.93581  2.17144e-06
-4.92656  2.45717e-06
-4.91483  3.5283e-06
-4.90439  2.32738e-06
-4.89281  3.67182e-06
-4.88296  1.96466e-06
-4.87342  3.96053e-06
-4.86042  3.11647e-06
-4.85022  3.47754e-06
-4.83957  3.55434e-06
-4.82926  2.76285e-06
-4.81778  4.80611e-06
-4.80617  3.06581e-06
-4.79738  3.674e-06
-4.78618  4.21792e-06
-4.77655  3.8258e-06
-4.76457  4.26254e-06
-4.75314  5.26591e-06
-4.74363  2.90776e-06
-4.73225  6.13227e-06
-4.71956  4.76579e-06
-4.70941  4.14933e-06
-4.69821  6.18034e-06
-4.68699  4.71283e-06
-4.67817  4.43051e-06
-4.66654  6.52458e-06
-4.6542  5.26837e-06
-4.64487  5.44375e-06
-4.63489  6.03884e-06
-4.62297  6.39209e-06
-4.61252  5.50505e-06
-4.60409  5.09316e-06
-4.59235  8.61748e-06
-4.58007  5.9818e-06
-4.57108  5.91333e-06
-4.56172  6.48014e-06
-4.55063  8.4184e-06
-4.53891  7.4819e-06
-4.5295  5.83229e-06
-4.52071  7.47876e-06
-4.50895  9.45754e-06
-4.49739  7.61616e-06
-4.48767  7.71589e-06
-4.47754  9.05394e-06
-4.46707  9.28397e-06
-4.45582  8.27574e-06
-4.44533  1.00457e-05
-4.43369  1.15995e-05
-4.42255  7.86965e-06
-4.4128  1.04423e-05
-4.40268  1.00076e-05
-4.39294  9.3944e-06
-4.38234  1.13856e-05
-4.37202  9.91134e-06
-4.36167  1.26846e-05
-4.35049  1.14863e-05
-4.33982  1.21191e-05
-4.32866  1.35659e-05
-4.31813  1.14859e-05
-4.30754  1.41791e-05
-4.29715  1.16769e-05
-4.28748  1.3727e-05
-4.27696  1.22451e-05
-4.26711  1.45918e-05
-4.25621  1.50139e-05
-4.24547  1.56119e-05
-4.2343  1.64459e-05
-4.22316  1.58077e-05
-4.21299  1.50019e-05
-4.20274  1.71311e-05
-4.19246  1.53902e-05
-4.18234  1.67015e-05
-4.17215  1.75135e-05
-4.16111  1.93858e-05
-4.15023  1.86996e-05
-4.14028  1.82962e-05
-4.1296  1.95937e-05
-4.11869  2.14631e-05
-4.10813  1.91698e-05
-4.09786  2.08395e-05
-4.08735  2.14516e-05
-4.07699  2.12663e-05
-4.06655  2.21247e-05
-4.05666  2.1175e-05
-4.04631  2.356e-05
-4.03552  2.52876e-05
-4.02505  2.33493e-05
-4.01491  2.45321e-05
-4.00406  2.73081e-05
-3.99337  2.56883e-05
-3.98319  2.62257e-05
-3.97232  2.93826e-05
-3.96151  2.86507e-05
-3.95091  2.71928e-05
-3.94047  3.26917e-05
-3.92926  2.90021e-05
-3.91853  3.37777e-05
-3.90803  2.95262e-05
-3.8975  3.38546e-05
-3.88706  3.08539e-05
-3.87666  3.45615e-05
-3.86605  3.46537e-05
-3.85579  3.35247e-05
-3.84577  3.45132e-05
-3.83554  3.68179e-05
-3.82481  3.84064e-05
-3.81408  3.91295e-05
-3.8034  3.98225e-05
-3.79293  3.9427e-05
-3.78251  3.99844e-05
-3.77214  4.30086e-05
-3.76149  4.25398e-05
-3.75088  4.47833e-05
-3.74005  4.57361e-05
-3.73001  4.15506e-05
-3.71976  4.78007e-05
-3.7092  4.76598e-05
-3.69836  5.0503e-05
-3.68799  4.58578e-05
-3.6782  4.93005e-05
-3.66762  5.24607e-05
-3.65717  5.1765e-05
-3.6467  5.37869e-05
-3.6361  5.58831e-05
-3.62582  5.36449e-05
-3.61554  5.6057e-05
-3.60528  5.7714e-05
-3.59472  6.11488e-05
-3.58444  5.62191e-05
-3.5742  6.39458e-05
-3.56377  6.06836e-05
-3.55335  6.49148e-05
-3.54283  6.59748e-05
-3.53238  6.62608e-05
-3.52167  7.17655e-05
-3.51117  6.78293e-05
-3.50085  7.04588e-05
-3.49041  7.16947e-05
-3.48018  7.21553e-05
-3.4698  7.68236e-05
-3.45915  7.68789e-05
-3.44873  7.7379e-05
-3.4384  7.90606e-05
-3.42822  7.8292e-05
-3.41804  8.0798e-05
-3.40757  8.59577e-05
-3.39707  8.52272e-05
-3.3868  8.59308e-05
-3.37646  8.90043e-05
-3.36604  9.00371e-05
-3.35575  9.24992e-05
-3.34525  9.55315e-05
-3.33457  9.83159e-05
-3.32391  0.000100694
-3.31339  9.8944e-05
-3.303  0.000100582
-3.29262  0.000103902
-3.28227  0.000104064
-3.27193  0.000107442
-3.26153  0.000108147
-3.25119  0.000110405
-3.24101  0.000109985
-3.23075  0.000114844
-3.22044  0.000115694
-3.21009  0.000119147
-3.19972  0.000120249
-3.1894  0.000122826
-3.17917  0.000122456
-3.16882  0.000129273
-3.15837  0.000130745
-3.14799  0.000132399
-3.1376  0.000134131
-3.12743  0.000133512
-3.11706  0.000141139
-3.10675  0.000138692
-3.09646  0.000143599
-3.0861  0.00014761
-3.07582  0.000145135
-3.06556  0.000151427
-3.05535  0.000150018
-3.04507  0.000158267
-3.03477  0.000156022
-3.02454  0.000161257
-3.01425  0.0001643
-3.00392  0.00016688
-2.9937  0.000165061
-2.98351  0.000172048
-2.97312  0.00017879
-2.96286  0.000171264
-2.95277  0.000179933
-2.94253  0.000182836
-2.93232  0.000184771
-2.92211  0.000188285
-2.91171  0.000197035
-2.90127  0.000196187
-2.89106  0.000196403
-2.88082  0.000200766
-2.87061  0.000202995
-2.86021  0.000213982
-2.8499  0.000207963
-2.83972  0.000214304
-2.82954  0.000215285
-2.81934  0.000221158
-2.80899  0.000227104
-2.79868  0.000229306
-2.7884  0.000228947
-2.77776  0.000255392
-2.76724  0.000231395
-2.75706  0.000245797
-2.74684  0.000241718
-2.7366  0.000252814
-2.72641  0.000249543
-2.7162  0.000259291
-2.70604  0.000254158
-2.69594  0.000265332
-2.68529  0.000287314
-2.6746  0.000277914
-2.66425  0.000277297
-2.65413  0.000276486
-2.64396  0.000285534
-2.63372  0.000288912
-2.62353  0.000292481
-2.6133  0.000297897
-2.60309  0.000301363
-2.5929  0.000303788
-2.5827  0.000309558
-2.57249  0.000314007
-2.56229  0.000320096
-2.55205  0.000323438
-2.54185  0.000329364
-2.53158  0.000334369
-2.52122  0.000345964
-2.51098  0.000334328
-2.50081  0.000350408
-2.49055  0.000350274
-2.48036  0.000356932
-2.47015  0.000360212
-2.46001  0.000363153
-2.44976  0.000377018
-2.43951  0.000374107
-2.42937  0.000379032
-2.41921  0.000382936
-2.40905  0.00038997
-2.39888  0.000393311
-2.38873  0.00040141
-2.37856  0.000404259
-2.36841  0.000412038
-2.35821  0.000419357
-2.34797  0.000423498
-2.33779  0.000426514
-2.32761  0.000435446
-2.31736  0.000440373
-2.30716  0.000442755
-2.29704  0.000446198
-2.2869  0.000458698
-2.27672  0.000460671
-2.26653  0.000470596
-2.25632  0.00047374
-2.24614  0.000478845
-2.23595  0.000485943
-2.22584  0.000483995
-2.21574  0.000497936
-2.20558  0.000501737
-2.19498  0.000555653
-2.18433  0.000520417
-2.17414  0.000521796
-2.16393  0.000533906
-2.15375  0.000529051
-2.14371  0.000534026
-2.13362  0.000547904
-2.12343  0.000559101
-2.11327  0.000557474
-2.10313  0.000571919
-2.09291  0.000576676
-2.0827  0.000583661
-2.07249  0.000589937
-2.06236  0.000589721
-2.05223  0.000602578
-2.04211  0.000604437
-2.03204  0.000613055
-2.02197  0.000617538
-2.0119  0.000625341
-2.00173  0.000640772
-1.99153  0.000644741
-1.98139  0.00064705
-1.97128  0.000659876
-1.9611  0.000669261
-1.95097  0.000669365
-1.94091  0.000675906
-1.93074  0.000699936
-1.92051  0.000694915
-1.91037  0.000699052
-1.90026  0.000710267
-1.89015  0.000716898
-1.87998  0.000736462
-1.86983  0.000729586
-1.85975  0.000741744
-1.84963  0.000751194
-1.83948  0.000757537
-1.82933  0.000766661
-1.81918  0.000776594
-1.80902  0.000785801
-1.79887  0.000794939
-1.78873  0.00080183
-1.77861  0.000807558
-1.76847  0.00081882
-1.75839  0.000812559
-1.74828  0.000839403
-1.73817  0.000831619
-1.72809  0.000855596
-1.71793  0.000863422
-1.7078  0.000872075
-1.69769  0.000876269
-1.68755  0.000888875
-1.67742  0.000891306
-1.66729  0.000909257
-1.65716  0.000912949
-1.64703  0.000927829
-1.63694  0.000925409
-1.62685  0.000946399
-1.61672  0.000947929
-1.60658  0.000963432
-1.59645  0.000964795
-1.58635  0.000983494
-1.57621  0.000993139
-1.56607  0.00100611
-1.55595  0.00100342
-1.54585  0.00101672
-1.53571  0.00103387
-1.52561  0.00102445
-1.51558  0.00104595
-1.50549  0.00106164
-1.49532  0.00108347
-1.48518  0.00107244
-1.4751  0.00108644
-1.46495  0.00110345
-1.45482  0.00110876
-1.4447  0.00112801
-1.43456  0.00113435
-1.42443  0.00115008
-1.41435  0.00114275
-1.40425  0.00116897
-1.39411  0.00116772
-1.384  0.00119055
-1.37381  0.0012145
-1.36369  0.00120167
-1.35365  0.00121412
-1.34356  0.00123722
-1.33344  0.00123452
-1.3233  0.00126089
-1.31314  0.00126548
-1.30306  0.00127661
-1.29299  0.00128997
-1.28242  0.00142249
-1.27185  0.00131946
-1.26171  0.00132285
-1.25162  0.00132452
-1.24154  0.00135084
-1.23149  0.00135189
-1.22136  0.00140352
-1.21121  0.00138223
-1.20114  0.0013985
-1.191  0.00142077
-1.18084  0.00142071
-1.17075  0.00143481
-1.16066  0.00145637
-1.15059  0.00146486
-1.14052  0.00148116
-1.13041  0.0014948
-1.12032  0.00149177
-1.1102  0.00153034
-1.09962  0.00167221
-1.08908  0.00155193
-1.07902  0.00155714
-1.06895  0.00157403
-1.05882  0.00158628
-1.04874  0.0015815
-1.03862  0.00164319
-1.02802  0.00178202
-1.01748  0.00165835
-1.00737  0.00167545
-0.997335  0.00165275
-0.987204  0.00171674
-0.976551  0.00186838
-0.966024  0.00172838
-0.955983  0.00173765
-0.945915  0.0017649
-0.935825  0.00176999
-0.925741  0.0017703
-0.915635  0.00180403
-0.905549  0.0018218
-0.895495  0.00184609
-0.885409  0.00187191
-0.874869  0.00204511
-0.864297  0.00190416
-0.854165  0.00188389
-0.844083  0.00192542
-0.83401  0.00194382
-0.823921  0.00199174
-0.813858  0.00197723
-0.803832  0.00200758
-0.793726  0.00201798
-0.783641  0.00201473
-0.773588  0.00203594
-0.763525  0.00209411
-0.753477  0.00209793
-0.74343  0.00214515
-0.733336  0.00214066
-0.723286  0.00214586
-0.713203  0.00216689
-0.703093  0.00221668
-0.692985  0.00224898
-0.682871  0.00227669
-0.672765  0.0022762
-0.662698  0.00227527
-0.652649  0.00228652
-0.642567  0.00235212
-0.63251  0.00237037
-0.622472  0.0024109
-0.612429  0.00239949
-0.602404  0.00242217
-0.592308  0.00244599
-0.582223  0.0024877
-0.572183  0.00254325
-0.562127  0.00257188
-0.55204  0.00258324
-0.541995  0.00258135
-0.531907  0.00259699
-0.521788  0.00263244
-0.511717  0.00273653
-0.501654  0.00275533
-0.491566  0.00281674
-0.481468  0.0028084
-0.471384  0.00280456
-0.461266  0.00283989
-0.451164  0.00290497
-0.441131  0.00297595
-0.431086  0.00300023
-0.421036  0.00301217
-0.410975  0.00302752
-0.400888  0.00301488
-0.390821  0.00317482
-0.380756  0.00322944
-0.370709  0.00326562
-0.360643  0.00329463
-0.35054  0.00328504
-0.340431  0.00329953
-0.330386  0.00343908
-0.320372  0.00354233
-0.310316  0.00360958
-0.300232  0.00358711
-0.290169  0.00360703
-0.280051  0.00360389
-0.270037  0.00382483
-0.259993  0.00399163
-0.249891  0.00400175
-0.239854  0.00399512
-0.229794  0.0039924
-0.219644  0.00405531
-0.209573  0.00437862
-0.19958  0.00449107
-0.189542  0.00457907
-0.179454  0.0045597
-0.169422  0.00450158
-0.159266  0.00466003
-0.148756  0.00567182
-0.138285  0.00537822
-0.128226  0.00538401
-0.117723  0.00585542
-0.107214  0.00533743
-0.0968925  0.0058316
-0.0870232  0.00672824
-0.0770462  0.00691432
-0.067005  0.00693559
-0.0569208  0.006982
-0.0468486  0.00692451
-0.0365125  0.00749916
-0.0266791  0.0122966
-0.0166857  0.0130943
-0.00647882  0.0150707
-0.000840389  0.00318158
0.000840389  0.00318158
0.00647882  0.0150707
0.0166857  0.0130943
0.0266791  0.0122966
0.0365125  0.00749916
0.0468486  0.00692451
0.0569208  0.006982
0.067005  0.00693559
0.0770462  0.00691432
0.0870232  0.00672824
0.0968925  0.0058316
0.107214  0.00533743
0.117723  0.00585542
0.128226  0.00538401
0.138285  0.00537822
0.148756  0.00567182
0.159266  0.00466003
0.169422  0.00450158
0.179454  0.0045597
0.189542  0.00457907
0.19958  0.00449107
0.209573  0.00437862
0.219644  0.00405531
0.229794  0.0039924
0.239854  0.00399512
0.249891  0.00400175
0.259993  0.00399163
0.270037  0.00382483
0.280051  0.00360389
0.290169  0.00360703
0.300232  0.00358711
0.310316  0.00360958
0.320372  0.00354233
0.330386  0.00343908
0.340431  0.00329953
0.35054  0.00328504
0.360643  0.00329463
0.370709  0.00326562
0.380756  0.00322944
0.390821  0.00317482
0.400888  0.00301488
0.410975  0.00302752
0.421036  0.00301217
0.431086  0.00300023
0.441131  0.00297595
0.451164  0.00290497
0.461266  0.00283989
0.471384  0.00280456
0.481468  0.0028084
0.491566  0.00281674
0.501654  0.00275533
0.511717  0.00273653
0.521788  0.00263244
0.531907  0.00259699
0.541995  0.00258135
0.55204  0.00258324
0.562127  0.00257188
0.572183  0.00254325
0.582223  0.0024877
0.592308  0.00244599
0.602404  0.00242217
0.612429  0.00239949
0.622472  0.0024109
0.63251  0.00237037
0.642567  0.00235212
0.652649  0.00228652
0.662698  0.00227527
0.672765  0.0022762
0.682871  0.00227669
0.692985  0.00224898
0.703093  0.00221668
0.713203  0.00216689
0.723286  0.00214586
0.733336  0.00214066
0.74343  0.00214515
0.753477  0.00209793
0.763525  0.00209411
0.773588  0.00203594
0.783641  0.00201473
0.793726  0.00201798
0.803832  0.00200758
0.813858  0.00197723
0.823921  0.00199174
0.83401  0.00194382
0.844083  0.00192542
0.854165  0.00188389
0.864297  0.00190416
0.874869  0.00204511
0.885409  0.00187191
0.895495  0.00184609
0.905549  0.0018218
0.915635  0.00180403
0.925741  0.0017703
0.935825  0.00176999
0.945915  0.0017649
0.955983  0.00173765
0.966024  0.00172838
0.976551  0.00186838
0.987204  0.00171674
0.997335  0.00165275
1.00737  0.00167545
1.01748  0.00165835
1.02802  0.00178202
1.03862  0.00164319
1.04874  0.0015815
1.05882  0.00158628
1.06895  0.00157403
1.07902  0.00155714
1.08908  0.00155193
1.09962  0.00167221
1.1102  0.00153034
1.12032  0.00149177
1.13041  0.0014948
1.14052  0.00148116
1.15059  0.00146486
1.16066  0.00145637
1.17075  0.00143481
1.18084  0.00142071
1.191  0.00142077
1.20114  0.0013985
1.21121  0.00138223
1.22136  0.00140352
1.23149  0.00135189
1.24154  0.00135084
1.25162  0.00132452
1.26171  0.00132285
1.27185  0.00131946
1.28242  0.00142249
1.29299  0.00128997
1.30306  0.00127661
1.31314  0.00126548
1.3233  0.00126089
1.33344  0.00123452
1.34356  0.00123722
1.35365  0.00121412
1.36369  0.00120167
1.37381  0.0012145
1.384  0.00119055
1.39411  0.00116772
1.40425  0.00116897
1.41435  0.00114275
1.42443  0.00115008
1.43456  0.00113435
1.4447  0.00112801
1.45482  0.00110876
1.46495  0.00110345
1.4751  0.00108644
1.48518  0.00107244
1.49532  0.00108347
1.50549  0.00106164
1.51558  0.00104595
1.52561  0.00102445
1.53571  0.00103387
1.54585  0.00101672
1.55595  0.00100342
1.56607  0.00100611
1.57621  0.000993139
1.58635  0.000983494
1.59645  0.000964795
1.60658  0.000963432
1.61672  0.000947929
1.62685  0.000946399
1.63694  0.000925409
1.64703  0.000927829
1.65716  0.000912949
1.66729  0.000909257
1.67742  0.000891306
1.68755  0.000888875
1.69769  0.000876269
1.7078  0.000872075
1.71793  0.000863422
1.72809  0.000855596
1.73817  0.000831619
1.74828  0.000839403
1.75839  0.000812559
1.76847  0.00081882
1.77861  0.000807558
1.78873  0.00080183
1.79887  0.000794939
1.80902  0.000785801
1.81918  0.000776594
1.82933  0.000766661
1.83948  0.000757537
1.84963  0.000751194
1.85975  0.000741744
1.86983  0.000729586
1.87998  0.000736462
1.89015  0.000716898
1.90026  0.000710267
1.91037  0.000699052
1.92051  0.000694915
1.93074  0.000699936
1.94091  0.000675906
1.95097  0.000669365
1.9611  0.000669261
1.97128  0.000659876
1.98139  0.00064705
1.99153  0.000644741
2.00173  0.000640772
2.0119  0.000625341
2.02197  0.000617538
2.03204  0.000613055
2.04211  0.000604437
2.05223  0.000602578
2.06236  0.000589721
2.07249  0.000589937
2.0827  0.000583661
2.09291  0.000576676
2.10313  0.000571919
2.11327  0.000557474
2.12343  0.000559101
2.13362  0.000547904
2.14371  0.000534026
2.15375  0.000529051
2.16393  0.000533906
2.17414  0.000521796
2.18433  0.000520417
2.19498  0.000555653
2.20558  0.000501737
2.21574  0.000497936
2.22584  0.000483995
2.23595  0.000485943
2.24614  0.000478845
2.25632  0.00047374
2.26653  0.000470596
2.27672  0.000460671
2.2869  0.000458698
2.29704  0.000446198
2.30716  0.000442755
2.31736  0.000440373
2.32761  0.000435446
2.33779  0.000426514
2.34797  0.000423498
2.35821  0.000419357
2.36841  0.000412038
2.37856  0.000404259
2.38873  0.00040141
2.39888  0.000393311
2.40905  0.00038997
2.41921  0.000382936
2.42937  0.000379032
2.43951  0.000374107
2.44976  0.000377018
2.46001  0.000363153
2.47015  0.000360212
2.48036  0.000356932
2.49055  0.000350274
2.50081  0.000350408
2.51098  0.000334328
2.52122  0.000345964
2.53158  0.000334369
2.54185  0.000329364
2.55205  0.000323438
2.56229  0.000320096
2.57249  0.000314007
2.5827  0.000309558
2.5929  0.000303788
2.60309  0.000301363
2.6133  0.000297897
2.62353  0.000292481
2.63372  0.000288912
2.64396  0.000285534
2.65413  0.000276486
2.66425  0.000277297
2.6746  0.000277914
2.68529  0.000287314
2.69594  0.000265332
2.70604  0.000254158
2.7162  0.000259291
2.72641  0.000249543
2.7366  0.000252814
2.74684  0.000241718
2.75706  0.000245797
2.76724  0.000231395
2.77776  0.000255392
2.7884  0.000228947
2.79868  0.000229306
2.80899  0.000227104
2.81934  0.000221158
2.82954  0.000215285
2.83972  0.000214304
2.8499  0.000207963
2.86021  0.000213982
2.87061  0.000202995
2.88082  0.000200766
2.89106  0.000196403
2.90127  0.000196187
2.91171  0.000197035
2.92211  0.000188285
2.93232  0.000184771
2.94253  0.000182836
2.95277  0.000179933
2.96286  0.000171264
2.97312  0.00017879
2.98351  0.000172048
2.9937  0.000165061
3.00392  0.00016688
3.01425  0.0001643
3.02454  0.000161257
3.03477  0.000156022
3.04507  0.000158267
3.05535  0.000150018
3.06556  0.000151427
3.07582  0.000145135
3.0861  0.00014761
3.09646  0.000143599
3.10675  0.000138692
3.11706  0.000141139
3.12743  0.000133512
3.1376  0.000134131
3.14799  0.000132399
3.15837  0.000130745
3.16882  0.000129273
3.17917  0.000122456
3.1894  0.000122826
3.19972  0.000120249
3.21009  0.000119147
3.22044  0.000115694
3.23075  0.000114844
3.24101  0.000109985
3.25119  0.000110405
3.26153  0.000108147
3.27193  0.000107442
3.28227  0.000104064
3.29262  0.000103902
3.303  0.000100582
3.31339  9.8944e-05
3.32391  0.000100694
3.33457  9.83159e-05
3.34525  9.55315e-05
3.35575  9.24992e-05
3.36604  9.00371e-05
3.37646  8.90043e-05
3.3868  8.59308e-05
3.39707  8.52272e-05
3.40757  8.59577e-05
3.41804  8.0798e-05
3.42822  7.8292e-05
3.4384  7.90606e-05
3.44873  7.7379e-05
3.45915  7.68789e-05
3.4698  7.68236e-05
3.48018  7.21553e-05
3.49041  7.16947e-05
3.50085  7.04588e-05
3.51117  6.78293e-05
3.52167  7.17655e-05
3.53238  6.62608e-05
3.54283  6.59748e-05
3.55335  6.49148e-05
3.56377  6.06836e-05
3.5742  6.39458e-05
3.58444  5.62191e-05
3.59472  6.11488e-05
3.60528  5.7714e-05
3.61554  5.6057e-05
3.62582  5.36449e-05
3.6361  5.58831e-05
3.6467  5.37869e-05
3.65717  5.1765e-05
3.66762  5.24607e-05
3.6782  4.93005e-05
3.68799  4.58578e-05
3.69836  5.0503e-05
3.7092  4.76598e-05
3.71976  4.78007e-05
3.73001  4.15506e-05
3.74005  4.57361e-05
3.75088  4.47833e-05
3.76149  4.25398e-05
3.77214  4.30086e-05
3.78251  3.99844e-05
3.79293  3.9427e-05
3.8034  3.98225e-05
3.81408  3.91295e-05
3.82481  3.84064e-05
3.83554  3.68179e-05
3.84577  3.45132e-05
3.85579  3.35247e-05
3.86605  3.46537e-05
3.87666  3.45615e-05
3.88706  3.08539e-05
3.8975  3.38546e-05
3.90803  2.95262e-05
3.91853  3.37777e-05
3.92926  2.90021e-05
3.94047  3.26917e-05
3.95091  2.71928e-05
3.96151  2.86507e-05
3.97232  2.93826e-05
3.98319  2.62257e-05
3.99337  2.56883e-05
4.00406  2.73081e-05
4.01491  2.45321e-05
4.02505  2.33493e-05
4.03552  2.52876e-05
4.04631  2.356e-05
4.05666  2.1175e-05
4.06655  2.21247e-05
4.07699  2.12663e-05
4.08735  2.14516e-05
4.09786  2.08395e-05
4.10813  1.91698e-05
4.11869  2.14631e-05
4.1296  1.95937e-05
4.14028  1.82962e-05
4.15023  1.86996e-05
4.16111  1.93858e-05
4.17215  1.75135e-05
4.18234  1.67015e-05
4.19246  1.53902e-05
4.20274  1.71311e-05
4.21299  1.50019e-05
4.22316  1.58077e-05
4.2343  1.64459e-05
4.24547  1.56119e-05
4.25621  1.50139e-05
4.26711  1.45918e-05
4.27696  1.22451e-05
4.28748  1.3727e-05
4.29715  1.16769e-05
4.30754  1.41791e-05
4.31813  1.14859e-05
4.32866  1.35659e-05
4.33982  1.21191e-05
4.35049  1.14863e-05
4.36167  1.26846e-05
4.37202  9.91134e-06
4.38234  1.13856e-05
4.39294  9.3944e-06
4.40268  1.00076e-05
4.4128  1.04423e-05
4.42255  7.86965e-06
4.43369  1.15995e-05
4.44533  1.00457e-05
4.45582  8.27574e-06
4.46707  9.28397e-06
4.47754  9.05394e-06
4.48767  7.71589e-06
4.49739  7.61616e-06
4.50895  9.45754e-06
4.52071  7.47876e-06
4.5295  5.83229e-06
4.53891  7.4819e-06
4.55063  8.4184e-06
4.56172  6.48014e-06
4.57108  5.91333e-06
4.58007  5.9818e-06
4.59235  8.61748e-06
4.60409  5.09316e-06
4.61252  5.50505e-06
4.62297  6.39209e-06
4.63489  6.03884e-06
4.64487  5.44375e-06
4.6542  5.26837e-06
4.66654  6.52458e-06
4.67817  4.43051e-06
4.68699  4.71283e-06
4.69821  6.18034e-06
4.70941  4.14933e-06
4.71956  4.76579e-06
4.73225  6.13227e-06
4.74363  2.90776e-06
4.75314  5.26591e-06
4.76457  4.26254e-06
4.77655  3.8258e-06
4.78618  4.21792e-06
4.79738  3.674e-06
4.80617  3.06581e-06
4.81778  4.80611e-06
4.82926  2.76285e-06
4.83957  3.55434e-06
4.85022  3.47754e-06
4.86042  3.11647e-06
4.87342  3.96053e-06
4.88296  1.96466e-06
4.89281  3.67182e-06
4.90439  2.32738e-06
4.91483  3.5283e-06
4.92656  2.45717e-06
4.93581  2.17144e-06
4.94661  2.31572e-06
4.95716  3.46128e-06
4.97015  2.05704e-06
4.98017  2.74908e-06
4.99139  2.07739e-06
5.00275  2.56778e-06
5.01406  1.51676e-06
5.02332  2.5202e-06
5.03589  2.48188e-06
5.04637  1.50489e-06
5.0576  1.93908e-06
5.06727  1.89266e-06
5.07888  1.52343e-06
5.08884  1.91983e-06
5.10043  1.81576e-06
5.11216  1.73879e-06
5.1215  1.48738e-06
5.13266  1.51703e-06
5.14297  1.15113e-06
5.15348  1.54147e-06
5.16439  1.57619e-06
5.17559  1.18403e-06
5.18682  1.49253e-06
5.19879  1.54155e-06
5.21068  1.25125e-06
5.22058  9.77931e-07
5.23153  1.07181e-06
5.24342  1.56884e-06
5.25684  1.18502e-06
5.26825  1.35626e-06
5.28154  7.86839e-07
5.29165  7.51006e-07
5.30193  1.5733e-06
5.31377  4.08573e-07
5.32301  9.07405e-07
5.33697  1.26506e-06
5.34927  7.55772e-07
5.3618  1.11303e-06
5.37521  8.04844e-07
5.38641  8.25856e-07
5.40088  6.47113e-07
5.41141  8.00728e-07
5.4243  1.11536e-06
5.4319  1.31179e-07
5.44371  5.12342e-07
5.45567  8.677e-07
5.46881  7.84247e-07
5.48359  6.78041e-07
5.49711  5.8054e-07
5.50824  4.02561e-07
5.5233  7.81894e-07
5.53613  6.35775e-07
5.54816  4.16215e-07
5.56054  5.71385e-07
5.57894  6.24162e-07
5.59389  4.54929e-07
5.60923  8.6143e-07
5.63181  3.08954e-07
5.64409  3.83618e-07
5.66208  8.06348e-07
5.68232  4.04712e-07
5.6942  2.04114e-07
5.69967  2.1861e-07
5.71929  4.53665e-07
5.73637  4.22392e-07
5.75599  4.70866e-07
5.77843  3.81866e-07
5.79409  2.58791e-07
5.8114  1.60934e-07
5.8223  3.01984e-07
5.83864  4.56898e-07
5.86194  1.90691e-07
5.87425  4.36524e-08
5.88573  2.31476e-07
5.9012  2.58621e-07
5.90872  1.07428e-07
5.93303  3.04187e-07
5.95203  1.85574e-07
5.9716  1.53495e-07
5.98235  1.091e-07
6.00579  2.70809e-07
6.02118  8.61502e-08
6.03006  1.17122e-07
6.04734  3.41629e-08
6.05753  2.2589e-07
6.08427  8.03643e-08
6.10092  7.66969e-08
6.11397  1.33063e-07
6.13993  2.70631e-07
6.17269  2.92734e-08
6.18758  3.41405e-08
6.20167  1.43499e-07
6.23019  1.60623e-07
6.26611  1.04245e-07
6.28247  6.07884e-09
6.296  1.1771e-07
6.33036  4.74511e-08
6.36916  1.39209e-07
6.40111  8.02587e-08
6.44386  5.20882e-08
6.48406  8.26226e-08
6.52021  3.76749e-08
6.56825  9.27452e-08
6.6139  1.83891e-08
6.65818  1.67719e-08
6.71035  8.25682e-08
6.8171  2.3171e-08
6.87603  3.6754e-08
7.00329  2.75046e-08
7.07472  6.54419e-09
7.23227  1.83649e-08
7.52975  6.53989e-09
7.9551  9.70378e-10
