-7.86706  8.94433e-10
-7.44655  6.07438e-09
-7.15142  1.71888e-08
-6.99769  6.06574e-09
-6.92384  2.5941e-08
-6.79954  3.43286e-08
-6.73857  2.20217e-08
-6.63424  7.77122e-08
-6.58376  1.58107e-08
-6.53976  1.71399e-08
-6.49242  8.79614e-08
-6.45044  3.49334e-08
-6.40994  7.76016e-08
-6.36824  4.97812e-08
-6.33124  7.48233e-08
-6.29505  1.31754e-07
-6.25989  4.42748e-08
-6.22508  1.16048e-07
-6.19201  9.94206e-08
-6.16089  1.49434e-07
-6.12927  1.66916e-07
-6.0986  2.81332e-08
-6.07022  2.53713e-07
-6.04141  1.96816e-07
-6.01538  7.46105e-08
-5.98722  2.44576e-07
-5.96063  1.89531e-07
-5.93652  2.53352e-07
-5.91052  2.50298e-07
-5.8862  1.67492e-07
-5.86342  2.86766e-07
-5.83929  3.69164e-07
-5.81757  2.16832e-07
-5.79532  1.88691e-07
-5.77311  4.91212e-07
-5.75267  3.53122e-07
-5.73129  2.80096e-07
-5.71095  4.02217e-07
-5.69123  3.62234e-07
-5.67148  5.25201e-07
-5.65271  3.30137e-07
-5.63365  3.53514e-07
-5.61514  6.02322e-07
-5.59732  5.53236e-07
-5.57901  4.76839e-07
-5.56145  3.25244e-07
-5.54464  7.27837e-07
-5.52716  6.89283e-07
-5.51154  2.89134e-07
-5.49459  7.2727e-07
-5.47807  7.33531e-07
-5.46328  6.48735e-07
-5.44632  7.59706e-07
-5.4314  4.29773e-07
-5.41689  8.1483e-07
-5.40092  1.04427e-06
-5.38759  4.09067e-07
-5.37237  7.75018e-07
-5.35794  1.11807e-06
-5.34419  7.67646e-07
-5.32951  8.33971e-07
-5.31669  7.34286e-07
-5.30282  1.036e-06
-5.2894  1.16155e-06
-5.27668  7.07002e-07
-5.2633  9.07511e-07
-5.25085  1.1695e-06
-5.2378  1.25355e-06
-5.22513  9.13756e-07
-5.21353  8.01989e-07
-5.20085  1.4724e-06
-5.18879  1.34853e-06
-5.17728  8.15171e-07
-5.16526  1.17437e-06
-5.15362  1.44436e-06
-5.14219  1.32334e-06
-5.1306  1.34173e-06
-5.1196  9.5924e-07
-5.10884  1.52043e-06
-5.09724  1.83312e-06
-5.08663  7.45481e-07
-5.07624  1.41487e-06
-5.065  1.84766e-06
-5.05499  1.56065e-06
-5.04404  1.65586e-06
-5.02932  2.08509e-06
-5.01832  1.84429e-06
-5.00943  1.55846e-06
-4.99584  2.09716e-06
-4.98411  1.96151e-06
-4.97446  2.02241e-06
-4.96192  2.54495e-06
-4.94778  2.204e-06
-4.93762  2.53267e-06
-4.92791  1.42911e-06
-4.91556  2.75764e-06
-4.90363  3.63341e-06
-4.88802  2.91541e-06
-4.8751  2.894e-06
-4.86286  3.36125e-06
-4.85012  2.8693e-06
-4.83929  2.63798e-06
-4.82853  3.65371e-06
-4.81664  2.78255e-06
-4.80337  4.42449e-06
-4.7925  2.84446e-06
-4.77941  4.03263e-06
-4.7683  3.68315e-06
-4.75556  4.55316e-06
-4.74358  3.24171e-06
-4.73308  4.75794e-06
-4.72049  3.1958e-06
-4.70956  5.48949e-06
-4.69802  3.39599e-06
-4.68885  3.40341e-06
-4.67866  5.16905e-06
-4.66575  5.00037e-06
-4.65576  3.66573e-06
-4.64491  6.46015e-06
-4.63442  3.09331e-06
-4.6242  6.04195e-06
-4.61372  3.50403e-06
-4.60388  6.47852e-06
-4.59226  5.21797e-06
-4.58321  4.90742e-06
-4.57118  6.97604e-06
-4.56038  4.80961e-06
-4.55107  6.17387e-06
-4.5395  7.02724e-06
-4.52937  4.79147e-06
-4.51932  7.46748e-06
-4.508  7.0462e-06
-4.49672  7.27341e-06
-4.48604  6.86426e-06
-4.4758  7.06438e-06
-4.46568  7.14775e-06
-4.45525  7.64368e-06
-4.44391  8.85525e-06
-4.43283  8.71922e-06
-4.42194  8.03433e-06
-4.41088  9.00564e-06
-4.39989  9.57963e-06
-4.38911  8.98602e-06
-4.37834  8.80633e-06
-4.36807  1.01183e-05
-4.35678  1.05662e-05
-4.3455  1.03622e-05
-4.33418  1.07718e-05
-4.32368  1.16396e-05
-4.31244  1.05226e-05
-4.30227  1.04845e-05
-4.29139  1.31909e-05
-4.28076  1.02882e-05
-4.27062  1.22319e-05
-4.25977  1.36388e-05
-4.24856  1.31293e-05
-4.23786  1.19378e-05
-4.2276  1.45152e-05
-4.21646  1.3879e-05
-4.20551  1.47991e-05
-4.19537  1.31821e-05
-4.18526  1.42422e-05
-4.17449  1.64275e-05
-4.16389  1.47991e-05
-4.15338  1.61398e-05
-4.14224  1.76001e-05
-4.1316  1.62825e-05
-4.12029  1.96307e-05
-4.10951  1.69967e-05
-4.09951  1.64058e-05
-4.08926  1.83618e-05
-4.07881  1.943e-05
-4.06782  2.01129e-05
-4.05693  2.05684e-05
-4.04639  1.96006e-05
-4.03571  2.13284e-05
-4.02503  2.26483e-05
-4.0141  2.15008e-05
-4.00369  2.24311e-05
-3.99285  2.40038e-05
-3.98209  2.38816e-05
-3.97139  2.36024e-05
-3.96093  2.51499e-05
-3.9506  2.4354e-05
-3.93987  2.6642e-05
-3.9291  2.76998e-05
-3.91808  2.67686e-05
-3.90791  2.7853e-05
-3.89711  2.82088e-05
-3.88636  3.05129e-05
-3.87554  3.02998e-05
-3.86483  3.0345e-05
-3.85464  2.88446e-05
-3.84399  3.48292e-05
-3.83314  3.16647e-05
-3.82238  3.54623e-05
-3.81173  3.25524e-05
-3.80138  3.58913e-05
-3.7911  3.12345e-05
-3.78087  3.9605e-05
-3.76952  3.9224e-05
-3.75889  3.72322e-05
-3.74833  3.87022e-05
-3.73794  4.04057e-05
-3.72732  3.98896e-05
-3.71693  4.103e-05
-3.70642  4.30226e-05
-3.69605  4.15771e-05
-3.68556  4.54758e-05
-3.67502  4.45545e-05
-3.66453  4.60819e-05
-3.65373  4.96007e-05
-3.6431  4.7638e-05
-3.63251  4.98321e-05
-3.62187  5.0827e-05
-3.61162  4.84489e-05
-3.60118  5.45185e-05
-3.59068  5.13291e-05
-3.58032  5.56131e-05
-3.56974  5.52057e-05
-3.55961  5.46109e-05
-3.54919  5.83486e-05
-3.53876  5.90546e-05
-3.52808  6.19904e-05
-3.51769  5.90325e-05
-3.50733  6.41275e-05
-3.49669  6.43326e-05
-3.48632  6.64094e-05
-3.47538  6.97313e-05
-3.46477  6.69814e-05
-3.45464  6.77075e-05
-3.44431  7.09831e-05
-3.43371  7.34514e-05
-3.42328  7.21939e-05
-3.41294  7.57535e-05
-3.40257  7.49822e-05
-3.39221  7.75811e-05
-3.38194  7.76192e-05
-3.37162  8.12287e-05
-3.36126  8.19485e-05
-3.35055  8.93632e-05
-3.3398  8.50923e-05
-3.3295  8.85529e-05
-3.31866  9.48102e-05
-3.30798  8.98345e-05
-3.29773  9.1241e-05
-3.28744  9.40243e-05
-3.27699  9.64965e-05
-3.26648  0.000100275
-3.25611  9.7476e-05
-3.24588  0.000101073
-3.2355  0.000103642
-3.22518  0.000104247
-3.21488  0.000107257
-3.20463  0.00010687
-3.19435  0.000111277
-3.18392  0.000114646
-3.17353  0.000113767
-3.16324  0.000117071
-3.15296  0.000118098
-3.14263  0.000121692
-3.13217  0.000126696
-3.12182  0.000123935
-3.11156  0.000127438
-3.10137  0.000127952
-3.09113  0.000131746
-3.08095  0.000132015
-3.07071  0.000136663
-3.06023  0.000145104
-3.04977  0.000139463
-3.03964  0.0001414
-3.02961  0.00014243
-3.01938  0.000150588
-3.00901  0.000152799
-2.99865  0.000155466
-2.98835  0.000156414
-2.97812  0.000157665
-2.96785  0.000162965
-2.95752  0.000164543
-2.94744  0.00016275
-2.9373  0.000168908
-2.92703  0.000175317
-2.9167  0.00017627
-2.90634  0.00018192
-2.89612  0.000176496
-2.88594  0.0001873
-2.87559  0.000187493
-2.86535  0.000190686
-2.85514  0.000191299
-2.84489  0.000199207
-2.83457  0.000200051
-2.8244  0.000200023
-2.81423  0.000207748
-2.80381  0.000215912
-2.79343  0.000212286
-2.78318  0.000217234
-2.77308  0.000212311
-2.76277  0.000232756
-2.75224  0.000230721
-2.74195  0.000228693
-2.73174  0.000234193
-2.72153  0.000236222
-2.71138  0.000240059
-2.70129  0.000238398
-2.69109  0.000254112
-2.68078  0.000250266
-2.6706  0.000256223
-2.66028  0.000263359
-2.65001  0.00026316
-2.63973  0.000270843
-2.62962  0.000265454
-2.61945  0.000279041
-2.60916  0.000280377
-2.599  0.000280977
-2.58882  0.0002882
-2.57869  0.000288007
-2.56856  0.000295246
-2.55838  0.000300195
-2.54821  0.000303562
-2.53805  0.000308619
-2.5278  0.000318594
-2.51759  0.000315457
-2.50749  0.000318218
-2.49726  0.000332143
-2.487  0.00033167
-2.47683  0.000335097
-2.46667  0.000339906
-2.45648  0.000349425
-2.44629  0.000346849
-2.43614  0.000357425
-2.42599  0.000357533
-2.41588  0.000362169
-2.40571  0.000371602
-2.39538  0.000383469
-2.38515  0.000376859
-2.375  0.000386859
-2.36481  0.0003921
-2.35465  0.000395045
-2.3445  0.00040121
-2.33432  0.000407266
-2.3241  0.000414457
-2.3139  0.000417364
-2.30368  0.000426921
-2.29342  0.000431446
-2.28329  0.00042896
-2.27322  0.000437003
-2.263  0.000456369
-2.2527  0.00045427
-2.24247  0.000459803
-2.23226  0.00046385
-2.22199  0.000477622
-2.21176  0.000473253
-2.20163  0.000481989
-2.19148  0.00048699
-2.18125  0.000501439
-2.17108  0.000493964
-2.16093  0.00051122
-2.15077  0.00050819
-2.14059  0.000522362
-2.13034  0.000530672
-2.12015  0.000530584
-2.11006  0.000535743
-2.09994  0.000543709
-2.08981  0.000551283
-2.07962  0.000561264
-2.06946  0.000560347
-2.0593  0.000577588
-2.04911  0.000575939
-2.039  0.000583753
-2.02889  0.000590426
-2.01882  0.000595393
-2.00863  0.000616949
-1.99842  0.000609797
-1.98824  0.000625777
-1.97805  0.000626733
-1.9679  0.000637541
-1.9577  0.000649925
-1.94751  0.000649797
-1.9374  0.000655399
-1.9273  0.000664041
-1.91714  0.000675958
-1.90688  0.000690611
-1.89624  0.000742829
-1.88566  0.000704383
-1.87551  0.000700239
-1.86538  0.000718861
-1.85526  0.000713123
-1.8451  0.000739612
-1.83493  0.000729962
-1.82481  0.000744184
-1.81467  0.000752619
-1.80455  0.000761734
-1.79441  0.000770751
-1.78385  0.000846299
-1.77326  0.000792506
-1.76311  0.000793551
-1.75302  0.000797325
-1.7429  0.000814387
-1.73276  0.000821074
-1.72262  0.000830774
-1.7125  0.000841109
-1.70238  0.000850578
-1.69223  0.000861048
-1.68211  0.000860384
-1.67199  0.000876756
-1.66188  0.000880213
-1.65178  0.000895116
-1.64163  0.000909125
-1.63146  0.00091587
-1.62135  0.000918287
-1.61127  0.000929534
-1.60115  0.000936051
-1.59106  0.000947125
-1.58097  0.000957463
-1.57087  0.000974612
-1.5607  0.000987185
-1.55056  0.000987898
-1.54047  0.000994644
-1.53039  0.00100481
-1.52032  0.00101261
-1.51022  0.00103242
-1.50005  0.0010518
-1.48992  0.00104859
-1.47987  0.00105254
-1.46979  0.00106963
-1.45969  0.00107342
-1.44959  0.00109578
-1.43948  0.00110207
-1.42934  0.00112295
-1.41923  0.0011216
-1.40914  0.00113964
-1.39898  0.00115096
-1.38885  0.0011508
-1.37874  0.00117387
-1.3686  0.00118687
-1.35849  0.0011899
-1.34844  0.00119796
-1.33838  0.00121403
-1.32826  0.00122903
-1.31805  0.00125025
-1.30791  0.00124145
-1.29783  0.00126774
-1.28772  0.00127858
-1.2776  0.00128907
-1.26707  0.00141054
-1.25655  0.00130588
-1.24647  0.00131268
-1.23636  0.00134288
-1.22623  0.00135591
-1.21608  0.00137874
-1.20596  0.00137142
-1.19586  0.00139112
-1.18573  0.00140091
-1.17564  0.00139992
-1.16552  0.00144164
-1.15539  0.00143995
-1.14533  0.0014562
-1.13524  0.00147438
-1.12513  0.00147743
-1.115  0.0014999
-1.10487  0.00150247
-1.09482  0.00151221
-1.08474  0.00154768
-1.07464  0.00155731
-1.06454  0.00157606
-1.05443  0.00157718
-1.04433  0.00158886
-1.03419  0.0016165
-1.02411  0.00161077
-1.01407  0.00164361
-1.004  0.0016634
-0.993918  0.0016765
-0.983797  0.00169189
-0.973667  0.00169777
-0.963555  0.00171178
-0.95348  0.00173354
-0.943409  0.00175524
-0.933372  0.0017666
-0.923288  0.0017997
-0.913159  0.00180031
-0.903055  0.00180949
-0.892959  0.00182162
-0.882926  0.00184303
-0.872861  0.00188898
-0.862783  0.00189214
-0.852673  0.001927
-0.842533  0.00192725
-0.83241  0.00193926
-0.822333  0.00195443
-0.81224  0.00200605
-0.80167  0.00219449
-0.791136  0.00202166
-0.780983  0.00206358
-0.770827  0.00204949
-0.760754  0.00208153
-0.750737  0.00209663
-0.740646  0.00215968
-0.730519  0.00214478
-0.720434  0.0021577
-0.710273  0.00220596
-0.700136  0.00221237
-0.690098  0.00223802
-0.680024  0.00228234
-0.669957  0.00226769
-0.659898  0.00229297
-0.649765  0.00233125
-0.639664  0.00235743
-0.629593  0.0023994
-0.619518  0.00242149
-0.609442  0.00243019
-0.599344  0.00244863
-0.589245  0.00246105
-0.579166  0.00253333
-0.568614  0.00279998
-0.558075  0.0025958
-0.547985  0.00259902
-0.537883  0.0026157
-0.52775  0.00265583
-0.517688  0.00269369
-0.507623  0.00278008
-0.497525  0.00277376
-0.487475  0.00278231
-0.477412  0.00280143
-0.467302  0.00280599
-0.456759  0.00316658
-0.446256  0.00299138
-0.436208  0.00300933
-0.426162  0.0030562
-0.416055  0.00307237
-0.405969  0.00303998
-0.39588  0.00313739
-0.385846  0.00320995
-0.375801  0.00330225
-0.365723  0.00331169
-0.35517  0.00363331
-0.344604  0.00333781
-0.33441  0.00337844
-0.324351  0.00354117
-0.314319  0.00364123
-0.304261  0.00370571
-0.294222  0.00368374
-0.284145  0.00374606
-0.274042  0.00368857
-0.263947  0.00390202
-0.253924  0.00405231
-0.243892  0.00412079
-0.233832  0.0041488
-0.223742  0.00416793
-0.213628  0.00413752
-0.203542  0.00442521
-0.193555  0.0046587
-0.183547  0.00470903
-0.173518  0.00475411
-0.163443  0.00474704
-0.153359  0.00473749
-0.143255  0.00528697
-0.133241  0.00563061
-0.12318  0.00565855
-0.113141  0.00567265
-0.103072  0.00567571
-0.0929493  0.00571902
-0.0823941  0.00763041
-0.0719323  0.00743121
-0.0618459  0.00744389
-0.0518166  0.00744073
-0.0417587  0.00758284
-0.0312538  0.00864433
-0.021654  0.0133074
-0.0116033  0.0143676
-0.0031671  0.0120664
0.0031671  0.0120664
0.0116033  0.0143676
0.021654  0.0133074
0.0312538  0.00864433
0.0417587  0.00758284
0.0518166  0.00744073
0.0618459  0.00744389
0.0719323  0.00743121
0.0823941  0.00763041
0.0929493  0.00571902
0.103072  0.00567571
0.113141  0.00567265
0.12318  0.00565855
0.133241  0.00563061
0.143255  0.00528697
0.153359  0.00473749
0.163443  0.00474704
0.173518  0.00475411
0.183547  0.00470903
0.193555  0.0046587
0.203542  0.00442521
0.213628  0.00413752
0.223742  0.00416793
0.233832  0.0041488
0.243892  0.00412079
0.253924  0.00405231
0.263947  0.00390202
0.274042  0.00368857
0.284145  0.00374606
0.294222  0.00368374
0.304261  0.00370571
0.314319  0.00364123
0.324351  0.00354117
0.33441  0.00337844
0.344604  0.00333781
0.35517  0.00363331
0.365723  0.00331169
0.375801  0.00330225
0.385846  0.00320995
0.39588  0.00313739
0.405969  0.00303998
0.416055  0.00307237
0.426162  0.0030562
0.436208  0.00300933
0.446256  0.00299138
0.456759  0.00316658
0.467302  0.00280599
0.477412  0.00280143
0.487475  0.00278231
0.497525  0.00277376
0.507623  0.00278008
0.517688  0.00269369
0.52775  0.00265583
0.537883  0.0026157
0.547985  0.00259902
0.558075  0.0025958
0.568614  0.00279998
0.579166  0.00253333
0.589245  0.00246105
0.599344  0.00244863
0.609442  0.00243019
0.619518  0.00242149
0.629593  0.0023994
0.639664  0.00235743
0.649765  0.00233125
0.659898  0.00229297
0.669957  0.00226769
0.680024  0.00228234
0.690098  0.00223802
0.700136  0.00221237
0.710273  0.00220596
0.720434  0.0021577
0.730519  0.00214478
0.740646  0.00215968
0.750737  0.00209663
0.760754  0.00208153
0.770827  0.00204949
0.780983  0.00206358
0.791136  0.00202166
0.80167  0.00219449
0.81224  0.00200605
0.822333  0.00195443
0.83241  0.00193926
0.842533  0.00192725
0.852673  0.001927
0.862783  0.00189214
0.872861  0.00188898
0.882926  0.00184303
0.892959  0.00182162
0.903055  0.00180949
0.913159  0.00180031
0.923288  0.0017997
0.933372  0.0017666
0.943409  0.00175524
0.95348  0.00173354
0.963555  0.00171178
0.973667  0.00169777
0.983797  0.00169189
0.993918  0.0016765
1.004  0.0016634
1.01407  0.00164361
1.02411  0.00161077
1.03419  0.0016165
1.04433  0.00158886
1.05443  0.00157718
1.06454  0.00157606
1.07464  0.00155731
1.08474  0.00154768
1.09482  0.00151221
1.10487  0.00150247
1.115  0.0014999
1.12513  0.00147743
1.13524  0.00147438
1.14533  0.0014562
1.15539  0.00143995
1.16552  0.00144164
1.17564  0.00139992
1.18573  0.00140091
1.19586  0.00139112
1.20596  0.00137142
1.21608  0.00137874
1.22623  0.00135591
1.23636  0.00134288
1.24647  0.00131268
1.25655  0.00130588
1.26707  0.00141054
1.2776  0.00128907
1.28772  0.00127858
1.29783  0.00126774
1.30791  0.00124145
1.31805  0.00125025
1.32826  0.00122903
1.33838  0.00121403
1.34844  0.00119796
1.35849  0.0011899
1.3686  0.00118687
1.37874  0.00117387
1.38885  0.0011508
1.39898  0.00115096
1.40914  0.00113964
1.41923  0.0011216
1.42934  0.00112295
1.43948  0.00110207
1.44959  0.00109578
1.45969  0.00107342
1.46979  0.00106963
1.47987  0.00105254
1.48992  0.00104859
1.50005  0.0010518
1.51022  0.00103242
1.52032  0.00101261
1.53039  0.00100481
1.54047  0.000994644
1.55056  0.000987898
1.5607  0.000987185
1.57087  0.000974612
1.58097  0.000957463
1.59106  0.000947125
1.60115  0.000936051
1.61127  0.000929534
1.62135  0.000918287
1.63146  0.00091587
1.64163  0.000909125
1.65178  0.000895116
1.66188  0.000880213
1.67199  0.000876756
1.68211  0.000860384
1.69223  0.000861048
1.70238  0.000850578
1.7125  0.000841109
1.72262  0.000830774
1.73276  0.000821074
1.7429  0.000814387
1.75302  0.000797325
1.76311  0.000793551
1.77326  0.000792506
1.78385  0.000846299
1.79441  0.000770751
1.80455  0.000761734
1.81467  0.000752619
1.82481  0.000744184
1.83493  0.000729962
1.8451  0.000739612
1.85526  0.000713123
1.86538  0.000718861
1.87551  0.000700239
1.88566  0.000704383
1.89624  0.000742829
1.90688  0.000690611
1.91714  0.000675958
1.9273  0.000664041
1.9374  0.000655399
1.94751  0.000649797
1.9577  0.000649925
1.9679  0.000637541
1.97805  0.000626733
1.98824  0.000625777
1.99842  0.000609797
2.00863  0.000616949
2.01882  0.000595393
2.02889  0.000590426
2.039  0.000583753
2.04911  0.000575939
2.0593  0.000577588
2.06946  0.000560347
2.07962  0.000561264
2.08981  0.000551283
2.09994  0.000543709
2.11006  0.000535743
2.12015  0.000530584
2.13034  0.000530672
2.14059  0.000522362
2.15077  0.00050819
2.16093  0.00051122
2.17108  0.000493964
2.18125  0.000501439
2.19148  0.00048699
2.20163  0.000481989
2.21176  0.000473253
2.22199  0.000477622
2.23226  0.00046385
2.24247  0.000459803
2.2527  0.00045427
2.263  0.000456369
2.27322  0.000437003
2.28329  0.00042896
2.29342  0.000431446
2.30368  0.000426921
2.3139  0.000417364
2.3241  0.000414457
2.33432  0.000407266
2.3445  0.00040121
2.35465  0.000395045
2.36481  0.0003921
2.375  0.000386859
2.38515  0.000376859
2.39538  0.000383469
2.40571  0.000371602
2.41588  0.000362169
2.42599  0.000357533
2.43614  0.000357425
2.44629  0.000346849
2.45648  0.000349425
2.46667  0.000339906
2.47683  0.000335097
2.487  0.00033167
2.49726  0.000332143
2.50749  0.000318218
2.51759  0.000315457
2.5278  0.000318594
2.53805  0.000308619
2.54821  0.000303562
2.55838  0.000300195
2.56856  0.000295246
2.57869  0.000288007
2.58882  0.0002882
2.599  0.000280977
2.60916  0.000280377
2.61945  0.000279041
2.62962  0.000265454
2.63973  0.000270843
2.65001  0.00026316
2.66028  0.000263359
2.6706  0.000256223
2.68078  0.000250266
2.69109  0.000254112
2.70129  0.000238398
2.71138  0.000240059
2.72153  0.000236222
2.73174  0.000234193
2.74195  0.000228693
2.75224  0.000230721
2.76277  0.000232756
2.77308  0.000212311
2.78318  0.000217234
2.79343  0.000212286
2.80381  0.000215912
2.81423  0.000207748
2.8244  0.000200023
2.83457  0.000200051
2.84489  0.000199207
2.85514  0.000191299
2.86535  0.000190686
2.87559  0.000187493
2.88594  0.0001873
2.89612  0.000176496
2.90634  0.00018192
2.9167  0.00017627
2.92703  0.000175317
2.9373  0.000168908
2.94744  0.00016275
2.95752  0.000164543
2.96785  0.000162965
2.97812  0.000157665
2.98835  0.000156414
2.99865  0.000155466
3.00901  0.000152799
3.01938  0.000150588
3.02961  0.00014243
3.03964  0.0001414
3.04977  0.000139463
3.06023  0.000145104
3.07071  0.000136663
3.08095  0.000132015
3.09113  0.000131746
3.10137  0.000127952
3.11156  0.000127438
3.12182  0.000123935
3.13217  0.000126696
3.14263  0.000121692
3.15296  0.000118098
3.16324  0.000117071
3.17353  0.000113767
3.18392  0.000114646
3.19435  0.000111277
3.20463  0.00010687
3.21488  0.000107257
3.22518  0.000104247
3.2355  0.000103642
3.24588  0.000101073
3.25611  9.7476e-05
3.26648  0.000100275
3.27699  9.64965e-05
3.28744  9.40243e-05
3.29773  9.1241e-05
3.30798  8.98345e-05
3.31866  9.48102e-05
3.3295  8.85529e-05
3.3398  8.50923e-05
3.35055  8.93632e-05
3.36126  8.19485e-05
3.37162  8.12287e-05
3.38194  7.76192e-05
3.39221  7.75811e-05
3.40257  7.49822e-05
3.41294  7.57535e-05
3.42328  7.21939e-05
3.43371  7.34514e-05
3.44431  7.09831e-05
3.45464  6.77075e-05
3.46477  6.69814e-05
3.47538  6.97313e-05
3.48632  6.64094e-05
3.49669  6.43326e-05
3.50733  6.41275e-05
3.51769  5.90325e-05
3.52808  6.19904e-05
3.53876  5.90546e-05
3.54919  5.83486e-05
3.55961  5.46109e-05
3.56974  5.52057e-05
3.58032  5.56131e-05
3.59068  5.13291e-05
3.60118  5.45185e-05
3.61162  4.84489e-05
3.62187  5.0827e-05
3.63251  4.98321e-05
3.6431  4.7638e-05
3.65373  4.96007e-05
3.66453  4.60819e-05
3.67502  4.45545e-05
3.68556  4.54758e-05
3.69605  4.15771e-05
3.70642  4.30226e-05
3.71693  4.103e-05
3.72732  3.98896e-05
3.73794  4.04057e-05
3.74833  3.87022e-05
3.75889  3.72322e-05
3.76952  3.9224e-05
3.78087  3.9605e-05
3.7911  3.12345e-05
3.80138  3.58913e-05
3.81173  3.25524e-05
3.82238  3.54623e-05
3.83314  3.16647e-05
3.84399  3.48292e-05
3.85464  2.88446e-05
3.86483  3.0345e-05
3.87554  3.02998e-05
3.88636  3.05129e-05
3.89711  2.82088e-05
3.90791  2.7853e-05
3.91808  2.67686e-05
3.9291  2.76998e-05
3.93987  2.6642e-05
3.9506  2.4354e-05
3.96093  2.51499e-05
3.97139  2.36024e-05
3.98209  2.38816e-05
3.99285  2.40038e-05
4.00369  2.24311e-05
4.0141  2.15008e-05
4.02503  2.26483e-05
4.03571  2.13284e-05
4.04639  1.96006e-05
4.05693  2.05684e-05
4.06782  2.01129e-05
4.07881  1.943e-05
4.08926  1.83618e-05
4.09951  1.64058e-05
4.10951  1.69967e-05
4.12029  1.96307e-05
4.1316  1.62825e-05
4.14224  1.76001e-05
4.15338  1.61398e-05
4.16389  1.47991e-05
4.17449  1.64275e-05
4.18526  1.42422e-05
4.19537  1.31821e-05
4.20551  1.47991e-05
4.21646  1.3879e-05
4.2276  1.45152e-05
4.23786  1.19378e-05
4.24856  1.31293e-05
4.25977  1.36388e-05
4.27062  1.22319e-05
4.28076  1.02882e-05
4.29139  1.31909e-05
4.30227  1.04845e-05
4.31244  1.05226e-05
4.32368  1.16396e-05
4.33418  1.07718e-05
4.3455  1.03622e-05
4.35678  1.05662e-05
4.36807  1.01183e-05
4.37834  8.80633e-06
4.38911  8.98602e-06
4.39989  9.57963e-06
4.41088  9.00564e-06
4.42194  8.03433e-06
4.43283  8.71922e-06
4.44391  8.85525e-06
4.45525  7.64368e-06
4.46568  7.14775e-06
4.4758  7.06438e-06
4.48604  6.86426e-06
4.49672  7.27341e-06
4.508  7.0462e-06
4.51932  7.46748e-06
4.52937  4.79147e-06
4.5395  7.02724e-06
4.55107  6.17387e-06
4.56038  4.80961e-06
4.57118  6.97604e-06
4.58321  4.90742e-06
4.59226  5.21797e-06
4.60388  6.47852e-06
4.61372  3.50403e-06
4.6242  6.04195e-06
4.63442  3.09331e-06
4.64491  6.46015e-06
4.65576  3.66573e-06
4.66575  5.00037e-06
4.67866  5.16905e-06
4.68885  3.40341e-06
4.69802  3.39599e-06
4.70956  5.48949e-06
4.72049  3.1958e-06
4.73308  4.75794e-06
4.74358  3.24171e-06
4.75556  4.55316e-06
4.7683  3.68315e-06
4.77941  4.03263e-06
4.7925  2.84446e-06
4.80337  4.42449e-06
4.81664  2.78255e-06
4.82853  3.65371e-06
4.83929  2.63798e-06
4.85012  2.8693e-06
4.86286  3.36125e-06
4.8751  2.894e-06
4.88802  2.91541e-06
4.90363  3.63341e-06
4.91556  2.75764e-06
4.92791  1.42911e-06
4.93762  2.53267e-06
4.94778  2.204e-06
4.96192  2.54495e-06
4.97446  2.02241e-06
4.98411  1.96151e-06
4.99584  2.09716e-06
5.00943  1.55846e-06
5.01832  1.84429e-06
5.02932  2.08509e-06
5.04404  1.65586e-06
5.05499  1.56065e-06
5.065  1.84766e-06
5.07624  1.41487e-06
5.08663  7.45481e-07
5.09724  1.83312e-06
5.10884  1.52043e-06
5.1196  9.5924e-07
5.1306  1.34173e-06
5.14219  1.32334e-06
5.15362  1.44436e-06
5.16526  1.17437e-06
5.17728  8.15171e-07
5.18879  1.34853e-06
5.20085  1.4724e-06
5.21353  8.01989e-07
5.22513  9.13756e-07
5.2378  1.25355e-06
5.25085  1.1695e-06
5.2633  9.07511e-07
5.27668  7.07002e-07
5.2894  1.16155e-06
5.30282  1.036e-06
5.31669  7.34286e-07
5.32951  8.33971e-07
5.34419  7.67646e-07
5.35794  1.11807e-06
5.37237  7.75018e-07
5.38759  4.09067e-07
5.40092  1.04427e-06
5.41689  8.1483e-07
5.4314  4.29773e-07
5.44632  7.59706e-07
5.46328  6.48735e-07
5.47807  7.33531e-07
5.49459  7.2727e-07
5.51154  2.89134e-07
5.52716  6.89283e-07
5.54464  7.27837e-07
5.56145  3.25244e-07
5.57901  4.76839e-07
5.59732  5.53236e-07
5.61514  6.02322e-07
5.63365  3.53514e-07
5.65271  3.30137e-07
5.67148  5.25201e-07
5.69123  3.62234e-07
5.71095  4.02217e-07
5.73129  2.80096e-07
5.75267  3.53122e-07
5.77311  4.91212e-07
5.79532  1.88691e-07
5.81757  2.16832e-07
5.83929  3.69164e-07
5.86342  2.86766e-07
5.8862  1.67492e-07
5.91052  2.50298e-07
5.93652  2.53352e-07
5.96063  1.89531e-07
5.98722  2.44576e-07
6.01538  7.46105e-08
6.04141  1.96816e-07
6.07022  2.53713e-07
6.0986  2.81332e-08
6.12927  1.66916e-07
6.16089  1.49434e-07
6.19201  9.94206e-08
6.22508  1.16048e-07
6.25989  4.42748e-08
6.29505  1.31754e-07
6.33124  7.48233e-08
6.36824  4.97812e-08
6.40994  7.76016e-08
6.45044  3.49334e-08
6.49242  8.79614e-08
6.53976  1.71399e-08
6.58376  1.58107e-08
6.63424  7.77122e-08
6.73857  2.20217e-08
6.79954  3.43286e-08
6.92384  2.5941e-08
6.99769  6.06574e-09
7.15142  1.71888e-08
7.44655  6.07438e-09
7.86706  8.94433e-10
