-7.92552  1.05993e-09
-7.5005  7.1073e-09
-7.20319  1.98573e-08
-7.04847  7.03475e-09
-6.97431  2.95892e-08
-6.84935  3.93091e-08
-6.78818  2.4801e-08
-6.68338  8.78614e-08
-6.63179  1.79296e-08
-6.58852  1.94539e-08
-6.54107  9.81913e-08
-6.49678  4.03019e-08
-6.45829  8.69645e-08
-6.41651  5.48678e-08
-6.37736  8.54648e-08
-6.34308  1.45783e-07
-6.30643  5.01103e-08
-6.2713  1.30632e-07
-6.23978  1.08615e-07
-6.20687  1.69185e-07
-6.17529  1.85482e-07
-6.14616  3.03463e-08
-6.11615  2.83614e-07
-6.08655  2.18115e-07
-6.06126  8.37288e-08
-6.03277  2.70656e-07
-6.00478  2.12043e-07
-5.98236  2.80718e-07
-5.95475  2.71147e-07
-5.94473  6.07706e-09
-5.93025  1.88067e-07
-5.90923  3.13723e-07
-5.88296  3.77556e-07
-5.867  1.26575e-07
-5.86069  1.48553e-07
-5.84005  2.06043e-07
-5.81738  4.71528e-07
-5.80159  2.82913e-07
-5.79414  1.83284e-07
-5.77464  2.75433e-07
-5.7677  3.3611e-08
-5.75414  4.45439e-07
-5.73444  4.01199e-07
-5.71372  5.80049e-07
-5.69676  3.17899e-07
-5.6881  4.934e-08
-5.67642  3.84819e-07
-5.65732  6.69386e-07
-5.64012  5.70188e-07
-5.63368  4.32884e-08
-5.62151  4.94268e-07
-5.60347  3.88259e-07
-5.5865  8.07033e-07
-5.56903  6.90561e-07
-5.555  3.36307e-07
-5.54145  2.96417e-07
-5.53461  5.304e-07
-5.52  7.61617e-07
-5.50545  7.9154e-07
-5.48767  6.99607e-07
-5.47438  5.70029e-07
-5.45798  9.43408e-07
-5.44308  7.78541e-07
-5.43284  7.11987e-07
-5.42113  2.29431e-07
-5.4112  7.36376e-07
-5.3992  1.05541e-06
-5.38663  8.86015e-07
-5.37121  7.86694e-07
-5.35875  1.02699e-06
-5.34414  9.63295e-07
-5.33116  1.15799e-06
-5.31943  9.91661e-07
-5.3058  8.21639e-07
-5.29227  1.35491e-06
-5.2801  1.16409e-06
-5.26885  9.70761e-07
-5.25561  1.22121e-06
-5.24236  1.25908e-06
-5.23154  1.31755e-06
-5.221  1.21641e-06
-5.20733  1.21063e-06
-5.19621  1.24843e-06
-5.18552  1.53983e-06
-5.17407  1.35407e-06
-5.16385  1.26025e-06
-5.15054  1.65795e-06
-5.13911  1.77723e-06
-5.13081  1.03082e-06
-5.11835  1.48018e-06
-5.10694  1.82701e-06
-5.09582  2.1362e-06
-5.08296  2.06027e-06
-5.07236  1.24186e-06
-5.06102  2.2748e-06
-5.04847  2.4594e-06
-5.03838  9.8496e-07
-5.02644  2.8344e-06
-5.01351  2.84697e-06
-5.00258  1.42048e-06
-4.9944  1.97375e-06
-4.9823  2.4613e-06
-4.97213  2.40399e-06
-4.96171  2.05829e-06
-4.9512  2.23578e-06
-4.94074  3.53731e-06
-4.92881  2.3437e-06
-4.91891  1.92743e-06
-4.90903  2.95765e-06
-4.89801  3.37849e-06
-4.88569  3.04328e-06
-4.87351  3.72521e-06
-4.86255  3.42256e-06
-4.85153  2.58211e-06
-4.84048  4.0131e-06
-4.82963  3.71414e-06
-4.81625  3.96177e-06
-4.80549  3.95315e-06
-4.79429  3.68357e-06
-4.78493  3.10812e-06
-4.77428  4.92718e-06
-4.7638  3.35428e-06
-4.75182  5.06482e-06
-4.74094  4.39011e-06
-4.72955  4.81679e-06
-4.71873  4.34977e-06
-4.70839  4.62444e-06
-4.69774  4.43367e-06
-4.68744  5.47029e-06
-4.67734  4.92132e-06
-4.66682  5.00766e-06
-4.65662  5.19955e-06
-4.64593  4.97489e-06
-4.63667  5.60501e-06
-4.62537  6.8614e-06
-4.61418  5.31225e-06
-4.60351  7.02167e-06
-4.59246  5.56784e-06
-4.58256  7.28445e-06
-4.57039  7.26858e-06
-4.55997  6.05986e-06
-4.54988  7.37158e-06
-4.53928  7.3338e-06
-4.52856  7.39375e-06
-4.51782  7.60603e-06
-4.50753  7.64179e-06
-4.49704  7.93765e-06
-4.48657  8.17565e-06
-4.47583  8.76968e-06
-4.46551  8.81745e-06
-4.45455  8.93629e-06
-4.44414  8.709e-06
-4.43318  1.06585e-05
-4.42267  8.96817e-06
-4.41196  9.83762e-06
-4.40085  1.18676e-05
-4.38912  1.09498e-05
-4.37842  1.06021e-05
-4.36787  1.02593e-05
-4.35732  1.31756e-05
-4.34594  1.11099e-05
-4.33616  1.05314e-05
-4.32568  1.28787e-05
-4.31475  1.36555e-05
-4.30347  1.2716e-05
-4.29298  1.36996e-05
-4.28246  1.35201e-05
-4.27115  1.44029e-05
-4.26054  1.44016e-05
-4.25018  1.31599e-05
-4.24043  1.49227e-05
-4.22943  1.66248e-05
-4.21845  1.49062e-05
-4.20804  1.62922e-05
-4.19718  1.78654e-05
-4.18626  1.60109e-05
-4.17627  1.62455e-05
-4.16578  1.87674e-05
-4.15473  1.80607e-05
-4.14398  2.04283e-05
-4.13308  1.868e-05
-4.12204  2.02852e-05
-4.11153  1.9958e-05
-4.10102  2.03168e-05
-4.09029  2.15897e-05
-4.07979  2.10583e-05
-4.06944  2.07413e-05
-4.05946  2.15442e-05
-4.04916  2.29905e-05
-4.03844  2.44493e-05
-4.02739  2.4481e-05
-4.01679  2.53185e-05
-4.0062  2.52235e-05
-3.99548  2.57951e-05
-3.98469  2.83832e-05
-3.97388  2.60165e-05
-3.96379  2.70882e-05
-3.95339  2.77804e-05
-3.94249  3.09519e-05
-3.9317  2.98376e-05
-3.92109  2.93986e-05
-3.91077  3.16307e-05
-3.90021  3.12104e-05
-3.88998  3.05497e-05
-3.87955  3.35937e-05
-3.86896  3.45326e-05
-3.85828  3.53128e-05
-3.84757  3.56013e-05
-3.83699  3.65052e-05
-3.82626  3.82164e-05
-3.81542  3.81366e-05
-3.8048  3.94534e-05
-3.79385  4.16139e-05
-3.7834  3.79628e-05
-3.77276  4.43537e-05
-3.76212  4.09648e-05
-3.75182  4.18093e-05
-3.74134  4.50272e-05
-3.73068  4.58911e-05
-3.72007  4.51065e-05
-3.70978  4.67125e-05
-3.69917  4.80575e-05
-3.68846  5.021e-05
-3.67804  4.93723e-05
-3.66744  5.11267e-05
-3.65698  5.20518e-05
-3.64638  5.37312e-05
-3.636  5.19589e-05
-3.62571  5.66775e-05
-3.61499  5.60638e-05
-3.60484  5.54859e-05
-3.59439  6.04532e-05
-3.58397  5.74476e-05
-3.57365  6.20893e-05
-3.56304  6.32795e-05
-3.55258  6.11675e-05
-3.54217  6.71844e-05
-3.53175  6.35376e-05
-3.52126  6.98641e-05
-3.5109  6.63366e-05
-3.50073  6.80583e-05
-3.49037  7.18032e-05
-3.48002  7.22058e-05
-3.46979  7.25917e-05
-3.45936  7.5748e-05
-3.44891  7.75996e-05
-3.43846  7.90037e-05
-3.42816  7.76519e-05
-3.4178  8.2787e-05
-3.40745  8.01355e-05
-3.39724  8.4573e-05
-3.38698  8.4528e-05
-3.37666  8.81612e-05
-3.36614  9.03023e-05
-3.35584  9.0631e-05
-3.34538  9.39121e-05
-3.33501  9.28358e-05
-3.32474  9.62146e-05
-3.31446  9.60335e-05
-3.30405  0.000101442
-3.29343  0.000105535
-3.28296  0.000101832
-3.2728  0.000103048
-3.26256  0.000106791
-3.25211  0.000111819
-3.24173  0.000109638
-3.23161  0.000109946
-3.22133  0.000117098
-3.21087  0.000117458
-3.20055  0.000118141
-3.19026  0.000121204
-3.18013  0.000119203
-3.16996  0.000125135
-3.15967  0.000127495
-3.14945  0.000128676
-3.13913  0.000132791
-3.12886  0.000133902
-3.11849  0.000137747
-3.10822  0.000137781
-3.09801  0.00013897
-3.08784  0.000143249
-3.07761  0.000144534
-3.06736  0.000148062
-3.05729  0.000145912
-3.04707  0.000156066
-3.03677  0.000154521
-3.02661  0.000156525
-3.01645  0.000160842
-3.00618  0.000164174
-2.99589  0.000166176
-2.98558  0.000171104
-2.97531  0.000170826
-2.96514  0.000171977
-2.955  0.000176854
-2.94481  0.000179252
-2.93459  0.000183618
-2.92435  0.000186123
-2.91415  0.000187925
-2.90389  0.000193594
-2.89368  0.000193434
-2.8834  0.000200996
-2.87303  0.000203823
-2.86278  0.000202253
-2.8526  0.000208618
-2.8424  0.000209449
-2.83211  0.000219734
-2.82174  0.000218753
-2.81152  0.000219184
-2.8013  0.00022711
-2.79102  0.000226676
-2.78074  0.000235081
-2.7705  0.000232352
-2.76028  0.000241104
-2.74992  0.000246236
-2.73965  0.000244442
-2.72955  0.000246798
-2.71921  0.000262643
-2.70882  0.000256403
-2.69868  0.000259186
-2.68838  0.00026954
-2.67807  0.000269384
-2.66786  0.000272586
-2.65763  0.000278844
-2.64742  0.000279864
-2.63722  0.000285558
-2.62704  0.000287374
-2.61687  0.000292316
-2.60665  0.000299617
-2.59642  0.000300624
-2.58626  0.000304255
-2.57611  0.000307849
-2.56595  0.000316396
-2.55569  0.000320155
-2.5455  0.000324064
-2.53529  0.000329585
-2.52508  0.000331676
-2.5149  0.000335818
-2.50468  0.000344112
-2.4945  0.000343754
-2.48444  0.000346271
-2.47432  0.000356856
-2.46411  0.0003615
-2.45397  0.00036205
-2.4438  0.000374766
-2.43359  0.000373299
-2.42345  0.000379603
-2.41332  0.000380854
-2.40312  0.000397176
-2.39285  0.000395306
-2.38267  0.00040361
-2.37249  0.000405968
-2.3623  0.000414873
-2.35212  0.000414831
-2.34198  0.000421669
-2.33184  0.000424925
-2.32178  0.000427661
-2.31164  0.000439309
-2.30153  0.000439969
-2.29137  0.00045501
-2.28117  0.000454916
-2.27109  0.000457486
-2.261  0.000465377
-2.25083  0.000475529
-2.24067  0.000475402
-2.23056  0.000483798
-2.22043  0.00048984
-2.2103  0.000497931
-2.20014  0.000503229
-2.18998  0.000510622
-2.17983  0.000515338
-2.16961  0.000529185
-2.15943  0.000522717
-2.14926  0.000539595
-2.13906  0.000541832
-2.12894  0.000546777
-2.11876  0.000558232
-2.10861  0.00055894
-2.09847  0.000568873
-2.08823  0.000581911
-2.07802  0.000578785
-2.0679  0.000585945
-2.0578  0.000591103
-2.04769  0.000600648
-2.03751  0.000617342
-2.02726  0.00062128
-2.01703  0.00062812
-2.00684  0.000628701
-1.99675  0.000629012
-1.98667  0.000643258
-1.9765  0.000658077
-1.9663  0.000661111
-1.95619  0.000662777
-1.94613  0.000668315
-1.93603  0.000683142
-1.92585  0.000689309
-1.91569  0.000696245
-1.90553  0.000707061
-1.89539  0.000709927
-1.88527  0.000722959
-1.87511  0.000731333
-1.86496  0.000734272
-1.85487  0.00073937
-1.84474  0.000753041
-1.8346  0.000754308
-1.82451  0.000765675
-1.81442  0.000772808
-1.80434  0.000782753
-1.7943  0.000784847
-1.78419  0.000805534
-1.77406  0.000803979
-1.76394  0.000819881
-1.75379  0.000824451
-1.7437  0.000828762
-1.73354  0.000854145
-1.72331  0.000863583
-1.71316  0.000859539
-1.70304  0.00087516
-1.69293  0.000867853
-1.68281  0.000897026
-1.67264  0.000895371
-1.66255  0.000904657
-1.65242  0.000921955
-1.64227  0.000924146
-1.63216  0.000937507
-1.62206  0.000936464
-1.61195  0.000950999
-1.60177  0.000973596
-1.5916  0.000972531
-1.58152  0.000977618
-1.57142  0.000996823
-1.56131  0.000995339
-1.55115  0.00102152
-1.54097  0.00101986
-1.53087  0.00102597
-1.52074  0.00104724
-1.51064  0.00104793
-1.50056  0.00106265
-1.49049  0.00106273
-1.48044  0.00107068
-1.47035  0.00109143
-1.46024  0.00110179
-1.4501  0.0011217
-1.44003  0.00111023
-1.43003  0.001127
-1.41992  0.0011539
-1.40974  0.0011573
-1.39965  0.00115174
-1.38959  0.00118056
-1.37942  0.00120465
-1.36927  0.00119777
-1.35919  0.00121104
-1.34908  0.0012269
-1.33897  0.00122361
-1.3289  0.00123603
-1.31878  0.00126768
-1.30863  0.00127452
-1.29848  0.00129481
-1.28832  0.00129524
-1.27821  0.00130339
-1.26811  0.00130925
-1.25803  0.00131809
-1.24792  0.0013459
-1.23782  0.00135287
-1.22767  0.00138994
-1.21753  0.00137001
-1.20746  0.00139002
-1.19737  0.00139281
-1.18723  0.00142391
-1.17713  0.00141742
-1.16706  0.00144874
-1.15698  0.00145436
-1.14688  0.00147825
-1.13674  0.00148188
-1.12665  0.00147966
-1.11658  0.00150125
-1.10652  0.00151806
-1.09644  0.00153728
-1.08636  0.00155814
-1.07626  0.00157053
-1.06616  0.00156832
-1.05606  0.00158902
-1.04594  0.00159802
-1.03542  0.00176891
-1.02485  0.00165167
-1.01474  0.00165866
-1.00468  0.00166164
-0.994607  0.00167704
-0.984469  0.0016969
-0.974324  0.0017132
-0.963779  0.00188612
-0.953217  0.00176552
-0.943073  0.00178268
-0.932966  0.00177271
-0.922897  0.00178515
-0.912797  0.00179682
-0.902708  0.0018224
-0.892632  0.00184845
-0.882574  0.00186987
-0.872514  0.00188231
-0.862443  0.00189416
-0.852368  0.00190628
-0.842277  0.00190557
-0.832208  0.0019449
-0.822145  0.00197261
-0.812077  0.00200607
-0.801974  0.00201563
-0.791886  0.0020284
-0.78181  0.00202966
-0.771721  0.00203405
-0.76167  0.00207461
-0.751596  0.00212415
-0.741506  0.00213945
-0.731434  0.00215461
-0.721365  0.00216766
-0.711249  0.0021796
-0.701157  0.00219071
-0.691128  0.00223169
-0.681069  0.00227519
-0.670985  0.00228222
-0.660923  0.00229892
-0.650815  0.00230797
-0.640674  0.00234853
-0.630627  0.00236689
-0.620614  0.00240511
-0.610556  0.00243469
-0.600501  0.00243625
-0.590384  0.00246472
-0.580266  0.00247972
-0.570247  0.00253884
-0.560209  0.00256846
-0.550145  0.00260517
-0.540058  0.00261188
-0.529962  0.00260317
-0.519871  0.00266744
-0.509832  0.00271534
-0.499814  0.00275268
-0.489708  0.00282038
-0.479568  0.00280015
-0.469474  0.00278449
-0.459394  0.00286933
-0.449336  0.0029332
-0.43931  0.00297373
-0.429259  0.00300789
-0.419173  0.00300427
-0.409136  0.00298723
-0.399067  0.00309708
-0.389036  0.00318518
-0.37898  0.00325602
-0.368898  0.00324947
-0.358848  0.00326241
-0.348767  0.00325634
-0.338669  0.00338023
-0.32866  0.00350253
-0.318585  0.00356544
-0.308517  0.00357133
-0.298464  0.00356132
-0.288377  0.00356733
-0.278267  0.00376429
-0.268222  0.00389945
-0.258209  0.00394346
-0.248174  0.00395295
-0.238134  0.00397303
-0.228035  0.00394446
-0.217921  0.00424392
-0.207897  0.00444565
-0.197892  0.00448434
-0.187852  0.00453063
-0.177777  0.00450416
-0.167709  0.00448001
-0.157503  0.00465173
-0.147558  0.0052614
-0.13758  0.00548861
-0.127505  0.00554823
-0.117415  0.00552718
-0.107373  0.00545455
-0.0973122  0.00548189
-0.0865415  0.00717478
-0.0761828  0.0071465
-0.0661347  0.00718738
-0.0560633  0.00723607
-0.0459822  0.00722467
-0.0359168  0.00728141
-0.0250768  0.0133577
-0.0147502  0.0134926
-0.00460059  0.0159679
0.00460059  0.0159679
0.0147502  0.0134926
0.0250768  0.0133577
0.0359168  0.00728141
0.0459822  0.00722467
0.0560633  0.00723607
0.0661347  0.00718738
0.0761828  0.0071465
0.0865415  0.00717478
0.0973122  0.00548189
0.107373  0.00545455
0.117415  0.00552718
0.127505  0.00554823
0.13758  0.00548861
0.147558  0.0052614
0.157503  0.00465173
0.167709  0.00448001
0.177777  0.00450416
0.187852  0.00453063
0.197892  0.00448434
0.207897  0.00444565
0.217921  0.00424392
0.228035  0.00394446
0.238134  0.00397303
0.248174  0.00395295
0.258209  0.00394346
0.268222  0.00389945
0.278267  0.00376429
0.288377  0.00356733
0.298464  0.00356132
0.308517  0.00357133
0.318585  0.00356544
0.32866  0.00350253
0.338669  0.00338023
0.348767  0.00325634
0.358848  0.00326241
0.368898  0.00324947
0.37898  0.00325602
0.389036  0.00318518
0.399067  0.00309708
0.409136  0.00298723
0.419173  0.00300427
0.429259  0.00300789
0.43931  0.00297373
0.449336  0.0029332
0.459394  0.00286933
0.469474  0.00278449
0.479568  0.00280015
0.489708  0.00282038
0.499814  0.00275268
0.509832  0.00271534
0.519871  0.00266744
0.529962  0.00260317
0.540058  0.00261188
0.550145  0.00260517
0.560209  0.00256846
0.570247  0.00253884
0.580266  0.00247972
0.590384  0.00246472
0.600501  0.00243625
0.610556  0.00243469
0.620614  0.00240511
0.630627  0.00236689
0.640674  0.00234853
0.650815  0.00230797
0.660923  0.00229892
0.670985  0.00228222
0.681069  0.00227519
0.691128  0.00223169
0.701157  0.00219071
0.711249  0.0021796
0.721365  0.00216766
0.731434  0.00215461
0.741506  0.00213945
0.751596  0.00212415
0.76167  0.00207461
0.771721  0.00203405
0.78181  0.00202966
0.791886  0.0020284
0.801974  0.00201563
0.812077  0.00200607
0.822145  0.00197261
0.832208  0.0019449
0.842277  0.00190557
0.852368  0.00190628
0.862443  0.00189416
0.872514  0.00188231
0.882574  0.00186987
0.892632  0.00184845
0.902708  0.0018224
0.912797  0.00179682
0.922897  0.00178515
0.932966  0.00177271
0.943073  0.00178268
0.953217  0.00176552
0.963779  0.00188612
0.974324  0.0017132
0.984469  0.0016969
0.994607  0.00167704
1.00468  0.00166164
1.01474  0.00165866
1.02485  0.00165167
1.03542  0.00176891
1.04594  0.00159802
1.05606  0.00158902
1.06616  0.00156832
1.07626  0.00157053
1.08636  0.00155814
1.09644  0.00153728
1.10652  0.00151806
1.11658  0.00150125
1.12665  0.00147966
1.13674  0.00148188
1.14688  0.00147825
1.15698  0.00145436
1.16706  0.00144874
1.17713  0.00141742
1.18723  0.00142391
1.19737  0.00139281
1.20746  0.00139002
1.21753  0.00137001
1.22767  0.00138994
1.23782  0.00135287
1.24792  0.0013459
1.25803  0.00131809
1.26811  0.00130925
1.27821  0.00130339
1.28832  0.00129524
1.29848  0.00129481
1.30863  0.00127452
1.31878  0.00126768
1.3289  0.00123603
1.33897  0.00122361
1.34908  0.0012269
1.35919  0.00121104
1.36927  0.00119777
1.37942  0.00120465
1.38959  0.00118056
1.39965  0.00115174
1.40974  0.0011573
1.41992  0.0011539
1.43003  0.001127
1.44003  0.00111023
1.4501  0.0011217
1.46024  0.00110179
1.47035  0.00109143
1.48044  0.00107068
1.49049  0.00106273
1.50056  0.00106265
1.51064  0.00104793
1.52074  0.00104724
1.53087  0.00102597
1.54097  0.00101986
1.55115  0.00102152
1.56131  0.000995339
1.57142  0.000996823
1.58152  0.000977618
1.5916  0.000972531
1.60177  0.000973596
1.61195  0.000950999
1.62206  0.000936464
1.63216  0.000937507
1.64227  0.000924146
1.65242  0.000921955
1.66255  0.000904657
1.67264  0.000895371
1.68281  0.000897026
1.69293  0.000867853
1.70304  0.00087516
1.71316  0.000859539
1.72331  0.000863583
1.73354  0.000854145
1.7437  0.000828762
1.75379  0.000824451
1.76394  0.000819881
1.77406  0.000803979
1.78419  0.000805534
1.7943  0.000784847
1.80434  0.000782753
1.81442  0.000772808
1.82451  0.000765675
1.8346  0.000754308
1.84474  0.000753041
1.85487  0.00073937
1.86496  0.000734272
1.87511  0.000731333
1.88527  0.000722959
1.89539  0.000709927
1.90553  0.000707061
1.91569  0.000696245
1.92585  0.000689309
1.93603  0.000683142
1.94613  0.000668315
1.95619  0.000662777
1.9663  0.000661111
1.9765  0.000658077
1.98667  0.000643258
1.99675  0.000629012
2.00684  0.000628701
2.01703  0.00062812
2.02726  0.00062128
2.03751  0.000617342
2.04769  0.000600648
2.0578  0.000591103
2.0679  0.000585945
2.07802  0.000578785
2.08823  0.000581911
2.09847  0.000568873
2.10861  0.00055894
2.11876  0.000558232
2.12894  0.000546777
2.13906  0.000541832
2.14926  0.000539595
2.15943  0.000522717
2.16961  0.000529185
2.17983  0.000515338
2.18998  0.000510622
2.20014  0.000503229
2.2103  0.000497931
2.22043  0.00048984
2.23056  0.000483798
2.24067  0.000475402
2.25083  0.000475529
2.261  0.000465377
2.27109  0.000457486
2.28117  0.000454916
2.29137  0.00045501
2.30153  0.000439969
2.31164  0.000439309
2.32178  0.000427661
2.33184  0.000424925
2.34198  0.000421669
2.35212  0.000414831
2.3623  0.000414873
2.37249  0.000405968
2.38267  0.00040361
2.39285  0.000395306
2.40312  0.000397176
2.41332  0.000380854
2.42345  0.000379603
2.43359  0.000373299
2.4438  0.000374766
2.45397  0.00036205
2.46411  0.0003615
2.47432  0.000356856
2.48444  0.000346271
2.4945  0.000343754
2.50468  0.000344112
2.5149  0.000335818
2.52508  0.000331676
2.53529  0.000329585
2.5455  0.000324064
2.55569  0.000320155
2.56595  0.000316396
2.57611  0.000307849
2.58626  0.000304255
2.59642  0.000300624
2.60665  0.000299617
2.61687  0.000292316
2.62704  0.000287374
2.63722  0.000285558
2.64742  0.000279864
2.65763  0.000278844
2.66786  0.000272586
2.67807  0.000269384
2.68838  0.00026954
2.69868  0.000259186
2.70882  0.000256403
2.71921  0.000262643
2.72955  0.000246798
2.73965  0.000244442
2.74992  0.000246236
2.76028  0.000241104
2.7705  0.000232352
2.78074  0.000235081
2.79102  0.000226676
2.8013  0.00022711
2.81152  0.000219184
2.82174  0.000218753
2.83211  0.000219734
2.8424  0.000209449
2.8526  0.000208618
2.86278  0.000202253
2.87303  0.000203823
2.8834  0.000200996
2.89368  0.000193434
2.90389  0.000193594
2.91415  0.000187925
2.92435  0.000186123
2.93459  0.000183618
2.94481  0.000179252
2.955  0.000176854
2.96514  0.000171977
2.97531  0.000170826
2.98558  0.000171104
2.99589  0.000166176
3.00618  0.000164174
3.01645  0.000160842
3.02661  0.000156525
3.03677  0.000154521
3.04707  0.000156066
3.05729  0.000145912
3.06736  0.000148062
3.07761  0.000144534
3.08784  0.000143249
3.09801  0.00013897
3.10822  0.000137781
3.11849  0.000137747
3.12886  0.000133902
3.13913  0.000132791
3.14945  0.000128676
3.15967  0.000127495
3.16996  0.000125135
3.18013  0.000119203
3.19026  0.000121204
3.20055  0.000118141
3.21087  0.000117458
3.22133  0.000117098
3.23161  0.000109946
3.24173  0.000109638
3.25211  0.000111819
3.26256  0.000106791
3.2728  0.000103048
3.28296  0.000101832
3.29343  0.000105535
3.30405  0.000101442
3.31446  9.60335e-05
3.32474  9.62146e-05
3.33501  9.28358e-05
3.34538  9.39121e-05
3.35584  9.0631e-05
3.36614  9.03023e-05
3.37666  8.81612e-05
3.38698  8.4528e-05
3.39724  8.4573e-05
3.40745  8.01355e-05
3.4178  8.2787e-05
3.42816  7.76519e-05
3.43846  7.90037e-05
3.44891  7.75996e-05
3.45936  7.5748e-05
3.46979  7.25917e-05
3.48002  7.22058e-05
3.49037  7.18032e-05
3.50073  6.80583e-05
3.5109  6.63366e-05
3.52126  6.98641e-05
3.53175  6.35376e-05
3.54217  6.71844e-05
3.55258  6.11675e-05
3.56304  6.32795e-05
3.57365  6.20893e-05
3.58397  5.74476e-05
3.59439  6.04532e-05
3.60484  5.54859e-05
3.61499  5.60638e-05
3.62571  5.66775e-05
3.636  5.19589e-05
3.64638  5.37312e-05
3.65698  5.20518e-05
3.66744  5.11267e-05
3.67804  4.93723e-05
3.68846  5.021e-05
3.69917  4.80575e-05
3.70978  4.67125e-05
3.72007  4.51065e-05
3.73068  4.58911e-05
3.74134  4.50272e-05
3.75182  4.18093e-05
3.76212  4.09648e-05
3.77276  4.43537e-05
3.7834  3.79628e-05
3.79385  4.16139e-05
3.8048  3.94534e-05
3.81542  3.81366e-05
3.82626  3.82164e-05
3.83699  3.65052e-05
3.84757  3.56013e-05
3.85828  3.53128e-05
3.86896  3.45326e-05
3.87955  3.35937e-05
3.88998  3.05497e-05
3.90021  3.12104e-05
3.91077  3.16307e-05
3.92109  2.93986e-05
3.9317  2.98376e-05
3.94249  3.09519e-05
3.95339  2.77804e-05
3.96379  2.70882e-05
3.97388  2.60165e-05
3.98469  2.83832e-05
3.99548  2.57951e-05
4.0062  2.52235e-05
4.01679  2.53185e-05
4.02739  2.4481e-05
4.03844  2.44493e-05
4.04916  2.29905e-05
4.05946  2.15442e-05
4.06944  2.07413e-05
4.07979  2.10583e-05
4.09029  2.15897e-05
4.10102  2.03168e-05
4.11153  1.9958e-05
4.12204  2.02852e-05
4.13308  1.868e-05
4.14398  2.04283e-05
4.15473  1.80607e-05
4.16578  1.87674e-05
4.17627  1.62455e-05
4.18626  1.60109e-05
4.19718  1.78654e-05
4.20804  1.62922e-05
4.21845  1.49062e-05
4.22943  1.66248e-05
4.24043  1.49227e-05
4.25018  1.31599e-05
4.26054  1.44016e-05
4.27115  1.44029e-05
4.28246  1.35201e-05
4.29298  1.36996e-05
4.30347  1.2716e-05
4.31475  1.36555e-05
4.32568  1.28787e-05
4.33616  1.05314e-05
4.34594  1.11099e-05
4.35732  1.31756e-05
4.36787  1.02593e-05
4.37842  1.06021e-05
4.38912  1.09498e-05
4.40085  1.18676e-05
4.41196  9.83762e-06
4.42267  8.96817e-06
4.43318  1.06585e-05
4.44414  8.709e-06
4.45455  8.93629e-06
4.46551  8.81745e-06
4.47583  8.76968e-06
4.48657  8.17565e-06
4.49704  7.93765e-06
4.50753  7.64179e-06
4.51782  7.60603e-06
4.52856  7.39375e-06
4.53928  7.3338e-06
4.54988  7.37158e-06
4.55997  6.05986e-06
4.57039  7.26858e-06
4.58256  7.28445e-06
4.59246  5.56784e-06
4.60351  7.02167e-06
4.61418  5.31225e-06
4.62537  6.8614e-06
4.63667  5.60501e-06
4.64593  4.97489e-06
4.65662  5.19955e-06
4.66682  5.00766e-06
4.67734  4.92132e-06
4.68744  5.47029e-06
4.69774  4.43367e-06
4.70839  4.62444e-06
4.71873  4.34977e-06
4.72955  4.81679e-06
4.74094  4.39011e-06
4.75182  5.06482e-06
4.7638  3.35428e-06
4.77428  4.92718e-06
4.78493  3.10812e-06
4.79429  3.68357e-06
4.80549  3.95315e-06
4.81625  3.96177e-06
4.82963  3.71414e-06
4.84048  4.0131e-06
4.85153  2.58211e-06
4.86255  3.42256e-06
4.87351  3.72521e-06
4.88569  3.04328e-06
4.89801  3.37849e-06
4.90903  2.95765e-06
4.91891  1.92743e-06
4.92881  2.3437e-06
4.94074  3.53731e-06
4.9512  2.23578e-06
4.96171  2.05829e-06
4.97213  2.40399e-06
4.9823  2.4613e-06
4.9944  1.97375e-06
5.00258  1.42048e-06
5.01351  2.84697e-06
5.02644  2.8344e-06
5.03838  9.8496e-07
5.04847  2.4594e-06
5.06102  2.2748e-06
5.07236  1.24186e-06
5.08296  2.06027e-06
5.09582  2.1362e-06
5.10694  1.82701e-06
5.11835  1.48018e-06
5.13081  1.03082e-06
5.13911  1.77723e-06
5.15054  1.65795e-06
5.16385  1.26025e-06
5.17407  1.35407e-06
5.18552  1.53983e-06
5.19621  1.24843e-06
5.20733  1.21063e-06
5.221  1.21641e-06
5.23154  1.31755e-06
5.24236  1.25908e-06
5.25561  1.22121e-06
5.26885  9.70761e-07
5.2801  1.16409e-06
5.29227  1.35491e-06
5.3058  8.21639e-07
5.31943  9.91661e-07
5.33116  1.15799e-06
5.34414  9.63295e-07
5.35875  1.02699e-06
5.37121  7.86694e-07
5.38663  8.86015e-07
5.3992  1.05541e-06
5.4112  7.36376e-07
5.42113  2.29431e-07
5.43284  7.11987e-07
5.44308  7.78541e-07
5.45798  9.43408e-07
5.47438  5.70029e-07
5.48767  6.99607e-07
5.50545  7.9154e-07
5.52  7.61617e-07
5.53461  5.304e-07
5.54145  2.96417e-07
5.555  3.36307e-07
5.56903  6.90561e-07
5.5865  8.07033e-07
5.60347  3.88259e-07
5.62151  4.94268e-07
5.63368  4.32884e-08
5.64012  5.70188e-07
5.65732  6.69386e-07
5.67642  3.84819e-07
5.6881  4.934e-08
5.69676  3.17899e-07
5.71372  5.80049e-07
5.73444  4.01199e-07
5.75414  4.45439e-07
5.7677  3.3611e-08
5.77464  2.75433e-07
5.79414  1.83284e-07
5.80159  2.82913e-07
5.81738  4.71528e-07
5.84005  2.06043e-07
5.86069  1.48553e-07
5.867  1.26575e-07
5.88296  3.77556e-07
5.90923  3.13723e-07
5.93025  1.88067e-07
5.94473  6.07706e-09
5.95475  2.71147e-07
5.98236  2.80718e-07
6.00478  2.12043e-07
6.03277  2.70656e-07
6.06126  8.37288e-08
6.08655  2.18115e-07
6.11615  2.83614e-07
6.14616  3.03463e-08
6.17529  1.85482e-07
6.20687  1.69185e-07
6.23978  1.08615e-07
6.2713  1.30632e-07
6.30643  5.01103e-08
6.34308  1.45783e-07
6.37736  8.54648e-08
6.41651  5.48678e-08
6.45829  8.69645e-08
6.49678  4.03019e-08
6.54107  9.81913e-08
6.58852  1.94539e-08
6.63179  1.79296e-08
6.68338  8.78614e-08
6.78818  2.4801e-08
6.84935  3.93091e-08
6.97431  2.95892e-08
7.04847  7.03475e-09
7.20319  1.98573e-08
7.5005  7.1073e-09
7.92552  1.05993e-09
