-7.92325  1.14842e-09
-7.49637  7.69221e-09
-7.19815  2.1468e-08
-7.04245  7.58678e-09
-6.96874  3.19544e-08
-6.84304  4.23475e-08
-6.78226  2.67542e-08
-6.67686  9.45494e-08
-6.62596  1.92506e-08
-6.58152  2.08836e-08
-6.5344  1.0555e-07
-6.49118  4.29905e-08
-6.45121  9.32535e-08
-6.40973  5.89155e-08
-6.37157  9.1022e-08
-6.33593  1.56155e-07
-6.30006  5.3363e-08
-6.26513  1.39134e-07
-6.23259  1.16216e-07
-6.20052  1.79549e-07
-6.16894  1.97702e-07
-6.13893  3.24345e-08
-6.10969  3.00659e-07
-6.08056  2.3217e-07
-6.05451  8.85441e-08
-6.02639  2.86861e-07
-5.99925  2.24559e-07
-5.97554  2.96539e-07
-5.94905  2.87688e-07
-5.94053  6.58089e-09
-5.92463  1.98016e-07
-5.90236  3.31041e-07
-5.8769  4.3604e-07
-5.85593  2.5347e-07
-5.83374  2.17537e-07
-5.81045  5.77746e-07
-5.79075  4.10148e-07
-5.76849  3.2732e-07
-5.74812  4.68927e-07
-5.72894  4.20826e-07
-5.70804  6.13624e-07
-5.68985  3.83559e-07
-5.67117  4.04765e-07
-5.65132  7.07085e-07
-5.63434  6.42699e-07
-5.61609  5.19381e-07
-5.59743  4.11149e-07
-5.58117  8.45013e-07
-5.56353  7.27639e-07
-5.54853  4.08762e-07
-5.53079  8.1109e-07
-5.51452  8.00598e-07
-5.49988  8.29276e-07
-5.48249  7.3567e-07
-5.46891  5.97689e-07
-5.45232  9.91068e-07
-5.4372  9.61173e-07
-5.42554  6.7387e-07
-5.40762  8.63719e-07
-5.39435  1.18173e-06
-5.38116  9.2734e-07
-5.36601  8.28456e-07
-5.35324  1.0759e-06
-5.33875  1.00778e-06
-5.32591  1.21474e-06
-5.31391  1.03899e-06
-5.30036  8.55931e-07
-5.28687  1.42118e-06
-5.275  1.21695e-06
-5.26335  1.01535e-06
-5.24996  1.28435e-06
-5.23735  1.31442e-06
-5.22578  1.44763e-06
-5.21523  1.20631e-06
-5.20216  1.26289e-06
-5.19078  1.30282e-06
-5.18026  1.61444e-06
-5.16832  1.48e-06
-5.15799  1.25244e-06
-5.14538  1.73637e-06
-5.1351  1.48096e-06
-5.12602  1.4543e-06
-5.11325  1.45716e-06
-5.10313  1.64866e-06
-5.09297  1.93237e-06
-5.0813  2.08406e-06
-5.06973  1.93291e-06
-5.05602  2.32285e-06
-5.04564  1.76046e-06
-5.03688  1.76833e-06
-5.02466  1.79846e-06
-5.0146  2.66061e-06
-5.00411  2.13612e-06
-4.99288  2.4229e-06
-4.9812  1.98907e-06
-4.97098  2.75167e-06
-4.96109  2.28396e-06
-4.94938  2.3773e-06
-4.93914  3.07174e-06
-4.92833  2.86794e-06
-4.91669  2.41565e-06
-4.90526  3.45021e-06
-4.89442  2.89373e-06
-4.8834  3.13943e-06
-4.87193  3.26772e-06
-4.86215  3.37834e-06
-4.85152  2.9932e-06
-4.83869  4.45524e-06
-4.82823  3.16465e-06
-4.81773  3.38137e-06
-4.80661  4.28658e-06
-4.79609  3.38522e-06
-4.78476  4.9861e-06
-4.77223  4.26831e-06
-4.76214  4.64223e-06
-4.75024  3.20364e-06
-4.74085  5.39332e-06
-4.73019  3.84648e-06
-4.72046  4.49102e-06
-4.71005  4.89045e-06
-4.69934  4.74505e-06
-4.68818  5.2123e-06
-4.67806  5.50209e-06
-4.66716  5.76197e-06
-4.65551  5.73383e-06
-4.64471  5.21744e-06
-4.63416  6.53131e-06
-4.62296  6.35828e-06
-4.61293  5.45396e-06
-4.60187  6.86563e-06
-4.59145  5.98117e-06
-4.581  7.10208e-06
-4.57001  6.99307e-06
-4.55927  7.06558e-06
-4.54808  7.8767e-06
-4.53699  7.77087e-06
-4.52634  7.74875e-06
-4.51517  8.20796e-06
-4.50526  7.1006e-06
-4.49497  8.41763e-06
-4.48379  9.11515e-06
-4.47272  8.88565e-06
-4.46169  1.02954e-05
-4.45089  8.41834e-06
-4.43972  1.0632e-05
-4.4286  9.72435e-06
-4.41829  1.01384e-05
-4.4079  9.17336e-06
-4.3971  1.16572e-05
-4.38651  1.00841e-05
-4.37655  1.08949e-05
-4.36628  9.94159e-06
-4.35572  1.28776e-05
-4.34537  1.11576e-05
-4.33461  1.28646e-05
-4.32319  1.31006e-05
-4.31231  1.39536e-05
-4.30134  1.25837e-05
-4.29092  1.4366e-05
-4.27946  1.54508e-05
-4.26879  1.23205e-05
-4.25894  1.43796e-05
-4.2487  1.44961e-05
-4.23823  1.58035e-05
-4.22702  1.65806e-05
-4.21611  1.65045e-05
-4.20536  1.6215e-05
-4.19449  1.86834e-05
-4.18415  1.52595e-05
-4.17374  1.80002e-05
-4.16317  1.85591e-05
-4.15281  1.69672e-05
-4.14293  1.82188e-05
-4.13242  2.12104e-05
-4.12206  1.68079e-05
-4.11192  2.13408e-05
-4.10145  2.04605e-05
-4.09105  2.11782e-05
-4.07992  2.36321e-05
-4.06864  2.39642e-05
-4.05741  2.40321e-05
-4.04664  2.41546e-05
-4.03564  2.48938e-05
-4.02499  2.44031e-05
-4.01447  2.58107e-05
-4.00371  2.63842e-05
-3.99302  2.5917e-05
-3.98295  2.58019e-05
-3.97294  2.63457e-05
-3.96235  2.9347e-05
-3.95166  2.91186e-05
-3.94095  2.8842e-05
-3.93079  3.10105e-05
-3.92027  2.83323e-05
-3.9097  3.47863e-05
-3.89925  2.94996e-05
-3.88878  3.48217e-05
-3.87846  3.07408e-05
-3.86793  3.6612e-05
-3.85714  3.59035e-05
-3.84634  3.69943e-05
-3.83568  3.69842e-05
-3.82531  3.78871e-05
-3.81435  3.9471e-05
-3.80386  3.90979e-05
-3.7934  4.00219e-05
-3.78286  4.20126e-05
-3.77218  4.04023e-05
-3.76206  4.35914e-05
-3.75123  4.48388e-05
-3.74058  4.51728e-05
-3.72983  4.6727e-05
-3.71939  4.63838e-05
-3.70898  4.61447e-05
-3.69874  4.89537e-05
-3.68831  4.809e-05
-3.67785  5.12544e-05
-3.66729  5.27209e-05
-3.65655  5.4229e-05
-3.64583  5.41561e-05
-3.63579  5.16167e-05
-3.62539  5.68585e-05
-3.61494  5.79873e-05
-3.60413  6.04815e-05
-3.59333  6.1363e-05
-3.58285  6.09226e-05
-3.57239  6.06002e-05
-3.56214  6.34419e-05
-3.55184  6.18127e-05
-3.54127  6.97588e-05
-3.53072  6.44352e-05
-3.52048  6.85386e-05
-3.50983  7.42257e-05
-3.49908  6.88058e-05
-3.48909  7.04167e-05
-3.47879  7.44561e-05
-3.4684  7.365e-05
-3.45794  7.95224e-05
-3.44736  7.81047e-05
-3.43706  7.8602e-05
-3.42683  7.92647e-05
-3.41633  8.57777e-05
-3.40586  8.33055e-05
-3.39553  8.61737e-05
-3.38495  8.94386e-05
-3.37453  8.85331e-05
-3.36432  8.81208e-05
-3.35408  9.4292e-05
-3.34363  9.40085e-05
-3.33324  9.59684e-05
-3.32268  0.000101012
-3.31227  9.8051e-05
-3.302  9.94753e-05
-3.29187  0.000101589
-3.28178  0.000102018
-3.2715  0.000108123
-3.26088  0.000112952
-3.2505  0.000107331
-3.24044  0.000110421
-3.23029  0.000113907
-3.21996  0.000117293
-3.20978  0.000114074
-3.1997  0.000120264
-3.18923  0.000125877
-3.17888  0.000123631
-3.1686  0.00012695
-3.15818  0.000132349
-3.14784  0.000130084
-3.13772  0.000131274
-3.12745  0.00013806
-3.11705  0.000139018
-3.1068  0.000139835
-3.09655  0.000142043
-3.08621  0.000147951
-3.07599  0.00014473
-3.06578  0.000150518
-3.0555  0.000153794
-3.04515  0.000156781
-3.03487  0.000157621
-3.02468  0.000159197
-3.01454  0.000162353
-3.00424  0.000167823
-2.99399  0.000165994
-2.98377  0.000172196
-2.97349  0.000175347
-2.96323  0.000176213
-2.9529  0.000183118
-2.94262  0.000181843
-2.93242  0.000185176
-2.92215  0.000190869
-2.91189  0.000190614
-2.90176  0.000192459
-2.89164  0.000195346
-2.88143  0.000201734
-2.87118  0.000204292
-2.861  0.00020408
-2.85088  0.000209604
-2.84063  0.000214834
-2.83045  0.000216401
-2.8202  0.00022178
-2.80994  0.000224111
-2.79977  0.000224277
-2.78964  0.000228536
-2.77948  0.00023326
-2.76929  0.000237123
-2.75918  0.000237521
-2.74904  0.000243811
-2.73882  0.000250928
-2.72859  0.000251232
-2.71836  0.000257368
-2.70818  0.000257529
-2.69801  0.000264724
-2.6877  0.000269441
-2.67742  0.000272523
-2.66717  0.000276397
-2.65682  0.000285954
-2.64654  0.000282957
-2.63631  0.000288962
-2.62608  0.000293818
-2.61586  0.000295126
-2.60568  0.000300659
-2.59554  0.000300445
-2.58536  0.000310959
-2.57507  0.000316176
-2.56481  0.00031911
-2.55461  0.000321046
-2.54442  0.000328862
-2.53419  0.000332574
-2.52401  0.000334051
-2.51385  0.000339021
-2.50373  0.000341297
-2.49352  0.000354679
-2.4833  0.000351442
-2.47318  0.000358504
-2.46303  0.000362138
-2.45279  0.000375399
-2.44252  0.000376673
-2.43238  0.000372923
-2.42233  0.000381006
-2.41212  0.00039255
-2.40191  0.00039263
-2.39175  0.000399406
-2.38161  0.000402769
-2.37153  0.000405062
-2.3614  0.000417269
-2.35117  0.000424927
-2.34097  0.000423497
-2.33087  0.000429079
-2.32071  0.000438158
-2.31049  0.000442771
-2.30034  0.000446699
-2.29014  0.000458017
-2.27998  0.000457927
-2.2699  0.000460809
-2.25982  0.000469427
-2.24962  0.000482999
-2.23947  0.000474795
-2.2293  0.000496492
-2.21907  0.000495893
-2.20888  0.000504416
-2.19872  0.000505135
-2.18858  0.00051518
-2.17846  0.000516215
-2.16837  0.00052345
-2.15823  0.000532585
-2.148  0.000543412
-2.13773  0.00055415
-2.12745  0.000557451
-2.1173  0.000554667
-2.10714  0.000570864
-2.09699  0.000567787
-2.08689  0.000576146
-2.07676  0.000584435
-2.0666  0.000593342
-2.05644  0.000598418
-2.04629  0.000606438
-2.03612  0.000616936
-2.02599  0.000617718
-2.01584  0.000631671
-2.00568  0.000629165
-1.99555  0.000642188
-1.98542  0.000645406
-1.97526  0.000660749
-1.96502  0.000671919
-1.95477  0.000678334
-1.94467  0.00066792
-1.93458  0.000692373
-1.9244  0.000692773
-1.91421  0.000704981
-1.90404  0.000706062
-1.89389  0.000721567
-1.88373  0.00072511
-1.87361  0.000733059
-1.86349  0.000737654
-1.85339  0.000747443
-1.84326  0.00075712
-1.83311  0.000761065
-1.82297  0.000775504
-1.81284  0.000776385
-1.80265  0.000802598
-1.79245  0.000801105
-1.78229  0.00080871
-1.77218  0.000809792
-1.7621  0.000816813
-1.75196  0.000835259
-1.74172  0.000852619
-1.73156  0.000840503
-1.72147  0.000862078
-1.71134  0.000867539
-1.70119  0.000881797
-1.69107  0.000878216
-1.68094  0.000896899
-1.67077  0.000905169
-1.66063  0.000911375
-1.65054  0.000918619
-1.64042  0.000933637
-1.63026  0.000946297
-1.62011  0.000949288
-1.60996  0.000959139
-1.59978  0.000969813
-1.58962  0.000984484
-1.5795  0.000985234
-1.56943  0.000993081
-1.55933  0.00100882
-1.5492  0.0010129
-1.5391  0.00102267
-1.52896  0.00104017
-1.51882  0.00104631
-1.5087  0.00105943
-1.49857  0.0010749
-1.48842  0.00107763
-1.47834  0.00107812
-1.46829  0.00108489
-1.45813  0.00112294
-1.44797  0.00111626
-1.43786  0.00113149
-1.42773  0.0011479
-1.41763  0.00114578
-1.40752  0.00116494
-1.39737  0.00116862
-1.38727  0.00117896
-1.37721  0.00118802
-1.36712  0.0012121
-1.35706  0.00120284
-1.347  0.00123627
-1.33691  0.00122528
-1.3268  0.00125531
-1.31666  0.00125962
-1.30661  0.00126131
-1.29652  0.00130108
-1.28639  0.0012954
-1.27632  0.00130501
-1.26624  0.00132065
-1.25612  0.00132809
-1.24605  0.00133074
-1.23599  0.00136176
-1.22594  0.00135797
-1.2159  0.00138881
-1.20579  0.00139428
-1.19569  0.00140403
-1.18559  0.00141073
-1.17553  0.00142165
-1.16546  0.00144861
-1.15532  0.00148001
-1.14521  0.00146825
-1.13513  0.00148987
-1.12506  0.001481
-1.11489  0.00153397
-1.10473  0.00151606
-1.09467  0.00154095
-1.08455  0.00157053
-1.07444  0.00157217
-1.06437  0.0015758
-1.05433  0.00157873
-1.04423  0.00161017
-1.03414  0.00161442
-1.02409  0.00163911
-1.01399  0.00167125
-1.00384  0.00169032
-0.993667  0.00169776
-0.983546  0.00168791
-0.973447  0.00170545
-0.963396  0.00171722
-0.953339  0.00175324
-0.943246  0.00177679
-0.93316  0.00178571
-0.923056  0.0017975
-0.912979  0.00179597
-0.9029  0.00182329
-0.892814  0.00185345
-0.882749  0.00186046
-0.872677  0.0018942
-0.862111  0.00206535
-0.851526  0.00191578
-0.841443  0.00191845
-0.831362  0.00196827
-0.821253  0.00198255
-0.811127  0.00201183
-0.800998  0.00200439
-0.79093  0.00199623
-0.780861  0.00204765
-0.770789  0.00206833
-0.760704  0.00210536
-0.750603  0.00211539
-0.740508  0.0021259
-0.730412  0.00212041
-0.720329  0.00214142
-0.710252  0.00219947
-0.699699  0.00242926
-0.689188  0.00225158
-0.679142  0.00225813
-0.669093  0.00226534
-0.659016  0.00228037
-0.648895  0.00230979
-0.638822  0.00234947
-0.628768  0.00240827
-0.618705  0.00241074
-0.608644  0.0024421
-0.598562  0.00243872
-0.588439  0.0024703
-0.578312  0.00250067
-0.567803  0.00279163
-0.557267  0.00258769
-0.547168  0.00260505
-0.537068  0.00261188
-0.526968  0.00260429
-0.516936  0.00267452
-0.506854  0.00277218
-0.49675  0.00275565
-0.486706  0.00278611
-0.476653  0.00277402
-0.466552  0.00280523
-0.456475  0.00288112
-0.446465  0.00294125
-0.436426  0.00298477
-0.426351  0.00302127
-0.416288  0.00297976
-0.406239  0.00300621
-0.396068  0.0030926
-0.385979  0.00320011
-0.375483  0.00357702
-0.364922  0.00332366
-0.354843  0.0033079
-0.344787  0.00329834
-0.334684  0.00333378
-0.32464  0.00346877
-0.314591  0.00361644
-0.304509  0.00360939
-0.294494  0.00361501
-0.284448  0.00361817
-0.274326  0.00366539
-0.264281  0.00387184
-0.254281  0.00399406
-0.244244  0.00404066
-0.234205  0.0040258
-0.22415  0.00404575
-0.213969  0.00410972
-0.20394  0.00441773
-0.193897  0.00461169
-0.183836  0.00459739
-0.173816  0.00458881
-0.163751  0.00460133
-0.153555  0.00472871
-0.143552  0.00528475
-0.133539  0.00546063
-0.123512  0.00545906
-0.113479  0.00545752
-0.103398  0.00546115
-0.0930953  0.00582245
-0.0832298  0.00686457
-0.0732413  0.00706395
-0.063178  0.00711567
-0.0531033  0.00709139
-0.0430482  0.00711643
-0.0324292  0.00854082
-0.0229298  0.0127386
-0.0128668  0.0136261
-0.00373794  0.013116
0.00373794  0.013116
0.0128668  0.0136261
0.0229298  0.0127386
0.0324292  0.00854082
0.0430482  0.00711643
0.0531033  0.00709139
0.063178  0.00711567
0.0732413  0.00706395
0.0832298  0.00686457
0.0930953  0.00582245
0.103398  0.00546115
0.113479  0.00545752
0.123512  0.00545906
0.133539  0.00546063
0.143552  0.00528475
0.153555  0.00472871
0.163751  0.00460133
0.173816  0.00458881
0.183836  0.00459739
0.193897  0.00461169
0.20394  0.00441773
0.213969  0.00410972
0.22415  0.00404575
0.234205  0.0040258
0.244244  0.00404066
0.254281  0.00399406
0.264281  0.00387184
0.274326  0.00366539
0.284448  0.00361817
0.294494  0.00361501
0.304509  0.00360939
0.314591  0.00361644
0.32464  0.00346877
0.334684  0.00333378
0.344787  0.00329834
0.354843  0.0033079
0.364922  0.00332366
0.375483  0.00357702
0.385979  0.00320011
0.396068  0.0030926
0.406239  0.00300621
0.416288  0.00297976
0.426351  0.00302127
0.436426  0.00298477
0.446465  0.00294125
0.456475  0.00288112
0.466552  0.00280523
0.476653  0.00277402
0.486706  0.00278611
0.49675  0.00275565
0.506854  0.00277218
0.516936  0.00267452
0.526968  0.00260429
0.537068  0.00261188
0.547168  0.00260505
0.557267  0.00258769
0.567803  0.00279163
0.578312  0.00250067
0.588439  0.0024703
0.598562  0.00243872
0.608644  0.0024421
0.618705  0.00241074
0.628768  0.00240827
0.638822  0.00234947
0.648895  0.00230979
0.659016  0.00228037
0.669093  0.00226534
0.679142  0.00225813
0.689188  0.00225158
0.699699  0.00242926
0.710252  0.00219947
0.720329  0.00214142
0.730412  0.00212041
0.740508  0.0021259
0.750603  0.00211539
0.760704  0.00210536
0.770789  0.00206833
0.780861  0.00204765
0.79093  0.00199623
0.800998  0.00200439
0.811127  0.00201183
0.821253  0.00198255
0.831362  0.00196827
0.841443  0.00191845
0.851526  0.00191578
0.862111  0.00206535
0.872677  0.0018942
0.882749  0.00186046
0.892814  0.00185345
0.9029  0.00182329
0.912979  0.00179597
0.923056  0.0017975
0.93316  0.00178571
0.943246  0.00177679
0.953339  0.00175324
0.963396  0.00171722
0.973447  0.00170545
0.983546  0.00168791
0.993667  0.00169776
1.00384  0.00169032
1.01399  0.00167125
1.02409  0.00163911
1.03414  0.00161442
1.04423  0.00161017
1.05433  0.00157873
1.06437  0.0015758
1.07444  0.00157217
1.08455  0.00157053
1.09467  0.00154095
1.10473  0.00151606
1.11489  0.00153397
1.12506  0.001481
1.13513  0.00148987
1.14521  0.00146825
1.15532  0.00148001
1.16546  0.00144861
1.17553  0.00142165
1.18559  0.00141073
1.19569  0.00140403
1.20579  0.00139428
1.2159  0.00138881
1.22594  0.00135797
1.23599  0.00136176
1.24605  0.00133074
1.25612  0.00132809
1.26624  0.00132065
1.27632  0.00130501
1.28639  0.0012954
1.29652  0.00130108
1.30661  0.00126131
1.31666  0.00125962
1.3268  0.00125531
1.33691  0.00122528
1.347  0.00123627
1.35706  0.00120284
1.36712  0.0012121
1.37721  0.00118802
1.38727  0.00117896
1.39737  0.00116862
1.40752  0.00116494
1.41763  0.00114578
1.42773  0.0011479
1.43786  0.00113149
1.44797  0.00111626
1.45813  0.00112294
1.46829  0.00108489
1.47834  0.00107812
1.48842  0.00107763
1.49857  0.0010749
1.5087  0.00105943
1.51882  0.00104631
1.52896  0.00104017
1.5391  0.00102267
1.5492  0.0010129
1.55933  0.00100882
1.56943  0.000993081
1.5795  0.000985234
1.58962  0.000984484
1.59978  0.000969813
1.60996  0.000959139
1.62011  0.000949288
1.63026  0.000946297
1.64042  0.000933637
1.65054  0.000918619
1.66063  0.000911375
1.67077  0.000905169
1.68094  0.000896899
1.69107  0.000878216
1.70119  0.000881797
1.71134  0.000867539
1.72147  0.000862078
1.73156  0.000840503
1.74172  0.000852619
1.75196  0.000835259
1.7621  0.000816813
1.77218  0.000809792
1.78229  0.00080871
1.79245  0.000801105
1.80265  0.000802598
1.81284  0.000776385
1.82297  0.000775504
1.83311  0.000761065
1.84326  0.00075712
1.85339  0.000747443
1.86349  0.000737654
1.87361  0.000733059
1.88373  0.00072511
1.89389  0.000721567
1.90404  0.000706062
1.91421  0.000704981
1.9244  0.000692773
1.93458  0.000692373
1.94467  0.00066792
1.95477  0.000678334
1.96502  0.000671919
1.97526  0.000660749
1.98542  0.000645406
1.99555  0.000642188
2.00568  0.000629165
2.01584  0.000631671
2.02599  0.000617718
2.03612  0.000616936
2.04629  0.000606438
2.05644  0.000598418
2.0666  0.000593342
2.07676  0.000584435
2.08689  0.000576146
2.09699  0.000567787
2.10714  0.000570864
2.1173  0.000554667
2.12745  0.000557451
2.13773  0.00055415
2.148  0.000543412
2.15823  0.000532585
2.16837  0.00052345
2.17846  0.000516215
2.18858  0.00051518
2.19872  0.000505135
2.20888  0.000504416
2.21907  0.000495893
2.2293  0.000496492
2.23947  0.000474795
2.24962  0.000482999
2.25982  0.000469427
2.2699  0.000460809
2.27998  0.000457927
2.29014  0.000458017
2.30034  0.000446699
2.31049  0.000442771
2.32071  0.000438158
2.33087  0.000429079
2.34097  0.000423497
2.35117  0.000424927
2.3614  0.000417269
2.37153  0.000405062
2.38161  0.000402769
2.39175  0.000399406
2.40191  0.00039263
2.41212  0.00039255
2.42233  0.000381006
2.43238  0.000372923
2.44252  0.000376673
2.45279  0.000375399
2.46303  0.000362138
2.47318  0.000358504
2.4833  0.000351442
2.49352  0.000354679
2.50373  0.000341297
2.51385  0.000339021
2.52401  0.000334051
2.53419  0.000332574
2.54442  0.000328862
2.55461  0.000321046
2.56481  0.00031911
2.57507  0.000316176
2.58536  0.000310959
2.59554  0.000300445
2.60568  0.000300659
2.61586  0.000295126
2.62608  0.000293818
2.63631  0.000288962
2.64654  0.000282957
2.65682  0.000285954
2.66717  0.000276397
2.67742  0.000272523
2.6877  0.000269441
2.69801  0.000264724
2.70818  0.000257529
2.71836  0.000257368
2.72859  0.000251232
2.73882  0.000250928
2.74904  0.000243811
2.75918  0.000237521
2.76929  0.000237123
2.77948  0.00023326
2.78964  0.000228536
2.79977  0.000224277
2.80994  0.000224111
2.8202  0.00022178
2.83045  0.000216401
2.84063  0.000214834
2.85088  0.000209604
2.861  0.00020408
2.87118  0.000204292
2.88143  0.000201734
2.89164  0.000195346
2.90176  0.000192459
2.91189  0.000190614
2.92215  0.000190869
2.93242  0.000185176
2.94262  0.000181843
2.9529  0.000183118
2.96323  0.000176213
2.97349  0.000175347
2.98377  0.000172196
2.99399  0.000165994
3.00424  0.000167823
3.01454  0.000162353
3.02468  0.000159197
3.03487  0.000157621
3.04515  0.000156781
3.0555  0.000153794
3.06578  0.000150518
3.07599  0.00014473
3.08621  0.000147951
3.09655  0.000142043
3.1068  0.000139835
3.11705  0.000139018
3.12745  0.00013806
3.13772  0.000131274
3.14784  0.000130084
3.15818  0.000132349
3.1686  0.00012695
3.17888  0.000123631
3.18923  0.000125877
3.1997  0.000120264
3.20978  0.000114074
3.21996  0.000117293
3.23029  0.000113907
3.24044  0.000110421
3.2505  0.000107331
3.26088  0.000112952
3.2715  0.000108123
3.28178  0.000102018
3.29187  0.000101589
3.302  9.94753e-05
3.31227  9.8051e-05
3.32268  0.000101012
3.33324  9.59684e-05
3.34363  9.40085e-05
3.35408  9.4292e-05
3.36432  8.81208e-05
3.37453  8.85331e-05
3.38495  8.94386e-05
3.39553  8.61737e-05
3.40586  8.33055e-05
3.41633  8.57777e-05
3.42683  7.92647e-05
3.43706  7.8602e-05
3.44736  7.81047e-05
3.45794  7.95224e-05
3.4684  7.365e-05
3.47879  7.44561e-05
3.48909  7.04167e-05
3.49908  6.88058e-05
3.50983  7.42257e-05
3.52048  6.85386e-05
3.53072  6.44352e-05
3.54127  6.97588e-05
3.55184  6.18127e-05
3.56214  6.34419e-05
3.57239  6.06002e-05
3.58285  6.09226e-05
3.59333  6.1363e-05
3.60413  6.04815e-05
3.61494  5.79873e-05
3.62539  5.68585e-05
3.63579  5.16167e-05
3.64583  5.41561e-05
3.65655  5.4229e-05
3.66729  5.27209e-05
3.67785  5.12544e-05
3.68831  4.809e-05
3.69874  4.89537e-05
3.70898  4.61447e-05
3.71939  4.63838e-05
3.72983  4.6727e-05
3.74058  4.51728e-05
3.75123  4.48388e-05
3.76206  4.35914e-05
3.77218  4.04023e-05
3.78286  4.20126e-05
3.7934  4.00219e-05
3.80386  3.90979e-05
3.81435  3.9471e-05
3.82531  3.78871e-05
3.83568  3.69842e-05
3.84634  3.69943e-05
3.85714  3.59035e-05
3.86793  3.6612e-05
3.87846  3.07408e-05
3.88878  3.48217e-05
3.89925  2.94996e-05
3.9097  3.47863e-05
3.92027  2.83323e-05
3.93079  3.10105e-05
3.94095  2.8842e-05
3.95166  2.91186e-05
3.96235  2.9347e-05
3.97294  2.63457e-05
3.98295  2.58019e-05
3.99302  2.5917e-05
4.00371  2.63842e-05
4.01447  2.58107e-05
4.02499  2.44031e-05
4.03564  2.48938e-05
4.04664  2.41546e-05
4.05741  2.40321e-05
4.06864  2.39642e-05
4.07992  2.36321e-05
4.09105  2.11782e-05
4.10145  2.04605e-05
4.11192  2.13408e-05
4.12206  1.68079e-05
4.13242  2.12104e-05
4.14293  1.82188e-05
4.15281  1.69672e-05
4.16317  1.85591e-05
4.17374  1.80002e-05
4.18415  1.52595e-05
4.19449  1.86834e-05
4.20536  1.6215e-05
4.21611  1.65045e-05
4.22702  1.65806e-05
4.23823  1.58035e-05
4.2487  1.44961e-05
4.25894  1.43796e-05
4.26879  1.23205e-05
4.27946  1.54508e-05
4.29092  1.4366e-05
4.30134  1.25837e-05
4.31231  1.39536e-05
4.32319  1.31006e-05
4.33461  1.28646e-05
4.34537  1.11576e-05
4.35572  1.28776e-05
4.36628  9.94159e-06
4.37655  1.08949e-05
4.38651  1.00841e-05
4.3971  1.16572e-05
4.4079  9.17336e-06
4.41829  1.01384e-05
4.4286  9.72435e-06
4.43972  1.0632e-05
4.45089  8.41834e-06
4.46169  1.02954e-05
4.47272  8.88565e-06
4.48379  9.11515e-06
4.49497  8.41763e-06
4.50526  7.1006e-06
4.51517  8.20796e-06
4.52634  7.74875e-06
4.53699  7.77087e-06
4.54808  7.8767e-06
4.55927  7.06558e-06
4.57001  6.99307e-06
4.581  7.10208e-06
4.59145  5.98117e-06
4.60187  6.86563e-06
4.61293  5.45396e-06
4.62296  6.35828e-06
4.63416  6.53131e-06
4.64471  5.21744e-06
4.65551  5.73383e-06
4.66716  5.76197e-06
4.67806  5.50209e-06
4.68818  5.2123e-06
4.69934  4.74505e-06
4.71005  4.89045e-06
4.72046  4.49102e-06
4.73019  3.84648e-06
4.74085  5.39332e-06
4.75024  3.20364e-06
4.76214  4.64223e-06
4.77223  4.26831e-06
4.78476  4.9861e-06
4.79609  3.38522e-06
4.80661  4.28658e-06
4.81773  3.38137e-06
4.82823  3.16465e-06
4.83869  4.45524e-06
4.85152  2.9932e-06
4.86215  3.37834e-06
4.87193  3.26772e-06
4.8834  3.13943e-06
4.89442  2.89373e-06
4.90526  3.45021e-06
4.91669  2.41565e-06
4.92833  2.86794e-06
4.93914  3.07174e-06
4.94938  2.3773e-06
4.96109  2.28396e-06
4.97098  2.75167e-06
4.9812  1.98907e-06
4.99288  2.4229e-06
5.00411  2.13612e-06
5.0146  2.66061e-06
5.02466  1.79846e-06
5.03688  1.76833e-06
5.04564  1.76046e-06
5.05602  2.32285e-06
5.06973  1.93291e-06
5.0813  2.08406e-06
5.09297  1.93237e-06
5.10313  1.64866e-06
5.11325  1.45716e-06
5.12602  1.4543e-06
5.1351  1.48096e-06
5.14538  1.73637e-06
5.15799  1.25244e-06
5.16832  1.48e-06
5.18026  1.61444e-06
5.19078  1.30282e-06
5.20216  1.26289e-06
5.21523  1.20631e-06
5.22578  1.44763e-06
5.23735  1.31442e-06
5.24996  1.28435e-06
5.26335  1.01535e-06
5.275  1.21695e-06
5.28687  1.42118e-06
5.30036  8.55931e-07
5.31391  1.03899e-06
5.32591  1.21474e-06
5.33875  1.00778e-06
5.35324  1.0759e-06
5.36601  8.28456e-07
5.38116  9.2734e-07
5.39435  1.18173e-06
5.40762  8.63719e-07
5.42554  6.7387e-07
5.4372  9.61173e-07
5.45232  9.91068e-07
5.46891  5.97689e-07
5.48249  7.3567e-07
5.49988  8.29276e-07
5.51452  8.00598e-07
5.53079  8.1109e-07
5.54853  4.08762e-07
5.56353  7.27639e-07
5.58117  8.45013e-07
5.59743  4.11149e-07
5.61609  5.19381e-07
5.63434  6.42699e-07
5.65132  7.07085e-07
5.67117  4.04765e-07
5.68985  3.83559e-07
5.70804  6.13624e-07
5.72894  4.20826e-07
5.74812  4.68927e-07
5.76849  3.2732e-07
5.79075  4.10148e-07
5.81045  5.77746e-07
5.83374  2.17537e-07
5.85593  2.5347e-07
5.8769  4.3604e-07
5.90236  3.31041e-07
5.92463  1.98016e-07
5.94053  6.58089e-09
5.94905  2.87688e-07
5.97554  2.96539e-07
5.99925  2.24559e-07
6.02639  2.86861e-07
6.05451  8.85441e-08
6.08056  2.3217e-07
6.10969  3.00659e-07
6.13893  3.24345e-08
6.16894  1.97702e-07
6.20052  1.79549e-07
6.23259  1.16216e-07
6.26513  1.39134e-07
6.30006  5.3363e-08
6.33593  1.56155e-07
6.37157  9.1022e-08
6.40973  5.89155e-08
6.45121  9.32535e-08
6.49118  4.29905e-08
6.5344  1.0555e-07
6.58152  2.08836e-08
6.62596  1.92506e-08
6.67686  9.45494e-08
6.78226  2.67542e-08
6.84304  4.23475e-08
6.96874  3.19544e-08
7.04245  7.58678e-09
7.19815  2.1468e-08
7.49637  7.69221e-09
7.92325  1.14842e-09
