-14.6228  0.0142772
-13.5241  0.08518
-13.37  0.0435225
-12.4827  0.0159961
-12.4255  0.0150977
-8.27952  0.0123511
-8.26965  0.00795368
-7.58576  0.001432
-7.18164  8.2726e-05
-6.89492  3.98778e-06
-6.67248  1.53943e-07
-6.49066  4.69126e-09
-6.33688  1.13504e-10
-5.93929  0.0378275
-5.84758  0.00533559
-5.76364  0.000462351
-5.68629  2.97166e-05
-5.61453  1.43396e-06
-5.5476  5.24383e-08
-5.48487  1.48019e-09
-5.24646  0.00497005
-5.19958  0.00086135
-5.15484  8.30421e-05
-5.11205  5.34288e-06
-5.07102  2.44229e-07
-5.03161  8.2727e-09
-4.9937  2.13934e-10
-4.84114  0.000534892
-4.80967  0.000103137
-4.77918  9.95368e-06
-4.7496  6.06658e-07
-4.72087  2.56864e-08
-4.69295  7.97107e-10
-4.55357  4.80356e-05
-4.53011  5.75052e-08
-4.52989  9.21424e-06
-4.50676  8.47643e-07
-4.48416  4.78533e-08
-4.46205  1.85624e-09
-4.33051  3.45462e-06
-4.31153  6.31657e-07
-4.2929  5.34898e-08
-4.27461  2.76651e-09
-4.23375  0.0272566
-4.21646  0.00384456
-4.19947  0.000333147
-4.18278  2.14123e-05
-4.16638  1.03324e-06
-4.14858  2.33912e-07
-4.13248  3.42834e-08
-4.11684  2.60062e-09
-4.10147  1.21422e-10
-4.06695  0.00716234
-4.05231  0.00124129
-4.03789  0.000119672
-4.02369  7.69963e-06
-4.00969  3.51958e-07
-3.99515  2.07621e-08
-3.98089  1.67997e-09
-3.96727  1.02818e-10
-3.92406  0.00115625
-3.91137  0.000222947
-3.89885  2.15164e-05
-3.88648  1.31138e-06
-3.87426  5.55251e-08
-3.86196  2.04249e-09
-3.79908  0.000138448
-3.78788  2.67231e-05
-3.77681  2.44308e-06
-3.76586  1.37923e-07
-3.75502  5.35007e-09
-3.74423  1.60047e-10
-3.68802  1.24461e-05
-3.678  2.2757e-06
-3.66807  1.92711e-07
-3.65791  1.03181e-08
-3.58677  9.91524e-07
-3.57002  1.11411e-08
-3.56111  5.23146e-10
-3.53959  0.00302762
-3.5236  4.31149e-05
-3.51472  2.90079e-06
-3.49734  4.88844e-08
-3.48844  7.51914e-09
-3.45404  0.000833137
-3.4454  0.000176148
-3.4304  9.44918e-07
-3.42205  4.30915e-08
-3.40647  2.88532e-10
-3.37417  0.000149638
-3.36622  3.15235e-05
-3.35206  1.54853e-07
-3.33745  2.34403e-10
-3.30022  1.79361e-05
-3.29289  3.55723e-06
-3.27971  1.48694e-08
-3.23139  1.52742e-06
-3.22458  2.78758e-07
-3.21225  9.72208e-10
-3.19146  0.0204522
-3.18485  0.00313478
-3.17291  1.69386e-05
-3.16094  4.5161e-08
-3.12974  0.00561301
-3.12326  0.00102516
-3.11212  6.05613e-06
-3.10095  9.87963e-09
-3.07164  0.000953358
-3.0653  0.000184775
-3.05481  1.0287e-06
-3.04427  1.34823e-09
-3.01672  0.000119173
-3.01056  2.20955e-05
-3.00062  1.07885e-07
-2.99064  1.1627e-10
-2.96462  1.1055e-05
-2.95864  1.87989e-06
-2.94448  2.70841e-10
-2.91509  7.69954e-07
-2.90934  1.17828e-07
-2.89002  0.00387247
-2.88505  0.000739997
-2.87123  2.37832e-07
-2.86239  5.80451e-09
-2.84325  0.00150706
-2.83502  2.47584e-05
-2.822  3.52267e-09
-2.80433  4.65617e-06
-2.79905  0.0002728
-2.78734  2.32826e-07
-2.75713  3.27764e-05
-2.74953  4.39592e-07
-2.7173  2.38857e-06
-2.71306  4.20703e-07
-2.68225  6.02733e-09
-2.67771  1.69578e-07
-2.65905  0.000450453
-2.65512  9.5749e-05
-2.64358  3.06277e-08
-2.6261  6.71064e-07
-2.62169  0.000196032
-2.61188  1.6792e-07
-2.58645  3.46823e-05
-2.58012  4.74723e-07
-2.5528  3.34498e-06
-2.5493  6.0538e-07
-2.5193  3.0784e-07
-2.51034  1.23642e-10
-2.49948  0.0017305
-2.48769  9.12323e-08
-2.46892  0.000515748
-2.46543  0.000100164
-2.45391  8.04973e-10
-2.43828  0.000117294
-2.43242  1.58563e-06
-2.41188  2.39022e-06
-2.40835  1.25457e-05
-2.39769  2.93862e-10
-2.3805  1.299e-06
-2.37471  1.19663e-08
-2.35531  1.8214e-08
-2.35204  6.60245e-08
-2.33809  0.000409464
-2.33068  4.04164e-07
-2.31197  0.000124394
-2.30917  2.57447e-05
-2.29302  1.14211e-09
-2.28563  2.71741e-05
-2.27854  1.81349e-08
-2.26042  3.08915e-06
-2.25345  1.58068e-09
-2.23584  2.43023e-07
-2.21185  1.39692e-08
-2.19956  5.29582e-05
-2.19311  4.59219e-08
-2.17643  1.89954e-05
-2.17015  1.30742e-08
-2.15384  3.21346e-06
-2.14767  1.70744e-09
-2.13176  3.35048e-07
-2.1257  1.33721e-10
-2.11017  2.39714e-08
-2.10087  0.0326551
-2.09312  2.78407e-06
-2.07984  0.00886968
-2.07234  9.47443e-07
-2.05929  0.00145912
-2.05011  6.38398e-09
-2.0392  0.000174588
-2.0199  1.2881e-05
-2.01784  2.64488e-06
-2.00034  1.02745e-06
-1.99062  0.00637784
-1.98547  1.06998e-05
-1.97186  0.00210081
-1.95384  0.00030974
-1.9519  6.72407e-05
-1.9355  4.4641e-05
-1.9307  5.4381e-08
-1.91784  3.75328e-06
-1.90076  1.9951e-07
-1.89178  0.000741111
-1.88867  1.57072e-05
-1.87481  0.000271575
-1.85852  4.01269e-05
-1.85677  8.17256e-06
-1.84192  5.4078e-06
-1.82593  4.15185e-07
-1.81617  0.00477335
-1.80328  5.9008e-05
-1.80052  0.00158247
-1.78527  0.000305092
-1.77047  3.17088e-05
-1.76874  5.63619e-06
-1.75537  3.21277e-06
-1.74076  2.03505e-07
-1.73312  0.00113188
-1.71882  0.000410416
-1.705  6.1619e-05
-1.7035  1.20801e-05
-1.69089  8.31413e-06
-1.67722  6.50298e-07
-1.66376  3.72076e-08
-1.65685  0.000146365
-1.64367  5.22797e-05
-1.63071  8.70624e-06
-1.62774  1.16471e-07
-1.61785  9.08469e-07
-1.5977  0.00034987
-1.59518  8.49886e-05
-1.58508  0.000154415
-1.57305  3.13061e-05
-1.56106  3.69188e-06
-1.5492  2.98486e-07
-1.53749  1.74951e-08
-1.53123  0.000109756
-1.51974  3.98135e-05
-1.50839  6.79849e-06
-1.49718  7.14136e-07
-1.4861  5.13837e-08
-1.47516  2.67751e-09
-1.46948  1.41002e-05
-1.45872  4.74207e-06
-1.4481  7.37897e-07
-1.4376  7.01041e-08
-1.4227  0.00331952
-1.41245  0.00109297
-1.40235  0.000196198
-1.39237  2.32575e-05
-1.3825  1.95208e-06
-1.36777  0.000786847
-1.35817  0.000282295
-1.34867  5.01834e-05
-1.33928  5.61602e-06
-1.32953  4.59349e-07
-1.3161  0.000101683
-1.30705  3.61492e-05
-1.29727  6.6932e-06
-1.28099  4.82215e-08
-1.27509  0.000586364
-1.26517  0.000259209
-1.24992  4.9105e-06
-1.24119  3.69507e-07
-1.23458  0.013075
-1.22517  0.00413534
-1.21041  7.83596e-05
-1.20237  7.16309e-06
-1.19021  0.00252594
-1.18125  0.00100434
-1.16733  1.94368e-05
-1.1595  1.58847e-06
-1.14823  0.000356246
-1.13971  0.000151833
-1.12625  2.58631e-06
-1.11435  0.00189524
-1.10725  0.000667933
-1.09943  0.000136833
-1.08638  1.35912e-06
-1.07584  0.000450662
-1.06804  0.000192522
-1.05525  3.64151e-06
-1.04098  0.000330668
-1.03371  0.000136035
-1.02446  5.81672e-06
-1.0087  0.000237294
-1.00198  0.000104591
-0.99281  6.10166e-06
-0.975985  4.36821e-05
-0.970498  2.78835e-05
-0.963061  3.48227e-06
-0.945429  5.79733e-05
-0.93891  2.48949e-05
-0.928114  4.12389e-07
-0.917265  0.00350598
-0.907049  0.000174143
-0.888755  0.000623458
-0.882651  0.000264982
-0.872622  4.87067e-06
-0.86008  8.54504e-05
-0.854274  3.54983e-05
-0.836883  0.000465571
-0.831225  0.000207373
-0.821948  4.0378e-06
-0.808958  0.000163623
-0.800368  8.12725e-06
-0.785415  3.3778e-05
-0.780247  1.36119e-05
-0.763868  4.52951e-05
-0.759092  2.68707e-05
-0.750319  3.87065e-07
-0.738476  1.68827e-05
-0.727575  9.11594e-08
-0.716674  6.719e-06
-0.698958  0.00031937
-0.694502  0.000141726
-0.686827  2.54114e-06
-0.676101  0.000118362
-0.665715  5.59049e-07
-0.655438  1.52861e-05
-0.639715  6.27316e-05
-0.635518  2.71584e-05
-0.621609  0.000741311
-0.612295  4.90353e-06
-0.602639  0.000179655
-0.585753  2.22049e-05
-0.581944  9.33534e-06
-0.569623  0.00013494
-0.553852  2.48829e-05
-0.55002  1.04638e-05
-0.536916  4.52648e-05
-0.522484  1.99988e-05
-0.518387  3.59903e-06
-0.506565  4.45124e-06
-0.492775  8.12267e-06
-0.478441  0.0221572
-0.475312  0.0071125
-0.463396  0.00600555
-0.449713  0.000733066
-0.438768  0.00436622
-0.428255  0.00100535
-0.423606  0.00033599
-0.412965  0.000143704
-0.402822  0.000423714
-0.391047  0.000106753
-0.376106  3.06034e-05
-0.370695  0.00624234
-0.359831  0.00151526
-0.343004  0.00099005
-0.335605  0.000659574
-0.323413  5.59897e-05
-0.313479  0.000114664
-0.304615  3.32536e-05
-0.28876  0.00075302
-0.281164  0.000242316
-0.267213  0.000131947
-0.258969  0.00255243
-0.250717  0.000670387
-0.238452  0.000486357
-0.228691  0.000200592
-0.218048  7.50084e-05
-0.202364  0.000524625
-0.198199  0.000276353
-0.186261  0.000152833
-0.176867  4.05965e-05
-0.166103  5.06871e-06
-0.156859  0.000104159
-0.142152  0.000144527
-0.134464  6.23915e-05
-0.12371  1.80325e-05
-0.110154  0.00212828
-0.103982  0.00107761
-0.0932657  6.32996e-05
-0.0843921  0.000819547
-0.0684807  8.8886e-05
-0.0598907  0.000348867
-0.0485814  9.68504e-05
-0.040887  2.60697e-05
-0.026422  0.000175705
-0.0198727  0.000105125
-0.00856307  2.16839e-05
-0.00276021  1.78621e-06
0.00276021  1.78621e-06
0.00856307  2.16839e-05
0.0198727  0.000105125
0.026422  0.000175705
0.040887  2.60697e-05
0.0485814  9.68504e-05
0.0598907  0.000348867
0.0684807  8.8886e-05
0.0843921  0.000819547
0.0932657  6.32996e-05
0.103982  0.00107761
0.110154  0.00212828
0.12371  1.80325e-05
0.134464  6.23915e-05
0.142152  0.000144527
0.156859  0.000104159
0.166103  5.06871e-06
0.176867  4.05965e-05
0.186261  0.000152833
0.198199  0.000276353
0.202364  0.000524625
0.218048  7.50084e-05
0.228691  0.000200592
0.238452  0.000486357
0.250717  0.000670387
0.258969  0.00255243
0.267213  0.000131947
0.281164  0.000242316
0.28876  0.00075302
0.304615  3.32536e-05
0.313479  0.000114664
0.323413  5.59897e-05
0.335605  0.000659574
0.343004  0.00099005
0.359831  0.00151526
0.370695  0.00624234
0.376106  3.06034e-05
0.391047  0.000106753
0.402822  0.000423714
0.412965  0.000143704
0.423606  0.00033599
0.428255  0.00100535
0.438768  0.00436622
0.449713  0.000733066
0.463396  0.00600555
0.475312  0.0071125
0.478441  0.0221572
0.492775  8.12267e-06
0.506565  4.45124e-06
0.518387  3.59903e-06
0.522484  1.99988e-05
0.536916  4.52648e-05
0.55002  1.04638e-05
0.553852  2.48829e-05
0.569623  0.00013494
0.581944  9.33534e-06
0.585753  2.22049e-05
0.602639  0.000179655
0.612295  4.90353e-06
0.621609  0.000741311
0.635518  2.71584e-05
0.639715  6.27316e-05
0.655438  1.52861e-05
0.665715  5.59049e-07
0.676101  0.000118362
0.686827  2.54114e-06
0.694502  0.000141726
0.698958  0.00031937
0.716674  6.719e-06
0.727575  9.11594e-08
0.738476  1.68827e-05
0.750319  3.87065e-07
0.759092  2.68707e-05
0.763868  4.52951e-05
0.780247  1.36119e-05
0.785415  3.3778e-05
0.800368  8.12725e-06
0.808958  0.000163623
0.821948  4.0378e-06
0.831225  0.000207373
0.836883  0.000465571
0.854274  3.54983e-05
0.86008  8.54504e-05
0.872622  4.87067e-06
0.882651  0.000264982
0.888755  0.000623458
0.907049  0.000174143
0.917265  0.00350598
0.928114  4.12389e-07
0.93891  2.48949e-05
0.945429  5.79733e-05
0.963061  3.48227e-06
0.970498  2.78835e-05
0.975985  4.36821e-05
0.99281  6.10166e-06
1.00198  0.000104591
1.0087  0.000237294
1.02446  5.81672e-06
1.03371  0.000136035
1.04098  0.000330668
1.05525  3.64151e-06
1.06804  0.000192522
1.07584  0.000450662
1.08638  1.35912e-06
1.09943  0.000136833
1.10725  0.000667933
1.11435  0.00189524
1.12625  2.58631e-06
1.13971  0.000151833
1.14823  0.000356246
1.1595  1.58847e-06
1.16733  1.94368e-05
1.18125  0.00100434
1.19021  0.00252594
1.20237  7.16309e-06
1.21041  7.83596e-05
1.22517  0.00413534
1.23458  0.013075
1.24119  3.69507e-07
1.24992  4.9105e-06
1.26517  0.000259209
1.27509  0.000586364
1.28099  4.82215e-08
1.29727  6.6932e-06
1.30705  3.61492e-05
1.3161  0.000101683
1.32953  4.59349e-07
1.33928  5.61602e-06
1.34867  5.01834e-05
1.35817  0.000282295
1.36777  0.000786847
1.3825  1.95208e-06
1.39237  2.32575e-05
1.40235  0.000196198
1.41245  0.00109297
1.4227  0.00331952
1.4376  7.01041e-08
1.4481  7.37897e-07
1.45872  4.74207e-06
1.46948  1.41002e-05
1.47516  2.67751e-09
1.4861  5.13837e-08
1.49718  7.14136e-07
1.50839  6.79849e-06
1.51974  3.98135e-05
1.53123  0.000109756
1.53749  1.74951e-08
1.5492  2.98486e-07
1.56106  3.69188e-06
1.57305  3.13061e-05
1.58508  0.000154415
1.59518  8.49886e-05
1.5977  0.00034987
1.61785  9.08469e-07
1.62774  1.16471e-07
1.63071  8.70624e-06
1.64367  5.22797e-05
1.65685  0.000146365
1.66376  3.72076e-08
1.67722  6.50298e-07
1.69089  8.31413e-06
1.7035  1.20801e-05
1.705  6.1619e-05
1.71882  0.000410416
1.73312  0.00113188
1.74076  2.03505e-07
1.75537  3.21277e-06
1.76874  5.63619e-06
1.77047  3.17088e-05
1.78527  0.000305092
1.80052  0.00158247
1.80328  5.9008e-05
1.81617  0.00477335
1.82593  4.15185e-07
1.84192  5.4078e-06
1.85677  8.17256e-06
1.85852  4.01269e-05
1.87481  0.000271575
1.88867  1.57072e-05
1.89178  0.000741111
1.90076  1.9951e-07
1.91784  3.75328e-06
1.9307  5.4381e-08
1.9355  4.4641e-05
1.9519  6.72407e-05
1.95384  0.00030974
1.97186  0.00210081
1.98547  1.06998e-05
1.99062  0.00637784
2.00034  1.02745e-06
2.01784  2.64488e-06
2.0199  1.2881e-05
2.0392  0.000174588
2.05011  6.38398e-09
2.05929  0.00145912
2.07234  9.47443e-07
2.07984  0.00886968
2.09312  2.78407e-06
2.10087  0.0326551
2.11017  2.39714e-08
2.1257  1.33721e-10
2.13176  3.35048e-07
2.14767  1.70744e-09
2.15384  3.21346e-06
2.17015  1.30742e-08
2.17643  1.89954e-05
2.19311  4.59219e-08
2.19956  5.29582e-05
2.21185  1.39692e-08
2.23584  2.43023e-07
2.25345  1.58068e-09
2.26042  3.08915e-06
2.27854  1.81349e-08
2.28563  2.71741e-05
2.29302  1.14211e-09
2.30917  2.57447e-05
2.31197  0.000124394
2.33068  4.04164e-07
2.33809  0.000409464
2.35204  6.60245e-08
2.35531  1.8214e-08
2.37471  1.19663e-08
2.3805  1.299e-06
2.39769  2.93862e-10
2.40835  1.25457e-05
2.41188  2.39022e-06
2.43242  1.58563e-06
2.43828  0.000117294
2.45391  8.04973e-10
2.46543  0.000100164
2.46892  0.000515748
2.48769  9.12323e-08
2.49948  0.0017305
2.51034  1.23642e-10
2.5193  3.0784e-07
2.5493  6.0538e-07
2.5528  3.34498e-06
2.58012  4.74723e-07
2.58645  3.46823e-05
2.61188  1.6792e-07
2.62169  0.000196032
2.6261  6.71064e-07
2.64358  3.06277e-08
2.65512  9.5749e-05
2.65905  0.000450453
2.67771  1.69578e-07
2.68225  6.02733e-09
2.71306  4.20703e-07
2.7173  2.38857e-06
2.74953  4.39592e-07
2.75713  3.27764e-05
2.78734  2.32826e-07
2.79905  0.0002728
2.80433  4.65617e-06
2.822  3.52267e-09
2.83502  2.47584e-05
2.84325  0.00150706
2.86239  5.80451e-09
2.87123  2.37832e-07
2.88505  0.000739997
2.89002  0.00387247
2.90934  1.17828e-07
2.91509  7.69954e-07
2.94448  2.70841e-10
2.95864  1.87989e-06
2.96462  1.1055e-05
2.99064  1.1627e-10
3.00062  1.07885e-07
3.01056  2.20955e-05
3.01672  0.000119173
3.04427  1.34823e-09
3.05481  1.0287e-06
3.0653  0.000184775
3.07164  0.000953358
3.10095  9.87963e-09
3.11212  6.05613e-06
3.12326  0.00102516
3.12974  0.00561301
3.16094  4.5161e-08
3.17291  1.69386e-05
3.18485  0.00313478
3.19146  0.0204522
3.21225  9.72208e-10
3.22458  2.78758e-07
3.23139  1.52742e-06
3.27971  1.48694e-08
3.29289  3.55723e-06
3.30022  1.79361e-05
3.33745  2.34403e-10
3.35206  1.54853e-07
3.36622  3.15235e-05
3.37417  0.000149638
3.40647  2.88532e-10
3.42205  4.30915e-08
3.4304  9.44918e-07
3.4454  0.000176148
3.45404  0.000833137
3.48844  7.51914e-09
3.49734  4.88844e-08
3.51472  2.90079e-06
3.5236  4.31149e-05
3.53959  0.00302762
3.56111  5.23146e-10
3.57002  1.11411e-08
3.58677  9.91524e-07
3.65791  1.03181e-08
3.66807  1.92711e-07
3.678  2.2757e-06
3.68802  1.24461e-05
3.74423  1.60047e-10
3.75502  5.35007e-09
3.76586  1.37923e-07
3.77681  2.44308e-06
3.78788  2.67231e-05
3.79908  0.000138448
3.86196  2.04249e-09
3.87426  5.55251e-08
3.88648  1.31138e-06
3.89885  2.15164e-05
3.91137  0.000222947
3.92406  0.00115625
3.96727  1.02818e-10
3.98089  1.67997e-09
3.99515  2.07621e-08
4.00969  3.51958e-07
4.02369  7.69963e-06
4.03789  0.000119672
4.05231  0.00124129
4.06695  0.00716234
4.10147  1.21422e-10
4.11684  2.60062e-09
4.13248  3.42834e-08
4.14858  2.33912e-07
4.16638  1.03324e-06
4.18278  2.14123e-05
4.19947  0.000333147
4.21646  0.00384456
4.23375  0.0272566
4.27461  2.76651e-09
4.2929  5.34898e-08
4.31153  6.31657e-07
4.33051  3.45462e-06
4.46205  1.85624e-09
4.48416  4.78533e-08
4.50676  8.47643e-07
4.52989  9.21424e-06
4.53011  5.75052e-08
4.55357  4.80356e-05
4.69295  7.97107e-10
4.72087  2.56864e-08
4.7496  6.06658e-07
4.77918  9.95368e-06
4.80967  0.000103137
4.84114  0.000534892
4.9937  2.13934e-10
5.03161  8.2727e-09
5.07102  2.44229e-07
5.11205  5.34288e-06
5.15484  8.30421e-05
5.19958  0.00086135
5.24646  0.00497005
5.48487  1.48019e-09
5.5476  5.24383e-08
5.61453  1.43396e-06
5.68629  2.97166e-05
5.76364  0.000462351
5.84758  0.00533559
5.93929  0.0378275
6.33688  1.13504e-10
6.49066  4.69126e-09
6.67248  1.53943e-07
6.89492  3.98778e-06
7.18164  8.2726e-05
7.58576  0.001432
8.26965  0.00795368
8.27952  0.0123511
12.4255  0.0150977
12.4827  0.0159961
13.37  0.0435225
13.5241  0.08518
14.6228  0.0142772
