-7.90508  8.94503e-10
-7.48384  6.0452e-09
-7.18837  1.70227e-08
-7.03432  6.04542e-09
-6.96057  2.55649e-08
-6.83604  3.40466e-08
-6.77517  2.15964e-08
-6.67065  7.66974e-08
-6.61944  1.55895e-08
-6.57602  1.70239e-08
-6.52876  8.63889e-08
-6.485  3.48252e-08
-6.44616  7.67002e-08
-6.40454  4.86525e-08
-6.36586  7.43365e-08
-6.33123  1.29588e-07
-6.29494  4.39598e-08
-6.26019  1.09297e-07
-6.25253  5.6373e-09
-6.22817  9.73086e-08
-6.19564  1.48678e-07
-6.1636  1.65298e-07
-6.13474  2.74011e-08
-6.10507  2.51198e-07
-6.07478  1.95446e-07
-6.05023  7.4342e-08
-6.02157  2.41975e-07
-5.99323  1.89144e-07
-5.97145  2.51207e-07
-5.94296  2.44818e-07
-5.92105  1.27029e-07
-5.91506  4.5368e-08
-5.89842  2.8295e-07
-5.87121  3.41136e-07
-5.85318  2.04977e-07
-5.84647  4.09921e-08
-5.82879  1.87491e-07
-5.80623  4.24953e-07
-5.78923  2.81575e-07
-5.78193  1.38641e-07
-5.76275  2.5265e-07
-5.74663  3.04069e-07
-5.74125  5.11026e-08
-5.72855  2.05202e-07
-5.72114  2.3424e-07
-5.70424  3.9397e-07
-5.68813  4.23167e-07
-5.66627  3.7957e-07
-5.65133  2.89053e-07
-5.64026  3.34222e-07
-5.62878  5.21619e-07
-5.61263  3.58134e-07
-5.6006  2.88346e-07
-5.58377  2.77038e-07
-5.57417  6.57954e-07
-5.55943  4.06769e-07
-5.54735  4.71955e-07
-5.53274  2.88002e-07
-5.52247  5.30271e-07
-5.51016  4.42495e-07
-5.49762  7.83482e-07
-5.48656  3.00778e-07
-5.47415  5.1743e-07
-5.46293  4.52002e-07
-5.45121  4.81833e-07
-5.44169  5.05737e-07
-5.43063  6.97948e-07
-5.41921  7.16989e-07
-5.40477  2.587e-07
-5.39391  1.07005e-06
-5.38135  6.9325e-07
-5.37246  5.97839e-07
-5.35752  7.72608e-07
-5.34508  9.32405e-07
-5.3312  8.60053e-07
-5.3177  1.12421e-06
-5.30602  8.20242e-07
-5.29357  8.08682e-07
-5.27891  1.25612e-06
-5.26706  1.09349e-06
-5.255  9.15244e-07
-5.24142  1.09945e-06
-5.22949  1.18587e-06
-5.21794  1.22105e-06
-5.20586  1.31084e-06
-5.19314  9.39816e-07
-5.18283  1.16784e-06
-5.1716  1.44247e-06
-5.15975  1.3491e-06
-5.14896  1.1656e-06
-5.13653  1.45791e-06
-5.12657  1.37584e-06
-5.11611  1.39741e-06
-5.10445  1.16203e-06
-5.09191  2.22738e-06
-5.08009  1.5352e-06
-5.06907  1.81622e-06
-5.05897  1.27316e-06
-5.04731  2.01236e-06
-5.03548  2.0183e-06
-5.02646  1.25116e-06
-5.0137  2.1895e-06
-5.00345  1.90561e-06
-4.99361  2.09784e-06
-4.98262  1.98155e-06
-4.97043  2.17021e-06
-4.95881  2.71047e-06
-4.94821  1.85851e-06
-4.93731  2.22156e-06
-4.92656  3.23443e-06
-4.91559  1.88697e-06
-4.90409  2.75921e-06
-4.89308  2.43308e-06
-4.8831  3.03969e-06
-4.87252  2.06832e-06
-4.86223  3.26047e-06
-4.85187  2.91362e-06
-4.84167  2.5913e-06
-4.82943  3.75572e-06
-4.81923  3.06378e-06
-4.80898  2.95736e-06
-4.79688  4.18297e-06
-4.78563  3.35225e-06
-4.77415  4.33871e-06
-4.76177  4.08232e-06
-4.75169  3.86171e-06
-4.73937  3.76603e-06
-4.7291  4.81597e-06
-4.71825  3.34284e-06
-4.70796  4.9003e-06
-4.69646  4.50618e-06
-4.68672  3.64487e-06
-4.67598  5.07835e-06
-4.66539  5.34767e-06
-4.65528  4.09446e-06
-4.64455  5.38832e-06
-4.63358  4.748e-06
-4.62336  5.87517e-06
-4.61223  5.98208e-06
-4.60178  4.64168e-06
-4.59145  6.28752e-06
-4.58115  5.56251e-06
-4.56972  7.04966e-06
-4.55907  5.75758e-06
-4.54867  6.4194e-06
-4.538  6.94022e-06
-4.52694  7.14167e-06
-4.51641  6.99426e-06
-4.50693  5.47486e-06
-4.49636  9.04522e-06
-4.48461  7.58385e-06
-4.47453  6.4404e-06
-4.4649  8.23454e-06
-4.45393  8.78287e-06
-4.4436  8.35777e-06
-4.43197  8.97725e-06
-4.4213  9.19158e-06
-4.41034  9.91536e-06
-4.39885  9.91596e-06
-4.38778  9.29144e-06
-4.37852  8.96729e-06
-4.36752  1.15649e-05
-4.35646  9.40652e-06
-4.34569  1.18807e-05
-4.3353  1.07468e-05
-4.32395  1.22562e-05
-4.31255  1.18318e-05
-4.3023  1.15507e-05
-4.29216  1.1427e-05
-4.28159  1.34304e-05
-4.27077  1.23815e-05
-4.26073  1.24869e-05
-4.25006  1.35841e-05
-4.23977  1.34988e-05
-4.22853  1.55252e-05
-4.21774  1.40941e-05
-4.20805  1.34254e-05
-4.19808  1.39567e-05
-4.18783  1.6073e-05
-4.17692  1.71291e-05
-4.1656  1.63322e-05
-4.1548  1.84597e-05
-4.14385  1.63822e-05
-4.13338  1.78323e-05
-4.12283  1.88952e-05
-4.11252  1.64662e-05
-4.10207  1.96058e-05
-4.09142  2.01998e-05
-4.08054  2.03305e-05
-4.06975  2.00896e-05
-4.05892  2.25455e-05
-4.0473  2.35013e-05
-4.0368  2.02832e-05
-4.02653  2.26234e-05
-4.01577  2.34592e-05
-4.00487  2.46643e-05
-3.99444  2.29677e-05
-3.98434  2.3332e-05
-3.97381  2.61834e-05
-3.96302  2.67213e-05
-3.95197  2.73455e-05
-3.94143  2.69525e-05
-3.93118  2.51196e-05
-3.92054  3.23111e-05
-3.90972  2.59565e-05
-3.89909  3.23766e-05
-3.88854  2.93801e-05
-3.87772  3.2436e-05
-3.86727  3.06533e-05
-3.85647  3.37242e-05
-3.84596  3.27244e-05
-3.83556  3.34135e-05
-3.82503  3.53432e-05
-3.81396  3.91122e-05
-3.8031  3.40862e-05
-3.79297  3.65914e-05
-3.78253  3.79247e-05
-3.772  3.90429e-05
-3.76133  3.91887e-05
-3.75085  4.15432e-05
-3.74052  3.9014e-05
-3.73003  4.39204e-05
-3.71916  4.39508e-05
-3.70855  4.49672e-05
-3.69796  4.45494e-05
-3.68771  4.50171e-05
-3.67706  4.82728e-05
-3.66627  4.8899e-05
-3.65618  4.56199e-05
-3.64591  5.04882e-05
-3.63537  5.07405e-05
-3.6247  5.44702e-05
-3.61406  5.13572e-05
-3.60388  5.44272e-05
-3.59291  5.92675e-05
-3.58225  5.48558e-05
-3.57199  5.83893e-05
-3.56145  5.81041e-05
-3.55115  6.01943e-05
-3.54082  5.959e-05
-3.53043  6.18508e-05
-3.52026  6.1544e-05
-3.51001  6.47722e-05
-3.49952  6.71477e-05
-3.4892  6.56514e-05
-3.4789  6.89179e-05
-3.46838  7.07255e-05
-3.45795  7.15356e-05
-3.44772  7.14449e-05
-3.43733  7.44554e-05
-3.42686  7.70047e-05
-3.41647  7.60021e-05
-3.40604  7.99577e-05
-3.39577  7.79223e-05
-3.38531  8.44093e-05
-3.3748  8.21158e-05
-3.3645  8.57517e-05
-3.35398  8.84725e-05
-3.34333  9.00148e-05
-3.33286  9.13021e-05
-3.32247  8.97553e-05
-3.31224  9.26299e-05
-3.30204  9.27552e-05
-3.2919  9.55312e-05
-3.28159  9.75814e-05
-3.27133  0.00010008
-3.26102  0.000101317
-3.25076  0.000104149
-3.24038  0.000105626
-3.23009  0.000107376
-3.21977  0.000109793
-3.20943  0.000112162
-3.19921  0.000111323
-3.18892  0.000116506
-3.17864  0.000115667
-3.16845  0.000118826
-3.15825  0.000120324
-3.14805  0.000122347
-3.13779  0.000127477
-3.12744  0.000129034
-3.11703  0.00013164
-3.10695  0.000127761
-3.09677  0.000136201
-3.08648  0.000136839
-3.07626  0.000137046
-3.06596  0.000146509
-3.05559  0.000142417
-3.04533  0.000148038
-3.03518  0.000145565
-3.02506  0.00015105
-3.01485  0.000154218
-3.00457  0.000157947
-2.99433  0.000158665
-2.98399  0.000166264
-2.97341  0.000170875
-2.96262  0.000178883
-2.95215  0.000168513
-2.94186  0.000176202
-2.93156  0.000176485
-2.92128  0.000181348
-2.91105  0.000180231
-2.90095  0.000182268
-2.8908  0.000187941
-2.88051  0.000192323
-2.87027  0.000194552
-2.86003  0.000196171
-2.84978  0.000202262
-2.83948  0.000204893
-2.82919  0.000207859
-2.81901  0.000208629
-2.80877  0.000216502
-2.79846  0.000217576
-2.78816  0.000222704
-2.7778  0.000226831
-2.76756  0.000223301
-2.75753  0.000227383
-2.74734  0.000235982
-2.7371  0.000236856
-2.72686  0.000243463
-2.71657  0.000247353
-2.70637  0.000246996
-2.69617  0.000253744
-2.68597  0.000254507
-2.67582  0.000259892
-2.66554  0.000266162
-2.65529  0.000268118
-2.64511  0.00027007
-2.63502  0.000274371
-2.62477  0.000283592
-2.61454  0.000282052
-2.6044  0.000288015
-2.59407  0.000298861
-2.58383  0.000293214
-2.57367  0.00030147
-2.56339  0.000309591
-2.55323  0.000302935
-2.54318  0.000313736
-2.53293  0.000322422
-2.52269  0.00032361
-2.51252  0.000324709
-2.50239  0.000330713
-2.49222  0.000336564
-2.48194  0.000347005
-2.47171  0.000344075
-2.46155  0.000353066
-2.45134  0.000354745
-2.44113  0.000364243
-2.43095  0.000363944
-2.42073  0.00037484
-2.41051  0.00037346
-2.40034  0.00038098
-2.3901  0.000389618
-2.37992  0.000388046
-2.36976  0.000399059
-2.3595  0.00040634
-2.34934  0.0004025
-2.33917  0.000417129
-2.32892  0.000418392
-2.31872  0.000423661
-2.30848  0.000434793
-2.29819  0.000436708
-2.28804  0.000436208
-2.27794  0.000444878
-2.26776  0.000455418
-2.25751  0.000462814
-2.24729  0.000462871
-2.23706  0.000474139
-2.22682  0.000475587
-2.21665  0.000481734
-2.2065  0.000486537
-2.19634  0.00049501
-2.18618  0.000497425
-2.17606  0.000505322
-2.1659  0.000512559
-2.15571  0.000520979
-2.14552  0.000523817
-2.13531  0.000535136
-2.12515  0.000534059
-2.115  0.000549645
-2.10483  0.000547854
-2.09468  0.000560478
-2.08451  0.000562672
-2.07436  0.000569229
-2.06424  0.000575412
-2.05405  0.000589552
-2.04389  0.00058772
-2.03379  0.00059722
-2.02361  0.000611692
-2.01343  0.000611475
-2.00335  0.000612783
-1.99323  0.00062553
-1.98304  0.00063883
-1.9728  0.000648004
-1.96266  0.000643904
-1.95254  0.000657359
-1.94239  0.000664463
-1.93226  0.00067049
-1.92207  0.000685401
-1.91188  0.000683551
-1.90173  0.000695583
-1.89149  0.000712499
-1.88083  0.000774248
-1.87031  0.000710854
-1.86021  0.000729687
-1.85005  0.000733144
-1.83988  0.00074857
-1.82974  0.000740626
-1.81966  0.000757545
-1.80949  0.000771341
-1.79932  0.000778367
-1.78909  0.000798164
-1.77893  0.000784669
-1.76879  0.0008105
-1.75816  0.000876848
-1.74761  0.000813519
-1.7375  0.000827182
-1.72735  0.000838313
-1.71719  0.000848279
-1.70708  0.000852727
-1.69699  0.000861259
-1.68686  0.000872109
-1.6767  0.000881545
-1.66652  0.000896995
-1.65639  0.000893182
-1.64625  0.000919838
-1.63613  0.000907943
-1.62608  0.000924647
-1.61591  0.000949992
-1.60573  0.000937858
-1.59561  0.000957682
-1.58547  0.000966901
-1.5754  0.000967682
-1.56534  0.000982917
-1.55525  0.000992958
-1.54516  0.000998681
-1.53508  0.00100798
-1.525  0.0010203
-1.51485  0.00104182
-1.50468  0.00105075
-1.49452  0.00106438
-1.48435  0.00107112
-1.47424  0.00106651
-1.46415  0.00108369
-1.45396  0.00111241
-1.4438  0.00110373
-1.43366  0.00112962
-1.42355  0.00112371
-1.41347  0.00114095
-1.40337  0.00114559
-1.39324  0.00116524
-1.38311  0.00116897
-1.37299  0.00119261
-1.36286  0.00119717
-1.35275  0.00120825
-1.34268  0.00121349
-1.33257  0.00123499
-1.32239  0.00124454
-1.31226  0.0012481
-1.30221  0.00125853
-1.29211  0.00129034
-1.28199  0.00128537
-1.27189  0.00130551
-1.26176  0.00131537
-1.25165  0.0013145
-1.24157  0.00133431
-1.23148  0.00135251
-1.22133  0.0013812
-1.21122  0.00137198
-1.20116  0.00138053
-1.1911  0.00139506
-1.18099  0.0014101
-1.1709  0.00141997
-1.16081  0.00144777
-1.15072  0.00145443
-1.14062  0.00147863
-1.1305  0.00147815
-1.12041  0.00148751
-1.1103  0.00150199
-1.1002  0.00152372
-1.09007  0.00154808
-1.07996  0.00155414
-1.06992  0.00155809
-1.05985  0.0015798
-1.04976  0.00158156
-1.03967  0.00159862
-1.02965  0.0016057
-1.01964  0.00163074
-1.00957  0.00166757
-0.999443  0.00168162
-0.989358  0.00166894
-0.979288  0.00169501
-0.969169  0.00170477
-0.959086  0.00173183
-0.948996  0.00175214
-0.938935  0.00176683
-0.928838  0.00179689
-0.918734  0.00178463
-0.908656  0.00180812
-0.89853  0.00181873
-0.888453  0.00184661
-0.878372  0.00187493
-0.868295  0.00189297
-0.858205  0.00190705
-0.848073  0.00192915
-0.837936  0.00192925
-0.827827  0.00193432
-0.817754  0.00198143
-0.807662  0.0020086
-0.79759  0.00201928
-0.787493  0.00204641
-0.777385  0.00205095
-0.767304  0.00204697
-0.757214  0.00210321
-0.7471  0.0021283
-0.737029  0.00214012
-0.726965  0.00215484
-0.716885  0.00217369
-0.70682  0.00216305
-0.696763  0.00222043
-0.686685  0.00226114
-0.676618  0.00227268
-0.666559  0.00228896
-0.656479  0.00230853
-0.646374  0.00231512
-0.636232  0.00238683
-0.625679  0.0026153
-0.615149  0.00243863
-0.605047  0.00244685
-0.594975  0.00244804
-0.584861  0.00247881
-0.574793  0.00251246
-0.564762  0.00257591
-0.554657  0.00261101
-0.544562  0.00260831
-0.534508  0.00261119
-0.524438  0.0026261
-0.51438  0.00271586
-0.504331  0.00275528
-0.494295  0.0027723
-0.484266  0.00279358
-0.474216  0.00280354
-0.464109  0.00282541
-0.454038  0.00293335
-0.443978  0.00296646
-0.433929  0.0030139
-0.423867  0.00302576
-0.413791  0.00302194
-0.403708  0.00303075
-0.393569  0.00313846
-0.383516  0.00323024
-0.373486  0.00330837
-0.363432  0.00331593
-0.353369  0.00335113
-0.343299  0.00332978
-0.333196  0.00336367
-0.32315  0.00355434
-0.313113  0.00359097
-0.303062  0.00368397
-0.292965  0.00366157
-0.282845  0.00369959
-0.272695  0.00370281
-0.262679  0.00395401
-0.25265  0.00403869
-0.242602  0.00408571
-0.232558  0.00407742
-0.222494  0.00408756
-0.212342  0.00418083
-0.202331  0.00452513
-0.192293  0.00463309
-0.182265  0.00465976
-0.172183  0.00470372
-0.162106  0.00462703
-0.151962  0.0048518
-0.142023  0.00537946
-0.131989  0.00555555
-0.12193  0.00555588
-0.11189  0.00553654
-0.101836  0.00553256
-0.0915517  0.00607578
-0.0817363  0.00698927
-0.0717392  0.00721881
-0.0616852  0.00721783
-0.0516203  0.00728053
-0.0415397  0.00731145
-0.0308793  0.00936985
-0.0214607  0.0130735
-0.0113799  0.0142008
-0.00305843  0.0113506
0.00305843  0.0113506
0.0113799  0.0142008
0.0214607  0.0130735
0.0308793  0.00936985
0.0415397  0.00731145
0.0516203  0.00728053
0.0616852  0.00721783
0.0717392  0.00721881
0.0817363  0.00698927
0.0915517  0.00607578
0.101836  0.00553256
0.11189  0.00553654
0.12193  0.00555588
0.131989  0.00555555
0.142023  0.00537946
0.151962  0.0048518
0.162106  0.00462703
0.172183  0.00470372
0.182265  0.00465976
0.192293  0.00463309
0.202331  0.00452513
0.212342  0.00418083
0.222494  0.00408756
0.232558  0.00407742
0.242602  0.00408571
0.25265  0.00403869
0.262679  0.00395401
0.272695  0.00370281
0.282845  0.00369959
0.292965  0.00366157
0.303062  0.00368397
0.313113  0.00359097
0.32315  0.00355434
0.333196  0.00336367
0.343299  0.00332978
0.353369  0.00335113
0.363432  0.00331593
0.373486  0.00330837
0.383516  0.00323024
0.393569  0.00313846
0.403708  0.00303075
0.413791  0.00302194
0.423867  0.00302576
0.433929  0.0030139
0.443978  0.00296646
0.454038  0.00293335
0.464109  0.00282541
0.474216  0.00280354
0.484266  0.00279358
0.494295  0.0027723
0.504331  0.00275528
0.51438  0.00271586
0.524438  0.0026261
0.534508  0.00261119
0.544562  0.00260831
0.554657  0.00261101
0.564762  0.00257591
0.574793  0.00251246
0.584861  0.00247881
0.594975  0.00244804
0.605047  0.00244685
0.615149  0.00243863
0.625679  0.0026153
0.636232  0.00238683
0.646374  0.00231512
0.656479  0.00230853
0.666559  0.00228896
0.676618  0.00227268
0.686685  0.00226114
0.696763  0.00222043
0.70682  0.00216305
0.716885  0.00217369
0.726965  0.00215484
0.737029  0.00214012
0.7471  0.0021283
0.757214  0.00210321
0.767304  0.00204697
0.777385  0.00205095
0.787493  0.00204641
0.79759  0.00201928
0.807662  0.0020086
0.817754  0.00198143
0.827827  0.00193432
0.837936  0.00192925
0.848073  0.00192915
0.858205  0.00190705
0.868295  0.00189297
0.878372  0.00187493
0.888453  0.00184661
0.89853  0.00181873
0.908656  0.00180812
0.918734  0.00178463
0.928838  0.00179689
0.938935  0.00176683
0.948996  0.00175214
0.959086  0.00173183
0.969169  0.00170477
0.979288  0.00169501
0.989358  0.00166894
0.999443  0.00168162
1.00957  0.00166757
1.01964  0.00163074
1.02965  0.0016057
1.03967  0.00159862
1.04976  0.00158156
1.05985  0.0015798
1.06992  0.00155809
1.07996  0.00155414
1.09007  0.00154808
1.1002  0.00152372
1.1103  0.00150199
1.12041  0.00148751
1.1305  0.00147815
1.14062  0.00147863
1.15072  0.00145443
1.16081  0.00144777
1.1709  0.00141997
1.18099  0.0014101
1.1911  0.00139506
1.20116  0.00138053
1.21122  0.00137198
1.22133  0.0013812
1.23148  0.00135251
1.24157  0.00133431
1.25165  0.0013145
1.26176  0.00131537
1.27189  0.00130551
1.28199  0.00128537
1.29211  0.00129034
1.30221  0.00125853
1.31226  0.0012481
1.32239  0.00124454
1.33257  0.00123499
1.34268  0.00121349
1.35275  0.00120825
1.36286  0.00119717
1.37299  0.00119261
1.38311  0.00116897
1.39324  0.00116524
1.40337  0.00114559
1.41347  0.00114095
1.42355  0.00112371
1.43366  0.00112962
1.4438  0.00110373
1.45396  0.00111241
1.46415  0.00108369
1.47424  0.00106651
1.48435  0.00107112
1.49452  0.00106438
1.50468  0.00105075
1.51485  0.00104182
1.525  0.0010203
1.53508  0.00100798
1.54516  0.000998681
1.55525  0.000992958
1.56534  0.000982917
1.5754  0.000967682
1.58547  0.000966901
1.59561  0.000957682
1.60573  0.000937858
1.61591  0.000949992
1.62608  0.000924647
1.63613  0.000907943
1.64625  0.000919838
1.65639  0.000893182
1.66652  0.000896995
1.6767  0.000881545
1.68686  0.000872109
1.69699  0.000861259
1.70708  0.000852727
1.71719  0.000848279
1.72735  0.000838313
1.7375  0.000827182
1.74761  0.000813519
1.75816  0.000876848
1.76879  0.0008105
1.77893  0.000784669
1.78909  0.000798164
1.79932  0.000778367
1.80949  0.000771341
1.81966  0.000757545
1.82974  0.000740626
1.83988  0.00074857
1.85005  0.000733144
1.86021  0.000729687
1.87031  0.000710854
1.88083  0.000774248
1.89149  0.000712499
1.90173  0.000695583
1.91188  0.000683551
1.92207  0.000685401
1.93226  0.00067049
1.94239  0.000664463
1.95254  0.000657359
1.96266  0.000643904
1.9728  0.000648004
1.98304  0.00063883
1.99323  0.00062553
2.00335  0.000612783
2.01343  0.000611475
2.02361  0.000611692
2.03379  0.00059722
2.04389  0.00058772
2.05405  0.000589552
2.06424  0.000575412
2.07436  0.000569229
2.08451  0.000562672
2.09468  0.000560478
2.10483  0.000547854
2.115  0.000549645
2.12515  0.000534059
2.13531  0.000535136
2.14552  0.000523817
2.15571  0.000520979
2.1659  0.000512559
2.17606  0.000505322
2.18618  0.000497425
2.19634  0.00049501
2.2065  0.000486537
2.21665  0.000481734
2.22682  0.000475587
2.23706  0.000474139
2.24729  0.000462871
2.25751  0.000462814
2.26776  0.000455418
2.27794  0.000444878
2.28804  0.000436208
2.29819  0.000436708
2.30848  0.000434793
2.31872  0.000423661
2.32892  0.000418392
2.33917  0.000417129
2.34934  0.0004025
2.3595  0.00040634
2.36976  0.000399059
2.37992  0.000388046
2.3901  0.000389618
2.40034  0.00038098
2.41051  0.00037346
2.42073  0.00037484
2.43095  0.000363944
2.44113  0.000364243
2.45134  0.000354745
2.46155  0.000353066
2.47171  0.000344075
2.48194  0.000347005
2.49222  0.000336564
2.50239  0.000330713
2.51252  0.000324709
2.52269  0.00032361
2.53293  0.000322422
2.54318  0.000313736
2.55323  0.000302935
2.56339  0.000309591
2.57367  0.00030147
2.58383  0.000293214
2.59407  0.000298861
2.6044  0.000288015
2.61454  0.000282052
2.62477  0.000283592
2.63502  0.000274371
2.64511  0.00027007
2.65529  0.000268118
2.66554  0.000266162
2.67582  0.000259892
2.68597  0.000254507
2.69617  0.000253744
2.70637  0.000246996
2.71657  0.000247353
2.72686  0.000243463
2.7371  0.000236856
2.74734  0.000235982
2.75753  0.000227383
2.76756  0.000223301
2.7778  0.000226831
2.78816  0.000222704
2.79846  0.000217576
2.80877  0.000216502
2.81901  0.000208629
2.82919  0.000207859
2.83948  0.000204893
2.84978  0.000202262
2.86003  0.000196171
2.87027  0.000194552
2.88051  0.000192323
2.8908  0.000187941
2.90095  0.000182268
2.91105  0.000180231
2.92128  0.000181348
2.93156  0.000176485
2.94186  0.000176202
2.95215  0.000168513
2.96262  0.000178883
2.97341  0.000170875
2.98399  0.000166264
2.99433  0.000158665
3.00457  0.000157947
3.01485  0.000154218
3.02506  0.00015105
3.03518  0.000145565
3.04533  0.000148038
3.05559  0.000142417
3.06596  0.000146509
3.07626  0.000137046
3.08648  0.000136839
3.09677  0.000136201
3.10695  0.000127761
3.11703  0.00013164
3.12744  0.000129034
3.13779  0.000127477
3.14805  0.000122347
3.15825  0.000120324
3.16845  0.000118826
3.17864  0.000115667
3.18892  0.000116506
3.19921  0.000111323
3.20943  0.000112162
3.21977  0.000109793
3.23009  0.000107376
3.24038  0.000105626
3.25076  0.000104149
3.26102  0.000101317
3.27133  0.00010008
3.28159  9.75814e-05
3.2919  9.55312e-05
3.30204  9.27552e-05
3.31224  9.26299e-05
3.32247  8.97553e-05
3.33286  9.13021e-05
3.34333  9.00148e-05
3.35398  8.84725e-05
3.3645  8.57517e-05
3.3748  8.21158e-05
3.38531  8.44093e-05
3.39577  7.79223e-05
3.40604  7.99577e-05
3.41647  7.60021e-05
3.42686  7.70047e-05
3.43733  7.44554e-05
3.44772  7.14449e-05
3.45795  7.15356e-05
3.46838  7.07255e-05
3.4789  6.89179e-05
3.4892  6.56514e-05
3.49952  6.71477e-05
3.51001  6.47722e-05
3.52026  6.1544e-05
3.53043  6.18508e-05
3.54082  5.959e-05
3.55115  6.01943e-05
3.56145  5.81041e-05
3.57199  5.83893e-05
3.58225  5.48558e-05
3.59291  5.92675e-05
3.60388  5.44272e-05
3.61406  5.13572e-05
3.6247  5.44702e-05
3.63537  5.07405e-05
3.64591  5.04882e-05
3.65618  4.56199e-05
3.66627  4.8899e-05
3.67706  4.82728e-05
3.68771  4.50171e-05
3.69796  4.45494e-05
3.70855  4.49672e-05
3.71916  4.39508e-05
3.73003  4.39204e-05
3.74052  3.9014e-05
3.75085  4.15432e-05
3.76133  3.91887e-05
3.772  3.90429e-05
3.78253  3.79247e-05
3.79297  3.65914e-05
3.8031  3.40862e-05
3.81396  3.91122e-05
3.82503  3.53432e-05
3.83556  3.34135e-05
3.84596  3.27244e-05
3.85647  3.37242e-05
3.86727  3.06533e-05
3.87772  3.2436e-05
3.88854  2.93801e-05
3.89909  3.23766e-05
3.90972  2.59565e-05
3.92054  3.23111e-05
3.93118  2.51196e-05
3.94143  2.69525e-05
3.95197  2.73455e-05
3.96302  2.67213e-05
3.97381  2.61834e-05
3.98434  2.3332e-05
3.99444  2.29677e-05
4.00487  2.46643e-05
4.01577  2.34592e-05
4.02653  2.26234e-05
4.0368  2.02832e-05
4.0473  2.35013e-05
4.05892  2.25455e-05
4.06975  2.00896e-05
4.08054  2.03305e-05
4.09142  2.01998e-05
4.10207  1.96058e-05
4.11252  1.64662e-05
4.12283  1.88952e-05
4.13338  1.78323e-05
4.14385  1.63822e-05
4.1548  1.84597e-05
4.1656  1.63322e-05
4.17692  1.71291e-05
4.18783  1.6073e-05
4.19808  1.39567e-05
4.20805  1.34254e-05
4.21774  1.40941e-05
4.22853  1.55252e-05
4.23977  1.34988e-05
4.25006  1.35841e-05
4.26073  1.24869e-05
4.27077  1.23815e-05
4.28159  1.34304e-05
4.29216  1.1427e-05
4.3023  1.15507e-05
4.31255  1.18318e-05
4.32395  1.22562e-05
4.3353  1.07468e-05
4.34569  1.18807e-05
4.35646  9.40652e-06
4.36752  1.15649e-05
4.37852  8.96729e-06
4.38778  9.29144e-06
4.39885  9.91596e-06
4.41034  9.91536e-06
4.4213  9.19158e-06
4.43197  8.97725e-06
4.4436  8.35777e-06
4.45393  8.78287e-06
4.4649  8.23454e-06
4.47453  6.4404e-06
4.48461  7.58385e-06
4.49636  9.04522e-06
4.50693  5.47486e-06
4.51641  6.99426e-06
4.52694  7.14167e-06
4.538  6.94022e-06
4.54867  6.4194e-06
4.55907  5.75758e-06
4.56972  7.04966e-06
4.58115  5.56251e-06
4.59145  6.28752e-06
4.60178  4.64168e-06
4.61223  5.98208e-06
4.62336  5.87517e-06
4.63358  4.748e-06
4.64455  5.38832e-06
4.65528  4.09446e-06
4.66539  5.34767e-06
4.67598  5.07835e-06
4.68672  3.64487e-06
4.69646  4.50618e-06
4.70796  4.9003e-06
4.71825  3.34284e-06
4.7291  4.81597e-06
4.73937  3.76603e-06
4.75169  3.86171e-06
4.76177  4.08232e-06
4.77415  4.33871e-06
4.78563  3.35225e-06
4.79688  4.18297e-06
4.80898  2.95736e-06
4.81923  3.06378e-06
4.82943  3.75572e-06
4.84167  2.5913e-06
4.85187  2.91362e-06
4.86223  3.26047e-06
4.87252  2.06832e-06
4.8831  3.03969e-06
4.89308  2.43308e-06
4.90409  2.75921e-06
4.91559  1.88697e-06
4.92656  3.23443e-06
4.93731  2.22156e-06
4.94821  1.85851e-06
4.95881  2.71047e-06
4.97043  2.17021e-06
4.98262  1.98155e-06
4.99361  2.09784e-06
5.00345  1.90561e-06
5.0137  2.1895e-06
5.02646  1.25116e-06
5.03548  2.0183e-06
5.04731  2.01236e-06
5.05897  1.27316e-06
5.06907  1.81622e-06
5.08009  1.5352e-06
5.09191  2.22738e-06
5.10445  1.16203e-06
5.11611  1.39741e-06
5.12657  1.37584e-06
5.13653  1.45791e-06
5.14896  1.1656e-06
5.15975  1.3491e-06
5.1716  1.44247e-06
5.18283  1.16784e-06
5.19314  9.39816e-07
5.20586  1.31084e-06
5.21794  1.22105e-06
5.22949  1.18587e-06
5.24142  1.09945e-06
5.255  9.15244e-07
5.26706  1.09349e-06
5.27891  1.25612e-06
5.29357  8.08682e-07
5.30602  8.20242e-07
5.3177  1.12421e-06
5.3312  8.60053e-07
5.34508  9.32405e-07
5.35752  7.72608e-07
5.37246  5.97839e-07
5.38135  6.9325e-07
5.39391  1.07005e-06
5.40477  2.587e-07
5.41921  7.16989e-07
5.43063  6.97948e-07
5.44169  5.05737e-07
5.45121  4.81833e-07
5.46293  4.52002e-07
5.47415  5.1743e-07
5.48656  3.00778e-07
5.49762  7.83482e-07
5.51016  4.42495e-07
5.52247  5.30271e-07
5.53274  2.88002e-07
5.54735  4.71955e-07
5.55943  4.06769e-07
5.57417  6.57954e-07
5.58377  2.77038e-07
5.6006  2.88346e-07
5.61263  3.58134e-07
5.62878  5.21619e-07
5.64026  3.34222e-07
5.65133  2.89053e-07
5.66627  3.7957e-07
5.68813  4.23167e-07
5.70424  3.9397e-07
5.72114  2.3424e-07
5.72855  2.05202e-07
5.74125  5.11026e-08
5.74663  3.04069e-07
5.76275  2.5265e-07
5.78193  1.38641e-07
5.78923  2.81575e-07
5.80623  4.24953e-07
5.82879  1.87491e-07
5.84647  4.09921e-08
5.85318  2.04977e-07
5.87121  3.41136e-07
5.89842  2.8295e-07
5.91506  4.5368e-08
5.92105  1.27029e-07
5.94296  2.44818e-07
5.97145  2.51207e-07
5.99323  1.89144e-07
6.02157  2.41975e-07
6.05023  7.4342e-08
6.07478  1.95446e-07
6.10507  2.51198e-07
6.13474  2.74011e-08
6.1636  1.65298e-07
6.19564  1.48678e-07
6.22817  9.73086e-08
6.25253  5.6373e-09
6.26019  1.09297e-07
6.29494  4.39598e-08
6.33123  1.29588e-07
6.36586  7.43365e-08
6.40454  4.86525e-08
6.44616  7.67002e-08
6.485  3.48252e-08
6.52876  8.63889e-08
6.57602  1.70239e-08
6.61944  1.55895e-08
6.67065  7.66974e-08
6.77517  2.15964e-08
6.83604  3.40466e-08
6.96057  2.55649e-08
7.03432  6.04542e-09
7.18837  1.70227e-08
7.48384  6.0452e-09
7.90508  8.94503e-10
