-7.94966  1.00429e-09
-7.52349  6.77199e-09
-7.22561  1.90267e-08
-7.06813  6.74835e-09
-6.9964  2.85108e-08
-6.86922  3.79206e-08
-6.81006  2.40314e-08
-6.70339  8.52338e-08
-6.65116  1.73802e-08
-6.60701  1.88941e-08
-6.56118  9.57898e-08
-6.51325  3.8982e-08
-6.47706  8.49362e-08
-6.43671  5.38266e-08
-6.39407  8.30714e-08
-6.36207  1.43183e-07
-6.32332  4.8928e-08
-6.28889  1.21573e-07
-6.27456  6.29541e-09
-6.25895  1.07277e-07
-6.22313  1.65563e-07
-6.19453  1.47583e-07
-6.17969  3.53754e-08
-6.16548  3.01408e-08
-6.13281  2.79101e-07
-6.10682  1.36642e-07
-6.09304  7.95131e-08
-6.0772  8.24923e-08
-6.05035  2.32809e-07
-6.03954  3.52519e-08
-6.02291  1.20729e-07
-6.0133  8.93606e-08
-5.99867  2.78126e-07
-5.97515  1.12017e-07
-5.9638  1.58471e-07
-5.9446  1.92121e-07
-5.92586  3.12571e-07
-5.90158  1.1033e-07
-5.8934  2.67146e-07
-5.87814  2.3871e-07
-5.86669  4.49733e-08
-5.85451  1.96053e-07
-5.83121  4.71224e-07
-5.81448  3.10763e-07
-5.80373  1.66381e-07
-5.78635  2.66213e-07
-5.77095  3.93897e-07
-5.75289  2.26509e-07
-5.7439  2.60368e-07
-5.72881  4.34244e-07
-5.71381  3.14294e-07
-5.70579  1.55893e-07
-5.68953  4.18603e-07
-5.67517  4.32099e-07
-5.65391  8.32736e-07
-5.63634  3.95293e-07
-5.62389  3.18465e-07
-5.60127  8.89029e-07
-5.58586  4.69278e-07
-5.5706  6.44107e-07
-5.55297  5.86704e-07
-5.53966  4.30872e-07
-5.52779  6.56977e-07
-5.51731  6.5846e-07
-5.5067  3.10656e-07
-5.49419  5.35283e-07
-5.48199  6.81596e-07
-5.47115  3.98237e-07
-5.45997  7.38059e-07
-5.44836  7.57718e-07
-5.43753  6.58307e-07
-5.42379  1.44594e-07
-5.41601  1.14239e-06
-5.40303  8.30343e-07
-5.39279  6.57395e-07
-5.37645  1.16693e-06
-5.36242  7.89924e-07
-5.35021  1.14724e-06
-5.33599  1.00679e-06
-5.32418  1.07964e-06
-5.31117  9.73404e-07
-5.29692  1.06182e-06
-5.28682  1.30571e-06
-5.27436  8.9902e-07
-5.26059  1.38825e-06
-5.24836  1.22804e-06
-5.23724  1.22992e-06
-5.22592  1.43724e-06
-5.21239  1.03249e-06
-5.20286  1.27851e-06
-5.19098  1.58043e-06
-5.17954  1.4558e-06
-5.16884  1.26756e-06
-5.15432  2.17079e-06
-5.14164  1.63682e-06
-5.12995  1.41396e-06
-5.11841  1.76195e-06
-5.10542  2.23533e-06
-5.09437  1.62643e-06
-5.0831  1.79072e-06
-5.07336  1.58891e-06
-5.06094  2.41382e-06
-5.04949  2.10319e-06
-5.03688  1.67071e-06
-5.02687  2.51226e-06
-5.01586  2.18008e-06
-5.00464  2.32328e-06
-4.99299  1.93157e-06
-4.98424  2.10113e-06
-4.97371  2.53171e-06
-4.96381  2.13111e-06
-4.95218  2.80559e-06
-4.94198  3.03748e-06
-4.93119  1.85064e-06
-4.9209  2.93634e-06
-4.90919  3.2431e-06
-4.89797  3.1996e-06
-4.88613  2.86476e-06
-4.87581  3.39808e-06
-4.86506  3.45013e-06
-4.854  2.53219e-06
-4.84411  3.95304e-06
-4.8325  3.8945e-06
-4.82134  2.99001e-06
-4.81116  3.95767e-06
-4.7999  4.01829e-06
-4.7896  3.71145e-06
-4.77831  4.6035e-06
-4.76853  3.59668e-06
-4.75659  4.54496e-06
-4.74608  4.81052e-06
-4.73561  3.49408e-06
-4.72534  5.71879e-06
-4.71354  4.18942e-06
-4.70453  4.31849e-06
-4.69341  5.31203e-06
-4.68339  5.30008e-06
-4.67284  5.26202e-06
-4.66129  5.93821e-06
-4.64938  5.87901e-06
-4.63951  5.23375e-06
-4.62919  6.56843e-06
-4.61761  6.08275e-06
-4.60626  7.06656e-06
-4.59715  4.25276e-06
-4.587  7.96059e-06
-4.57542  6.32517e-06
-4.56489  7.36789e-06
-4.55435  6.60361e-06
-4.54329  9.06237e-06
-4.5317  6.9909e-06
-4.52106  7.92557e-06
-4.51164  6.82328e-06
-4.5013  8.51554e-06
-4.48945  9.54591e-06
-4.47778  9.13119e-06
-4.46688  9.46404e-06
-4.45662  8.15106e-06
-4.44587  9.93439e-06
-4.43492  9.7511e-06
-4.42438  1.03367e-05
-4.41335  9.68328e-06
-4.40223  1.18475e-05
-4.39038  1.19474e-05
-4.37918  1.09192e-05
-4.36823  1.13319e-05
-4.35759  1.21817e-05
-4.34701  1.1455e-05
-4.33679  1.13207e-05
-4.32584  1.36978e-05
-4.31562  1.16303e-05
-4.30475  1.40456e-05
-4.29453  1.22017e-05
-4.28432  1.45547e-05
-4.27384  1.18776e-05
-4.26396  1.46862e-05
-4.25348  1.43559e-05
-4.24328  1.50255e-05
-4.23257  1.51323e-05
-4.22209  1.66392e-05
-4.21051  1.80322e-05
-4.1992  1.7556e-05
-4.18901  1.56536e-05
-4.17848  1.77193e-05
-4.16774  1.8649e-05
-4.15679  1.84461e-05
-4.14636  1.84969e-05
-4.13634  1.91234e-05
-4.12544  2.00582e-05
-4.11462  2.10929e-05
-4.10428  1.91261e-05
-4.09467  1.91016e-05
-4.08404  2.34801e-05
-4.0728  2.3452e-05
-4.06175  2.31254e-05
-4.05138  2.27688e-05
-4.04055  2.49197e-05
-4.03014  2.29109e-05
-4.02014  2.40952e-05
-4.00999  2.43392e-05
-3.99923  2.77202e-05
-3.98836  2.71074e-05
-3.97806  2.60302e-05
-3.9672  3.01904e-05
-3.95681  2.60976e-05
-3.94666  2.79907e-05
-3.93633  3.20726e-05
-3.92545  2.86545e-05
-3.91485  3.34362e-05
-3.90416  3.16819e-05
-3.89334  3.44197e-05
-3.88287  3.12473e-05
-3.87242  3.47516e-05
-3.86185  3.55069e-05
-3.85083  3.81543e-05
-3.84059  3.21913e-05
-3.83021  4.1552e-05
-3.81916  3.62146e-05
-3.80875  4.03658e-05
-3.79805  3.97795e-05
-3.78751  4.16827e-05
-3.77668  4.09609e-05
-3.76631  4.37003e-05
-3.75552  4.40224e-05
-3.7451  4.3071e-05
-3.73459  4.57854e-05
-3.7241  4.64775e-05
-3.71341  4.8234e-05
-3.70303  4.67722e-05
-3.69252  5.02521e-05
-3.68159  5.24041e-05
-3.67106  5.06609e-05
-3.66064  5.22002e-05
-3.65023  5.20299e-05
-3.63999  5.46984e-05
-3.62938  5.47138e-05
-3.61915  5.71579e-05
-3.60853  5.75836e-05
-3.59799  6.02924e-05
-3.58766  5.91928e-05
-3.57719  6.11823e-05
-3.56678  6.37052e-05
-3.55659  5.95291e-05
-3.54623  6.70944e-05
-3.53563  6.67668e-05
-3.52525  6.68536e-05
-3.51496  6.85502e-05
-3.50463  6.90087e-05
-3.49441  7.09279e-05
-3.48392  7.42222e-05
-3.47345  7.47123e-05
-3.46317  7.42283e-05
-3.45276  7.8294e-05
-3.44225  8.03345e-05
-3.43175  8.03792e-05
-3.4214  8.04038e-05
-3.4112  8.26572e-05
-3.40075  8.66526e-05
-3.39038  8.33915e-05
-3.38029  8.75249e-05
-3.36997  8.9822e-05
-3.35945  9.38822e-05
-3.34917  8.99084e-05
-3.33904  9.35554e-05
-3.32861  9.86117e-05
-3.31843  9.3991e-05
-3.30823  0.000101112
-3.29784  0.000100953
-3.28748  0.000105818
-3.27708  0.000104211
-3.26685  0.000107504
-3.25641  0.000111418
-3.24595  0.000112437
-3.23565  0.000111925
-3.22551  0.000113326
-3.21534  0.000116309
-3.20513  0.000117945
-3.19478  0.000122761
-3.18452  0.000121506
-3.17431  0.000125697
-3.16385  0.000131278
-3.15336  0.000132549
-3.14306  0.000131138
-3.13281  0.000133766
-3.12262  0.000136904
-3.11228  0.000139973
-3.10195  0.000142799
-3.09165  0.000142025
-3.08151  0.000146177
-3.0711  0.000152163
-3.06071  0.000151756
-3.0505  0.000152009
-3.04026  0.000158261
-3.02986  0.000161954
-3.01958  0.000160084
-3.00929  0.000167705
-2.99883  0.000170941
-2.98851  0.000167743
-2.97824  0.000174891
-2.96798  0.000174988
-2.95765  0.000180716
-2.94731  0.000183227
-2.93709  0.000182357
-2.92692  0.00018702
-2.91666  0.000190962
-2.90638  0.000194507
-2.896  0.00019944
-2.88575  0.000197924
-2.87552  0.000202772
-2.86534  0.000203484
-2.85513  0.000210177
-2.84491  0.000210548
-2.83471  0.000217505
-2.82439  0.000221358
-2.81416  0.000220118
-2.80387  0.000230783
-2.79364  0.000224077
-2.78344  0.000234935
-2.77318  0.000236345
-2.763  0.000237776
-2.75281  0.000243967
-2.74247  0.000251909
-2.7321  0.000254922
-2.72181  0.000254517
-2.71158  0.000259918
-2.70121  0.000268463
-2.69095  0.000263002
-2.68072  0.00027137
-2.67053  0.000271546
-2.66042  0.000274785
-2.6502  0.000287905
-2.63988  0.00028621
-2.62962  0.000293914
-2.61934  0.000295936
-2.6091  0.000299847
-2.59896  0.000298285
-2.58874  0.000311799
-2.57859  0.000303782
-2.56841  0.000322288
-2.55816  0.000318959
-2.54792  0.000328715
-2.53772  0.000328514
-2.52752  0.000334801
-2.51729  0.000340572
-2.50707  0.000343297
-2.49686  0.000348254
-2.48665  0.00035346
-2.47648  0.000356756
-2.46626  0.000365453
-2.45614  0.000360425
-2.44599  0.000377346
-2.43578  0.000374787
-2.42558  0.000386956
-2.41532  0.000386594
-2.40476  0.000421887
-2.39412  0.000404072
-2.38389  0.000402673
-2.37361  0.000417769
-2.3634  0.000409453
-2.35329  0.000420203
-2.34302  0.000430609
-2.3327  0.000437873
-2.32245  0.000434226
-2.31187  0.000476783
-2.30135  0.000442948
-2.29122  0.000454378
-2.28102  0.000463253
-2.27076  0.00047011
-2.2606  0.000466376
-2.25048  0.000477198
-2.24029  0.000482358
-2.23006  0.000494012
-2.21991  0.000489335
-2.20979  0.000502483
-2.19954  0.000514343
-2.18934  0.000511028
-2.17921  0.000519931
-2.16901  0.000529379
-2.1588  0.000532036
-2.14866  0.000533767
-2.13852  0.000548004
-2.12831  0.000555247
-2.11815  0.000555725
-2.10803  0.000564756
-2.09793  0.00056613
-2.08777  0.000582597
-2.07757  0.000583999
-2.06741  0.000591925
-2.05724  0.000599842
-2.04707  0.000606556
-2.03687  0.000618629
-2.02671  0.000617884
-2.01659  0.000625911
-2.00644  0.000632587
-1.99627  0.000642207
-1.98611  0.000646772
-1.97601  0.000650942
-1.9659  0.000663602
-1.95582  0.00066279
-1.94571  0.00068325
-1.9355  0.00069004
-1.92533  0.000692534
-1.9152  0.000694497
-1.90508  0.000707358
-1.89497  0.000712896
-1.88488  0.000720884
-1.87479  0.000730769
-1.86469  0.000735818
-1.85457  0.000748985
-1.84446  0.000750844
-1.83431  0.000764753
-1.82415  0.000772013
-1.81408  0.000767917
-1.80398  0.000795361
-1.79381  0.000799645
-1.78362  0.000814062
-1.77343  0.000813178
-1.76333  0.000815412
-1.75323  0.000827604
-1.74308  0.000841382
-1.73292  0.000848249
-1.72281  0.000854344
-1.71267  0.00087417
-1.70252  0.000874276
-1.69239  0.000883861
-1.68225  0.000890479
-1.67215  0.000894809
-1.66211  0.000901061
-1.65198  0.000932697
-1.64185  0.000917888
-1.63177  0.000944193
-1.62167  0.000939579
-1.61155  0.000960329
-1.60098  0.00104135
-1.59043  0.000983599
-1.58027  0.000990049
-1.57023  0.000980759
-1.56012  0.00102178
-1.5499  0.0010192
-1.53978  0.00101816
-1.52969  0.00103256
-1.51959  0.00104146
-1.50948  0.00106005
-1.49934  0.00107423
-1.48921  0.00107358
-1.47906  0.00109587
-1.46888  0.00109399
-1.45878  0.00109943
-1.4487  0.00111886
-1.43862  0.00112242
-1.42851  0.00114989
-1.41838  0.00114683
-1.40832  0.0011502
-1.39822  0.00117186
-1.38809  0.00117948
-1.37802  0.00118677
-1.36792  0.00121293
-1.35772  0.00123391
-1.3476  0.00121805
-1.33753  0.0012374
-1.32742  0.00124143
-1.31737  0.00124607
-1.30726  0.00128874
-1.29666  0.00140563
-1.2861  0.00129672
-1.27603  0.00130666
-1.26593  0.00132148
-1.25583  0.00132206
-1.24572  0.00134839
-1.23562  0.00135688
-1.2255  0.00138361
-1.21541  0.00137789
-1.20533  0.00139622
-1.19522  0.00140657
-1.18512  0.0014081
-1.17503  0.00143293
-1.16492  0.00144944
-1.15484  0.001462
-1.14475  0.00148158
-1.13462  0.00149317
-1.12448  0.00149799
-1.11439  0.00149847
-1.10432  0.00152483
-1.09421  0.00154588
-1.08413  0.00155411
-1.07404  0.00158385
-1.06397  0.00156555
-1.05389  0.00160237
-1.04373  0.0016052
-1.03365  0.00161889
-1.02357  0.00164568
-1.01347  0.00166435
-1.00338  0.00168262
-0.993254  0.0016878
-0.983188  0.00168099
-0.973117  0.00171454
-0.963017  0.00174059
-0.952896  0.00175838
-0.942795  0.0017722
-0.932747  0.00176567
-0.922705  0.00177806
-0.912609  0.00180314
-0.90249  0.00182947
-0.892407  0.00185199
-0.882347  0.00186523
-0.872259  0.00190139
-0.861695  0.00206357
-0.851136  0.00191214
-0.841061  0.00191979
-0.831019  0.00195266
-0.82095  0.00198357
-0.810854  0.00200209
-0.800776  0.00199793
-0.790697  0.00201089
-0.7806  0.00204597
-0.77052  0.00207216
-0.760458  0.00209256
-0.750414  0.0021052
-0.740379  0.00211183
-0.730295  0.00213305
-0.720188  0.00216193
-0.710155  0.0021856
-0.7001  0.00222728
-0.690048  0.00223323
-0.679977  0.00225846
-0.669893  0.00224476
-0.65981  0.00227105
-0.649771  0.00231541
-0.639635  0.00240961
-0.629514  0.00238436
-0.619472  0.00241154
-0.609402  0.00241242
-0.599341  0.00241757
-0.589244  0.00244036
-0.579167  0.00250853
-0.56911  0.00256042
-0.559056  0.00258263
-0.548959  0.00261693
-0.538867  0.00260842
-0.528825  0.00258773
-0.518773  0.00266729
-0.508732  0.00272919
-0.49866  0.00277632
-0.488582  0.00277939
-0.4785  0.00280862
-0.467926  0.00304019
-0.457361  0.00290025
-0.447263  0.00295786
-0.437208  0.00297113
-0.427172  0.00300299
-0.417123  0.00298546
-0.407051  0.00301546
-0.396991  0.00310017
-0.38695  0.0032126
-0.376847  0.00326962
-0.366773  0.00323232
-0.356742  0.00325956
-0.346651  0.00325494
-0.336567  0.00342109
-0.32656  0.00348251
-0.316529  0.0035754
-0.306442  0.00356687
-0.296361  0.00357369
-0.286255  0.00357353
-0.276199  0.00375838
-0.265755  0.00427099
-0.255244  0.00396568
-0.245142  0.00398763
-0.23508  0.00393452
-0.225028  0.00393147
-0.214865  0.00417966
-0.204903  0.00448915
-0.194897  0.00458723
-0.184836  0.00464074
-0.174761  0.00461597
-0.164683  0.00458543
-0.154531  0.00468848
-0.14449  0.00526609
-0.13449  0.00543732
-0.124427  0.00549939
-0.114364  0.00543754
-0.104344  0.00541373
-0.094143  0.00565461
-0.0842341  0.00683735
-0.0742212  0.00713219
-0.0641375  0.00712801
-0.0540729  0.00712156
-0.0439937  0.00717314
-0.0328943  0.00908296
-0.0229009  0.0127566
-0.0123769  0.0149412
-0.00332007  0.0118222
0.00332007  0.0118222
0.0123769  0.0149412
0.0229009  0.0127566
0.0328943  0.00908296
0.0439937  0.00717314
0.0540729  0.00712156
0.0641375  0.00712801
0.0742212  0.00713219
0.0842341  0.00683735
0.094143  0.00565461
0.104344  0.00541373
0.114364  0.00543754
0.124427  0.00549939
0.13449  0.00543732
0.14449  0.00526609
0.154531  0.00468848
0.164683  0.00458543
0.174761  0.00461597
0.184836  0.00464074
0.194897  0.00458723
0.204903  0.00448915
0.214865  0.00417966
0.225028  0.00393147
0.23508  0.00393452
0.245142  0.00398763
0.255244  0.00396568
0.265755  0.00427099
0.276199  0.00375838
0.286255  0.00357353
0.296361  0.00357369
0.306442  0.00356687
0.316529  0.0035754
0.32656  0.00348251
0.336567  0.00342109
0.346651  0.00325494
0.356742  0.00325956
0.366773  0.00323232
0.376847  0.00326962
0.38695  0.0032126
0.396991  0.00310017
0.407051  0.00301546
0.417123  0.00298546
0.427172  0.00300299
0.437208  0.00297113
0.447263  0.00295786
0.457361  0.00290025
0.467926  0.00304019
0.4785  0.00280862
0.488582  0.00277939
0.49866  0.00277632
0.508732  0.00272919
0.518773  0.00266729
0.528825  0.00258773
0.538867  0.00260842
0.548959  0.00261693
0.559056  0.00258263
0.56911  0.00256042
0.579167  0.00250853
0.589244  0.00244036
0.599341  0.00241757
0.609402  0.00241242
0.619472  0.00241154
0.629514  0.00238436
0.639635  0.00240961
0.649771  0.00231541
0.65981  0.00227105
0.669893  0.00224476
0.679977  0.00225846
0.690048  0.00223323
0.7001  0.00222728
0.710155  0.0021856
0.720188  0.00216193
0.730295  0.00213305
0.740379  0.00211183
0.750414  0.0021052
0.760458  0.00209256
0.77052  0.00207216
0.7806  0.00204597
0.790697  0.00201089
0.800776  0.00199793
0.810854  0.00200209
0.82095  0.00198357
0.831019  0.00195266
0.841061  0.00191979
0.851136  0.00191214
0.861695  0.00206357
0.872259  0.00190139
0.882347  0.00186523
0.892407  0.00185199
0.90249  0.00182947
0.912609  0.00180314
0.922705  0.00177806
0.932747  0.00176567
0.942795  0.0017722
0.952896  0.00175838
0.963017  0.00174059
0.973117  0.00171454
0.983188  0.00168099
0.993254  0.0016878
1.00338  0.00168262
1.01347  0.00166435
1.02357  0.00164568
1.03365  0.00161889
1.04373  0.0016052
1.05389  0.00160237
1.06397  0.00156555
1.07404  0.00158385
1.08413  0.00155411
1.09421  0.00154588
1.10432  0.00152483
1.11439  0.00149847
1.12448  0.00149799
1.13462  0.00149317
1.14475  0.00148158
1.15484  0.001462
1.16492  0.00144944
1.17503  0.00143293
1.18512  0.0014081
1.19522  0.00140657
1.20533  0.00139622
1.21541  0.00137789
1.2255  0.00138361
1.23562  0.00135688
1.24572  0.00134839
1.25583  0.00132206
1.26593  0.00132148
1.27603  0.00130666
1.2861  0.00129672
1.29666  0.00140563
1.30726  0.00128874
1.31737  0.00124607
1.32742  0.00124143
1.33753  0.0012374
1.3476  0.00121805
1.35772  0.00123391
1.36792  0.00121293
1.37802  0.00118677
1.38809  0.00117948
1.39822  0.00117186
1.40832  0.0011502
1.41838  0.00114683
1.42851  0.00114989
1.43862  0.00112242
1.4487  0.00111886
1.45878  0.00109943
1.46888  0.00109399
1.47906  0.00109587
1.48921  0.00107358
1.49934  0.00107423
1.50948  0.00106005
1.51959  0.00104146
1.52969  0.00103256
1.53978  0.00101816
1.5499  0.0010192
1.56012  0.00102178
1.57023  0.000980759
1.58027  0.000990049
1.59043  0.000983599
1.60098  0.00104135
1.61155  0.000960329
1.62167  0.000939579
1.63177  0.000944193
1.64185  0.000917888
1.65198  0.000932697
1.66211  0.000901061
1.67215  0.000894809
1.68225  0.000890479
1.69239  0.000883861
1.70252  0.000874276
1.71267  0.00087417
1.72281  0.000854344
1.73292  0.000848249
1.74308  0.000841382
1.75323  0.000827604
1.76333  0.000815412
1.77343  0.000813178
1.78362  0.000814062
1.79381  0.000799645
1.80398  0.000795361
1.81408  0.000767917
1.82415  0.000772013
1.83431  0.000764753
1.84446  0.000750844
1.85457  0.000748985
1.86469  0.000735818
1.87479  0.000730769
1.88488  0.000720884
1.89497  0.000712896
1.90508  0.000707358
1.9152  0.000694497
1.92533  0.000692534
1.9355  0.00069004
1.94571  0.00068325
1.95582  0.00066279
1.9659  0.000663602
1.97601  0.000650942
1.98611  0.000646772
1.99627  0.000642207
2.00644  0.000632587
2.01659  0.000625911
2.02671  0.000617884
2.03687  0.000618629
2.04707  0.000606556
2.05724  0.000599842
2.06741  0.000591925
2.07757  0.000583999
2.08777  0.000582597
2.09793  0.00056613
2.10803  0.000564756
2.11815  0.000555725
2.12831  0.000555247
2.13852  0.000548004
2.14866  0.000533767
2.1588  0.000532036
2.16901  0.000529379
2.17921  0.000519931
2.18934  0.000511028
2.19954  0.000514343
2.20979  0.000502483
2.21991  0.000489335
2.23006  0.000494012
2.24029  0.000482358
2.25048  0.000477198
2.2606  0.000466376
2.27076  0.00047011
2.28102  0.000463253
2.29122  0.000454378
2.30135  0.000442948
2.31187  0.000476783
2.32245  0.000434226
2.3327  0.000437873
2.34302  0.000430609
2.35329  0.000420203
2.3634  0.000409453
2.37361  0.000417769
2.38389  0.000402673
2.39412  0.000404072
2.40476  0.000421887
2.41532  0.000386594
2.42558  0.000386956
2.43578  0.000374787
2.44599  0.000377346
2.45614  0.000360425
2.46626  0.000365453
2.47648  0.000356756
2.48665  0.00035346
2.49686  0.000348254
2.50707  0.000343297
2.51729  0.000340572
2.52752  0.000334801
2.53772  0.000328514
2.54792  0.000328715
2.55816  0.000318959
2.56841  0.000322288
2.57859  0.000303782
2.58874  0.000311799
2.59896  0.000298285
2.6091  0.000299847
2.61934  0.000295936
2.62962  0.000293914
2.63988  0.00028621
2.6502  0.000287905
2.66042  0.000274785
2.67053  0.000271546
2.68072  0.00027137
2.69095  0.000263002
2.70121  0.000268463
2.71158  0.000259918
2.72181  0.000254517
2.7321  0.000254922
2.74247  0.000251909
2.75281  0.000243967
2.763  0.000237776
2.77318  0.000236345
2.78344  0.000234935
2.79364  0.000224077
2.80387  0.000230783
2.81416  0.000220118
2.82439  0.000221358
2.83471  0.000217505
2.84491  0.000210548
2.85513  0.000210177
2.86534  0.000203484
2.87552  0.000202772
2.88575  0.000197924
2.896  0.00019944
2.90638  0.000194507
2.91666  0.000190962
2.92692  0.00018702
2.93709  0.000182357
2.94731  0.000183227
2.95765  0.000180716
2.96798  0.000174988
2.97824  0.000174891
2.98851  0.000167743
2.99883  0.000170941
3.00929  0.000167705
3.01958  0.000160084
3.02986  0.000161954
3.04026  0.000158261
3.0505  0.000152009
3.06071  0.000151756
3.0711  0.000152163
3.08151  0.000146177
3.09165  0.000142025
3.10195  0.000142799
3.11228  0.000139973
3.12262  0.000136904
3.13281  0.000133766
3.14306  0.000131138
3.15336  0.000132549
3.16385  0.000131278
3.17431  0.000125697
3.18452  0.000121506
3.19478  0.000122761
3.20513  0.000117945
3.21534  0.000116309
3.22551  0.000113326
3.23565  0.000111925
3.24595  0.000112437
3.25641  0.000111418
3.26685  0.000107504
3.27708  0.000104211
3.28748  0.000105818
3.29784  0.000100953
3.30823  0.000101112
3.31843  9.3991e-05
3.32861  9.86117e-05
3.33904  9.35554e-05
3.34917  8.99084e-05
3.35945  9.38822e-05
3.36997  8.9822e-05
3.38029  8.75249e-05
3.39038  8.33915e-05
3.40075  8.66526e-05
3.4112  8.26572e-05
3.4214  8.04038e-05
3.43175  8.03792e-05
3.44225  8.03345e-05
3.45276  7.8294e-05
3.46317  7.42283e-05
3.47345  7.47123e-05
3.48392  7.42222e-05
3.49441  7.09279e-05
3.50463  6.90087e-05
3.51496  6.85502e-05
3.52525  6.68536e-05
3.53563  6.67668e-05
3.54623  6.70944e-05
3.55659  5.95291e-05
3.56678  6.37052e-05
3.57719  6.11823e-05
3.58766  5.91928e-05
3.59799  6.02924e-05
3.60853  5.75836e-05
3.61915  5.71579e-05
3.62938  5.47138e-05
3.63999  5.46984e-05
3.65023  5.20299e-05
3.66064  5.22002e-05
3.67106  5.06609e-05
3.68159  5.24041e-05
3.69252  5.02521e-05
3.70303  4.67722e-05
3.71341  4.8234e-05
3.7241  4.64775e-05
3.73459  4.57854e-05
3.7451  4.3071e-05
3.75552  4.40224e-05
3.76631  4.37003e-05
3.77668  4.09609e-05
3.78751  4.16827e-05
3.79805  3.97795e-05
3.80875  4.03658e-05
3.81916  3.62146e-05
3.83021  4.1552e-05
3.84059  3.21913e-05
3.85083  3.81543e-05
3.86185  3.55069e-05
3.87242  3.47516e-05
3.88287  3.12473e-05
3.89334  3.44197e-05
3.90416  3.16819e-05
3.91485  3.34362e-05
3.92545  2.86545e-05
3.93633  3.20726e-05
3.94666  2.79907e-05
3.95681  2.60976e-05
3.9672  3.01904e-05
3.97806  2.60302e-05
3.98836  2.71074e-05
3.99923  2.77202e-05
4.00999  2.43392e-05
4.02014  2.40952e-05
4.03014  2.29109e-05
4.04055  2.49197e-05
4.05138  2.27688e-05
4.06175  2.31254e-05
4.0728  2.3452e-05
4.08404  2.34801e-05
4.09467  1.91016e-05
4.10428  1.91261e-05
4.11462  2.10929e-05
4.12544  2.00582e-05
4.13634  1.91234e-05
4.14636  1.84969e-05
4.15679  1.84461e-05
4.16774  1.8649e-05
4.17848  1.77193e-05
4.18901  1.56536e-05
4.1992  1.7556e-05
4.21051  1.80322e-05
4.22209  1.66392e-05
4.23257  1.51323e-05
4.24328  1.50255e-05
4.25348  1.43559e-05
4.26396  1.46862e-05
4.27384  1.18776e-05
4.28432  1.45547e-05
4.29453  1.22017e-05
4.30475  1.40456e-05
4.31562  1.16303e-05
4.32584  1.36978e-05
4.33679  1.13207e-05
4.34701  1.1455e-05
4.35759  1.21817e-05
4.36823  1.13319e-05
4.37918  1.09192e-05
4.39038  1.19474e-05
4.40223  1.18475e-05
4.41335  9.68328e-06
4.42438  1.03367e-05
4.43492  9.7511e-06
4.44587  9.93439e-06
4.45662  8.15106e-06
4.46688  9.46404e-06
4.47778  9.13119e-06
4.48945  9.54591e-06
4.5013  8.51554e-06
4.51164  6.82328e-06
4.52106  7.92557e-06
4.5317  6.9909e-06
4.54329  9.06237e-06
4.55435  6.60361e-06
4.56489  7.36789e-06
4.57542  6.32517e-06
4.587  7.96059e-06
4.59715  4.25276e-06
4.60626  7.06656e-06
4.61761  6.08275e-06
4.62919  6.56843e-06
4.63951  5.23375e-06
4.64938  5.87901e-06
4.66129  5.93821e-06
4.67284  5.26202e-06
4.68339  5.30008e-06
4.69341  5.31203e-06
4.70453  4.31849e-06
4.71354  4.18942e-06
4.72534  5.71879e-06
4.73561  3.49408e-06
4.74608  4.81052e-06
4.75659  4.54496e-06
4.76853  3.59668e-06
4.77831  4.6035e-06
4.7896  3.71145e-06
4.7999  4.01829e-06
4.81116  3.95767e-06
4.82134  2.99001e-06
4.8325  3.8945e-06
4.84411  3.95304e-06
4.854  2.53219e-06
4.86506  3.45013e-06
4.87581  3.39808e-06
4.88613  2.86476e-06
4.89797  3.1996e-06
4.90919  3.2431e-06
4.9209  2.93634e-06
4.93119  1.85064e-06
4.94198  3.03748e-06
4.95218  2.80559e-06
4.96381  2.13111e-06
4.97371  2.53171e-06
4.98424  2.10113e-06
4.99299  1.93157e-06
5.00464  2.32328e-06
5.01586  2.18008e-06
5.02687  2.51226e-06
5.03688  1.67071e-06
5.04949  2.10319e-06
5.06094  2.41382e-06
5.07336  1.58891e-06
5.0831  1.79072e-06
5.09437  1.62643e-06
5.10542  2.23533e-06
5.11841  1.76195e-06
5.12995  1.41396e-06
5.14164  1.63682e-06
5.15432  2.17079e-06
5.16884  1.26756e-06
5.17954  1.4558e-06
5.19098  1.58043e-06
5.20286  1.27851e-06
5.21239  1.03249e-06
5.22592  1.43724e-06
5.23724  1.22992e-06
5.24836  1.22804e-06
5.26059  1.38825e-06
5.27436  8.9902e-07
5.28682  1.30571e-06
5.29692  1.06182e-06
5.31117  9.73404e-07
5.32418  1.07964e-06
5.33599  1.00679e-06
5.35021  1.14724e-06
5.36242  7.89924e-07
5.37645  1.16693e-06
5.39279  6.57395e-07
5.40303  8.30343e-07
5.41601  1.14239e-06
5.42379  1.44594e-07
5.43753  6.58307e-07
5.44836  7.57718e-07
5.45997  7.38059e-07
5.47115  3.98237e-07
5.48199  6.81596e-07
5.49419  5.35283e-07
5.5067  3.10656e-07
5.51731  6.5846e-07
5.52779  6.56977e-07
5.53966  4.30872e-07
5.55297  5.86704e-07
5.5706  6.44107e-07
5.58586  4.69278e-07
5.60127  8.89029e-07
5.62389  3.18465e-07
5.63634  3.95293e-07
5.65391  8.32736e-07
5.67517  4.32099e-07
5.68953  4.18603e-07
5.70579  1.55893e-07
5.71381  3.14294e-07
5.72881  4.34244e-07
5.7439  2.60368e-07
5.75289  2.26509e-07
5.77095  3.93897e-07
5.78635  2.66213e-07
5.80373  1.66381e-07
5.81448  3.10763e-07
5.83121  4.71224e-07
5.85451  1.96053e-07
5.86669  4.49733e-08
5.87814  2.3871e-07
5.8934  2.67146e-07
5.90158  1.1033e-07
5.92586  3.12571e-07
5.9446  1.92121e-07
5.9638  1.58471e-07
5.97515  1.12017e-07
5.99867  2.78126e-07
6.0133  8.93606e-08
6.02291  1.20729e-07
6.03954  3.52519e-08
6.05035  2.32809e-07
6.0772  8.24923e-08
6.09304  7.95131e-08
6.10682  1.36642e-07
6.13281  2.79101e-07
6.16548  3.01408e-08
6.17969  3.53754e-08
6.19453  1.47583e-07
6.22313  1.65563e-07
6.25895  1.07277e-07
6.27456  6.29541e-09
6.28889  1.21573e-07
6.32332  4.8928e-08
6.36207  1.43183e-07
6.39407  8.30714e-08
6.43671  5.38266e-08
6.47706  8.49362e-08
6.51325  3.8982e-08
6.56118  9.57898e-08
6.60701  1.88941e-08
6.65116  1.73802e-08
6.70339  8.52338e-08
6.81006  2.40314e-08
6.86922  3.79206e-08
6.9964  2.85108e-08
7.06813  6.74835e-09
7.22561  1.90267e-08
7.52349  6.77199e-09
7.94966  1.00429e-09
