-4.0588  0.0421303
-3.96469  0.0140452
-3.94248  0.0106724
-3.30018  0.00741229
-3.25505  0.0123553
-3.24408  0.011266
-2.84465  0.00434753
-2.83738  0.00495526
-2.55509  0.000764892
-2.54965  0.00116242
-2.38864  0.0338099
-2.37039  0.0112714
-2.36588  0.00856464
-2.33143  6.72865e-05
-2.3271  0.000153385
-2.19666  0.00594842
-2.18164  0.00991525
-2.17791  0.00904103
-2.1494  2.36764e-06
-2.1458  1.07944e-05
-2.02356  0.00348892
-2.0204  0.00397664
-1.99304  3.16524e-07
-1.91047  0.00351154
-1.89927  0.00585329
-1.89649  0.00533721
-1.88776  0.000613832
-1.88502  0.000932851
-1.77903  0.00411924
-1.77658  0.00469507
-1.76888  5.39979e-05
-1.76646  0.000123092
-1.67238  0.00108709
-1.67019  0.00165207
-1.66332  1.90005e-06
-1.66116  8.66261e-06
-1.57669  0.000127507
-1.57472  0.000290661
-1.56657  2.54013e-07
-1.5133  0.00281804
-1.50596  0.00469731
-1.50414  0.00428315
-1.49004  5.60829e-06
-1.48825  2.55691e-05
-1.42555  0.00330572
-1.42388  0.00376783
-1.40934  8.9971e-07
-1.35179  0.0008724
-1.35026  0.0013258
-1.30653  0.0269908
-1.30071  0.00899803
-1.29927  0.00683723
-1.2897  0.000975736
-1.28827  0.00111213
-1.28378  0.000102325
-1.28236  0.000233258
-1.24187  0.00474868
-1.23648  0.00791544
-1.23513  0.00721754
-1.22626  0.000515005
-1.22494  0.000782662
-1.22076  4.5007e-06
-1.21944  2.05194e-05
-1.17678  0.00278524
-1.17553  0.00317459
-1.16727  9.06085e-05
-1.16604  0.000206549
-1.16092  7.22024e-07
-1.12111  0.000490027
-1.11995  0.000744704
-1.11223  5.3138e-06
-1.11107  2.42265e-05
-1.07028  0.000783036
-1.06918  0.000935602
-1.06794  9.82658e-05
-1.05962  1.06558e-06
-1.02135  0.000413295
-1.02032  0.000629609
-1.01915  6.91544e-06
-0.97467  0.000238471
-0.973268  2.02781e-07
-0.946589  0.00224967
-0.942424  0.00716918
-0.935249  0.000204921
-0.93124  2.37063e-05
-0.900871  0.00564688
-0.894062  9.38514e-05
-0.890199  8.55139e-07
-0.861583  0.00175484
-0.855096  1.39946e-05
-0.824374  0.000267899
-0.81816  6.73087e-07
-0.789982  0.000184425
-0.756558  7.58928e-05
-0.724689  1.12307e-05
-0.702249  0.00133759
-0.697202  1.11154e-05
-0.694336  5.40157e-07
-0.673046  0.00083135
-0.668206  3.31493e-06
-0.645214  0.000190374
-0.64055  2.39154e-07
-0.618663  1.89249e-05
-0.612857  0.00239077
-0.610374  0.00761884
-0.594026  9.60287e-06
-0.58546  0.00600106
-0.569869  2.66026e-06
-0.561664  0.00186491
-0.546717  1.91923e-07
-0.53892  0.000284702
-0.530422  0.000131283
-0.526712  3.14087e-07
-0.523478  0.00191861
-0.521392  0.00611417
-0.517165  2.12265e-05
-0.509055  6.01258e-05
-0.505468  4.53192e-08
-0.500436  0.00481589
-0.496338  6.12551e-07
-0.488605  8.9656e-06
-0.480382  0.0014966
-0.469015  4.31213e-07
-0.462944  0.00284297
-0.461181  0.000228475
-0.450862  2.52057e-07
-0.444495  0.00176699
-0.442786  1.70344e-05
-0.432884  3.6369e-08
-0.42682  0.000404629
-0.42515  4.91577e-07
-0.418133  0.0237122
-0.416511  0.0139117
-0.409876  4.02239e-05
-0.40355  7.12108e-06
-0.401597  0.00417185
-0.400026  0.0132948
-0.396821  0.00228151
-0.393621  1.45097e-06
-0.387578  2.12371e-06
-0.384223  0.00523588
-0.381147  0.00141802
-0.372249  1.53214e-07
-0.369069  0.00108475
-0.366112  0.000324717
-0.356812  0.00153164
-0.355402  0.0050052
-0.353028  0.000418551
-0.351686  3.228e-05
-0.343912  2.87161e-09
-0.341455  0.00385198
-0.339148  0.000191691
-0.337835  1.16441e-06
-0.328054  0.00119493
-0.325824  2.85838e-05
-0.319307  0.0019764
-0.31807  0.00629833
-0.31519  0.000182394
-0.313026  1.37478e-06
-0.308264  2.01219e-07
-0.30562  0.00496095
-0.30318  0.000349489
-0.296177  2.90337e-08
-0.293667  0.00154168
-0.291333  0.000154226
-0.28219  0.000235357
-0.279942  2.29387e-05
-0.271851  0.0018389
-0.269995  3.13742e-05
-0.261257  0.00113252
-0.259492  9.02763e-06
-0.251075  0.000259225
-0.249361  6.51294e-07
-0.243495  0.00117511
-0.241291  2.57694e-05
-0.236012  2.29243e-09
-0.234023  0.000730364
-0.232162  2.52222e-05
-0.224921  0.000167249
-0.223138  7.24474e-06
-0.216173  1.66261e-05
-0.214451  5.22668e-07
-0.208308  0.000268744
-0.206907  1.0692e-06
-0.200222  0.000122807
-0.19886  1.54274e-07
-0.192447  1.83122e-05
-0.18667  0.000115336
-0.184969  8.80749e-07
-0.182646  0.000967793
-0.179433  5.28223e-05
-0.178014  8.58041e-07
-0.17557  0.00060151
-0.172474  7.87654e-06
-0.171103  1.23806e-07
-0.168767  0.000137742
-0.16578  3.78833e-07
-0.162226  1.36928e-05
-0.159779  1.9393e-05
-0.158695  1.46173e-08
-0.157173  0.000776661
-0.155933  4.93931e-07
-0.153589  5.78355e-06
-0.151092  0.000482716
-0.147634  4.17251e-07
-0.145245  0.000110539
-0.143223  6.25608e-06
-0.140126  0.000295951
-0.137679  1.86574e-06
-0.136587  1.17305e-08
-0.134723  0.000130906
-0.132344  1.34603e-07
-0.129512  1.94608e-05
-0.126589  0.00563369
-0.124495  9.35991e-07
-0.122626  6.84982e-07
-0.121528  0.00360625
-0.116887  0.000448599
-0.116758  0.00070586
-0.112296  0.000175856
-0.109939  1.76777e-07
-0.108264  0.000662877
-0.107174  7.5114e-07
-0.105684  2.5507e-08
-0.104105  0.000394921
-0.100094  8.89094e-05
-0.0970979  0.00160888
-0.0933366  0.00101964
-0.0897278  0.000235135
-0.0862668  2.31729e-05
-0.0844103  2.01397e-09
-0.0831575  0.000184833
-0.0799513  8.38207e-05
-0.0768645  1.24675e-05
-0.0745667  0.000236172
-0.0716846  0.000109058
-0.0689164  1.62564e-05
-0.0662576  7.73764e-07
-0.0638673  1.98299e-05
-0.0614019  5.90643e-06
-0.0590284  4.26116e-07
-0.0572701  1.70373e-05
-0.0559713  6.97514e-05
-0.0538698  3.00048e-05
-0.0518009  4.4165e-06
-0.0482784  5.30436e-05
-0.0464011  2.39034e-05
-0.0445161  4.14605e-06
-0.0430391  1.42888e-05
-0.0413842  4.18459e-06
-0.0388587  0.000545004
-0.0373508  0.000349823
-0.0359076  8.08833e-05
-0.0345239  7.95722e-06
-0.0332799  4.27003e-05
-0.0320004  1.91179e-05
-0.0298645  0.000163214
-0.0286987  7.37335e-05
-0.0275889  1.2247e-05
-0.0253414  1.16927e-05
-0.0227069  2.31742e-05
-0.0195438  7.26648e-07
-0.01718  4.0553e-06
-0.0148257  7.35951e-07
-0.0146676  1.8422e-06
-0.0131867  4.00115e-07
-0.0117707  5.5864e-05
-0.00964809  4.53644e-06
-0.0090555  8.08451e-06
-0.00720468  8.54246e-07
-0.00500467  1.07479e-07
-0.00353766  2.03915e-06
-0.00111345  3.24299e-08
0.00111345  3.24299e-08
0.00353766  2.03915e-06
0.00500467  1.07479e-07
0.00720468  8.54246e-07
0.0090555  8.08451e-06
0.00964809  4.53644e-06
0.0117707  5.5864e-05
0.0131867  4.00115e-07
0.0146676  1.8422e-06
0.0148257  7.35951e-07
0.01718  4.0553e-06
0.0195438  7.26648e-07
0.0227069  2.31742e-05
0.0253414  1.16927e-05
0.0275889  1.2247e-05
0.0286987  7.37335e-05
0.0298645  0.000163214
0.0320004  1.91179e-05
0.0332799  4.27003e-05
0.0345239  7.95722e-06
0.0359076  8.08833e-05
0.0373508  0.000349823
0.0388587  0.000545004
0.0413842  4.18459e-06
0.0430391  1.42888e-05
0.0445161  4.14605e-06
0.0464011  2.39034e-05
0.0482784  5.30436e-05
0.0518009  4.4165e-06
0.0538698  3.00048e-05
0.0559713  6.97514e-05
0.0572701  1.70373e-05
0.0590284  4.26116e-07
0.0614019  5.90643e-06
0.0638673  1.98299e-05
0.0662576  7.73764e-07
0.0689164  1.62564e-05
0.0716846  0.000109058
0.0745667  0.000236172
0.0768645  1.24675e-05
0.0799513  8.38207e-05
0.0831575  0.000184833
0.0844103  2.01397e-09
0.0862668  2.31729e-05
0.0897278  0.000235135
0.0933366  0.00101964
0.0970979  0.00160888
0.100094  8.89094e-05
0.104105  0.000394921
0.105684  2.5507e-08
0.107174  7.5114e-07
0.108264  0.000662877
0.109939  1.76777e-07
0.112296  0.000175856
0.116758  0.00070586
0.116887  0.000448599
0.121528  0.00360625
0.122626  6.84982e-07
0.124495  9.35991e-07
0.126589  0.00563369
0.129512  1.94608e-05
0.132344  1.34603e-07
0.134723  0.000130906
0.136587  1.17305e-08
0.137679  1.86574e-06
0.140126  0.000295951
0.143223  6.25608e-06
0.145245  0.000110539
0.147634  4.17251e-07
0.151092  0.000482716
0.153589  5.78355e-06
0.155933  4.93931e-07
0.157173  0.000776661
0.158695  1.46173e-08
0.159779  1.9393e-05
0.162226  1.36928e-05
0.16578  3.78833e-07
0.168767  0.000137742
0.171103  1.23806e-07
0.172474  7.87654e-06
0.17557  0.00060151
0.178014  8.58041e-07
0.179433  5.28223e-05
0.182646  0.000967793
0.184969  8.80749e-07
0.18667  0.000115336
0.192447  1.83122e-05
0.19886  1.54274e-07
0.200222  0.000122807
0.206907  1.0692e-06
0.208308  0.000268744
0.214451  5.22668e-07
0.216173  1.66261e-05
0.223138  7.24474e-06
0.224921  0.000167249
0.232162  2.52222e-05
0.234023  0.000730364
0.236012  2.29243e-09
0.241291  2.57694e-05
0.243495  0.00117511
0.249361  6.51294e-07
0.251075  0.000259225
0.259492  9.02763e-06
0.261257  0.00113252
0.269995  3.13742e-05
0.271851  0.0018389
0.279942  2.29387e-05
0.28219  0.000235357
0.291333  0.000154226
0.293667  0.00154168
0.296177  2.90337e-08
0.30318  0.000349489
0.30562  0.00496095
0.308264  2.01219e-07
0.313026  1.37478e-06
0.31519  0.000182394
0.31807  0.00629833
0.319307  0.0019764
0.325824  2.85838e-05
0.328054  0.00119493
0.337835  1.16441e-06
0.339148  0.000191691
0.341455  0.00385198
0.343912  2.87161e-09
0.351686  3.228e-05
0.353028  0.000418551
0.355402  0.0050052
0.356812  0.00153164
0.366112  0.000324717
0.369069  0.00108475
0.372249  1.53214e-07
0.381147  0.00141802
0.384223  0.00523588
0.387578  2.12371e-06
0.393621  1.45097e-06
0.396821  0.00228151
0.400026  0.0132948
0.401597  0.00417185
0.40355  7.12108e-06
0.409876  4.02239e-05
0.416511  0.0139117
0.418133  0.0237122
0.42515  4.91577e-07
0.42682  0.000404629
0.432884  3.6369e-08
0.442786  1.70344e-05
0.444495  0.00176699
0.450862  2.52057e-07
0.461181  0.000228475
0.462944  0.00284297
0.469015  4.31213e-07
0.480382  0.0014966
0.488605  8.9656e-06
0.496338  6.12551e-07
0.500436  0.00481589
0.505468  4.53192e-08
0.509055  6.01258e-05
0.517165  2.12265e-05
0.521392  0.00611417
0.523478  0.00191861
0.526712  3.14087e-07
0.530422  0.000131283
0.53892  0.000284702
0.546717  1.91923e-07
0.561664  0.00186491
0.569869  2.66026e-06
0.58546  0.00600106
0.594026  9.60287e-06
0.610374  0.00761884
0.612857  0.00239077
0.618663  1.89249e-05
0.64055  2.39154e-07
0.645214  0.000190374
0.668206  3.31493e-06
0.673046  0.00083135
0.694336  5.40157e-07
0.697202  1.11154e-05
0.702249  0.00133759
0.724689  1.12307e-05
0.756558  7.58928e-05
0.789982  0.000184425
0.81816  6.73087e-07
0.824374  0.000267899
0.855096  1.39946e-05
0.861583  0.00175484
0.890199  8.55139e-07
0.894062  9.38514e-05
0.900871  0.00564688
0.93124  2.37063e-05
0.935249  0.000204921
0.942424  0.00716918
0.946589  0.00224967
0.973268  2.02781e-07
0.97467  0.000238471
1.01915  6.91544e-06
1.02032  0.000629609
1.02135  0.000413295
1.05962  1.06558e-06
1.06794  9.82658e-05
1.06918  0.000935602
1.07028  0.000783036
1.11107  2.42265e-05
1.11223  5.3138e-06
1.11995  0.000744704
1.12111  0.000490027
1.16092  7.22024e-07
1.16604  0.000206549
1.16727  9.06085e-05
1.17553  0.00317459
1.17678  0.00278524
1.21944  2.05194e-05
1.22076  4.5007e-06
1.22494  0.000782662
1.22626  0.000515005
1.23513  0.00721754
1.23648  0.00791544
1.24187  0.00474868
1.28236  0.000233258
1.28378  0.000102325
1.28827  0.00111213
1.2897  0.000975736
1.29927  0.00683723
1.30071  0.00899803
1.30653  0.0269908
1.35026  0.0013258
1.35179  0.0008724
1.40934  8.9971e-07
1.42388  0.00376783
1.42555  0.00330572
1.48825  2.55691e-05
1.49004  5.60829e-06
1.50414  0.00428315
1.50596  0.00469731
1.5133  0.00281804
1.56657  2.54013e-07
1.57472  0.000290661
1.57669  0.000127507
1.66116  8.66261e-06
1.66332  1.90005e-06
1.67019  0.00165207
1.67238  0.00108709
1.76646  0.000123092
1.76888  5.39979e-05
1.77658  0.00469507
1.77903  0.00411924
1.88502  0.000932851
1.88776  0.000613832
1.89649  0.00533721
1.89927  0.00585329
1.91047  0.00351154
1.99304  3.16524e-07
2.0204  0.00397664
2.02356  0.00348892
2.1458  1.07944e-05
2.1494  2.36764e-06
2.17791  0.00904103
2.18164  0.00991525
2.19666  0.00594842
2.3271  0.000153385
2.33143  6.72865e-05
2.36588  0.00856464
2.37039  0.0112714
2.38864  0.0338099
2.54965  0.00116242
2.55509  0.000764892
2.83738  0.00495526
2.84465  0.00434753
3.24408  0.011266
3.25505  0.0123553
3.30018  0.00741229
3.94248  0.0106724
3.96469  0.0140452
4.0588  0.0421303
