-7.95025  1.06494e-09
-7.52344  7.15188e-09
-7.22525  2.00126e-08
-7.06718  7.13242e-09
-6.99586  2.98667e-08
-6.86822  3.99164e-08
-6.80939  2.50722e-08
-6.70235  8.93563e-08
-6.65017  1.81473e-08
-6.60566  1.99039e-08
-6.56011  1.00016e-07
-6.51195  4.08332e-08
-6.47572  8.91131e-08
-6.43562  5.59736e-08
-6.39275  8.6721e-08
-6.36074  1.49616e-07
-6.32189  5.11639e-08
-6.28754  1.2669e-07
-6.27434  6.59063e-09
-6.25763  1.11643e-07
-6.22163  1.7297e-07
-6.1931  1.53795e-07
-6.17937  3.68843e-08
-6.16416  3.12402e-08
-6.13132  2.90406e-07
-6.10533  1.42247e-07
-6.09264  8.25687e-08
-6.07556  8.62497e-08
-6.04887  2.415e-07
-6.03894  3.67839e-08
-6.02135  1.25475e-07
-6.01284  9.24186e-08
-5.99705  2.89616e-07
-5.97363  1.16156e-07
-5.96315  1.64688e-07
-5.94342  1.9878e-07
-5.92427  3.24166e-07
-5.8999  1.14776e-07
-5.89271  2.76501e-07
-5.87707  2.47354e-07
-5.86565  4.67725e-08
-5.85322  2.03065e-07
-5.82994  4.87399e-07
-5.81365  3.21832e-07
-5.8028  1.72225e-07
-5.78548  2.75749e-07
-5.76969  4.06592e-07
-5.75244  2.33753e-07
-5.74301  2.68347e-07
-5.72766  4.48799e-07
-5.7107  4.8386e-07
-5.69101  2.32816e-07
-5.68558  2.17234e-07
-5.67348  4.28904e-07
-5.65941  3.23342e-07
-5.64985  5.46015e-07
-5.63522  3.96252e-07
-5.62314  3.28145e-07
-5.60599  3.14871e-07
-5.59803  5.99083e-07
-5.58521  4.83289e-07
-5.57407  3.96513e-07
-5.5631  3.92435e-07
-5.54948  5.53557e-07
-5.53553  6.2634e-07
-5.52595  4.14705e-07
-5.51504  8.26227e-07
-5.4995  4.25674e-07
-5.49216  3.25464e-07
-5.48169  6.69014e-07
-5.46609  9.06827e-07
-5.45188  7.87469e-07
-5.44038  8.12065e-07
-5.42629  2.92878e-07
-5.41522  1.20907e-06
-5.40253  7.7865e-07
-5.3933  6.75186e-07
-5.37844  8.69589e-07
-5.36754  8.74568e-07
-5.35329  1.14463e-06
-5.34163  7.89909e-07
-5.32904  1.39933e-06
-5.31465  8.85001e-07
-5.30454  6.31512e-07
-5.29259  1.58143e-06
-5.28081  1.12459e-06
-5.26978  5.31556e-07
-5.26134  1.05671e-06
-5.25235  8.57013e-07
-5.24246  1.30715e-06
-5.22967  1.79318e-06
-5.21426  1.26172e-06
-5.20333  1.3057e-06
-5.18994  2.13397e-06
-5.17666  1.27096e-06
-5.16581  1.57452e-06
-5.15236  1.92045e-06
-5.13999  1.88335e-06
-5.12789  1.08118e-06
-5.11848  1.69217e-06
-5.10611  2.2492e-06
-5.09573  1.6192e-06
-5.08373  2.07204e-06
-5.07342  1.42147e-06
-5.06198  2.46511e-06
-5.0512  1.92044e-06
-5.0394  1.75223e-06
-5.02991  1.94505e-06
-5.01891  2.98406e-06
-5.00534  2.61337e-06
-4.99245  2.2531e-06
-4.98356  1.86411e-06
-4.97314  3.15564e-06
-4.95956  2.66209e-06
-4.94752  3.6519e-06
-4.93553  2.66489e-06
-4.92369  2.56634e-06
-4.91348  2.87795e-06
-4.90278  3.50809e-06
-4.89068  2.87e-06
-4.88  3.45256e-06
-4.86895  3.71054e-06
-4.85694  3.15859e-06
-4.84579  3.88868e-06
-4.8348  3.95551e-06
-4.82291  3.35102e-06
-4.81186  4.51108e-06
-4.80026  3.86887e-06
-4.79046  3.53014e-06
-4.77982  4.49586e-06
-4.77016  3.83527e-06
-4.75799  4.60442e-06
-4.74707  5.23919e-06
-4.73441  5.20644e-06
-4.72428  4.0722e-06
-4.71407  4.84263e-06
-4.70387  4.25484e-06
-4.69316  6.0345e-06
-4.68201  5.66362e-06
-4.67065  5.55117e-06
-4.65991  5.75922e-06
-4.64841  5.44287e-06
-4.63811  6.62831e-06
-4.62733  6.20501e-06
-4.61649  5.64761e-06
-4.60628  6.57209e-06
-4.59553  6.24883e-06
-4.58589  6.87677e-06
-4.5741  7.50758e-06
-4.56377  5.99033e-06
-4.55479  6.53121e-06
-4.54402  8.76575e-06
-4.53317  6.70399e-06
-4.5229  7.91888e-06
-4.51317  7.3607e-06
-4.50277  8.48034e-06
-4.49113  9.42897e-06
-4.48038  8.09958e-06
-4.47013  9.51424e-06
-4.46033  8.24612e-06
-4.44975  8.79733e-06
-4.43953  1.02652e-05
-4.42859  1.02559e-05
-4.41754  1.04832e-05
-4.40691  9.45184e-06
-4.39754  1.06457e-05
-4.38608  1.24557e-05
-4.37501  1.02315e-05
-4.36466  1.17126e-05
-4.35515  1.12662e-05
-4.34415  1.22799e-05
-4.33325  1.28332e-05
-4.3229  1.24993e-05
-4.312  1.39287e-05
-4.30037  1.53414e-05
-4.28936  1.32931e-05
-4.27966  1.27111e-05
-4.26955  1.3789e-05
-4.25905  1.56171e-05
-4.24735  1.71604e-05
-4.23598  1.63928e-05
-4.22562  1.52074e-05
-4.21522  1.5636e-05
-4.20531  1.59277e-05
-4.19484  1.8489e-05
-4.18364  1.689e-05
-4.17378  1.72434e-05
-4.16342  1.84171e-05
-4.15252  1.95992e-05
-4.14221  1.89268e-05
-4.13176  1.95267e-05
-4.12081  2.09457e-05
-4.11014  2.18132e-05
-4.09916  2.18698e-05
-4.08835  2.16675e-05
-4.07822  2.11218e-05
-4.06811  2.09073e-05
-4.05786  2.50648e-05
-4.04686  2.39619e-05
-4.03638  2.4141e-05
-4.02547  2.62169e-05
-4.01469  2.65998e-05
-4.0041  2.54264e-05
-3.9933  2.81215e-05
-3.98288  2.65817e-05
-3.97218  2.90275e-05
-3.96148  2.94325e-05
-3.95089  2.81707e-05
-3.9401  3.3146e-05
-3.92928  2.92897e-05
-3.91911  2.97282e-05
-3.90879  3.39392e-05
-3.89797  3.22309e-05
-3.88736  3.54105e-05
-3.87643  3.34446e-05
-3.86624  3.51762e-05
-3.85584  3.49178e-05
-3.84558  3.58031e-05
-3.83504  3.86045e-05
-3.82416  4.00858e-05
-3.81288  4.22413e-05
-3.80191  4.03409e-05
-3.79117  4.2778e-05
-3.78043  4.07181e-05
-3.77012  4.34081e-05
-3.75932  4.51675e-05
-3.74849  4.5816e-05
-3.73787  4.47953e-05
-3.72778  4.47456e-05
-3.7174  4.76842e-05
-3.70672  5.07922e-05
-3.69566  5.19375e-05
-3.68465  5.25645e-05
-3.67433  4.95068e-05
-3.66402  5.27242e-05
-3.6536  5.27611e-05
-3.64304  5.72917e-05
-3.63229  5.52102e-05
-3.62199  5.75512e-05
-3.61138  5.86431e-05
-3.60101  5.80592e-05
-3.59076  6.1142e-05
-3.58025  6.12254e-05
-3.56981  6.4438e-05
-3.55931  6.42188e-05
-3.54841  7.02572e-05
-3.53762  6.69349e-05
-3.52727  6.73778e-05
-3.51683  7.15763e-05
-3.50605  7.33033e-05
-3.49555  7.18249e-05
-3.4853  7.17849e-05
-3.4751  7.46017e-05
-3.46478  7.63698e-05
-3.45434  7.82818e-05
-3.44401  7.92187e-05
-3.43355  8.22896e-05
-3.42306  8.27054e-05
-3.41261  8.51324e-05
-3.40219  8.58993e-05
-3.39163  8.91926e-05
-3.38109  9.08101e-05
-3.37059  9.10536e-05
-3.36026  9.24113e-05
-3.34983  9.51161e-05
-3.33948  9.52431e-05
-3.32919  9.57645e-05
-3.31883  0.000102859
-3.30822  0.00010188
-3.29787  0.00010275
-3.2874  0.000107957
-3.27692  0.000106626
-3.26658  0.000109148
-3.25627  0.000109651
-3.24599  0.000113265
-3.23554  0.000117054
-3.22507  0.000118704
-3.21474  0.000116415
-3.20461  0.0001193
-3.19429  0.000123792
-3.18395  0.00012569
-3.17352  0.000129948
-3.16307  0.000128853
-3.15292  0.000130221
-3.14259  0.00013649
-3.13222  0.000135785
-3.12201  0.000137807
-3.11171  0.000141891
-3.10147  0.000141061
-3.09112  0.000149436
-3.0807  0.000148601
-3.07037  0.000151876
-3.06015  0.000150829
-3.04988  0.000156938
-3.03954  0.000160295
-3.02923  0.000161442
-3.01891  0.000164167
-3.00872  0.000165699
-2.99845  0.000169551
-2.98818  0.000170775
-2.97783  0.000178814
-2.9675  0.000176295
-2.95719  0.000183676
-2.9469  0.000181008
-2.93676  0.000185365
-2.92656  0.000189192
-2.91631  0.000192695
-2.90598  0.000197945
-2.89568  0.000196695
-2.8855  0.000202483
-2.87521  0.000205465
-2.86496  0.000206514
-2.8547  0.000212901
-2.84442  0.00021507
-2.83403  0.000224281
-2.82363  0.000222707
-2.81334  0.000226107
-2.80308  0.000227243
-2.79294  0.00022981
-2.78269  0.000235769
-2.77241  0.000239687
-2.76227  0.000238317
-2.75198  0.000252011
-2.74172  0.000246279
-2.73152  0.000254866
-2.72136  0.000253976
-2.71121  0.00026023
-2.70111  0.000259669
-2.69092  0.000272315
-2.6807  0.000267564
-2.67055  0.000276982
-2.66038  0.000277894
-2.65018  0.00028726
-2.63982  0.000294663
-2.62963  0.0002863
-2.61951  0.000298786
-2.60926  0.000300184
-2.59914  0.000302914
-2.589  0.000307117
-2.57881  0.000313931
-2.5686  0.000319959
-2.55838  0.000323576
-2.54811  0.000331076
-2.53785  0.000333564
-2.52771  0.000331828
-2.51754  0.000344099
-2.50736  0.000340396
-2.49723  0.00035034
-2.48707  0.000352798
-2.47686  0.000364707
-2.46668  0.000360188
-2.45653  0.0003723
-2.44627  0.000377641
-2.43611  0.000376182
-2.42592  0.000388877
-2.41574  0.000384931
-2.40557  0.000396336
-2.39532  0.000404303
-2.38512  0.000403077
-2.37504  0.000407013
-2.36495  0.000413789
-2.35471  0.000430336
-2.34442  0.000427478
-2.33428  0.000426931
-2.32415  0.000439352
-2.31397  0.000442329
-2.30369  0.000457515
-2.29338  0.000459346
-2.28319  0.000460258
-2.27301  0.000469425
-2.26283  0.000472576
-2.25269  0.000474852
-2.24251  0.000486454
-2.23238  0.000484512
-2.22223  0.000500224
-2.21205  0.000501557
-2.20192  0.000506965
-2.19178  0.000514836
-2.18163  0.000519417
-2.17151  0.000524675
-2.16139  0.000531263
-2.15114  0.000548801
-2.14092  0.000544013
-2.13078  0.00055402
-2.12065  0.000558129
-2.11054  0.00056216
-2.10043  0.000572779
-2.09025  0.000581596
-2.08003  0.000588274
-2.06993  0.000584303
-2.05983  0.000601744
-2.04964  0.000610303
-2.03942  0.000619426
-2.02924  0.000621564
-2.01865  0.000682675
-2.00805  0.000635772
-1.99788  0.00064243
-1.98768  0.000656249
-1.97751  0.000654496
-1.9674  0.000664685
-1.95733  0.000663516
-1.94722  0.000686393
-1.93704  0.000686631
-1.92694  0.000687431
-1.91682  0.000703981
-1.90658  0.00071826
-1.89639  0.000716668
-1.8863  0.000722896
-1.8762  0.000734478
-1.86608  0.000738084
-1.85598  0.00074788
-1.84586  0.000754942
-1.83575  0.000758104
-1.82563  0.000776076
-1.81543  0.000790745
-1.80525  0.000789975
-1.79518  0.000793285
-1.7851  0.000805096
-1.77497  0.000814716
-1.76491  0.000809584
-1.7548  0.000838214
-1.74462  0.000841859
-1.73448  0.000848705
-1.72433  0.000866895
-1.71415  0.000871023
-1.70398  0.000883565
-1.69387  0.000871489
-1.68377  0.000897828
-1.67361  0.000904759
-1.66348  0.000911171
-1.65335  0.000927136
-1.64313  0.000942894
-1.633  0.000932201
-1.62293  0.000947288
-1.61282  0.000952657
-1.60266  0.000976384
-1.5925  0.000978747
-1.58238  0.000990276
-1.57224  0.00100085
-1.56214  0.0010015
-1.552  0.00102174
-1.54185  0.00102308
-1.53173  0.001036
-1.52163  0.00104218
-1.51156  0.00105469
-1.50145  0.00107164
-1.49135  0.00107202
-1.48123  0.00108678
-1.4711  0.00109287
-1.46099  0.00110888
-1.45092  0.00111111
-1.4408  0.00113783
-1.43068  0.00114002
-1.4206  0.00114411
-1.41045  0.00117072
-1.40032  0.00115689
-1.39023  0.00118581
-1.3801  0.00120017
-1.36996  0.0012096
-1.35983  0.00122226
-1.34973  0.00122388
-1.33964  0.00123362
-1.32951  0.00124852
-1.31939  0.00126099
-1.30931  0.00127049
-1.29927  0.00127883
-1.28918  0.00130402
-1.27905  0.00131025
-1.26892  0.00132023
-1.25878  0.00132886
-1.24871  0.00133165
-1.23862  0.0013699
-1.22849  0.00137356
-1.21837  0.0013914
-1.20824  0.00139141
-1.19815  0.00139937
-1.18805  0.00141132
-1.178  0.00141793
-1.16794  0.00145148
-1.15783  0.00146576
-1.14776  0.00146866
-1.13765  0.0014894
-1.12755  0.00148586
-1.1175  0.00150155
-1.10743  0.00153006
-1.09734  0.00153594
-1.08723  0.00156738
-1.07712  0.00156328
-1.067  0.00157827
-1.05691  0.00157003
-1.0468  0.00162816
-1.03665  0.0016314
-1.02654  0.00164418
-1.01601  0.00180586
-1.00546  0.00167269
-0.994875  0.00182643
-0.984311  0.0016915
-0.974208  0.00172385
-0.964096  0.00174439
-0.954006  0.00174928
-0.943963  0.00176151
-0.933908  0.00177075
-0.923766  0.00180269
-0.913653  0.00180141
-0.90361  0.00183047
-0.893541  0.00185172
-0.883399  0.00188959
-0.8728  0.00204408
-0.862168  0.00190901
-0.85203  0.00189082
-0.841986  0.00193751
-0.831906  0.0019638
-0.821835  0.00197787
-0.811735  0.00200799
-0.8016  0.00200251
-0.791508  0.00200577
-0.781431  0.00204902
-0.771365  0.00206584
-0.761309  0.00209663
-0.751218  0.0021201
-0.741156  0.00209802
-0.731079  0.00213497
-0.720974  0.00213705
-0.710908  0.00219918
-0.700831  0.0022261
-0.690284  0.00246422
-0.679713  0.00227136
-0.669619  0.00226036
-0.659549  0.00228337
-0.64949  0.00231073
-0.639437  0.00237798
-0.629356  0.00238526
-0.619303  0.0023978
-0.609209  0.00241464
-0.599123  0.00241559
-0.589065  0.00246558
-0.578962  0.00255897
-0.568874  0.00252824
-0.558835  0.00256378
-0.548788  0.00255439
-0.538742  0.00256759
-0.528659  0.00265466
-0.518598  0.00269814
-0.508562  0.00272239
-0.498492  0.00274919
-0.488416  0.00275205
-0.478309  0.00275694
-0.468219  0.00284671
-0.458137  0.00291889
-0.448055  0.00294204
-0.438003  0.00295274
-0.427944  0.00294728
-0.417898  0.00294692
-0.407789  0.00301427
-0.397763  0.00313144
-0.387715  0.00323357
-0.377621  0.00324163
-0.367561  0.003253
-0.357447  0.00327963
-0.346835  0.0035524
-0.336341  0.00340539
-0.326332  0.0035003
-0.31628  0.00357018
-0.306174  0.00357077
-0.296105  0.00355032
-0.285999  0.00356971
-0.275941  0.00376709
-0.265963  0.00388642
-0.255891  0.00399582
-0.245773  0.00397545
-0.235707  0.00393595
-0.225642  0.00393819
-0.215429  0.00414882
-0.20546  0.00445665
-0.195464  0.00458188
-0.185384  0.00464604
-0.175282  0.00462671
-0.165212  0.00455541
-0.155119  0.00462372
-0.145101  0.00519362
-0.13509  0.00546238
-0.125042  0.00544698
-0.115028  0.00543467
-0.104972  0.00543936
-0.0947568  0.00559727
-0.0847964  0.00677645
-0.0748212  0.0070582
-0.0647665  0.0070821
-0.0547285  0.00704536
-0.0446957  0.00709421
-0.0343305  0.00768994
-0.0245022  0.0125952
-0.0144602  0.013375
-0.00447238  0.0152997
0.00447238  0.0152997
0.0144602  0.013375
0.0245022  0.0125952
0.0343305  0.00768994
0.0446957  0.00709421
0.0547285  0.00704536
0.0647665  0.0070821
0.0748212  0.0070582
0.0847964  0.00677645
0.0947568  0.00559727
0.104972  0.00543936
0.115028  0.00543467
0.125042  0.00544698
0.13509  0.00546238
0.145101  0.00519362
0.155119  0.00462372
0.165212  0.00455541
0.175282  0.00462671
0.185384  0.00464604
0.195464  0.00458188
0.20546  0.00445665
0.215429  0.00414882
0.225642  0.00393819
0.235707  0.00393595
0.245773  0.00397545
0.255891  0.00399582
0.265963  0.00388642
0.275941  0.00376709
0.285999  0.00356971
0.296105  0.00355032
0.306174  0.00357077
0.31628  0.00357018
0.326332  0.0035003
0.336341  0.00340539
0.346835  0.0035524
0.357447  0.00327963
0.367561  0.003253
0.377621  0.00324163
0.387715  0.00323357
0.397763  0.00313144
0.407789  0.00301427
0.417898  0.00294692
0.427944  0.00294728
0.438003  0.00295274
0.448055  0.00294204
0.458137  0.00291889
0.468219  0.00284671
0.478309  0.00275694
0.488416  0.00275205
0.498492  0.00274919
0.508562  0.00272239
0.518598  0.00269814
0.528659  0.00265466
0.538742  0.00256759
0.548788  0.00255439
0.558835  0.00256378
0.568874  0.00252824
0.578962  0.00255897
0.589065  0.00246558
0.599123  0.00241559
0.609209  0.00241464
0.619303  0.0023978
0.629356  0.00238526
0.639437  0.00237798
0.64949  0.00231073
0.659549  0.00228337
0.669619  0.00226036
0.679713  0.00227136
0.690284  0.00246422
0.700831  0.0022261
0.710908  0.00219918
0.720974  0.00213705
0.731079  0.00213497
0.741156  0.00209802
0.751218  0.0021201
0.761309  0.00209663
0.771365  0.00206584
0.781431  0.00204902
0.791508  0.00200577
0.8016  0.00200251
0.811735  0.00200799
0.821835  0.00197787
0.831906  0.0019638
0.841986  0.00193751
0.85203  0.00189082
0.862168  0.00190901
0.8728  0.00204408
0.883399  0.00188959
0.893541  0.00185172
0.90361  0.00183047
0.913653  0.00180141
0.923766  0.00180269
0.933908  0.00177075
0.943963  0.00176151
0.954006  0.00174928
0.964096  0.00174439
0.974208  0.00172385
0.984311  0.0016915
0.994875  0.00182643
1.00546  0.00167269
1.01601  0.00180586
1.02654  0.00164418
1.03665  0.0016314
1.0468  0.00162816
1.05691  0.00157003
1.067  0.00157827
1.07712  0.00156328
1.08723  0.00156738
1.09734  0.00153594
1.10743  0.00153006
1.1175  0.00150155
1.12755  0.00148586
1.13765  0.0014894
1.14776  0.00146866
1.15783  0.00146576
1.16794  0.00145148
1.178  0.00141793
1.18805  0.00141132
1.19815  0.00139937
1.20824  0.00139141
1.21837  0.0013914
1.22849  0.00137356
1.23862  0.0013699
1.24871  0.00133165
1.25878  0.00132886
1.26892  0.00132023
1.27905  0.00131025
1.28918  0.00130402
1.29927  0.00127883
1.30931  0.00127049
1.31939  0.00126099
1.32951  0.00124852
1.33964  0.00123362
1.34973  0.00122388
1.35983  0.00122226
1.36996  0.0012096
1.3801  0.00120017
1.39023  0.00118581
1.40032  0.00115689
1.41045  0.00117072
1.4206  0.00114411
1.43068  0.00114002
1.4408  0.00113783
1.45092  0.00111111
1.46099  0.00110888
1.4711  0.00109287
1.48123  0.00108678
1.49135  0.00107202
1.50145  0.00107164
1.51156  0.00105469
1.52163  0.00104218
1.53173  0.001036
1.54185  0.00102308
1.552  0.00102174
1.56214  0.0010015
1.57224  0.00100085
1.58238  0.000990276
1.5925  0.000978747
1.60266  0.000976384
1.61282  0.000952657
1.62293  0.000947288
1.633  0.000932201
1.64313  0.000942894
1.65335  0.000927136
1.66348  0.000911171
1.67361  0.000904759
1.68377  0.000897828
1.69387  0.000871489
1.70398  0.000883565
1.71415  0.000871023
1.72433  0.000866895
1.73448  0.000848705
1.74462  0.000841859
1.7548  0.000838214
1.76491  0.000809584
1.77497  0.000814716
1.7851  0.000805096
1.79518  0.000793285
1.80525  0.000789975
1.81543  0.000790745
1.82563  0.000776076
1.83575  0.000758104
1.84586  0.000754942
1.85598  0.00074788
1.86608  0.000738084
1.8762  0.000734478
1.8863  0.000722896
1.89639  0.000716668
1.90658  0.00071826
1.91682  0.000703981
1.92694  0.000687431
1.93704  0.000686631
1.94722  0.000686393
1.95733  0.000663516
1.9674  0.000664685
1.97751  0.000654496
1.98768  0.000656249
1.99788  0.00064243
2.00805  0.000635772
2.01865  0.000682675
2.02924  0.000621564
2.03942  0.000619426
2.04964  0.000610303
2.05983  0.000601744
2.06993  0.000584303
2.08003  0.000588274
2.09025  0.000581596
2.10043  0.000572779
2.11054  0.00056216
2.12065  0.000558129
2.13078  0.00055402
2.14092  0.000544013
2.15114  0.000548801
2.16139  0.000531263
2.17151  0.000524675
2.18163  0.000519417
2.19178  0.000514836
2.20192  0.000506965
2.21205  0.000501557
2.22223  0.000500224
2.23238  0.000484512
2.24251  0.000486454
2.25269  0.000474852
2.26283  0.000472576
2.27301  0.000469425
2.28319  0.000460258
2.29338  0.000459346
2.30369  0.000457515
2.31397  0.000442329
2.32415  0.000439352
2.33428  0.000426931
2.34442  0.000427478
2.35471  0.000430336
2.36495  0.000413789
2.37504  0.000407013
2.38512  0.000403077
2.39532  0.000404303
2.40557  0.000396336
2.41574  0.000384931
2.42592  0.000388877
2.43611  0.000376182
2.44627  0.000377641
2.45653  0.0003723
2.46668  0.000360188
2.47686  0.000364707
2.48707  0.000352798
2.49723  0.00035034
2.50736  0.000340396
2.51754  0.000344099
2.52771  0.000331828
2.53785  0.000333564
2.54811  0.000331076
2.55838  0.000323576
2.5686  0.000319959
2.57881  0.000313931
2.589  0.000307117
2.59914  0.000302914
2.60926  0.000300184
2.61951  0.000298786
2.62963  0.0002863
2.63982  0.000294663
2.65018  0.00028726
2.66038  0.000277894
2.67055  0.000276982
2.6807  0.000267564
2.69092  0.000272315
2.70111  0.000259669
2.71121  0.00026023
2.72136  0.000253976
2.73152  0.000254866
2.74172  0.000246279
2.75198  0.000252011
2.76227  0.000238317
2.77241  0.000239687
2.78269  0.000235769
2.79294  0.00022981
2.80308  0.000227243
2.81334  0.000226107
2.82363  0.000222707
2.83403  0.000224281
2.84442  0.00021507
2.8547  0.000212901
2.86496  0.000206514
2.87521  0.000205465
2.8855  0.000202483
2.89568  0.000196695
2.90598  0.000197945
2.91631  0.000192695
2.92656  0.000189192
2.93676  0.000185365
2.9469  0.000181008
2.95719  0.000183676
2.9675  0.000176295
2.97783  0.000178814
2.98818  0.000170775
2.99845  0.000169551
3.00872  0.000165699
3.01891  0.000164167
3.02923  0.000161442
3.03954  0.000160295
3.04988  0.000156938
3.06015  0.000150829
3.07037  0.000151876
3.0807  0.000148601
3.09112  0.000149436
3.10147  0.000141061
3.11171  0.000141891
3.12201  0.000137807
3.13222  0.000135785
3.14259  0.00013649
3.15292  0.000130221
3.16307  0.000128853
3.17352  0.000129948
3.18395  0.00012569
3.19429  0.000123792
3.20461  0.0001193
3.21474  0.000116415
3.22507  0.000118704
3.23554  0.000117054
3.24599  0.000113265
3.25627  0.000109651
3.26658  0.000109148
3.27692  0.000106626
3.2874  0.000107957
3.29787  0.00010275
3.30822  0.00010188
3.31883  0.000102859
3.32919  9.57645e-05
3.33948  9.52431e-05
3.34983  9.51161e-05
3.36026  9.24113e-05
3.37059  9.10536e-05
3.38109  9.08101e-05
3.39163  8.91926e-05
3.40219  8.58993e-05
3.41261  8.51324e-05
3.42306  8.27054e-05
3.43355  8.22896e-05
3.44401  7.92187e-05
3.45434  7.82818e-05
3.46478  7.63698e-05
3.4751  7.46017e-05
3.4853  7.17849e-05
3.49555  7.18249e-05
3.50605  7.33033e-05
3.51683  7.15763e-05
3.52727  6.73778e-05
3.53762  6.69349e-05
3.54841  7.02572e-05
3.55931  6.42188e-05
3.56981  6.4438e-05
3.58025  6.12254e-05
3.59076  6.1142e-05
3.60101  5.80592e-05
3.61138  5.86431e-05
3.62199  5.75512e-05
3.63229  5.52102e-05
3.64304  5.72917e-05
3.6536  5.27611e-05
3.66402  5.27242e-05
3.67433  4.95068e-05
3.68465  5.25645e-05
3.69566  5.19375e-05
3.70672  5.07922e-05
3.7174  4.76842e-05
3.72778  4.47456e-05
3.73787  4.47953e-05
3.74849  4.5816e-05
3.75932  4.51675e-05
3.77012  4.34081e-05
3.78043  4.07181e-05
3.79117  4.2778e-05
3.80191  4.03409e-05
3.81288  4.22413e-05
3.82416  4.00858e-05
3.83504  3.86045e-05
3.84558  3.58031e-05
3.85584  3.49178e-05
3.86624  3.51762e-05
3.87643  3.34446e-05
3.88736  3.54105e-05
3.89797  3.22309e-05
3.90879  3.39392e-05
3.91911  2.97282e-05
3.92928  2.92897e-05
3.9401  3.3146e-05
3.95089  2.81707e-05
3.96148  2.94325e-05
3.97218  2.90275e-05
3.98288  2.65817e-05
3.9933  2.81215e-05
4.0041  2.54264e-05
4.01469  2.65998e-05
4.02547  2.62169e-05
4.03638  2.4141e-05
4.04686  2.39619e-05
4.05786  2.50648e-05
4.06811  2.09073e-05
4.07822  2.11218e-05
4.08835  2.16675e-05
4.09916  2.18698e-05
4.11014  2.18132e-05
4.12081  2.09457e-05
4.13176  1.95267e-05
4.14221  1.89268e-05
4.15252  1.95992e-05
4.16342  1.84171e-05
4.17378  1.72434e-05
4.18364  1.689e-05
4.19484  1.8489e-05
4.20531  1.59277e-05
4.21522  1.5636e-05
4.22562  1.52074e-05
4.23598  1.63928e-05
4.24735  1.71604e-05
4.25905  1.56171e-05
4.26955  1.3789e-05
4.27966  1.27111e-05
4.28936  1.32931e-05
4.30037  1.53414e-05
4.312  1.39287e-05
4.3229  1.24993e-05
4.33325  1.28332e-05
4.34415  1.22799e-05
4.35515  1.12662e-05
4.36466  1.17126e-05
4.37501  1.02315e-05
4.38608  1.24557e-05
4.39754  1.06457e-05
4.40691  9.45184e-06
4.41754  1.04832e-05
4.42859  1.02559e-05
4.43953  1.02652e-05
4.44975  8.79733e-06
4.46033  8.24612e-06
4.47013  9.51424e-06
4.48038  8.09958e-06
4.49113  9.42897e-06
4.50277  8.48034e-06
4.51317  7.3607e-06
4.5229  7.91888e-06
4.53317  6.70399e-06
4.54402  8.76575e-06
4.55479  6.53121e-06
4.56377  5.99033e-06
4.5741  7.50758e-06
4.58589  6.87677e-06
4.59553  6.24883e-06
4.60628  6.57209e-06
4.61649  5.64761e-06
4.62733  6.20501e-06
4.63811  6.62831e-06
4.64841  5.44287e-06
4.65991  5.75922e-06
4.67065  5.55117e-06
4.68201  5.66362e-06
4.69316  6.0345e-06
4.70387  4.25484e-06
4.71407  4.84263e-06
4.72428  4.0722e-06
4.73441  5.20644e-06
4.74707  5.23919e-06
4.75799  4.60442e-06
4.77016  3.83527e-06
4.77982  4.49586e-06
4.79046  3.53014e-06
4.80026  3.86887e-06
4.81186  4.51108e-06
4.82291  3.35102e-06
4.8348  3.95551e-06
4.84579  3.88868e-06
4.85694  3.15859e-06
4.86895  3.71054e-06
4.88  3.45256e-06
4.89068  2.87e-06
4.90278  3.50809e-06
4.91348  2.87795e-06
4.92369  2.56634e-06
4.93553  2.66489e-06
4.94752  3.6519e-06
4.95956  2.66209e-06
4.97314  3.15564e-06
4.98356  1.86411e-06
4.99245  2.2531e-06
5.00534  2.61337e-06
5.01891  2.98406e-06
5.02991  1.94505e-06
5.0394  1.75223e-06
5.0512  1.92044e-06
5.06198  2.46511e-06
5.07342  1.42147e-06
5.08373  2.07204e-06
5.09573  1.6192e-06
5.10611  2.2492e-06
5.11848  1.69217e-06
5.12789  1.08118e-06
5.13999  1.88335e-06
5.15236  1.92045e-06
5.16581  1.57452e-06
5.17666  1.27096e-06
5.18994  2.13397e-06
5.20333  1.3057e-06
5.21426  1.26172e-06
5.22967  1.79318e-06
5.24246  1.30715e-06
5.25235  8.57013e-07
5.26134  1.05671e-06
5.26978  5.31556e-07
5.28081  1.12459e-06
5.29259  1.58143e-06
5.30454  6.31512e-07
5.31465  8.85001e-07
5.32904  1.39933e-06
5.34163  7.89909e-07
5.35329  1.14463e-06
5.36754  8.74568e-07
5.37844  8.69589e-07
5.3933  6.75186e-07
5.40253  7.7865e-07
5.41522  1.20907e-06
5.42629  2.92878e-07
5.44038  8.12065e-07
5.45188  7.87469e-07
5.46609  9.06827e-07
5.48169  6.69014e-07
5.49216  3.25464e-07
5.4995  4.25674e-07
5.51504  8.26227e-07
5.52595  4.14705e-07
5.53553  6.2634e-07
5.54948  5.53557e-07
5.5631  3.92435e-07
5.57407  3.96513e-07
5.58521  4.83289e-07
5.59803  5.99083e-07
5.60599  3.14871e-07
5.62314  3.28145e-07
5.63522  3.96252e-07
5.64985  5.46015e-07
5.65941  3.23342e-07
5.67348  4.28904e-07
5.68558  2.17234e-07
5.69101  2.32816e-07
5.7107  4.8386e-07
5.72766  4.48799e-07
5.74301  2.68347e-07
5.75244  2.33753e-07
5.76969  4.06592e-07
5.78548  2.75749e-07
5.8028  1.72225e-07
5.81365  3.21832e-07
5.82994  4.87399e-07
5.85322  2.03065e-07
5.86565  4.67725e-08
5.87707  2.47354e-07
5.89271  2.76501e-07
5.8999  1.14776e-07
5.92427  3.24166e-07
5.94342  1.9878e-07
5.96315  1.64688e-07
5.97363  1.16156e-07
5.99705  2.89616e-07
6.01284  9.24186e-08
6.02135  1.25475e-07
6.03894  3.67839e-08
6.04887  2.415e-07
6.07556  8.62497e-08
6.09264  8.25687e-08
6.10533  1.42247e-07
6.13132  2.90406e-07
6.16416  3.12402e-08
6.17937  3.68843e-08
6.1931  1.53795e-07
6.22163  1.7297e-07
6.25763  1.11643e-07
6.27434  6.59063e-09
6.28754  1.2669e-07
6.32189  5.11639e-08
6.36074  1.49616e-07
6.39275  8.6721e-08
6.43562  5.59736e-08
6.47572  8.91131e-08
6.51195  4.08332e-08
6.56011  1.00016e-07
6.60566  1.99039e-08
6.65017  1.81473e-08
6.70235  8.93563e-08
6.80939  2.50722e-08
6.86822  3.99164e-08
6.99586  2.98667e-08
7.06718  7.13242e-09
7.22525  2.00126e-08
7.52344  7.15188e-09
7.95025  1.06494e-09
