7 
0.062500 -1.000000 15.000000 0.000000 
0.187500 1.000000 10.000000 0.000000 
0.062500 1.000000 9.000000 0.000000 
0.062500 1.000000 6.000000 0.000000 
0.187500 1.000000 4.000000 0.000000 
0.062500 1.000000 5.000000 0.000000 
0.437500 1.000000 0.000000 1.000000 
5 
0.062500 19.000000 0.000000 
0.062500 18.000000 0.000000 
0.062500 2.000000 1.000000 
0.125000 7.000000 1.000000 
0.250000 6.000000 1.000000 
6 
0.194805 -1.000000 14.000000 0.000000 
0.389610 1.000000 9.000000 0.000000 
0.116883 1.000000 8.000000 0.000000 
0.077923 1.000000 5.000000 0.000000 
0.155844 1.000000 3.000000 0.000000 
0.064935 1.000000 4.000000 0.000000 
5 
0.246754 18.000000 0.000000 
0.233766 17.000000 0.000000 
0.025974 1.000000 1.000000 
0.181818 6.000000 1.000000 
0.311688 5.000000 1.000000 
