16  50  
-0.459734  -0.342613  -0.277927  -0.190547  -0.138496  -0.0843513  -0.0548203  -0.0187625  0.0187625  0.0548203  0.0843513  0.138496  0.190547  0.277927  0.342613  0.459734  
-0.555623  -0.429131  -0.331879  -0.234474  -0.179835  -0.114751  -0.0734684  -0.0265368  0.0265368  0.0734684  0.114751  0.179835  0.234474  0.331879  0.429131  0.555623  
-0.60447  -0.474425  -0.348741  -0.248899  -0.181194  -0.116522  -0.0660498  -0.0230327  0.0230327  0.0660498  0.116522  0.181194  0.248899  0.348741  0.474425  0.60447  
-0.640452  -0.506665  -0.384466  -0.279602  -0.195484  -0.127406  -0.0719589  -0.0253181  0.0253181  0.0719589  0.127406  0.195484  0.279602  0.384466  0.506665  0.640452  
-0.660171  -0.524931  -0.395605  -0.289413  -0.196671  -0.128596  -0.0688357  -0.0239091  0.0239091  0.0688357  0.128596  0.196671  0.289413  0.395605  0.524931  0.660171  
-0.669933  -0.534539  -0.393873  -0.287735  -0.198907  -0.130345  -0.069382  -0.0240858  0.0240858  0.069382  0.130345  0.198907  0.287735  0.393873  0.534539  0.669933  
-0.677676  -0.541828  -0.397316  -0.290714  -0.201166  -0.132015  -0.0710945  -0.0247428  0.0247428  0.0710945  0.132015  0.201166  0.290714  0.397316  0.541828  0.677676  
-0.682462  -0.546406  -0.39837  -0.291619  -0.201917  -0.132599  -0.0714044  -0.024863  0.024863  0.0714044  0.132599  0.201917  0.291619  0.39837  0.546406  0.682462  
-0.685786  -0.549548  -0.399547  -0.292667  -0.202174  -0.13279  -0.0716428  -0.0249567  0.0249567  0.0716428  0.13279  0.202174  0.292667  0.399547  0.549548  0.685786  
-0.688156  -0.55178  -0.40069  -0.293658  -0.20278  -0.133262  -0.0718218  -0.0250193  0.0250193  0.0718218  0.133262  0.20278  0.293658  0.40069  0.55178  0.688156  
-0.689586  -0.553149  -0.401072  -0.293976  -0.203025  -0.133484  -0.0715721  -0.0249238  0.0249238  0.0715721  0.133484  0.203025  0.293976  0.401072  0.553149  0.689586  
-0.690658  -0.554158  -0.401655  -0.294475  -0.203373  -0.133766  -0.0715321  -0.0249025  0.0249025  0.0715321  0.133766  0.203373  0.294475  0.401655  0.554158  0.690658  
-0.691439  -0.554886  -0.402111  -0.294877  -0.203479  -0.133853  -0.0715499  -0.0249162  0.0249162  0.0715499  0.133853  0.203479  0.294877  0.402111  0.554886  0.691439  
-0.691966  -0.555382  -0.402384  -0.295113  -0.203652  -0.133988  -0.0716801  -0.0249844  0.0249844  0.0716801  0.133988  0.203652  0.295113  0.402384  0.555382  0.691966  
-0.692171  -0.55561  -0.401973  -0.294746  -0.203702  -0.134016  -0.0718375  -0.0250478  0.0250478  0.0718375  0.134016  0.203702  0.294746  0.401973  0.55561  0.692171  
-0.69244  -0.555858  -0.402239  -0.294969  -0.203873  -0.134161  -0.0717616  -0.0250185  0.0250185  0.0717616  0.134161  0.203873  0.294969  0.402239  0.555858  0.69244  
-0.692611  -0.556019  -0.402219  -0.294968  -0.203588  -0.133946  -0.0715951  -0.0249537  0.0249537  0.0715951  0.133946  0.203588  0.294968  0.402219  0.556019  0.692611  
-0.692722  -0.556125  -0.40226  -0.295  -0.203702  -0.134028  -0.0716865  -0.0249841  0.0249841  0.0716865  0.134028  0.203702  0.295  0.40226  0.556125  0.692722  
-0.692807  -0.556205  -0.402334  -0.29506  -0.203831  -0.134123  -0.0718132  -0.02504  0.02504  0.0718132  0.134123  0.203831  0.29506  0.402334  0.556205  0.692807  
-0.69287  -0.556264  -0.402391  -0.295108  -0.203879  -0.134161  -0.0718144  -0.0250397  0.0250397  0.0718144  0.134161  0.203879  0.295108  0.402391  0.556264  0.69287  
-0.692909  -0.556301  -0.402406  -0.29512  -0.203895  -0.134174  -0.0718189  -0.0250423  0.0250423  0.0718189  0.134174  0.203895  0.29512  0.402406  0.556301  0.692909  
-0.692941  -0.556331  -0.402428  -0.29514  -0.203865  -0.134156  -0.0717398  -0.0250108  0.0250108  0.0717398  0.134156  0.203865  0.29514  0.402428  0.556331  0.692941  
-0.692966  -0.556353  -0.402453  -0.295162  -0.20387  -0.134161  -0.0717419  -0.0250114  0.0250114  0.0717419  0.134161  0.20387  0.295162  0.402453  0.556353  0.692966  
-0.692978  -0.556365  -0.402461  -0.295167  -0.203904  -0.134188  -0.0717456  -0.0250133  0.0250133  0.0717456  0.134188  0.203904  0.295167  0.402461  0.556365  0.692978  
-0.692974  -0.556364  -0.402411  -0.295123  -0.203832  -0.134142  -0.0716033  -0.0249586  0.0249586  0.0716033  0.134142  0.203832  0.295123  0.402411  0.556364  0.692974  
-0.692996  -0.556382  -0.402476  -0.295181  -0.20394  -0.134209  -0.0718332  -0.0250481  0.0250481  0.0718332  0.134209  0.20394  0.295181  0.402476  0.556382  0.692996  
-0.692995  -0.556382  -0.40245  -0.295157  -0.203928  -0.1342  -0.0718391  -0.0250516  0.0250516  0.0718391  0.1342  0.203928  0.295157  0.40245  0.556382  0.692995  
-0.693006  -0.556391  -0.402473  -0.295179  -0.203888  -0.134173  -0.0717574  -0.0250176  0.0250176  0.0717574  0.134173  0.203888  0.295179  0.402473  0.556391  0.693006  
-0.693009  -0.556394  -0.402482  -0.295186  -0.203893  -0.134179  -0.07174  -0.0250109  0.0250109  0.07174  0.134179  0.203893  0.295186  0.402482  0.556394  0.693009  
-0.693008  -0.556394  -0.402478  -0.295181  -0.203911  -0.134194  -0.0717428  -0.0250125  0.0250125  0.0717428  0.134194  0.203911  0.295181  0.402478  0.556394  0.693008  
-0.693013  -0.556397  -0.402484  -0.295188  -0.203842  -0.13415  -0.071611  -0.0249617  0.0249617  0.071611  0.13415  0.203842  0.295188  0.402484  0.556397  0.693013  
-0.693007  -0.556393  -0.402429  -0.295145  -0.203811  -0.134113  -0.0717408  -0.0250111  0.0250111  0.0717408  0.134113  0.203811  0.295145  0.402429  0.556393  0.693007  
-0.693008  -0.556394  -0.402462  -0.295169  -0.203899  -0.134183  -0.0717643  -0.0250211  0.0250211  0.0717643  0.134183  0.203899  0.295169  0.402462  0.556394  0.693008  
-0.693013  -0.556398  -0.402482  -0.295186  -0.203895  -0.134181  -0.0717463  -0.0250149  0.0250149  0.0717463  0.134181  0.203895  0.295186  0.402482  0.556398  0.693013  
-0.693008  -0.556394  -0.402456  -0.295163  -0.203887  -0.134174  -0.0717477  -0.0250138  0.0250138  0.0717477  0.134174  0.203887  0.295163  0.402456  0.556394  0.693008  
-0.693007  -0.556393  -0.402458  -0.295165  -0.203898  -0.134182  -0.0717482  -0.0250144  0.0250144  0.0717482  0.134182  0.203898  0.295165  0.402458  0.556393  0.693007  
-0.693011  -0.556396  -0.40246  -0.295168  -0.203867  -0.134158  -0.0717461  -0.0250131  0.0250131  0.0717461  0.134158  0.203867  0.295168  0.40246  0.556396  0.693011  
-0.692997  -0.556386  -0.402429  -0.295138  -0.203856  -0.134161  -0.0716001  -0.0249564  0.0249564  0.0716001  0.134161  0.203856  0.295138  0.402429  0.556386  0.692997  
-0.693005  -0.556392  -0.402442  -0.295153  -0.203863  -0.134155  -0.0717443  -0.0250131  0.0250131  0.0717443  0.134155  0.203863  0.295153  0.402442  0.556392  0.693005  
-0.693013  -0.556398  -0.402489  -0.295191  -0.203913  -0.134195  -0.071753  -0.0250176  0.0250176  0.071753  0.134195  0.203913  0.295191  0.402489  0.556398  0.693013  
-0.693015  -0.556399  -0.402482  -0.295187  -0.203925  -0.134196  -0.0718427  -0.025053  0.025053  0.0718427  0.134196  0.203925  0.295187  0.402482  0.556399  0.693015  
-0.69301  -0.556396  -0.402468  -0.295173  -0.2039  -0.134184  -0.0717487  -0.0250145  0.0250145  0.0717487  0.134184  0.2039  0.295173  0.402468  0.556396  0.69301  
-0.693015  -0.556399  -0.402484  -0.295188  -0.203933  -0.134203  -0.0718379  -0.0250501  0.0250501  0.0718379  0.134203  0.203933  0.295188  0.402484  0.556399  0.693015  
-0.693008  -0.556394  -0.402467  -0.295171  -0.203916  -0.134197  -0.0717266  -0.0250005  0.0250005  0.0717266  0.134197  0.203916  0.295171  0.402467  0.556394  0.693008  
-0.693015  -0.556399  -0.402473  -0.29518  -0.203868  -0.134158  -0.0717466  -0.0250134  0.0250134  0.0717466  0.134158  0.203868  0.29518  0.402473  0.556399  0.693015  
-0.693016  -0.5564  -0.402474  -0.295181  -0.203869  -0.134159  -0.0717504  -0.0250156  0.0250156  0.0717504  0.134159  0.203869  0.295181  0.402474  0.5564  0.693016  
-0.693016  -0.5564  -0.402492  -0.295194  -0.203915  -0.134196  -0.0717506  -0.0250156  0.0250156  0.0717506  0.134196  0.203915  0.295194  0.402492  0.5564  0.693016  
-0.692998  -0.556387  -0.402426  -0.295136  -0.203933  -0.134203  -0.0718369  -0.0250497  0.0250497  0.0718369  0.134203  0.203933  0.295136  0.402426  0.556387  0.692998  
-0.693005  -0.556392  -0.402457  -0.295163  -0.203854  -0.13416  -0.0716016  -0.0249571  0.0249571  0.0716016  0.13416  0.203854  0.295163  0.402457  0.556392  0.693005  
-0.69301  -0.556396  -0.402477  -0.295181  -0.203911  -0.134194  -0.071722  -0.0249987  0.0249987  0.071722  0.134194  0.203911  0.295181  0.402477  0.556396  0.69301  


-5.78071  -4.22394  -3.26119  -2.43461  -1.75708  -1.19916  -0.699353  -0.231912  0.231912  0.699353  1.19916  1.75708  2.43461  3.26119  4.22394  5.78071  
-5.88595  -4.25379  -3.19884  -2.39469  -1.77397  -1.22117  -0.719041  -0.237577  0.237577  0.719041  1.22117  1.77397  2.39469  3.19884  4.25379  5.88595  
-6.11639  -4.41088  -3.26827  -2.4414  -1.78329  -1.20242  -0.680203  -0.217767  0.217767  0.680203  1.20242  1.78329  2.4414  3.26827  4.41088  6.11639  
-6.20049  -4.43721  -3.25565  -2.41435  -1.76136  -1.19816  -0.703138  -0.234857  0.234857  0.703138  1.19816  1.76136  2.41435  3.25565  4.43721  6.20049  
-6.18679  -4.42588  -3.26463  -2.41814  -1.76285  -1.18473  -0.68437  -0.22767  0.22767  0.68437  1.18473  1.76285  2.41814  3.26463  4.42588  6.18679  
-6.2113  -4.43564  -3.27959  -2.42846  -1.76428  -1.18286  -0.650538  -0.191217  0.191217  0.650538  1.18286  1.76428  2.42846  3.27959  4.43564  6.2113  
-6.22016  -4.4359  -3.28299  -2.43124  -1.76883  -1.21031  -0.75866  -0.272281  0.272281  0.75866  1.21031  1.76883  2.43124  3.28299  4.4359  6.22016  
-6.23026  -4.43675  -3.28462  -2.43341  -1.77038  -1.21085  -0.760081  -0.272152  0.272152  0.760081  1.21085  1.77038  2.43341  3.28462  4.43675  6.23026  
-6.23802  -4.44  -3.28725  -2.43394  -1.76962  -1.21114  -0.763158  -0.273127  0.273127  0.763158  1.21114  1.76962  2.43394  3.28725  4.44  6.23802  
-6.24077  -4.44094  -3.28639  -2.43294  -1.77104  -1.21211  -0.75802  -0.269113  0.269113  0.75802  1.21211  1.77104  2.43294  3.28639  4.44094  6.24077  
-6.24439  -4.44306  -3.28717  -2.43211  -1.77055  -1.21083  -0.757235  -0.269506  0.269506  0.757235  1.21083  1.77055  2.43211  3.28717  4.44306  6.24439  
-6.24763  -4.44409  -3.28727  -2.43272  -1.77158  -1.21115  -0.75733  -0.269568  0.269568  0.75733  1.21115  1.77158  2.43272  3.28727  4.44409  6.24763  
-6.24937  -4.44496  -3.288  -2.43486  -1.77326  -1.2122  -0.758521  -0.269664  0.269664  0.758521  1.2122  1.77326  2.43486  3.288  4.44496  6.24937  
-6.24659  -4.44294  -3.28884  -2.43585  -1.77343  -1.21164  -0.757948  -0.269734  0.269734  0.757948  1.21164  1.77343  2.43585  3.28884  4.44294  6.24659  
-6.24805  -4.44445  -3.28895  -2.43547  -1.77413  -1.21224  -0.758272  -0.269944  0.269944  0.758272  1.21224  1.77413  2.43547  3.28895  4.44445  6.24805  
-6.24856  -4.44315  -3.28714  -2.43451  -1.77372  -1.21247  -0.759048  -0.269946  0.269946  0.759048  1.21247  1.77372  2.43451  3.28714  4.44315  6.24856  
-6.24872  -4.44343  -3.28806  -2.43456  -1.77326  -1.21185  -0.758345  -0.269967  0.269967  0.758345  1.21185  1.77326  2.43456  3.28806  4.44343  6.24872  
-6.24904  -4.44397  -3.28897  -2.4358  -1.77442  -1.2135  -0.759468  -0.269968  0.269968  0.759468  1.2135  1.77442  2.4358  3.28897  4.44397  6.24904  
-6.24934  -4.4443  -3.28913  -2.43574  -1.77422  -1.21338  -0.759504  -0.26998  0.26998  0.759504  1.21338  1.77422  2.43574  3.28913  4.4443  6.24934  
-6.24942  -4.44436  -3.28918  -2.43582  -1.77431  -1.21245  -0.758515  -0.270016  0.270016  0.758515  1.21245  1.77431  2.43582  3.28918  4.44436  6.24942  
-6.24959  -4.44439  -3.28869  -2.43533  -1.7743  -1.21239  -0.75823  -0.269864  0.269864  0.75823  1.21239  1.7743  2.43533  3.28869  4.44439  6.24959  
-6.24977  -4.44447  -3.28872  -2.43532  -1.77428  -1.21316  -0.759287  -0.27003  0.27003  0.759287  1.21316  1.77428  2.43532  3.28872  4.44447  6.24977  
-6.24974  -4.44462  -3.28883  -2.43537  -1.77386  -1.21195  -0.758587  -0.270112  0.270112  0.758587  1.21195  1.77386  2.43537  3.28883  4.44462  6.24974  
-6.24942  -4.44437  -3.28785  -2.43463  -1.77464  -1.21365  -0.759571  -0.270008  0.270008  0.759571  1.21365  1.77464  2.43463  3.28785  4.44437  6.24942  
-6.24986  -4.44467  -3.28938  -2.43592  -1.77454  -1.21364  -0.759373  -0.269873  0.269873  0.759373  1.21364  1.77454  2.43592  3.28938  4.44467  6.24986  
-6.2497  -4.44451  -3.28934  -2.43604  -1.77446  -1.21317  -0.759378  -0.270095  0.270095  0.759378  1.21317  1.77446  2.43604  3.28934  4.44451  6.2497  
-6.2499  -4.44454  -3.28884  -2.43541  -1.77383  -1.21268  -0.759239  -0.270017  0.270017  0.759239  1.21268  1.77383  2.43541  3.28884  4.44454  6.2499  
-6.24993  -4.44462  -3.28876  -2.43531  -1.77385  -1.21193  -0.75857  -0.270121  0.270121  0.75857  1.21193  1.77385  2.43531  3.28876  4.44462  6.24993  
-6.24985  -4.44468  -3.28883  -2.43538  -1.77437  -1.21247  -0.758507  -0.270018  0.270018  0.758507  1.21247  1.77437  2.43538  3.28883  4.44468  6.24985  
-6.24994  -4.44463  -3.28791  -2.43467  -1.77466  -1.21366  -0.759591  -0.270019  0.270019  0.759591  1.21366  1.77466  2.43467  3.28791  4.44463  6.24994  
-6.24978  -4.44405  -3.28851  -2.43531  -1.77431  -1.21315  -0.759354  -0.270098  0.270098  0.759354  1.21315  1.77431  2.43531  3.28851  4.44405  6.24978  
-6.24979  -4.44453  -3.28889  -2.43552  -1.77391  -1.21198  -0.758492  -0.27002  0.27002  0.758492  1.21198  1.77391  2.43552  3.28889  4.44453  6.24979  
-6.24992  -4.44462  -3.28877  -2.43548  -1.77399  -1.21268  -0.759353  -0.270098  0.270098  0.759353  1.21268  1.77399  2.43548  3.28877  4.44462  6.24992  
-6.24977  -4.44448  -3.28879  -2.43535  -1.77441  -1.21357  -0.75937  -0.269863  0.269863  0.75937  1.21357  1.77441  2.43535  3.28879  4.44448  6.24977  
-6.24975  -4.44454  -3.28881  -2.43539  -1.77445  -1.21258  -0.758542  -0.270041  0.270041  0.758542  1.21258  1.77445  2.43539  3.28881  4.44454  6.24975  
-6.24985  -4.44441  -3.28872  -2.43534  -1.7743  -1.21318  -0.759385  -0.270098  0.270098  0.759385  1.21318  1.7743  2.43534  3.28872  4.44441  6.24985  
-6.2495  -4.44451  -3.28792  -2.43453  -1.7739  -1.21268  -0.759352  -0.270098  0.270098  0.759352  1.21268  1.7739  2.43453  3.28792  4.44451  6.2495  
-6.24973  -4.44434  -3.28868  -2.43539  -1.77435  -1.21246  -0.758513  -0.270021  0.270021  0.758513  1.21246  1.77435  2.43539  3.28868  4.44434  6.24973  
-6.24993  -4.44471  -3.28886  -2.43552  -1.77465  -1.21267  -0.758514  -0.270019  0.270019  0.758514  1.21267  1.77465  2.43552  3.28886  4.44471  6.24993  
-6.24995  -4.44458  -3.28935  -2.43606  -1.77446  -1.21318  -0.759386  -0.270098  0.270098  0.759386  1.21318  1.77446  2.43606  3.28935  4.44458  6.24995  
-6.24982  -4.44458  -3.28883  -2.43538  -1.77434  -1.21347  -0.759732  -0.270122  0.270122  0.759732  1.21347  1.77434  2.43538  3.28883  4.44458  6.24982  
-6.24994  -4.44463  -3.28937  -2.43595  -1.77381  -1.21194  -0.758537  -0.27002  0.27002  0.758537  1.21194  1.77381  2.43595  3.28937  4.44463  6.24994  
-6.24977  -4.44464  -3.28888  -2.43481  -1.77404  -1.21366  -0.759622  -0.270041  0.270041  0.759622  1.21366  1.77404  2.43481  3.28888  4.44464  6.24977  
-6.24994  -4.44445  -3.28872  -2.43535  -1.77431  -1.21346  -0.75973  -0.27012  0.27012  0.75973  1.21346  1.77431  2.43535  3.28872  4.44445  6.24994  
-6.24995  -4.44446  -3.28873  -2.43542  -1.77437  -1.21315  -0.759235  -0.270019  0.270019  0.759235  1.21315  1.77437  2.43542  3.28873  4.44446  6.24995  
-6.24995  -4.44473  -3.28888  -2.43543  -1.77437  -1.21319  -0.759056  -0.269864  0.269864  0.759056  1.21319  1.77437  2.43543  3.28888  4.44473  6.24995  
-6.24952  -4.44442  -3.28937  -2.43594  -1.77457  -1.21367  -0.759732  -0.270121  0.270121  0.759732  1.21367  1.77457  2.43594  3.28937  4.44442  6.24952  
-6.24971  -4.4446  -3.28792  -2.43455  -1.77457  -1.21337  -0.75942  -0.270122  0.270122  0.75942  1.21337  1.77457  2.43455  3.28792  4.4446  6.24971  
-6.24985  -4.44467  -3.28884  -2.43478  -1.77328  -1.21262  -0.759383  -0.270098  0.270098  0.759383  1.21262  1.77328  2.43478  3.28884  4.44467  6.24985  
-6.24995  -4.44457  -3.28931  -2.43593  -1.77437  -1.21319  -0.75942  -0.270119  0.270119  0.75942  1.21319  1.77437  2.43593  3.28931  4.44457  6.24995  
