16  20  
-2.07719  -1.41992  -1.29205  -0.921985  -0.562235  -0.29715  -0.225285  -0.064388  0.064388  0.225285  0.29715  0.562235  0.921985  1.29205  1.41992  2.07719  
-2.45778  -1.72645  -1.5925  -1.15524  -0.724382  -0.402407  -0.316703  -0.091575  0.091575  0.316703  0.402407  0.724382  1.15524  1.5925  1.72645  2.45778  
-2.94923  -2.03011  -1.89725  -1.3576  -0.856202  -0.487114  -0.388738  -0.114073  0.114073  0.388738  0.487114  0.856202  1.3576  1.89725  2.03011  2.94923  
-4.18601  -3.04349  -2.19805  -1.52985  -0.984174  -0.564872  -0.458727  -0.130508  0.130508  0.458727  0.564872  0.984174  1.52985  2.19805  3.04349  4.18601  
-4.63105  -3.34278  -2.41571  -1.67538  -1.07447  -0.625225  -0.50693  -0.14586  0.14586  0.50693  0.625225  1.07447  1.67538  2.41571  3.34278  4.63105  
-4.95439  -3.52209  -2.55986  -1.81544  -1.18837  -0.760108  -0.625527  -0.206115  0.206115  0.625527  0.760108  1.18837  1.81544  2.55986  3.52209  4.95439  
-5.28837  -3.68  -2.68394  -1.94358  -1.29241  -0.810053  -0.672635  -0.211332  0.211332  0.672635  0.810053  1.29241  1.94358  2.68394  3.68  5.28837  
-5.54837  -3.93713  -2.88419  -1.99654  -1.29723  -0.844342  -0.710519  -0.232679  0.232679  0.710519  0.844342  1.29723  1.99654  2.88419  3.93713  5.54837  
-5.83424  -4.08753  -2.98846  -2.1701  -1.43021  -0.924953  -0.756333  -0.245249  0.245249  0.756333  0.924953  1.43021  2.1701  2.98846  4.08753  5.83424  
-6.10232  -4.26124  -3.10747  -2.19385  -1.43751  -0.900823  -0.75205  -0.22122  0.22122  0.75205  0.900823  1.43751  2.19385  3.10747  4.26124  6.10232  
-6.2447  -4.3293  -3.15188  -2.28001  -1.50795  -0.934084  -0.766033  -0.224716  0.224716  0.766033  0.934084  1.50795  2.28001  3.15188  4.3293  6.2447  
-6.43074  -4.53301  -3.32777  -2.38151  -1.5761  -0.98653  -0.826944  -0.243325  0.243325  0.826944  0.98653  1.5761  2.38151  3.32777  4.53301  6.43074  
-6.61062  -4.73075  -4.54017  -3.35938  -2.34598  -1.52896  -0.849161  -0.268112  0.268112  0.849161  1.52896  2.34598  3.35938  4.54017  4.73075  6.61062  
-6.67814  -4.6589  -3.46523  -2.56694  -1.73582  -1.13894  -0.967431  -0.322777  0.322777  0.967431  1.13894  1.73582  2.56694  3.46523  4.6589  6.67814  
-6.88505  -4.92596  -4.7072  -3.50884  -2.49764  -1.70175  -1.01997  -0.335198  0.335198  1.01997  1.70175  2.49764  3.50884  4.7072  4.92596  6.88505  
-7.0711  -4.90325  -3.70687  -2.77468  -1.90401  -1.23254  -1.06334  -0.341199  0.341199  1.06334  1.23254  1.90401  2.77468  3.70687  4.90325  7.0711  
-7.41554  -5.26108  -5.03299  -3.7052  -2.64255  -1.78571  -1.02555  -0.322126  0.322126  1.02555  1.78571  2.64255  3.7052  5.03299  5.26108  7.41554  
-9.6633  -6.88211  -5.05687  -3.78134  -2.78586  -1.94206  -1.1742  -0.388025  0.388025  1.1742  1.94206  2.78586  3.78134  5.05687  6.88211  9.6633  
-7.84245  -5.48006  -5.22691  -3.84864  -2.77386  -1.83888  -1.02882  -0.322158  0.322158  1.02882  1.83888  2.77386  3.84864  5.22691  5.48006  7.84245  
-9.89927  -7.12425  -5.26202  -3.91353  -2.82223  -1.85191  -1.07981  -0.341911  0.341911  1.07981  1.85191  2.82223  3.91353  5.26202  7.12425  9.89927  


-5.96014  -4.23176  -3.2216  -2.45393  -1.82657  -1.25444  -0.734192  -0.239119  0.239119  0.734192  1.25444  1.82657  2.45393  3.2216  4.23176  5.96014  
-6.77674  -4.75498  -3.58394  -2.6914  -1.95818  -1.32994  -0.766699  -0.249301  0.249301  0.766699  1.32994  1.95818  2.6914  3.58394  4.75498  6.77674  
-7.63435  -5.15018  -3.79236  -2.82747  -2.0621  -1.4087  -0.803129  -0.249836  0.249836  0.803129  1.4087  2.0621  2.82747  3.79236  5.15018  7.63435  
-8.21401  -5.4168  -4.00606  -2.97848  -2.14492  -1.44943  -0.808612  -0.250905  0.250905  0.808612  1.44943  2.14492  2.97848  4.00606  5.4168  8.21401  
-8.82419  -5.62635  -4.11095  -3.05501  -2.22955  -1.52191  -0.908734  -0.321034  0.321034  0.908734  1.52191  2.22955  3.05501  4.11095  5.62635  8.82419  
-9.21498  -5.81644  -4.21913  -3.11974  -2.3141  -1.59147  -0.924363  -0.308323  0.308323  0.924363  1.59147  2.3141  3.11974  4.21913  5.81644  9.21498  
-9.50973  -5.96967  -4.4181  -3.28952  -2.33178  -1.55586  -0.932565  -0.320875  0.320875  0.932565  1.55586  2.33178  3.28952  4.4181  5.96967  9.50973  
-9.7583  -6.15859  -4.53975  -3.35515  -2.47267  -1.67086  -0.955293  -0.323258  0.323258  0.955293  1.67086  2.47267  3.35515  4.53975  6.15859  9.7583  
-10.0452  -6.36493  -4.68641  -3.44474  -2.46763  -1.64801  -0.925537  -0.282131  0.282131  0.925537  1.64801  2.46763  3.44474  4.68641  6.36493  10.0452  
-10.346  -6.49998  -4.72332  -3.45787  -2.52616  -1.6994  -0.918837  -0.277826  0.277826  0.918837  1.6994  2.52616  3.45787  4.72332  6.49998  10.346  
-10.4925  -6.62489  -4.89555  -3.61468  -2.60854  -1.74767  -0.967466  -0.29241  0.29241  0.967466  1.74767  2.60854  3.61468  4.89555  6.62489  10.4925  
-10.5771  -6.6715  -4.92119  -3.61914  -2.54804  -1.68195  -0.95635  -0.3144  0.3144  0.95635  1.68195  2.54804  3.61914  4.92119  6.6715  10.5771  
-10.7455  -6.77053  -4.97009  -3.69919  -2.75447  -1.87547  -1.08417  -0.369264  0.369264  1.08417  1.87547  2.75447  3.69919  4.97009  6.77053  10.7455  
-10.8171  -6.81385  -5.02959  -3.72357  -2.6592  -1.82549  -1.11053  -0.3761  0.3761  1.11053  1.82549  2.6592  3.72357  5.02959  6.81385  10.8171  
-11.0514  -7.02659  -5.1719  -3.90045  -2.92838  -2.01604  -1.15561  -0.376524  0.376524  1.15561  2.01604  2.92838  3.90045  5.1719  7.02659  11.0514  
-11.2441  -7.1962  -5.31472  -3.88134  -2.77057  -1.88063  -1.09232  -0.350519  0.350519  1.09232  1.88063  2.77057  3.88134  5.31472  7.1962  11.2441  
-11.4797  -7.25343  -5.27833  -3.93396  -2.90158  -2.02823  -1.23575  -0.415826  0.415826  1.23575  2.02823  2.90158  3.93396  5.27833  7.25343  11.4797  
-11.6837  -7.38672  -5.45191  -3.98337  -2.8716  -1.90883  -1.07577  -0.34175  0.34175  1.07577  1.90883  2.8716  3.98337  5.45191  7.38672  11.6837  
-11.7169  -7.43141  -5.44054  -4.03087  -2.90711  -1.91062  -1.12015  -0.358793  0.358793  1.12015  1.91062  2.90711  4.03087  5.44054  7.43141  11.7169  
-12.2847  -7.70742  -5.65163  -4.26076  -3.17316  -2.21762  -1.25765  -0.364085  0.364085  1.25765  2.21762  3.17316  4.26076  5.65163  7.70742  12.2847  
