16  50  
-1.6405  -1.11279  -0.78826  -0.554629  -0.367973  -0.220531  -0.0994339  -0.00171029  0.00171029  0.0994339  0.220531  0.367973  0.554629  0.78826  1.11279  1.6405  
-3.42577  -2.17438  -1.48401  -1.01032  -0.58844  -0.369049  -0.17131  -0.0128048  0.0128048  0.17131  0.369049  0.58844  1.01032  1.48401  2.17438  3.42577  
-3.80183  -2.66207  -1.94381  -1.43343  -0.977933  -0.575939  -0.263912  -0.0557856  0.0557856  0.263912  0.575939  0.977933  1.43343  1.94381  2.66207  3.80183  
-3.82548  -2.64095  -1.9878  -1.46033  -1.01554  -0.614062  -0.278614  -0.082137  0.082137  0.278614  0.614062  1.01554  1.46033  1.9878  2.64095  3.82548  
-3.86485  -2.66695  -2.00685  -1.48484  -1.06246  -0.699148  -0.443027  -0.14135  0.14135  0.443027  0.699148  1.06246  1.48484  2.00685  2.66695  3.86485  
-3.87291  -2.67053  -2.01603  -1.49802  -1.07307  -0.707245  -0.461114  -0.156975  0.156975  0.461114  0.707245  1.07307  1.49802  2.01603  2.67053  3.87291  
-4.70562  -3.07351  -2.13365  -1.52004  -1.07398  -0.700947  -0.471064  -0.165703  0.165703  0.471064  0.700947  1.07398  1.52004  2.13365  3.07351  4.70562  
-4.7502  -3.09869  -2.1503  -1.53476  -1.10758  -0.82986  -0.567652  -0.177641  0.177641  0.567652  0.82986  1.10758  1.53476  2.1503  3.09869  4.7502  
-4.80559  -3.50107  -2.68537  -2.02378  -1.47773  -1.01083  -0.605635  -0.185626  0.185626  0.605635  1.01083  1.47773  2.02378  2.68537  3.50107  4.80559  
-4.85878  -3.55012  -2.72534  -2.0561  -1.50335  -1.01396  -0.603757  -0.192952  0.192952  0.603757  1.01396  1.50335  2.0561  2.72534  3.55012  4.85878  
-4.86995  -3.55506  -2.72665  -2.05414  -1.49914  -1.02104  -0.61151  -0.192683  0.192683  0.61151  1.02104  1.49914  2.05414  2.72665  3.55506  4.86995  
-4.88098  -3.55239  -2.72514  -2.05773  -1.50347  -1.02429  -0.61376  -0.194793  0.194793  0.61376  1.02429  1.50347  2.05773  2.72514  3.55239  4.88098  
-4.89329  -3.5634  -2.73371  -2.06476  -1.50889  -1.02752  -0.615055  -0.195575  0.195575  0.615055  1.02752  1.50889  2.06476  2.73371  3.5634  4.89329  
-4.89969  -3.56725  -2.73642  -2.06774  -1.51244  -1.03079  -0.617398  -0.197537  0.197537  0.617398  1.03079  1.51244  2.06774  2.73642  3.56725  4.89969  
-4.9054  -3.57135  -2.73934  -2.0712  -1.51647  -1.03393  -0.619575  -0.199574  0.199574  0.619575  1.03393  1.51647  2.0712  2.73934  3.57135  4.9054  
-4.91062  -3.57483  -2.74153  -2.07221  -1.51598  -1.03402  -0.618719  -0.199377  0.199377  0.618719  1.03402  1.51598  2.07221  2.74153  3.57483  4.91062  
-4.9145  -3.57702  -2.74264  -2.07317  -1.51734  -1.03494  -0.619188  -0.19952  0.19952  0.619188  1.03494  1.51734  2.07317  2.74264  3.57702  4.9145  
-4.91841  -3.57982  -2.74463  -2.07464  -1.51839  -1.03606  -0.619598  -0.200192  0.200192  0.619598  1.03606  1.51839  2.07464  2.74463  3.57982  4.91841  
-4.92021  -3.5798  -2.74349  -2.07308  -1.51716  -1.03521  -0.618631  -0.199761  0.199761  0.618631  1.03521  1.51716  2.07308  2.74349  3.5798  4.92021  
-4.92493  -3.58383  -2.74747  -2.07573  -1.51964  -1.03843  -0.620684  -0.201368  0.201368  0.620684  1.03843  1.51964  2.07573  2.74747  3.58383  4.92493  
-4.92799  -3.58589  -2.74863  -2.07871  -1.52206  -1.03908  -0.620861  -0.201804  0.201804  0.620861  1.03908  1.52206  2.07871  2.74863  3.58589  4.92799  
-4.92988  -3.58666  -2.7486  -2.0782  -1.52186  -1.03923  -0.620859  -0.201485  0.201485  0.620859  1.03923  1.52186  2.0782  2.7486  3.58666  4.92988  
-4.94225  -3.56426  -2.73614  -2.0896  -1.52718  -1.04406  -0.621807  -0.201264  0.201264  0.621807  1.04406  1.52718  2.0896  2.73614  3.56426  4.94225  
-4.94379  -3.56526  -2.73651  -2.09016  -1.52854  -1.03789  -0.615452  -0.202234  0.202234  0.615452  1.03789  1.52854  2.09016  2.73651  3.56526  4.94379  
-4.94627  -3.56779  -2.73782  -2.09161  -1.52997  -1.03864  -0.615686  -0.20271  0.20271  0.615686  1.03864  1.52997  2.09161  2.73782  3.56779  4.94627  
-4.94859  -3.57022  -2.73907  -2.09312  -1.53122  -1.03961  -0.616113  -0.20285  0.20285  0.616113  1.03961  1.53122  2.09312  2.73907  3.57022  4.94859  
-4.95319  -3.57498  -2.72753  -2.08993  -1.53592  -1.04352  -0.618155  -0.204801  0.204801  0.618155  1.04352  1.53592  2.08993  2.72753  3.57498  4.95319  
-4.95374  -3.57299  -2.7399  -2.09708  -1.53496  -1.04276  -0.6176  -0.203762  0.203762  0.6176  1.04276  1.53496  2.09708  2.7399  3.57299  4.95374  
-4.95218  -3.57107  -2.73879  -2.09173  -1.53087  -1.04244  -0.618689  -0.20312  0.20312  0.618689  1.04244  1.53087  2.09173  2.73879  3.57107  4.95218  
-4.95661  -3.57483  -2.74058  -2.09708  -1.53537  -1.04353  -0.618009  -0.204167  0.204167  0.618009  1.04353  1.53537  2.09708  2.74058  3.57483  4.95661  
-4.95954  -3.57901  -2.74289  -2.09792  -1.53585  -1.04548  -0.619242  -0.204629  0.204629  0.619242  1.04548  1.53585  2.09792  2.74289  3.57901  4.95954  
-4.96107  -3.57924  -2.7426  -2.0969  -1.53458  -1.04431  -0.618511  -0.203974  0.203974  0.618511  1.04431  1.53458  2.0969  2.7426  3.57924  4.96107  
-4.96303  -3.58167  -2.74377  -2.09909  -1.5367  -1.04612  -0.619518  -0.204754  0.204754  0.619518  1.04612  1.5367  2.09909  2.74377  3.58167  4.96303  
-4.96576  -3.58481  -2.74539  -2.10048  -1.53721  -1.04637  -0.619513  -0.204367  0.204367  0.619513  1.04637  1.53721  2.10048  2.74539  3.58481  4.96576  
-4.9684  -3.58738  -2.73352  -2.09375  -1.53907  -1.04786  -0.62021  -0.204904  0.204904  0.62021  1.04786  1.53907  2.09375  2.73352  3.58738  4.9684  
-4.97048  -3.58872  -2.73399  -2.09385  -1.53945  -1.04849  -0.620544  -0.205172  0.205172  0.620544  1.04849  1.53945  2.09385  2.73399  3.58872  4.97048  
-4.97345  -3.59178  -2.73579  -2.09415  -1.53934  -1.05001  -0.621205  -0.206078  0.206078  0.621205  1.05001  1.53934  2.09415  2.73579  3.59178  4.97345  
-4.97706  -3.59521  -2.73637  -2.09455  -1.53991  -1.04981  -0.621324  -0.205346  0.205346  0.621324  1.04981  1.53991  2.09455  2.73637  3.59521  4.97706  
-4.98004  -3.59776  -2.73287  -2.09217  -1.54083  -1.05084  -0.621746  -0.205606  0.205606  0.621746  1.05084  1.54083  2.09217  2.73287  3.59776  4.98004  
-4.98406  -3.60158  -2.73491  -2.09357  -1.54252  -1.05315  -0.622667  -0.206782  0.206782  0.622667  1.05315  1.54252  2.09357  2.73491  3.60158  4.98406  
-4.9879  -3.60519  -2.73738  -2.09518  -1.54421  -1.05426  -0.622899  -0.20722  0.20722  0.622899  1.05426  1.54421  2.09518  2.73738  3.60519  4.9879  
-4.99447  -3.61364  -2.74266  -2.09949  -1.54927  -1.05827  -0.624906  -0.208246  0.208246  0.624906  1.05827  1.54927  2.09949  2.74266  3.61364  4.99447  
-4.90457  -3.58087  -2.74173  -2.09968  -1.54794  -1.05832  -0.624692  -0.20816  0.20816  0.624692  1.05832  1.54794  2.09968  2.74173  3.58087  4.90457  
-4.88945  -3.57382  -2.74458  -2.10329  -1.5518  -1.06217  -0.626516  -0.209725  0.209725  0.626516  1.06217  1.5518  2.10329  2.74458  3.57382  4.88945  
-4.91524  -3.5872  -2.73424  -2.09493  -1.55807  -1.0681  -0.628816  -0.211651  0.211651  0.628816  1.0681  1.55807  2.09493  2.73424  3.5872  4.91524  
-4.93429  -3.59613  -2.74125  -2.09841  -1.56107  -1.07147  -0.630345  -0.211896  0.211896  0.630345  1.07147  1.56107  2.09841  2.74125  3.59613  4.93429  
-4.97083  -3.61384  -2.74536  -2.09188  -1.55244  -1.06866  -0.63356  -0.212209  0.212209  0.63356  1.06866  1.55244  2.09188  2.74536  3.61384  4.97083  
-4.99236  -3.61876  -2.75674  -2.10504  -1.5631  -1.07634  -0.63343  -0.211258  0.211258  0.63343  1.07634  1.5631  2.10504  2.75674  3.61876  4.99236  
-5.05277  -4.5153  -3.61782  -2.41301  -1.56758  -1.07657  -0.634894  -0.211305  0.211305  0.634894  1.07657  1.56758  2.41301  3.61782  4.5153  5.05277  
-5.0517  -3.63418  -2.76593  -2.10714  -1.56036  -1.07829  -0.635865  -0.211457  0.211457  0.635865  1.07829  1.56036  2.10714  2.76593  3.63418  5.0517  
-5.06294  -3.96462  -3.63931  -2.4153  -1.56233  -1.07987  -0.606336  -0.0672  0.0672  0.606336  1.07987  1.56233  2.4153  3.63931  3.96462  5.06294  
-5.56283  -3.7761  -2.81947  -2.13326  -1.57407  -1.08552  -0.622378  -0.182662  0.182662  0.622378  1.08552  1.57407  2.13326  2.81947  3.7761  5.56283  
-7.04131  -4.87657  -3.63461  -2.74276  -2.02007  -1.37051  -0.781307  -0.25202  0.25202  0.781307  1.37051  2.02007  2.74276  3.63461  4.87657  7.04131  
-7.57301  -5.08847  -3.74729  -2.81407  -2.08253  -1.44536  -0.844872  -0.274962  0.274962  0.844872  1.44536  2.08253  2.81407  3.74729  5.08847  7.57301  
-8.05146  -5.26768  -3.83771  -2.86545  -2.1134  -1.46832  -0.864071  -0.283718  0.283718  0.864071  1.46832  2.1134  2.86545  3.83771  5.26768  8.05146  
-8.46805  -5.4279  -3.92474  -2.91654  -2.13645  -1.46752  -0.855954  -0.280533  0.280533  0.855954  1.46752  2.13645  2.91654  3.92474  5.4279  8.46805  
-8.83203  -5.57883  -4.01814  -2.97557  -2.16852  -1.4853  -0.868091  -0.285434  0.285434  0.868091  1.4853  2.16852  2.97557  4.01814  5.57883  8.83203  
-9.1404  -5.739  -4.13717  -3.0587  -2.22076  -1.5137  -0.881064  -0.289224  0.289224  0.881064  1.5137  2.22076  3.0587  4.13717  5.739  9.1404  
-9.47232  -5.95474  -4.3181  -3.20577  -2.33844  -1.604  -0.942555  -0.311955  0.311955  0.942555  1.604  2.33844  3.20577  4.3181  5.95474  9.47232  
-9.61325  -5.99149  -4.32461  -3.19714  -2.3183  -1.57379  -0.912418  -0.299277  0.299277  0.912418  1.57379  2.3183  3.19714  4.32461  5.99149  9.61325  
-9.73488  -6.0335  -4.34385  -3.20685  -2.32425  -1.58119  -0.92013  -0.302318  0.302318  0.92013  1.58119  2.32425  3.20685  4.34385  6.0335  9.73488  
-9.85802  -6.10102  -4.3919  -3.23482  -2.33941  -1.58895  -0.920452  -0.300774  0.300774  0.920452  1.58895  2.33941  3.23482  4.3919  6.10102  9.85802  
-9.93626  -6.12499  -4.40069  -3.24131  -2.34603  -1.59667  -0.930046  -0.305335  0.305335  0.930046  1.59667  2.34603  3.24131  4.40069  6.12499  9.93626  
-10.0014  -6.14658  -4.41331  -3.25107  -2.35657  -1.60845  -0.94094  -0.31047  0.31047  0.94094  1.60845  2.35657  3.25107  4.41331  6.14658  10.0014  
-10.0606  -6.16814  -4.42427  -3.2558  -2.35474  -1.59994  -0.9333  -0.308493  0.308493  0.9333  1.59994  2.35474  3.2558  4.42427  6.16814  10.0606  
-10.1116  -6.18369  -4.42941  -3.25696  -2.3554  -1.60233  -0.933614  -0.307104  0.307104  0.933614  1.60233  2.3554  3.25696  4.42941  6.18369  10.1116  
-10.1602  -6.20122  -4.43917  -3.26254  -2.35739  -1.60224  -0.934688  -0.308546  0.308546  0.934688  1.60224  2.35739  3.26254  4.43917  6.20122  10.1602  
-10.1904  -6.20289  -4.43314  -3.25398  -2.34847  -1.59457  -0.928748  -0.305824  0.305824  0.928748  1.59457  2.34847  3.25398  4.43314  6.20289  10.1904  
-10.2394  -6.22869  -4.45299  -3.27235  -2.36705  -1.60944  -0.939582  -0.310644  0.310644  0.939582  1.60944  2.36705  3.27235  4.45299  6.22869  10.2394  
-10.2764  -6.24283  -4.46049  -3.27522  -2.36705  -1.60833  -0.939842  -0.311559  0.311559  0.939842  1.60833  2.36705  3.27522  4.46049  6.24283  10.2764  
-10.3046  -6.24836  -4.46063  -3.27198  -2.36223  -1.60544  -0.936852  -0.309265  0.309265  0.936852  1.60544  2.36223  3.27198  4.46063  6.24836  10.3046  
-10.4098  -6.34638  -4.55533  -3.35552  -2.42161  -1.63639  -0.94834  -0.311669  0.311669  0.94834  1.63639  2.42161  3.35552  4.55533  6.34638  10.4098  
-10.4383  -6.35269  -4.55593  -3.35558  -2.42345  -1.64177  -0.955963  -0.315476  0.315476  0.955963  1.64177  2.42345  3.35558  4.55593  6.35269  10.4383  
-10.4725  -6.36717  -4.56481  -3.36195  -2.4281  -1.64613  -0.95943  -0.31645  0.31645  0.95943  1.64613  2.4281  3.36195  4.56481  6.36717  10.4725  
-10.5028  -6.37973  -4.57313  -3.36857  -2.43379  -1.64948  -0.959859  -0.316057  0.316057  0.959859  1.64948  2.43379  3.36857  4.57313  6.37973  10.5028  
-10.5538  -6.41581  -4.60587  -3.40236  -2.4743  -1.69447  -0.991007  -0.324991  0.324991  0.991007  1.69447  2.4743  3.40236  4.60587  6.41581  10.5538  
-10.57  -6.41191  -4.59529  -3.3854  -2.45015  -1.66273  -0.966737  -0.318383  0.318383  0.966737  1.66273  2.45015  3.3854  4.59529  6.41191  10.57  
-10.5676  -6.38622  -4.56666  -3.35848  -2.4237  -1.64276  -0.95684  -0.315044  0.315044  0.95684  1.64276  2.4237  3.35848  4.56666  6.38622  10.5676  
-10.6162  -6.42084  -4.59764  -3.38474  -2.4478  -1.66163  -0.967179  -0.318652  0.318652  0.967179  1.66163  2.4478  3.38474  4.59764  6.42084  10.6162  
-10.6556  -6.44174  -4.61562  -3.40104  -2.4637  -1.67886  -0.977996  -0.320754  0.320754  0.977996  1.67886  2.4637  3.40104  4.61562  6.44174  10.6556  
-10.6855  -6.44804  -4.61255  -3.395  -2.45735  -1.66693  -0.964701  -0.315713  0.315713  0.964701  1.66693  2.45735  3.395  4.61255  6.44804  10.6855  
-10.7134  -6.45662  -4.61899  -3.4037  -2.46875  -1.67772  -0.972531  -0.318619  0.318619  0.972531  1.67772  2.46875  3.4037  4.61899  6.45662  10.7134  
-10.7578  -6.47588  -4.63284  -3.41402  -2.47223  -1.67563  -0.967632  -0.315777  0.315777  0.967632  1.67563  2.47223  3.41402  4.63284  6.47588  10.7578  
-10.8013  -6.49407  -4.6438  -3.4225  -2.48033  -1.68292  -0.972314  -0.317208  0.317208  0.972314  1.68292  2.48033  3.4225  4.6438  6.49407  10.8013  
-10.8353  -6.50308  -4.64612  -3.42209  -2.47917  -1.68257  -0.973051  -0.317467  0.317467  0.973051  1.68257  2.47917  3.42209  4.64612  6.50308  10.8353  
-10.8851  -6.52387  -4.65987  -3.43095  -2.48466  -1.68795  -0.981272  -0.322768  0.322768  0.981272  1.68795  2.48466  3.43095  4.65987  6.52387  10.8851  
-10.937  -6.54912  -4.67679  -3.43911  -2.48797  -1.68612  -0.971515  -0.315879  0.315879  0.971515  1.68612  2.48797  3.43911  4.67679  6.54912  10.937  
-10.99  -6.56717  -4.6861  -3.44455  -2.49101  -1.68669  -0.971268  -0.315928  0.315928  0.971268  1.68669  2.49101  3.44455  4.6861  6.56717  10.99  
-11.0639  -6.59974  -4.70419  -3.45477  -2.49761  -1.69403  -0.982534  -0.322584  0.322584  0.982534  1.69403  2.49761  3.45477  4.70419  6.59974  11.0639  
-11.1337  -6.62524  -4.72121  -3.46605  -2.50421  -1.69971  -0.986265  -0.323315  0.323315  0.986265  1.69971  2.50421  3.46605  4.72121  6.62524  11.1337  
-11.2435  -6.68991  -4.77469  -3.50624  -2.53676  -1.72804  -1.00233  -0.326833  0.326833  1.00233  1.72804  2.53676  3.50624  4.77469  6.68991  11.2435  
-11.3533  -6.73343  -4.79013  -3.50912  -2.52873  -1.70742  -0.989086  -0.325269  0.325269  0.989086  1.70742  2.52873  3.50912  4.79013  6.73343  11.3533  
-11.4905  -6.79351  -4.83732  -3.54562  -2.55609  -1.73459  -1.01161  -0.333776  0.333776  1.01161  1.73459  2.55609  3.54562  4.83732  6.79351  11.4905  
-11.7004  -6.91085  -4.93546  -3.63418  -2.62726  -1.78721  -1.04741  -0.347237  0.347237  1.04741  1.78721  2.62726  3.63418  4.93546  6.91085  11.7004  
-11.9333  -7.01528  -4.99883  -3.67554  -2.65965  -1.81386  -1.06189  -0.34993  0.34993  1.06189  1.81386  2.65965  3.67554  4.99883  7.01528  11.9333  
-12.3417  -7.25617  -5.19914  -3.84387  -2.78681  -1.90243  -1.09809  -0.352157  0.352157  1.09809  1.90243  2.78681  3.84387  5.19914  7.25617  12.3417  
-12.685  -7.32532  -5.18386  -3.78526  -2.72566  -1.84808  -1.06623  -0.343912  0.343912  1.06623  1.84808  2.72566  3.78526  5.18386  7.32532  12.685  
-13.4847  -7.69258  -5.41396  -3.926  -2.78993  -1.86539  -1.07431  -0.350225  0.350225  1.07431  1.86539  2.78993  3.926  5.41396  7.69258  13.4847  
-14.758  -8.25074  -5.79638  -4.20909  -3.01152  -2.03423  -1.17605  -0.385213  0.385213  1.17605  2.03423  3.01152  4.20909  5.79638  8.25074  14.758  
-17.1901  -9.21703  -6.42946  -4.66745  -3.36722  -2.29333  -1.32709  -0.429515  0.429515  1.32709  2.29333  3.36722  4.66745  6.42946  9.21703  17.1901  
