16  50  
-2.12692  -1.46634  -1.05318  -0.756092  -0.508917  -0.316013  -0.140044  -0.021798  0.021798  0.140044  0.316013  0.508917  0.756092  1.05318  1.46634  2.12692  
-2.171  -1.46744  -1.06904  -0.767762  -0.503378  -0.281316  -0.083039  -0.00148704  0.00148704  0.083039  0.281316  0.503378  0.767762  1.06904  1.46744  2.171  
-3.25556  -1.89702  -1.23385  -0.830432  -0.528728  -0.28576  -0.077882  -0.00390765  0.00390765  0.077882  0.28576  0.528728  0.830432  1.23385  1.89702  3.25556  
-3.20298  -1.89409  -1.28495  -0.891718  -0.571804  -0.333092  -0.126766  -0.00932806  0.00932806  0.126766  0.333092  0.571804  0.891718  1.28495  1.89409  3.20298  
-3.19978  -1.9094  -1.29969  -0.901462  -0.579727  -0.342387  -0.139295  -0.0123554  0.0123554  0.139295  0.342387  0.579727  0.901462  1.29969  1.9094  3.19978  
-3.18835  -1.97132  -1.36156  -0.929479  -0.592042  -0.352535  -0.146061  -0.0144938  0.0144938  0.146061  0.352535  0.592042  0.929479  1.36156  1.97132  3.18835  
-3.20138  -1.99543  -1.38236  -0.954017  -0.616641  -0.368283  -0.151232  -0.0161597  0.0161597  0.151232  0.368283  0.616641  0.954017  1.38236  1.99543  3.20138  
-3.20203  -2.06798  -1.46953  -1.01798  -0.659957  -0.39198  -0.159338  -0.0181291  0.0181291  0.159338  0.39198  0.659957  1.01798  1.46953  2.06798  3.20203  
-3.21404  -2.08846  -1.46087  -0.989139  -0.631202  -0.378756  -0.15696  -0.0188391  0.0188391  0.15696  0.378756  0.631202  0.989139  1.46087  2.08846  3.21404  
-3.23711  -2.07637  -1.45216  -0.997145  -0.641931  -0.387133  -0.16068  -0.0201222  0.0201222  0.16068  0.387133  0.641931  0.997145  1.45216  2.07637  3.23711  
-3.24812  -2.09099  -1.46044  -1.00114  -0.644264  -0.390265  -0.163171  -0.0213438  0.0213438  0.163171  0.390265  0.644264  1.00114  1.46044  2.09099  3.24812  
-3.25143  -2.10029  -1.46644  -1.0048  -0.647065  -0.392855  -0.165139  -0.0224834  0.0224834  0.165139  0.392855  0.647065  1.0048  1.46644  2.10029  3.25143  
-3.25371  -2.10824  -1.47261  -1.00989  -0.650255  -0.39523  -0.166412  -0.023364  0.023364  0.166412  0.39523  0.650255  1.00989  1.47261  2.10824  3.25371  
-3.26011  -2.12832  -1.48571  -1.01393  -0.647785  -0.392569  -0.167624  -0.0244399  0.0244399  0.167624  0.392569  0.647785  1.01393  1.48571  2.12832  3.26011  
-3.21861  -2.12616  -1.49883  -1.0273  -0.658318  -0.399975  -0.170786  -0.025691  0.025691  0.170786  0.399975  0.658318  1.0273  1.49883  2.12616  3.21861  
-3.23094  -2.14989  -1.52995  -1.06125  -0.686071  -0.419447  -0.179079  -0.0278097  0.0278097  0.179079  0.419447  0.686071  1.06125  1.52995  2.14989  3.23094  
-3.25245  -2.18583  -1.55667  -1.07244  -0.688881  -0.420194  -0.180804  -0.0291218  0.0291218  0.180804  0.420194  0.688881  1.07244  1.55667  2.18583  3.25245  
-3.33509  -2.22983  -1.58913  -1.10324  -0.715632  -0.441229  -0.1908  -0.0319264  0.0319264  0.1908  0.441229  0.715632  1.10324  1.58913  2.22983  3.33509  
-3.31321  -2.23626  -1.59867  -1.10454  -0.712572  -0.438733  -0.190946  -0.033119  0.033119  0.190946  0.438733  0.712572  1.10454  1.59867  2.23626  3.31321  
-3.33809  -2.25414  -1.60907  -1.1115  -0.716798  -0.44236  -0.194002  -0.035077  0.035077  0.194002  0.44236  0.716798  1.1115  1.60907  2.25414  3.33809  
-3.36077  -2.27296  -1.63244  -1.13519  -0.734655  -0.455564  -0.199892  -0.0375797  0.0375797  0.199892  0.455564  0.734655  1.13519  1.63244  2.27296  3.36077  
-3.37969  -2.29121  -1.64827  -1.14975  -0.745617  -0.463523  -0.204934  -0.0405957  0.0405957  0.204934  0.463523  0.745617  1.14975  1.64827  2.29121  3.37969  
-3.40827  -2.3118  -1.66728  -1.16281  -0.755401  -0.471641  -0.208081  -0.0433044  0.0433044  0.208081  0.471641  0.755401  1.16281  1.66728  2.3118  3.40827  
-3.44599  -2.34858  -1.70073  -1.19079  -0.775657  -0.487774  -0.218112  -0.0488332  0.0488332  0.218112  0.487774  0.775657  1.19079  1.70073  2.34858  3.44599  
-3.47019  -2.33879  -1.67137  -1.18023  -0.777948  -0.495716  -0.224172  -0.0544452  0.0544452  0.224172  0.495716  0.777948  1.18023  1.67137  2.33879  3.47019  
-3.8657  -2.74137  -2.01658  -1.4537  -1.00771  -0.627334  -0.280415  -0.0745159  0.0745159  0.280415  0.627334  1.00771  1.4537  2.01658  2.74137  3.8657  
-3.96657  -2.80712  -2.07482  -1.52184  -1.0862  -0.673084  -0.299097  -0.0895156  0.0895156  0.299097  0.673084  1.0862  1.52184  2.07482  2.80712  3.96657  
-4.09128  -2.91913  -2.15417  -1.55665  -1.08805  -0.700095  -0.329732  -0.126415  0.126415  0.329732  0.700095  1.08805  1.55665  2.15417  2.91913  4.09128  
-4.31371  -3.05705  -2.24906  -1.63266  -1.22741  -0.912395  -0.622179  -0.213439  0.213439  0.622179  0.912395  1.22741  1.63266  2.24906  3.05705  4.31371  
-5.23173  -3.76125  -2.91561  -2.33391  -1.69491  -1.08987  -0.682351  -0.256934  0.256934  0.682351  1.08987  1.69491  2.33391  2.91561  3.76125  5.23173  
-7.29694  -5.26851  -3.91222  -2.9657  -2.31915  -1.7753  -1.14676  -0.422425  0.422425  1.14676  1.7753  2.31915  2.9657  3.91222  5.26851  7.29694  
-8.67183  -5.61698  -4.05252  -3.04454  -2.27588  -1.70454  -1.17578  -0.446676  0.446676  1.17578  1.70454  2.27588  3.04454  4.05252  5.61698  8.67183  
-9.46515  -5.64206  -4.03796  -3.04156  -2.29365  -1.70708  -1.17449  -0.451858  0.451858  1.17449  1.70708  2.29365  3.04156  4.03796  5.64206  9.46515  
-9.799  -5.65003  -4.03678  -3.04353  -2.29756  -1.70701  -1.17447  -0.452774  0.452774  1.17447  1.70701  2.29756  3.04353  4.03678  5.65003  9.799  
-9.86947  -5.65092  -4.03795  -3.04492  -2.29899  -1.70712  -1.17433  -0.452673  0.452673  1.17433  1.70712  2.29899  3.04492  4.03795  5.65092  9.86947  
-9.88872  -5.65133  -4.03845  -3.04906  -2.30077  -1.70634  -1.17566  -0.452944  0.452944  1.17566  1.70634  2.30077  3.04906  4.03845  5.65133  9.88872  
-9.89442  -5.65184  -4.03861  -3.04909  -2.30082  -1.70635  -1.17559  -0.452906  0.452906  1.17559  1.70635  2.30082  3.04909  4.03861  5.65184  9.89442  
-9.89553  -5.6519  -4.03865  -3.04916  -2.30099  -1.70636  -1.1757  -0.452908  0.452908  1.1757  1.70636  2.30099  3.04916  4.03865  5.6519  9.89553  
-9.89566  -5.65072  -4.03704  -3.04454  -2.29833  -1.70703  -1.17426  -0.452925  0.452925  1.17426  1.70703  2.29833  3.04454  4.03704  5.65072  9.89566  
-9.89213  -5.65009  -4.03675  -3.04441  -2.29899  -1.70707  -1.17429  -0.45271  0.45271  1.17429  1.70707  2.29899  3.04441  4.03675  5.65009  9.89213  
-9.89167  -5.65005  -4.03671  -3.04437  -2.29899  -1.70707  -1.17429  -0.452708  0.452708  1.17429  1.70707  2.29899  3.04437  4.03671  5.65005  9.89167  
-9.89157  -5.65003  -4.03683  -3.04465  -2.29912  -1.7071  -1.17433  -0.452709  0.452709  1.17433  1.7071  2.29912  3.04465  4.03683  5.65003  9.89157  
-9.8917  -5.65005  -4.03671  -3.04437  -2.29905  -1.70707  -1.17433  -0.452705  0.452705  1.17433  1.70707  2.29905  3.04437  4.03671  5.65005  9.8917  
-9.8916  -5.65003  -4.03683  -3.04465  -2.29912  -1.7071  -1.17434  -0.452709  0.452709  1.17434  1.7071  2.29912  3.04465  4.03683  5.65003  9.8916  
-9.8917  -5.65006  -4.03684  -3.04466  -2.2992  -1.70711  -1.17439  -0.45271  0.45271  1.17439  1.70711  2.2992  3.04466  4.03684  5.65006  9.8917  
-9.89174  -5.65007  -4.03684  -3.04466  -2.2992  -1.70711  -1.17438  -0.452706  0.452706  1.17438  1.70711  2.2992  3.04466  4.03684  5.65007  9.89174  
-9.89174  -5.65007  -4.03672  -3.04437  -2.29905  -1.70707  -1.17433  -0.452705  0.452705  1.17433  1.70707  2.29905  3.04437  4.03672  5.65007  9.89174  
-9.89173  -5.65005  -4.03683  -3.04465  -2.29913  -1.7071  -1.17433  -0.452705  0.452705  1.17433  1.7071  2.29913  3.04465  4.03683  5.65005  9.89173  
-9.89327  -5.65147  -4.03848  -3.04905  -2.30089  -1.70635  -1.17576  -0.452957  0.452957  1.17576  1.70635  2.30089  3.04905  4.03848  5.65147  9.89327  
-9.89544  -5.65186  -4.03861  -3.04913  -2.30099  -1.70636  -1.17569  -0.452908  0.452908  1.17569  1.70636  2.30099  3.04913  4.03861  5.65186  9.89544  

-2.94154  -2.04462  -1.49096  -1.11436  -0.813273  -0.543418  -0.310721  -0.0927432  0.0927432  0.310721  0.543418  0.813273  1.11436  1.49096  2.04462  2.94154  
-5.65571  -4.0204  -3.04503  -2.30922  -1.69221  -1.1629  -0.665539  -0.0887316  0.0887316  0.665539  1.1629  1.69221  2.30922  3.04503  4.0204  5.65571  
-5.72835  -4.00211  -3.03731  -2.28993  -1.68254  -1.15186  -0.65849  -0.181516  0.181516  0.65849  1.15186  1.68254  2.28993  3.03731  4.00211  5.72835  
-5.82665  -4.06164  -3.05724  -2.30433  -1.68947  -1.15259  -0.66304  -0.211055  0.211055  0.66304  1.15259  1.68947  2.30433  3.05724  4.06164  5.82665  
-5.8876  -4.08294  -3.06572  -2.31157  -1.69838  -1.16565  -0.67947  -0.222196  0.222196  0.67947  1.16565  1.69838  2.31157  3.06572  4.08294  5.8876  
-5.96324  -4.12811  -3.10222  -2.3384  -1.71205  -1.17575  -0.689745  -0.227336  0.227336  0.689745  1.17575  1.71205  2.3384  3.10222  4.12811  5.96324  
-6.02148  -4.15191  -3.10822  -2.3435  -1.71867  -1.17889  -0.692231  -0.22922  0.22922  0.692231  1.17889  1.71867  2.3435  3.10822  4.15191  6.02148  
-6.07916  -4.18853  -3.13528  -2.36549  -1.73627  -1.19317  -0.699106  -0.229528  0.229528  0.699106  1.19317  1.73627  2.36549  3.13528  4.18853  6.07916  
-6.17078  -4.25109  -3.17246  -2.38826  -1.75122  -1.20338  -0.707668  -0.233548  0.233548  0.707668  1.20338  1.75122  2.38826  3.17246  4.25109  6.17078  
-6.22202  -4.28501  -3.19561  -2.39862  -1.75418  -1.20536  -0.708789  -0.233365  0.233365  0.708789  1.20536  1.75418  2.39862  3.19561  4.28501  6.22202  
-6.26568  -4.30376  -3.20461  -2.40543  -1.7578  -1.20439  -0.706094  -0.232087  0.232087  0.706094  1.20439  1.7578  2.40543  3.20461  4.30376  6.26568  
-6.30625  -4.32176  -3.21255  -2.40974  -1.76377  -1.20994  -0.708432  -0.232807  0.232807  0.708432  1.20994  1.76377  2.40974  3.21255  4.32176  6.30625  
-6.34962  -4.34111  -3.22567  -2.42101  -1.77224  -1.21944  -0.720503  -0.23924  0.23924  0.720503  1.21944  1.77224  2.42101  3.22567  4.34111  6.34962  
-6.41853  -4.38958  -3.26139  -2.44935  -1.79326  -1.23142  -0.72502  -0.240178  0.240178  0.72502  1.23142  1.79326  2.44935  3.26139  4.38958  6.41853  
-6.52123  -4.48908  -3.35031  -2.52475  -1.8588  -1.28173  -0.753122  -0.247793  0.247793  0.753122  1.28173  1.8588  2.52475  3.35031  4.48908  6.52123  
-6.58457  -4.53254  -3.3835  -2.55025  -1.87513  -1.28615  -0.751831  -0.247495  0.247495  0.751831  1.28615  1.87513  2.55025  3.3835  4.53254  6.58457  
-6.77177  -4.71703  -3.53522  -2.66197  -1.95278  -1.34016  -0.788568  -0.261054  0.261054  0.788568  1.34016  1.95278  2.66197  3.53522  4.71703  6.77177  
-6.8939  -4.80199  -3.59651  -2.70231  -1.97388  -1.34892  -0.789323  -0.26092  0.26092  0.789323  1.34892  1.97388  2.70231  3.59651  4.80199  6.8939  
-7.01774  -4.87503  -3.62717  -2.71264  -1.98046  -1.35552  -0.794328  -0.262522  0.262522  0.794328  1.35552  1.98046  2.71264  3.62717  4.87503  7.01774  
-7.16067  -4.97727  -3.71077  -2.78854  -2.04012  -1.39195  -0.812566  -0.268076  0.268076  0.812566  1.39195  2.04012  2.78854  3.71077  4.97727  7.16067  
-7.26266  -5.02397  -3.73359  -2.80595  -2.05971  -1.40766  -0.821182  -0.270659  0.270659  0.821182  1.40766  2.05971  2.80595  3.73359  5.02397  7.26266  
-7.36608  -5.07244  -3.77111  -2.82961  -2.06871  -1.40996  -0.820602  -0.270374  0.270374  0.820602  1.40996  2.06871  2.82961  3.77111  5.07244  7.36608  
-7.5148  -5.15186  -3.83584  -2.88617  -2.11644  -1.44934  -0.848967  -0.280732  0.280732  0.848967  1.44934  2.11644  2.88617  3.83584  5.15186  7.5148  
-7.72375  -5.25736  -3.90286  -2.92955  -2.14494  -1.47021  -0.862144  -0.285336  0.285336  0.862144  1.47021  2.14494  2.92955  3.90286  5.25736  7.72375  
-8.01371  -5.40617  -3.99666  -3.00256  -2.20625  -1.51647  -0.888236  -0.292109  0.292109  0.888236  1.51647  2.20625  3.00256  3.99666  5.40617  8.01371  
-8.38817  -5.59  -4.12252  -3.08769  -2.25444  -1.53171  -0.887776  -0.291836  0.291836  0.887776  1.53171  2.25444  3.08769  4.12252  5.59  8.38817  
-8.99665  -5.92374  -4.3792  -3.29567  -2.41965  -1.661  -0.972131  -0.320515  0.320515  0.972131  1.661  2.41965  3.29567  4.3792  5.92374  8.99665  
-9.85153  -6.31927  -4.6186  -3.4439  -2.51101  -1.71105  -0.998824  -0.328172  0.328172  0.998824  1.71105  2.51101  3.4439  4.6186  6.31927  9.85153  
-11.1354  -6.90172  -5.00564  -3.7059  -2.69024  -1.83642  -1.07495  -0.352418  0.352418  1.07495  1.83642  2.69024  3.7059  5.00564  6.90172  11.1354  
-12.533  -7.40246  -5.29303  -3.90915  -2.86817  -1.98605  -1.16777  -0.381177  0.381177  1.16777  1.98605  2.86817  3.90915  5.29303  7.40246  12.533  
-14.0913  -8.05476  -5.74555  -4.25683  -3.09985  -2.12057  -1.25116  -0.410182  0.410182  1.25116  2.12057  3.09985  4.25683  5.74555  8.05476  14.0913  
-14.9974  -8.15213  -5.73482  -4.21999  -3.05435  -2.08056  -1.23211  -0.401604  0.401604  1.23211  2.08056  3.05435  4.21999  5.73482  8.15213  14.9974  
-15.4057  -8.18459  -5.74103  -4.23588  -3.06624  -2.0794  -1.23425  -0.40198  0.40198  1.23425  2.0794  3.06624  4.23588  5.74103  8.18459  15.4057  
-15.4781  -8.16335  -5.74433  -4.25754  -3.08166  -2.08953  -1.24251  -0.403645  0.403645  1.24251  2.08953  3.08166  4.25754  5.74433  8.16335  15.4781  
-15.5126  -8.17166  -5.74621  -4.26801  -3.14119  -2.15302  -1.26407  -0.412398  0.412398  1.26407  2.15302  3.14119  4.26801  5.74621  8.17166  15.5126  
-15.5171  -8.17358  -5.74935  -4.26974  -3.14151  -2.15351  -1.26255  -0.410822  0.410822  1.26255  2.15351  3.14151  4.26974  5.74935  8.17358  15.5171  
-15.5194  -8.17436  -5.74971  -4.27034  -3.14249  -2.15565  -1.26408  -0.410818  0.410818  1.26408  2.15565  3.14249  4.27034  5.74971  8.17436  15.5194  
-15.52  -8.17452  -5.74228  -4.24915  -3.07696  -2.07878  -1.23146  -0.400616  0.400616  1.23146  2.07878  3.07696  4.24915  5.74228  8.17452  15.52  
-15.5171  -8.17039  -5.73843  -4.24577  -3.07542  -2.08673  -1.24209  -0.403704  0.403704  1.24209  2.08673  3.07542  4.24577  5.73843  8.17039  15.5171  
-15.5158  -8.16987  -5.73815  -4.24523  -3.07501  -2.0867  -1.24207  -0.403647  0.403647  1.24207  2.0867  3.07501  4.24523  5.73815  8.16987  15.5158  
-15.5155  -8.1697  -5.73805  -4.24711  -3.07863  -2.08946  -1.2426  -0.40365  0.40365  1.2426  2.08946  3.07863  4.24711  5.73805  8.1697  15.5155  
-15.5158  -8.16994  -5.73821  -4.24519  -3.07494  -2.0874  -1.24257  -0.403514  0.403514  1.24257  2.0874  3.07494  4.24519  5.73821  8.16994  15.5158  
-15.5157  -8.16981  -5.73808  -4.24713  -3.07864  -2.08957  -1.2427  -0.403646  0.403646  1.2427  2.08957  3.07864  4.24713  5.73808  8.16981  15.5157  
-15.5158  -8.16994  -5.73824  -4.24726  -3.07875  -2.0905  -1.24348  -0.403659  0.403659  1.24348  2.0905  3.07875  4.24726  5.73824  8.16994  15.5158  
-15.5157  -8.16992  -5.73829  -4.24731  -3.07875  -2.09049  -1.24334  -0.403516  0.403516  1.24334  2.09049  3.07875  4.24731  5.73829  8.16992  15.5157  
-15.5159  -8.17  -5.73828  -4.24525  -3.07497  -2.08742  -1.24256  -0.403491  0.403491  1.24256  2.08742  3.07497  4.24525  5.73828  8.17  15.5159  
-15.5157  -8.16992  -5.7382  -4.24717  -3.07866  -2.08959  -1.24254  -0.4035  0.4035  1.24254  2.08959  3.07866  4.24717  5.7382  8.16992  15.5157  
-15.5158  -8.17125  -5.74707  -4.26854  -3.14098  -2.15399  -1.26555  -0.412633  0.412633  1.26555  2.15399  3.14098  4.26854  5.74707  8.17125  15.5158  
-15.5191  -8.17421  -5.74947  -4.26976  -3.14212  -2.15563  -1.26407  -0.410809  0.410809  1.26407  2.15563  3.14212  4.26976  5.74947  8.17421  15.5191  
-15.5198  -8.17455  -5.74948  -4.27001  -3.14179  -2.1536  -1.26269  -0.410822  0.410822  1.26269  2.1536  3.14179  4.27001  5.74948  8.17455  15.5198  
