8  100  
-3.62822  -2.21201  -1.14147  -0.318641  0.318641  1.14147  2.21201  3.62822  
-4.24682  -2.57393  -1.32014  -0.394649  0.394649  1.32014  2.57393  4.24682  
-4.94616  -3.06667  -1.66375  -0.502118  0.502118  1.66375  3.06667  4.94616  
-5.32299  -3.34769  -1.85007  -0.564434  0.564434  1.85007  3.34769  5.32299  
-5.61715  -3.36758  -1.76119  -0.561859  0.561859  1.76119  3.36758  5.61715  
-5.39791  -3.27041  -1.73654  -0.576241  0.576241  1.73654  3.27041  5.39791  
-5.90238  -3.61793  -2.00203  -0.645671  0.645671  2.00203  3.61793  5.90238  
-6.07514  -3.70971  -2.00752  -0.666703  0.666703  2.00752  3.70971  6.07514  
-6.5032  -3.87723  -2.04391  -0.691505  0.691505  2.04391  3.87723  6.5032  
-6.7281  -3.98103  -2.07513  -0.703027  0.703027  2.07513  3.98103  6.7281  
-6.89778  -4.06447  -2.11312  -0.71888  0.71888  2.11312  4.06447  6.89778  
-7.03414  -4.13918  -2.14304  -0.727986  0.727986  2.14304  4.13918  7.03414  
-7.12487  -4.19766  -2.17695  -0.739998  0.739998  2.17695  4.19766  7.12487  
-7.22908  -4.25491  -2.22354  -0.762965  0.762965  2.22354  4.25491  7.22908  
-7.32914  -4.31176  -2.12962  -0.64809  0.64809  2.12962  4.31176  7.32914  
-7.39143  -4.32667  -2.13632  -0.616111  0.616111  2.13632  4.32667  7.39143  
-7.45553  -4.35676  -2.15032  -0.609576  0.609576  2.15032  4.35676  7.45553  
-7.52999  -4.3984  -2.17225  -0.60658  0.60658  2.17225  4.3984  7.52999  
-7.42945  -4.37976  -2.1974  -0.603173  0.603173  2.1974  4.37976  7.42945  
-7.62151  -4.44871  -2.19968  -0.607054  0.607054  2.19968  4.44871  7.62151  
-7.14375  -4.22182  -2.23279  -0.599657  0.599657  2.23279  4.22182  7.14375  
-7.55932  -4.40178  -2.16534  -0.626929  0.626929  2.16534  4.40178  7.55932  
-7.78351  -4.5231  -2.22047  -0.607627  0.607627  2.22047  4.5231  7.78351  
-7.91923  -4.736  -2.36938  -0.59097  0.59097  2.36938  4.736  7.91923  
-7.49595  -4.55328  -2.45472  -0.574997  0.574997  2.45472  4.55328  7.49595  
-7.91682  -4.77491  -2.41705  -0.605071  0.605071  2.41705  4.77491  7.91682  
-8.14849  -4.92003  -2.48776  -0.588729  0.588729  2.48776  4.92003  8.14849  
-8.08669  -4.92736  -2.55791  -0.613182  0.613182  2.55791  4.92736  8.08669  
-7.76732  -4.72381  -2.57175  -0.623463  0.623463  2.57175  4.72381  7.76732  
-8.18552  -4.94719  -2.51964  -0.61668  0.61668  2.51964  4.94719  8.18552  
-8.17226  -4.97147  -2.58937  -0.62368  0.62368  2.58937  4.97147  8.17226  
-7.88181  -4.77611  -2.60818  -0.633004  0.633004  2.60818  4.77611  7.88181  
-8.31107  -5.0248  -2.55698  -0.624442  0.624442  2.55698  5.0248  8.31107  
-8.29878  -5.04553  -2.63621  -0.635079  0.635079  2.63621  5.04553  8.29878  
-8.00827  -4.84532  -2.65393  -0.643248  0.643248  2.65393  4.84532  8.00827  
-8.43842  -5.1082  -2.59657  -0.630912  0.630912  2.59657  5.1082  8.43842  
-8.07051  -4.50207  -2.33943  -0.634074  0.634074  2.33943  4.50207  8.07051  
-8.10276  -4.78966  -2.46632  -0.605544  0.605544  2.46632  4.78966  8.10276  
-8.18231  -4.9187  -2.56491  -0.60024  0.60024  2.56491  4.9187  8.18231  
-8.26765  -5.0085  -2.62196  -0.618946  0.618946  2.62196  5.0085  8.26765  
-8.34752  -5.0689  -2.66169  -0.635352  0.635352  2.66169  5.0689  8.34752  
-8.41698  -5.11668  -2.69201  -0.645828  0.645828  2.69201  5.11668  8.41698  
-8.18457  -4.65975  -2.49108  -0.651708  0.651708  2.49108  4.65975  8.18457  
-8.26125  -4.91599  -2.56712  -0.606687  0.606687  2.56712  4.91599  8.26125  
-8.35262  -5.03538  -2.64138  -0.618901  0.618901  2.64138  5.03538  8.35262  
-8.4395  -5.11309  -2.69133  -0.638145  0.638145  2.69133  5.11309  8.4395  
-8.23374  -4.66906  -2.49116  -0.649665  0.649665  2.49116  4.66906  8.23374  
-8.31734  -4.94043  -2.58319  -0.603031  0.603031  2.58319  4.94043  8.31734  
-8.41469  -5.06924  -2.66483  -0.621639  0.621639  2.66483  5.06924  8.41469  
-8.50633  -5.15285  -2.71815  -0.642553  0.642553  2.71815  5.15285  8.50633  
-8.30726  -4.71067  -2.50738  -0.655294  0.655294  2.50738  4.71067  8.30726  
-8.39005  -4.85483  -2.5079  -0.589639  0.589639  2.5079  4.85483  8.39005  
-8.45942  -4.93492  -2.55252  -0.597409  0.597409  2.55252  4.93492  8.45942  
-8.52012  -4.99575  -2.58914  -0.610424  0.610424  2.58914  4.99575  8.52012  
-8.57153  -5.04289  -2.61903  -0.623068  0.623068  2.61903  5.04289  8.57153  
-8.61639  -5.08079  -2.64164  -0.632516  0.632516  2.64164  5.08079  8.61639  
-8.65508  -5.11155  -2.65936  -0.639881  0.639881  2.65936  5.11155  8.65508  
-8.36992  -4.70715  -2.4833  -0.644406  0.644406  2.4833  4.70715  8.36992  
-8.45148  -4.87492  -2.5064  -0.58223  0.58223  2.5064  4.87492  8.45148  
-8.52396  -4.96597  -2.56416  -0.596626  0.596626  2.56416  4.96597  8.52396  
-8.58855  -5.0328  -2.60661  -0.613543  0.613543  2.60661  5.0328  8.58855  
-8.64302  -5.08425  -2.63977  -0.628035  0.628035  2.63977  5.08425  8.64302  
-8.68971  -5.12483  -2.66428  -0.638646  0.638646  2.66428  5.12483  8.68971  
-8.41394  -4.72684  -2.48796  -0.645487  0.645487  2.48796  4.72684  8.41394  
-8.49813  -4.89938  -2.51643  -0.578092  0.578092  2.51643  4.89938  8.49813  
-8.5725  -4.99375  -2.57687  -0.598811  0.598811  2.57687  4.99375  8.5725  
-8.63828  -5.06377  -2.62252  -0.617489  0.617489  2.62252  5.06377  8.63828  
-8.69365  -5.11592  -2.65635  -0.63289  0.63289  2.65635  5.11592  8.69365  
-8.42867  -4.72607  -2.47683  -0.635847  0.635847  2.47683  4.72607  8.42867  
-8.51562  -4.90347  -2.51444  -0.574288  0.574288  2.51444  4.90347  8.51562  
-8.59296  -5.00243  -2.57962  -0.597814  0.597814  2.57962  5.00243  8.59296  
-8.66126  -5.07581  -2.62805  -0.618064  0.618064  2.62805  5.07581  8.66126  
-8.72058  -5.13164  -2.66357  -0.634397  0.634397  2.66357  5.13164  8.72058  
-8.4568  -4.74266  -2.48917  -0.644913  0.644913  2.48917  4.74266  8.4568  
-8.54482  -4.92249  -2.52484  -0.578191  0.578191  2.52484  4.92249  8.54482  
-8.6223  -5.02168  -2.58987  -0.601199  0.601199  2.58987  5.02168  8.6223  
-8.69032  -5.09499  -2.63905  -0.622315  0.622315  2.63905  5.09499  8.69032  
-8.74921  -5.15072  -2.67394  -0.63788  0.63788  2.67394  5.15072  8.74921  
-8.48485  -4.76139  -2.49654  -0.648258  0.648258  2.49654  4.76139  8.48485  
-8.57222  -4.94059  -2.53396  -0.581597  0.581597  2.53396  4.94059  8.57222  
-8.64889  -5.03947  -2.59925  -0.604436  0.604436  2.59925  5.03947  8.64889  
-8.71682  -5.11283  -2.64832  -0.625462  0.625462  2.64832  5.11283  8.71682  
-8.77457  -5.1679  -2.68316  -0.640994  0.640994  2.68316  5.1679  8.77457  
-8.50903  -4.77776  -2.50296  -0.65129  0.65129  2.50296  4.77776  8.50903  
-8.59561  -4.95626  -2.5419  -0.584647  0.584647  2.5419  4.95626  8.59561  
-8.67142  -5.05471  -2.60733  -0.607291  0.607291  2.60733  5.05471  8.67142  
-8.73848  -5.12754  -2.65623  -0.628199  0.628199  2.65623  5.12754  8.73848  
-8.7902  -4.9763  -2.48075  -0.635875  0.635875  2.48075  4.9763  8.7902  
-8.78199  -5.12988  -2.63144  -0.606636  0.606636  2.63144  5.12988  8.78199  
-8.81797  -5.19305  -2.68969  -0.638561  0.638561  2.68969  5.19305  8.81797  
-8.54077  -4.7997  -2.5096  -0.654258  0.654258  2.5096  4.7997  8.54077  
-8.62535  -4.9769  -2.55193  -0.588529  0.588529  2.55193  4.9769  8.62535  
-8.69896  -5.07407  -2.61762  -0.611095  0.611095  2.61762  5.07407  8.69896  
-8.76424  -5.14559  -2.66601  -0.631778  0.631778  2.66601  5.14559  8.76424  
-8.81444  -4.99336  -2.4943  -0.645864  0.645864  2.4943  4.99336  8.81444  
-8.80583  -5.14729  -2.64235  -0.611735  0.611735  2.64235  5.14729  8.80583  
-8.84064  -5.20921  -2.69896  -0.642144  0.642144  2.69896  5.20921  8.84064  
-8.56188  -4.81469  -2.51585  -0.657286  0.657286  2.51585  4.81469  8.56188  
-8.6455  -4.99082  -2.56572  -0.599172  0.599172  2.56572  4.99082  8.6455  
-8.71977  -5.08948  -2.62688  -0.615254  0.615254  2.62688  5.08948  8.71977  


-5.34537  -3.0311  -1.57729  -0.5136  0.5136  1.57729  3.0311  5.34537  
-6.04476  -3.48889  -1.89796  -0.611346  0.611346  1.89796  3.48889  6.04476  
-6.4216  -3.72706  -2.05899  -0.66147  0.66147  2.05899  3.72706  6.4216  
-6.71576  -3.72093  -1.93165  -0.642825  0.642825  1.93165  3.72093  6.71576  
-6.49651  -3.54787  -1.8814  -0.647407  0.647407  1.8814  3.54787  6.49651  
-7.00099  -3.89808  -2.14741  -0.713259  0.713259  2.14741  3.89808  7.00099  
-7.17375  -3.97573  -2.13652  -0.727953  0.727953  2.13652  3.97573  7.17375  
-7.60181  -4.15076  -2.16087  -0.747666  0.747666  2.16087  4.15076  7.60181  
-7.82671  -4.24412  -2.18234  -0.754103  0.754103  2.18234  4.24412  7.82671  
-7.99639  -4.31505  -2.21213  -0.765908  0.765908  2.21213  4.31505  7.99639  
-8.13275  -4.37741  -2.23501  -0.771205  0.771205  2.23501  4.37741  8.13275  
-8.22349  -4.42272  -2.26286  -0.780069  0.780069  2.26286  4.42272  8.22349  
-8.32769  -4.46922  -2.30421  -0.800766  0.800766  2.30421  4.46922  8.32769  
-8.42776  -4.51681  -2.20487  -0.678102  0.678102  2.20487  4.51681  8.42776  
-8.49004  -4.52066  -2.20751  -0.642475  0.642475  2.20751  4.52066  8.49004  
-8.55414  -4.54179  -2.21755  -0.633786  0.633786  2.21755  4.54179  8.55414  
-8.6286  -4.57619  -2.23615  -0.629004  0.629004  2.23615  4.57619  8.6286  
-8.52806  -4.54161  -2.25836  -0.623983  0.623983  2.25836  4.54161  8.52806  
-8.72012  -4.6109  -2.25696  -0.62666  0.62666  2.25696  4.6109  8.72012  
-8.24237  -4.34419  -2.28809  -0.617815  0.617815  2.28809  4.34419  8.24237  
-8.65793  -4.54229  -2.21481  -0.644817  0.644817  2.21481  4.54229  8.65793  
-8.88213  -4.66817  -2.26933  -0.623896  0.623896  2.26933  4.66817  8.88213  
-9.01784  -4.88084  -2.42088  -0.605892  0.605892  2.42088  4.88084  9.01784  
-8.59457  -4.66301  -2.50586  -0.588713  0.588713  2.50586  4.66301  8.59457  
-9.01543  -4.90354  -2.46382  -0.618755  0.618755  2.46382  4.90354  9.01543  
-9.2471  -5.05426  -2.53453  -0.601309  0.601309  2.53453  5.05426  9.2471  
-9.1853  -5.05148  -2.60438  -0.625623  0.625623  2.60438  5.05148  9.1853  
-8.86593  -4.82224  -2.61633  -0.635537  0.635537  2.61633  4.82224  8.86593  
-9.28413  -5.06572  -2.56057  -0.628099  0.628099  2.56057  5.06572  9.28413  
-9.27087  -5.08376  -2.63082  -0.634676  0.634676  2.63082  5.08376  9.27087  
-8.98043  -4.86641  -2.64834  -0.643705  0.643705  2.64834  4.86641  8.98043  
-9.40968  -5.1363  -2.59408  -0.634588  0.634588  2.59408  5.1363  9.40968  
-9.39739  -5.15094  -2.67428  -0.644956  0.644956  2.67428  5.15094  9.39739  
-9.10688  -4.93001  -2.69098  -0.652903  0.652903  2.69098  4.93001  9.10688  
-9.53703  -5.2147  -2.63084  -0.640068  0.640068  2.63084  5.2147  9.53703  
-9.16912  -4.58312  -2.36724  -0.642938  0.642938  2.36724  4.58312  9.16912  
-9.20137  -4.87436  -2.49698  -0.613775  0.613775  2.49698  4.87436  9.20137  
-9.28092  -5.00622  -2.59618  -0.60809  0.60809  2.59618  5.00622  9.28092  
-9.36627  -5.09725  -2.6533  -0.62679  0.62679  2.6533  5.09725  9.36627  
-9.44614  -5.15793  -2.69289  -0.643176  0.643176  2.69289  5.15793  9.44614  
-9.51559  -5.20548  -2.723  -0.653577  0.653577  2.723  5.20548  9.51559  
-9.28318  -4.73179  -2.51723  -0.659342  0.659342  2.51723  4.73179  9.28318  
-9.35986  -4.99394  -2.59474  -0.613625  0.613625  2.59474  4.99394  9.35986  
-9.45123  -5.11643  -2.66956  -0.625781  0.625781  2.66956  5.11643  9.45123  
-9.53812  -5.19559  -2.71972  -0.645076  0.645076  2.71972  5.19559  9.53812  
-9.33236  -4.73678  -2.51516  -0.656583  0.656583  2.51516  4.73678  9.33236  
-9.41595  -5.01432  -2.60895  -0.609326  0.609326  2.60895  5.01432  9.41595  
-9.5133  -5.14658  -2.69132  -0.627977  0.627977  2.69132  5.14658  9.5133  
-9.60494  -5.23197  -2.74499  -0.648985  0.648985  2.74499  5.23197  9.60494  
-9.40588  -4.77588  -2.52991  -0.661757  0.661757  2.52991  4.77588  9.40588  
-9.48866  -4.92539  -2.53079  -0.595359  0.595359  2.53079  4.92539  9.48866  
-9.55803  -5.0081  -2.57574  -0.603097  0.603097  2.57574  5.0081  9.55803  
-9.61873  -5.07031  -2.61257  -0.616146  0.616146  2.61257  5.07031  9.61873  
-9.67015  -5.11814  -2.64256  -0.628827  0.628827  2.64256  5.11814  9.67015  
-9.71501  -5.15637  -2.66517  -0.638288  0.638288  2.66517  5.15637  9.71501  
-9.7537  -5.18726  -2.68284  -0.64565  0.64565  2.68284  5.18726  9.7537  
-9.46853  -4.76865  -2.50364  -0.650149  0.650149  2.50364  4.76865  9.46853  
-9.5501  -4.94187  -2.52742  -0.587361  0.587361  2.52742  4.94187  9.5501  
-9.62257  -5.03576  -2.58572  -0.601808  0.601808  2.58572  5.03576  9.62257  
-9.68717  -5.10424  -2.62851  -0.618813  0.618813  2.62851  5.10424  9.68717  
-9.74163  -5.15662  -2.66187  -0.633378  0.633378  2.66187  5.15662  9.74163  
-9.78833  -5.19776  -2.68649  -0.644032  0.644032  2.68649  5.19776  9.78833  
-9.51256  -4.78632  -2.50721  -0.650886  0.650886  2.50721  4.78632  9.51256  
-9.59674  -4.96438  -2.53646  -0.582888  0.582888  2.53646  4.96438  9.59674  
-9.67112  -5.06171  -2.5975  -0.603723  0.603723  2.5975  5.06171  9.67112  
-9.73689  -5.1335  -2.64357  -0.622512  0.622512  2.64357  5.1335  9.73689  
-9.79226  -5.18669  -2.67766  -0.638002  0.638002  2.67766  5.18669  9.79226  
-9.52728  -4.78408  -2.49532  -0.640955  0.640955  2.49532  4.78408  9.52728  
-9.61423  -4.96709  -2.53378  -0.578873  0.578873  2.53378  4.96709  9.61423  
-9.69157  -5.06912  -2.59964  -0.602543  0.602543  2.59964  5.06912  9.69157  
-9.75987  -5.14437  -2.64854  -0.622922  0.622922  2.64854  5.14437  9.75987  
-9.81919  -5.20143  -2.68436  -0.639359  0.639359  2.68436  5.20143  9.81919  
-9.55542  -4.7999  -2.50724  -0.649936  0.649936  2.50724  4.7999  9.55542  
-9.64344  -4.98534  -2.54379  -0.582672  0.582672  2.54379  4.98534  9.64344  
-9.72091  -5.08764  -2.60951  -0.605822  0.605822  2.60951  5.08764  9.72091  
-9.78893  -5.16284  -2.65918  -0.627077  0.627077  2.65918  5.16284  9.78893  
-9.84782  -5.21983  -2.69438  -0.642743  0.642743  2.69438  5.21983  9.84782  
-9.58346  -4.81809  -2.51427  -0.653186  0.653186  2.51427  4.81809  9.58346  
-9.67084  -5.00288  -2.5526  -0.586  0.586  2.5526  5.00288  9.67084  
-9.74751  -5.10487  -2.61859  -0.608979  0.608979  2.61859  5.10487  9.74751  
-9.81543  -5.18018  -2.66816  -0.630145  0.630145  2.66816  5.18018  9.81543  
-9.87318  -5.23651  -2.70333  -0.645781  0.645781  2.70333  5.23651  9.87318  
-9.60764  -4.83407  -2.52042  -0.656146  0.656146  2.52042  4.83407  9.60764  
-9.69422  -5.01812  -2.5603  -0.588989  0.588989  2.5603  5.01812  9.69422  
-9.77003  -5.11969  -2.62644  -0.611772  0.611772  2.62644  5.11969  9.77003  
-9.83709  -5.19447  -2.67584  -0.63282  0.63282  2.67584  5.19447  9.83709  
-9.88881  -5.04391  -2.49785  -0.640548  0.640548  2.49785  5.04391  9.88881  
-9.8806  -5.19743  -2.65088  -0.611085  0.611085  2.65088  5.19743  9.8806  
-9.91659  -5.26152  -2.70961  -0.643235  0.643235  2.70961  5.26152  9.91659  
-9.63939  -4.85575  -2.52679  -0.659042  0.659042  2.52679  4.85575  9.63939  
-9.72396  -5.03844  -2.5701  -0.592815  0.592815  2.5701  5.03844  9.72396  
-9.79757  -5.13869  -2.63652  -0.61552  0.61552  2.63652  5.13869  9.79757  
-9.86285  -5.21214  -2.68541  -0.636343  0.636343  2.68541  5.21214  9.86285  
-9.91305  -5.06061  -2.51122  -0.650528  0.650528  2.51122  5.06061  9.91305  
-9.90445  -5.21449  -2.6616  -0.616146  0.616146  2.6616  5.21449  9.90445  
-9.93926  -5.27734  -2.71869  -0.646769  0.646769  2.71869  5.27734  9.93926  
-9.66049  -4.87046  -2.53285  -0.66202  0.66202  2.53285  4.87046  9.66049  
-9.74412  -5.05205  -2.58375  -0.603467  0.603467  2.58375  5.05205  9.74412  
-9.81838  -5.15383  -2.64562  -0.619646  0.619646  2.64562  5.15383  9.81838  
-9.88264  -5.2261  -2.69328  -0.639391  0.639391  2.69328  5.2261  9.88264  
