16  50  
-3.32565  -2.18752  -1.50518  -1.01365  -0.669107  -0.399836  -0.181405  -0.00308622  0.00308622  0.181405  0.399836  0.669107  1.01365  1.50518  2.18752  3.32565  
-3.39797  -2.1459  -1.43239  -0.960277  -0.615847  -0.360872  -0.160299  -0.0206992  0.0206992  0.160299  0.360872  0.615847  0.960277  1.43239  2.1459  3.39797  
-3.1636  -1.92145  -1.31704  -0.907184  -0.584429  -0.342564  -0.148872  -0.0285241  0.0285241  0.148872  0.342564  0.584429  0.907184  1.31704  1.92145  3.1636  
-3.16269  -1.84313  -1.23922  -0.862435  -0.571685  -0.347337  -0.157515  -0.0331555  0.0331555  0.157515  0.347337  0.571685  0.862435  1.23922  1.84313  3.16269  
-3.16383  -1.84636  -1.24185  -0.861945  -0.572554  -0.352237  -0.163814  -0.0362767  0.0362767  0.163814  0.352237  0.572554  0.861945  1.24185  1.84636  3.16383  
-3.16598  -1.89022  -1.2717  -0.870126  -0.575797  -0.354776  -0.165411  -0.0379042  0.0379042  0.165411  0.354776  0.575797  0.870126  1.2717  1.89022  3.16598  
-3.09681  -1.83854  -1.25695  -0.890149  -0.596036  -0.36462  -0.168889  -0.0393539  0.0393539  0.168889  0.36462  0.596036  0.890149  1.25695  1.83854  3.09681  
-3.09519  -1.84521  -1.2602  -0.879251  -0.586549  -0.363548  -0.17128  -0.0411133  0.0411133  0.17128  0.363548  0.586549  0.879251  1.2602  1.84521  3.09519  
-3.08247  -1.84874  -1.26707  -0.88444  -0.590857  -0.367155  -0.1728  -0.0420849  0.0420849  0.1728  0.367155  0.590857  0.88444  1.26707  1.84874  3.08247  
-3.08274  -1.85483  -1.2733  -0.889651  -0.59549  -0.371502  -0.175  -0.0432089  0.0432089  0.175  0.371502  0.59549  0.889651  1.2733  1.85483  3.08274  
-3.09714  -1.89823  -1.32074  -0.92456  -0.611917  -0.376267  -0.176073  -0.0438934  0.0438934  0.176073  0.376267  0.611917  0.92456  1.32074  1.89823  3.09714  
-3.08554  -1.89295  -1.31798  -0.926505  -0.615022  -0.378412  -0.176781  -0.0445443  0.0445443  0.176781  0.378412  0.615022  0.926505  1.31798  1.89295  3.08554  
-3.07841  -1.89338  -1.31954  -0.928038  -0.616603  -0.379928  -0.177493  -0.045191  0.045191  0.177493  0.379928  0.616603  0.928038  1.31954  1.89338  3.07841  
-3.07737  -1.89676  -1.32225  -0.929151  -0.617699  -0.380841  -0.177443  -0.0454805  0.0454805  0.177443  0.380841  0.617699  0.929151  1.32225  1.89676  3.07737  
-3.07678  -1.90019  -1.32537  -0.931965  -0.619399  -0.382466  -0.178509  -0.0462132  0.0462132  0.178509  0.382466  0.619399  0.931965  1.32537  1.90019  3.07678  
-3.07778  -1.9054  -1.33017  -0.935466  -0.624874  -0.390647  -0.18495  -0.0483364  0.0483364  0.18495  0.390647  0.624874  0.935466  1.33017  1.9054  3.07778  
-3.195  -2.0534  -1.44232  -1.00201  -0.674562  -0.421297  -0.197793  -0.0512503  0.0512503  0.197793  0.421297  0.674562  1.00201  1.44232  2.0534  3.195  
-3.0861  -1.92469  -1.36665  -0.971203  -0.657829  -0.417546  -0.197955  -0.051722  0.051722  0.197955  0.417546  0.657829  0.971203  1.36665  1.92469  3.0861  
-3.09229  -1.9924  -1.43179  -1.00926  -0.680416  -0.42592  -0.199906  -0.0525625  0.0525625  0.199906  0.42592  0.680416  1.00926  1.43179  1.9924  3.09229  
-3.08881  -1.99328  -1.43291  -1.01045  -0.681365  -0.427095  -0.200266  -0.0530267  0.0530267  0.200266  0.427095  0.681365  1.01045  1.43291  1.99328  3.08881  
-3.091  -2.00081  -1.43833  -1.01434  -0.683695  -0.428215  -0.200412  -0.0534081  0.0534081  0.200412  0.428215  0.683695  1.01434  1.43833  2.00081  3.091  
-3.08989  -2.00041  -1.43838  -1.01462  -0.684171  -0.428898  -0.200079  -0.0535827  0.0535827  0.200079  0.428898  0.684171  1.01462  1.43838  2.00041  3.08989  
-3.09104  -2.00659  -1.44309  -1.0177  -0.685976  -0.430376  -0.200399  -0.054045  0.054045  0.200399  0.430376  0.685976  1.0177  1.44309  2.00659  3.09104  
-3.09111  -2.01063  -1.44629  -1.01959  -0.687341  -0.431789  -0.200881  -0.0547282  0.0547282  0.200881  0.431789  0.687341  1.01959  1.44629  2.01063  3.09111  
-3.09227  -2.01759  -1.45187  -1.02533  -0.694615  -0.437598  -0.203484  -0.0560295  0.0560295  0.203484  0.437598  0.694615  1.02533  1.45187  2.01759  3.09227  
-3.09914  -2.0232  -1.45507  -1.02899  -0.697486  -0.440451  -0.204843  -0.0570265  0.0570265  0.204843  0.440451  0.697486  1.02899  1.45507  2.0232  3.09914  
-3.10053  -2.03213  -1.46287  -1.03422  -0.700348  -0.443802  -0.206603  -0.0580849  0.0580849  0.206603  0.443802  0.700348  1.03422  1.46287  2.03213  3.10053  
-3.11041  -2.04583  -1.47031  -1.03652  -0.702536  -0.447486  -0.20845  -0.0594232  0.0594232  0.20845  0.447486  0.702536  1.03652  1.47031  2.04583  3.11041  
-3.11657  -2.05312  -1.47547  -1.04094  -0.705522  -0.449457  -0.208406  -0.0599968  0.0599968  0.208406  0.449457  0.705522  1.04094  1.47547  2.05312  3.11657  
-3.13193  -2.07145  -1.48694  -1.0474  -0.711444  -0.456792  -0.211832  -0.0618118  0.0618118  0.211832  0.456792  0.711444  1.0474  1.48694  2.07145  3.13193  
-3.14742  -2.08202  -1.48546  -1.04653  -0.713329  -0.461168  -0.214451  -0.0636097  0.0636097  0.214451  0.461168  0.713329  1.04653  1.48546  2.08202  3.14742  
-3.19091  -2.15649  -1.57386  -1.12294  -0.762587  -0.491395  -0.226655  -0.0699996  0.0699996  0.226655  0.491395  0.762587  1.12294  1.57386  2.15649  3.19091  
-3.19854  -2.16726  -1.58354  -1.12946  -0.767797  -0.4979  -0.229337  -0.0719656  0.0719656  0.229337  0.4979  0.767797  1.12946  1.58354  2.16726  3.19854  
-3.24855  -2.22901  -1.65535  -1.20999  -0.856318  -0.556552  -0.260223  -0.0827496  0.0827496  0.260223  0.556552  0.856318  1.20999  1.65535  2.22901  3.24855  
-3.31253  -2.28797  -1.6887  -1.22446  -0.862007  -0.560348  -0.259784  -0.0847853  0.0847853  0.259784  0.560348  0.862007  1.22446  1.6887  2.28797  3.31253  
-3.36856  -2.34501  -1.72725  -1.25193  -0.887218  -0.574932  -0.265462  -0.0885444  0.0885444  0.265462  0.574932  0.887218  1.25193  1.72725  2.34501  3.36856  
-3.42297  -2.41655  -1.79983  -1.3208  -0.943917  -0.60063  -0.271533  -0.0930583  0.0930583  0.271533  0.60063  0.943917  1.3208  1.79983  2.41655  3.42297  
-3.59383  -2.51502  -1.84401  -1.34904  -0.964767  -0.610789  -0.27106  -0.0959108  0.0959108  0.27106  0.610789  0.964767  1.34904  1.84401  2.51502  3.59383  
-3.78726  -2.71317  -2.02713  -1.50984  -1.11206  -0.744174  -0.476291  -0.154716  0.154716  0.476291  0.744174  1.11206  1.50984  2.02713  2.71317  3.78726  
-3.87768  -2.75979  -2.05126  -1.5229  -1.12133  -0.756957  -0.49391  -0.165063  0.165063  0.49391  0.756957  1.12133  1.5229  2.05126  2.75979  3.87768  
-3.94943  -2.80179  -2.0718  -1.53554  -1.13285  -0.765834  -0.511453  -0.173676  0.173676  0.511453  0.765834  1.13285  1.53554  2.0718  2.80179  3.94943  
-4.03388  -2.83996  -2.09499  -1.55369  -1.15592  -0.855951  -0.586536  -0.18534  0.18534  0.586536  0.855951  1.15592  1.55369  2.09499  2.83996  4.03388  
-4.11086  -2.8845  -2.12048  -1.55618  -1.13099  -0.757628  -0.519494  -0.187597  0.187597  0.519494  0.757628  1.13099  1.55618  2.12048  2.8845  4.11086  
-4.16655  -2.91759  -2.14644  -1.57156  -1.15187  -0.8812  -0.613259  -0.198509  0.198509  0.613259  0.8812  1.15187  1.57156  2.14644  2.91759  4.16655  
-5.09963  -3.74657  -2.88038  -2.16298  -1.5732  -1.07479  -0.648388  -0.207312  0.207312  0.648388  1.07479  1.5732  2.16298  2.88038  3.74657  5.09963  
-5.16357  -3.778  -2.89966  -2.18197  -1.58963  -1.08519  -0.652842  -0.211006  0.211006  0.652842  1.08519  1.58963  2.18197  2.89966  3.778  5.16357  
-5.22854  -3.81972  -2.93313  -2.20964  -1.60961  -1.10181  -0.660482  -0.215341  0.215341  0.660482  1.10181  1.60961  2.20964  2.93313  3.81972  5.22854  
-5.27257  -3.8427  -2.94569  -2.22233  -1.62114  -1.10064  -0.653542  -0.217529  0.217529  0.653542  1.10064  1.62114  2.22233  2.94569  3.8427  5.27257  
-5.3081  -3.81744  -2.92343  -2.23226  -1.63068  -1.11007  -0.657606  -0.218943  0.218943  0.657606  1.11007  1.63068  2.23226  2.92343  3.81744  5.3081  
-5.35042  -3.85574  -2.91824  -2.23894  -1.64694  -1.12422  -0.662705  -0.222174  0.222174  0.662705  1.12422  1.64694  2.23894  2.91824  3.85574  5.35042  
-5.51904  -3.90633  -2.96837  -2.23866  -1.64067  -1.09881  -0.578811  -0.117418  0.117418  0.578811  1.09881  1.64067  2.23866  2.96837  3.90633  5.51904  
-5.53237  -3.89394  -2.93212  -2.21801  -1.63852  -1.12425  -0.651684  -0.207959  0.207959  0.651684  1.12425  1.63852  2.21801  2.93212  3.89394  5.53237  
-5.54793  -3.89503  -2.93327  -2.21978  -1.63811  -1.12555  -0.656181  -0.214682  0.214682  0.656181  1.12555  1.63811  2.21978  2.93327  3.89503  5.54793  
-5.57113  -3.90351  -2.93716  -2.22185  -1.63612  -1.11963  -0.650434  -0.213047  0.213047  0.650434  1.11963  1.63612  2.22185  2.93716  3.90351  5.57113  
-5.59708  -3.91451  -2.94259  -2.2254  -1.63833  -1.12702  -0.660604  -0.217384  0.217384  0.660604  1.12702  1.63833  2.2254  2.94259  3.91451  5.59708  
-5.62177  -3.92819  -2.94994  -2.22916  -1.64173  -1.12956  -0.662022  -0.21813  0.21813  0.662022  1.12956  1.64173  2.22916  2.94994  3.92819  5.62177  
-5.6439  -3.9394  -2.95924  -2.23894  -1.64903  -1.13277  -0.662585  -0.218155  0.218155  0.662585  1.13277  1.64903  2.23894  2.95924  3.9394  5.6439  
-5.66294  -3.94887  -2.96913  -2.2475  -1.65435  -1.13682  -0.665808  -0.219633  0.219633  0.665808  1.13682  1.65435  2.2475  2.96913  3.94887  5.66294  
-5.68298  -3.96025  -2.97692  -2.25375  -1.6596  -1.14289  -0.67216  -0.222255  0.222255  0.67216  1.14289  1.6596  2.25375  2.97692  3.96025  5.68298  
-5.69932  -3.96689  -2.97911  -2.25201  -1.65862  -1.1433  -0.671439  -0.221759  0.221759  0.671439  1.1433  1.65862  2.25201  2.97911  3.96689  5.69932  
-5.7206  -3.97845  -2.98747  -2.25936  -1.66364  -1.14705  -0.675409  -0.223696  0.223696  0.675409  1.14705  1.66364  2.25936  2.98747  3.97845  5.7206  
-5.73281  -3.98321  -2.98924  -2.25966  -1.66485  -1.14958  -0.676803  -0.223607  0.223607  0.676803  1.14958  1.66485  2.25966  2.98924  3.98321  5.73281  
-5.74833  -3.98972  -2.99357  -2.26352  -1.66574  -1.14672  -0.673613  -0.222534  0.222534  0.673613  1.14672  1.66574  2.26352  2.99357  3.98972  5.74833  
-5.76627  -3.99891  -2.99688  -2.26559  -1.66901  -1.15023  -0.676904  -0.223976  0.223976  0.676904  1.15023  1.66901  2.26559  2.99688  3.99891  5.76627  
-5.78091  -4.00633  -3.0049  -2.27201  -1.67275  -1.15201  -0.676141  -0.223094  0.223094  0.676141  1.15201  1.67275  2.27201  3.0049  4.00633  5.78091  
-5.79728  -4.01375  -3.00712  -2.27361  -1.67508  -1.15505  -0.679331  -0.224151  0.224151  0.679331  1.15505  1.67508  2.27361  3.00712  4.01375  5.79728  
-5.83368  -4.03951  -3.02165  -2.28182  -1.68094  -1.15915  -0.680747  -0.224008  0.224008  0.680747  1.15915  1.68094  2.28182  3.02165  4.03951  5.83368  
-5.84668  -4.04765  -3.0295  -2.28704  -1.68405  -1.16051  -0.682596  -0.225703  0.225703  0.682596  1.16051  1.68405  2.28704  3.0295  4.04765  5.84668  
-5.8621  -4.05178  -3.02802  -2.28707  -1.68592  -1.16217  -0.683481  -0.225624  0.225624  0.683481  1.16217  1.68592  2.28707  3.02802  4.05178  5.8621  
-5.88313  -4.06178  -3.0358  -2.29422  -1.69057  -1.16514  -0.684077  -0.225083  0.225083  0.684077  1.16514  1.69057  2.29422  3.0358  4.06178  5.88313  
-5.90103  -4.06896  -3.03827  -2.29273  -1.68868  -1.16422  -0.681953  -0.223621  0.223621  0.681953  1.16422  1.68868  2.29273  3.03827  4.06896  5.90103  
-5.9255  -4.0844  -3.04767  -2.2978  -1.68987  -1.16375  -0.682561  -0.223973  0.223973  0.682561  1.16375  1.68987  2.2978  3.04767  4.0844  5.9255  
-5.9489  -4.09365  -3.05154  -2.30032  -1.69241  -1.16456  -0.68325  -0.225217  0.225217  0.68325  1.16456  1.69241  2.30032  3.05154  4.09365  5.9489  
-5.97305  -4.10566  -3.05718  -2.30376  -1.69787  -1.17095  -0.686983  -0.225928  0.225928  0.686983  1.17095  1.69787  2.30376  3.05718  4.10566  5.97305  
-6.00831  -4.12501  -3.0706  -2.31207  -1.70073  -1.17327  -0.690654  -0.228063  0.228063  0.690654  1.17327  1.70073  2.31207  3.0706  4.12501  6.00831  
-6.03555  -4.13638  -3.07761  -2.31993  -1.71017  -1.18153  -0.695879  -0.229796  0.229796  0.695879  1.18153  1.71017  2.31993  3.07761  4.13638  6.03555  
-6.07777  -4.16197  -3.09547  -2.33249  -1.71843  -1.18675  -0.698978  -0.230848  0.230848  0.698978  1.18675  1.71843  2.33249  3.09547  4.16197  6.07777  
-6.12964  -4.19101  -3.11222  -2.33918  -1.71891  -1.18619  -0.698323  -0.230659  0.230659  0.698323  1.18619  1.71891  2.33918  3.11222  4.19101  6.12964  
-6.17787  -4.21754  -3.13268  -2.35877  -1.7369  -1.1996  -0.705857  -0.232867  0.232867  0.705857  1.1996  1.7369  2.35877  3.13268  4.21754  6.17787  
-6.23738  -4.25328  -3.16065  -2.37989  -1.75076  -1.20794  -0.708921  -0.232947  0.232947  0.708921  1.20794  1.75076  2.37989  3.16065  4.25328  6.23738  
-6.86209  -4.89625  -3.68938  -2.78796  -2.03984  -1.38391  -0.797276  -0.260023  0.260023  0.797276  1.38391  2.03984  2.78796  3.68938  4.89625  6.86209  
-6.94124  -4.92643  -3.70321  -2.79532  -2.04499  -1.38653  -0.798014  -0.260356  0.260356  0.798014  1.38653  2.04499  2.79532  3.70321  4.92643  6.94124  
-7.05177  -4.98886  -3.75091  -2.83859  -2.08758  -1.42365  -0.822454  -0.268474  0.268474  0.822454  1.42365  2.08758  2.83859  3.75091  4.98886  7.05177  
-7.15502  -5.02946  -3.77371  -2.85455  -2.10058  -1.43453  -0.830765  -0.271913  0.271913  0.830765  1.43453  2.10058  2.85455  3.77371  5.02946  7.15502  
-7.28984  -5.08388  -3.79787  -2.86455  -2.10491  -1.43553  -0.828965  -0.270509  0.270509  0.828965  1.43553  2.10491  2.86455  3.79787  5.08388  7.28984  
-7.44479  -5.14612  -3.83382  -2.88857  -2.12417  -1.45514  -0.843278  -0.274809  0.274809  0.843278  1.45514  2.12417  2.88857  3.83382  5.14612  7.44479  
-7.63694  -5.22556  -3.87492  -2.91282  -2.13917  -1.46211  -0.846058  -0.275564  0.275564  0.846058  1.46211  2.13917  2.91282  3.87492  5.22556  7.63694  
-7.87716  -5.32749  -3.93678  -2.95723  -2.17245  -1.49001  -0.867455  -0.283735  0.283735  0.867455  1.49001  2.17245  2.95723  3.93678  5.32749  7.87716  
-8.16452  -5.44542  -4.00185  -2.99491  -2.1978  -1.51104  -0.884354  -0.291372  0.291372  0.884354  1.51104  2.1978  2.99491  4.00185  5.44542  8.16452  
-8.4686  -5.55749  -4.06168  -3.03287  -2.22095  -1.52362  -0.890111  -0.292244  0.292244  0.890111  1.52362  2.22095  3.03287  4.06168  5.55749  8.4686  
-8.83393  -5.70887  -4.15312  -3.09082  -2.25736  -1.54495  -0.901217  -0.296226  0.296226  0.901217  1.54495  2.25736  3.09082  4.15312  5.70887  8.83393  
-9.20538  -5.85541  -4.23848  -3.1424  -2.28641  -1.55901  -0.904332  -0.294988  0.294988  0.904332  1.55901  2.28641  3.1424  4.23848  5.85541  9.20538  
-9.59673  -6.02314  -4.35173  -3.22179  -2.33688  -1.58964  -0.92139  -0.299739  0.299739  0.92139  1.58964  2.33688  3.22179  4.35173  6.02314  9.59673  
-9.98668  -6.19625  -4.46967  -3.30286  -2.39358  -1.63182  -0.951296  -0.312207  0.312207  0.951296  1.63182  2.39358  3.30286  4.46967  6.19625  9.98668  
-10.3381  -6.30385  -4.52124  -3.33147  -2.41434  -1.64632  -0.959503  -0.315259  0.315259  0.959503  1.64632  2.41434  3.33147  4.52124  6.30385  10.3381  
-10.7329  -6.49151  -4.65777  -3.43506  -2.48877  -1.69139  -0.981465  -0.322113  0.322113  0.981465  1.69139  2.48877  3.43506  4.65777  6.49151  10.7329  
-11.0814  -6.62132  -4.73128  -3.47866  -2.51559  -1.70888  -0.992564  -0.325581  0.325581  0.992564  1.70888  2.51559  3.47866  4.73128  6.62132  11.0814  
-11.441  -6.73925  -4.79591  -3.52084  -2.54016  -1.72154  -0.998064  -0.326459  0.326459  0.998064  1.72154  2.54016  3.52084  4.79591  6.73925  11.441  
-11.9658  -7.01212  -5.00361  -3.67913  -2.65387  -1.79288  -1.04022  -0.342254  0.342254  1.04022  1.79288  2.65387  3.67913  5.00361  7.01212  11.9658  
-12.5587  -7.27297  -5.17963  -3.80443  -2.74377  -1.86381  -1.08547  -0.355312  0.355312  1.08547  1.86381  2.74377  3.80443  5.17963  7.27297  12.5587  
