32  20  
-3.24068  -2.72756  -2.66661  -2.25706  -1.88701  -1.60684  -1.51959  -1.21602  -0.93634  -0.752088  -0.668616  -0.460245  -0.280208  -0.270999  -0.133945  -0.0344144  0.0344144  0.133945  0.270999  0.280208  0.460245  0.668616  0.752088  0.93634  1.21602  1.51959  1.60684  1.88701  2.25706  2.66661  2.72756  3.24068  
-3.51426  -2.97786  -2.90476  -2.47613  -2.09938  -1.79569  -1.70425  -1.37526  -1.07563  -0.882737  -0.786699  -0.552976  -0.346008  -0.336717  -0.172742  -0.0462801  0.0462801  0.172742  0.336717  0.346008  0.552976  0.786699  0.882737  1.07563  1.37526  1.70425  1.79569  2.09938  2.47613  2.90476  2.97786  3.51426  
-3.74273  -3.16061  -3.08365  -2.6306  -2.22906  -1.93486  -1.8318  -1.49419  -1.18472  -1.16801  -0.890563  -0.636988  -0.409451  -0.399948  -0.209736  -0.0590618  0.0590618  0.209736  0.399948  0.409451  0.636988  0.890563  1.16801  1.18472  1.49419  1.8318  1.93486  2.22906  2.6306  3.08365  3.16061  3.74273  
-3.88713  -3.29231  -3.20681  -2.75708  -2.34854  -2.04184  -1.93366  -1.57845  -1.2483  -1.23214  -0.943945  -0.673635  -0.431877  -0.422729  -0.221589  -0.0618022  0.0618022  0.221589  0.422729  0.431877  0.673635  0.943945  1.23214  1.2483  1.57845  1.93366  2.04184  2.34854  2.75708  3.20681  3.29231  3.88713  
-4.00696  -3.39474  -3.30218  -2.83439  -2.41835  -2.11282  -2.00159  -1.64682  -1.30902  -1.29333  -0.987536  -0.699573  -0.451414  -0.44259  -0.236973  -0.0664303  0.0664303  0.236973  0.44259  0.451414  0.699573  0.987536  1.29333  1.30902  1.64682  2.00159  2.11282  2.41835  2.83439  3.30218  3.39474  4.00696  
-4.16103  -3.50238  -3.41086  -2.92261  -2.49114  -2.17844  -2.06159  -1.69203  -1.35902  -1.34384  -1.03416  -0.732701  -0.475466  -0.466861  -0.251741  -0.072339  0.072339  0.251741  0.466861  0.475466  0.732701  1.03416  1.34384  1.35902  1.69203  2.06159  2.17844  2.49114  2.92261  3.41086  3.50238  4.16103  
-4.8065  -4.07593  -3.50292  -3.01591  -2.58422  -2.2688  -2.14767  -1.77218  -1.42889  -1.41408  -1.0958  -0.792275  -0.521688  -0.513066  -0.280795  -0.0829943  0.0829943  0.280795  0.513066  0.521688  0.792275  1.0958  1.41408  1.42889  1.77218  2.14767  2.2688  2.58422  3.01591  3.50292  4.07593  4.8065  
-4.96253  -4.23921  -4.15856  -3.59295  -3.09566  -2.75416  -2.6276  -2.20912  -1.81714  -1.46105  -1.13024  -0.828098  -0.545798  -0.537442  -0.291299  -0.0860051  0.0860051  0.291299  0.537442  0.545798  0.828098  1.13024  1.46105  1.81714  2.20912  2.6276  2.75416  3.09566  3.59295  4.15856  4.23921  4.96253  
-5.09218  -4.35567  -4.26887  -3.68065  -3.17115  -2.83167  -2.70064  -2.27895  -1.8801  -1.51917  -1.18311  -0.879083  -0.594227  -0.585973  -0.323987  -0.0963452  0.0963452  0.323987  0.585973  0.594227  0.879083  1.18311  1.51917  1.8801  2.27895  2.70064  2.83167  3.17115  3.68065  4.26887  4.35567  5.09218  
-5.24829  -4.49866  -4.40594  -3.79513  -3.27332  -2.93057  -2.79622  -2.37965  -1.96168  -1.57484  -1.22673  -0.905174  -0.608615  -0.600839  -0.327194  -0.0938254  0.0938254  0.327194  0.600839  0.608615  0.905174  1.22673  1.57484  1.96168  2.37965  2.79622  2.93057  3.27332  3.79513  4.40594  4.49866  5.24829  
-5.39128  -4.5881  -4.4904  -3.87212  -3.34552  -3.01188  -2.86909  -2.43872  -2.01264  -1.99874  -1.62325  -1.27637  -0.941433  -0.628634  -0.349524  -0.106179  0.106179  0.349524  0.628634  0.941433  1.27637  1.62325  1.99874  2.01264  2.43872  2.86909  3.01188  3.34552  3.87212  4.4904  4.5881  5.39128  
-5.55839  -4.77106  -4.65682  -4.02992  -3.47048  -3.12197  -2.96653  -2.53049  -2.11239  -2.09935  -1.71091  -1.34544  -0.997786  -0.668277  -0.373353  -0.115241  0.115241  0.373353  0.668277  0.997786  1.34544  1.71091  2.09935  2.11239  2.53049  2.96653  3.12197  3.47048  4.02992  4.65682  4.77106  5.55839  
-5.81679  -4.95762  -4.83165  -4.16981  -3.6016  -3.24876  -3.08817  -2.62685  -2.19171  -2.17989  -1.78222  -1.40667  -1.04144  -0.701652  -0.394992  -0.11999  0.11999  0.394992  0.701652  1.04144  1.40667  1.78222  2.17989  2.19171  2.62685  3.08817  3.24876  3.6016  4.16981  4.83165  4.95762  5.81679  
-6.92935  -5.93116  -5.12787  -4.42992  -3.84771  -3.47598  -3.31051  -2.81325  -2.35316  -2.34279  -1.92943  -1.53156  -1.13589  -0.77179  -0.446576  -0.141208  0.141208  0.446576  0.77179  1.13589  1.53156  1.92943  2.34279  2.35316  2.81325  3.31051  3.47598  3.84771  4.42992  5.12787  5.93116  6.92935  
-7.48404  -6.46591  -6.32037  -5.45097  -4.70484  -4.07994  -3.55259  -3.04732  -2.54261  -2.53429  -2.08617  -1.67312  -1.2656  -0.888886  -0.547427  -0.185594  0.185594  0.547427  0.888886  1.2656  1.67312  2.08617  2.53429  2.54261  3.04732  3.55259  4.07994  4.70484  5.45097  6.32037  6.46591  7.48404  
-9.48039  -8.01682  -6.90673  -5.95711  -5.13486  -4.46305  -3.85876  -3.2697  -2.72884  -2.72335  -2.22431  -1.75573  -1.3226  -0.930099  -0.547146  -0.176078  0.176078  0.547146  0.930099  1.3226  1.75573  2.22431  2.72335  2.72884  3.2697  3.85876  4.46305  5.13486  5.95711  6.90673  8.01682  9.48039  
-10.8784  -9.12836  -7.8131  -6.71702  -5.78767  -5.0039  -4.32565  -3.69424  -3.0976  -3.09486  -2.53799  -2.00449  -1.4787  -0.991265  -0.595657  -0.208573  0.208573  0.595657  0.991265  1.4787  2.00449  2.53799  3.09486  3.0976  3.69424  4.32565  5.0039  5.78767  6.71702  7.8131  9.12836  10.8784  
-36.519  -12.697  -10.162  -8.62295  -7.39622  -6.31932  -5.40116  -4.65623  -3.971  -3.30628  -2.67691  -2.11861  -1.63755  -1.14591  -0.645405  -0.198068  0.198068  0.645405  1.14591  1.63755  2.11861  2.67691  3.30628  3.971  4.65623  5.40116  6.31932  7.39622  8.62295  10.162  12.697  36.519  
-17.5385  -13.5817  -11.0167  -9.26717  -7.91351  -6.75793  -5.82394  -5.00635  -4.1381  -3.35532  -2.70309  -2.12706  -1.62251  -1.11689  -0.672242  -0.213399  0.213399  0.672242  1.11689  1.62251  2.12706  2.70309  3.35532  4.1381  5.00635  5.82394  6.75793  7.91351  9.26717  11.0167  13.5817  17.5385  
-36.5343  -36.519  -36.5035  -13.2883  -8.5448  -8.54431  -7.24026  -6.17418  -5.33101  -4.51981  -3.70511  -3.00397  -2.37538  -1.54763  -0.790457  -0.258028  0.258028  0.790457  1.54763  2.37538  3.00397  3.70511  4.51981  5.33101  6.17418  7.24026  8.54431  8.5448  13.2883  36.5035  36.519  36.5343  


-10.4192  -8.02591  -6.71158  -5.75151  -4.97026  -4.29969  -3.73218  -3.23781  -2.76672  -2.31905  -1.91394  -1.5349  -1.17528  -0.825422  -0.489218  -0.160722  0.160722  0.489218  0.825422  1.17528  1.5349  1.91394  2.31905  2.76672  3.23781  3.73218  4.29969  4.97026  5.75151  6.71158  8.02591  10.4192  
-10.6845  -8.24519  -6.90729  -5.9034  -5.09915  -4.41338  -3.81662  -3.29787  -2.82403  -2.37775  -1.96777  -1.58299  -1.22459  -0.868709  -0.516633  -0.174639  0.174639  0.516633  0.868709  1.22459  1.58299  1.96777  2.37775  2.82403  3.29787  3.81662  4.41338  5.09915  5.9034  6.90729  8.24519  10.6845  
-10.9715  -8.42742  -7.03951  -6.01657  -5.17748  -4.47565  -3.88764  -3.36865  -2.87699  -2.41393  -1.98477  -1.59308  -1.22221  -0.856835  -0.503542  -0.165195  0.165195  0.503542  0.856835  1.22221  1.59308  1.98477  2.41393  2.87699  3.36865  3.88764  4.47565  5.17748  6.01657  7.03951  8.42742  10.9715  
-11.2059  -8.60023  -7.14722  -6.08848  -5.23793  -4.52079  -3.91661  -3.38923  -2.89882  -2.44042  -2.009  -1.60097  -1.21451  -0.848798  -0.503294  -0.163611  0.163611  0.503294  0.848798  1.21451  1.60097  2.009  2.44042  2.89882  3.38923  3.91661  4.52079  5.23793  6.08848  7.14722  8.60023  11.2059  
-11.4019  -8.69562  -7.22703  -6.16101  -5.31956  -4.59576  -3.96489  -3.42218  -2.91905  -2.44611  -2.023  -1.61896  -1.22085  -0.852513  -0.504484  -0.166018  0.166018  0.504484  0.852513  1.22085  1.61896  2.023  2.44611  2.91905  3.42218  3.96489  4.59576  5.31956  6.16101  7.22703  8.69562  11.4019  
-11.6198  -8.82909  -7.30256  -6.20899  -5.346  -4.62357  -4.01916  -3.48275  -2.97273  -2.49728  -2.06637  -1.65703  -1.26429  -0.88959  -0.530255  -0.178152  0.178152  0.530255  0.88959  1.26429  1.65703  2.06637  2.49728  2.97273  3.48275  4.01916  4.62357  5.346  6.20899  7.30256  8.82909  11.6198  
-11.8284  -8.93411  -7.3771  -6.28118  -5.40449  -4.67375  -4.05349  -3.50509  -2.98485  -2.50484  -2.07058  -1.66031  -1.27605  -0.894282  -0.525152  -0.174376  0.174376  0.525152  0.894282  1.27605  1.66031  2.07058  2.50484  2.98485  3.50509  4.05349  4.67375  5.40449  6.28118  7.3771  8.93411  11.8284  
-12.008  -9.05572  -7.48683  -6.36421  -5.47265  -4.72335  -4.0872  -3.53792  -3.01776  -2.53379  -2.09773  -1.68605  -1.30563  -0.930371  -0.553214  -0.183872  0.183872  0.553214  0.930371  1.30563  1.68605  2.09773  2.53379  3.01776  3.53792  4.0872  4.72335  5.47265  6.36421  7.48683  9.05572  12.008  
-12.2441  -9.19645  -7.58317  -6.45276  -5.5671  -4.79872  -4.14813  -3.59466  -3.08255  -2.58287  -2.11856  -1.69735  -1.30147  -0.918283  -0.53525  -0.169544  0.169544  0.53525  0.918283  1.30147  1.69735  2.11856  2.58287  3.08255  3.59466  4.14813  4.79872  5.5671  6.45276  7.58317  9.19645  12.2441  
-12.4647  -9.30337  -7.6537  -6.51339  -5.59812  -4.81437  -4.16635  -3.61549  -3.09303  -2.58135  -2.12452  -1.71105  -1.30587  -0.91458  -0.54244  -0.179851  0.179851  0.54244  0.91458  1.30587  1.71105  2.12452  2.58135  3.09303  3.61549  4.16635  4.81437  5.59812  6.51339  7.6537  9.30337  12.4647  
-12.6978  -9.43992  -7.75076  -6.58215  -5.69323  -4.9183  -4.2374  -3.65602  -3.13004  -2.63419  -2.16999  -1.74045  -1.32858  -0.927212  -0.547569  -0.182344  0.182344  0.547569  0.927212  1.32858  1.74045  2.16999  2.63419  3.13004  3.65602  4.2374  4.9183  5.69323  6.58215  7.75076  9.43992  12.6978  
-13.0338  -9.66075  -7.95427  -6.75247  -5.79568  -4.97852  -4.29275  -3.7073  -3.15953  -2.65076  -2.18335  -1.75062  -1.32762  -0.924383  -0.544779  -0.176267  0.176267  0.544779  0.924383  1.32762  1.75062  2.18335  2.65076  3.15953  3.7073  4.29275  4.97852  5.79568  6.75247  7.95427  9.66075  13.0338  
-13.498  -9.95842  -8.19066  -6.95588  -5.98014  -5.14807  -4.45446  -3.8507  -3.27027  -2.74278  -2.26766  -1.81977  -1.37362  -0.956352  -0.57253  -0.190228  0.190228  0.57253  0.956352  1.37362  1.81977  2.26766  2.74278  3.27027  3.8507  4.45446  5.14807  5.98014  6.95588  8.19066  9.95842  13.498  
-14.0935  -10.3221  -8.49075  -7.208  -6.16385  -5.28518  -4.56683  -3.96897  -3.40489  -2.84153  -2.34126  -1.88928  -1.44374  -1.02922  -0.647212  -0.227243  0.227243  0.647212  1.02922  1.44374  1.88928  2.34126  2.84153  3.40489  3.96897  4.56683  5.28518  6.16385  7.208  8.49075  10.3221  14.0935  
-15.0132  -10.8928  -8.92758  -7.56462  -6.47456  -5.5434  -4.79571  -4.13602  -3.4977  -2.91571  -2.37987  -1.88426  -1.42671  -1.01121  -0.602266  -0.19751  0.19751  0.602266  1.01121  1.42671  1.88426  2.37987  2.91571  3.4977  4.13602  4.79571  5.5434  6.47456  7.56462  8.92758  10.8928  15.0132  
-16.562  -11.8033  -9.70546  -8.21094  -7.00977  -6.00953  -5.17682  -4.46402  -3.80604  -3.18634  -2.61094  -2.06285  -1.52465  -1.0252  -0.618881  -0.218318  0.218318  0.618881  1.0252  1.52465  2.06285  2.61094  3.18634  3.80604  4.46402  5.17682  6.00953  7.00977  8.21094  9.70546  11.8033  16.562  
-40  -16.1742  -10.4093  -8.78113  -7.50851  -6.40065  -5.46124  -4.70282  -4.00756  -3.33491  -2.69935  -2.1363  -1.65171  -1.1567  -0.652405  -0.20065  0.20065  0.652405  1.1567  1.65171  2.1363  2.69935  3.33491  4.00756  4.70282  5.46124  6.40065  7.50851  8.78113  10.4093  16.1742  40  
-21.0157  -13.8156  -11.1216  -9.3267  -7.95334  -6.78494  -5.84358  -5.021  -4.14884  -3.36308  -2.70907  -2.13169  -1.62616  -1.11958  -0.674091  -0.214101  0.214101  0.674091  1.11958  1.62616  2.13169  2.70907  3.36308  4.14884  5.021  5.84358  6.78494  7.95334  9.3267  11.1216  13.8156  21.0157  
-40  -40  -40  -16.7656  -8.56005  -7.25  -6.18065  -5.3357  -4.52325  -3.70756  -3.00579  -2.37676  -1.8799  -1.3499  -0.791004  -0.258244  0.258244  0.791004  1.3499  1.8799  2.37676  3.00579  3.70756  4.52325  5.3357  6.18065  7.25  8.56005  16.7656  40  40  40  
-40  -40  -40  -17.5156  -9.0479  -7.61199  -6.48682  -5.50626  -4.73973  -3.98591  -3.17215  -2.46117  -1.83752  -1.23012  -0.702145  -0.257271  0.257271  0.702145  1.23012  1.83752  2.46117  3.17215  3.98591  4.73973  5.50626  6.48682  7.61199  9.0479  17.5156  40  40  40  
