16  16  
-2.09009  -1.44538  -1.04173  -0.748874  -0.504741  -0.3139  -0.139378  -0.0212834  0.0212834  0.139378  0.3139  0.504741  0.748874  1.04173  1.44538  2.09009  
-0.522881  -0.296334  -0.177105  -0.104079  -0.0571628  -0.0266629  -0.00874352  -0.000250209  0.000250209  0.00874352  0.0266629  0.0571628  0.104079  0.177105  0.296334  0.522881  
-2.04001  -1.38363  -0.978465  -0.689827  -0.46358  -0.280325  -0.121891  -0.00925073  0.00925073  0.121891  0.280325  0.46358  0.689827  0.978465  1.38363  2.04001  
-2.43842  -1.71094  -1.25688  -0.904478  -0.603701  -0.370094  -0.153925  -0.0119033  0.0119033  0.153925  0.370094  0.603701  0.904478  1.25688  1.71094  2.43842  
-2.75986  -1.95691  -1.4167  -0.988594  -0.650642  -0.40005  -0.162915  -0.0135372  0.0135372  0.162915  0.40005  0.650642  0.988594  1.4167  1.95691  2.75986  
-2.82887  -1.97695  -1.44719  -1.05066  -0.702696  -0.443897  -0.186189  -0.0181852  0.0181852  0.186189  0.443897  0.702696  1.05066  1.44719  1.97695  2.82887  
-3.00101  -2.10726  -1.55248  -1.11885  -0.74466  -0.47373  -0.195748  -0.0223879  0.0223879  0.195748  0.47373  0.74466  1.11885  1.55248  2.10726  3.00101  
-3.15168  -2.19955  -1.61279  -1.15211  -0.757423  -0.48377  -0.203678  -0.0279927  0.0279927  0.203678  0.48377  0.757423  1.15211  1.61279  2.19955  3.15168  
-3.30978  -2.27897  -1.63964  -1.17774  -0.784527  -0.505941  -0.219158  -0.0366158  0.0366158  0.219158  0.505941  0.784527  1.17774  1.63964  2.27897  3.30978  
-3.62371  -2.42628  -1.70148  -1.23288  -0.85384  -0.557977  -0.23805  -0.0485176  0.0485176  0.23805  0.557977  0.85384  1.23288  1.70148  2.42628  3.62371  
-4.02605  -2.8838  -2.10928  -1.51314  -1.03262  -0.634554  -0.270373  -0.0680185  0.0680185  0.270373  0.634554  1.03262  1.51314  2.10928  2.8838  4.02605  
-4.22236  -2.97465  -2.16775  -1.57099  -1.09859  -0.694769  -0.339199  -0.121741  0.121741  0.339199  0.694769  1.09859  1.57099  2.16775  2.97465  4.22236  
-4.3405  -3.06014  -2.24884  -1.63684  -1.21189  -0.903809  -0.623088  -0.203006  0.203006  0.623088  0.903809  1.21189  1.63684  2.24884  3.06014  4.3405  
-5.15973  -3.78209  -2.93508  -2.31122  -1.67775  -1.10099  -0.689942  -0.250619  0.250619  0.689942  1.10099  1.67775  2.31122  2.93508  3.78209  5.15973  
-7.01127  -5.22904  -3.85217  -2.65157  -1.7608  -1.14613  -0.688376  -0.265801  0.265801  0.688376  1.14613  1.7608  2.65157  3.85217  5.22904  7.01127  
-8.28397  -5.57306  -4.04221  -3.05562  -2.29229  -1.70018  -1.20995  -0.452089  0.452089  1.20995  1.70018  2.29229  3.05562  4.04221  5.57306  8.28397  

-2.87148  -2.00959  -1.47011  -1.10107  -0.803636  -0.537519  -0.307678  -0.0912622  0.0912622  0.307678  0.537519  0.803636  1.10107  1.47011  2.00959  2.87148  
-5.59082  -3.98813  -3.02248  -2.29679  -1.69861  -1.17443  -0.689528  -0.226888  0.226888  0.689528  1.17443  1.69861  2.29679  3.02248  3.98813  5.59082  
-5.86378  -4.14502  -3.13832  -2.3895  -1.7705  -1.22262  -0.718755  -0.23785  0.23785  0.718755  1.22262  1.7705  2.3895  3.13832  4.14502  5.86378  
-6.249  -4.32552  -3.22219  -2.41972  -1.77167  -1.21177  -0.707729  -0.233348  0.233348  0.707729  1.21177  1.77167  2.41972  3.22219  4.32552  6.249  
-7.02448  -4.96739  -3.73913  -2.82965  -2.08749  -1.43101  -0.830962  -0.273532  0.273532  0.830962  1.43101  2.08749  2.82965  3.73913  4.96739  7.02448  
-7.34289  -5.08868  -3.80015  -2.86176  -2.10144  -1.43647  -0.836399  -0.275881  0.275881  0.836399  1.43647  2.10144  2.86176  3.80015  5.08868  7.34289  
-7.71533  -5.26289  -3.90429  -2.92747  -2.13843  -1.4565  -0.850075  -0.280007  0.280007  0.850075  1.4565  2.13843  2.92747  3.90429  5.26289  7.71533  
-8.12442  -5.47052  -4.05192  -3.04257  -2.23093  -1.53602  -0.899737  -0.293545  0.293545  0.899737  1.53602  2.23093  3.04257  4.05192  5.47052  8.12442  
-8.55059  -5.6627  -4.17131  -3.12125  -2.28395  -1.56972  -0.916653  -0.299453  0.299453  0.916653  1.56972  2.28395  3.12125  4.17131  5.6627  8.55059  
-9.03877  -5.87831  -4.29962  -3.20058  -2.33159  -1.59723  -0.937599  -0.310163  0.310163  0.937599  1.59723  2.33159  3.20058  4.29962  5.87831  9.03877  
-9.63187  -6.12426  -4.44685  -3.30001  -2.40256  -1.63993  -0.956135  -0.315095  0.315095  0.956135  1.63993  2.40256  3.30001  4.44685  6.12426  9.63187  
-10.4674  -6.52636  -4.72121  -3.48696  -2.52798  -1.72607  -0.999902  -0.326019  0.326019  0.999902  1.72607  2.52798  3.48696  4.72121  6.52636  10.4674  
-11.5193  -6.9445  -4.9928  -3.7091  -2.69919  -1.83347  -1.06788  -0.358292  0.358292  1.06788  1.83347  2.69919  3.7091  4.9928  6.9445  11.5193  
-12.8933  -7.42526  -5.29417  -3.90258  -2.83437  -1.91972  -1.11491  -0.381922  0.381922  1.11491  1.91972  2.83437  3.90258  5.29417  7.42526  12.8933  
-14.4031  -8.07351  -5.81123  -4.34963  -3.26302  -2.32302  -1.40376  -0.470627  0.470627  1.40376  2.32302  3.26302  4.34963  5.81123  8.07351  14.4031  
-14.9835  -8.05832  -5.76183  -4.26314  -3.12414  -2.17868  -1.2967  -0.421047  0.421047  1.2967  2.17868  3.12414  4.26314  5.76183  8.05832  14.9835  
