16  50  
-2.69576  -1.81046  -1.21452  -0.809916  -0.518279  -0.28567  -0.0910606  
-3.03764  -2.18795  -1.49246  -0.988774  -0.656685  -0.363193  -0.133596  
-3.07899  -2.24979  -1.66524  -1.19339  -0.783147  -0.429643  -0.172399  
-3.15969  -2.27084  -1.71815  -1.25009  -0.857134  -0.543649  -0.269472  
-3.15808  -2.30684  -1.73148  -1.26425  -0.871533  -0.565909  -0.291408  
-3.12881  -2.30939  -1.73645  -1.27135  -0.874268  -0.572475  -0.302576  
-3.65685  -2.54192  -1.79804  -1.28184  -0.876015  -0.573803  -0.307425  
-3.74641  -2.55704  -1.80939  -1.28832  -0.879608  -0.581813  -0.316388  
-3.24513  -2.35712  -1.76877  -1.29075  -0.884601  -0.586442  -0.320658  
-3.17447  -2.3582  -1.7742  -1.30395  -0.963113  -0.697548  -0.368822  
-3.61339  -2.4806  -1.76204  -1.28839  -0.976713  -0.719849  -0.379713  
-3.95522  -3.01944  -2.33294  -1.73878  -1.23457  -0.799332  -0.391082  
-4.04867  -3.07747  -2.35201  -1.75951  -1.24245  -0.798048  -0.390403  
-4.03409  -3.06761  -2.35233  -1.75401  -1.24382  -0.799225  -0.391083  
-4.05537  -3.07752  -2.34614  -1.75772  -1.2446  -0.799149  -0.390058  
-4.05976  -3.06006  -2.34645  -1.75994  -1.24453  -0.800145  -0.391413  
-3.99544  -3.03974  -2.3361  -1.74159  -1.23585  -0.801266  -0.389779  
-4.04065  -3.06539  -2.34362  -1.75042  -1.24329  -0.805219  -0.39272  
-4.04347  -3.06547  -2.34231  -1.75042  -1.24152  -0.80406  -0.392469  
-4.04719  -3.0672  -2.3447  -1.75032  -1.24251  -0.805487  -0.393064  
-4.0485  -3.0676  -2.34504  -1.7498  -1.24311  -0.804371  -0.394779  
-4.0472  -3.0676  -2.34561  -1.74977  -1.24303  -0.805324  -0.392646  
-4.05199  -3.06961  -2.34824  -1.74916  -1.24437  -0.804604  -0.394976  
-4.05259  -3.06981  -2.34842  -1.75084  -1.24405  -0.80486  -0.39285  
-4.04894  -3.06792  -2.34553  -1.75198  -1.24436  -0.804277  -0.392891  
-4.06932  -3.05422  -2.34727  -1.7511  -1.24619  -0.805551  -0.39385  
-4.05452  -3.07016  -2.34836  -1.75023  -1.24372  -0.803975  -0.394939  
-4.05725  -3.07176  -2.35095  -1.75074  -1.24427  -0.805477  -0.393768  
-4.05365  -3.07003  -2.34844  -1.75004  -1.24486  -0.805051  -0.394212  
-4.07108  -3.05605  -2.34845  -1.75154  -1.24432  -0.805639  -0.39448  
-4.05346  -3.06994  -2.34829  -1.75085  -1.2439  -0.804791  -0.392795  
-4.05675  -3.07135  -2.35017  -1.74899  -1.244  -0.805303  -0.393357  
-4.07462  -3.06057  -2.351  -1.75427  -1.24694  -0.806126  -0.394208  
-4.07469  -3.05929  -2.35068  -1.75324  -1.24534  -0.806063  -0.39454  
-4.07263  -3.05723  -2.3495  -1.75369  -1.24682  -0.806941  -0.394078  
-4.07171  -3.05672  -2.34888  -1.75156  -1.24556  -0.805829  -0.394032  
-4.07422  -3.05858  -2.3495  -1.75163  -1.24506  -0.806086  -0.394695  
-4.07548  -3.06091  -2.35175  -1.75502  -1.24498  -0.806274  -0.39537  
-4.07307  -3.0585  -2.34973  -1.75197  -1.24595  -0.806722  -0.394667  
-4.07685  -3.06134  -2.35147  -1.75366  -1.24482  -0.806318  -0.393986  
-4.07248  -3.05764  -2.34933  -1.75197  -1.24467  -0.806568  -0.39491  
-4.07328  -3.05806  -2.34932  -1.75209  -1.24469  -0.807007  -0.395724  
-4.07382  -3.05761  -2.34939  -1.7533  -1.24651  -0.807185  -0.394185  
-4.07397  -3.05761  -2.3488  -1.7513  -1.24573  -0.806642  -0.394733  
-4.07411  -3.05862  -2.35001  -1.75349  -1.24644  -0.806189  -0.395388  
-4.07345  -3.05805  -2.34973  -1.75256  -1.24482  -0.805826  -0.394931  
-4.07449  -3.05962  -2.35088  -1.7541  -1.2467  -0.805575  -0.395642  
-4.07562  -3.06091  -2.35253  -1.75345  -1.24589  -0.807376  -0.395964  
-4.07487  -3.06068  -2.35177  -1.75489  -1.24717  -0.806351  -0.394298  
-4.07457  -3.05947  -2.35051  -1.75411  -1.24696  -0.806484  -0.395583  
-4.46699  -3.21988  -2.43386  -1.82946  -1.31025  -0.834438  -0.382401  
-5.65131  -4.12737  -3.11891  -2.34305  -1.66527  -1.05197  -0.501639  
-5.91709  -4.24778  -3.18373  -2.38639  -1.71951  -1.11283  -0.540488  
-6.15579  -4.36435  -3.25287  -2.43166  -1.74889  -1.13083  -0.550696  
-6.34267  -4.45133  -3.29836  -2.45146  -1.75818  -1.13947  -0.559449  
-6.50747  -4.53337  -3.34694  -2.47883  -1.77151  -1.14179  -0.555703  
-6.66849  -4.63271  -3.41397  -2.52264  -1.79374  -1.15439  -0.56531  
-6.79217  -4.71398  -3.47237  -2.56335  -1.82127  -1.17222  -0.572584  
-6.85271  -4.74204  -3.48425  -2.56816  -1.82382  -1.17265  -0.573729  
-7.08107  -4.95061  -3.66661  -2.71307  -1.93278  -1.24966  -0.614407  
-7.04622  -4.88628  -3.59764  -2.65196  -1.88258  -1.21423  -0.59794  
-7.20352  -5.02596  -3.71721  -2.74815  -1.95562  -1.26013  -0.616851  
-7.19005  -5.00074  -3.69808  -2.73672  -1.94976  -1.25755  -0.615599  
-7.22792  -5.02629  -3.71003  -2.74111  -1.95307  -1.26037  -0.616775  
-7.2412  -5.03025  -3.71036  -2.74021  -1.95057  -1.25721  -0.616791  
-7.14599  -4.92392  -3.61188  -2.64818  -1.86376  -1.19051  -0.576559  
-7.218  -4.99584  -3.67874  -2.70626  -1.91208  -1.22238  -0.597571  
-7.22563  -4.99809  -3.67308  -2.7044  -1.91052  -1.22045  -0.593745  
-7.23488  -5.00235  -3.67658  -2.705  -1.91291  -1.22555  -0.595779  
-7.23865  -5.00335  -3.67652  -2.70051  -1.9096  -1.22309  -0.598534  
-7.2361  -5.00139  -3.67926  -2.704  -1.91189  -1.22132  -0.5936  
-7.24593  -5.00804  -3.68058  -2.70309  -1.90982  -1.22452  -0.598404  
-7.24874  -5.00819  -3.68132  -2.7057  -1.91253  -1.22251  -0.596018  
-7.24082  -5.00289  -3.67826  -2.70373  -1.91298  -1.2235  -0.594438  
-7.27684  -5.03093  -3.69555  -2.71392  -1.91745  -1.2268  -0.599532  
-7.25296  -5.00959  -3.67972  -2.70598  -1.91027  -1.22456  -0.595821  
-7.25847  -5.01406  -3.68328  -2.70557  -1.911  -1.22154  -0.596928  
-7.25049  -5.00878  -3.68065  -2.70403  -1.91155  -1.22065  -0.594338  
-7.27889  -5.03343  -3.69672  -2.7146  -1.91626  -1.22293  -0.598141  
-7.24945  -5.00831  -3.68065  -2.70615  -1.91232  -1.22241  -0.595833  
-7.25823  -5.01245  -3.68196  -2.70174  -1.90921  -1.21937  -0.595816  
-7.28457  -5.03908  -3.70145  -2.71529  -1.91971  -1.22748  -0.598724  
-7.2873  -5.03783  -3.6991  -2.71666  -1.91635  -1.22362  -0.594476  
-7.28193  -5.03501  -3.69732  -2.71704  -1.9199  -1.22795  -0.597212  
-7.28263  -5.03293  -3.69804  -2.71432  -1.91338  -1.22209  -0.59314  
-7.2855  -5.03801  -3.69817  -2.71376  -1.9139  -1.22461  -0.598317  
-7.28704  -5.03997  -3.70225  -2.71808  -1.91871  -1.22638  -0.594852  
-7.28235  -5.03576  -3.69871  -2.71372  -1.91385  -1.22566  -0.594783  
-7.29106  -5.04159  -3.70187  -2.71558  -1.91736  -1.22749  -0.599012  
-7.2823  -5.03402  -3.69828  -2.71344  -1.91569  -1.22447  -0.597279  
-7.28389  -5.03608  -3.69833  -2.71266  -1.91681  -1.22647  -0.598035  
-7.28592  -5.036  -3.69708  -2.71543  -1.91968  -1.22835  -0.595923  
-7.28628  -5.03687  -3.69715  -2.71274  -1.91473  -1.22611  -0.594827  
-7.2847  -5.03722  -3.69824  -2.71596  -1.91872  -1.22579  -0.597407  
-7.28529  -5.03511  -3.6983  -2.71465  -1.91687  -1.22412  -0.597267  
-7.28397  -5.03886  -3.70018  -2.71761  -1.91752  -1.22554  -0.599154  
-7.28884  -5.03911  -3.70275  -2.72144  -1.923  -1.23033  -0.599241  
-7.28577  -5.03862  -3.70154  -2.71784  -1.91804  -1.22933  -0.600849  
-7.28534  -5.03866  -3.69902  -2.71598  -1.91958  -1.22638  -0.595826  
-7.28774  -5.03925  -3.69874  -2.71385  -1.91802  -1.22614  -0.595139  
