16 50  
-0.224646  -0.117826  -0.0679758  -0.0367911  -0.0206198  -0.00860675  -0.00144826  
-0.461472  -0.266246  -0.164705  -0.0960589  -0.0528455  -0.02454  -0.00690312  
-0.729088  -0.441788  -0.283036  -0.171224  -0.101911  -0.0504262  -0.0162423  
-0.997063  -0.625624  -0.41293  -0.259091  -0.159056  -0.0823547  -0.0288707  
-1.22558  -0.786857  -0.532829  -0.341461  -0.215494  -0.114404  -0.0417616  
-1.4085  -0.927368  -0.63872  -0.415769  -0.267738  -0.14615  -0.0551826  
-1.56239  -1.04088  -0.723716  -0.477737  -0.309609  -0.174083  -0.0667455  
-1.68885  -1.12961  -0.792836  -0.528752  -0.345994  -0.19678  -0.0781262  
-1.79227  -1.2101  -0.851488  -0.571974  -0.379279  -0.218903  -0.0883462  
-1.8975  -1.28154  -0.900907  -0.609089  -0.410712  -0.23986  -0.0975949  
-1.95992  -1.33035  -0.937937  -0.637598  -0.433732  -0.25445  -0.105124  
-2.02233  -1.37434  -0.968314  -0.661351  -0.453504  -0.266964  -0.110937  
-2.08004  -1.41367  -0.998975  -0.682109  -0.471902  -0.278965  -0.116806  
-2.1326  -1.45086  -1.02919  -0.701011  -0.488948  -0.289967  -0.119861  
-2.15117  -1.46823  -1.04176  -0.714691  -0.49831  -0.295652  -0.122333  
-2.16747  -1.48371  -1.05524  -0.724679  -0.506943  -0.299579  -0.124154  
-2.18645  -1.49986  -1.06638  -0.73333  -0.512228  -0.304158  -0.125129  
-2.21756  -1.51667  -1.0766  -0.741265  -0.518832  -0.307599  -0.126531  
-2.24579  -1.52731  -1.08573  -0.748287  -0.522602  -0.310462  -0.127816  
-2.24892  -1.53285  -1.09216  -0.752846  -0.527429  -0.312015  -0.128868  
-2.26061  -1.54012  -1.0948  -0.756992  -0.531829  -0.315382  -0.129099  
-2.26411  -1.55069  -1.10505  -0.76307  -0.534698  -0.317399  -0.130208  
-2.25934  -1.55127  -1.10834  -0.766846  -0.538798  -0.31983  -0.131502  
-2.25986  -1.55037  -1.10603  -0.768759  -0.541259  -0.322294  -0.132105  
-2.26694  -1.55493  -1.11104  -0.773065  -0.54236  -0.322889  -0.132943  
-2.26536  -1.55461  -1.11073  -0.772838  -0.543502  -0.324992  -0.133692  
-2.29457  -1.56473  -1.11757  -0.776758  -0.546434  -0.326232  -0.133158  
-2.28881  -1.57105  -1.12113  -0.779203  -0.549048  -0.327127  -0.134009  
-2.29771  -1.57492  -1.1256  -0.78057  -0.550175  -0.327241  -0.133988  
-2.3003  -1.57472  -1.12697  -0.779926  -0.550824  -0.327084  -0.134801  
-2.30072  -1.57761  -1.12644  -0.78212  -0.550507  -0.327077  -0.134092  
-2.29887  -1.57641  -1.12694  -0.784886  -0.554354  -0.329287  -0.135301  
-2.30178  -1.5787  -1.12835  -0.785359  -0.553568  -0.32909  -0.134474  
-2.30184  -1.57906  -1.12755  -0.785147  -0.554403  -0.329413  -0.134988  
-2.30179  -1.58058  -1.12829  -0.786723  -0.555105  -0.329948  -0.135404  
-2.30459  -1.57948  -1.12812  -0.784141  -0.553271  -0.330433  -0.134736  
-2.30652  -1.58016  -1.12739  -0.785936  -0.554276  -0.32915  -0.134629  
-2.30768  -1.58473  -1.13099  -0.786888  -0.555556  -0.330805  -0.135764  
-2.30776  -1.58147  -1.13092  -0.786364  -0.555227  -0.330015  -0.135973  
-2.30589  -1.58154  -1.12959  -0.786853  -0.555471  -0.331057  -0.135465  
-2.3061  -1.58089  -1.12741  -0.785811  -0.553509  -0.330687  -0.135882  
-2.30814  -1.58513  -1.1316  -0.787321  -0.554905  -0.330197  -0.135674  
-2.30696  -1.58258  -1.13002  -0.786688  -0.555439  -0.330733  -0.136055  
-2.30592  -1.58606  -1.13248  -0.788637  -0.556991  -0.33061  -0.135858  
-2.30665  -1.58203  -1.12986  -0.787095  -0.557116  -0.332316  -0.137319  
-2.30659  -1.58198  -1.13001  -0.787109  -0.556026  -0.331867  -0.136533  
-2.307  -1.58469  -1.13157  -0.786665  -0.557117  -0.332576  -0.136792  
-2.30561  -1.58553  -1.13208  -0.788202  -0.556937  -0.331453  -0.135982  
-2.30562  -1.58562  -1.13239  -0.78823  -0.557526  -0.331778  -0.136534  
-2.30825  -1.58587  -1.13231  -0.788152  -0.555874  -0.331382  -0.136941  
-5.39134  -3.80042  -2.96165  -2.06366  -1.70233  -1.08409  -0.648647  
-5.54612  -3.91421  -2.97585  -2.17016  -1.57544  -0.974976  -0.45568  
-5.81719  -4.11368  -3.08435  -2.28421  -1.65649  -1.06247  -0.516673  
-6.0683  -4.282  -3.16988  -2.37591  -1.70345  -1.09112  -0.528106  
-6.26395  -4.414  -3.2481  -2.44569  -1.73577  -1.11404  -0.54017  
-6.44775  -4.53661  -3.32692  -2.50693  -1.77053  -1.13561  -0.553478  
-6.60685  -4.63974  -3.40973  -2.5573  -1.79704  -1.15314  -0.557148  
-6.7134  -4.71633  -3.47337  -2.59448  -1.82648  -1.1709  -0.568507  
-6.81192  -4.78258  -3.52066  -2.61891  -1.84441  -1.17964  -0.572033  
-6.89937  -4.8414  -3.56397  -2.65137  -1.86689  -1.19588  -0.586859  
-6.94873  -4.87777  -3.59793  -2.66857  -1.88487  -1.20299  -0.586755  
-6.97788  -4.892  -3.60247  -2.67658  -1.8896  -1.20788  -0.592413  
-7.02381  -4.91808  -3.61853  -2.68436  -1.89258  -1.20454  -0.585595  
-7.0493  -4.94068  -3.63654  -2.69563  -1.90425  -1.21441  -0.590504  
-7.06297  -4.94931  -3.64251  -2.70373  -1.90241  -1.21217  -0.588175  
-7.08466  -4.96269  -3.64957  -2.70752  -1.90624  -1.2166  -0.591614  
-7.0948  -4.97108  -3.65512  -2.7161  -1.90757  -1.22327  -0.589855  
-7.10285  -4.97396  -3.65589  -2.71762  -1.90896  -1.22157  -0.595735  
-7.11104  -4.97788  -3.66066  -2.72082  -1.9105  -1.22129  -0.592002  
-7.11625  -4.98192  -3.66429  -2.72361  -1.91206  -1.2184  -0.59409  
-7.12204  -4.98835  -3.66384  -2.72626  -1.91667  -1.22331  -0.59108  
-7.12602  -4.98956  -3.66806  -2.72535  -1.90928  -1.22216  -0.594497  
-7.12892  -4.99233  -3.66746  -2.72638  -1.90861  -1.22138  -0.596079  
-7.13962  -4.99969  -3.67588  -2.73092  -1.91562  -1.22433  -0.595765  
-7.13934  -4.99893  -3.67627  -2.73171  -1.91357  -1.22699  -0.596792  
-7.14426  -5.0035  -3.67476  -2.73072  -1.91209  -1.22427  -0.596019  
-7.16675  -5.01776  -3.68767  -2.73511  -1.91623  -1.228  -0.599713  
-7.17853  -5.02964  -3.695  -2.73971  -1.92726  -1.23246  -0.601325  
-7.1839  -5.03295  -3.69715  -2.74297  -1.92663  -1.23338  -0.598211  
-7.18479  -5.03189  -3.69877  -2.74326  -1.92728  -1.23218  -0.597427  
-7.18044  -5.02994  -3.69732  -2.74386  -1.92573  -1.23318  -0.60046  
-7.1875  -5.03236  -3.69984  -2.74539  -1.92618  -1.23153  -0.600032  
-7.18778  -5.03334  -3.69947  -2.74408  -1.92396  -1.23249  -0.602155  
-7.18493  -5.03396  -3.69912  -2.74529  -1.92638  -1.23478  -0.600212  
-7.19018  -5.03589  -3.70115  -2.74166  -1.92297  -1.23341  -0.599056  
-7.19028  -5.03425  -3.70307  -2.74649  -1.92495  -1.23193  -0.599986  
-7.19015  -5.03652  -3.70323  -2.74333  -1.92884  -1.23568  -0.602418  
-7.19297  -5.03791  -3.70472  -2.7475  -1.92737  -1.23062  -0.602866  
-7.19314  -5.03987  -3.70226  -2.74695  -1.92323  -1.23262  -0.602405  
-7.18868  -5.03594  -3.70323  -2.7445  -1.92558  -1.23504  -0.604693  
-7.19174  -5.03486  -3.70353  -2.74199  -1.92905  -1.23471  -0.599661  
-7.19245  -5.0374  -3.70415  -2.74444  -1.92648  -1.23406  -0.603579  
-7.18985  -5.03682  -3.70338  -2.74423  -1.92547  -1.23247  -0.599348  
-7.19183  -5.03557  -3.70433  -2.74192  -1.92626  -1.23408  -0.604076  
-7.19018  -5.03714  -3.70427  -2.74629  -1.92592  -1.23004  -0.602656  
-7.19295  -5.03832  -3.70268  -2.7421  -1.92777  -1.23436  -0.604039  
-7.18927  -5.03611  -3.70095  -2.74534  -1.92344  -1.23253  -0.603017  
-7.19256  -5.0386  -3.70202  -2.74466  -1.92395  -1.23225  -0.604749  
-7.19307  -5.03857  -3.70353  -2.74562  -1.92853  -1.23429  -0.60384  
-7.19056  -5.03717  -3.70331  -2.74882  -1.92546  -1.23455  -0.603722  
