16 100  
-1.75959  -1.22658  -0.798663  -0.462298  -0.39084  -0.212371  -0.0499527  
-1.85422  -1.31061  -0.865564  -0.507769  -0.437554  -0.239597  -0.0591036  
-1.93653  -1.35722  -0.891927  -0.802023  -0.527619  -0.257789  -0.0663172  
-2.74941  -1.99182  -1.42195  -0.976443  -0.608699  -0.306117  -0.0786321  
-2.12546  -1.52429  -1.0357  -0.634581  -0.563299  -0.307388  -0.0764942  
-2.94485  -2.15343  -1.54683  -1.05941  -0.654385  -0.322256  -0.0824537  
-2.99079  -2.18009  -1.56623  -1.06983  -0.664458  -0.33423  -0.0868965  
-2.52688  -1.75057  -1.15494  -0.701633  -0.6313  -0.348296  -0.0902514  
-2.56698  -1.77014  -1.15917  -0.689533  -0.621024  -0.336678  -0.0886096  
-2.52245  -1.75794  -1.17293  -0.704007  -0.636038  -0.34352  -0.0906609  
-2.6796  -1.87924  -1.2728  -0.783156  -0.712797  -0.387482  -0.100733  
-2.79116  -2.0151  -1.37426  -1.28533  -0.854671  -0.430867  -0.112222  
-2.79403  -1.99376  -1.36843  -0.856479  -0.785792  -0.427749  -0.110265  
-2.84741  -2.02251  -1.38745  -0.877188  -0.807257  -0.440504  -0.11311  
-3.97719  -2.85028  -2.01726  -1.39486  -0.882796  -0.437683  -0.111081  
-4.0575  -2.90392  -2.04644  -1.41107  -0.894672  -0.441716  -0.110757  
-4.10639  -2.93155  -2.07086  -1.42933  -0.907548  -0.452177  -0.114533  
-4.16276  -2.96393  -2.08898  -1.40216  -0.841804  -0.414821  -0.113604  
-4.18781  -2.98868  -2.12444  -1.47122  -0.940553  -0.480339  -0.127103  
-4.30208  -3.05678  -2.16796  -1.49145  -0.918078  -0.452661  -0.121207  
-4.34264  -3.09281  -2.20107  -1.52627  -0.937294  -0.461298  -0.1245  
-4.43303  -3.24762  -2.37085  -1.66826  -1.05433  -0.520313  -0.131483  
-4.52638  -3.28107  -2.35094  -1.64489  -1.01378  -0.48609  -0.131179  
-4.55236  -3.2873  -2.34168  -1.57926  -0.962876  -0.477051  -0.1321  
-4.76625  -3.43008  -2.47422  -1.74407  -1.1358  -0.596697  -0.162801  
-4.71113  -3.42864  -2.47897  -1.7667  -1.18956  -0.674028  -0.198645  
-4.75175  -3.39969  -2.47103  -1.77582  -1.17212  -0.641854  -0.18833  
-4.82047  -3.43109  -2.48665  -1.78702  -1.18368  -0.657714  -0.196663  
-4.83621  -3.45175  -2.5016  -1.80294  -1.19859  -0.655229  -0.192276  
-4.93605  -3.56773  -2.58802  -1.84273  -1.21666  -0.672111  -0.199155  
-5.05702  -3.68019  -2.65492  -1.87983  -1.24261  -0.686643  -0.202108  
-5.10687  -3.7297  -2.72787  -1.92088  -1.2529  -0.696476  -0.205236  
-5.25413  -3.79951  -2.75469  -1.94838  -1.27926  -0.709604  -0.207355  
-5.35818  -3.8501  -2.78039  -1.96808  -1.28798  -0.714632  -0.211552  
-5.39158  -3.85796  -2.78669  -1.974  -1.28421  -0.71063  -0.21395  
-5.40758  -3.8712  -2.79735  -1.98442  -1.29339  -0.7176  -0.216862  
-5.43213  -3.89039  -2.81415  -1.99779  -1.30339  -0.722205  -0.218678  
-5.46248  -3.95098  -2.8556  -2.0113  -1.30477  -0.702942  -0.206582  
-5.50565  -3.97594  -2.85135  -1.97885  -1.28629  -0.700884  -0.203186  
-5.50988  -3.98108  -2.85627  -2.01489  -1.31459  -0.704823  -0.204863  
-5.54071  -4.00185  -2.87223  -1.99675  -1.3019  -0.711671  -0.206309  
-5.55494  -4.01803  -2.88529  -2.03623  -1.33172  -0.716235  -0.208502  
-5.58697  -4.03298  -2.89974  -2.01363  -1.30557  -0.715985  -0.2101  
-5.59079  -4.04867  -2.90917  -2.01864  -1.31016  -0.717638  -0.211639  
-5.61093  -4.06825  -3.04435  -2.20812  -1.39987  -0.738493  -0.213396  
-5.72288  -4.12035  -2.922  -2.02117  -1.33139  -0.733142  -0.216883  
-5.58894  -4.03403  -2.92243  -2.04564  -1.33579  -0.735454  -0.217107  
-5.64896  -4.08741  -2.94876  -2.05553  -1.34144  -0.737237  -0.217298  
-5.70433  -4.1117  -2.96755  -2.13261  -1.39996  -0.744857  -0.220172  
-5.7599  -4.17582  -3.0026  -2.09541  -1.36673  -0.748372  -0.221324  
-5.67255  -4.09724  -2.97473  -2.09037  -1.36389  -0.747859  -0.224882  
-5.75646  -4.15134  -3.00335  -2.16576  -1.42512  -0.759403  -0.224506  
-5.79746  -4.19005  -3.02598  -2.15304  -1.40681  -0.760607  -0.228623  
-5.80228  -4.19587  -3.03637  -2.15986  -1.41102  -0.763818  -0.232643  
-5.81883  -4.20588  -3.04533  -2.16919  -1.41777  -0.766574  -0.233738  
-5.83833  -4.2168  -3.05429  -2.18218  -1.43043  -0.772414  -0.234353  
-5.85981  -4.23622  -3.06799  -2.18286  -1.42931  -0.779287  -0.240095  
-5.88058  -4.2493  -3.07922  -2.19297  -1.43519  -0.78113  -0.242356  
-5.90101  -4.26801  -3.10312  -2.21104  -1.4426  -0.784591  -0.243887  
-5.92632  -4.28913  -3.11987  -2.22682  -1.45355  -0.789209  -0.246263  
-6.04338  -4.43421  -3.30752  -2.39828  -1.51802  -0.794367  -0.250469  
-6.24941  -4.55109  -3.45887  -2.56377  -1.76342  -1.00223  -0.308073  
-6.31421  -4.6094  -3.3263  -2.37395  -1.60456  -0.930525  -0.306198  
-6.18861  -4.52297  -3.26113  -2.30146  -1.55144  -0.878271  -0.273966  
-6.14501  -4.50489  -3.34908  -2.49089  -1.70488  -0.976823  -0.316702  
-6.28378  -4.58865  -3.30944  -2.36109  -1.62152  -0.943999  -0.306782  
-6.22188  -4.56733  -3.40365  -2.53795  -1.7582  -1.03658  -0.345559  
-6.40963  -4.64426  -3.35606  -2.40097  -1.65114  -0.965333  -0.316195  
-6.26932  -4.61351  -3.49055  -2.60183  -1.78573  -1.03148  -0.334716  
-6.42162  -4.71994  -3.41715  -2.43846  -1.64846  -0.95495  -0.319253  
-6.36787  -4.70217  -3.5884  -2.66372  -1.81175  -1.04946  -0.340114  
-6.62009  -4.80773  -3.47424  -2.49327  -1.68659  -0.962423  -0.31419  
-6.42221  -4.73625  -3.57662  -2.66877  -1.84366  -1.07361  -0.348101  
-6.62489  -4.8382  -3.49981  -2.51249  -1.6993  -0.943735  -0.291217  
-6.45781  -4.76709  -3.65788  -2.7276  -1.86228  -1.08755  -0.35456  
-6.74772  -4.90867  -3.55053  -2.54987  -1.70954  -0.945163  -0.293888  
-6.53665  -4.82302  -3.6999  -2.76221  -1.88821  -1.10498  -0.360782  
-6.82256  -4.96927  -3.62882  -2.61662  -1.73838  -0.964699  -0.297382  
-6.62364  -4.87914  -3.59451  -2.58207  -1.74125  -1.0168  -0.320457  
-6.56815  -4.84357  -3.50618  -2.5128  -1.81303  -1.14966  -0.393117  
-6.83589  -4.90588  -3.5014  -2.46397  -1.70987  -1.07053  -0.370361  
-6.99099  -5.24094  -3.93905  -2.8131  -1.90494  -1.11952  -0.367882  
-6.75516  -4.95701  -3.71609  -2.71613  -1.84131  -1.0409  -0.302302  
-7.00941  -5.04523  -3.6861  -2.65688  -1.77466  -1.00106  -0.298983  
-7.27353  -5.47301  -4.11814  -2.91354  -1.97859  -1.11513  -0.326249  
-6.81016  -4.98839  -3.75108  -2.75164  -1.86873  -1.03192  -0.290228  
-7.0988  -5.10502  -3.72898  -2.68858  -1.80163  -1.01459  -0.300359  
-7.5055  -5.6415  -4.20345  -3.08266  -2.14606  -1.17304  -0.329557  
-7.3415  -5.35956  -3.9624  -2.86002  -1.93159  -1.11651  -0.353776  
-6.88608  -5.06997  -3.81233  -2.79053  -1.88404  -1.05457  -0.307925  
-7.70123  -5.75401  -4.19887  -2.87532  -1.85423  -1.04317  -0.303066  
-7.63627  -5.6049  -4.19982  -2.92071  -1.87988  -1.04934  -0.328281  
-7.71865  -5.69534  -4.23456  -2.93514  -1.89273  -1.0267  -0.296159  
-7.57082  -5.57862  -4.22782  -2.95146  -1.89843  -1.02972  -0.302606  
-7.72008  -5.71207  -4.25202  -2.9576  -1.91381  -1.18108  -0.450663  
-7.83467  -5.87304  -4.37618  -3.02422  -1.96804  -1.18958  -0.436653  
-7.86084  -5.92777  -4.47026  -3.18903  -2.09888  -1.14215  -0.389275  
-7.33696  -5.32639  -4.01486  -2.90278  -1.90454  -1.14444  -0.41762  
-7.76321  -5.64388  -4.19886  -3.0143  -1.97481  -1.11095  -0.361206  
-7.87122  -5.8125  -4.27194  -2.95853  -1.94297  -1.06714  -0.310309  


-4.4317  -3.27688  -2.50747  -1.88942  -1.35325  -0.869507  -0.425089  
-4.56152  -3.34679  -2.52776  -1.88281  -1.33957  -0.861661  -0.41879  
-4.61734  -3.36713  -2.5545  -1.93684  -1.4138  -0.936694  -0.467051  
-4.77197  -3.49473  -2.66172  -2.00513  -1.44013  -0.935204  -0.449617  
-4.7977  -3.49579  -2.66073  -2.00847  -1.45086  -0.943652  -0.456482  
-4.8412  -3.51059  -2.65283  -1.99985  -1.44265  -0.945067  -0.461036  
-5.44971  -3.98323  -2.94641  -2.14353  -1.50623  -0.962297  -0.46714  
-5.56591  -4.02486  -2.9581  -2.14267  -1.48025  -0.933325  -0.44626  
-5.48172  -3.94327  -2.90622  -2.12074  -1.48112  -0.933556  -0.447151  
-5.74353  -4.1333  -3.04364  -2.2298  -1.57499  -1.01041  -0.485962  
-5.84905  -4.21992  -3.15638  -2.34641  -1.66742  -1.0695  -0.524688  
-5.85818  -4.204  -3.1274  -2.31545  -1.64592  -1.05791  -0.510924  
-5.94517  -4.24915  -3.15252  -2.32263  -1.65789  -1.06837  -0.510127  
-5.95912  -4.23646  -3.12538  -2.30812  -1.6486  -1.06237  -0.499839  
-6.07096  -4.28719  -3.14494  -2.31608  -1.65242  -1.05461  -0.496516  
-6.11194  -4.29555  -3.15725  -2.31904  -1.65588  -1.05324  -0.498669  
-6.1921  -4.31544  -3.15694  -2.2919  -1.58531  -0.977073  -0.457536  
-6.19376  -4.31193  -3.16947  -2.33384  -1.66557  -1.06697  -0.509891  
-6.29884  -4.37836  -3.20196  -2.34403  -1.64476  -1.02546  -0.474981  
-6.32776  -4.38372  -3.22027  -2.36387  -1.6598  -1.03057  -0.481384  
-6.40294  -4.48092  -3.36474  -2.51448  -1.79011  -1.12099  -0.518393  
-6.51208  -4.5165  -3.34446  -2.47299  -1.73571  -1.06446  -0.479557  
-6.52198  -4.51314  -3.32469  -2.41574  -1.65956  -1.01563  -0.470549  
-6.7461  -4.66585  -3.45285  -2.55796  -1.82329  -1.1768  -0.557984  
-6.65652  -4.60931  -3.43303  -2.55384  -1.8573  -1.24343  -0.6329  
-6.70092  -4.59971  -3.39905  -2.53816  -1.83534  -1.20328  -0.589436  
-6.76564  -4.62899  -3.40857  -2.53828  -1.83203  -1.20228  -0.601344  
-6.77858  -4.62859  -3.40958  -2.54265  -1.8401  -1.20096  -0.589182  
-6.86079  -4.71974  -3.50086  -2.59416  -1.86182  -1.20515  -0.594259  
-7.02195  -4.82258  -3.57671  -2.63422  -1.88786  -1.22769  -0.600246  
-7.06879  -4.86137  -3.63201  -2.6859  -1.89809  -1.22173  -0.60603  
-7.21928  -4.95891  -3.66398  -2.70673  -1.91607  -1.24006  -0.599114  
-7.30539  -5.01972  -3.69776  -2.71856  -1.92122  -1.23568  -0.601617  
-7.33346  -5.02995  -3.6981  -2.71509  -1.91802  -1.22099  -0.599352  
-7.34865  -5.03765  -3.69403  -2.71463  -1.9247  -1.22569  -0.603583  
-7.37057  -5.04713  -3.70395  -2.7219  -1.91775  -1.23417  -0.604709  
-7.39699  -5.08077  -3.74996  -2.74261  -1.92248  -1.20736  -0.578417  
-7.42648  -5.10812  -3.74765  -2.71876  -1.88171  -1.19854  -0.57151  
-7.42478  -5.10201  -3.74973  -2.72585  -1.92231  -1.20935  -0.568427  
-7.45775  -5.12218  -3.75461  -2.72586  -1.89173  -1.19489  -0.56631  
-7.46394  -5.13602  -3.76899  -2.73936  -1.92591  -1.21194  -0.570774  
-7.49359  -5.14936  -3.77458  -2.73448  -1.89336  -1.19687  -0.573054  
-7.48541  -5.1501  -3.78486  -2.73254  -1.89337  -1.19466  -0.565855  
-7.5039  -5.16634  -3.8561  -2.89366  -2.03625  -1.24135  -0.57927  
-7.62061  -5.23908  -3.80944  -2.72743  -1.8975  -1.20471  -0.5692  
-7.48418  -5.11884  -3.76098  -2.7344  -1.90259  -1.205  -0.578523  
-7.53885  -5.17496  -3.7994  -2.74804  -1.90677  -1.20262  -0.570107  
-7.58996  -5.20611  -3.81665  -2.7962  -1.97439  -1.23246  -0.574236  
-7.63121  -5.26522  -3.85239  -2.78895  -1.93194  -1.21639  -0.573802  
-7.55072  -5.17307  -3.79973  -2.75553  -1.92417  -1.21101  -0.577266  
-7.63037  -5.22829  -3.83511  -2.81556  -1.99147  -1.24059  -0.577991  
-7.65695  -5.26674  -3.85458  -2.81287  -1.96756  -1.22433  -0.570948  
-7.65216  -5.26933  -3.85715  -2.81046  -1.96581  -1.23163  -0.582689  
-7.6724  -5.2737  -3.86804  -2.82148  -1.96386  -1.22668  -0.583755  
-7.68677  -5.28435  -3.86522  -2.82736  -1.98223  -1.23816  -0.578417  
-7.70296  -5.29548  -3.8765  -2.82973  -1.97745  -1.23814  -0.589445  
-7.7248  -5.31103  -3.88927  -2.83472  -1.97785  -1.23155  -0.586934  
-7.74007  -5.32461  -3.90131  -2.84806  -1.98626  -1.23218  -0.587986  
-7.75832  -5.33955  -3.91665  -2.8623  -1.99995  -1.24354  -0.587218  
-7.86474  -5.4733  -4.07576  -3.04085  -2.10907  -1.26573  -0.583215  
-8.15695  -5.62994  -4.22356  -3.19544  -2.32385  -1.50617  -0.734422  
-8.16818  -5.6811  -4.16313  -3.02537  -2.13747  -1.3806  -0.693639  
-8.03762  -5.57176  -4.07867  -2.95359  -2.06911  -1.32306  -0.63957  
-7.97874  -5.53025  -4.12151  -3.09224  -2.24001  -1.45288  -0.718504  
-8.10099  -5.63584  -4.12842  -2.99466  -2.12563  -1.39105  -0.681582  
-8.05889  -5.58872  -4.16335  -3.12685  -2.28822  -1.50352  -0.748803  
-8.2692  -5.71208  -4.16626  -3.02411  -2.15452  -1.41182  -0.697048  
-8.10951  -5.62291  -4.22907  -3.19858  -2.31632  -1.50593  -0.742545  
-8.23765  -5.7453  -4.22882  -3.07191  -2.16169  -1.39248  -0.694648  
-8.18453  -5.70278  -4.30547  -3.26703  -2.34687  -1.51753  -0.752338  
-8.51223  -5.87071  -4.28181  -3.11302  -2.20222  -1.40931  -0.691734  
-8.24757  -5.74093  -4.3039  -3.25683  -2.36841  -1.54505  -0.757484  
-8.46802  -5.87203  -4.3038  -3.12976  -2.20542  -1.39738  -0.666652  
-8.27787  -5.76038  -4.35695  -3.3167  -2.39143  -1.54764  -0.770423  
-8.62876  -5.96251  -4.35273  -3.16404  -2.2175  -1.39809  -0.660899  
-8.35723  -5.81197  -4.39397  -3.34259  -2.40369  -1.56543  -0.77665  
-8.68496  -6.01188  -4.41055  -3.22592  -2.25776  -1.40365  -0.667558  
-8.44498  -5.86646  -4.33436  -3.18008  -2.24116  -1.44153  -0.696431  
-8.37574  -5.81364  -4.26534  -3.09093  -2.24134  -1.53805  -0.809425  
-8.7236  -5.95617  -4.28191  -3.05951  -2.1619  -1.44867  -0.752948  
-8.84959  -6.22492  -4.68334  -3.45462  -2.42139  -1.56409  -0.76813  
-8.58273  -5.945  -4.42548  -3.29442  -2.34026  -1.4882  -0.694371  
-8.90981  -6.09391  -4.4402  -3.23962  -2.26386  -1.43231  -0.67087  
-9.17303  -6.46001  -4.8789  -3.56554  -2.50153  -1.58442  -0.74069  
-8.63717  -5.96522  -4.44446  -3.30752  -2.35737  -1.48669  -0.681387  
-8.99503  -6.14228  -4.47384  -3.26598  -2.28937  -1.43815  -0.676618  
-9.37832  -6.63394  -4.9794  -3.69777  -2.66016  -1.68053  -0.764801  
-9.15326  -6.38366  -4.70828  -3.45039  -2.43566  -1.54484  -0.752466  
-8.68664  -6.01819  -4.49107  -3.34724  -2.37114  -1.49046  -0.687071  
-9.51355  -6.76183  -5.00024  -3.55458  -2.38882  -1.46913  -0.687068  
-9.50676  -6.63964  -4.94078  -3.58146  -2.42258  -1.47465  -0.695744  
-9.56755  -6.71502  -4.9932  -3.59902  -2.42975  -1.46588  -0.671688  
-9.44431  -6.58136  -4.93424  -3.59639  -2.42794  -1.4742  -0.671061  
-9.55331  -6.71773  -4.99992  -3.608  -2.44834  -1.56005  -0.816488  
-9.66419  -6.85492  -5.13228  -3.68896  -2.50045  -1.59366  -0.823663  
-9.70708  -6.89378  -5.20557  -3.83114  -2.64138  -1.62607  -0.763109  
-9.14054  -6.29316  -4.68027  -3.46613  -2.40646  -1.52937  -0.781937  
-9.61443  -6.66259  -4.91974  -3.60806  -2.49577  -1.5433  -0.737751  
-9.69536  -6.80346  -5.01596  -3.59624  -2.44368  -1.50312  -0.690219  
-9.72221  -6.86369  -5.15374  -3.70932  -2.49578  -1.51139  -0.690649  
