16 50  
-0.233086  -0.123748  -0.0717786  -0.0385494  -0.0212831  -0.00869298  -0.00176052  
-0.475455  -0.275202  -0.170857  -0.0998058  -0.0561091  -0.0257784  -0.00685951  
-0.75823  -0.461504  -0.297305  -0.180638  -0.108744  -0.0544595  -0.0179716  
-1.02898  -0.652143  -0.432583  -0.272672  -0.168721  -0.0881592  -0.0310378  
-1.26942  -0.824987  -0.559508  -0.361964  -0.229648  -0.122588  -0.0457493  
-1.47461  -0.974273  -0.673894  -0.441969  -0.285125  -0.158053  -0.0606237  
-1.63431  -1.08975  -0.762005  -0.506746  -0.331745  -0.188203  -0.0743301  
-1.77519  -1.19599  -0.83985  -0.564468  -0.375086  -0.215366  -0.0862089  
-1.90197  -1.29062  -0.907632  -0.615341  -0.416649  -0.242689  -0.0991737  
-2.01505  -1.36389  -0.960835  -0.656905  -0.450414  -0.265245  -0.109527  
-2.08942  -1.4182  -1.00527  -0.688099  -0.477322  -0.283748  -0.118464  
-2.15244  -1.4704  -1.04494  -0.716926  -0.500737  -0.296926  -0.123076  
-2.20502  -1.50736  -1.07219  -0.738806  -0.515584  -0.305871  -0.126596  
-2.26628  -1.54058  -1.09515  -0.756947  -0.529318  -0.314431  -0.129191  
-2.29725  -1.56819  -1.11852  -0.776558  -0.546779  -0.325341  -0.133391  
-2.31221  -1.59225  -1.13821  -0.790699  -0.557658  -0.33309  -0.136093  
-2.32531  -1.61425  -1.1616  -0.806084  -0.571445  -0.339815  -0.138708  
-2.35906  -1.63515  -1.17644  -0.819048  -0.581507  -0.347254  -0.141327  
-2.37677  -1.65318  -1.19208  -0.830493  -0.588306  -0.352236  -0.144065  
-2.39402  -1.6654  -1.20022  -0.839575  -0.595836  -0.35681  -0.14568  
-2.40486  -1.6775  -1.21371  -0.849813  -0.602557  -0.361856  -0.147941  
-2.41344  -1.68974  -1.22062  -0.856054  -0.607156  -0.365017  -0.148164  
-2.4218  -1.70005  -1.23371  -0.865675  -0.614667  -0.369648  -0.150661  
-2.42752  -1.70497  -1.24066  -0.871262  -0.617363  -0.37311  -0.151529  
-2.42859  -1.71039  -1.24559  -0.875236  -0.620869  -0.375125  -0.152743  
-2.43524  -1.7179  -1.24917  -0.881038  -0.621997  -0.375546  -0.15244  
-2.44857  -1.73012  -1.26029  -0.888994  -0.624223  -0.378901  -0.152875  
-2.47204  -1.74209  -1.26633  -0.89243  -0.630498  -0.382288  -0.155856  
-2.46096  -1.74037  -1.26844  -0.895937  -0.631405  -0.38315  -0.155105  
-2.48398  -1.75027  -1.27718  -0.900302  -0.634197  -0.383886  -0.155992  
-2.4898  -1.75514  -1.28181  -0.90372  -0.635544  -0.386871  -0.1561  
-2.49155  -1.75701  -1.2835  -0.905082  -0.637377  -0.387613  -0.157393  
-2.4944  -1.76294  -1.28626  -0.909701  -0.638716  -0.387956  -0.156781  
-2.49803  -1.76515  -1.28775  -0.911962  -0.640354  -0.388671  -0.157935  
-2.49948  -1.76629  -1.29151  -0.913732  -0.640041  -0.39041  -0.157017  
-2.50191  -1.76857  -1.29283  -0.91512  -0.641118  -0.390537  -0.158037  
-2.51145  -1.77347  -1.29632  -0.9166  -0.643955  -0.392777  -0.15947  
-2.50976  -1.77716  -1.29703  -0.919652  -0.64316  -0.392647  -0.158297  
-2.51222  -1.77842  -1.2997  -0.920998  -0.644481  -0.393559  -0.159303  
-2.51438  -1.78193  -1.30181  -0.922874  -0.645215  -0.394347  -0.158849  
-2.51406  -1.78227  -1.30364  -0.923907  -0.647488  -0.394546  -0.159753  
-2.51388  -1.7831  -1.30348  -0.925153  -0.647467  -0.394535  -0.15916  
-2.51581  -1.78412  -1.30427  -0.926232  -0.647839  -0.394892  -0.159414  
-2.51709  -1.78521  -1.30423  -0.926032  -0.647669  -0.394589  -0.159802  
-2.51773  -1.78628  -1.30591  -0.928504  -0.649333  -0.396591  -0.1604  
-2.51997  -1.78883  -1.30777  -0.929666  -0.650535  -0.397545  -0.160602  
-2.51967  -1.79083  -1.30978  -0.931233  -0.651623  -0.39946  -0.161979  
-2.51918  -1.79044  -1.30863  -0.931956  -0.651411  -0.399122  -0.161257  
-2.52106  -1.7925  -1.31044  -0.93282  -0.652992  -0.399522  -0.161639  
-2.52129  -1.79312  -1.30987  -0.932905  -0.652394  -0.398767  -0.16151  
-5.43423  -3.82988  -2.98146  -2.07936  -1.71703  -1.08981  -0.65083  
-5.59158  -3.94765  -2.99928  -2.18851  -1.58472  -0.983345  -0.460124  
-5.87452  -4.14914  -3.10693  -2.30006  -1.66872  -1.0681  -0.518077  
-6.12338  -4.31786  -3.19088  -2.39303  -1.70927  -1.09653  -0.530379  
-6.33644  -4.46364  -3.2822  -2.46955  -1.74511  -1.12009  -0.549258  
-6.52374  -4.58685  -3.36826  -2.53123  -1.78085  -1.14121  -0.554576  
-6.691  -4.70577  -3.46674  -2.58899  -1.82483  -1.1694  -0.569905  
-6.81737  -4.78904  -3.51959  -2.62579  -1.84323  -1.17781  -0.570113  
-6.92208  -4.85325  -3.57018  -2.65399  -1.86476  -1.19312  -0.577869  
-6.99527  -4.90323  -3.61766  -2.68133  -1.89616  -1.21085  -0.59217  
-7.06334  -4.94591  -3.64081  -2.69624  -1.90068  -1.21136  -0.59035  
-7.09859  -4.97083  -3.66134  -2.71346  -1.91014  -1.22123  -0.590942  
-7.12348  -4.99216  -3.67232  -2.72563  -1.91656  -1.22649  -0.593921  
-7.14337  -5.00274  -3.67691  -2.73088  -1.91686  -1.22522  -0.594115  
-7.16923  -5.01958  -3.6909  -2.74303  -1.92169  -1.23083  -0.601801  
-7.18673  -5.03295  -3.70012  -2.74812  -1.93062  -1.2339  -0.601183  
-7.2221  -5.05607  -3.71503  -2.75758  -1.93516  -1.23861  -0.607426  
-7.25097  -5.07616  -3.73567  -2.76726  -1.94618  -1.24577  -0.607104  
-7.2616  -5.08252  -3.73714  -2.77114  -1.94433  -1.24692  -0.608675  
-7.2776  -5.0997  -3.75077  -2.77893  -1.95669  -1.25176  -0.605748  
-7.28916  -5.10335  -3.75204  -2.78221  -1.96236  -1.253  -0.608485  
-7.29113  -5.1007  -3.7515  -2.78272  -1.95987  -1.25067  -0.609024  
-7.29566  -5.10684  -3.75629  -2.78745  -1.96133  -1.25312  -0.61287  
-7.30056  -5.11056  -3.7545  -2.78896  -1.96644  -1.25549  -0.612997  
-7.30413  -5.11682  -3.76041  -2.79124  -1.95358  -1.24741  -0.604518  
-7.31177  -5.11753  -3.74937  -2.79112  -1.95231  -1.24398  -0.604515  
-7.31373  -5.11675  -3.75344  -2.79102  -1.96348  -1.25337  -0.614476  
-7.3265  -5.12681  -3.76147  -2.79385  -1.95825  -1.25098  -0.611913  
-7.32984  -5.12901  -3.76257  -2.7983  -1.9592  -1.25254  -0.611196  
-7.33367  -5.13302  -3.76987  -2.80253  -1.96197  -1.25226  -0.61034  
-7.33779  -5.13647  -3.77159  -2.80227  -1.96562  -1.25308  -0.609472  
-7.3443  -5.14188  -3.77303  -2.80305  -1.96347  -1.25629  -0.610409  
-7.34759  -5.14378  -3.77838  -2.80712  -1.96662  -1.25485  -0.611828  
-7.35144  -5.14647  -3.77991  -2.80706  -1.96128  -1.2534  -0.608938  
-7.35381  -5.15113  -3.78063  -2.80995  -1.9666  -1.25473  -0.610578  
-7.35587  -5.15181  -3.78337  -2.81232  -1.97031  -1.2613  -0.611494  
-7.35229  -5.14912  -3.78132  -2.81155  -1.96692  -1.25747  -0.609123  
-7.35882  -5.15309  -3.78346  -2.81405  -1.96565  -1.25714  -0.612125  
-7.3617  -5.15428  -3.78708  -2.81483  -1.96889  -1.26083  -0.609923  
-7.36129  -5.15556  -3.78499  -2.81614  -1.96948  -1.25877  -0.613479  
-7.36048  -5.15277  -3.78602  -2.81294  -1.96881  -1.26077  -0.612631  
-7.36316  -5.15629  -3.78581  -2.81633  -1.96902  -1.26209  -0.611626  
-7.36704  -5.1602  -3.78678  -2.81625  -1.97016  -1.25754  -0.613674  
-7.36671  -5.15953  -3.78669  -2.8174  -1.96814  -1.25859  -0.613887  
-7.37212  -5.16222  -3.79114  -2.81862  -1.9698  -1.26089  -0.615101  
-7.36904  -5.16005  -3.79093  -2.81959  -1.96994  -1.26357  -0.61782  
-7.36951  -5.16161  -3.78821  -2.81613  -1.97113  -1.25891  -0.616213  
-7.37481  -5.16489  -3.7889  -2.81876  -1.9746  -1.26313  -0.615051  
-7.37002  -5.16328  -3.79145  -2.81876  -1.9701  -1.26037  -0.61649  
-7.37684  -5.16756  -3.79145  -2.82041  -1.97479  -1.26322  -0.616456  
