32 16  
-5.81579  -4.85827  -4.14813  -3.54035  -3.02499  -2.57487  -2.17018  -1.79434  -1.4533  -1.1454  -0.856521  -0.594787  -0.374026  -0.192707  -0.0525947  
-6.04026  -5.08651  -4.37154  -3.74458  -3.20517  -2.7342  -2.32456  -1.93864  -1.5774  -1.24179  -0.941416  -0.680005  -0.441313  -0.231791  -0.0654056  
-6.30912  -5.32464  -4.57972  -3.92951  -3.37953  -2.89706  -2.47187  -2.07669  -1.70315  -1.36323  -1.04663  -0.752576  -0.489697  -0.262476  -0.0763095  
-6.46331  -5.47422  -4.70196  -4.03878  -3.47059  -2.97828  -2.54781  -2.1456  -1.76617  -1.42105  -1.09838  -0.797653  -0.526002  -0.283551  -0.0822354  
-6.62986  -5.61166  -4.83494  -4.16202  -3.58145  -3.08224  -2.64231  -2.22289  -1.83266  -1.47283  -1.13886  -0.83481  -0.555957  -0.304738  -0.0906138  
-6.77074  -5.73676  -4.95716  -4.26261  -3.67038  -3.15903  -2.70885  -2.28982  -1.89137  -1.52784  -1.19465  -0.878599  -0.58436  -0.325282  -0.0994121  
-6.95553  -5.91287  -5.09699  -4.40091  -3.79989  -3.2736  -2.80174  -2.35861  -1.95147  -1.58106  -1.23371  -0.909711  -0.607904  -0.337037  -0.102312  
-7.10814  -6.04817  -5.22011  -4.50604  -3.88616  -3.35159  -2.88194  -2.43563  -2.01683  -1.63692  -1.28424  -0.950645  -0.637372  -0.354844  -0.108435  
-7.27303  -6.19073  -5.35579  -4.6276  -3.99941  -3.46227  -2.9788  -2.52078  -2.08554  -1.68997  -1.33267  -0.988837  -0.664553  -0.372929  -0.115105  
-7.54064  -6.42071  -5.54116  -4.77999  -4.13096  -3.57592  -3.08703  -2.62406  -2.18792  -1.77909  -1.39868  -1.03957  -0.70199  -0.393792  -0.120294  
-7.81156  -6.66533  -5.76008  -4.97677  -4.30549  -3.72356  -3.21607  -2.73471  -2.28156  -1.84993  -1.44632  -1.07908  -0.738222  -0.4232  -0.132974  
-8.22524  -7.016  -6.06668  -5.25099  -4.5525  -3.94602  -3.41059  -2.90445  -2.42578  -1.98671  -1.56529  -1.16761  -0.801487  -0.459079  -0.144803  
-8.81884  -7.52467  -6.49717  -5.62301  -4.87757  -4.22966  -3.65995  -3.12959  -2.62191  -2.15325  -1.71307  -1.30616  -0.910437  -0.517809  -0.162337  
-9.78617  -8.32743  -7.17705  -6.2049  -5.35598  -4.62919  -4.01221  -3.41425  -2.83692  -2.33034  -1.86502  -1.4308  -0.996904  -0.580072  -0.19084  
-11.2385  -9.46828  -8.10885  -6.9641  -5.98367  -5.176  -4.46768  -3.79138  -3.15502  -2.56964  -2.03887  -1.55607  -1.09389  -0.656354  -0.218119  
-13.4441  -11.0782  -9.37546  -7.99359  -6.80211  -5.84312  -5.03229  -4.26721  -3.52134  -2.87113  -2.29437  -1.73709  -1.20909  -0.700202  -0.221876  


-9.30372  -7.57712  -6.38703  -5.51786  -4.75512  -4.12335  -3.56424  -3.08047  -2.60076  -2.17036  -1.75371  -1.38554  -1.02788  -0.674794  -0.331104  
-9.54656  -7.76095  -6.54766  -5.64134  -4.8627  -4.22383  -3.65718  -3.15262  -2.67668  -2.22315  -1.8211  -1.42229  -1.0529  -0.686913  -0.340447  
-9.69144  -7.85942  -6.62506  -5.6963  -4.90225  -4.24933  -3.6745  -3.17457  -2.68534  -2.24198  -1.83286  -1.43508  -1.06095  -0.696752  -0.338886  
-9.84385  -7.98065  -6.71652  -5.77893  -4.97864  -4.31342  -3.73047  -3.22167  -2.71863  -2.26847  -1.83997  -1.44317  -1.06631  -0.702524  -0.346427  
-10.0001  -8.07542  -6.78981  -5.85506  -5.03102  -4.35565  -3.76388  -3.24376  -2.7443  -2.284  -1.86541  -1.46473  -1.07827  -0.710219  -0.35411  
-10.1751  -8.21285  -6.91498  -5.93621  -5.12463  -4.42757  -3.82712  -3.28759  -2.76862  -2.30489  -1.87711  -1.47298  -1.08342  -0.707802  -0.34944  
-10.2971  -8.31021  -6.99404  -6.00446  -5.1746  -4.46349  -3.86167  -3.32598  -2.80004  -2.33083  -1.89977  -1.48988  -1.09771  -0.718666  -0.353753  
-10.4493  -8.41285  -7.06476  -6.08585  -5.22765  -4.52256  -3.91709  -3.37197  -2.8354  -2.35055  -1.91116  -1.50204  -1.10021  -0.721437  -0.35525  
-10.6876  -8.59371  -7.21098  -6.18846  -5.31214  -4.58984  -3.9654  -3.4197  -2.88662  -2.40235  -1.94437  -1.52379  -1.1135  -0.72924  -0.352876  
-10.9225  -8.75946  -7.35577  -6.31464  -5.4149  -4.67686  -4.03579  -3.476  -2.92627  -2.42544  -1.94978  -1.53245  -1.11103  -0.732804  -0.357295  
-11.282  -9.03379  -7.56645  -6.5033  -5.57068  -4.81286  -4.15202  -3.57914  -3.00386  -2.49928  -2.01888  -1.57457  -1.14646  -0.750708  -0.3649  
-11.7606  -9.40567  -7.85826  -6.75138  -5.7752  -4.98918  -4.30433  -3.71345  -3.12438  -2.59444  -2.10259  -1.63885  -1.2218  -0.792532  -0.384936  
-12.5592  -10.0229  -8.36262  -7.16962  -6.12351  -5.2635  -4.53437  -3.91041  -3.26373  -2.7046  -2.18628  -1.71654  -1.273  -0.824479  -0.404222  
-13.7137  -10.9164  -9.07063  -7.77408  -6.59858  -5.67663  -4.89336  -4.21286  -3.50708  -2.89887  -2.3269  -1.82326  -1.33923  -0.882893  -0.440574  
-15.5995  -12.3553  -10.1963  -8.73239  -7.36548  -6.30704  -5.42439  -4.66314  -3.87686  -3.18281  -2.56906  -1.99825  -1.46302  -0.956301  -0.453655  
-18.4373  -14.4982  -11.8396  -10.1407  -8.50551  -7.23632  -6.21023  -5.35079  -4.42622  -3.57262  -2.8643  -2.19746  -1.6002  -1.04407  -0.489819  
