16 50  
-1.82605  -1.40487  -0.990244  -0.73439  -0.475829  -0.20957  -0.121599  
-2.33644  -1.62533  -1.15829  -0.627243  -0.372275  -0.131811  -0.0380992  
-3.14703  -2.18389  -1.31149  -0.821209  -0.545063  -0.297358  -0.153309  
-3.00995  -2.24879  -1.5805  -0.945603  -0.659258  -0.310792  -0.022284  
-2.99578  -2.25641  -1.56576  -0.887349  -0.553862  -0.32166  -0.107456  
-2.98373  -2.27465  -1.58871  -1.0958  -0.576586  -0.336182  -0.0590495  
-3.08261  -2.33005  -1.62863  -1.27849  -0.942346  -0.52253  -0.295763  
-4.70404  -3.49831  -2.49894  -1.71882  -1.41549  -0.945054  -0.327846  
-5.57641  -4.13272  -3.29571  -1.9721  -1.30105  -0.956136  -0.272638  
-5.56487  -3.89704  -2.95077  -1.98372  -1.6311  -1.16442  -0.43891  
-5.93041  -4.01963  -3.02298  -2.01078  -1.6526  -1.19408  -0.45406  
-5.63128  -4.06485  -3.08845  -2.02725  -1.68925  -1.18317  -0.451081  
-5.65098  -4.08291  -3.08292  -2.02487  -1.68551  -1.18217  -0.451297  
-5.59758  -4.04545  -3.0897  -2.02314  -1.68643  -1.18349  -0.450926  
-5.90037  -4.08022  -3.07953  -2.02667  -1.68624  -1.18673  -0.451851  
-5.60636  -4.04804  -3.09043  -2.02391  -1.68725  -1.18577  -0.451602  
-5.65029  -4.08063  -3.07975  -2.02673  -1.68635  -1.18677  -0.451849  
-5.65106  -4.08229  -3.07757  -2.0258  -1.68504  -1.18673  -0.451593  
-5.65101  -4.08224  -3.07756  -2.0258  -1.68504  -1.18826  -0.452082  
-5.65107  -4.08231  -3.0776  -2.0258  -1.68506  -1.18826  -0.452075  
-5.65108  -4.08231  -3.0776  -2.0258  -1.68506  -1.18826  -0.452075  
-5.65108  -4.08231  -3.0776  -2.02581  -1.68506  -1.18826  -0.452075  
-5.65108  -4.08231  -3.0776  -2.02581  -1.68506  -1.18826  -0.452075  
-5.65108  -4.08232  -3.0776  -2.02581  -1.68506  -1.18826  -0.452075  
-5.65108  -4.08232  -3.0776  -2.02581  -1.68506  -1.18826  -0.452075  
-5.65108  -4.08232  -3.0776  -2.02581  -1.68506  -1.18826  -0.452075  
-5.65108  -4.08232  -3.0776  -2.02581  -1.68506  -1.18826  -0.452075  
-5.65108  -4.08232  -3.0776  -2.02581  -1.68506  -1.18826  -0.452075  
-5.65108  -4.08232  -3.0776  -2.02581  -1.68506  -1.18826  -0.452075  
-5.65108  -4.08232  -3.0776  -2.02581  -1.68506  -1.18826  -0.452075  
-5.65108  -4.08232  -3.0776  -2.02581  -1.68506  -1.18826  -0.452075  
-5.65108  -4.08232  -3.0776  -2.02581  -1.68506  -1.18826  -0.452075  
-5.65108  -4.08232  -3.0776  -2.02581  -1.68506  -1.18826  -0.452075  
-5.65108  -4.08232  -3.0776  -2.02581  -1.68506  -1.18826  -0.452075  
-5.65108  -4.08232  -3.0776  -2.02581  -1.68506  -1.18826  -0.452075  
-5.65108  -4.08232  -3.0776  -2.02581  -1.68506  -1.18826  -0.452075  
-5.65108  -4.08232  -3.0776  -2.02581  -1.68506  -1.18826  -0.452075  
-5.65108  -4.08232  -3.0776  -2.02581  -1.68506  -1.18826  -0.452075  
-5.65108  -4.08232  -3.0776  -2.02581  -1.68506  -1.18826  -0.452075  
-5.65108  -4.08232  -3.0776  -2.02581  -1.68506  -1.18826  -0.452075  
-5.65108  -4.08232  -3.0776  -2.02581  -1.68506  -1.18826  -0.452075  
-5.65108  -4.08232  -3.0776  -2.02581  -1.68506  -1.18826  -0.452075  
-5.65108  -4.08232  -3.0776  -2.02581  -1.68506  -1.18826  -0.452075  
-5.65108  -4.08232  -3.0776  -2.02581  -1.68506  -1.18826  -0.452075  
-5.65108  -4.08232  -3.0776  -2.02581  -1.68506  -1.18826  -0.452075  
-5.65108  -4.08232  -3.0776  -2.02581  -1.68506  -1.18826  -0.452075  
-5.65108  -4.08232  -3.0776  -2.02581  -1.68506  -1.18826  -0.452075  
-5.65108  -4.08232  -3.0776  -2.02581  -1.68506  -1.18826  -0.452075  
-5.65108  -4.08232  -3.0776  -2.02581  -1.68506  -1.18826  -0.452075  
-5.65108  -4.08232  -3.0776  -2.02581  -1.68506  -1.18826  -0.452075  


-4.10192  -3.43086  -2.53879  -1.8862  -1.40027  -0.716479  -0.353398  
-5.66  -4.61922  -3.466  -2.46221  -1.72177  -1.23505  -0.530196  
-5.79133  -4.71709  -3.46463  -2.64237  -1.89985  -1.29651  -0.535612  
-5.92274  -4.63801  -3.46367  -2.33991  -1.72177  -1.18946  -0.573536  
-6.19261  -4.69397  -3.13668  -2.36925  -1.95559  -1.18946  -0.586472  
-5.83406  -4.21896  -3.22823  -2.70055  -1.98874  -1.23027  -0.632733  
-7.31682  -5.24072  -4.05151  -2.94964  -1.95637  -1.22823  -0.370663  
-9.10677  -6.30303  -4.71738  -3.32832  -2.43831  -1.29371  -0.407232  
-7.87241  -5.73379  -4.49073  -3.37242  -2.40036  -1.49717  -0.698039  
-8.80769  -6.24702  -4.61062  -3.30635  -2.37102  -1.55733  -0.698039  
-9.42338  -6.49053  -4.72518  -3.46612  -2.51128  -1.27649  -0.698039  
-8.83735  -6.26552  -4.58738  -3.4609  -2.49898  -1.48069  -0.698039  
-8.91909  -5.78867  -4.3364  -3.43407  -2.46858  -1.28518  -0.698039  
-9.26435  -6.52042  -4.72979  -3.41342  -2.51501  -1.58248  -0.698039  
-8.86114  -6.23367  -4.3563  -3.4779  -2.49782  -1.55719  -0.698039  
-9.27013  -6.52622  -4.71224  -3.41536  -2.5164  -1.57863  -0.698039  
-8.93676  -6.54584  -4.69394  -3.42288  -2.41392  -1.57968  -0.698039  
-8.93721  -6.54606  -4.69377  -3.42248  -2.41364  -1.57974  -0.698039  
-8.93751  -6.54643  -4.69337  -3.42291  -2.41394  -1.57967  -0.698039  
-8.93759  -6.5465  -4.69339  -3.42293  -2.41396  -1.57968  -0.698039  
-8.93761  -6.54651  -4.69339  -3.42294  -2.41396  -1.57968  -0.698039  
-8.93762  -6.54651  -4.69339  -3.42294  -2.41396  -1.57968  -0.698039  
-8.93762  -6.54651  -4.69339  -3.42294  -2.41396  -1.57968  -0.698039  
-8.93762  -6.54651  -4.69339  -3.42294  -2.41396  -1.57968  -0.698039  
-8.93762  -6.54651  -4.69339  -3.42294  -2.41396  -1.57968  -0.698039  
-8.93762  -6.54651  -4.69339  -3.42294  -2.41396  -1.57968  -0.698039  
-8.93762  -6.54651  -4.69339  -3.42294  -2.41396  -1.57968  -0.698039  
-8.93762  -6.54651  -4.69339  -3.42294  -2.41396  -1.57968  -0.698039  
-8.93762  -6.54651  -4.69339  -3.42294  -2.41396  -1.57968  -0.698039  
-8.93762  -6.54651  -4.69339  -3.42294  -2.41396  -1.57968  -0.698039  
-8.93762  -6.54651  -4.69339  -3.42294  -2.41396  -1.57968  -0.698039  
-8.93762  -6.54651  -4.69339  -3.42294  -2.41396  -1.57968  -0.698039  
-8.93762  -6.54651  -4.69339  -3.42294  -2.41396  -1.57968  -0.698039  
-8.93762  -6.54651  -4.69339  -3.42294  -2.41396  -1.57968  -0.698039  
-8.93762  -6.54651  -4.69339  -3.42294  -2.41396  -1.57968  -0.698039  
-8.93762  -6.54651  -4.69339  -3.42294  -2.41396  -1.57968  -0.698039  
-8.93762  -6.54651  -4.69339  -3.42294  -2.41396  -1.57968  -0.698039  
-8.93762  -6.54651  -4.69339  -3.42294  -2.41396  -1.57968  -0.698039  
-8.93762  -6.54651  -4.69339  -3.42294  -2.41396  -1.57968  -0.698039  
-8.93762  -6.54651  -4.69339  -3.42294  -2.41396  -1.57968  -0.698039  
-8.93762  -6.54651  -4.69339  -3.42294  -2.41396  -1.57968  -0.698039  
-8.93762  -6.54651  -4.69339  -3.42294  -2.41396  -1.57968  -0.698039  
-8.93762  -6.54651  -4.69339  -3.42294  -2.41396  -1.57968  -0.698039  
-8.93762  -6.54651  -4.69339  -3.42294  -2.41396  -1.57968  -0.698039  
-8.93762  -6.54651  -4.69339  -3.42294  -2.41396  -1.57968  -0.698039  
-8.93762  -6.54651  -4.69339  -3.42294  -2.41396  -1.57968  -0.698039  
-8.93762  -6.54651  -4.69339  -3.42294  -2.41396  -1.57968  -0.698039  
-8.93762  -6.54651  -4.69339  -3.42294  -2.41396  -1.57968  -0.698039  
-8.93762  -6.54651  -4.69339  -3.42294  -2.41396  -1.57968  -0.698039  
-8.93762  -6.54651  -4.69339  -3.42294  -2.41396  -1.57968  -0.698039  
