16  50  
-2.69781  -1.83982  -1.23702  -0.823427  -0.527406  -0.291021  -0.0926472  
-3.10948  -2.28703  -1.65771  -1.20442  -0.775776  -0.426081  -0.16873  
-3.13983  -2.27173  -1.67609  -1.21787  -0.806011  -0.441877  -0.178767  
-3.64249  -2.53645  -1.79073  -1.27869  -0.880673  -0.569982  -0.28986  
-3.16102  -2.32957  -1.75129  -1.28113  -0.881555  -0.576415  -0.304876  
-3.71407  -2.57178  -1.81851  -1.29742  -0.886928  -0.583451  -0.315771  
-3.27798  -2.36769  -1.78245  -1.30316  -0.894656  -0.594323  -0.325956  
-3.65857  -2.56182  -1.828  -1.32254  -0.977194  -0.710964  -0.378206  
-4.08721  -3.10511  -2.37803  -1.77504  -1.25673  -0.808227  -0.396443  
-4.11923  -3.09421  -2.37213  -1.77346  -1.26185  -0.819191  -0.40199  
-4.13883  -3.10111  -2.37856  -1.77522  -1.26215  -0.81891  -0.402738  
-4.04213  -3.09188  -2.3809  -1.7772  -1.26401  -0.820352  -0.402789  
-4.058  -3.09937  -2.37851  -1.78213  -1.26661  -0.822245  -0.404551  
-4.06937  -3.10695  -2.389  -1.78597  -1.27126  -0.824606  -0.406835  
-4.08809  -3.12064  -2.38807  -1.78596  -1.27143  -0.825391  -0.408348  
-4.08807  -3.11258  -2.38766  -1.78322  -1.27158  -0.826339  -0.407898  
-4.10047  -3.12437  -2.38929  -1.78816  -1.27314  -0.825841  -0.407482  
-4.09829  -3.11931  -2.39082  -1.78523  -1.27193  -0.826771  -0.408669  
-4.10898  -3.12767  -2.38936  -1.78784  -1.27381  -0.826419  -0.409233  
-4.09543  -3.09377  -2.38149  -1.79874  -1.28217  -0.827086  -0.408572  
-4.13762  -3.11425  -2.38721  -1.79021  -1.27698  -0.830645  -0.410343  
-4.07463  -3.12094  -2.37926  -1.79665  -1.27983  -0.830619  -0.409275  
-4.08336  -3.10927  -2.3936  -1.7993  -1.28124  -0.830663  -0.409982  
-4.16083  -3.10547  -2.38485  -1.79604  -1.2817  -0.831722  -0.41046  
-4.09949  -3.12708  -2.39751  -1.80827  -1.28488  -0.826703  -0.408522  
-4.11639  -3.11499  -2.3893  -1.80272  -1.2861  -0.829849  -0.410808  
-4.1063  -3.10265  -2.40025  -1.80565  -1.28381  -0.828769  -0.409373  
-4.09717  -3.10638  -2.39053  -1.79965  -1.28373  -0.833494  -0.410641  
-4.11882  -3.10917  -2.40555  -1.80881  -1.28557  -0.828216  -0.409221  
-4.12784  -3.11376  -2.39291  -1.80877  -1.28744  -0.829771  -0.410489  
-4.12855  -3.11395  -2.39332  -1.81003  -1.28682  -0.830715  -0.409749  
-4.13062  -3.11423  -2.39113  -1.81045  -1.28696  -0.829726  -0.410497  
-4.1323  -3.11572  -2.39513  -1.81136  -1.28709  -0.830693  -0.410415  
-4.14545  -3.12165  -2.39833  -1.81145  -1.28924  -0.831583  -0.411422  
-4.14891  -3.12424  -2.40552  -1.80954  -1.28796  -0.82958  -0.411062  
-4.14811  -3.12284  -2.39966  -1.80832  -1.29085  -0.838061  -0.412745  
-4.16075  -3.1302  -2.39445  -1.80572  -1.28921  -0.832844  -0.411468  
-4.17772  -3.11381  -2.39569  -1.8021  -1.29088  -0.832959  -0.412016  
-4.18641  -3.12136  -2.38648  -1.80502  -1.29122  -0.834007  -0.412738  
-4.20009  -3.1315  -2.39059  -1.8088  -1.29622  -0.836608  -0.414301  
-4.19622  -3.12894  -2.39217  -1.80782  -1.29216  -0.833704  -0.413026  
-4.16579  -3.13298  -2.39923  -1.80921  -1.2915  -0.835097  -0.412828  
-4.16979  -3.1328  -2.39765  -1.8108  -1.29272  -0.836039  -0.412119  
-4.17358  -3.1389  -2.4014  -1.81093  -1.29595  -0.836866  -0.413521  
-4.18341  -3.14085  -2.40193  -1.81197  -1.29627  -0.83794  -0.414301  
-4.13397  -3.11617  -2.40617  -1.81666  -1.30101  -0.841879  -0.4164  
-4.2189  -3.14541  -2.40788  -1.8139  -1.29946  -0.842001  -0.416381  
-4.10265  -3.11892  -2.39299  -1.81804  -1.30435  -0.842151  -0.416826  
-4.16564  -3.1261  -2.39754  -1.81818  -1.31049  -0.84707  -0.41932  
-4.14086  -3.13397  -2.40441  -1.82003  -1.31231  -0.84889  -0.420096  
-4.53816  -3.26172  -2.4568  -1.84555  -1.32437  -0.834033  -0.37726  
-5.75523  -4.17912  -3.14788  -2.35389  -1.67305  -1.05241  -0.502216  
-6.06151  -4.32865  -3.23696  -2.42479  -1.7536  -1.1336  -0.551069  
-6.35382  -4.46864  -3.31109  -2.45688  -1.75479  -1.13362  -0.546449  
-6.56337  -4.57302  -3.37231  -2.49854  -1.78721  -1.14885  -0.559192  
-6.80845  -4.71933  -3.47752  -2.57052  -1.82754  -1.17869  -0.567893  
-6.97678  -4.83036  -3.55756  -2.62118  -1.85751  -1.18618  -0.57617  
-7.23145  -5.03062  -3.71912  -2.75344  -1.96037  -1.26652  -0.624684  
-7.31264  -5.0629  -3.73121  -2.75245  -1.94953  -1.24992  -0.608641  
-7.36306  -5.07981  -3.72979  -2.7442  -1.94067  -1.2397  -0.598453  
-7.44054  -5.12457  -3.75859  -2.75194  -1.93752  -1.23437  -0.601259  
-7.47589  -5.14307  -3.77032  -2.76382  -1.94787  -1.24402  -0.603584  
-7.50482  -5.15463  -3.78105  -2.77559  -1.96378  -1.25394  -0.6111  
-7.54581  -5.17609  -3.79208  -2.7843  -1.97068  -1.26502  -0.614955  
-7.54855  -5.17085  -3.77708  -2.7691  -1.95534  -1.25316  -0.612086  
-7.57986  -5.18601  -3.79287  -2.78332  -1.96739  -1.25491  -0.61359  
-7.57978  -5.1787  -3.78494  -2.76556  -1.95239  -1.24998  -0.610939  
-7.60428  -5.19223  -3.79113  -2.77505  -1.95133  -1.25184  -0.61315  
-7.7445  -5.33062  -3.92424  -2.89564  -2.06072  -1.32797  -0.647505  
-7.65849  -5.234  -3.8207  -2.80259  -1.9781  -1.26665  -0.616511  
-7.73381  -5.30036  -3.8834  -2.84235  -1.99702  -1.27345  -0.620472  
-7.75554  -5.31345  -3.8978  -2.85942  -2.01219  -1.2828  -0.621538  
-7.70795  -5.26374  -3.84309  -2.81479  -1.99267  -1.27885  -0.625286  
-7.79299  -5.34393  -3.9186  -2.8829  -2.04748  -1.31661  -0.646186  
-7.82177  -5.37173  -3.94746  -2.90964  -2.06777  -1.33427  -0.653883  
-7.81206  -5.34757  -3.9204  -2.88522  -2.03935  -1.30766  -0.637858  
-7.79982  -5.33008  -3.89541  -2.85064  -2.00571  -1.27475  -0.624561  
-7.83895  -5.36365  -3.9296  -2.88385  -2.03726  -1.30467  -0.635754  
-7.85751  -5.37495  -3.9377  -2.89004  -2.04524  -1.31351  -0.641618  
-7.8618  -5.37402  -3.93671  -2.89186  -2.04003  -1.30931  -0.640853  
-7.86863  -5.37555  -3.93364  -2.88697  -2.04565  -1.3137  -0.64159  
-7.87344  -5.37713  -3.93934  -2.89246  -2.04681  -1.31031  -0.637335  
-7.89998  -5.39308  -3.9403  -2.8908  -2.04621  -1.31467  -0.642384  
-7.91092  -5.39844  -3.95217  -2.90573  -2.05187  -1.32038  -0.646767  
-7.91144  -5.39655  -3.94477  -2.88909  -2.03352  -1.29202  -0.61994  
-7.93504  -5.41302  -3.95994  -2.90952  -2.05616  -1.31374  -0.632819  
-7.97277  -5.43698  -3.97917  -2.92421  -2.06974  -1.32517  -0.644888  
-7.99014  -5.44857  -3.98609  -2.92628  -2.07215  -1.33083  -0.648811  
-8.01864  -5.46883  -4.00572  -2.94833  -2.09374  -1.35069  -0.660467  
-8.01627  -5.45874  -3.99123  -2.93411  -2.06925  -1.32692  -0.642774  
-8.05974  -5.48446  -4.00758  -2.93913  -2.07359  -1.33085  -0.649391  
-8.07618  -5.49356  -4.00918  -2.93339  -2.07025  -1.31725  -0.634749  
-8.10747  -5.50613  -4.0111  -2.93922  -2.07482  -1.3307  -0.64766  
-8.1409  -5.52257  -4.02862  -2.949  -2.08143  -1.33196  -0.650518  
-8.22622  -5.58892  -4.07448  -2.97932  -2.10668  -1.35409  -0.661442  
-8.25923  -5.59868  -4.07662  -2.98842  -2.11101  -1.35792  -0.667789  
-8.34859  -5.66022  -4.11947  -3.0133  -2.11744  -1.35524  -0.662297  
-8.48358  -5.7676  -4.2148  -3.08364  -2.17758  -1.39313  -0.682313  
-8.59042  -5.82729  -4.25723  -3.11628  -2.19809  -1.41339  -0.691833  
-8.91135  -6.09116  -4.47571  -3.28719  -2.32253  -1.47926  -0.716823  
