32 50  
-3.13533  -2.64789  -2.24128  -1.8617  -1.83825  -1.49293  -1.20307  -0.924655  -0.906205  -0.653404  -0.446374  -0.267112  -0.257815  -0.129533  -0.0328838  
-3.28369  -2.79898  -2.38775  -1.99579  -1.97325  -1.61651  -1.3087  -1.01166  -0.993966  -0.731492  -0.512399  -0.314736  -0.305395  -0.155409  -0.0403974  
-3.42871  -2.92066  -2.48483  -2.08544  -2.06349  -1.69637  -1.38086  -1.07973  -1.06243  -0.794384  -0.576537  -0.366683  -0.356976  -0.192113  -0.0538929  
-3.54694  -3.01628  -2.58423  -2.17664  -2.15492  -1.77604  -1.45339  -1.14609  -1.12897  -0.846593  -0.606686  -0.381609  -0.372075  -0.193206  -0.0524066  
-3.58978  -3.05591  -2.61615  -2.21196  -2.19062  -1.81977  -1.49327  -1.1863  -1.16941  -0.880764  -0.632155  -0.406144  -0.396552  -0.209828  -0.0572297  
-3.64146  -3.1019  -2.65245  -2.24414  -2.22307  -1.84677  -1.51691  -1.19715  -1.18051  -0.889088  -0.637689  -0.403699  -0.394398  -0.208039  -0.0572835  
-3.69242  -3.14226  -2.69264  -2.27978  -2.25886  -1.8788  -1.55088  -1.22795  -1.21142  -0.915169  -0.660852  -0.417437  -0.408134  -0.213389  -0.0591861  
-3.71525  -3.16843  -2.72571  -2.30634  -2.28553  -1.89442  -1.55321  -1.22805  -1.21178  -0.917794  -0.658638  -0.420726  -0.411567  -0.221278  -0.0617375  
-3.76163  -3.20677  -2.75827  -2.33887  -2.31819  -1.92138  -1.57829  -1.25013  -1.23394  -0.934532  -0.670833  -0.42653  -0.417439  -0.223939  -0.0628775  
-3.79121  -3.24536  -2.79524  -2.36974  -2.34914  -1.94452  -1.59623  -1.26874  -1.25264  -0.950998  -0.685604  -0.436073  -0.426979  -0.229023  -0.0653644  
-3.81488  -3.26321  -2.81327  -2.38193  -2.36143  -1.9573  -1.60295  -1.27029  -1.25436  -0.953241  -0.687015  -0.435995  -0.427022  -0.22786  -0.0650864  
-3.83109  -3.27682  -2.82681  -2.39453  -2.37415  -1.97952  -1.62212  -1.27956  -1.26373  -0.963348  -0.695335  -0.441164  -0.432233  -0.231781  -0.0663779  
-3.84339  -3.2928  -2.8484  -2.42495  -2.40465  -2.00118  -1.63144  -1.28689  -1.27117  -0.972304  -0.703947  -0.452103  -0.443137  -0.241011  -0.0688741  
-3.85668  -3.29896  -2.83958  -2.40967  -2.38954  -1.99423  -1.63642  -1.28976  -1.27415  -0.965808  -0.697589  -0.450326  -0.441478  -0.240636  -0.0689875  
-3.87045  -3.31932  -2.85898  -2.42673  -2.40668  -2.00896  -1.64704  -1.29873  -1.28319  -0.972093  -0.700891  -0.451252  -0.442479  -0.241757  -0.0701033  
-3.87932  -3.32772  -2.86569  -2.43383  -2.41388  -2.01679  -1.65781  -1.30973  -1.29424  -0.987585  -0.715436  -0.458233  -0.449453  -0.24337  -0.0697241  
-3.89871  -3.33434  -2.87267  -2.44039  -2.42052  -2.0231  -1.66199  -1.31006  -1.29468  -0.983728  -0.716544  -0.467646  -0.458832  -0.251051  -0.0721825  
-3.92935  -3.35979  -2.89221  -2.45575  -2.43594  -2.03311  -1.67151  -1.32367  -1.30834  -1.00177  -0.730133  -0.472748  -0.463946  -0.252112  -0.0720405  
-3.9474  -3.37597  -2.90392  -2.4646  -2.44486  -2.04104  -1.67605  -1.32584  -1.3106  -0.998761  -0.726525  -0.472137  -0.463418  -0.251481  -0.0719516  
-3.95355  -3.37631  -2.90461  -2.46913  -2.44949  -2.04846  -1.69337  -1.34243  -1.32719  -1.01266  -0.740275  -0.481669  -0.472909  -0.259104  -0.0750246  
-3.98329  -3.40024  -2.91045  -2.47314  -2.45356  -2.05362  -1.69803  -1.34255  -1.32741  -1.02066  -0.735517  -0.478167  -0.469517  -0.255833  -0.0745898  
-4.048  -3.47483  -2.96603  -2.52765  -2.50807  -2.10716  -1.73844  -1.39129  -1.37607  -1.06518  -0.761232  -0.492402  -0.483659  -0.259  -0.0737929  
-4.03336  -3.45303  -2.95061  -2.51293  -2.49349  -2.09701  -1.74238  -1.3916  -1.37645  -1.06427  -0.765202  -0.500476  -0.491727  -0.273855  -0.0809875  
-4.05194  -3.47457  -2.96939  -2.53023  -2.51085  -2.10931  -1.74897  -1.39634  -1.38128  -1.06296  -0.764313  -0.501546  -0.492864  -0.272489  -0.0803101  
-4.09548  -3.51098  -2.99934  -2.55007  -2.5307  -2.12062  -1.76191  -1.41285  -1.39782  -1.09115  -0.793185  -0.520649  -0.511835  -0.280429  -0.0809521  
-4.09555  -3.52001  -3.00855  -2.55723  -2.53796  -2.13086  -1.77262  -1.42106  -1.40611  -1.09531  -0.793081  -0.516278  -0.507593  -0.276525  -0.0800707  
-4.10205  -3.52588  -3.01739  -2.56527  -2.54609  -2.13358  -1.77504  -1.4233  -1.40845  -1.08778  -0.784288  -0.514472  -0.505894  -0.277769  -0.0809299  
-4.11352  -3.52975  -3.01845  -2.56945  -2.55038  -2.13733  -1.77612  -1.42696  -1.41221  -1.09107  -0.784043  -0.512484  -0.504014  -0.280469  -0.0840393  
-4.79573  -4.11862  -3.55315  -3.03439  -3.01389  -2.56775  -2.17456  -1.79179  -1.77563  -1.44058  -1.11463  -0.805065  -0.522529  -0.285984  -0.0857379  
-4.80081  -4.11498  -3.55663  -3.06151  -3.04117  -2.58682  -2.18453  -1.79534  -1.77928  -1.43567  -1.0998  -0.796599  -0.525294  -0.284232  -0.0835538  
-4.82961  -4.14396  -3.58065  -3.068  -3.04771  -2.59021  -2.18816  -1.80419  -1.78826  -1.44565  -1.10737  -0.805752  -0.534487  -0.289763  -0.084758  
-4.84853  -4.1643  -3.60421  -3.09739  -3.0772  -2.6171  -2.20982  -1.82329  -1.80744  -1.46773  -1.13336  -0.820678  -0.538175  -0.291515  -0.0851166  
-4.86696  -4.17113  -3.61991  -3.12086  -3.10078  -2.6319  -2.20803  -1.80973  -1.79409  -1.45529  -1.11929  -0.812886  -0.542742  -0.29728  -0.0876378  
-4.89879  -4.21996  -3.65257  -3.1457  -3.12575  -2.6681  -2.25085  -1.85965  -1.84403  -1.49952  -1.16083  -0.848612  -0.558301  -0.301603  -0.0885645  
-4.92781  -4.24476  -3.67265  -3.1594  -3.1396  -2.68452  -2.2713  -1.86738  -1.85189  -1.50411  -1.17253  -0.864645  -0.576828  -0.316888  -0.0944497  
-4.94373  -4.24878  -3.67719  -3.16875  -3.14915  -2.69249  -2.27177  -1.86695  -1.8517  -1.50694  -1.17195  -0.86059  -0.573205  -0.309584  -0.0900023  
-4.99703  -4.29467  -3.7139  -3.20076  -3.18132  -2.72301  -2.30455  -1.89792  -1.8828  -1.53378  -1.20115  -0.884586  -0.584572  -0.314425  -0.0918213  
-5.07312  -4.35509  -3.75861  -3.22822  -3.20894  -2.74678  -2.32511  -1.912  -1.8971  -1.54301  -1.21123  -0.898887  -0.595357  -0.317236  -0.0911781  
-5.11837  -4.38916  -3.79479  -3.25976  -3.2407  -2.77656  -2.35538  -1.94504  -1.93038  -1.57969  -1.23738  -0.914714  -0.605429  -0.321233  -0.0921451  
-5.16761  -4.44861  -3.84759  -3.30693  -3.28814  -2.82794  -2.40923  -1.98382  -1.96939  -1.60095  -1.2551  -0.920492  -0.601384  -0.320058  -0.0943607  
-5.21829  -4.49087  -3.88079  -3.3297  -3.31131  -2.85532  -2.44013  -2.01235  -1.9983  -1.63153  -1.28234  -0.944519  -0.625841  -0.342338  -0.104025  
-5.28085  -4.54424  -3.92864  -3.38968  -3.37179  -2.90987  -2.49096  -2.05647  -2.04284  -1.65754  -1.29686  -0.9491  -0.638039  -0.359454  -0.108787  
-5.36874  -4.64294  -4.02612  -3.46898  -3.45158  -2.97118  -2.53621  -2.10634  -2.09331  -1.71428  -1.34133  -0.977543  -0.657163  -0.372995  -0.11427  
-5.53583  -4.77119  -4.13332  -3.56351  -3.54682  -3.05627  -2.61187  -2.16112  -2.14885  -1.75496  -1.38064  -1.01825  -0.692569  -0.393813  -0.121685  
-5.71966  -4.939  -4.28881  -3.68641  -3.67066  -3.16372  -2.70516  -2.24972  -2.23847  -1.8327  -1.44553  -1.07586  -0.728199  -0.414329  -0.128576  
-6.01941  -5.18401  -4.49534  -3.91369  -3.89939  -3.3769  -2.87779  -2.3933  -2.38332  -1.95243  -1.55245  -1.15273  -0.782746  -0.453737  -0.143403  
-7.39616  -6.39162  -5.52931  -4.76459  -4.10988  -3.56321  -3.05567  -2.55548  -2.54744  -2.09737  -1.6675  -1.25851  -0.887713  -0.550167  -0.187767  
-8.00197  -6.88723  -5.956  -5.14379  -4.47045  -3.86143  -3.2777  -2.74736  -2.7419  -2.24578  -1.77272  -1.33359  -0.93559  -0.558302  -0.184456  
-9.04891  -7.76443  -6.66938  -5.72975  -4.94817  -4.27387  -3.6483  -3.02236  -3.01958  -2.47176  -1.9897  -1.49144  -1.01286  -0.607812  -0.210746  
-10.083  -8.59591  -7.38948  -6.31994  -6.31719  -5.37546  -4.61119  -3.94868  -3.28213  -2.67138  -2.13505  -1.65683  -1.15513  -0.654119  -0.189541  


-8.86701  -7.22277  -6.10012  -5.26566  -4.55405  -3.95781  -3.42883  -2.95951  -2.50535  -2.08898  -1.70195  -1.33718  -0.985864  -0.65195  -0.309629  
-9.03754  -7.37426  -6.22417  -5.36533  -4.63253  -4.01912  -3.46519  -2.99874  -2.52447  -2.122  -1.72608  -1.36604  -1.02435  -0.673215  -0.345695  
-9.13038  -7.46235  -6.29737  -5.44765  -4.70669  -4.07513  -3.5279  -3.03996  -2.57493  -2.15034  -1.7609  -1.38362  -1.02687  -0.672276  -0.32583  
-9.24176  -7.52522  -6.34386  -5.45651  -4.71107  -4.0783  -3.52845  -3.05249  -2.59034  -2.16531  -1.77954  -1.39151  -1.04495  -0.684972  -0.342966  
-9.31435  -7.55951  -6.37401  -5.49715  -4.73657  -4.10127  -3.54334  -3.06551  -2.59278  -2.16813  -1.76572  -1.3868  -1.02287  -0.673542  -0.322592  
-9.42286  -7.65146  -6.44485  -5.54782  -4.76936  -4.12303  -3.56304  -3.08143  -2.60971  -2.18813  -1.78604  -1.40098  -1.03263  -0.675351  -0.325411  
-9.44537  -7.66528  -6.44426  -5.56528  -4.77729  -4.14125  -3.57919  -3.09004  -2.60291  -2.17452  -1.76832  -1.39068  -1.01836  -0.676933  -0.332188  
-9.48032  -7.6814  -6.47963  -5.57371  -4.8004  -4.15303  -3.59451  -3.10229  -2.61962  -2.18752  -1.77732  -1.39641  -1.02204  -0.67354  -0.329265  
-9.51201  -7.71879  -6.49726  -5.59552  -4.82405  -4.18539  -3.62793  -3.12413  -2.62542  -2.19768  -1.79478  -1.40653  -1.03349  -0.67225  -0.334197  
-9.53861  -7.7285  -6.51124  -5.60843  -4.83761  -4.18789  -3.63204  -3.12328  -2.62849  -2.18971  -1.78455  -1.39544  -1.02376  -0.661074  -0.325809  
-9.59047  -7.75399  -6.52686  -5.62768  -4.83957  -4.19091  -3.63731  -3.12817  -2.64611  -2.198  -1.78221  -1.40649  -1.02111  -0.666917  -0.325389  
-9.59856  -7.76382  -6.52855  -5.63424  -4.84366  -4.20184  -3.65721  -3.14628  -2.6517  -2.19482  -1.78181  -1.41464  -1.03314  -0.680195  -0.336987  
-9.64116  -7.78897  -6.54502  -5.637  -4.84275  -4.19275  -3.63121  -3.129  -2.64047  -2.19149  -1.77236  -1.39563  -1.01997  -0.674363  -0.331066  
-9.68507  -7.82712  -6.55621  -5.64747  -4.85021  -4.2194  -3.63801  -3.14174  -2.64572  -2.19685  -1.77943  -1.39465  -1.01938  -0.666088  -0.329659  
-9.70898  -7.82564  -6.57141  -5.64978  -4.84634  -4.21544  -3.63801  -3.14367  -2.65216  -2.20876  -1.78905  -1.40952  -1.02535  -0.674262  -0.323112  
-9.71577  -7.83909  -6.59762  -5.6614  -4.86238  -4.20323  -3.64336  -3.14103  -2.65286  -2.19574  -1.77433  -1.40042  -1.02797  -0.68068  -0.334395  
-9.74723  -7.86585  -6.61711  -5.68228  -4.88766  -4.22595  -3.65413  -3.15128  -2.65631  -2.20758  -1.79252  -1.41651  -1.03881  -0.68124  -0.32911  
-9.74828  -7.87143  -6.63082  -5.70106  -4.8989  -4.23625  -3.66101  -3.15732  -2.65539  -2.20166  -1.78448  -1.40429  -1.02862  -0.674206  -0.322404  
-9.75073  -7.87451  -6.62574  -5.6967  -4.89658  -4.22459  -3.65016  -3.15502  -2.6612  -2.21918  -1.79898  -1.41772  -1.03772  -0.685481  -0.339996  
-9.7965  -7.88431  -6.63284  -5.68452  -4.89258  -4.2169  -3.65326  -3.14608  -2.66376  -2.21365  -1.78579  -1.4066  -1.03131  -0.669783  -0.334305  
-9.86918  -7.95043  -6.69272  -5.75532  -4.9578  -4.29163  -3.7117  -3.20205  -2.71267  -2.2491  -1.84126  -1.43066  -1.05396  -0.685244  -0.32789  
-9.86926  -7.93054  -6.66081  -5.71718  -4.92812  -4.26222  -3.68358  -3.17646  -2.70423  -2.25256  -1.83193  -1.42542  -1.05209  -0.696412  -0.350348  
-9.886  -7.95512  -6.68567  -5.73812  -4.94393  -4.28044  -3.69474  -3.19037  -2.70118  -2.25139  -1.8271  -1.4204  -1.05065  -0.6861  -0.345868  
-9.91161  -7.98813  -6.71642  -5.76625  -4.98214  -4.30256  -3.71981  -3.20302  -2.71304  -2.2633  -1.85092  -1.45248  -1.08058  -0.713064  -0.345307  
-9.91707  -7.99896  -6.71281  -5.77912  -4.97525  -4.31039  -3.71885  -3.20665  -2.72035  -2.26817  -1.85196  -1.44968  -1.0708  -0.70049  -0.343614  
-9.9425  -8.00409  -6.7244  -5.77234  -4.97635  -4.30924  -3.72568  -3.20532  -2.70814  -2.26454  -1.84225  -1.43821  -1.05641  -0.694855  -0.340003  
-9.99402  -8.01546  -6.7232  -5.7765  -4.97803  -4.29591  -3.71582  -3.19967  -2.70175  -2.26103  -1.83834  -1.43225  -1.04755  -0.682398  -0.344588  
-10.0078  -8.03208  -6.74738  -5.79627  -4.99673  -4.31901  -3.72275  -3.21271  -2.71891  -2.26736  -1.85172  -1.4496  -1.06446  -0.695032  -0.347219  
-9.99606  -8.0234  -6.73816  -5.79082  -4.98676  -4.31685  -3.74072  -3.21339  -2.72018  -2.25936  -1.83397  -1.43629  -1.0562  -0.685866  -0.340367  
-10.0358  -8.05369  -6.76612  -5.81296  -5.00513  -4.32739  -3.73785  -3.21211  -2.7126  -2.26255  -1.83312  -1.43706  -1.065  -0.697865  -0.340528  
-10.0434  -8.06025  -6.7714  -5.82735  -5.01883  -4.34171  -3.75969  -3.23389  -2.72829  -2.28249  -1.8621  -1.45069  -1.06785  -0.696745  -0.344379  
-10.0931  -8.08626  -6.78478  -5.83607  -5.01764  -4.35547  -3.77185  -3.23194  -2.71098  -2.25295  -1.83299  -1.42922  -1.06108  -0.700433  -0.346964  
-10.1039  -8.09841  -6.79614  -5.85386  -5.0549  -4.37041  -3.79754  -3.26212  -2.7527  -2.30885  -1.87278  -1.46593  -1.08262  -0.704796  -0.342061  
-10.2082  -8.15582  -6.84679  -5.87504  -5.0614  -4.38047  -3.79226  -3.26782  -2.75808  -2.29875  -1.87049  -1.46797  -1.09559  -0.720646  -0.361432  
-10.1785  -8.14289  -6.8136  -5.88054  -5.04759  -4.37267  -3.79186  -3.26997  -2.74852  -2.28757  -1.86801  -1.45569  -1.07787  -0.712067  -0.346173  
-10.2475  -8.19495  -6.878  -5.90233  -5.08295  -4.39343  -3.81256  -3.28272  -2.7667  -2.30679  -1.88469  -1.48495  -1.09381  -0.715343  -0.338442  
-10.311  -8.26874  -6.93755  -5.95822  -5.12684  -4.4216  -3.82078  -3.29254  -2.77263  -2.30492  -1.88211  -1.48313  -1.09859  -0.712637  -0.339877  
-10.37  -8.28981  -6.96909  -5.98336  -5.14029  -4.44542  -3.83079  -3.30853  -2.78676  -2.33019  -1.90367  -1.4872  -1.10637  -0.71336  -0.333211  
-10.4264  -8.34105  -6.99846  -6.00875  -5.17753  -4.47272  -3.8693  -3.33568  -2.8179  -2.34121  -1.90899  -1.48925  -1.09013  -0.702871  -0.329949  
-10.4833  -8.37832  -7.01873  -6.04117  -5.18481  -4.47755  -3.86371  -3.34053  -2.82295  -2.34594  -1.91831  -1.49359  -1.0973  -0.719867  -0.344929  
-10.5404  -8.41717  -7.03668  -6.07626  -5.19906  -4.49802  -3.89233  -3.36258  -2.84741  -2.35724  -1.91457  -1.49469  -1.09363  -0.724164  -0.350719  
-10.6532  -8.48442  -7.09505  -6.12122  -5.25887  -4.54468  -3.92911  -3.38855  -2.86419  -2.37538  -1.93987  -1.50802  -1.09356  -0.720298  -0.357406  
-10.8334  -8.64367  -7.23361  -6.20892  -5.32772  -4.60383  -3.97004  -3.42702  -2.88874  -2.3766  -1.94344  -1.51884  -1.1139  -0.735148  -0.361354  
-11.0201  -8.78898  -7.34361  -6.31688  -5.4282  -4.68739  -4.02928  -3.4768  -2.92049  -2.42893  -1.96705  -1.5447  -1.1266  -0.736731  -0.361393  
-11.3496  -9.04477  -7.57615  -6.50531  -5.56732  -4.81073  -4.17931  -3.57622  -3.01991  -2.4934  -2.03155  -1.59185  -1.14833  -0.757715  -0.375156  
-11.727  -9.37047  -7.82424  -6.72385  -5.73472  -4.94247  -4.24316  -3.68937  -3.10013  -2.56775  -2.09352  -1.63165  -1.20995  -0.80507  -0.431981  
-12.3537  -9.80466  -8.14737  -6.97677  -5.95927  -5.12791  -4.43581  -3.81232  -3.19854  -2.63487  -2.13218  -1.65518  -1.21428  -0.795402  -0.396352  
-13.3086  -10.5669  -8.81031  -7.53312  -6.40996  -5.50051  -4.74336  -4.07479  -3.41275  -2.8192  -2.28437  -1.7869  -1.27635  -0.85294  -0.416865  
-151.34  -11.3929  -9.44576  -8.07848  -6.90886  -5.88154  -5.01856  -4.3346  -3.62833  -2.99197  -2.40963  -1.88524  -1.40438  -0.894621  -0.415587  
-188.124  -12.1563  -9.99198  -8.56861  -7.20407  -6.17173  -5.31715  -4.60634  -3.88019  -3.12929  -2.52044  -1.93711  -1.35764  -0.885191  -0.431749  
