16 16  
-4.11912  -3.06434  -2.25106  -1.5451  -0.9436  -0.458776  -0.111467  
-4.30565  -3.29912  -2.45509  -1.70456  -1.06169  -0.518855  -0.120172  
-4.44516  -3.45982  -2.60059  -1.83484  -1.17431  -0.599495  -0.151966  
-4.59828  -3.5262  -2.65005  -1.88065  -1.19737  -0.610524  -0.159301  
-4.76313  -3.68723  -2.76659  -1.96533  -1.25114  -0.634362  -0.161789  
-4.89065  -3.77361  -2.83928  -2.01251  -1.27874  -0.663275  -0.1784  
-4.94686  -3.83938  -2.90277  -2.04844  -1.3008  -0.681947  -0.179337  
-4.96577  -3.81998  -2.86443  -2.03177  -1.30196  -0.686895  -0.181718  
-5.03114  -3.89635  -2.94851  -2.09215  -1.34273  -0.713865  -0.191262  
-5.07484  -3.90222  -2.93121  -2.10174  -1.37239  -0.742274  -0.205672  
-5.17938  -3.98562  -3.05931  -2.18497  -1.40639  -0.766452  -0.214175  
-5.26326  -4.0777  -3.10768  -2.24079  -1.4566  -0.791976  -0.223344  
-5.40786  -4.18564  -3.19144  -2.31136  -1.51452  -0.822984  -0.230005  
-5.6278  -4.36704  -3.31601  -2.40189  -1.59211  -0.880123  -0.244355  
-5.94805  -4.65106  -3.53208  -2.54542  -1.67799  -0.923118  -0.265489  
-6.35808  -4.9475  -3.75024  -2.66984  -1.73835  -0.961909  -0.269202  


-7.41434  -5.44436  -4.09708  -3.0494  -2.14318  -1.35706  -0.631621  
-7.52418  -5.54175  -4.18267  -3.1225  -2.22038  -1.41421  -0.676081  
-7.65659  -5.61459  -4.17937  -3.12893  -2.19712  -1.37856  -0.654886  
-7.79935  -5.71334  -4.28136  -3.165  -2.23192  -1.40092  -0.649839  
-7.93437  -5.79268  -4.32867  -3.20831  -2.23318  -1.41008  -0.65757  
-7.96761  -5.80388  -4.3559  -3.23145  -2.23833  -1.40823  -0.665034  
-7.96435  -5.78021  -4.28149  -3.18799  -2.21163  -1.37261  -0.651177  
-8.02477  -5.83849  -4.35928  -3.23224  -2.25261  -1.42409  -0.673649  
-8.04238  -5.8395  -4.31975  -3.22199  -2.24909  -1.42721  -0.686183  
-8.15869  -5.94554  -4.40073  -3.31241  -2.2849  -1.4627  -0.691858  
-8.23849  -5.97884  -4.42446  -3.32306  -2.31535  -1.45697  -0.691502  
-8.33373  -6.05216  -4.46781  -3.36576  -2.33923  -1.47713  -0.693161  
-8.52109  -6.16741  -4.55963  -3.41392  -2.37196  -1.49924  -0.713277  
-8.82018  -6.37458  -4.73484  -3.49793  -2.43162  -1.54609  -0.720852  
-9.21082  -6.58054  -4.88034  -3.61003  -2.44899  -1.55964  -0.706313  
-9.51108  -6.84627  -5.06295  -3.76326  -2.57638  -1.61435  -0.72009  
