16 50  
-3.83141  -2.81309  -2.03704  -1.37569  -0.813572  -0.371192  -0.0826198  
-3.94985  -2.94399  -2.14598  -1.52126  -0.95192  -0.470775  -0.114783  
-4.08853  -3.11641  -2.29561  -1.61042  -0.990434  -0.476321  -0.115701  
-4.13629  -3.12522  -2.31894  -1.59898  -0.994439  -0.497025  -0.123413  
-4.16135  -3.151  -2.3511  -1.61733  -1.00473  -0.493271  -0.119465  
-4.20222  -3.18056  -2.36782  -1.63824  -1.02012  -0.501225  -0.122538  
-4.21861  -3.19556  -2.37753  -1.64763  -1.03472  -0.523156  -0.132077  
-4.19699  -3.20284  -2.38688  -1.6577  -1.03949  -0.501961  -0.118108  
-4.24111  -3.23293  -2.40155  -1.66288  -1.03719  -0.513281  -0.126853  
-4.22921  -3.21346  -2.39933  -1.66859  -1.04831  -0.517503  -0.126101  
-4.23393  -3.22336  -2.40219  -1.67107  -1.05105  -0.519886  -0.126686  
-4.23689  -3.22593  -2.40485  -1.67182  -1.05195  -0.521122  -0.126972  
-4.23947  -3.22852  -2.40698  -1.6736  -1.05332  -0.522279  -0.127434  
-4.24318  -3.23076  -2.40873  -1.67509  -1.0545  -0.522934  -0.127577  
-4.24496  -3.23243  -2.41011  -1.67626  -1.05541  -0.523544  -0.127749  
-4.24651  -3.23374  -2.42023  -1.68216  -1.0568  -0.527358  -0.130047  
-4.24887  -3.23469  -2.4215  -1.68757  -1.0547  -0.521931  -0.128559  
-4.24931  -3.23406  -2.40792  -1.67831  -1.05838  -0.528671  -0.130326  
-4.24834  -3.23506  -2.4222  -1.67835  -1.04908  -0.522391  -0.128842  
-4.24843  -3.23412  -2.41249  -1.68008  -1.05887  -0.528648  -0.130418  
-4.24946  -3.23612  -2.42283  -1.67849  -1.04937  -0.522685  -0.128871  
-4.24865  -3.23597  -2.41337  -1.67984  -1.05881  -0.528894  -0.130501  
-4.25095  -3.23666  -2.42318  -1.67901  -1.0497  -0.522813  -0.128927  
-4.24912  -3.23609  -2.41356  -1.68122  -1.05971  -0.529058  -0.13055  
-4.25152  -3.23716  -2.42385  -1.67957  -1.05006  -0.523034  -0.128973  
-4.24931  -3.23478  -2.41343  -1.68147  -1.05928  -0.528803  -0.130579  
-4.25166  -3.23723  -2.42391  -1.68003  -1.05031  -0.523046  -0.12899  
-4.24953  -3.23498  -2.41359  -1.6816  -1.05938  -0.52887  -0.130589  
-4.25179  -3.23736  -2.42402  -1.68012  -1.05043  -0.523131  -0.129004  
-4.24964  -3.23508  -2.41367  -1.68075  -1.05885  -0.52891  -0.130601  
-4.25163  -3.23726  -2.4237  -1.68012  -1.05047  -0.523065  -0.129003  
-4.24984  -3.23513  -2.4137  -1.68077  -1.05887  -0.528929  -0.130608  
-4.25167  -3.2373  -2.42373  -1.68015  -1.0505  -0.523087  -0.129012  
-4.24988  -3.23516  -2.41373  -1.6808  -1.05889  -0.528944  -0.130613  
-4.25171  -3.23733  -2.42376  -1.68017  -1.05051  -0.523098  -0.129015  
-4.2499  -3.23519  -2.41375  -1.68082  -1.05891  -0.528953  -0.130615  
-4.25172  -3.23735  -2.42377  -1.68019  -1.05052  -0.523104  -0.129017  
-4.24992  -3.2352  -2.41376  -1.68083  -1.05891  -0.528958  -0.130617  
-4.25174  -3.23736  -2.42378  -1.68019  -1.05053  -0.523109  -0.129018  
-4.24993  -3.23521  -2.41376  -1.68083  -1.05892  -0.528962  -0.130618  
-4.25174  -3.23737  -2.42378  -1.6802  -1.05053  -0.523111  -0.129019  
-4.24993  -3.23521  -2.41377  -1.68084  -1.05892  -0.528964  -0.130619  
-4.25175  -3.23737  -2.42379  -1.6802  -1.05054  -0.523113  -0.12902  
-4.24994  -3.23522  -2.41377  -1.68084  -1.05892  -0.528965  -0.130619  
-4.25175  -3.23737  -2.42379  -1.6802  -1.05054  -0.523114  -0.12902  
-4.24994  -3.23522  -2.41377  -1.68084  -1.05892  -0.528966  -0.130619  
-4.25175  -3.23738  -2.42379  -1.6802  -1.05054  -0.523114  -0.12902  
-4.24994  -3.23522  -2.41377  -1.68084  -1.05892  -0.528966  -0.130619  
-4.25175  -3.23738  -2.42379  -1.68021  -1.05054  -0.523114  -0.12902  
-4.24994  -3.23522  -2.41377  -1.68084  -1.05892  -0.528966  -0.130619  


-7.1096  -5.23805  -3.93145  -2.93765  -2.14819  -1.35033  -0.689589  
-7.24397  -5.3675  -4.07355  -3.0135  -2.18214  -1.37613  -0.662403  
-7.30142  -5.37753  -4.05463  -3.02124  -2.14675  -1.38875  -0.673176  
-7.32966  -5.40181  -4.06084  -3.0357  -2.1404  -1.37362  -0.659581  
-7.34818  -5.4209  -4.07575  -3.04485  -2.15158  -1.38395  -0.656123  
-7.36604  -5.42957  -4.07732  -3.02724  -2.14462  -1.38855  -0.675917  
-7.35049  -5.40837  -4.07096  -3.05014  -2.15746  -1.38904  -0.637167  
-7.38179  -5.43762  -4.10522  -3.04581  -2.15457  -1.38613  -0.656282  
-7.38231  -5.4316  -4.07631  -3.04303  -2.15857  -1.3903  -0.658135  
-7.3806  -5.43511  -4.08216  -3.03888  -2.16584  -1.38445  -0.657114  
-7.37985  -5.42413  -4.0753  -3.04191  -2.14548  -1.39661  -0.6528  
-7.37506  -5.42659  -4.08061  -3.04503  -2.15882  -1.3945  -0.663744  
-7.37709  -5.4439  -4.08842  -3.04749  -2.15107  -1.39514  -0.660493  
-7.37877  -5.44442  -4.0879  -3.04688  -2.15254  -1.38468  -0.658001  
-7.38394  -5.44612  -4.09671  -3.05757  -2.1676  -1.38696  -0.670647  
-7.4036  -5.43779  -4.08914  -3.0582  -2.16679  -1.37678  -0.658148  
-7.38519  -5.44544  -4.07786  -3.05023  -2.16747  -1.39933  -0.672538  
-7.40266  -5.43786  -4.09066  -3.05579  -2.15963  -1.37809  -0.660037  
-7.38846  -5.45073  -4.08289  -3.05109  -2.16684  -1.39832  -0.669393  
-7.40115  -5.43703  -4.08397  -3.05589  -2.15378  -1.38886  -0.656888  
-7.38966  -5.44009  -4.09105  -3.0515  -2.15295  -1.39901  -0.669346  
-7.40111  -5.44031  -4.08539  -3.05595  -2.15679  -1.378  -0.656814  
-7.39048  -5.44067  -4.08429  -3.0497  -2.16866  -1.3948  -0.668892  
-7.39984  -5.44063  -4.08578  -3.06649  -2.15751  -1.39154  -0.655099  
-7.39168  -5.43902  -4.08061  -3.05281  -2.16833  -1.38363  -0.668419  
-7.40085  -5.45056  -4.09206  -3.05892  -2.15946  -1.37841  -0.655317  
-7.39214  -5.43937  -4.08024  -3.05326  -2.16822  -1.38391  -0.667489  
-7.40071  -5.45058  -4.09232  -3.05912  -2.15919  -1.39083  -0.655081  
-7.39245  -5.43946  -4.08003  -3.05342  -2.15461  -1.38439  -0.667451  
-7.40116  -5.44027  -4.07777  -3.05627  -2.16106  -1.37801  -0.655902  
-7.39197  -5.44176  -4.07983  -3.05335  -2.15449  -1.38607  -0.667431  
-7.40113  -5.4403  -4.0778  -3.05627  -2.161  -1.37803  -0.655877  
-7.39205  -5.4418  -4.07992  -3.0534  -2.15454  -1.38612  -0.667415  
-7.40111  -5.44033  -4.07783  -3.05627  -2.16096  -1.37804  -0.655829  
-7.3921  -5.44182  -4.0799  -3.05343  -2.15456  -1.38616  -0.667403  
-7.40109  -5.44034  -4.07785  -3.05627  -2.16093  -1.37805  -0.655799  
-7.39213  -5.44184  -4.07988  -3.05344  -2.15458  -1.38499  -0.667395  
-7.40108  -5.44035  -4.07786  -3.05627  -2.16091  -1.37806  -0.655781  
-7.39215  -5.44185  -4.07988  -3.05345  -2.15458  -1.38501  -0.667391  
-7.40107  -5.44035  -4.07786  -3.05627  -2.1609  -1.37806  -0.65577  
-7.39216  -5.44186  -4.07987  -3.05346  -2.15459  -1.38501  -0.667388  
-7.40107  -5.44036  -4.07787  -3.05627  -2.1609  -1.37806  -0.655763  
-7.39217  -5.44186  -4.07987  -3.05346  -2.15459  -1.38502  -0.667386  
-7.40107  -5.44036  -4.07787  -3.05627  -2.16089  -1.37806  -0.655759  
-7.39217  -5.44186  -4.07986  -3.05347  -2.15459  -1.38502  -0.667385  
-7.40107  -5.44036  -4.07787  -3.05627  -2.16089  -1.37806  -0.655756  
-7.39218  -5.44187  -4.07986  -3.05347  -2.1546  -1.38502  -0.667385  
-7.40106  -5.44036  -4.07787  -3.05627  -2.16089  -1.37806  -0.655755  
-7.39218  -5.44187  -4.07986  -3.05347  -2.1546  -1.38502  -0.667384  
-7.40106  -5.44036  -4.07787  -3.05627  -2.16089  -1.37806  -0.655754  
