16 50  
-1.66271  -1.1421  -0.825222  -0.48436  -0.413299  -0.184164  -0.0549802  
-1.89469  -1.35093  -0.996944  -0.605176  -0.53235  -0.255081  -0.0787496  
-2.07024  -1.4734  -1.07463  -0.655954  -0.585391  -0.274867  -0.081415  
-2.41472  -1.70752  -1.23337  -0.746603  -0.675212  -0.314125  -0.092503  
-2.52075  -1.78065  -1.28015  -0.811365  -0.741545  -0.362678  -0.105012  
-2.67635  -1.90712  -1.38303  -0.873208  -0.804311  -0.389849  -0.111244  
-2.82252  -2.04943  -1.42984  -0.892488  -0.825959  -0.396052  -0.114189  
-3.05004  -2.19929  -1.51164  -0.93214  -0.867462  -0.41445  -0.120412  
-3.14783  -2.28099  -1.62341  -1.01582  -0.9517  -0.449265  -0.127777  
-3.24452  -2.33678  -1.64107  -1.02539  -0.964193  -0.459915  -0.136177  
-3.29765  -2.38689  -1.6801  -1.08243  -1.02335  -0.556457  -0.183837  
-3.39211  -2.46233  -1.75495  -1.13842  -1.08084  -0.579682  -0.185494  
-3.45097  -2.49495  -1.79061  -1.16765  -1.11205  -0.590776  -0.187953  
-3.60417  -2.60884  -1.84764  -1.20014  -1.14638  -0.615156  -0.198225  
-3.68751  -2.68527  -1.89501  -1.23753  -1.18563  -0.64409  -0.202645  
-3.7515  -2.74047  -1.94653  -1.25752  -1.20721  -0.649213  -0.208092  
-3.82033  -2.77736  -1.97361  -1.28615  -1.23747  -0.657687  -0.204813  
-3.90367  -2.82542  -1.97947  -1.28951  -1.24289  -0.64798  -0.188897  
-3.95275  -2.84751  -1.98603  -1.29626  -1.25139  -0.674946  -0.207943  
-3.98785  -2.88344  -2.06727  -1.35699  -1.31245  -0.670759  -0.193772  
-4.02789  -2.90992  -2.00897  -1.3011  -1.25957  -0.669701  -0.194281  
-4.03793  -2.92326  -2.04372  -1.32942  -1.28874  -0.700027  -0.220096  
-4.07707  -2.96841  -2.14519  -1.3976  -1.35694  -0.696826  -0.207329  
-4.21017  -3.07021  -2.1791  -1.40381  -1.36454  -0.704549  -0.210117  
-4.27075  -3.12462  -2.22437  -1.42952  -1.39113  -0.714971  -0.216803  
-4.28248  -3.1263  -2.2323  -1.43731  -1.40009  -0.710122  -0.210311  
-4.29268  -3.13465  -2.23952  -1.44539  -1.40932  -0.713607  -0.209314  
-4.31221  -3.15311  -2.26093  -1.48465  -1.44951  -0.75056  -0.217952  
-4.34943  -3.1909  -2.33383  -1.57434  -1.53938  -0.906384  -0.319793  
-5.77825  -4.2169  -3.13553  -2.21565  -1.48676  -0.881253  -0.284951  
-4.2864  -3.16724  -2.2946  -1.50683  -1.47503  -0.762699  -0.221073  
-5.98058  -4.38913  -3.26383  -2.40144  -1.63726  -0.974265  -0.331984  
-5.92316  -4.38562  -3.25226  -2.32192  -1.58331  -0.917296  -0.299183  
-6.01554  -4.43607  -3.31344  -2.42551  -1.63904  -0.970819  -0.336058  
-4.56026  -3.36673  -2.47152  -1.66017  -1.63143  -0.917806  -0.307336  
-6.10629  -4.49659  -3.3307  -2.36693  -1.6021  -0.944141  -0.301299  
-4.60129  -3.46961  -2.58467  -1.76736  -1.74023  -1.02408  -0.35181  
-6.25344  -4.63942  -3.42056  -2.40669  -1.59486  -0.938374  -0.317898  
-4.7226  -3.59363  -2.66244  -1.806  -1.78096  -1.02246  -0.336866  
-6.31274  -4.71356  -3.49573  -2.47144  -1.6183  -0.899676  -0.282644  
-6.47146  -4.75439  -3.56719  -2.64317  -1.8125  -1.06744  -0.346513  
-6.40295  -4.76344  -3.51695  -2.52339  -1.68659  -0.924912  -0.28313  
-4.86716  -3.68659  -2.74685  -1.88288  -1.86231  -1.08864  -0.361112  
-6.61387  -4.92524  -3.62544  -2.58455  -1.69904  -0.949908  -0.307899  
-6.66829  -4.88281  -3.6295  -2.69796  -1.89039  -1.10318  -0.343888  
-6.90118  -5.065  -3.83642  -2.77527  -1.82351  -1.03522  -0.300234  
-6.81554  -5.01126  -3.71912  -2.69066  -1.81837  -1.05263  -0.329234  
-7.00981  -5.12402  -3.87373  -2.80358  -1.79901  -1.01277  -0.294773  
-7.19404  -5.34088  -4.04259  -2.86009  -1.8494  -1.06625  -0.332378  
-5.43828  -4.10592  -3.00525  -1.98928  -1.97684  -1.02144  -0.28092  


-4.60579  -3.45298  -2.61857  -2.00168  -1.43989  -0.929082  -0.475421  
-4.83156  -3.60422  -2.70248  -2.06251  -1.4575  -0.9439  -0.446464  
-5.39562  -3.89862  -2.96977  -2.18382  -1.56134  -1.00108  -0.466063  
-5.45296  -3.93699  -2.99901  -2.2136  -1.58428  -1.03746  -0.493762  
-5.84097  -4.12161  -3.11138  -2.29505  -1.6366  -1.05651  -0.501613  
-5.89127  -4.14188  -3.09747  -2.32445  -1.65113  -1.04793  -0.484381  
-6.09477  -4.3233  -3.25789  -2.38861  -1.67847  -1.05299  -0.488081  
-6.345  -4.44041  -3.30684  -2.44572  -1.76702  -1.09926  -0.502697  
-6.45655  -4.50723  -3.35059  -2.46936  -1.74329  -1.08827  -0.495512  
-6.52538  -4.54866  -3.36837  -2.49914  -1.78068  -1.123  -0.581697  
-6.67386  -4.67241  -3.43903  -2.57611  -1.81794  -1.15618  -0.583019  
-6.75428  -4.71196  -3.45495  -2.56376  -1.83866  -1.15174  -0.580884  
-6.83288  -4.78124  -3.56458  -2.61607  -1.86637  -1.17171  -0.586943  
-6.95758  -4.86902  -3.62241  -2.67004  -1.89453  -1.19806  -0.598097  
-7.02824  -4.93658  -3.66335  -2.70563  -1.91538  -1.19295  -0.58933  
-7.13489  -5.00952  -3.69457  -2.73121  -1.92401  -1.22619  -0.585975  
-7.30421  -5.08304  -3.74889  -2.74999  -1.91089  -1.21642  -0.558502  
-7.39355  -5.10221  -3.76488  -2.75893  -1.90735  -1.22231  -0.580033  
-7.40917  -5.1324  -3.78658  -2.78616  -1.97433  -1.22856  -0.560856  
-7.462  -5.15609  -3.8136  -2.80771  -1.89611  -1.22679  -0.559671  
-7.48403  -5.17552  -3.80811  -2.81336  -1.92137  -1.2241  -0.57831  
-7.52962  -5.22051  -3.84585  -2.84888  -1.99991  -1.25118  -0.572996  
-7.6294  -5.31244  -3.95739  -2.89553  -2.01575  -1.24728  -0.570204  
-7.68619  -5.35448  -4.0055  -2.9336  -2.0472  -1.27443  -0.572578  
-7.76145  -5.3849  -4.00356  -2.93381  -2.03917  -1.26828  -0.561118  
-7.76582  -5.3987  -4.00231  -2.93989  -2.04033  -1.27213  -0.556768  
-7.78878  -5.42157  -4.0058  -2.95312  -2.06673  -1.3023  -0.580827  
-7.8194  -5.4553  -4.04159  -2.97302  -2.14162  -1.3605  -0.717499  
-7.72408  -5.39968  -3.96079  -2.93116  -2.02036  -1.31369  -0.666572  
-7.71641  -5.42706  -3.9806  -2.97448  -2.06698  -1.30509  -0.571907  
-7.91078  -5.54436  -4.09734  -3.02188  -2.18383  -1.3882  -0.734418  
-7.87437  -5.49665  -4.07756  -3.00403  -2.11903  -1.35339  -0.686804  
-7.93319  -5.58663  -4.13228  -3.04506  -2.18379  -1.37557  -0.723336  
-8.01353  -5.65823  -4.18076  -3.09548  -2.20637  -1.38434  -0.69351  
-8.01434  -5.62871  -4.14877  -3.06124  -2.12622  -1.36325  -0.689379  
-8.07039  -5.7513  -4.24134  -3.1753  -2.31583  -1.48322  -0.764226  
-8.1362  -5.71949  -4.22896  -3.07636  -2.1202  -1.35655  -0.683007  
-8.19655  -5.8696  -4.34553  -3.24415  -2.35214  -1.50085  -0.743193  
-8.19122  -5.76188  -4.29052  -3.12662  -2.15328  -1.34563  -0.639605  
-8.28003  -5.88634  -4.33103  -3.23354  -2.3394  -1.49341  -0.757879  
-8.28031  -5.81103  -4.29372  -3.15296  -2.20419  -1.37706  -0.638448  
-8.37232  -5.9972  -4.41981  -3.30141  -2.40572  -1.52747  -0.770345  
-8.4544  -5.97402  -4.42397  -3.23384  -2.2179  -1.38623  -0.6685  
-8.46836  -5.98098  -4.37036  -3.26968  -2.36847  -1.51087  -0.761595  
-8.71595  -6.21247  -4.56038  -3.41804  -2.36275  -1.53055  -0.69756  
-8.61671  -6.07502  -4.45876  -3.319  -2.30955  -1.47181  -0.719061  
-8.80454  -6.2837  -4.58913  -3.45895  -2.34648  -1.49639  -0.676422  
-8.99362  -6.43039  -4.76303  -3.5222  -2.39264  -1.53372  -0.710714  
-9.10664  -6.48165  -4.83359  -3.55518  -2.53327  -1.53619  -0.65702  
-9.06707  -6.42727  -4.8355  -3.49477  -2.38436  -1.52754  -0.688061  
