16 50  
-1.49148  -0.982759  -0.663305  -0.436453  -0.280512  -0.121811  -0.0448946  
-1.62416  -1.02043  -0.680241  -0.481589  -0.317684  -0.0847863  -0.0198924  
-1.61329  -1.11226  -0.715229  -0.491157  -0.304175  -0.126606  -0.00606658  
-1.64654  -1.13658  -0.715776  -0.516616  -0.32136  -0.150128  -0.00861926  
-1.6648  -1.14969  -0.722575  -0.585474  -0.410732  -0.167169  -0.0100711  
-1.69796  -1.17612  -0.739412  -0.495778  -0.33262  -0.10458  -0.0119984  
-1.78181  -1.23507  -0.781559  -0.539198  -0.35742  -0.111712  -0.0156488  
-1.78681  -1.23846  -0.781998  -0.594371  -0.40255  -0.110704  -0.0165245  
-1.84589  -1.27678  -0.799877  -0.41025  -0.286051  -0.112924  -0.0185448  
-1.85967  -1.28721  -0.809781  -0.421286  -0.29747  -0.117536  -0.0212727  
-1.91039  -1.33595  -0.845713  -0.438992  -0.322003  -0.121665  -0.0247664  
-1.92557  -1.3473  -0.85459  -0.444977  -0.336632  -0.123764  -0.0268535  
-1.92909  -1.34997  -0.858444  -0.4487  -0.344901  -0.12509  -0.0286007  
-1.93477  -1.35464  -0.862073  -0.746738  -0.451568  -0.127929  -0.0302407  
-1.93582  -1.35718  -0.862777  -0.449444  -0.32872  -0.130706  -0.0308419  
-1.945  -1.36243  -0.867883  -0.454871  -0.371214  -0.136459  -0.0330164  
-2.16673  -1.36061  -0.866568  -0.452472  -0.375614  -0.138491  -0.0335097  
-1.95823  -1.38318  -0.872269  -0.454545  -0.336376  -0.143679  -0.0349257  
-1.96122  -1.39511  -0.878884  -0.461189  -0.343511  -0.150607  -0.0374176  
-1.96357  -1.40755  -0.879717  -0.461449  -0.344654  -0.153972  -0.0385179  
-1.9738  -1.43018  -0.885322  -0.464968  -0.348885  -0.159675  -0.040448  
-1.9735  -1.43871  -0.885636  -0.464983  -0.349786  -0.162849  -0.0415473  
-1.9792  -1.45703  -0.888582  -0.467006  -0.352615  -0.167437  -0.043218  
-1.98335  -1.47033  -0.890381  -0.467501  -0.353998  -0.171204  -0.0445511  
-1.98967  -1.4872  -0.896108  -0.471393  -0.358613  -0.177714  -0.0467918  
-1.99226  -1.49891  -0.898703  -0.473017  -0.361081  -0.182553  -0.0485101  
-2.00059  -1.52086  -0.905  -0.476111  -0.365031  -0.18838  -0.0508056  
-2.00873  -1.53974  -0.923978  -0.482077  -0.371608  -0.19707  -0.053925  
-2.01012  -1.55107  -0.933087  -0.491621  -0.375592  -0.202957  -0.0565008  
-2.01687  -1.57112  -0.949452  -0.504512  -0.380704  -0.211275  -0.0594257  
-2.02255  -1.58807  -0.966284  -0.521341  -0.385771  -0.219966  -0.0076446  
-2.032  -1.43613  -0.98643  -0.530425  -0.385554  -0.224068  -0.00795918  
-2.06185  -1.46718  -1.03948  -0.57169  -0.25069  -0.147159  -0.00911778  
-2.0483  -1.45566  -1.02977  -0.569689  -0.24996  -0.144593  -0.00931125  
-2.05428  -1.46105  -1.04851  -0.58483  -0.258644  -0.145828  -0.00998634  
-2.06896  -1.47435  -1.08181  -0.608644  -0.274275  -0.147917  -0.0108522  
-2.08642  -1.48925  -1.11886  -0.635961  -0.288682  -0.151251  -0.0119967  
-2.09352  -1.49491  -0.979204  -0.654367  -0.301774  -0.15296  -0.0130474  
-2.10604  -1.50541  -0.987193  -0.533344  -0.317232  -0.154735  -0.0142564  
-2.8574  -2.12125  -1.51485  -0.993158  -0.537836  -0.332742  -0.156449  
-2.87529  -2.13186  -1.52592  -0.99998  -0.537673  -0.418143  -0.155411  
-2.91647  -2.13847  -1.52986  -1.00184  -0.539726  -0.156928  -0.0185041  
-2.99259  -2.15886  -1.54649  -1.01652  -0.553087  -0.162462  -0.0217155  
-3.0609  -2.17056  -1.55583  -1.02583  -0.561068  -0.165145  -0.0248417  
-3.12963  -2.17903  -1.56335  -1.03321  -0.566102  -0.169192  -0.0284812  
-3.21565  -2.22421  -1.57161  -1.03967  -0.571931  -0.188432  -0.0332655  
-3.34904  -2.34322  -1.60163  -1.05885  -1.00867  -0.585928  -0.218965  
-2.98657  -2.44727  -1.69352  -1.09089  -0.607856  -0.252164  -0.0487499  
-3.01096  -2.2553  -1.80703  -1.17835  -0.673634  -0.294536  -0.186055  
-3.04251  -2.28606  -1.65683  -1.30967  -0.770286  -0.350242  -0.191355  

-4.58137  -3.38562  -2.57575  -1.93101  -1.38262  -0.89535  -0.441361  
-4.77693  -3.53174  -2.70106  -2.04264  -1.46954  -0.955838  -0.469373  
-4.89318  -3.60077  -2.73342  -2.05238  -1.47581  -0.963317  -0.477792  
-4.97103  -3.63865  -2.74657  -2.05371  -1.47118  -0.949062  -0.467225  
-5.03556  -3.6788  -2.78115  -2.08282  -1.48901  -0.958606  -0.469128  
-5.23502  -3.86228  -2.92685  -2.18423  -1.56282  -1.00884  -0.493959  
-5.25975  -3.86975  -2.92321  -2.17891  -1.55367  -0.998077  -0.484115  
-5.45705  -4.01481  -3.02455  -2.24665  -1.58992  -1.01362  -0.489478  
-5.48544  -4.03264  -3.04114  -2.25884  -1.59917  -1.02504  -0.50252  
-5.57201  -4.10844  -3.11626  -2.33517  -1.66543  -1.06643  -0.519281  
-5.60468  -4.13392  -3.13752  -2.35086  -1.6746  -1.07431  -0.52481  
-5.627  -4.14344  -3.13809  -2.34733  -1.6735  -1.07692  -0.526691  
-5.64855  -4.15189  -3.14182  -2.35037  -1.6751  -1.07772  -0.528173  
-5.65352  -4.14598  -3.13609  -2.3465  -1.67403  -1.07173  -0.51921  
-5.69299  -4.17196  -3.15242  -2.35186  -1.67724  -1.07612  -0.526707  
-5.68292  -4.1586  -3.14053  -2.34267  -1.6682  -1.06909  -0.518448  
-5.74339  -4.20287  -3.16876  -2.36238  -1.6783  -1.07081  -0.517347  
-5.75639  -4.20454  -3.16903  -2.36167  -1.68322  -1.07945  -0.52558  
-5.77587  -4.21363  -3.16983  -2.36005  -1.67904  -1.07681  -0.522589  
-5.81102  -4.23572  -3.18554  -2.37089  -1.68759  -1.08051  -0.526256  
-5.81077  -4.23139  -3.18097  -2.36655  -1.68182  -1.07765  -0.522585  
-5.83816  -4.24928  -3.19033  -2.36866  -1.68417  -1.07829  -0.522751  
-5.85354  -4.25523  -3.19213  -2.37068  -1.68371  -1.07596  -0.519809  
-5.87123  -4.26402  -3.19981  -2.37777  -1.69028  -1.0819  -0.524067  
-5.88548  -4.26968  -3.19934  -2.376  -1.69119  -1.0822  -0.522562  
-5.91264  -4.28685  -3.21172  -2.38429  -1.69504  -1.08494  -0.526463  
-5.9268  -4.29476  -3.22057  -2.39509  -1.70375  -1.09346  -0.530336  
-5.94014  -4.29892  -3.21767  -2.39244  -1.7059  -1.09403  -0.534319  
-5.9573  -4.30611  -3.22657  -2.39928  -1.71176  -1.10116  -0.536875  
-5.97924  -4.31651  -3.23136  -2.40603  -1.72225  -1.10785  -0.539571  
-6.00541  -4.33648  -3.24498  -2.41452  -1.71847  -1.10057  -0.534249  
-6.05206  -4.37955  -3.29377  -2.4655  -1.76875  -1.14355  -0.559912  
-6.03771  -4.35145  -3.26256  -2.43655  -1.74515  -1.12499  -0.546227  
-6.06749  -4.37142  -3.27061  -2.44058  -1.74973  -1.12556  -0.546843  
-6.10555  -4.39768  -3.29178  -2.4606  -1.76583  -1.1394  -0.55205  
-6.14526  -4.42723  -3.3228  -2.48336  -1.78205  -1.14843  -0.559992  
-6.17348  -4.44218  -3.33073  -2.48845  -1.78509  -1.15467  -0.563639  
-6.2103  -4.46641  -3.34992  -2.50258  -1.79696  -1.15833  -0.565763  
-6.27182  -4.50553  -3.37472  -2.51892  -1.80169  -1.16381  -0.566817  
-6.33394  -4.53677  -3.39189  -2.53138  -1.81085  -1.15854  -0.559642  
-6.36168  -4.54612  -3.39564  -2.53121  -1.80758  -1.15597  -0.559168  
-6.4281  -4.59071  -3.43189  -2.55872  -1.82814  -1.17214  -0.572774  
-6.48124  -4.61754  -3.45021  -2.56749  -1.83421  -1.1832  -0.576131  
-6.52869  -4.64088  -3.45906  -2.57153  -1.83725  -1.18357  -0.576769  
-6.59428  -4.67066  -3.47418  -2.57796  -1.83713  -1.18414  -0.57807  
-6.70826  -4.74648  -3.53366  -2.62481  -1.87205  -1.20491  -0.590898  
-6.80244  -4.79733  -3.56584  -2.65191  -1.89795  -1.22315  -0.596675  
-6.93126  -4.87781  -3.61888  -2.68072  -1.91267  -1.23596  -0.604788  
-7.12326  -5.00269  -3.71249  -2.75074  -1.95862  -1.26215  -0.615799  
-7.29958  -5.10273  -3.77371  -2.79018  -1.98492  -1.27281  -0.619048  
