16 50  
-1.79337  -1.28749  -0.932867  -0.653298  -0.426344  -0.236455  -0.0768513  
-1.58954  -0.97607  -0.633907  -0.410519  -0.232657  -0.119738  -0.042227  
-2.51045  -1.60631  -1.12333  -0.790803  -0.520813  -0.296183  -0.0980078  
-2.40968  -1.58426  -1.0566  -0.689524  -0.414899  -0.206688  -0.0595349  
-2.42084  -1.64966  -1.13197  -0.751775  -0.464506  -0.242984  -0.0763814  
-2.44843  -1.62155  -1.12329  -0.762223  -0.477474  -0.25144  -0.079956  
-2.47754  -1.68536  -1.16715  -0.779281  -0.485581  -0.25693  -0.0835844  
-2.51065  -1.6895  -1.1781  -0.789145  -0.492683  -0.260621  -0.085542  
-2.54875  -1.74006  -1.21865  -0.81542  -0.510866  -0.271287  -0.0886994  
-2.57976  -1.74663  -1.22243  -0.816886  -0.511336  -0.272051  -0.088659  
-2.6139  -1.76953  -1.23631  -0.82717  -0.519272  -0.276945  -0.0917024  
-2.61824  -1.7793  -1.24056  -0.830673  -0.52236  -0.278471  -0.0925147  
-2.63139  -1.78314  -1.24302  -0.831741  -0.523692  -0.279352  -0.0932241  
-2.63983  -1.79628  -1.24996  -0.836276  -0.526934  -0.281959  -0.0944673  
-2.64744  -1.79613  -1.24838  -0.836265  -0.525208  -0.281643  -0.0948396  
-2.62442  -1.7928  -1.25482  -0.840078  -0.527848  -0.284626  -0.0969586  
-2.63677  -1.81252  -1.26974  -0.849879  -0.534833  -0.287689  -0.0981351  
-2.6223  -1.84046  -1.30176  -0.87799  -0.554184  -0.300432  -0.103943  
-2.64117  -1.84295  -1.30016  -0.874657  -0.551923  -0.299081  -0.103618  
-2.72143  -1.88335  -1.32892  -0.896085  -0.566783  -0.308439  -0.108466  
-2.7355  -1.90507  -1.34577  -0.906122  -0.574683  -0.31403  -0.11061  
-2.75092  -1.91904  -1.35627  -0.911624  -0.57933  -0.317025  -0.112651  
-2.74597  -1.94009  -1.37287  -0.925811  -0.589273  -0.323813  -0.116159  
-2.77488  -1.95961  -1.39695  -0.945654  -0.602978  -0.332193  -0.121196  
-2.79315  -1.96763  -1.4016  -0.949203  -0.607107  -0.335574  -0.123656  
-2.75008  -1.94888  -1.39257  -0.948476  -0.609314  -0.339973  -0.126784  
-2.84013  -2.00748  -1.42662  -0.966616  -0.620788  -0.347654  -0.13126  
-2.87677  -2.01004  -1.42787  -0.979384  -0.638816  -0.361307  -0.139016  
-2.98125  -2.10842  -1.52859  -1.08133  -0.726255  -0.407726  -0.1572  
-3.14659  -2.23244  -1.59517  -1.11447  -0.750248  -0.421886  -0.165398  
-3.4114  -2.50529  -1.84024  -1.31575  -0.886787  -0.490277  -0.196328  
-3.61148  -2.62112  -1.92674  -1.42741  -1.06906  -0.766149  -0.418448  
-4.74286  -3.59997  -2.72999  -1.99467  -1.36205  -0.885609  -0.468911  
-5.89157  -4.45399  -3.36935  -2.61134  -2.02954  -1.44011  -0.774891  
-6.62855  -4.65071  -3.51219  -2.65005  -1.99743  -1.45076  -0.813049  
-6.77976  -4.66058  -3.51382  -2.65227  -2.00056  -1.44908  -0.8159  
-6.8298  -4.68335  -3.49209  -2.6632  -2.00928  -1.45035  -0.817414  
-7.10647  -4.68583  -3.49445  -2.66667  -2.00882  -1.45123  -0.80556  
-7.07297  -4.77538  -3.49358  -2.67346  -2.01218  -1.44947  -0.813733  
-7.1153  -4.69614  -3.50443  -2.66882  -2.0101  -1.45142  -0.81703  
-7.0758  -4.77852  -3.49462  -2.67447  -2.01124  -1.45022  -0.814363  
-7.11553  -4.69389  -3.50125  -2.66571  -2.00835  -1.45069  -0.816454  
-7.07469  -4.77587  -3.49348  -2.6735  -2.01051  -1.45071  -0.814583  
-7.11562  -4.69641  -3.50436  -2.66912  -2.0108  -1.45151  -0.817237  
-7.07506  -4.77616  -3.49376  -2.67394  -2.01093  -1.45021  -0.814371  
-7.11603  -4.69643  -3.50409  -2.66843  -2.01019  -1.45133  -0.817018  
-7.07531  -4.77632  -3.49359  -2.67362  -2.01282  -1.45021  -0.814191  
-7.11571  -4.69573  -3.50379  -2.66841  -2.01015  -1.45133  -0.817039  
-7.07625  -4.77857  -3.49452  -2.67428  -2.01103  -1.45081  -0.814788  
-7.11552  -4.69582  -3.50295  -2.66756  -2.01007  -1.45115  -0.816971  

-1.84013  -1.28833  -0.932506  -0.655698  -0.426792  -0.233639  -0.0786726  
-4.73627  -3.50346  -2.66909  -2.01199  -1.44484  -0.927001  -0.37294  
-4.7904  -3.52757  -2.68719  -2.0196  -1.43182  -0.876369  -0.375969  
-4.82031  -3.5283  -2.66808  -1.98564  -1.41426  -0.908655  -0.439152  
-4.86375  -3.54671  -2.68773  -2.00984  -1.44032  -0.927098  -0.450609  
-4.90337  -3.57418  -2.70643  -2.02532  -1.45056  -0.934172  -0.45798  
-4.94386  -3.59227  -2.717  -2.03478  -1.45557  -0.943896  -0.462699  
-4.98  -3.62082  -2.73528  -2.04417  -1.46306  -0.947805  -0.463556  
-5.00816  -3.63137  -2.74069  -2.04757  -1.46606  -0.947127  -0.46525  
-5.07116  -3.67563  -2.76962  -2.0661  -1.47714  -0.956649  -0.46913  
-5.12085  -3.70841  -2.79064  -2.07887  -1.48219  -0.959334  -0.472004  
-5.14006  -3.71599  -2.79003  -2.07846  -1.48496  -0.960314  -0.472728  
-5.17246  -3.73935  -2.80831  -2.09313  -1.49491  -0.967508  -0.476023  
-5.19064  -3.74307  -2.80727  -2.08875  -1.4908  -0.962581  -0.473989  
-5.21078  -3.7541  -2.81638  -2.09577  -1.49498  -0.965898  -0.469896  
-5.24603  -3.78176  -2.83912  -2.11769  -1.51509  -0.979508  -0.480767  
-5.35473  -3.87866  -2.92369  -2.18793  -1.57314  -1.02262  -0.502504  
-5.37512  -3.88762  -2.92682  -2.18753  -1.56875  -1.0159  -0.497418  
-5.52331  -4.02828  -3.03923  -2.26583  -1.61722  -1.04415  -0.512884  
-5.67189  -4.14621  -3.1215  -2.3184  -1.64948  -1.05789  -0.517323  
-5.74217  -4.18247  -3.13919  -2.32959  -1.65372  -1.06458  -0.523347  
-5.8001  -4.21667  -3.16041  -2.34749  -1.67198  -1.07787  -0.531102  
-5.91191  -4.30182  -3.23375  -2.41117  -1.71779  -1.10259  -0.539651  
-5.96367  -4.32427  -3.24216  -2.41616  -1.72197  -1.10513  -0.544447  
-6.03141  -4.36727  -3.28084  -2.4417  -1.73694  -1.11624  -0.547942  
-6.11852  -4.42793  -3.32431  -2.4705  -1.75122  -1.12277  -0.550317  
-6.28203  -4.53037  -3.39162  -2.52054  -1.79845  -1.16131  -0.57071  
-6.45296  -4.63165  -3.46971  -2.58325  -1.84242  -1.18585  -0.579642  
-6.66435  -4.7558  -3.54865  -2.63253  -1.87253  -1.203  -0.586223  
-7.04744  -5.00206  -3.7315  -2.78099  -1.99453  -1.29784  -0.643095  
-7.56458  -5.31882  -3.94918  -2.92006  -2.07581  -1.33675  -0.658127  
-8.16162  -5.62969  -4.14617  -3.06076  -2.15923  -1.36528  -0.656681  
-8.93229  -6.07132  -4.42372  -3.23313  -2.29529  -1.49496  -0.737704  
-9.81024  -6.67585  -4.92324  -3.63438  -2.57106  -1.66255  -0.822657  
-10.0864  -6.73035  -4.91221  -3.61744  -2.56344  -1.65672  -0.816591  
-10.1926  -6.76391  -4.94445  -3.67285  -2.62771  -1.69513  -0.828519  
-10.195  -6.76257  -4.94885  -3.67312  -2.6306  -1.69642  -0.829005  
-10.6653  -7.18362  -5.24961  -3.83053  -2.69184  -1.72733  -0.840382  
-10.2095  -6.77208  -4.95812  -3.68075  -2.62536  -1.69314  -0.830992  
-10.6696  -7.18509  -5.25359  -3.83364  -2.69434  -1.72765  -0.841362  
-10.2115  -6.76755  -4.95317  -3.6757  -2.6214  -1.69422  -0.82619  
-10.6677  -7.1819  -5.24964  -3.83054  -2.69406  -1.72833  -0.840483  
-10.2111  -6.77259  -4.95804  -3.68025  -2.62722  -1.69398  -0.826109  
-10.6682  -7.18266  -5.25052  -3.83123  -2.69575  -1.72766  -0.841556  
-10.2157  -6.77282  -4.95809  -3.67941  -2.62555  -1.69316  -0.830507  
-10.6682  -7.18586  -5.25071  -3.83038  -2.69428  -1.72761  -0.840468  
-10.2155  -6.76845  -4.95454  -3.67998  -2.62542  -1.69423  -0.830507  
-10.6719  -7.18579  -5.25315  -3.83099  -2.69582  -1.72877  -0.841344  
-10.2117  -6.76735  -4.9547  -3.6763  -2.6256  -1.6934  -0.830526  
-10.6718  -7.18572  -5.25273  -3.83356  -2.69276  -1.72787  -0.840304  
