-20.5474  1.10887e-10
-20.1818  1.56813e-10
-19.9421  2.31299e-10
-19.9085  2.05899e-10
-19.6849  2.46736e-10
-19.5765  6.54196e-10
-19.4974  2.77335e-10
-19.4583  1.62424e-10
-19.3357  4.69124e-10
-19.3032  8.58972e-10
-19.2108  4.62573e-10
-19.1933  3.21477e-10
-19.0927  2.29696e-10
-19.0777  1.34743e-09
-18.969  1.01227e-09
-18.9375  1.21474e-09
-18.892  1.15699e-09
-18.868  3.27199e-10
-18.853  3.388e-10
-18.8189  4.87679e-10
-18.7822  3.19346e-10
-18.7297  1.28617e-09
-18.7139  1.45566e-09
-18.6987  1.24377e-09
-18.6642  7.97486e-10
-18.6198  3.77683e-10
-18.6028  1.3263e-09
-18.5881  1.37353e-09
-18.544  3.53543e-10
-18.5264  1.63618e-09
-18.4874  9.58246e-10
-18.4703  2.77835e-09
-18.4526  2.63156e-10
-18.4406  1.91131e-09
-18.408  7.49701e-10
-18.3616  3.39479e-09
-18.347  3.61602e-10
-18.3322  2.53383e-09
-18.2866  1.6196e-09
-18.2568  3.51335e-09
-18.2439  1.142e-09
-18.2209  3.44075e-09
-18.2138  1.64635e-09
-18.1761  2.02553e-09
-18.1229  2.37991e-09
-18.1055  5.38394e-09
-18.0927  3.8396e-09
-18.0691  3.75558e-10
-18.0589  1.66348e-09
-18.0294  2.6066e-09
-18.0153  1.96581e-09
-17.9918  3.93906e-09
-17.9826  1.86469e-09
-17.9668  2.19314e-09
-17.95  2.90434e-09
-17.9387  1.47491e-09
-17.9207  3.83049e-09
-17.8971  1.93037e-09
-17.8799  1.48274e-09
-17.866  6.25407e-09
-17.8459  4.32399e-09
-17.8323  6.45093e-09
-17.8122  2.33129e-09
-17.8026  3.15852e-09
-17.7755  8.47425e-10
-17.7598  4.25941e-09
-17.7528  1.85151e-09
-17.7424  3.65551e-09
-17.7252  7.97106e-09
-17.7154  3.70133e-10
-17.6923  3.41261e-09
-17.6801  4.80226e-09
-17.6497  8.54066e-09
-17.6406  1.88395e-09
-17.6209  1.0574e-08
-17.6078  8.38833e-09
-17.573  6.50267e-09
-17.559  3.86399e-09
-17.5371  6.70412e-09
-17.5161  4.70703e-09
-17.4979  1.15077e-08
-17.4869  6.93886e-09
-17.4816  7.76266e-10
-17.468  8.19384e-09
-17.4565  3.21283e-09
-17.437  4.42299e-09
-17.4236  7.08941e-09
-17.4137  6.59014e-09
-17.3965  6.07539e-09
-17.3863  7.78534e-09
-17.376  1.07316e-08
-17.3623  2.03509e-09
-17.3469  1.06317e-08
-17.3329  1.90848e-09
-17.3129  1.11855e-08
-17.3005  3.61252e-09
-17.2858  1.03638e-08
-17.2727  5.06937e-09
-17.2617  9.9737e-09
-17.2513  1.22188e-08
-17.2376  1.39957e-08
-17.2246  8.06613e-09
-17.2092  1.16547e-08
-17.1973  9.76509e-09
-17.1746  2.41343e-09
-17.1638  9.28493e-09
-17.1488  1.14019e-08
-17.1333  8.25284e-09
-17.1226  2.50276e-08
-17.1133  1.07506e-08
-17.1007  5.01678e-09
-17.0861  4.52866e-09
-17.0751  1.20745e-08
-17.0557  1.26943e-08
-17.0444  1.56061e-08
-17.0332  2.97973e-09
-17.019  1.63691e-08
-17.0061  2.1733e-08
-16.9975  1.386e-08
-16.9801  1.34293e-08
-16.9677  2.30795e-08
-16.9581  1.86486e-09
-16.9416  9.92975e-09
-16.9301  2.36636e-08
-16.9086  1.26987e-08
-16.8941  2.98073e-08
-16.8816  1.69756e-08
-16.8735  9.31849e-09
-16.8583  1.66766e-08
-16.8487  1.55009e-08
-16.8335  1.27557e-08
-16.8233  9.93905e-09
-16.8146  1.59581e-08
-16.8041  1.1078e-08
-16.7952  9.65408e-09
-16.783  2.43975e-08
-16.7715  2.71563e-08
-16.7557  2.67174e-08
-16.7462  2.64985e-08
-16.7371  6.75487e-09
-16.7235  1.53635e-08
-16.7096  2.87114e-08
-16.7007  2.93392e-08
-16.6903  4.3122e-09
-16.6775  1.46978e-08
-16.665  1.45597e-08
-16.6519  3.58951e-08
-16.6356  2.56169e-08
-16.6263  4.13477e-08
-16.6197  5.17643e-09
-16.6026  3.40841e-08
-16.5906  2.45156e-08
-16.581  9.05992e-09
-16.5682  2.69044e-08
-16.5595  2.89256e-08
-16.5451  3.09196e-08
-16.5336  2.47425e-08
-16.5239  3.88051e-08
-16.5117  2.88359e-08
-16.4983  1.87135e-08
-16.4878  2.55832e-08
-16.4794  2.35384e-08
-16.4673  2.77798e-08
-16.45  2.5364e-08
-16.4423  4.36401e-08
-16.4321  2.94055e-08
-16.4202  1.09724e-08
-16.4073  5.39613e-08
-16.3971  5.45536e-08
-16.3844  1.93324e-08
-16.3763  3.20158e-08
-16.3613  5.13164e-08
-16.3508  1.85038e-08
-16.3385  4.78151e-08
-16.3284  4.60142e-08
-16.3208  9.43082e-09
-16.3064  2.53587e-08
-16.2968  3.89832e-08
-16.2853  5.33394e-08
-16.2742  4.70415e-08
-16.2613  6.00247e-08
-16.2514  3.83261e-08
-16.2406  2.48622e-08
-16.2224  4.34373e-08
-16.2126  6.85624e-08
-16.2009  2.64139e-08
-16.1913  3.76455e-08
-16.1766  8.07999e-08
-16.1671  3.93603e-08
-16.1563  5.57532e-08
-16.1451  5.70591e-08
-16.1345  7.29165e-08
-16.122  3.9194e-08
-16.1123  3.99604e-08
-16.1004  5.91271e-08
-16.0886  3.19404e-08
-16.0759  5.89771e-08
-16.0677  7.14598e-08
-16.0571  4.37073e-08
-16.0477  3.89984e-08
-16.0331  1.08365e-07
-16.0234  6.21617e-08
-16.0113  5.71483e-08
-15.9984  4.11848e-08
-15.9892  1.05971e-07
-15.9786  2.81361e-08
-15.9668  7.31157e-08
-15.9537  8.42559e-08
-15.9401  3.95453e-08
-15.9315  5.40841e-08
-15.9191  7.95343e-08
-15.9089  1.4559e-07
-15.8989  4.12751e-08
-15.889  5.9086e-08
-15.8784  9.2545e-08
-15.8652  5.05436e-08
-15.8549  7.34543e-08
-15.844  1.12001e-07
-15.8333  7.3793e-08
-15.8223  3.8781e-08
-15.8097  1.10749e-07
-15.8012  8.93419e-08
-15.7885  1.05562e-07
-15.7803  4.62435e-08
-15.7691  8.43109e-08
-15.758  1.33768e-07
-15.7462  8.88592e-08
-15.7355  5.97528e-08
-15.7266  1.16667e-07
-15.7187  9.44159e-08
-15.7059  6.64518e-08
-15.6943  1.11862e-07
-15.682  1.43083e-07
-15.6689  7.19796e-08
-15.6607  1.31921e-07
-15.6481  1.55281e-07
-15.6372  9.078e-08
-15.628  5.05134e-08
-15.6165  1.52667e-07
-15.6056  1.0501e-07
-15.5966  7.43888e-08
-15.5833  1.01815e-07
-15.5754  1.26304e-07
-15.5625  1.64397e-07
-15.5535  7.87128e-08
-15.5416  2.01688e-07
-15.5314  1.42175e-07
-15.5198  7.98373e-08
-15.5086  1.38865e-07
-15.4962  1.82184e-07
-15.4858  1.56389e-07
-15.4763  1.23194e-07
-15.465  1.01304e-07
-15.455  1.6391e-07
-15.4435  1.05386e-07
-15.4334  1.86336e-07
-15.4192  2.36853e-07
-15.4092  1.10153e-07
-15.3972  1.42934e-07
-15.3883  1.83165e-07
-15.377  1.39806e-07
-15.3645  7.17982e-08
-15.3555  2.29348e-07
-15.3455  2.25717e-07
-15.3328  1.73476e-07
-15.3223  1.28713e-07
-15.3116  2.31669e-07
-15.3016  1.18179e-07
-15.2917  1.88025e-07
-15.2804  2.05939e-07
-15.2705  2.21375e-07
-15.2584  1.25696e-07
-15.2497  2.04677e-07
-15.2371  2.47761e-07
-15.2273  1.94913e-07
-15.2149  1.78732e-07
-15.2045  1.94869e-07
-15.1934  2.29005e-07
-15.1837  2.4136e-07
-15.1713  2.80632e-07
-15.1627  1.91978e-07
-15.1507  2.48405e-07
-15.1413  1.28611e-07
-15.1299  2.4829e-07
-15.1201  3.37915e-07
-15.1083  1.56656e-07
-15.0978  1.71676e-07
-15.0867  3.90018e-07
-15.0747  2.00572e-07
-15.0651  2.99694e-07
-15.0551  2.30555e-07
-15.0431  3.81791e-07
-15.0304  2.40986e-07
-15.0204  2.7848e-07
-15.0077  3.13478e-07
-14.9986  2.22241e-07
-14.9867  2.40868e-07
-14.9781  3.30517e-07
-14.9669  3.171e-07
-14.9581  2.06918e-07
-14.9451  3.16751e-07
-14.9354  3.3832e-07
-14.924  4.38726e-07
-14.9136  2.05181e-07
-14.903  3.74602e-07
-14.8924  2.8741e-07
-14.8813  3.63133e-07
-14.8696  2.79671e-07
-14.8598  4.85615e-07
-14.8488  2.59887e-07
-14.8391  3.51612e-07
-14.8277  3.27816e-07
-14.8165  5.04451e-07
-14.8053  3.10712e-07
-14.7947  4.28427e-07
-14.783  3.6967e-07
-14.7731  3.3125e-07
-14.7614  5.00067e-07
-14.7521  3.67217e-07
-14.7405  4.34525e-07
-14.731  2.45009e-07
-14.7197  3.90615e-07
-14.7097  5.38056e-07
-14.6973  5.82286e-07
-14.6868  3.29795e-07
-14.6751  6.22242e-07
-14.6644  3.8714e-07
-14.6543  3.32689e-07
-14.6435  4.67604e-07
-14.6325  6.98291e-07
-14.6218  3.54639e-07
-14.6118  4.27848e-07
-14.6017  4.3699e-07
-14.5914  6.24977e-07
-14.5792  3.16554e-07
-14.57  5.61755e-07
-14.5587  6.41376e-07
-14.5492  4.93882e-07
-14.5381  5.09194e-07
-14.5279  5.8029e-07
-14.5162  5.2438e-07
-14.5077  6.03182e-07
-14.4947  4.53646e-07
-14.486  7.75675e-07
-14.4742  3.88602e-07
-14.4654  5.69756e-07
-14.4537  5.53371e-07
-14.4444  7.9327e-07
-14.4334  6.4508e-07
-14.4228  5.11421e-07
-14.4126  4.67945e-07
-14.4034  8.05845e-07
-14.3915  7.30317e-07
-14.3808  5.04466e-07
-14.3692  9.35615e-07
-14.3588  4.57065e-07
-14.3479  8.17561e-07
-14.3382  6.93303e-07
-14.3275  8.68256e-07
-14.3164  5.36842e-07
-14.3056  7.71638e-07
-14.2961  6.9364e-07
-14.2847  8.47313e-07
-14.2742  6.42648e-07
-14.2634  9.89374e-07
-14.2526  7.36998e-07
-14.2422  8.4216e-07
-14.2311  6.81671e-07
-14.2204  9.66001e-07
-14.2094  7.70857e-07
-14.1993  8.29965e-07
-14.1878  9.41407e-07
-14.1785  9.52953e-07
-14.1659  9.48889e-07
-14.1553  6.77771e-07
-14.1443  1.06194e-06
-14.1342  1.07654e-06
-14.1227  9.13376e-07
-14.1131  8.70281e-07
-14.1009  1.08926e-06
-14.0899  8.15398e-07
-14.0789  1.17306e-06
-14.0693  1.09504e-06
-14.0588  1.05847e-06
-14.0468  8.45506e-07
-14.0364  1.23927e-06
-14.0256  1.02685e-06
-14.0155  1.22871e-06
-14.0039  8.33928e-07
-13.9939  1.39103e-06
-13.9825  9.95778e-07
-13.9734  1.08284e-06
-13.9623  1.10458e-06
-13.9523  1.4683e-06
-13.9397  1.01815e-06
-13.9297  1.18287e-06
-13.9186  1.44208e-06
-13.9088  1.2625e-06
-13.8971  1.01918e-06
-13.8881  1.21401e-06
-13.8766  1.53367e-06
-13.8672  9.90504e-07
-13.856  1.2954e-06
-13.8463  1.45895e-06
-13.835  1.55545e-06
-13.8255  1.1068e-06
-13.814  1.59351e-06
-13.8034  1.32457e-06
-13.7932  1.5062e-06
-13.7824  1.1849e-06
-13.7708  2.14266e-06
-13.7602  1.29432e-06
-13.7499  1.4848e-06
-13.7391  1.30736e-06
-13.7279  1.71645e-06
-13.7174  1.59224e-06
-13.7071  1.8369e-06
-13.6956  1.44145e-06
-13.6867  1.66286e-06
-13.6756  1.38725e-06
-13.6654  1.95828e-06
-13.6541  1.60363e-06
-13.645  1.92408e-06
-13.6329  1.32393e-06
-13.623  1.93482e-06
-13.6124  1.87333e-06
-13.6025  1.64796e-06
-13.5913  1.83905e-06
-13.5818  2.16368e-06
-13.5701  1.68877e-06
-13.5599  1.83133e-06
-13.5492  2.01077e-06
-13.5394  2.15038e-06
-13.5275  2.06464e-06
-13.5179  1.81847e-06
-13.5059  2.25567e-06
-13.4963  2.10566e-06
-13.4851  2.06423e-06
-13.4754  1.66738e-06
-13.4641  2.74853e-06
-13.4538  1.90043e-06
-13.4434  2.17006e-06
-13.433  2.1784e-06
-13.4221  2.55316e-06
-13.4121  2.05156e-06
-13.4009  2.8466e-06
-13.3901  2.09204e-06
-13.3794  2.59889e-06
-13.3687  1.90225e-06
-13.358  2.88403e-06
-13.3474  2.62238e-06
-13.3378  2.42621e-06
-13.3266  2.12209e-06
-13.316  3.05424e-06
-13.3051  2.16671e-06
-13.2952  2.92751e-06
-13.2841  2.48751e-06
-13.275  2.97792e-06
-13.2635  2.40492e-06
-13.2532  2.90708e-06
-13.2418  2.8262e-06
-13.2319  2.91713e-06
-13.2213  2.69173e-06
-13.2115  2.84287e-06
-13.2005  3.03098e-06
-13.1908  3.24473e-06
-13.1792  2.76709e-06
-13.1696  2.91882e-06
-13.1588  3.3744e-06
-13.1492  2.606e-06
-13.138  3.07086e-06
-13.1289  3.63052e-06
-13.1172  3.32787e-06
-13.1071  2.79579e-06
-13.0962  3.42181e-06
-13.0864  3.42102e-06
-13.0756  3.67426e-06
-13.0653  3.01723e-06
-13.0544  3.70279e-06
-13.0444  3.45855e-06
-13.0338  3.72411e-06
-13.0239  3.46292e-06
-13.0122  4.07585e-06
-13.0018  3.12992e-06
-12.9911  4.07472e-06
-12.9808  3.8943e-06
-12.9701  4.20775e-06
-12.9603  2.93186e-06
-12.9498  4.50368e-06
-12.9393  3.47158e-06
-12.9292  4.47845e-06
-12.9194  3.62519e-06
-12.9078  4.60348e-06
-12.8981  3.57612e-06
-12.8877  4.38306e-06
-12.877  4.13299e-06
-12.8668  4.77802e-06
-12.8571  3.95186e-06
-12.8464  4.39015e-06
-12.836  3.8794e-06
-12.8257  5.19726e-06
-12.8151  3.93072e-06
-12.8048  5.201e-06
-12.7949  3.98633e-06
-12.784  5.53171e-06
-12.7738  4.08891e-06
-12.7635  5.02156e-06
-12.753  4.61282e-06
-12.7422  5.58095e-06
-12.7314  4.43938e-06
-12.7209  5.9928e-06
-12.7104  4.83641e-06
-12.7009  5.2269e-06
-12.69  4.76274e-06
-12.679  6.11351e-06
-12.6688  4.74262e-06
-12.6593  5.48611e-06
-12.6485  5.12938e-06
-12.6384  5.51891e-06
-12.6283  5.50316e-06
-12.6178  6.12083e-06
-12.6072  4.6228e-06
-12.5979  6.73208e-06
-12.5865  5.28114e-06
-12.5766  5.705e-06
-12.5668  5.91205e-06
-12.5562  7.41821e-06
-12.5456  4.96334e-06
-12.5355  6.48567e-06
-12.525  6.23009e-06
-12.5147  5.93613e-06
-12.5045  6.13864e-06
-12.4944  7.33224e-06
-12.4834  6.23684e-06
-12.4738  6.43773e-06
-12.4626  6.65082e-06
-12.4518  7.74483e-06
-12.4415  6.61611e-06
-12.4316  6.8307e-06
-12.4206  5.98057e-06
-12.4114  7.55033e-06
-12.4009  7.27036e-06
-12.3904  7.08717e-06
-12.3798  6.9809e-06
-12.3702  7.7542e-06
-12.3595  6.94716e-06
-12.3495  7.93937e-06
-12.339  7.32519e-06
-12.3288  7.92728e-06
-12.3186  7.11035e-06
-12.3086  8.5717e-06
-12.2977  7.87343e-06
-12.288  8.46334e-06
-12.2775  7.05333e-06
-12.2672  8.82206e-06
-12.2564  7.9165e-06
-12.2471  8.20715e-06
-12.2364  8.35932e-06
-12.2263  9.45883e-06
-12.2159  7.40092e-06
-12.2059  9.18796e-06
-12.1955  8.39641e-06
-12.1855  9.66291e-06
-12.175  8.59989e-06
-12.1648  9.21724e-06
-12.1543  8.07678e-06
-12.1446  1.0681e-05
-12.1338  8.9903e-06
-12.1238  9.00998e-06
-12.1134  9.82137e-06
-12.1033  9.89907e-06
-12.0929  8.67432e-06
-12.0829  1.13936e-05
-12.0726  9.19079e-06
-12.0625  1.07063e-05
-12.052  9.04137e-06
-12.0419  1.11696e-05
-12.0311  1.01822e-05
-12.0217  1.07766e-05
-12.0106  1.02591e-05
-12.0001  1.15286e-05
-11.9899  1.11317e-05
-11.9798  1.12696e-05
-11.9692  9.81511e-06
-11.9596  1.14132e-05
-11.9486  1.19453e-05
-11.9382  1.20795e-05
-11.9277  1.11314e-05
-11.9181  1.17616e-05
-11.9076  1.09973e-05
-11.8977  1.199e-05
-11.8871  1.18594e-05
-11.8772  1.31276e-05
-11.8665  1.2286e-05
-11.8558  1.32339e-05
-11.8449  1.26183e-05
-11.8352  1.25258e-05
-11.8249  1.20403e-05
-11.8143  1.53532e-05
-11.8031  1.29746e-05
-11.7934  1.18643e-05
-11.783  1.39791e-05
-11.7728  1.38121e-05
-11.7624  1.33935e-05
-11.7524  1.41025e-05
-11.7416  1.27501e-05
-11.7322  1.49436e-05
-11.7214  1.46675e-05
-11.7111  1.48745e-05
-11.701  1.25668e-05
-11.6908  1.71932e-05
-11.6793  1.45768e-05
-11.6695  1.45465e-05
-11.6589  1.60627e-05
-11.6492  1.49202e-05
-11.6384  1.40919e-05
-11.6287  1.67251e-05
-11.6178  1.56338e-05
-11.608  1.56304e-05
-11.5978  1.54793e-05
-11.5876  1.66039e-05
-11.5767  1.77571e-05
-11.5666  1.63353e-05
-11.5558  1.66432e-05
-11.5462  1.58448e-05
-11.5358  1.7529e-05
-11.5256  1.64321e-05
-11.5152  1.71073e-05
-11.5056  1.87595e-05
-11.495  1.62816e-05
-11.485  1.75395e-05
-11.4749  1.76927e-05
-11.4646  1.90342e-05
-11.4543  1.76653e-05
-11.4446  1.90711e-05
-11.4339  1.78477e-05
-11.424  1.85106e-05
-11.414  1.84141e-05
-11.4037  2.00313e-05
-11.3933  1.91724e-05
-11.3833  2.15316e-05
-11.3721  1.83083e-05
-11.3621  2.14394e-05
-11.3519  1.99138e-05
-11.3419  2.02488e-05
-11.3308  2.18759e-05
-11.3208  2.04633e-05
-11.3102  2.16074e-05
-11.2999  2.14706e-05
-11.2898  2.03386e-05
-11.2798  2.17338e-05
-11.2693  2.16253e-05
-11.2595  2.22753e-05
-11.2491  2.09571e-05
-11.239  2.41583e-05
-11.229  2.06216e-05
-11.2187  2.33229e-05
-11.2084  2.33149e-05
-11.1986  2.32362e-05
-11.1881  2.21237e-05
-11.178  2.56166e-05
-11.1677  2.16265e-05
-11.1578  2.50312e-05
-11.1474  2.40655e-05
-11.1375  2.45174e-05
-11.1273  2.38216e-05
-11.1171  2.57431e-05
-11.107  2.2959e-05
-11.0969  2.69636e-05
-11.0866  2.67814e-05
-11.0761  2.75703e-05
-11.0654  2.37437e-05
-11.0555  2.87323e-05
-11.045  2.53369e-05
-11.0349  2.70471e-05
-11.0249  2.69853e-05
-11.0147  2.76393e-05
-11.0045  2.61693e-05
-10.9943  2.94211e-05
-10.984  2.71992e-05
-10.9734  3.17548e-05
-10.9629  2.74827e-05
-10.9527  2.92516e-05
-10.9423  2.90301e-05
-10.9323  3.03986e-05
-10.922  2.77661e-05
-10.9119  3.06675e-05
-10.9018  3.02678e-05
-10.8914  3.16466e-05
-10.8813  2.80562e-05
-10.8708  3.68091e-05
-10.8598  2.98126e-05
-10.8498  3.15833e-05
-10.8398  3.04889e-05
-10.8296  3.344e-05
-10.8194  3.12624e-05
-10.8094  3.39807e-05
-10.7992  3.07578e-05
-10.789  3.4753e-05
-10.779  3.18555e-05
-10.7688  3.49463e-05
-10.7588  3.31525e-05
-10.7486  3.48185e-05
-10.7383  3.35135e-05
-10.7282  3.56613e-05
-10.7186  3.4951e-05
-10.7082  3.66429e-05
-10.6981  3.25675e-05
-10.6879  3.7866e-05
-10.678  3.47524e-05
-10.6678  3.90831e-05
-10.6577  3.71568e-05
-10.647  3.71878e-05
-10.6374  3.63175e-05
-10.6272  3.89577e-05
-10.6171  3.73263e-05
-10.6067  4.13244e-05
-10.597  3.68969e-05
-10.5864  4.06341e-05
-10.5765  3.71581e-05
-10.5663  4.28799e-05
-10.5563  3.89058e-05
-10.546  4.10648e-05
-10.5362  3.97688e-05
-10.5256  4.343e-05
-10.5156  4.07782e-05
-10.5055  4.26665e-05
-10.4953  4.24773e-05
-10.485  4.26055e-05
-10.4753  4.15216e-05
-10.4646  4.59203e-05
-10.4548  4.3182e-05
-10.4447  4.41029e-05
-10.434  4.80219e-05
-10.4232  4.43324e-05
-10.4138  4.45197e-05
-10.4033  4.80811e-05
-10.3932  4.53508e-05
-10.3826  4.84486e-05
-10.372  4.92219e-05
-10.3618  4.71854e-05
-10.3519  4.60254e-05
-10.3414  4.97978e-05
-10.3315  4.81541e-05
-10.3213  4.56917e-05
-10.3113  5.15502e-05
-10.301  5.09176e-05
-10.2906  5.20895e-05
-10.2798  5.19174e-05
-10.2696  5.07414e-05
-10.2595  5.10172e-05
-10.2497  5.1834e-05
-10.2393  5.32265e-05
-10.2294  5.0667e-05
-10.2192  5.37796e-05
-10.2091  5.34861e-05
-10.1989  5.12258e-05
-10.189  5.71175e-05
-10.1786  5.39095e-05
-10.1687  5.33501e-05
-10.1585  5.67944e-05
-10.1484  5.64636e-05
-10.1383  5.38246e-05
-10.1282  5.93271e-05
-10.1179  5.60761e-05
-10.1078  5.87644e-05
-10.0978  5.71138e-05
-10.0877  6.00167e-05
-10.0773  5.82261e-05
-10.0674  6.14734e-05
-10.0572  5.71425e-05
-10.0471  6.10403e-05
-10.0372  6.12348e-05
-10.027  6.24588e-05
-10.0167  5.86308e-05
-10.0068  6.57658e-05
-9.99647  6.1642e-05
-9.98655  6.23365e-05
-9.97659  6.32617e-05
-9.96635  6.51823e-05
-9.95631  6.30703e-05
-9.94624  6.81799e-05
-9.93612  6.2641e-05
-9.92604  6.77242e-05
-9.91597  6.6833e-05
-9.90583  6.61928e-05
-9.89581  6.6535e-05
-9.88565  7.20712e-05
-9.87531  6.70412e-05
-9.86537  6.82744e-05
-9.85543  6.9878e-05
-9.84512  7.13787e-05
-9.83515  6.8053e-05
-9.8251  7.38988e-05
-9.81498  7.05158e-05
-9.80483  7.2862e-05
-9.79438  7.90305e-05
-9.78356  7.37599e-05
-9.77361  7.36738e-05
-9.76355  7.70064e-05
-9.75327  7.43677e-05
-9.74244  8.54493e-05
-9.73204  7.47694e-05
-9.72191  7.75381e-05
-9.71168  7.80381e-05
-9.70154  7.91922e-05
-9.69135  7.8532e-05
-9.68127  7.7458e-05
-9.67149  8.05631e-05
-9.66114  8.16107e-05
-9.65097  8.00474e-05
-9.64099  8.03126e-05
-9.63086  8.42485e-05
-9.62034  8.44801e-05
-9.61057  8.31607e-05
-9.60022  8.36286e-05
-9.58975  9.14162e-05
-9.57923  8.71479e-05
-9.56875  9.18393e-05
-9.55797  8.49258e-05
-9.54832  9.06612e-05
-9.53774  8.69949e-05
-9.52772  8.78377e-05
-9.5177  8.98063e-05
-9.50775  8.90077e-05
-9.49733  9.13152e-05
-9.48714  9.86296e-05
-9.47608  9.2169e-05
-9.46559  0.000103163
-9.45504  9.20961e-05
-9.44507  9.23486e-05
-9.43462  9.81081e-05
-9.42483  9.05868e-05
-9.41458  9.56461e-05
-9.40458  9.98322e-05
-9.39429  9.7935e-05
-9.38433  9.35267e-05
-9.37396  0.000102201
-9.36418  9.63569e-05
-9.35391  0.000100279
-9.34379  0.000104212
-9.33366  9.82302e-05
-9.32366  0.000100294
-9.3134  0.000107056
-9.3034  9.95215e-05
-9.29322  0.000102461
-9.28317  0.000110109
-9.27305  9.9873e-05
-9.2631  0.000105414
-9.25278  0.000112386
-9.2428  0.000105763
-9.23263  0.000106115
-9.22258  0.000111883
-9.212  0.000116389
-9.20147  0.000110292
-9.19129  0.000116684
-9.1812  0.000108247
-9.17114  0.000111124
-9.16105  0.000117939
-9.15078  0.000110568
-9.14038  0.000126276
-9.12977  0.000119823
-9.11968  0.000110538
-9.10966  0.00011857
-9.09947  0.000124009
-9.08882  0.000125879
-9.0783  0.000123033
-9.0681  0.000119884
-9.05785  0.00012188
-9.04783  0.000120209
-9.03782  0.000127256
-9.0276  0.000119434
-9.01765  0.000125996
-9.00759  0.000124539
-8.9973  0.00012637
-8.98737  0.000125845
-8.97721  0.000133583
-8.96694  0.000122247
-8.95692  0.000134231
-8.94682  0.000128588
-8.93677  0.000130231
-8.9267  0.000131399
-8.91647  0.00013941
-8.90636  0.000125135
-8.89642  0.000138735
-8.88631  0.000135619
-8.87608  0.000134454
-8.86621  0.000136489
-8.856  0.000142028
-8.84593  0.00013078
-8.83585  0.000147687
-8.82576  0.000137362
-8.81571  0.000139816
-8.80568  0.000141608
-8.79503  0.000161224
-8.78405  0.000151588
-8.7735  0.000148987
-8.76353  0.000143732
-8.75324  0.000151
-8.74311  0.000145121
-8.7331  0.000151214
-8.72301  0.000146372
-8.71293  0.000152765
-8.70285  0.000151737
-8.69256  0.000151885
-8.68264  0.000152743
-8.67265  0.000156198
-8.66247  0.000149465
-8.65244  0.000159371
-8.6424  0.000157705
-8.63224  0.000156847
-8.62173  0.000174303
-8.61109  0.000164487
-8.60085  0.000160514
-8.59084  0.00015812
-8.58091  0.000164593
-8.57054  0.000164863
-8.56069  0.000162825
-8.55062  0.000168128
-8.54036  0.000166007
-8.52986  0.000183308
-8.51942  0.000171333
-8.50912  0.000165812
-8.49925  0.00017393
-8.4891  0.000172142
-8.47886  0.000174448
-8.46815  0.000193968
-8.45773  0.000173991
-8.44742  0.000176556
-8.43748  0.00017823
-8.42733  0.000175532
-8.41732  0.000180489
-8.40716  0.000179773
-8.39724  0.00018188
-8.38691  0.000182088
-8.37695  0.000187693
-8.3668  0.000178752
-8.35632  0.000205761
-8.34558  0.000190046
-8.33562  0.000182248
-8.32542  0.000192592
-8.31534  0.00019381
-8.30508  0.000185514
-8.29526  0.00019453
-8.28503  0.000194464
-8.27502  0.00019055
-8.26486  0.000200092
-8.25434  0.000212723
-8.24379  0.000194332
-8.23377  0.000204044
-8.2236  0.000198988
-8.21308  0.000214807
-8.20247  0.000208587
-8.19244  0.000203285
-8.18226  0.000199921
-8.17236  0.000210603
-8.16213  0.00020301
-8.15218  0.000203655
-8.14212  0.000213976
-8.13202  0.000212038
-8.12179  0.00020712
-8.11184  0.000218742
-8.10152  0.000212391
-8.09152  0.000211978
-8.08147  0.000217669
-8.07138  0.00022225
-8.06119  0.000208068
-8.05124  0.000228441
-8.04099  0.000218924
-8.03103  0.000215589
-8.02104  0.000228952
-8.01086  0.000223608
-8.00081  0.000218582
-7.99084  0.00023339
-7.98066  0.000222358
-7.97063  0.000232861
-7.96047  0.000232678
-7.95031  0.000232022
-7.94027  0.000225934
-7.93023  0.000241407
-7.92009  0.000232647
-7.91005  0.000234367
-7.89995  0.000241997
-7.8898  0.000238947
-7.87972  0.000233686
-7.86968  0.000249515
-7.85959  0.000238715
-7.84941  0.000241919
-7.8394  0.000249728
-7.8287  0.000265245
-7.81829  0.000250399
-7.80804  0.000253018
-7.79793  0.000247246
-7.78777  0.00024908
-7.77786  0.000255825
-7.76706  0.000283493
-7.75655  0.000246112
-7.74641  0.000267833
-7.73629  0.000249882
-7.72619  0.000255958
-7.71625  0.000269241
-7.70582  0.000263771
-7.69587  0.000251649
-7.68582  0.000276179
-7.67561  0.000258624
-7.66551  0.000265735
-7.65558  0.000271237
-7.64535  0.000266438
-7.63542  0.000264014
-7.62525  0.000283241
-7.61508  0.000267248
-7.60507  0.000269125
-7.59498  0.000288387
-7.58471  0.000270835
-7.57461  0.000275607
-7.56465  0.000284188
-7.55459  0.000276386
-7.54437  0.000280856
-7.53439  0.000291573
-7.52423  0.000272238
-7.51426  0.000290801
-7.50417  0.000289671
-7.4941  0.000283063
-7.484  0.000285854
-7.47408  0.000299767
-7.4639  0.000285057
-7.45384  0.00029399
-7.44376  0.000302404
-7.4337  0.000288686
-7.42353  0.000296809
-7.41352  0.000312098
-7.40336  0.000289537
-7.39319  0.000305751
-7.38277  0.000333223
-7.3721  0.000306154
-7.36188  0.000304795
-7.352  0.00031299
-7.34187  0.000297599
-7.33178  0.000317424
-7.32179  0.000311903
-7.31164  0.000310766
-7.30147  0.00031433
-7.291  0.000354301
-7.28034  0.000311979
-7.27009  0.000329156
-7.26005  0.000320247
-7.24998  0.000314796
-7.23978  0.000328944
-7.22981  0.000327715
-7.21971  0.000316966
-7.20945  0.000342041
-7.19949  0.000322636
-7.18927  0.000333382
-7.1791  0.0003358
-7.16909  0.000332975
-7.15899  0.000331644
-7.1487  0.000346514
-7.13883  0.000328489
-7.12872  0.000341336
-7.11863  0.000336886
-7.10869  0.000345545
-7.09864  0.000337392
-7.0884  0.000349559
-7.07851  0.000348644
-7.06828  0.000344807
-7.05823  0.00035018
-7.04822  0.000353824
-7.03802  0.000351991
-7.02729  0.000397208
-7.01689  0.000349223
-7.00679  0.000352696
-6.99668  0.000366987
-6.98651  0.000360516
-6.97643  0.00036452
-6.96574  0.000397116
-6.9554  0.000364035
-6.94516  0.000368109
-6.93497  0.000370129
-6.92511  0.000363213
-6.91507  0.000373246
-6.90478  0.00037747
-6.89489  0.000368642
-6.88465  0.000379587
-6.87451  0.000383282
-6.8645  0.000372722
-6.85431  0.000391355
-6.84371  0.000405349
-6.83344  0.000382437
-6.82318  0.000393265
-6.81306  0.000383805
-6.80314  0.000383154
-6.79302  0.000394979
-6.78278  0.000390125
-6.7729  0.000394593
-6.76265  0.00039141
-6.75264  0.000402632
-6.74264  0.000386402
-6.73243  0.000411549
-6.72225  0.000396174
-6.71235  0.000401237
-6.70213  0.00040511
-6.69203  0.000409444
-6.68194  0.000399172
-6.67184  0.000418807
-6.66168  0.000400179
-6.65176  0.000416975
-6.64152  0.000410279
-6.63151  0.000412283
-6.62156  0.000414404
-6.61128  0.000422068
-6.6012  0.000419019
-6.59124  0.000415901
-6.58104  0.000421885
-6.57102  0.000425839
-6.561  0.000418745
-6.55082  0.000435303
-6.54082  0.000418481
-6.53034  0.000466215
-6.51975  0.000436466
-6.50962  0.000430596
-6.49963  0.000432454
-6.48943  0.000444559
-6.47941  0.000424721
-6.46939  0.00044706
-6.4592  0.000434683
-6.44922  0.000444125
-6.43913  0.00044309
-6.42882  0.000455782
-6.41886  0.000437836
-6.40879  0.000444472
-6.39869  0.000459989
-6.38859  0.000443386
-6.37851  0.000456485
-6.36834  0.000458492
-6.35838  0.000449666
-6.34817  0.000459302
-6.33818  0.000459977
-6.32812  0.000454372
-6.31812  0.000463151
-6.30792  0.000466378
-6.29793  0.000466321
-6.28778  0.000461667
-6.27769  0.000477976
-6.26759  0.000466028
-6.25752  0.000467696
-6.24738  0.000482114
-6.23737  0.00047125
-6.22714  0.000473715
-6.21712  0.00049303
-6.20688  0.000471192
-6.19684  0.000483246
-6.18672  0.000486567
-6.17667  0.000483558
-6.16654  0.00047701
-6.15661  0.000495785
-6.1464  0.000486719
-6.13639  0.000485909
-6.12629  0.0004983
-6.11621  0.000494304
-6.10604  0.000487079
-6.09604  0.000509205
-6.08591  0.000488745
-6.07586  0.000494883
-6.06582  0.000515106
-6.05558  0.000503467
-6.04543  0.000495863
-6.03548  0.000517747
-6.02524  0.000503376
-6.01517  0.000507168
-6.00517  0.000512163
-5.995  0.000516595
-5.98495  0.000498505
-5.97497  0.000524251
-5.96488  0.000509007
-5.95486  0.000511797
-5.94474  0.000534199
-5.93453  0.000520412
-5.92447  0.000512508
-5.91439  0.000540893
-5.90424  0.000517893
-5.89417  0.000517451
-5.88416  0.00054448
-5.87404  0.000514955
-5.86406  0.000531826
-5.85389  0.000542849
-5.84385  0.000525821
-5.83378  0.000533196
-5.82327  0.00059328
-5.81259  0.0005429
-5.80257  0.000531042
-5.79243  0.000555716
-5.78234  0.000540404
-5.77223  0.000532969
-5.76226  0.000564347
-5.75204  0.000537417
-5.7421  0.000546347
-5.73192  0.00056286
-5.72185  0.000546882
-5.71123  0.000601632
-5.70088  0.000561234
-5.69062  0.000553807
-5.68069  0.000552323
-5.66997  0.000632151
-5.65939  0.000553672
-5.64928  0.00056183
-5.63926  0.000576314
-5.62898  0.000566321
-5.61895  0.000555156
-5.60895  0.000583514
-5.59883  0.000559439
-5.58869  0.000573492
-5.57874  0.000577424
-5.56853  0.000571257
-5.55854  0.000569194
-5.54849  0.000587721
-5.53839  0.000566884
-5.52831  0.000585149
-5.51823  0.000588629
-5.50807  0.000575829
-5.49804  0.000584718
-5.48791  0.00059277
-5.4779  0.000579901
-5.46771  0.000591705
-5.45763  0.000600671
-5.44755  0.000574155
-5.43751  0.000601063
-5.42741  0.000599715
-5.41727  0.00058914
-5.40714  0.000602584
-5.39704  0.000607593
-5.38686  0.000591635
-5.37673  0.000617281
-5.36659  0.000598591
-5.35659  0.000594825
-5.3465  0.000608115
-5.33644  0.000608901
-5.32647  0.000593878
-5.31628  0.000626746
-5.30614  0.000610576
-5.29605  0.00060734
-5.28582  0.000627184
-5.27577  0.000616636
-5.26518  0.000659451
-5.25458  0.000638344
-5.24453  0.000601978
-5.23452  0.000617688
-5.22441  0.000629738
-5.21434  0.000617999
-5.20431  0.000615303
-5.19417  0.000634857
-5.18417  0.000616359
-5.17412  0.000627747
-5.16391  0.000639991
-5.15382  0.000629058
-5.14382  0.000614851
-5.13361  0.00065569
-5.12367  0.000616093
-5.11351  0.0006411
-5.10338  0.000641941
-5.09333  0.000632606
-5.08329  0.000630397
-5.07313  0.000654746
-5.06314  0.000630863
-5.05294  0.000650453
-5.04285  0.000642632
-5.03278  0.000641704
-5.02279  0.000642084
-5.01255  0.000661958
-5.00255  0.00063957
-4.99238  0.0006476
-4.98233  0.000659593
-4.9722  0.000654825
-4.96208  0.000643179
-4.95196  0.00066567
-4.942  0.000648476
-4.93178  0.000656972
-4.92174  0.00066166
-4.91166  0.000657498
-4.90148  0.000664212
-4.89139  0.000656313
-4.8814  0.000667075
-4.87116  0.000662201
-4.8612  0.000657565
-4.85123  0.000661301
-4.84106  0.000669335
-4.83099  0.000662588
-4.82106  0.000671572
-4.81083  0.000661242
-4.80085  0.000676828
-4.79078  0.000670676
-4.78061  0.000666457
-4.77065  0.000672037
-4.7606  0.000681268
-4.75039  0.000668218
-4.7404  0.000682435
-4.73038  0.00066992
-4.72021  0.000681274
-4.71021  0.000677622
-4.70011  0.000688227
-4.69  0.000663216
-4.68002  0.000696222
-4.66992  0.000681019
-4.65969  0.000685249
-4.64973  0.000684827
-4.63918  0.000752858
-4.62804  0.000749144
-4.61755  0.000694342
-4.60746  0.000687304
-4.59721  0.000695016
-4.58724  0.000693334
-4.57711  0.000693233
-4.56691  0.000690423
-4.55704  0.000686548
-4.54698  0.000695933
-4.53674  0.000699814
-4.52678  0.000695986
-4.51663  0.000702869
-4.50641  0.000697876
-4.49593  0.000772987
-4.48535  0.000692267
-4.47522  0.000697813
-4.46533  0.000702014
-4.45521  0.000699222
-4.44502  0.000704595
-4.43505  0.000709404
-4.42499  0.000696555
-4.41477  0.000709355
-4.40438  0.000772022
-4.39374  0.000708221
-4.38358  0.000711709
-4.37303  0.00078735
-4.36244  0.000693526
-4.35227  0.000728238
-4.34224  0.000706194
-4.33212  0.000715019
-4.32203  0.000696816
-4.31212  0.000730041
-4.30199  0.00068898
-4.2919  0.000732021
-4.28187  0.000714302
-4.27172  0.00071424
-4.26167  0.000704578
-4.2517  0.000733551
-4.24156  0.000699619
-4.23145  0.000731765
-4.22147  0.000714203
-4.21131  0.00072102
-4.20123  0.000717619
-4.19115  0.000733446
-4.18103  0.00071062
-4.17089  0.000729881
-4.16089  0.000729408
-4.15077  0.000707276
-4.14067  0.000735041
-4.13067  0.00072131
-4.1206  0.000721357
-4.11043  0.000731672
-4.10035  0.000738458
-4.09022  0.000710828
-4.08015  0.000740633
-4.07002  0.000728163
-4.05994  0.000726069
-4.04986  0.000725296
-4.03977  0.000745442
-4.02963  0.000716583
-4.01953  0.000741245
-4.00947  0.00073157
-3.99941  0.00072151
-3.98935  0.00073017
-3.97917  0.000760078
-3.9691  0.000702392
-3.95909  0.000746859
-3.949  0.000731167
-3.93886  0.000738994
-3.92881  0.000725619
-3.91866  0.000754913
-3.90864  0.000710067
-3.89815  0.00081553
-3.88753  0.000738398
-3.87747  0.000728901
-3.86739  0.000740914
-3.85728  0.000748052
-3.8472  0.000719706
-3.83711  0.000753919
-3.82701  0.000736775
-3.81696  0.000726754
-3.80688  0.00074863
-3.79674  0.000746266
-3.78673  0.000719914
-3.77662  0.000759877
-3.7665  0.000728888
-3.75653  0.000733882
-3.7465  0.00073797
-3.73635  0.000760609
-3.72627  0.00071637
-3.71622  0.000756286
-3.70616  0.000735461
-3.69611  0.000738497
-3.68595  0.000750767
-3.67545  0.000808404
-3.66491  0.00073371
-3.65483  0.000752186
-3.64476  0.00074027
-3.63474  0.000732327
-3.62461  0.000753475
-3.61453  0.000746516
-3.60446  0.000733451
-3.5943  0.000760243
-3.58421  0.000736982
-3.57415  0.000745147
-3.56396  0.00075445
-3.55386  0.000744501
-3.54383  0.000732836
-3.5337  0.000759179
-3.52363  0.000738942
-3.51354  0.000744072
-3.50343  0.000746442
-3.49336  0.000749894
-3.48335  0.000729302
-3.47324  0.000753741
-3.46322  0.000740113
-3.45314  0.000741704
-3.44304  0.000749414
-3.43302  0.000739895
-3.42294  0.000747995
-3.41282  0.000739755
-3.40278  0.000756211
-3.3926  0.000742715
-3.38254  0.000744028
-3.3725  0.000741829
-3.36244  0.000747297
-3.35235  0.000735436
-3.34231  0.000758772
-3.33178  0.000791798
-3.3213  0.000755061
-3.3112  0.000741008
-3.30113  0.000749315
-3.29096  0.000742669
-3.28096  0.00074642
-3.27078  0.000749016
-3.26069  0.000746477
-3.25061  0.000736291
-3.24058  0.000752515
-3.23048  0.000730725
-3.22005  0.000811957
-3.20951  0.000741298
-3.19946  0.00074213
-3.18889  0.000815137
-3.1783  0.000750306
-3.16815  0.000741122
-3.15811  0.000744499
-3.14794  0.000750532
-3.13781  0.000741647
-3.12774  0.00073937
-3.11767  0.000747661
-3.10757  0.000739781
-3.09748  0.000735626
-3.08745  0.000749709
-3.07735  0.000732893
-3.06728  0.000743901
-3.05719  0.000740265
-3.04714  0.000740396
-3.03705  0.000736763
-3.02697  0.000744384
-3.01693  0.00072812
-3.00689  0.000746968
-2.9967  0.000740583
-2.9867  0.000737961
-2.97655  0.000736271
-2.96647  0.000746942
-2.95639  0.00072957
-2.94629  0.000743021
-2.93617  0.000740817
-2.92607  0.000740782
-2.91591  0.000732075
-2.90593  0.000734785
-2.89586  0.000734106
-2.88579  0.000734608
-2.87569  0.000735728
-2.8656  0.00074015
-2.85545  0.00073475
-2.84533  0.000739699
-2.83521  0.00073907
-2.82498  0.000738951
-2.81492  0.000730736
-2.80484  0.0007351
-2.7947  0.000728528
-2.78465  0.000737295
-2.77458  0.000728043
-2.7644  0.000735954
-2.75436  0.000727098
-2.74426  0.000735602
-2.73415  0.00072451
-2.72413  0.000727887
-2.71402  0.000732161
-2.70344  0.000793991
-2.69295  0.000719796
-2.68292  0.000735073
-2.67274  0.000720837
-2.66275  0.000728344
-2.65261  0.000726454
-2.64249  0.000724763
-2.63248  0.000725203
-2.62235  0.000726243
-2.61221  0.000720412
-2.60224  0.000724192
-2.59213  0.000719025
-2.58205  0.000721877
-2.57206  0.000715267
-2.56198  0.000726363
-2.55182  0.000714342
-2.54187  0.00072022
-2.53173  0.000723429
-2.52115  0.000779884
-2.51071  0.000717006
-2.50061  0.000716858
-2.49052  0.000711411
-2.48058  0.000718207
-2.47045  0.000708419
-2.46041  0.000715956
-2.45038  0.000717564
-2.44022  0.000714035
-2.43014  0.000707149
-2.42013  0.000724686
-2.40995  0.000707022
-2.39986  0.000709476
-2.38985  0.000718492
-2.37966  0.000709722
-2.36953  0.000714065
-2.35946  0.000713551
-2.34932  0.000708588
-2.33919  0.000705119
-2.32919  0.000716387
-2.3191  0.00068608
-2.30915  0.000708908
-2.29907  0.000708021
-2.28898  0.000701702
-2.2789  0.000697812
-2.26887  0.00072014
-2.25871  0.000685007
-2.24868  0.000712886
-2.23854  0.00070273
-2.22845  0.000703853
-2.21834  0.000690198
-2.20827  0.000719671
-2.19812  0.000683872
-2.18807  0.000706658
-2.178  0.000691291
-2.16795  0.000701115
-2.15782  0.000687656
-2.14779  0.00070995
-2.13769  0.000676179
-2.12762  0.000708668
-2.11752  0.000686963
-2.10744  0.000699862
-2.09727  0.000689252
-2.08717  0.000705662
-2.07706  0.000675996
-2.067  0.000702201
-2.05683  0.000689023
-2.04681  0.000683527
-2.03675  0.000684574
-2.02665  0.000695624
-2.0166  0.000676757
-2.00649  0.000693869
-1.99637  0.000688051
-1.9863  0.000675423
-1.97581  0.000746893
-1.96523  0.00069273
-1.95517  0.000665058
-1.94512  0.000693283
-1.93503  0.000677003
-1.9249  0.00068302
-1.9148  0.000680962
-1.90464  0.000687818
-1.89459  0.000664256
-1.88453  0.000686563
-1.87443  0.000671782
-1.86443  0.000668085
-1.85431  0.000684819
-1.84417  0.000678518
-1.83408  0.000665612
-1.82394  0.000684105
-1.81392  0.000664846
-1.80389  0.000659532
-1.79385  0.000682148
-1.78369  0.000670125
-1.77365  0.00065983
-1.76354  0.000680763
-1.75347  0.000660253
-1.74342  0.000663546
-1.73335  0.000670748
-1.72325  0.000664531
-1.71321  0.000660512
-1.70302  0.000674206
-1.693  0.000659875
-1.68289  0.000656889
-1.67279  0.000672502
-1.66273  0.000655203
-1.65265  0.000656354
-1.64256  0.000665288
-1.63256  0.000653273
-1.62247  0.000652887
-1.61238  0.000667135
-1.60231  0.000650794
-1.59221  0.000660242
-1.5816  0.000716275
-1.57112  0.000655321
-1.56107  0.000640649
-1.55106  0.000656316
-1.54099  0.000654668
-1.53089  0.000645843
-1.52081  0.000654822
-1.51074  0.000656939
-1.5006  0.00063542
-1.49059  0.00066161
-1.4805  0.000636545
-1.46999  0.000712249
-1.45934  0.00065197
-1.44928  0.000648548
-1.43908  0.000643775
-1.42904  0.000648612
-1.41892  0.000643975
-1.40895  0.000630857
-1.39888  0.000643594
-1.38893  0.000639046
-1.37881  0.00063361
-1.3688  0.000646531
-1.3587  0.000638223
-1.34852  0.000645869
-1.33843  0.000637636
-1.32832  0.000642319
-1.31824  0.000625586
-1.30823  0.000646534
-1.29758  0.000696331
-1.28702  0.00062999
-1.27697  0.000636137
-1.2669  0.000635343
-1.25671  0.00063925
-1.24661  0.000630033
-1.23658  0.000630304
-1.22642  0.00063316
-1.21638  0.000632783
-1.20629  0.000626744
-1.19613  0.000636697
-1.18605  0.000625007
-1.1755  0.000688689
-1.16491  0.000624335
-1.15494  0.000624924
-1.14484  0.000622247
-1.13475  0.000630261
-1.12464  0.00062323
-1.11459  0.000626184
-1.10443  0.000622994
-1.09438  0.000627155
-1.0843  0.000613105
-1.07423  0.000626057
-1.06421  0.000615572
-1.05371  0.000675457
-1.04314  0.000619432
-1.03311  0.000622889
-1.023  0.000609722
-1.01291  0.000629237
-1.00281  0.000613355
-0.992725  0.000618567
-0.982612  0.000614055
-0.972555  0.000620554
-0.962467  0.000609308
-0.952352  0.00062166
-0.942286  0.000610472
-0.932196  0.000615002
-0.922156  0.000603466
-0.911693  0.000676439
-0.901082  0.000603528
-0.891084  0.000613204
-0.881012  0.000610137
-0.870903  0.000612755
-0.860771  0.000607338
-0.850731  0.000619069
-0.840559  0.000600118
-0.830522  0.000613367
-0.820469  0.000603285
-0.810387  0.000609659
-0.800299  0.000601444
-0.790268  0.00061264
-0.780169  0.000597869
-0.770047  0.000616146
-0.759952  0.000601173
-0.749855  0.000607056
-0.73978  0.000599517
-0.729662  0.000616194
-0.719559  0.000591402
-0.709466  0.000613059
-0.699366  0.000601263
-0.689233  0.000602171
-0.679201  0.000597397
-0.669083  0.000612379
-0.658956  0.000590955
-0.648453  0.000660598
-0.637935  0.000594168
-0.62779  0.000610193
-0.617705  0.000587171
-0.607715  0.000604945
-0.597604  0.000590964
-0.587514  0.000606866
-0.577392  0.000595589
-0.567242  0.000605781
-0.557106  0.000592686
-0.547026  0.000606067
-0.536873  0.000589472
-0.526795  0.000604838
-0.516659  0.000594462
-0.5065  0.000600403
-0.496438  0.000591909
-0.486292  0.000603461
-0.476217  0.000583818
-0.466175  0.00059864
-0.456107  0.000592846
-0.445939  0.0005975
-0.435969  0.00058057
-0.42586  0.000606404
-0.415768  0.000582227
-0.405683  0.000597907
-0.395692  0.000585138
-0.385565  0.00059293
-0.375634  0.000580496
-0.365584  0.000596261
-0.355465  0.000590604
-0.345369  0.000592531
-0.335283  0.000591074
-0.325157  0.000592009
-0.315095  0.000589918
-0.30498  0.000590662
-0.294932  0.000589546
-0.284884  0.000581808
-0.274808  0.000599928
-0.264689  0.000580766
-0.254634  0.000595312
-0.244531  0.000587327
-0.234352  0.000598316
-0.224245  0.000583706
-0.214214  0.000589284
-0.204079  0.000589164
-0.194021  0.000590271
-0.183956  0.000580268
-0.173919  0.000593053
-0.163876  0.000575855
-0.153827  0.0005972
-0.143755  0.000578513
-0.133688  0.00059194
-0.123591  0.000588307
-0.11344  0.000593212
-0.103396  0.000576325
-0.0934093  0.000590669
-0.0832851  0.000584797
-0.0731905  0.00059351
-0.0631133  0.000580595
-0.0529745  0.000597957
-0.0429143  0.000577776
-0.032832  0.000592141
-0.0227785  0.000581966
-0.0127081  0.000587594
-0.00382916  0.000447089
0.00382916  0.000447089
0.0127081  0.000587594
0.0227785  0.000581966
0.032832  0.000592141
0.0429143  0.000577776
0.0529745  0.000597957
0.0631133  0.000580595
0.0731905  0.00059351
0.0832851  0.000584797
0.0934093  0.000590669
0.103396  0.000576325
0.11344  0.000593212
0.123591  0.000588307
0.133688  0.00059194
0.143755  0.000578513
0.153827  0.0005972
0.163876  0.000575855
0.173919  0.000593053
0.183956  0.000580268
0.194021  0.000590271
0.204079  0.000589164
0.214214  0.000589284
0.224245  0.000583706
0.234352  0.000598316
0.244531  0.000587327
0.254634  0.000595312
0.264689  0.000580766
0.274808  0.000599928
0.284884  0.000581808
0.294932  0.000589546
0.30498  0.000590662
0.315095  0.000589918
0.325157  0.000592009
0.335283  0.000591074
0.345369  0.000592531
0.355465  0.000590604
0.365584  0.000596261
0.375634  0.000580496
0.385565  0.00059293
0.395692  0.000585138
0.405683  0.000597907
0.415768  0.000582227
0.42586  0.000606404
0.435969  0.00058057
0.445939  0.0005975
0.456107  0.000592846
0.466175  0.00059864
0.476217  0.000583818
0.486292  0.000603461
0.496438  0.000591909
0.5065  0.000600403
0.516659  0.000594462
0.526795  0.000604838
0.536873  0.000589472
0.547026  0.000606067
0.557106  0.000592686
0.567242  0.000605781
0.577392  0.000595589
0.587514  0.000606866
0.597604  0.000590964
0.607715  0.000604945
0.617705  0.000587171
0.62779  0.000610193
0.637935  0.000594168
0.648453  0.000660598
0.658956  0.000590955
0.669083  0.000612379
0.679201  0.000597397
0.689233  0.000602171
0.699366  0.000601263
0.709466  0.000613059
0.719559  0.000591402
0.729662  0.000616194
0.73978  0.000599517
0.749855  0.000607056
0.759952  0.000601173
0.770047  0.000616146
0.780169  0.000597869
0.790268  0.00061264
0.800299  0.000601444
0.810387  0.000609659
0.820469  0.000603285
0.830522  0.000613367
0.840559  0.000600118
0.850731  0.000619069
0.860771  0.000607338
0.870903  0.000612755
0.881012  0.000610137
0.891084  0.000613204
0.901082  0.000603528
0.911693  0.000676439
0.922156  0.000603466
0.932196  0.000615002
0.942286  0.000610472
0.952352  0.00062166
0.962467  0.000609308
0.972555  0.000620554
0.982612  0.000614055
0.992725  0.000618567
1.00281  0.000613355
1.01291  0.000629237
1.023  0.000609722
1.03311  0.000622889
1.04314  0.000619432
1.05371  0.000675457
1.06421  0.000615572
1.07423  0.000626057
1.0843  0.000613105
1.09438  0.000627155
1.10443  0.000622994
1.11459  0.000626184
1.12464  0.00062323
1.13475  0.000630261
1.14484  0.000622247
1.15494  0.000624924
1.16491  0.000624335
1.1755  0.000688689
1.18605  0.000625007
1.19613  0.000636697
1.20629  0.000626744
1.21638  0.000632783
1.22642  0.00063316
1.23658  0.000630304
1.24661  0.000630033
1.25671  0.00063925
1.2669  0.000635343
1.27697  0.000636137
1.28702  0.00062999
1.29758  0.000696331
1.30823  0.000646534
1.31824  0.000625586
1.32832  0.000642319
1.33843  0.000637636
1.34852  0.000645869
1.3587  0.000638223
1.3688  0.000646531
1.37881  0.00063361
1.38893  0.000639046
1.39888  0.000643594
1.40895  0.000630857
1.41892  0.000643975
1.42904  0.000648612
1.43908  0.000643775
1.44928  0.000648548
1.45934  0.00065197
1.46999  0.000712249
1.4805  0.000636545
1.49059  0.00066161
1.5006  0.00063542
1.51074  0.000656939
1.52081  0.000654822
1.53089  0.000645843
1.54099  0.000654668
1.55106  0.000656316
1.56107  0.000640649
1.57112  0.000655321
1.5816  0.000716275
1.59221  0.000660242
1.60231  0.000650794
1.61238  0.000667135
1.62247  0.000652887
1.63256  0.000653273
1.64256  0.000665288
1.65265  0.000656354
1.66273  0.000655203
1.67279  0.000672502
1.68289  0.000656889
1.693  0.000659875
1.70302  0.000674206
1.71321  0.000660512
1.72325  0.000664531
1.73335  0.000670748
1.74342  0.000663546
1.75347  0.000660253
1.76354  0.000680763
1.77365  0.00065983
1.78369  0.000670125
1.79385  0.000682148
1.80389  0.000659532
1.81392  0.000664846
1.82394  0.000684105
1.83408  0.000665612
1.84417  0.000678518
1.85431  0.000684819
1.86443  0.000668085
1.87443  0.000671782
1.88453  0.000686563
1.89459  0.000664256
1.90464  0.000687818
1.9148  0.000680962
1.9249  0.00068302
1.93503  0.000677003
1.94512  0.000693283
1.95517  0.000665058
1.96523  0.00069273
1.97581  0.000746893
1.9863  0.000675423
1.99637  0.000688051
2.00649  0.000693869
2.0166  0.000676757
2.02665  0.000695624
2.03675  0.000684574
2.04681  0.000683527
2.05683  0.000689023
2.067  0.000702201
2.07706  0.000675996
2.08717  0.000705662
2.09727  0.000689252
2.10744  0.000699862
2.11752  0.000686963
2.12762  0.000708668
2.13769  0.000676179
2.14779  0.00070995
2.15782  0.000687656
2.16795  0.000701115
2.178  0.000691291
2.18807  0.000706658
2.19812  0.000683872
2.20827  0.000719671
2.21834  0.000690198
2.22845  0.000703853
2.23854  0.00070273
2.24868  0.000712886
2.25871  0.000685007
2.26887  0.00072014
2.2789  0.000697812
2.28898  0.000701702
2.29907  0.000708021
2.30915  0.000708908
2.3191  0.00068608
2.32919  0.000716387
2.33919  0.000705119
2.34932  0.000708588
2.35946  0.000713551
2.36953  0.000714065
2.37966  0.000709722
2.38985  0.000718492
2.39986  0.000709476
2.40995  0.000707022
2.42013  0.000724686
2.43014  0.000707149
2.44022  0.000714035
2.45038  0.000717564
2.46041  0.000715956
2.47045  0.000708419
2.48058  0.000718207
2.49052  0.000711411
2.50061  0.000716858
2.51071  0.000717006
2.52115  0.000779884
2.53173  0.000723429
2.54187  0.00072022
2.55182  0.000714342
2.56198  0.000726363
2.57206  0.000715267
2.58205  0.000721877
2.59213  0.000719025
2.60224  0.000724192
2.61221  0.000720412
2.62235  0.000726243
2.63248  0.000725203
2.64249  0.000724763
2.65261  0.000726454
2.66275  0.000728344
2.67274  0.000720837
2.68292  0.000735073
2.69295  0.000719796
2.70344  0.000793991
2.71402  0.000732161
2.72413  0.000727887
2.73415  0.00072451
2.74426  0.000735602
2.75436  0.000727098
2.7644  0.000735954
2.77458  0.000728043
2.78465  0.000737295
2.7947  0.000728528
2.80484  0.0007351
2.81492  0.000730736
2.82498  0.000738951
2.83521  0.00073907
2.84533  0.000739699
2.85545  0.00073475
2.8656  0.00074015
2.87569  0.000735728
2.88579  0.000734608
2.89586  0.000734106
2.90593  0.000734785
2.91591  0.000732075
2.92607  0.000740782
2.93617  0.000740817
2.94629  0.000743021
2.95639  0.00072957
2.96647  0.000746942
2.97655  0.000736271
2.9867  0.000737961
2.9967  0.000740583
3.00689  0.000746968
3.01693  0.00072812
3.02697  0.000744384
3.03705  0.000736763
3.04714  0.000740396
3.05719  0.000740265
3.06728  0.000743901
3.07735  0.000732893
3.08745  0.000749709
3.09748  0.000735626
3.10757  0.000739781
3.11767  0.000747661
3.12774  0.00073937
3.13781  0.000741647
3.14794  0.000750532
3.15811  0.000744499
3.16815  0.000741122
3.1783  0.000750306
3.18889  0.000815137
3.19946  0.00074213
3.20951  0.000741298
3.22005  0.000811957
3.23048  0.000730725
3.24058  0.000752515
3.25061  0.000736291
3.26069  0.000746477
3.27078  0.000749016
3.28096  0.00074642
3.29096  0.000742669
3.30113  0.000749315
3.3112  0.000741008
3.3213  0.000755061
3.33178  0.000791798
3.34231  0.000758772
3.35235  0.000735436
3.36244  0.000747297
3.3725  0.000741829
3.38254  0.000744028
3.3926  0.000742715
3.40278  0.000756211
3.41282  0.000739755
3.42294  0.000747995
3.43302  0.000739895
3.44304  0.000749414
3.45314  0.000741704
3.46322  0.000740113
3.47324  0.000753741
3.48335  0.000729302
3.49336  0.000749894
3.50343  0.000746442
3.51354  0.000744072
3.52363  0.000738942
3.5337  0.000759179
3.54383  0.000732836
3.55386  0.000744501
3.56396  0.00075445
3.57415  0.000745147
3.58421  0.000736982
3.5943  0.000760243
3.60446  0.000733451
3.61453  0.000746516
3.62461  0.000753475
3.63474  0.000732327
3.64476  0.00074027
3.65483  0.000752186
3.66491  0.00073371
3.67545  0.000808404
3.68595  0.000750767
3.69611  0.000738497
3.70616  0.000735461
3.71622  0.000756286
3.72627  0.00071637
3.73635  0.000760609
3.7465  0.00073797
3.75653  0.000733882
3.7665  0.000728888
3.77662  0.000759877
3.78673  0.000719914
3.79674  0.000746266
3.80688  0.00074863
3.81696  0.000726754
3.82701  0.000736775
3.83711  0.000753919
3.8472  0.000719706
3.85728  0.000748052
3.86739  0.000740914
3.87747  0.000728901
3.88753  0.000738398
3.89815  0.00081553
3.90864  0.000710067
3.91866  0.000754913
3.92881  0.000725619
3.93886  0.000738994
3.949  0.000731167
3.95909  0.000746859
3.9691  0.000702392
3.97917  0.000760078
3.98935  0.00073017
3.99941  0.00072151
4.00947  0.00073157
4.01953  0.000741245
4.02963  0.000716583
4.03977  0.000745442
4.04986  0.000725296
4.05994  0.000726069
4.07002  0.000728163
4.08015  0.000740633
4.09022  0.000710828
4.10035  0.000738458
4.11043  0.000731672
4.1206  0.000721357
4.13067  0.00072131
4.14067  0.000735041
4.15077  0.000707276
4.16089  0.000729408
4.17089  0.000729881
4.18103  0.00071062
4.19115  0.000733446
4.20123  0.000717619
4.21131  0.00072102
4.22147  0.000714203
4.23145  0.000731765
4.24156  0.000699619
4.2517  0.000733551
4.26167  0.000704578
4.27172  0.00071424
4.28187  0.000714302
4.2919  0.000732021
4.30199  0.00068898
4.31212  0.000730041
4.32203  0.000696816
4.33212  0.000715019
4.34224  0.000706194
4.35227  0.000728238
4.36244  0.000693526
4.37303  0.00078735
4.38358  0.000711709
4.39374  0.000708221
4.40438  0.000772022
4.41477  0.000709355
4.42499  0.000696555
4.43505  0.000709404
4.44502  0.000704595
4.45521  0.000699222
4.46533  0.000702014
4.47522  0.000697813
4.48535  0.000692267
4.49593  0.000772987
4.50641  0.000697876
4.51663  0.000702869
4.52678  0.000695986
4.53674  0.000699814
4.54698  0.000695933
4.55704  0.000686548
4.56691  0.000690423
4.57711  0.000693233
4.58724  0.000693334
4.59721  0.000695016
4.60746  0.000687304
4.61755  0.000694342
4.62804  0.000749144
4.63918  0.000752858
4.64973  0.000684827
4.65969  0.000685249
4.66992  0.000681019
4.68002  0.000696222
4.69  0.000663216
4.70011  0.000688227
4.71021  0.000677622
4.72021  0.000681274
4.73038  0.00066992
4.7404  0.000682435
4.75039  0.000668218
4.7606  0.000681268
4.77065  0.000672037
4.78061  0.000666457
4.79078  0.000670676
4.80085  0.000676828
4.81083  0.000661242
4.82106  0.000671572
4.83099  0.000662588
4.84106  0.000669335
4.85123  0.000661301
4.8612  0.000657565
4.87116  0.000662201
4.8814  0.000667075
4.89139  0.000656313
4.90148  0.000664212
4.91166  0.000657498
4.92174  0.00066166
4.93178  0.000656972
4.942  0.000648476
4.95196  0.00066567
4.96208  0.000643179
4.9722  0.000654825
4.98233  0.000659593
4.99238  0.0006476
5.00255  0.00063957
5.01255  0.000661958
5.02279  0.000642084
5.03278  0.000641704
5.04285  0.000642632
5.05294  0.000650453
5.06314  0.000630863
5.07313  0.000654746
5.08329  0.000630397
5.09333  0.000632606
5.10338  0.000641941
5.11351  0.0006411
5.12367  0.000616093
5.13361  0.00065569
5.14382  0.000614851
5.15382  0.000629058
5.16391  0.000639991
5.17412  0.000627747
5.18417  0.000616359
5.19417  0.000634857
5.20431  0.000615303
5.21434  0.000617999
5.22441  0.000629738
5.23452  0.000617688
5.24453  0.000601978
5.25458  0.000638344
5.26518  0.000659451
5.27577  0.000616636
5.28582  0.000627184
5.29605  0.00060734
5.30614  0.000610576
5.31628  0.000626746
5.32647  0.000593878
5.33644  0.000608901
5.3465  0.000608115
5.35659  0.000594825
5.36659  0.000598591
5.37673  0.000617281
5.38686  0.000591635
5.39704  0.000607593
5.40714  0.000602584
5.41727  0.00058914
5.42741  0.000599715
5.43751  0.000601063
5.44755  0.000574155
5.45763  0.000600671
5.46771  0.000591705
5.4779  0.000579901
5.48791  0.00059277
5.49804  0.000584718
5.50807  0.000575829
5.51823  0.000588629
5.52831  0.000585149
5.53839  0.000566884
5.54849  0.000587721
5.55854  0.000569194
5.56853  0.000571257
5.57874  0.000577424
5.58869  0.000573492
5.59883  0.000559439
5.60895  0.000583514
5.61895  0.000555156
5.62898  0.000566321
5.63926  0.000576314
5.64928  0.00056183
5.65939  0.000553672
5.66997  0.000632151
5.68069  0.000552323
5.69062  0.000553807
5.70088  0.000561234
5.71123  0.000601632
5.72185  0.000546882
5.73192  0.00056286
5.7421  0.000546347
5.75204  0.000537417
5.76226  0.000564347
5.77223  0.000532969
5.78234  0.000540404
5.79243  0.000555716
5.80257  0.000531042
5.81259  0.0005429
5.82327  0.00059328
5.83378  0.000533196
5.84385  0.000525821
5.85389  0.000542849
5.86406  0.000531826
5.87404  0.000514955
5.88416  0.00054448
5.89417  0.000517451
5.90424  0.000517893
5.91439  0.000540893
5.92447  0.000512508
5.93453  0.000520412
5.94474  0.000534199
5.95486  0.000511797
5.96488  0.000509007
5.97497  0.000524251
5.98495  0.000498505
5.995  0.000516595
6.00517  0.000512163
6.01517  0.000507168
6.02524  0.000503376
6.03548  0.000517747
6.04543  0.000495863
6.05558  0.000503467
6.06582  0.000515106
6.07586  0.000494883
6.08591  0.000488745
6.09604  0.000509205
6.10604  0.000487079
6.11621  0.000494304
6.12629  0.0004983
6.13639  0.000485909
6.1464  0.000486719
6.15661  0.000495785
6.16654  0.00047701
6.17667  0.000483558
6.18672  0.000486567
6.19684  0.000483246
6.20688  0.000471192
6.21712  0.00049303
6.22714  0.000473715
6.23737  0.00047125
6.24738  0.000482114
6.25752  0.000467696
6.26759  0.000466028
6.27769  0.000477976
6.28778  0.000461667
6.29793  0.000466321
6.30792  0.000466378
6.31812  0.000463151
6.32812  0.000454372
6.33818  0.000459977
6.34817  0.000459302
6.35838  0.000449666
6.36834  0.000458492
6.37851  0.000456485
6.38859  0.000443386
6.39869  0.000459989
6.40879  0.000444472
6.41886  0.000437836
6.42882  0.000455782
6.43913  0.00044309
6.44922  0.000444125
6.4592  0.000434683
6.46939  0.00044706
6.47941  0.000424721
6.48943  0.000444559
6.49963  0.000432454
6.50962  0.000430596
6.51975  0.000436466
6.53034  0.000466215
6.54082  0.000418481
6.55082  0.000435303
6.561  0.000418745
6.57102  0.000425839
6.58104  0.000421885
6.59124  0.000415901
6.6012  0.000419019
6.61128  0.000422068
6.62156  0.000414404
6.63151  0.000412283
6.64152  0.000410279
6.65176  0.000416975
6.66168  0.000400179
6.67184  0.000418807
6.68194  0.000399172
6.69203  0.000409444
6.70213  0.00040511
6.71235  0.000401237
6.72225  0.000396174
6.73243  0.000411549
6.74264  0.000386402
6.75264  0.000402632
6.76265  0.00039141
6.7729  0.000394593
6.78278  0.000390125
6.79302  0.000394979
6.80314  0.000383154
6.81306  0.000383805
6.82318  0.000393265
6.83344  0.000382437
6.84371  0.000405349
6.85431  0.000391355
6.8645  0.000372722
6.87451  0.000383282
6.88465  0.000379587
6.89489  0.000368642
6.90478  0.00037747
6.91507  0.000373246
6.92511  0.000363213
6.93497  0.000370129
6.94516  0.000368109
6.9554  0.000364035
6.96574  0.000397116
6.97643  0.00036452
6.98651  0.000360516
6.99668  0.000366987
7.00679  0.000352696
7.01689  0.000349223
7.02729  0.000397208
7.03802  0.000351991
7.04822  0.000353824
7.05823  0.00035018
7.06828  0.000344807
7.07851  0.000348644
7.0884  0.000349559
7.09864  0.000337392
7.10869  0.000345545
7.11863  0.000336886
7.12872  0.000341336
7.13883  0.000328489
7.1487  0.000346514
7.15899  0.000331644
7.16909  0.000332975
7.1791  0.0003358
7.18927  0.000333382
7.19949  0.000322636
7.20945  0.000342041
7.21971  0.000316966
7.22981  0.000327715
7.23978  0.000328944
7.24998  0.000314796
7.26005  0.000320247
7.27009  0.000329156
7.28034  0.000311979
7.291  0.000354301
7.30147  0.00031433
7.31164  0.000310766
7.32179  0.000311903
7.33178  0.000317424
7.34187  0.000297599
7.352  0.00031299
7.36188  0.000304795
7.3721  0.000306154
7.38277  0.000333223
7.39319  0.000305751
7.40336  0.000289537
7.41352  0.000312098
7.42353  0.000296809
7.4337  0.000288686
7.44376  0.000302404
7.45384  0.00029399
7.4639  0.000285057
7.47408  0.000299767
7.484  0.000285854
7.4941  0.000283063
7.50417  0.000289671
7.51426  0.000290801
7.52423  0.000272238
7.53439  0.000291573
7.54437  0.000280856
7.55459  0.000276386
7.56465  0.000284188
7.57461  0.000275607
7.58471  0.000270835
7.59498  0.000288387
7.60507  0.000269125
7.61508  0.000267248
7.62525  0.000283241
7.63542  0.000264014
7.64535  0.000266438
7.65558  0.000271237
7.66551  0.000265735
7.67561  0.000258624
7.68582  0.000276179
7.69587  0.000251649
7.70582  0.000263771
7.71625  0.000269241
7.72619  0.000255958
7.73629  0.000249882
7.74641  0.000267833
7.75655  0.000246112
7.76706  0.000283493
7.77786  0.000255825
7.78777  0.00024908
7.79793  0.000247246
7.80804  0.000253018
7.81829  0.000250399
7.8287  0.000265245
7.8394  0.000249728
7.84941  0.000241919
7.85959  0.000238715
7.86968  0.000249515
7.87972  0.000233686
7.8898  0.000238947
7.89995  0.000241997
7.91005  0.000234367
7.92009  0.000232647
7.93023  0.000241407
7.94027  0.000225934
7.95031  0.000232022
7.96047  0.000232678
7.97063  0.000232861
7.98066  0.000222358
7.99084  0.00023339
8.00081  0.000218582
8.01086  0.000223608
8.02104  0.000228952
8.03103  0.000215589
8.04099  0.000218924
8.05124  0.000228441
8.06119  0.000208068
8.07138  0.00022225
8.08147  0.000217669
8.09152  0.000211978
8.10152  0.000212391
8.11184  0.000218742
8.12179  0.00020712
8.13202  0.000212038
8.14212  0.000213976
8.15218  0.000203655
8.16213  0.00020301
8.17236  0.000210603
8.18226  0.000199921
8.19244  0.000203285
8.20247  0.000208587
8.21308  0.000214807
8.2236  0.000198988
8.23377  0.000204044
8.24379  0.000194332
8.25434  0.000212723
8.26486  0.000200092
8.27502  0.00019055
8.28503  0.000194464
8.29526  0.00019453
8.30508  0.000185514
8.31534  0.00019381
8.32542  0.000192592
8.33562  0.000182248
8.34558  0.000190046
8.35632  0.000205761
8.3668  0.000178752
8.37695  0.000187693
8.38691  0.000182088
8.39724  0.00018188
8.40716  0.000179773
8.41732  0.000180489
8.42733  0.000175532
8.43748  0.00017823
8.44742  0.000176556
8.45773  0.000173991
8.46815  0.000193968
8.47886  0.000174448
8.4891  0.000172142
8.49925  0.00017393
8.50912  0.000165812
8.51942  0.000171333
8.52986  0.000183308
8.54036  0.000166007
8.55062  0.000168128
8.56069  0.000162825
8.57054  0.000164863
8.58091  0.000164593
8.59084  0.00015812
8.60085  0.000160514
8.61109  0.000164487
8.62173  0.000174303
8.63224  0.000156847
8.6424  0.000157705
8.65244  0.000159371
8.66247  0.000149465
8.67265  0.000156198
8.68264  0.000152743
8.69256  0.000151885
8.70285  0.000151737
8.71293  0.000152765
8.72301  0.000146372
8.7331  0.000151214
8.74311  0.000145121
8.75324  0.000151
8.76353  0.000143732
8.7735  0.000148987
8.78405  0.000151588
8.79503  0.000161224
8.80568  0.000141608
8.81571  0.000139816
8.82576  0.000137362
8.83585  0.000147687
8.84593  0.00013078
8.856  0.000142028
8.86621  0.000136489
8.87608  0.000134454
8.88631  0.000135619
8.89642  0.000138735
8.90636  0.000125135
8.91647  0.00013941
8.9267  0.000131399
8.93677  0.000130231
8.94682  0.000128588
8.95692  0.000134231
8.96694  0.000122247
8.97721  0.000133583
8.98737  0.000125845
8.9973  0.00012637
9.00759  0.000124539
9.01765  0.000125996
9.0276  0.000119434
9.03782  0.000127256
9.04783  0.000120209
9.05785  0.00012188
9.0681  0.000119884
9.0783  0.000123033
9.08882  0.000125879
9.09947  0.000124009
9.10966  0.00011857
9.11968  0.000110538
9.12977  0.000119823
9.14038  0.000126276
9.15078  0.000110568
9.16105  0.000117939
9.17114  0.000111124
9.1812  0.000108247
9.19129  0.000116684
9.20147  0.000110292
9.212  0.000116389
9.22258  0.000111883
9.23263  0.000106115
9.2428  0.000105763
9.25278  0.000112386
9.2631  0.000105414
9.27305  9.9873e-05
9.28317  0.000110109
9.29322  0.000102461
9.3034  9.95215e-05
9.3134  0.000107056
9.32366  0.000100294
9.33366  9.82302e-05
9.34379  0.000104212
9.35391  0.000100279
9.36418  9.63569e-05
9.37396  0.000102201
9.38433  9.35267e-05
9.39429  9.7935e-05
9.40458  9.98322e-05
9.41458  9.56461e-05
9.42483  9.05868e-05
9.43462  9.81081e-05
9.44507  9.23486e-05
9.45504  9.20961e-05
9.46559  0.000103163
9.47608  9.2169e-05
9.48714  9.86296e-05
9.49733  9.13152e-05
9.50775  8.90077e-05
9.5177  8.98063e-05
9.52772  8.78377e-05
9.53774  8.69949e-05
9.54832  9.06612e-05
9.55797  8.49258e-05
9.56875  9.18393e-05
9.57923  8.71479e-05
9.58975  9.14162e-05
9.60022  8.36286e-05
9.61057  8.31607e-05
9.62034  8.44801e-05
9.63086  8.42485e-05
9.64099  8.03126e-05
9.65097  8.00474e-05
9.66114  8.16107e-05
9.67149  8.05631e-05
9.68127  7.7458e-05
9.69135  7.8532e-05
9.70154  7.91922e-05
9.71168  7.80381e-05
9.72191  7.75381e-05
9.73204  7.47694e-05
9.74244  8.54493e-05
9.75327  7.43677e-05
9.76355  7.70064e-05
9.77361  7.36738e-05
9.78356  7.37599e-05
9.79438  7.90305e-05
9.80483  7.2862e-05
9.81498  7.05158e-05
9.8251  7.38988e-05
9.83515  6.8053e-05
9.84512  7.13787e-05
9.85543  6.9878e-05
9.86537  6.82744e-05
9.87531  6.70412e-05
9.88565  7.20712e-05
9.89581  6.6535e-05
9.90583  6.61928e-05
9.91597  6.6833e-05
9.92604  6.77242e-05
9.93612  6.2641e-05
9.94624  6.81799e-05
9.95631  6.30703e-05
9.96635  6.51823e-05
9.97659  6.32617e-05
9.98655  6.23365e-05
9.99647  6.1642e-05
10.0068  6.57658e-05
10.0167  5.86308e-05
10.027  6.24588e-05
10.0372  6.12348e-05
10.0471  6.10403e-05
10.0572  5.71425e-05
10.0674  6.14734e-05
10.0773  5.82261e-05
10.0877  6.00167e-05
10.0978  5.71138e-05
10.1078  5.87644e-05
10.1179  5.60761e-05
10.1282  5.93271e-05
10.1383  5.38246e-05
10.1484  5.64636e-05
10.1585  5.67944e-05
10.1687  5.33501e-05
10.1786  5.39095e-05
10.189  5.71175e-05
10.1989  5.12258e-05
10.2091  5.34861e-05
10.2192  5.37796e-05
10.2294  5.0667e-05
10.2393  5.32265e-05
10.2497  5.1834e-05
10.2595  5.10172e-05
10.2696  5.07414e-05
10.2798  5.19174e-05
10.2906  5.20895e-05
10.301  5.09176e-05
10.3113  5.15502e-05
10.3213  4.56917e-05
10.3315  4.81541e-05
10.3414  4.97978e-05
10.3519  4.60254e-05
10.3618  4.71854e-05
10.372  4.92219e-05
10.3826  4.84486e-05
10.3932  4.53508e-05
10.4033  4.80811e-05
10.4138  4.45197e-05
10.4232  4.43324e-05
10.434  4.80219e-05
10.4447  4.41029e-05
10.4548  4.3182e-05
10.4646  4.59203e-05
10.4753  4.15216e-05
10.485  4.26055e-05
10.4953  4.24773e-05
10.5055  4.26665e-05
10.5156  4.07782e-05
10.5256  4.343e-05
10.5362  3.97688e-05
10.546  4.10648e-05
10.5563  3.89058e-05
10.5663  4.28799e-05
10.5765  3.71581e-05
10.5864  4.06341e-05
10.597  3.68969e-05
10.6067  4.13244e-05
10.6171  3.73263e-05
10.6272  3.89577e-05
10.6374  3.63175e-05
10.647  3.71878e-05
10.6577  3.71568e-05
10.6678  3.90831e-05
10.678  3.47524e-05
10.6879  3.7866e-05
10.6981  3.25675e-05
10.7082  3.66429e-05
10.7186  3.4951e-05
10.7282  3.56613e-05
10.7383  3.35135e-05
10.7486  3.48185e-05
10.7588  3.31525e-05
10.7688  3.49463e-05
10.779  3.18555e-05
10.789  3.4753e-05
10.7992  3.07578e-05
10.8094  3.39807e-05
10.8194  3.12624e-05
10.8296  3.344e-05
10.8398  3.04889e-05
10.8498  3.15833e-05
10.8598  2.98126e-05
10.8708  3.68091e-05
10.8813  2.80562e-05
10.8914  3.16466e-05
10.9018  3.02678e-05
10.9119  3.06675e-05
10.922  2.77661e-05
10.9323  3.03986e-05
10.9423  2.90301e-05
10.9527  2.92516e-05
10.9629  2.74827e-05
10.9734  3.17548e-05
10.984  2.71992e-05
10.9943  2.94211e-05
11.0045  2.61693e-05
11.0147  2.76393e-05
11.0249  2.69853e-05
11.0349  2.70471e-05
11.045  2.53369e-05
11.0555  2.87323e-05
11.0654  2.37437e-05
11.0761  2.75703e-05
11.0866  2.67814e-05
11.0969  2.69636e-05
11.107  2.2959e-05
11.1171  2.57431e-05
11.1273  2.38216e-05
11.1375  2.45174e-05
11.1474  2.40655e-05
11.1578  2.50312e-05
11.1677  2.16265e-05
11.178  2.56166e-05
11.1881  2.21237e-05
11.1986  2.32362e-05
11.2084  2.33149e-05
11.2187  2.33229e-05
11.229  2.06216e-05
11.239  2.41583e-05
11.2491  2.09571e-05
11.2595  2.22753e-05
11.2693  2.16253e-05
11.2798  2.17338e-05
11.2898  2.03386e-05
11.2999  2.14706e-05
11.3102  2.16074e-05
11.3208  2.04633e-05
11.3308  2.18759e-05
11.3419  2.02488e-05
11.3519  1.99138e-05
11.3621  2.14394e-05
11.3721  1.83083e-05
11.3833  2.15316e-05
11.3933  1.91724e-05
11.4037  2.00313e-05
11.414  1.84141e-05
11.424  1.85106e-05
11.4339  1.78477e-05
11.4446  1.90711e-05
11.4543  1.76653e-05
11.4646  1.90342e-05
11.4749  1.76927e-05
11.485  1.75395e-05
11.495  1.62816e-05
11.5056  1.87595e-05
11.5152  1.71073e-05
11.5256  1.64321e-05
11.5358  1.7529e-05
11.5462  1.58448e-05
11.5558  1.66432e-05
11.5666  1.63353e-05
11.5767  1.77571e-05
11.5876  1.66039e-05
11.5978  1.54793e-05
11.608  1.56304e-05
11.6178  1.56338e-05
11.6287  1.67251e-05
11.6384  1.40919e-05
11.6492  1.49202e-05
11.6589  1.60627e-05
11.6695  1.45465e-05
11.6793  1.45768e-05
11.6908  1.71932e-05
11.701  1.25668e-05
11.7111  1.48745e-05
11.7214  1.46675e-05
11.7322  1.49436e-05
11.7416  1.27501e-05
11.7524  1.41025e-05
11.7624  1.33935e-05
11.7728  1.38121e-05
11.783  1.39791e-05
11.7934  1.18643e-05
11.8031  1.29746e-05
11.8143  1.53532e-05
11.8249  1.20403e-05
11.8352  1.25258e-05
11.8449  1.26183e-05
11.8558  1.32339e-05
11.8665  1.2286e-05
11.8772  1.31276e-05
11.8871  1.18594e-05
11.8977  1.199e-05
11.9076  1.09973e-05
11.9181  1.17616e-05
11.9277  1.11314e-05
11.9382  1.20795e-05
11.9486  1.19453e-05
11.9596  1.14132e-05
11.9692  9.81511e-06
11.9798  1.12696e-05
11.9899  1.11317e-05
12.0001  1.15286e-05
12.0106  1.02591e-05
12.0217  1.07766e-05
12.0311  1.01822e-05
12.0419  1.11696e-05
12.052  9.04137e-06
12.0625  1.07063e-05
12.0726  9.19079e-06
12.0829  1.13936e-05
12.0929  8.67432e-06
12.1033  9.89907e-06
12.1134  9.82137e-06
12.1238  9.00998e-06
12.1338  8.9903e-06
12.1446  1.0681e-05
12.1543  8.07678e-06
12.1648  9.21724e-06
12.175  8.59989e-06
12.1855  9.66291e-06
12.1955  8.39641e-06
12.2059  9.18796e-06
12.2159  7.40092e-06
12.2263  9.45883e-06
12.2364  8.35932e-06
12.2471  8.20715e-06
12.2564  7.9165e-06
12.2672  8.82206e-06
12.2775  7.05333e-06
12.288  8.46334e-06
12.2977  7.87343e-06
12.3086  8.5717e-06
12.3186  7.11035e-06
12.3288  7.92728e-06
12.339  7.32519e-06
12.3495  7.93937e-06
12.3595  6.94716e-06
12.3702  7.7542e-06
12.3798  6.9809e-06
12.3904  7.08717e-06
12.4009  7.27036e-06
12.4114  7.55033e-06
12.4206  5.98057e-06
12.4316  6.8307e-06
12.4415  6.61611e-06
12.4518  7.74483e-06
12.4626  6.65082e-06
12.4738  6.43773e-06
12.4834  6.23684e-06
12.4944  7.33224e-06
12.5045  6.13864e-06
12.5147  5.93613e-06
12.525  6.23009e-06
12.5355  6.48567e-06
12.5456  4.96334e-06
12.5562  7.41821e-06
12.5668  5.91205e-06
12.5766  5.705e-06
12.5865  5.28114e-06
12.5979  6.73208e-06
12.6072  4.6228e-06
12.6178  6.12083e-06
12.6283  5.50316e-06
12.6384  5.51891e-06
12.6485  5.12938e-06
12.6593  5.48611e-06
12.6688  4.74262e-06
12.679  6.11351e-06
12.69  4.76274e-06
12.7009  5.2269e-06
12.7104  4.83641e-06
12.7209  5.9928e-06
12.7314  4.43938e-06
12.7422  5.58095e-06
12.753  4.61282e-06
12.7635  5.02156e-06
12.7738  4.08891e-06
12.784  5.53171e-06
12.7949  3.98633e-06
12.8048  5.201e-06
12.8151  3.93072e-06
12.8257  5.19726e-06
12.836  3.8794e-06
12.8464  4.39015e-06
12.8571  3.95186e-06
12.8668  4.77802e-06
12.877  4.13299e-06
12.8877  4.38306e-06
12.8981  3.57612e-06
12.9078  4.60348e-06
12.9194  3.62519e-06
12.9292  4.47845e-06
12.9393  3.47158e-06
12.9498  4.50368e-06
12.9603  2.93186e-06
12.9701  4.20775e-06
12.9808  3.8943e-06
12.9911  4.07472e-06
13.0018  3.12992e-06
13.0122  4.07585e-06
13.0239  3.46292e-06
13.0338  3.72411e-06
13.0444  3.45855e-06
13.0544  3.70279e-06
13.0653  3.01723e-06
13.0756  3.67426e-06
13.0864  3.42102e-06
13.0962  3.42181e-06
13.1071  2.79579e-06
13.1172  3.32787e-06
13.1289  3.63052e-06
13.138  3.07086e-06
13.1492  2.606e-06
13.1588  3.3744e-06
13.1696  2.91882e-06
13.1792  2.76709e-06
13.1908  3.24473e-06
13.2005  3.03098e-06
13.2115  2.84287e-06
13.2213  2.69173e-06
13.2319  2.91713e-06
13.2418  2.8262e-06
13.2532  2.90708e-06
13.2635  2.40492e-06
13.275  2.97792e-06
13.2841  2.48751e-06
13.2952  2.92751e-06
13.3051  2.16671e-06
13.316  3.05424e-06
13.3266  2.12209e-06
13.3378  2.42621e-06
13.3474  2.62238e-06
13.358  2.88403e-06
13.3687  1.90225e-06
13.3794  2.59889e-06
13.3901  2.09204e-06
13.4009  2.8466e-06
13.4121  2.05156e-06
13.4221  2.55316e-06
13.433  2.1784e-06
13.4434  2.17006e-06
13.4538  1.90043e-06
13.4641  2.74853e-06
13.4754  1.66738e-06
13.4851  2.06423e-06
13.4963  2.10566e-06
13.5059  2.25567e-06
13.5179  1.81847e-06
13.5275  2.06464e-06
13.5394  2.15038e-06
13.5492  2.01077e-06
13.5599  1.83133e-06
13.5701  1.68877e-06
13.5818  2.16368e-06
13.5913  1.83905e-06
13.6025  1.64796e-06
13.6124  1.87333e-06
13.623  1.93482e-06
13.6329  1.32393e-06
13.645  1.92408e-06
13.6541  1.60363e-06
13.6654  1.95828e-06
13.6756  1.38725e-06
13.6867  1.66286e-06
13.6956  1.44145e-06
13.7071  1.8369e-06
13.7174  1.59224e-06
13.7279  1.71645e-06
13.7391  1.30736e-06
13.7499  1.4848e-06
13.7602  1.29432e-06
13.7708  2.14266e-06
13.7824  1.1849e-06
13.7932  1.5062e-06
13.8034  1.32457e-06
13.814  1.59351e-06
13.8255  1.1068e-06
13.835  1.55545e-06
13.8463  1.45895e-06
13.856  1.2954e-06
13.8672  9.90504e-07
13.8766  1.53367e-06
13.8881  1.21401e-06
13.8971  1.01918e-06
13.9088  1.2625e-06
13.9186  1.44208e-06
13.9297  1.18287e-06
13.9397  1.01815e-06
13.9523  1.4683e-06
13.9623  1.10458e-06
13.9734  1.08284e-06
13.9825  9.95778e-07
13.9939  1.39103e-06
14.0039  8.33928e-07
14.0155  1.22871e-06
14.0256  1.02685e-06
14.0364  1.23927e-06
14.0468  8.45506e-07
14.0588  1.05847e-06
14.0693  1.09504e-06
14.0789  1.17306e-06
14.0899  8.15398e-07
14.1009  1.08926e-06
14.1131  8.70281e-07
14.1227  9.13376e-07
14.1342  1.07654e-06
14.1443  1.06194e-06
14.1553  6.77771e-07
14.1659  9.48889e-07
14.1785  9.52953e-07
14.1878  9.41407e-07
14.1993  8.29965e-07
14.2094  7.70857e-07
14.2204  9.66001e-07
14.2311  6.81671e-07
14.2422  8.4216e-07
14.2526  7.36998e-07
14.2634  9.89374e-07
14.2742  6.42648e-07
14.2847  8.47313e-07
14.2961  6.9364e-07
14.3056  7.71638e-07
14.3164  5.36842e-07
14.3275  8.68256e-07
14.3382  6.93303e-07
14.3479  8.17561e-07
14.3588  4.57065e-07
14.3692  9.35615e-07
14.3808  5.04466e-07
14.3915  7.30317e-07
14.4034  8.05845e-07
14.4126  4.67945e-07
14.4228  5.11421e-07
14.4334  6.4508e-07
14.4444  7.9327e-07
14.4537  5.53371e-07
14.4654  5.69756e-07
14.4742  3.88602e-07
14.486  7.75675e-07
14.4947  4.53646e-07
14.5077  6.03182e-07
14.5162  5.2438e-07
14.5279  5.8029e-07
14.5381  5.09194e-07
14.5492  4.93882e-07
14.5587  6.41376e-07
14.57  5.61755e-07
14.5792  3.16554e-07
14.5914  6.24977e-07
14.6017  4.3699e-07
14.6118  4.27848e-07
14.6218  3.54639e-07
14.6325  6.98291e-07
14.6435  4.67604e-07
14.6543  3.32689e-07
14.6644  3.8714e-07
14.6751  6.22242e-07
14.6868  3.29795e-07
14.6973  5.82286e-07
14.7097  5.38056e-07
14.7197  3.90615e-07
14.731  2.45009e-07
14.7405  4.34525e-07
14.7521  3.67217e-07
14.7614  5.00067e-07
14.7731  3.3125e-07
14.783  3.6967e-07
14.7947  4.28427e-07
14.8053  3.10712e-07
14.8165  5.04451e-07
14.8277  3.27816e-07
14.8391  3.51612e-07
14.8488  2.59887e-07
14.8598  4.85615e-07
14.8696  2.79671e-07
14.8813  3.63133e-07
14.8924  2.8741e-07
14.903  3.74602e-07
14.9136  2.05181e-07
14.924  4.38726e-07
14.9354  3.3832e-07
14.9451  3.16751e-07
14.9581  2.06918e-07
14.9669  3.171e-07
14.9781  3.30517e-07
14.9867  2.40868e-07
14.9986  2.22241e-07
15.0077  3.13478e-07
15.0204  2.7848e-07
15.0304  2.40986e-07
15.0431  3.81791e-07
15.0551  2.30555e-07
15.0651  2.99694e-07
15.0747  2.00572e-07
15.0867  3.90018e-07
15.0978  1.71676e-07
15.1083  1.56656e-07
15.1201  3.37915e-07
15.1299  2.4829e-07
15.1413  1.28611e-07
15.1507  2.48405e-07
15.1627  1.91978e-07
15.1713  2.80632e-07
15.1837  2.4136e-07
15.1934  2.29005e-07
15.2045  1.94869e-07
15.2149  1.78732e-07
15.2273  1.94913e-07
15.2371  2.47761e-07
15.2497  2.04677e-07
15.2584  1.25696e-07
15.2705  2.21375e-07
15.2804  2.05939e-07
15.2917  1.88025e-07
15.3016  1.18179e-07
15.3116  2.31669e-07
15.3223  1.28713e-07
15.3328  1.73476e-07
15.3455  2.25717e-07
15.3555  2.29348e-07
15.3645  7.17982e-08
15.377  1.39806e-07
15.3883  1.83165e-07
15.3972  1.42934e-07
15.4092  1.10153e-07
15.4192  2.36853e-07
15.4334  1.86336e-07
15.4435  1.05386e-07
15.455  1.6391e-07
15.465  1.01304e-07
15.4763  1.23194e-07
15.4858  1.56389e-07
15.4962  1.82184e-07
15.5086  1.38865e-07
15.5198  7.98373e-08
15.5314  1.42175e-07
15.5416  2.01688e-07
15.5535  7.87128e-08
15.5625  1.64397e-07
15.5754  1.26304e-07
15.5833  1.01815e-07
15.5966  7.43888e-08
15.6056  1.0501e-07
15.6165  1.52667e-07
15.628  5.05134e-08
15.6372  9.078e-08
15.6481  1.55281e-07
15.6607  1.31921e-07
15.6689  7.19796e-08
15.682  1.43083e-07
15.6943  1.11862e-07
15.7059  6.64518e-08
15.7187  9.44159e-08
15.7266  1.16667e-07
15.7355  5.97528e-08
15.7462  8.88592e-08
15.758  1.33768e-07
15.7691  8.43109e-08
15.7803  4.62435e-08
15.7885  1.05562e-07
15.8012  8.93419e-08
15.8097  1.10749e-07
15.8223  3.8781e-08
15.8333  7.3793e-08
15.844  1.12001e-07
15.8549  7.34543e-08
15.8652  5.05436e-08
15.8784  9.2545e-08
15.889  5.9086e-08
15.8989  4.12751e-08
15.9089  1.4559e-07
15.9191  7.95343e-08
15.9315  5.40841e-08
15.9401  3.95453e-08
15.9537  8.42559e-08
15.9668  7.31157e-08
15.9786  2.81361e-08
15.9892  1.05971e-07
15.9984  4.11848e-08
16.0113  5.71483e-08
16.0234  6.21617e-08
16.0331  1.08365e-07
16.0477  3.89984e-08
16.0571  4.37073e-08
16.0677  7.14598e-08
16.0759  5.89771e-08
16.0886  3.19404e-08
16.1004  5.91271e-08
16.1123  3.99604e-08
16.122  3.9194e-08
16.1345  7.29165e-08
16.1451  5.70591e-08
16.1563  5.57532e-08
16.1671  3.93603e-08
16.1766  8.07999e-08
16.1913  3.76455e-08
16.2009  2.64139e-08
16.2126  6.85624e-08
16.2224  4.34373e-08
16.2406  2.48622e-08
16.2514  3.83261e-08
16.2613  6.00247e-08
16.2742  4.70415e-08
16.2853  5.33394e-08
16.2968  3.89832e-08
16.3064  2.53587e-08
16.3208  9.43082e-09
16.3284  4.60142e-08
16.3385  4.78151e-08
16.3508  1.85038e-08
16.3613  5.13164e-08
16.3763  3.20158e-08
16.3844  1.93324e-08
16.3971  5.45536e-08
16.4073  5.39613e-08
16.4202  1.09724e-08
16.4321  2.94055e-08
16.4423  4.36401e-08
16.45  2.5364e-08
16.4673  2.77798e-08
16.4794  2.35384e-08
16.4878  2.55832e-08
16.4983  1.87135e-08
16.5117  2.88359e-08
16.5239  3.88051e-08
16.5336  2.47425e-08
16.5451  3.09196e-08
16.5595  2.89256e-08
16.5682  2.69044e-08
16.581  9.05992e-09
16.5906  2.45156e-08
16.6026  3.40841e-08
16.6197  5.17643e-09
16.6263  4.13477e-08
16.6356  2.56169e-08
16.6519  3.58951e-08
16.665  1.45597e-08
16.6775  1.46978e-08
16.6903  4.3122e-09
16.7007  2.93392e-08
16.7096  2.87114e-08
16.7235  1.53635e-08
16.7371  6.75487e-09
16.7462  2.64985e-08
16.7557  2.67174e-08
16.7715  2.71563e-08
16.783  2.43975e-08
16.7952  9.65408e-09
16.8041  1.1078e-08
16.8146  1.59581e-08
16.8233  9.93905e-09
16.8335  1.27557e-08
16.8487  1.55009e-08
16.8583  1.66766e-08
16.8735  9.31849e-09
16.8816  1.69756e-08
16.8941  2.98073e-08
16.9086  1.26987e-08
16.9301  2.36636e-08
16.9416  9.92975e-09
16.9581  1.86486e-09
16.9677  2.30795e-08
16.9801  1.34293e-08
16.9975  1.386e-08
17.0061  2.1733e-08
17.019  1.63691e-08
17.0332  2.97973e-09
17.0444  1.56061e-08
17.0557  1.26943e-08
17.0751  1.20745e-08
17.0861  4.52866e-09
17.1007  5.01678e-09
17.1133  1.07506e-08
17.1226  2.50276e-08
17.1333  8.25284e-09
17.1488  1.14019e-08
17.1638  9.28493e-09
17.1746  2.41343e-09
17.1973  9.76509e-09
17.2092  1.16547e-08
17.2246  8.06613e-09
17.2376  1.39957e-08
17.2513  1.22188e-08
17.2617  9.9737e-09
17.2727  5.06937e-09
17.2858  1.03638e-08
17.3005  3.61252e-09
17.3129  1.11855e-08
17.3329  1.90848e-09
17.3469  1.06317e-08
17.3623  2.03509e-09
17.376  1.07316e-08
17.3863  7.78534e-09
17.3965  6.07539e-09
17.4137  6.59014e-09
17.4236  7.08941e-09
17.437  4.42299e-09
17.4565  3.21283e-09
17.468  8.19384e-09
17.4816  7.76266e-10
17.4869  6.93886e-09
17.4979  1.15077e-08
17.5161  4.70703e-09
17.5371  6.70412e-09
17.559  3.86399e-09
17.573  6.50267e-09
17.6078  8.38833e-09
17.6209  1.0574e-08
17.6406  1.88395e-09
17.6497  8.54066e-09
17.6801  4.80226e-09
17.6923  3.41261e-09
17.7154  3.70133e-10
17.7252  7.97106e-09
17.7424  3.65551e-09
17.7528  1.85151e-09
17.7598  4.25941e-09
17.7755  8.47425e-10
17.8026  3.15852e-09
17.8122  2.33129e-09
17.8323  6.45093e-09
17.8459  4.32399e-09
17.866  6.25407e-09
17.8799  1.48274e-09
17.8971  1.93037e-09
17.9207  3.83049e-09
17.9387  1.47491e-09
17.95  2.90434e-09
17.9668  2.19314e-09
17.9826  1.86469e-09
17.9918  3.93906e-09
18.0153  1.96581e-09
18.0294  2.6066e-09
18.0589  1.66348e-09
18.0691  3.75558e-10
18.0927  3.8396e-09
18.1055  5.38394e-09
18.1229  2.37991e-09
18.1761  2.02553e-09
18.2138  1.64635e-09
18.2209  3.44075e-09
18.2439  1.142e-09
18.2568  3.51335e-09
18.2866  1.6196e-09
18.3322  2.53383e-09
18.347  3.61602e-10
18.3616  3.39479e-09
18.408  7.49701e-10
18.4406  1.91131e-09
18.4526  2.63156e-10
18.4703  2.77835e-09
18.4874  9.58246e-10
18.5264  1.63618e-09
18.544  3.53543e-10
18.5881  1.37353e-09
18.6028  1.3263e-09
18.6198  3.77683e-10
18.6642  7.97486e-10
18.6987  1.24377e-09
18.7139  1.45566e-09
18.7297  1.28617e-09
18.7822  3.19346e-10
18.8189  4.87679e-10
18.853  3.388e-10
18.868  3.27199e-10
18.892  1.15699e-09
18.9375  1.21474e-09
18.969  1.01227e-09
19.0777  1.34743e-09
19.0927  2.29696e-10
19.1933  3.21477e-10
19.2108  4.62573e-10
19.3032  8.58972e-10
19.3357  4.69124e-10
19.4583  1.62424e-10
19.4974  2.77335e-10
19.5765  6.54196e-10
19.6849  2.46736e-10
19.9085  2.05899e-10
19.9421  2.31299e-10
20.1818  1.56813e-10
20.5474  1.10887e-10
