-20.6098  1.01693e-10
-20.2382  1.49427e-10
-20.004  2.13565e-10
-19.9623  1.90959e-10
-19.7398  2.2829e-10
-19.6325  6.27623e-10
-19.5525  2.58781e-10
-19.5207  1.48957e-10
-19.3929  4.36063e-10
-19.3565  8.02066e-10
-19.2609  4.61113e-10
-19.2485  2.99195e-10
-19.1491  2.18876e-10
-19.1324  1.25378e-09
-19.0247  9.92048e-10
-18.985  1.17855e-09
-18.9468  1.08693e-09
-18.9196  6.17949e-10
-18.8759  4.50367e-10
-18.8332  3.36757e-10
-18.7844  1.20361e-09
-18.7625  1.40895e-09
-18.7497  1.16953e-09
-18.709  7.5306e-10
-18.6648  3.88121e-10
-18.654  1.30278e-09
-18.6427  1.25668e-09
-18.5893  3.32598e-10
-18.5752  1.59713e-09
-18.5434  9.19324e-10
-18.5237  2.6014e-09
-18.509  2.5076e-10
-18.4866  1.80056e-09
-18.4634  3.79054e-10
-18.4529  3.21936e-10
-18.4139  3.22823e-09
-18.3923  3.41031e-10
-18.3792  2.47507e-09
-18.3387  1.4995e-09
-18.3174  1.50057e-09
-18.2996  2.46078e-09
-18.2798  8.32706e-10
-18.2684  4.47413e-09
-18.2285  1.73491e-09
-18.215  3.27254e-10
-18.1762  1.93927e-09
-18.1578  3.73596e-09
-18.1462  3.19496e-09
-18.1369  2.26014e-09
-18.114  3.52862e-10
-18.1033  1.5815e-09
-18.0768  2.44005e-09
-18.0605  1.87212e-09
-18.0445  3.73522e-09
-18.0372  1.75156e-09
-18.0089  2.58027e-09
-17.9952  2.35979e-09
-17.9836  1.39698e-09
-17.9687  3.74637e-09
-17.944  2.84849e-09
-17.9316  4.45285e-10
-17.9141  5.90331e-09
-17.8986  2.77955e-09
-17.8831  5.16432e-09
-17.8738  2.35419e-09
-17.8571  4.09081e-09
-17.8472  1.35219e-09
-17.8354  4.46938e-10
-17.82  7.78146e-10
-17.8079  5.43885e-09
-17.7857  3.60632e-09
-17.7704  7.93841e-09
-17.7445  6.81939e-10
-17.7287  7.25463e-09
-17.713  1.34573e-09
-17.6925  8.64728e-09
-17.6725  4.99439e-09
-17.6627  9.94042e-09
-17.6517  3.16251e-09
-17.6231  3.93429e-09
-17.6112  3.82035e-09
-17.5979  2.46427e-09
-17.5824  6.37925e-09
-17.5662  3.51949e-09
-17.5558  3.26366e-09
-17.5436  9.60425e-09
-17.5321  6.96395e-09
-17.5101  6.05838e-09
-17.5064  2.28727e-09
-17.49  5.13207e-09
-17.4725  7.44258e-09
-17.4609  5.67877e-09
-17.4502  4.84907e-09
-17.4368  1.15271e-08
-17.4239  4.06242e-09
-17.4119  6.52397e-09
-17.4002  5.54511e-09
-17.3895  4.9558e-09
-17.3772  1.74412e-09
-17.3581  9.35393e-09
-17.3542  2.21056e-09
-17.3391  6.93643e-09
-17.3231  1.07844e-08
-17.306  1.33027e-08
-17.2927  1.0414e-08
-17.2845  8.0743e-09
-17.2685  1.11636e-08
-17.2571  8.85368e-09
-17.2473  6.69001e-09
-17.2336  7.44726e-09
-17.2124  6.65293e-09
-17.1971  8.12785e-09
-17.1852  1.10517e-08
-17.1717  9.50534e-09
-17.1626  2.72632e-08
-17.1528  4.19217e-10
-17.1367  8.86248e-09
-17.1214  8.91639e-09
-17.1122  3.97253e-09
-17.0991  1.19431e-08
-17.0851  1.38713e-08
-17.0766  4.46849e-09
-17.0648  1.80649e-08
-17.0491  2.31065e-08
-17.038  9.87782e-09
-17.0283  1.00326e-09
-17.0176  1.45303e-08
-17.0066  1.99617e-08
-16.9871  6.468e-09
-16.9756  2.27803e-08
-16.9603  1.16151e-08
-16.9517  6.54137e-09
-16.9364  2.93314e-08
-16.9218  1.58667e-08
-16.9104  1.29279e-08
-16.8976  1.21399e-08
-16.8833  2.18277e-08
-16.8688  1.11753e-08
-16.8573  2.15137e-08
-16.841  1.99527e-08
-16.8282  1.24052e-08
-16.8212  1.98433e-08
-16.8065  1.75532e-08
-16.7933  4.3809e-08
-16.7836  1.01138e-08
-16.77  2.3486e-09
-16.761  1.92068e-08
-16.75  3.63243e-08
-16.7409  7.73868e-09
-16.7295  1.68301e-08
-16.7163  1.3193e-08
-16.7054  6.22483e-09
-16.6949  3.42002e-08
-16.6837  2.2082e-08
-16.673  2.06768e-08
-16.6603  3.76638e-08
-16.6496  7.28599e-09
-16.6375  3.28236e-08
-16.6268  1.45011e-08
-16.6175  7.24937e-09
-16.6048  4.53384e-08
-16.5904  2.86926e-08
-16.5795  3.08229e-08
-16.5661  4.31495e-08
-16.5538  2.4463e-08
-16.5414  1.33288e-08
-16.5321  1.73655e-08
-16.5187  3.69672e-08
-16.5076  1.58185e-08
-16.4973  2.92861e-08
-16.4864  2.88812e-08
-16.4744  4.69498e-08
-16.4652  8.30515e-09
-16.4522  3.82491e-08
-16.4413  5.0572e-08
-16.4301  3.57453e-08
-16.4185  2.82205e-08
-16.4064  2.6519e-08
-16.3976  3.36381e-08
-16.3832  4.73821e-08
-16.375  2.66603e-08
-16.3627  3.89379e-08
-16.3515  3.0609e-08
-16.3419  1.27871e-08
-16.3296  5.03885e-08
-16.3207  4.61515e-08
-16.31  2.50808e-08
-16.299  5.8633e-08
-16.2874  4.46491e-08
-16.2785  1.53168e-08
-16.2642  4.36692e-08
-16.2517  5.84359e-08
-16.2415  2.5993e-08
-16.2318  4.43894e-08
-16.2199  5.58791e-08
-16.2088  5.4523e-08
-16.1957  6.07721e-08
-16.1853  6.24375e-08
-16.1746  5.54653e-08
-16.1615  3.62987e-08
-16.1534  4.26654e-08
-16.1423  3.97331e-08
-16.1333  3.87338e-08
-16.1215  4.88392e-08
-16.1072  8.60178e-08
-16.0974  4.71588e-08
-16.0845  6.10855e-08
-16.0743  8.47914e-08
-16.0643  4.63878e-08
-16.0519  5.6859e-08
-16.0412  4.06137e-08
-16.0314  7.38622e-08
-16.0212  6.49242e-08
-16.0093  4.84047e-08
-15.9986  6.90268e-08
-15.987  6.0781e-08
-15.9759  5.14854e-08
-15.9649  5.61486e-08
-15.9538  8.80144e-08
-15.9445  1.02225e-07
-15.9328  7.50338e-08
-15.9206  8.61113e-08
-15.9093  4.46048e-08
-15.8979  6.22278e-08
-15.8876  7.56015e-08
-15.879  9.81155e-08
-15.8649  8.5467e-08
-15.854  5.70435e-08
-15.8451  9.71104e-08
-15.8317  7.68758e-08
-15.8221  1.02258e-07
-15.8105  7.40781e-08
-15.8003  7.91076e-08
-15.7893  1.00241e-07
-15.7803  9.3548e-08
-15.7683  9.12871e-08
-15.7578  1.02722e-07
-15.7492  9.15385e-08
-15.7367  6.77187e-08
-15.7272  6.65043e-08
-15.7174  1.43575e-07
-15.7054  9.68781e-08
-15.6944  1.27332e-07
-15.6826  1.07907e-07
-15.6725  8.85909e-08
-15.6615  1.23679e-07
-15.6515  8.82095e-08
-15.641  1.0455e-07
-15.6303  8.53169e-08
-15.6194  9.91378e-08
-15.609  1.27311e-07
-15.598  1.34565e-07
-15.5867  1.44412e-07
-15.5757  1.90098e-07
-15.566  1.10512e-07
-15.5546  5.51858e-08
-15.544  1.20386e-07
-15.5331  1.78173e-07
-15.5232  1.34655e-07
-15.5118  1.39264e-07
-15.5021  1.24193e-07
-15.4918  1.34394e-07
-15.4785  1.72889e-07
-15.4694  1.27968e-07
-15.459  1.23585e-07
-15.4478  1.76052e-07
-15.4367  1.70882e-07
-15.427  1.2764e-07
-15.4151  1.62302e-07
-15.4046  9.44158e-08
-15.3926  2.00146e-07
-15.3837  2.17693e-07
-15.3711  1.47997e-07
-15.3596  2.17605e-07
-15.3476  2.08014e-07
-15.3374  1.34609e-07
-15.3246  1.63283e-07
-15.3142  2.43149e-07
-15.3032  1.85863e-07
-15.2914  1.8888e-07
-15.2816  1.84092e-07
-15.2701  2.30983e-07
-15.261  1.40672e-07
-15.2499  2.07288e-07
-15.238  1.98084e-07
-15.2272  2.0146e-07
-15.2174  2.71886e-07
-15.2059  2.50537e-07
-15.1953  2.09454e-07
-15.185  1.55332e-07
-15.1738  2.46992e-07
-15.1624  3.1363e-07
-15.1515  1.27074e-07
-15.1428  2.34642e-07
-15.1317  2.26256e-07
-15.1214  2.26492e-07
-15.1103  3.04464e-07
-15.1003  2.55775e-07
-15.0901  2.6898e-07
-15.0786  2.38789e-07
-15.0674  3.43153e-07
-15.0582  1.66891e-07
-15.0467  2.71283e-07
-15.0362  2.40211e-07
-15.0256  3.11186e-07
-15.0146  3.12966e-07
-15.0047  2.64718e-07
-14.995  2.23879e-07
-14.9848  2.58985e-07
-14.9741  3.22129e-07
-14.9643  3.75753e-07
-14.9531  2.26002e-07
-14.9436  3.72102e-07
-14.9316  3.26835e-07
-14.9208  2.78361e-07
-14.9108  3.31685e-07
-14.9003  3.06388e-07
-14.8895  4.14041e-07
-14.8785  3.21056e-07
-14.8682  3.12274e-07
-14.8577  4.25962e-07
-14.8463  3.77428e-07
-14.8356  3.21859e-07
-14.8252  3.85111e-07
-14.8136  3.56681e-07
-14.8036  3.75334e-07
-14.7917  4.87831e-07
-14.7816  3.88225e-07
-14.771  3.5961e-07
-14.7602  3.77519e-07
-14.7498  3.3079e-07
-14.7399  5.04883e-07
-14.7283  4.31842e-07
-14.7173  4.90449e-07
-14.706  5.34196e-07
-14.6952  4.36309e-07
-14.6844  2.82251e-07
-14.6733  5.76871e-07
-14.6632  5.42738e-07
-14.6528  3.61216e-07
-14.6414  5.19947e-07
-14.6305  5.37291e-07
-14.6193  4.34031e-07
-14.6084  4.83856e-07
-14.598  6.52227e-07
-14.5871  4.77948e-07
-14.576  4.95038e-07
-14.5657  5.94984e-07
-14.556  4.36061e-07
-14.5456  5.74096e-07
-14.5349  5.76245e-07
-14.5233  5.62624e-07
-14.514  5.19077e-07
-14.5033  5.25577e-07
-14.4932  6.21288e-07
-14.4826  5.82142e-07
-14.4727  6.1484e-07
-14.4617  6.4944e-07
-14.4516  5.79151e-07
-14.4409  6.30628e-07
-14.4311  5.50674e-07
-14.4193  7.46523e-07
-14.4094  6.61009e-07
-14.3973  6.98082e-07
-14.3876  5.86428e-07
-14.3765  8.51673e-07
-14.3657  6.55248e-07
-14.3554  8.08117e-07
-14.3447  5.66711e-07
-14.3338  7.49585e-07
-14.3238  6.40002e-07
-14.3131  7.19164e-07
-14.3019  9.57611e-07
-14.2909  9.55773e-07
-14.2795  6.50103e-07
-14.27  7.00227e-07
-14.2582  9.40249e-07
-14.2483  7.04359e-07
-14.2377  7.65087e-07
-14.2278  8.74646e-07
-14.2157  9.77182e-07
-14.2052  9.97001e-07
-14.194  8.29006e-07
-14.182  9.16449e-07
-14.1714  9.29999e-07
-14.1616  9.14213e-07
-14.1505  8.74536e-07
-14.1399  9.60341e-07
-14.1301  9.71673e-07
-14.1181  9.36656e-07
-14.1068  1.13353e-06
-14.0971  1.03006e-06
-14.0864  1.05308e-06
-14.0749  9.46889e-07
-14.065  9.11984e-07
-14.0554  1.0922e-06
-14.0448  1.09147e-06
-14.0335  1.11388e-06
-14.0224  1.23004e-06
-14.0113  1.0245e-06
-14.0012  1.16285e-06
-13.9904  1.12009e-06
-13.9804  1.26384e-06
-13.9693  1.05126e-06
-13.9583  1.26218e-06
-13.9476  1.29275e-06
-13.9366  1.27031e-06
-13.9251  1.254e-06
-13.9147  1.27351e-06
-13.9044  1.27647e-06
-13.8936  1.14042e-06
-13.8835  1.3167e-06
-13.8736  1.41364e-06
-13.8622  1.3224e-06
-13.8526  1.26174e-06
-13.8413  1.54403e-06
-13.8307  1.41838e-06
-13.8197  1.27665e-06
-13.8096  1.47543e-06
-13.7991  1.78901e-06
-13.7879  1.32696e-06
-13.7782  1.28029e-06
-13.7678  1.40282e-06
-13.7565  1.77634e-06
-13.7466  1.39315e-06
-13.7365  1.61038e-06
-13.7265  1.62211e-06
-13.7156  1.53455e-06
-13.7052  1.49317e-06
-13.695  1.77824e-06
-13.6846  1.61183e-06
-13.6741  1.68069e-06
-13.6627  1.8676e-06
-13.652  1.69258e-06
-13.6414  1.72736e-06
-13.6311  1.91365e-06
-13.6201  1.93516e-06
-13.6093  1.97855e-06
-13.5987  1.69061e-06
-13.5872  1.99268e-06
-13.5773  1.84073e-06
-13.5671  2.03981e-06
-13.556  2.11091e-06
-13.5452  1.90596e-06
-13.5351  1.94701e-06
-13.5248  2.15329e-06
-13.514  1.85012e-06
-13.5034  1.99403e-06
-13.4926  2.18597e-06
-13.483  2.39264e-06
-13.4724  2.01651e-06
-13.4613  1.9955e-06
-13.4518  2.2055e-06
-13.4415  2.53437e-06
-13.43  2.53313e-06
-13.4192  2.26652e-06
-13.4085  2.05866e-06
-13.3983  2.45815e-06
-13.3873  2.60202e-06
-13.3774  2.5104e-06
-13.3665  2.34687e-06
-13.3564  2.34767e-06
-13.3458  2.38668e-06
-13.336  2.52587e-06
-13.3255  2.595e-06
-13.3155  2.53634e-06
-13.3043  2.85697e-06
-13.2947  2.36318e-06
-13.2839  2.91438e-06
-13.2735  2.62742e-06
-13.2629  2.97084e-06
-13.2523  2.58477e-06
-13.2421  3.08242e-06
-13.2314  2.91345e-06
-13.2209  2.95165e-06
-13.2111  2.3841e-06
-13.2004  3.49501e-06
-13.1904  2.87128e-06
-13.1803  2.82667e-06
-13.1695  3.19712e-06
-13.1588  3.2167e-06
-13.1484  3.14129e-06
-13.1383  3.24522e-06
-13.1272  3.26256e-06
-13.1166  3.67538e-06
-13.1058  3.25422e-06
-13.0955  3.14108e-06
-13.0848  3.61519e-06
-13.0748  3.64352e-06
-13.0643  3.25203e-06
-13.0539  3.54141e-06
-13.044  3.39447e-06
-13.0334  3.43148e-06
-13.0229  3.82391e-06
-13.0127  3.93972e-06
-13.0025  3.21786e-06
-12.9925  3.82998e-06
-12.982  4.0828e-06
-12.9716  4.01103e-06
-12.9613  3.54856e-06
-12.9508  3.98067e-06
-12.9412  3.91087e-06
-12.9302  4.1544e-06
-12.9204  4.12098e-06
-12.9099  4.08506e-06
-12.899  4.29245e-06
-12.8892  4.41437e-06
-12.8792  3.97601e-06
-12.8684  4.67503e-06
-12.8578  4.00471e-06
-12.8474  4.54507e-06
-12.8375  4.09835e-06
-12.8274  4.77188e-06
-12.8173  4.77145e-06
-12.8065  5.01417e-06
-12.7959  4.12189e-06
-12.7859  4.79061e-06
-12.7753  4.8016e-06
-12.7653  4.8037e-06
-12.7552  4.8155e-06
-12.7448  5.52705e-06
-12.7342  4.56513e-06
-12.724  5.66973e-06
-12.7135  5.2226e-06
-12.7032  4.64177e-06
-12.6935  5.36863e-06
-12.6829  5.34783e-06
-12.6722  5.23763e-06
-12.6625  5.473e-06
-12.6522  5.21191e-06
-12.6418  5.94533e-06
-12.6313  5.57792e-06
-12.6211  5.82117e-06
-12.6105  5.91905e-06
-12.6002  5.56548e-06
-12.5898  6.3135e-06
-12.5792  6.00451e-06
-12.5692  6.32486e-06
-12.5587  5.71662e-06
-12.5481  6.49347e-06
-12.5382  5.39401e-06
-12.528  6.54824e-06
-12.5174  7.26219e-06
-12.5074  6.04687e-06
-12.4974  5.59736e-06
-12.487  6.74513e-06
-12.4769  7.04705e-06
-12.4669  6.79251e-06
-12.4561  6.2249e-06
-12.4464  6.93045e-06
-12.4362  6.81846e-06
-12.4259  7.28832e-06
-12.4155  6.73359e-06
-12.4052  7.42411e-06
-12.3949  7.61307e-06
-12.3848  7.31494e-06
-12.3741  6.74811e-06
-12.3644  7.99651e-06
-12.354  7.47192e-06
-12.3437  7.66645e-06
-12.3332  8.05517e-06
-12.3232  7.93997e-06
-12.3127  7.86911e-06
-12.3027  7.89208e-06
-12.2924  7.52599e-06
-12.2824  8.28937e-06
-12.2719  8.36131e-06
-12.2619  8.45857e-06
-12.2515  8.55168e-06
-12.2412  8.35298e-06
-12.2302  9.71862e-06
-12.2196  8.41285e-06
-12.2095  9.45011e-06
-12.199  8.4518e-06
-12.1886  8.67077e-06
-12.1786  9.28662e-06
-12.1683  9.55898e-06
-12.1581  8.75393e-06
-12.1479  9.4554e-06
-12.1377  9.7397e-06
-12.1275  9.21179e-06
-12.1169  9.62518e-06
-12.1071  1.00055e-05
-12.0967  1.04317e-05
-12.0861  9.86771e-06
-12.0761  9.56627e-06
-12.0659  9.96639e-06
-12.0556  1.12061e-05
-12.0453  9.78034e-06
-12.0352  1.07699e-05
-12.0249  9.82332e-06
-12.0147  1.17774e-05
-12.0045  1.09939e-05
-11.994  1.04656e-05
-11.9838  1.06595e-05
-11.9738  1.19523e-05
-11.9631  1.08997e-05
-11.9532  1.18091e-05
-11.9429  1.12558e-05
-11.9324  1.18436e-05
-11.9222  1.13221e-05
-11.9123  1.26467e-05
-11.9016  1.17907e-05
-11.892  1.2211e-05
-11.8817  1.11962e-05
-11.8713  1.30153e-05
-11.8611  1.24742e-05
-11.8514  1.25846e-05
-11.8405  1.28463e-05
-11.8308  1.32116e-05
-11.8205  1.16413e-05
-11.8102  1.40073e-05
-11.7998  1.35574e-05
-11.7902  1.32867e-05
-11.7794  1.29465e-05
-11.7695  1.36429e-05
-11.7592  1.42131e-05
-11.7493  1.47826e-05
-11.7389  1.31852e-05
-11.729  1.37785e-05
-11.7184  1.45856e-05
-11.7085  1.57996e-05
-11.698  1.38456e-05
-11.6878  1.44499e-05
-11.6777  1.4991e-05
-11.6679  1.50401e-05
-11.6573  1.567e-05
-11.6471  1.5818e-05
-11.6367  1.51396e-05
-11.6269  1.53893e-05
-11.6165  1.57686e-05
-11.6067  1.59675e-05
-11.5961  1.72192e-05
-11.5859  1.59088e-05
-11.5758  1.63405e-05
-11.5655  1.67567e-05
-11.5552  1.64365e-05
-11.5451  1.69241e-05
-11.535  1.83317e-05
-11.5246  1.63722e-05
-11.5144  1.72488e-05
-11.5042  1.83175e-05
-11.494  1.78589e-05
-11.4839  1.76079e-05
-11.4738  1.81485e-05
-11.4635  1.78444e-05
-11.4537  1.89579e-05
-11.4431  1.87444e-05
-11.433  1.82811e-05
-11.4229  1.9656e-05
-11.4129  1.946e-05
-11.4024  1.8928e-05
-11.3926  1.96498e-05
-11.3822  2.00596e-05
-11.372  1.96484e-05
-11.362  1.98978e-05
-11.3519  2.04264e-05
-11.3414  2.07664e-05
-11.3317  2.0845e-05
-11.3212  2.06436e-05
-11.3111  2.00218e-05
-11.3007  2.41273e-05
-11.2903  2.1402e-05
-11.2797  2.2412e-05
-11.2697  2.1176e-05
-11.2596  2.18981e-05
-11.2492  2.30664e-05
-11.2391  2.30118e-05
-11.229  2.16058e-05
-11.2188  2.37765e-05
-11.2087  2.30526e-05
-11.1985  2.34041e-05
-11.1882  2.32001e-05
-11.1783  2.39257e-05
-11.168  2.40594e-05
-11.1577  2.51454e-05
-11.1475  2.44514e-05
-11.137  2.61244e-05
-11.126  2.58162e-05
-11.1158  2.71954e-05
-11.1051  2.53776e-05
-11.0949  2.56023e-05
-11.0849  2.63993e-05
-11.0746  2.53686e-05
-11.0644  2.71643e-05
-11.0543  2.53414e-05
-11.044  2.82584e-05
-11.034  2.67835e-05
-11.0238  2.71456e-05
-11.0136  2.66109e-05
-11.0034  2.95193e-05
-10.9934  2.76468e-05
-10.9831  2.87981e-05
-10.9723  3.07619e-05
-10.9616  2.94334e-05
-10.9516  2.82379e-05
-10.9415  3.02682e-05
-10.9314  2.75188e-05
-10.9215  3.25088e-05
-10.9111  2.85484e-05
-10.9011  3.02903e-05
-10.891  3.07909e-05
-10.8809  3.15989e-05
-10.8706  2.92331e-05
-10.8608  3.34519e-05
-10.8504  3.00849e-05
-10.8405  3.27546e-05
-10.8302  3.31082e-05
-10.82  3.30006e-05
-10.8097  3.15894e-05
-10.7997  3.46257e-05
-10.789  3.4963e-05
-10.7787  3.5263e-05
-10.7683  3.33446e-05
-10.7581  3.4585e-05
-10.7479  3.47654e-05
-10.738  3.66794e-05
-10.7277  3.37239e-05
-10.7177  3.47319e-05
-10.7074  3.70463e-05
-10.6973  3.63199e-05
-10.6871  3.64752e-05
-10.6771  3.75812e-05
-10.6667  3.61861e-05
-10.6568  3.77782e-05
-10.6467  3.79447e-05
-10.6365  3.67361e-05
-10.6264  3.98106e-05
-10.6164  4.03845e-05
-10.606  3.66643e-05
-10.5959  4.05207e-05
-10.5857  4.08892e-05
-10.575  4.33724e-05
-10.5645  4.06068e-05
-10.5544  4.06447e-05
-10.544  4.03587e-05
-10.5341  4.2329e-05
-10.5241  4.25752e-05
-10.5137  4.12308e-05
-10.5037  4.20583e-05
-10.4936  4.33707e-05
-10.4833  4.40986e-05
-10.4735  4.2156e-05
-10.4633  4.45009e-05
-10.4528  4.49261e-05
-10.4431  4.33251e-05
-10.4329  4.57265e-05
-10.4226  4.69306e-05
-10.4121  4.82319e-05
-10.4012  4.95342e-05
-10.3905  4.7861e-05
-10.3805  4.62158e-05
-10.3702  4.79302e-05
-10.3599  5.00564e-05
-10.3499  4.68993e-05
-10.3397  4.68655e-05
-10.3294  5.165e-05
-10.319  5.41567e-05
-10.3083  4.96226e-05
-10.2979  4.91582e-05
-10.2872  5.72176e-05
-10.2768  5.08731e-05
-10.2667  5.24842e-05
-10.2566  4.97415e-05
-10.2466  5.26198e-05
-10.2361  5.41104e-05
-10.2261  5.37856e-05
-10.2159  5.19166e-05
-10.2058  5.58051e-05
-10.1957  5.24577e-05
-10.1855  5.63762e-05
-10.1751  5.91693e-05
-10.1646  5.56468e-05
-10.1544  5.53204e-05
-10.1439  6.30015e-05
-10.1331  5.56745e-05
-10.1233  5.9995e-05
-10.1128  5.8525e-05
-10.1028  5.70634e-05
-10.0926  5.9999e-05
-10.0825  5.97791e-05
-10.0723  5.78265e-05
-10.0624  6.26301e-05
-10.0521  6.12163e-05
-10.0421  5.68228e-05
-10.0319  6.49843e-05
-10.0218  6.25013e-05
-10.0117  6.20685e-05
-10.0019  6.1066e-05
-9.99154  6.52185e-05
-9.98143  6.37554e-05
-9.97145  6.57522e-05
-9.96125  6.37101e-05
-9.95109  6.59985e-05
-9.94065  7.20763e-05
-9.92996  6.8877e-05
-9.91982  6.43656e-05
-9.90975  6.98557e-05
-9.89955  6.70116e-05
-9.88953  6.9086e-05
-9.87898  7.43567e-05
-9.86838  7.07712e-05
-9.85816  7.01862e-05
-9.84764  8.03921e-05
-9.8368  6.81203e-05
-9.8268  7.42695e-05
-9.81666  7.06328e-05
-9.80614  8.215e-05
-9.79534  7.24629e-05
-9.78552  7.34043e-05
-9.77469  8.23615e-05
-9.76426  7.71528e-05
-9.75401  7.46393e-05
-9.74411  7.58101e-05
-9.73376  7.75046e-05
-9.72393  7.62441e-05
-9.71368  7.95087e-05
-9.70367  7.85076e-05
-9.69343  7.9074e-05
-9.68342  7.99505e-05
-9.67326  8.08836e-05
-9.66331  7.76306e-05
-9.65304  8.44713e-05
-9.64307  8.16557e-05
-9.63287  8.35238e-05
-9.62274  8.27618e-05
-9.61264  8.42015e-05
-9.60264  8.29083e-05
-9.59251  8.9093e-05
-9.58236  8.16316e-05
-9.57229  8.7634e-05
-9.5622  8.71977e-05
-9.55215  8.91416e-05
-9.54209  8.43429e-05
-9.53197  9.25354e-05
-9.5218  8.78041e-05
-9.51186  9.14228e-05
-9.50161  8.82427e-05
-9.49158  9.35247e-05
-9.48144  8.94671e-05
-9.47141  9.69359e-05
-9.46114  9.12781e-05
-9.45064  0.00010309
-9.43997  9.47062e-05
-9.43006  9.58093e-05
-9.41975  9.50858e-05
-9.40981  9.7325e-05
-9.39902  0.000108525
-9.38863  9.64592e-05
-9.37779  0.000110537
-9.36732  9.88044e-05
-9.35711  0.000100951
-9.34704  0.000102771
-9.33681  9.93848e-05
-9.32693  9.98519e-05
-9.3167  0.000106482
-9.3067  0.000101557
-9.29661  0.000106219
-9.28648  0.000104548
-9.27619  0.000103726
-9.26633  0.000111556
-9.25602  0.000107917
-9.2459  0.000104067
-9.23588  0.000111419
-9.22565  0.000109265
-9.21561  0.000108537
-9.20565  0.000113608
-9.19534  0.000111906
-9.18526  0.000109467
-9.17524  0.000116892
-9.16503  0.000113651
-9.15428  0.000125321
-9.14392  0.000117426
-9.13375  0.00011548
-9.12353  0.000115225
-9.11369  0.000120622
-9.10299  0.000129033
-9.09232  0.000121765
-9.08239  0.000115798
-9.07229  0.000121357
-9.06206  0.000125027
-9.05212  0.000120343
-9.04207  0.000124787
-9.03128  0.000136182
-9.02075  0.000124584
-9.01066  0.000126406
-9.00045  0.000129668
-8.99055  0.000122624
-8.98042  0.000129603
-8.97016  0.000131014
-8.96027  0.000128818
-8.95007  0.000131593
-8.93984  0.000134324
-8.92989  0.000128836
-8.91979  0.000135975
-8.90952  0.000134044
-8.89958  0.000134762
-8.88936  0.000137647
-8.8788  0.000150049
-8.86829  0.000135615
-8.8582  0.000138933
-8.84794  0.000140613
-8.83812  0.00014219
-8.82789  0.000138149
-8.81778  0.00014477
-8.8077  0.000138633
-8.79764  0.0001509
-8.78736  0.000142098
-8.7775  0.000145315
-8.76714  0.000147681
-8.75715  0.000149175
-8.74693  0.000147653
-8.73694  0.000152142
-8.72667  0.000147334
-8.71675  0.00015237
-8.70652  0.000151387
-8.69654  0.00015527
-8.6864  0.000148909
-8.67654  0.000157016
-8.66569  0.000172418
-8.65535  0.000153519
-8.64452  0.000179371
-8.63353  0.000170914
-8.62294  0.000161542
-8.61306  0.000155635
-8.60274  0.000167266
-8.59275  0.00015652
-8.58265  0.000173265
-8.57252  0.00015904
-8.56235  0.000168811
-8.55237  0.000161947
-8.5421  0.000177285
-8.53205  0.000163927
-8.52195  0.000171853
-8.51184  0.000164546
-8.50181  0.000180585
-8.49165  0.000168785
-8.48144  0.000177689
-8.47136  0.000171291
-8.46136  0.000179845
-8.45124  0.000171293
-8.44114  0.000184224
-8.43102  0.000176093
-8.42084  0.000182252
-8.41068  0.000181342
-8.40069  0.000185041
-8.38997  0.000194704
-8.37953  0.000188615
-8.36948  0.000181444
-8.35937  0.000188754
-8.34915  0.000188544
-8.33919  0.000187065
-8.32903  0.00018747
-8.31903  0.000194274
-8.30891  0.000189603
-8.29888  0.000190956
-8.28867  0.000198209
-8.2787  0.00019443
-8.26798  0.000212265
-8.2575  0.000201571
-8.24736  0.000195505
-8.23735  0.000199338
-8.22723  0.000201592
-8.21718  0.000199629
-8.20702  0.000205516
-8.197  0.000205006
-8.18691  0.000200827
-8.17638  0.000225996
-8.16568  0.000213991
-8.15556  0.000208606
-8.14546  0.000206024
-8.13541  0.000213281
-8.12531  0.000212472
-8.11518  0.000211482
-8.10524  0.000213955
-8.09505  0.000216647
-8.08449  0.000237539
-8.07385  0.000220546
-8.0638  0.000215322
-8.05363  0.000226051
-8.04352  0.000218843
-8.03296  0.000247153
-8.02252  0.000215923
-8.01236  0.000232196
-8.00231  0.000223152
-7.99214  0.000229391
-7.98217  0.000226102
-7.97194  0.000237112
-7.96182  0.000227273
-7.95122  0.000259315
-7.9407  0.000226924
-7.93067  0.000240689
-7.92058  0.000231146
-7.91035  0.000248898
-7.89981  0.000248062
-7.88932  0.000250853
-7.87902  0.000237496
-7.86899  0.000246395
-7.85889  0.000238868
-7.84884  0.000251415
-7.8386  0.000237692
-7.82871  0.000257652
-7.81845  0.000241654
-7.8085  0.000251789
-7.79835  0.000245159
-7.78832  0.000264477
-7.77808  0.00024315
-7.76815  0.000263284
-7.75787  0.000249873
-7.74744  0.00028553
-7.73677  0.000253882
-7.7269  0.000267117
-7.71648  0.000254705
-7.70619  0.000292273
-7.69536  0.000263458
-7.68539  0.000265902
-7.67506  0.000267928
-7.66482  0.000289998
-7.65395  0.000271799
-7.64403  0.00026923
-7.63322  0.000304891
-7.62276  0.000266211
-7.61261  0.000279002
-7.6027  0.000268348
-7.59235  0.00028366
-7.58249  0.000271034
-7.57234  0.000287129
-7.56227  0.000272303
-7.55212  0.000289454
-7.54212  0.00027772
-7.53191  0.000288385
-7.52199  0.000281814
-7.51189  0.000291731
-7.50173  0.000280997
-7.49164  0.000300499
-7.48119  0.000310553
-7.47054  0.000297506
-7.46052  0.000287552
-7.45048  0.000303302
-7.43975  0.000320495
-7.42929  0.000301426
-7.41874  0.000322817
-7.40818  0.000305286
-7.39801  0.000302374
-7.38801  0.000305342
-7.37774  0.000305482
-7.36776  0.000305714
-7.3578  0.000305197
-7.34768  0.000311279
-7.33755  0.000307203
-7.32759  0.000314371
-7.31737  0.000316395
-7.3074  0.000307718
-7.29739  0.00032078
-7.28709  0.000325003
-7.27693  0.00031729
-7.26696  0.000318184
-7.25689  0.000320372
-7.24687  0.000320245
-7.23686  0.00032693
-7.22662  0.000334323
-7.21657  0.000318356
-7.20655  0.000332679
-7.19645  0.000328813
-7.18641  0.000331832
-7.17635  0.000334717
-7.16612  0.000339298
-7.15611  0.000329644
-7.14604  0.000345489
-7.13585  0.000338637
-7.12576  0.000342405
-7.11568  0.000341545
-7.10503  0.000382775
-7.09451  0.000339663
-7.08443  0.000350616
-7.07427  0.000348272
-7.06418  0.000353405
-7.05415  0.00034481
-7.04399  0.00036577
-7.03329  0.00038006
-7.02285  0.000361625
-7.01266  0.000359275
-7.0025  0.000359962
-6.99255  0.000351212
-6.9825  0.000373071
-6.97236  0.00035478
-6.96238  0.000366823
-6.95226  0.000367447
-6.94216  0.000368656
-6.93211  0.00036664
-6.92201  0.000381252
-6.91187  0.0003617
-6.90183  0.000381467
-6.89126  0.000408601
-6.88067  0.000380287
-6.87064  0.000375017
-6.86049  0.000391734
-6.85032  0.000370683
-6.84035  0.000392338
-6.83011  0.00038582
-6.82002  0.000387331
-6.80996  0.000386825
-6.7998  0.000402827
-6.78958  0.000379152
-6.77964  0.000398689
-6.7695  0.000397416
-6.75939  0.000394604
-6.74938  0.000390434
-6.73933  0.000407931
-6.72913  0.00038995
-6.71926  0.000409163
-6.709  0.000403957
-6.69898  0.000400555
-6.6889  0.000404416
-6.67883  0.000421128
-6.66857  0.000400364
-6.65854  0.000422415
-6.64823  0.000415777
-6.63826  0.000407466
-6.62811  0.000416344
-6.61812  0.000424547
-6.60786  0.000410241
-6.59803  0.000419721
-6.58778  0.000426527
-6.57774  0.000422516
-6.5671  0.000466891
-6.55661  0.00042853
-6.54632  0.000430726
-6.5364  0.0004209
-6.52624  0.00043734
-6.51625  0.000428423
-6.50606  0.000440193
-6.49602  0.000434455
-6.48583  0.00043678
-6.47585  0.000440229
-6.4657  0.000436877
-6.45568  0.000447379
-6.44545  0.000442723
-6.4355  0.000441309
-6.42485  0.000493788
-6.41441  0.000440312
-6.4042  0.000460309
-6.39413  0.000449707
-6.384  0.000448584
-6.37398  0.000460312
-6.36371  0.00045966
-6.3538  0.000447706
-6.34359  0.000470574
-6.33353  0.000458054
-6.32335  0.000460534
-6.31342  0.000464137
-6.30316  0.00047479
-6.29326  0.000448888
-6.28304  0.000487379
-6.27296  0.000463681
-6.26285  0.00046828
-6.25292  0.000472804
-6.24267  0.000482522
-6.23282  0.000458838
-6.22263  0.000490605
-6.21267  0.000470108
-6.20253  0.000482462
-6.19257  0.000480853
-6.18227  0.000500823
-6.17231  0.000464424
-6.16219  0.00049977
-6.15219  0.000483569
-6.14204  0.000494107
-6.13203  0.000487245
-6.12181  0.000503089
-6.11186  0.000481787
-6.10171  0.000508764
-6.09161  0.000493176
-6.08153  0.000501437
-6.07145  0.000500783
-6.06084  0.000554815
-6.05027  0.000500234
-6.04026  0.000505407
-6.0302  0.000504998
-6.02009  0.00050785
-6.01007  0.000512575
-5.99996  0.00050896
-5.9899  0.000512697
-5.97983  0.000516746
-5.96967  0.000520689
-5.95964  0.000506768
-5.94963  0.000526269
-5.93947  0.000520616
-5.92939  0.000523224
-5.91935  0.000516783
-5.90927  0.000536349
-5.89909  0.000516427
-5.88913  0.000536121
-5.87897  0.000526441
-5.86892  0.000533445
-5.85883  0.000527197
-5.84874  0.000545635
-5.83859  0.00052555
-5.82862  0.000546102
-5.81832  0.00054013
-5.80835  0.000540166
-5.79828  0.000530942
-5.78826  0.000556689
-5.778  0.000540003
-5.7681  0.000545541
-5.75788  0.000548962
-5.74792  0.000549277
-5.73777  0.000548816
-5.7277  0.000558939
-5.71748  0.000550251
-5.70767  0.000553722
-5.69733  0.000561597
-5.68738  0.0005565
-5.67723  0.000557796
-5.66716  0.000573023
-5.65689  0.000560993
-5.64701  0.000557589
-5.63679  0.000568232
-5.6269  0.000563276
-5.61672  0.000568174
-5.60668  0.000573812
-5.5965  0.000567227
-5.5866  0.00057423
-5.57629  0.000575844
-5.56639  0.000574426
-5.55628  0.000566385
-5.54623  0.000590681
-5.53608  0.000572376
-5.52621  0.000576304
-5.51584  0.000593018
-5.50594  0.000579562
-5.49577  0.000582279
-5.48572  0.000595009
-5.4755  0.00058552
-5.46565  0.000583534
-5.45531  0.000600692
-5.44543  0.00058508
-5.43528  0.000589487
-5.42525  0.000603503
-5.41496  0.000602521
-5.40509  0.000583631
-5.39484  0.000605467
-5.38503  0.000592176
-5.37476  0.000607901
-5.36478  0.00060141
-5.35456  0.000609617
-5.34464  0.000598105
-5.3337  0.000696891
-5.32327  0.000586274
-5.31306  0.000625932
-5.30299  0.000605488
-5.2928  0.000624919
-5.28284  0.000599047
-5.27262  0.000629404
-5.26276  0.000597089
-5.25256  0.000629127
-5.24256  0.000612668
-5.23245  0.000623806
-5.22252  0.000608419
-5.2122  0.00064924
-5.20218  0.00060882
-5.192  0.000634256
-5.18195  0.000625373
-5.17184  0.000629773
-5.16188  0.000615843
-5.15171  0.000643061
-5.14177  0.000616834
-5.1316  0.00064533
-5.12156  0.000627555
-5.11151  0.00062878
-5.10149  0.000639116
-5.09126  0.000650319
-5.08128  0.000622053
-5.0712  0.000646094
-5.06112  0.00064516
-5.05104  0.000634309
-5.04043  0.000718726
-5.02968  0.000655545
-5.01966  0.000634162
-5.00955  0.000653658
-4.99942  0.000659475
-4.98916  0.000653371
-4.97911  0.000648846
-4.96903  0.000653646
-4.95897  0.000648659
-4.94892  0.000651275
-4.9389  0.000659699
-4.9287  0.000659268
-4.9187  0.000650534
-4.90809  0.000734158
-4.89748  0.00065018
-4.88738  0.000671913
-4.87728  0.000665574
-4.86707  0.000662401
-4.85706  0.000663915
-4.84692  0.00067214
-4.83685  0.000657448
-4.82677  0.000674807
-4.81674  0.000664639
-4.8066  0.000662888
-4.79672  0.000670817
-4.78653  0.000674607
-4.77648  0.000668682
-4.76634  0.000684869
-4.75628  0.000672796
-4.7461  0.000668963
-4.73625  0.00067599
-4.72607  0.000678982
-4.71596  0.000685506
-4.70584  0.000675817
-4.6959  0.000679107
-4.68569  0.000675215
-4.67582  0.000688617
-4.66561  0.000678757
-4.65561  0.000684467
-4.64549  0.00068719
-4.63548  0.00068653
-4.62524  0.000686116
-4.61538  0.000688159
-4.60513  0.000689013
-4.59517  0.000689091
-4.58504  0.000690259
-4.57505  0.000693453
-4.56468  0.000706832
-4.55474  0.000691889
-4.54449  0.000691068
-4.53458  0.000694363
-4.5244  0.000704226
-4.51441  0.000686985
-4.50413  0.000712734
-4.49425  0.000690754
-4.48394  0.000709736
-4.47406  0.000683249
-4.46395  0.000708889
-4.45405  0.000685131
-4.44381  0.000720194
-4.43391  0.000691365
-4.42358  0.000723154
-4.41368  0.000681313
-4.40358  0.000721139
-4.39366  0.000682511
-4.38341  0.000734764
-4.37343  0.000695382
-4.36312  0.000727526
-4.35319  0.000691001
-4.343  0.000729797
-4.33247  0.00076815
-4.32176  0.000737887
-4.31168  0.000693175
-4.30156  0.000730956
-4.29154  0.000694922
-4.28145  0.000731905
-4.27143  0.000693059
-4.26135  0.000737831
-4.25132  0.00068894
-4.24128  0.000734053
-4.23124  0.000705298
-4.22113  0.000732801
-4.21108  0.000698535
-4.20106  0.000735755
-4.19098  0.000699665
-4.18095  0.000742227
-4.17077  0.000713231
-4.16073  0.000724105
-4.15072  0.0007116
-4.1407  0.00073196
-4.13064  0.000701499
-4.12064  0.000748233
-4.1105  0.000706815
-4.10046  0.00073638
-4.09031  0.000724536
-4.08029  0.000731292
-4.0702  0.00070685
-4.06021  0.000751712
-4.05002  0.000715692
-4.03999  0.000729416
-4.02987  0.000737229
-4.01976  0.000735343
-4.0096  0.000720336
-3.99957  0.000749334
-3.98941  0.000717965
-3.97941  0.000730614
-3.96935  0.000735667
-3.95929  0.000730574
-3.94917  0.000727066
-3.93909  0.000752764
-3.92897  0.000718586
-3.91895  0.000730191
-3.9089  0.000749675
-3.8987  0.000731408
-3.88865  0.00072685
-3.8786  0.000749702
-3.86854  0.000721924
-3.85846  0.00073636
-3.84842  0.000749908
-3.83826  0.000725526
-3.82827  0.000733705
-3.81814  0.000752996
-3.80806  0.000731745
-3.79791  0.000734715
-3.78788  0.000758117
-3.77765  0.000726162
-3.76769  0.000737655
-3.75754  0.000753463
-3.74751  0.000726978
-3.73738  0.000739018
-3.72742  0.000747324
-3.71722  0.000735478
-3.70726  0.00073609
-3.69707  0.000757794
-3.687  0.000733538
-3.67684  0.000738682
-3.66689  0.00075058
-3.65661  0.000744209
-3.64668  0.000730932
-3.63657  0.000747153
-3.62653  0.000740498
-3.61643  0.000733351
-3.60607  0.00081502
-3.59535  0.000742242
-3.58535  0.000747215
-3.57515  0.000749533
-3.56517  0.00072993
-3.55498  0.000759974
-3.545  0.000730809
-3.53485  0.000746994
-3.52489  0.000737795
-3.51466  0.000760506
-3.50465  0.000727004
-3.49452  0.000757605
-3.48451  0.000734254
-3.4743  0.000753363
-3.46431  0.000740228
-3.45409  0.000752128
-3.4441  0.000737148
-3.43397  0.000749379
-3.42394  0.000737008
-3.41377  0.000753086
-3.40377  0.000742697
-3.39358  0.000743576
-3.38361  0.000738486
-3.37349  0.000748872
-3.36349  0.000735717
-3.35333  0.000753131
-3.34334  0.000737541
-3.33321  0.000736626
-3.32324  0.000749554
-3.31313  0.000740623
-3.3031  0.000736234
-3.29293  0.000759502
-3.28289  0.000738577
-3.2727  0.000745513
-3.26265  0.000746076
-3.25253  0.000745604
-3.24248  0.000735933
-3.23234  0.00075443
-3.2223  0.000736441
-3.21215  0.000741277
-3.20215  0.000744759
-3.1916  0.000807969
-3.18107  0.000737425
-3.17093  0.000757136
-3.16082  0.000739997
-3.15063  0.000743972
-3.14061  0.000744519
-3.13044  0.000742898
-3.1204  0.000733004
-3.11028  0.000756597
-3.10024  0.000726415
-3.09007  0.000747907
-3.08004  0.000743838
-3.06982  0.000748904
-3.05971  0.00073076
-3.04963  0.000752304
-3.03917  0.000788286
-3.02856  0.00074906
-3.01858  0.000733356
-3.00841  0.000744354
-2.99837  0.000724618
-2.98829  0.000759907
-2.97821  0.000711634
-2.96813  0.000752972
-2.95809  0.000729431
-2.94794  0.00074563
-2.93786  0.000723606
-2.92776  0.000758613
-2.91759  0.000721089
-2.90746  0.00075095
-2.89738  0.000730927
-2.88724  0.000738836
-2.87712  0.00073015
-2.86707  0.000745409
-2.85691  0.000721472
-2.84684  0.000744836
-2.83675  0.000727653
-2.82662  0.000737853
-2.81652  0.000725559
-2.80646  0.000744016
-2.79627  0.000723235
-2.78574  0.000806667
-2.77477  0.000785395
-2.76424  0.000735604
-2.75404  0.000735881
-2.74403  0.000723643
-2.73393  0.000723059
-2.72384  0.000737093
-2.71375  0.00071934
-2.70366  0.000735841
-2.6935  0.000726334
-2.68348  0.000721204
-2.67339  0.000727351
-2.66325  0.000731976
-2.65319  0.00071395
-2.64311  0.000730895
-2.63305  0.000718744
-2.62298  0.000720642
-2.61297  0.000715626
-2.60283  0.000735369
-2.59282  0.0007021
-2.58276  0.000729084
-2.57269  0.000719564
-2.56255  0.000718563
-2.55253  0.000719188
-2.54233  0.000727775
-2.53231  0.000707921
-2.52217  0.000727462
-2.51215  0.00070784
-2.50197  0.000725772
-2.49197  0.000708391
-2.48187  0.00071469
-2.47189  0.000707999
-2.46171  0.000725559
-2.45181  0.000691252
-2.44167  0.000723302
-2.4317  0.000705274
-2.42154  0.000714962
-2.41159  0.000699445
-2.40144  0.000721324
-2.39145  0.000699836
-2.38122  0.00072035
-2.37127  0.000700413
-2.36113  0.000707197
-2.35117  0.000702737
-2.34096  0.00071768
-2.33106  0.000686451
-2.3209  0.000714622
-2.3109  0.000705959
-2.30065  0.000708288
-2.29068  0.000696118
-2.28048  0.000717231
-2.27051  0.000686926
-2.26031  0.000712233
-2.25035  0.000693622
-2.24013  0.000711434
-2.23013  0.000688847
-2.21994  0.00071369
-2.20997  0.000679351
-2.19978  0.000718799
-2.18976  0.000682157
-2.17959  0.000709601
-2.16959  0.000679994
-2.15949  0.000707401
-2.14945  0.000680972
-2.13928  0.000709866
-2.12926  0.000682394
-2.11907  0.000704696
-2.1085  0.000749635
-2.09739  0.000779687
-2.08673  0.000667763
-2.07636  0.000760262
-2.06578  0.000681546
-2.05573  0.000694069
-2.0456  0.000678468
-2.03564  0.000693411
-2.02546  0.000675916
-2.01549  0.000691469
-2.00535  0.000678843
-1.99484  0.000751033
-1.98419  0.000684022
-1.9738  0.000735715
-1.96319  0.00068643
-1.95319  0.000675191
-1.94302  0.000686794
-1.93298  0.000676301
-1.92287  0.000677953
-1.91292  0.000665428
-1.90278  0.000689898
-1.8927  0.000670266
-1.88258  0.000680805
-1.87252  0.000672518
-1.86243  0.000672604
-1.85239  0.000668539
-1.84227  0.000686034
-1.83216  0.000663281
-1.82205  0.000677319
-1.81195  0.000671183
-1.80141  0.000729142
-1.79086  0.000666903
-1.78084  0.000670383
-1.77071  0.00066474
-1.76062  0.000671869
-1.75055  0.000663147
-1.74049  0.000661989
-1.73038  0.000666917
-1.7204  0.000659581
-1.7103  0.000660695
-1.70023  0.000661421
-1.69016  0.000667918
-1.68005  0.000654476
-1.66994  0.000668261
-1.65987  0.000658192
-1.64973  0.0006576
-1.63967  0.000656679
-1.62967  0.00065756
-1.61955  0.000653742
-1.60945  0.00065682
-1.59939  0.000660411
-1.58928  0.000647788
-1.57926  0.000648879
-1.56923  0.000657871
-1.55914  0.000644207
-1.54904  0.00065971
-1.53893  0.000653083
-1.52876  0.000652405
-1.51873  0.00064113
-1.50869  0.000656161
-1.49858  0.000639652
-1.48851  0.000651007
-1.4785  0.000641318
-1.4684  0.00064767
-1.45843  0.000631062
-1.44791  0.000714597
-1.43728  0.00063973
-1.42714  0.000655953
-1.41713  0.00062474
-1.40702  0.00065692
-1.39683  0.000637445
-1.38681  0.000643078
-1.37667  0.000634973
-1.36654  0.000656054
-1.35645  0.000618523
-1.34594  0.000713149
-1.33527  0.000631125
-1.32521  0.000645509
-1.31499  0.00063361
-1.30494  0.000644132
-1.29478  0.000623096
-1.28482  0.000636479
-1.27465  0.000632002
-1.26413  0.000698831
-1.25346  0.00062526
-1.24354  0.000629378
-1.23332  0.000633638
-1.22288  0.000684413
-1.2123  0.000624791
-1.20187  0.000683685
-1.19119  0.000637969
-1.18113  0.000620015
-1.17103  0.000625091
-1.16102  0.000630309
-1.15081  0.000624524
-1.14087  0.000613989
-1.13071  0.000636436
-1.12059  0.000620393
-1.11047  0.000623959
-1.10038  0.000627212
-1.09013  0.000629034
-1.08008  0.000611301
-1.06997  0.000633698
-1.05973  0.000622109
-1.04968  0.000612604
-1.03966  0.000620092
-1.02943  0.000627853
-1.01936  0.000605929
-1.00933  0.000625608
-0.999149  0.000613195
-0.989125  0.000611296
-0.979025  0.00062252
-0.968856  0.000616184
-0.95879  0.00060482
-0.948349  0.000673967
-0.937226  0.000669583
-0.926577  0.000626101
-0.916453  0.000602748
-0.906528  0.000601228
-0.896419  0.000616787
-0.886407  0.00060347
-0.876309  0.000609425
-0.866151  0.000620229
-0.856057  0.000598339
-0.846119  0.000601904
-0.835939  0.000616751
-0.825885  0.000603905
-0.815776  0.000603793
-0.805673  0.00061386
-0.795579  0.000598044
-0.785558  0.000605543
-0.77538  0.000609942
-0.7654  0.000593299
-0.755317  0.000606064
-0.745238  0.000605832
-0.735125  0.000598351
-0.725079  0.000604478
-0.714908  0.000606992
-0.704934  0.000586997
-0.694866  0.000607064
-0.684764  0.000601503
-0.674696  0.000593379
-0.664646  0.000603099
-0.654024  0.000659625
-0.643003  0.000649202
-0.632431  0.000603759
-0.622392  0.000589995
-0.612303  0.000604194
-0.602146  0.000598255
-0.592134  0.000589891
-0.582083  0.000596166
-0.571962  0.000601819
-0.561848  0.000592991
-0.551747  0.000599789
-0.541636  0.000593269
-0.531601  0.000592162
-0.521495  0.000596662
-0.511428  0.000591599
-0.501367  0.000592059
-0.491278  0.000596779
-0.481151  0.000592448
-0.471118  0.000590171
-0.461028  0.000591147
-0.451045  0.000586769
-0.44098  0.000590864
-0.430922  0.000592608
-0.420809  0.000589283
-0.410819  0.000587876
-0.400614  0.000602212
-0.390589  0.000577235
-0.380516  0.00059771
-0.370404  0.000590349
-0.359721  0.000654796
-0.349238  0.000575728
-0.339157  0.000599321
-0.329033  0.000585349
-0.318963  0.000590192
-0.308931  0.000582552
-0.29878  0.000600782
-0.288732  0.000572556
-0.278727  0.000596079
-0.268567  0.000586481
-0.25851  0.00058662
-0.248477  0.000583841
-0.238354  0.000596505
-0.228279  0.000574612
-0.218243  0.000595811
-0.208073  0.000587467
-0.197997  0.000587444
-0.18794  0.00058052
-0.177889  0.000592443
-0.167802  0.00057667
-0.1578  0.000590287
-0.147679  0.000585105
-0.137622  0.000585592
-0.127555  0.000582613
-0.117467  0.000593414
-0.107315  0.000582674
-0.0973259  0.000582054
-0.0872508  0.000585406
-0.0771489  0.000591475
-0.0665224  0.000639748
-0.0560049  0.000586491
-0.0458818  0.000583228
-0.0359011  0.000583703
-0.0258333  0.000579154
-0.0153638  0.000641148
-0.00488741  0.000570825
0.00488741  0.000570825
0.0153638  0.000641148
0.0258333  0.000579154
0.0359011  0.000583703
0.0458818  0.000583228
0.0560049  0.000586491
0.0665224  0.000639748
0.0771489  0.000591475
0.0872508  0.000585406
0.0973259  0.000582054
0.107315  0.000582674
0.117467  0.000593414
0.127555  0.000582613
0.137622  0.000585592
0.147679  0.000585105
0.1578  0.000590287
0.167802  0.00057667
0.177889  0.000592443
0.18794  0.00058052
0.197997  0.000587444
0.208073  0.000587467
0.218243  0.000595811
0.228279  0.000574612
0.238354  0.000596505
0.248477  0.000583841
0.25851  0.00058662
0.268567  0.000586481
0.278727  0.000596079
0.288732  0.000572556
0.29878  0.000600782
0.308931  0.000582552
0.318963  0.000590192
0.329033  0.000585349
0.339157  0.000599321
0.349238  0.000575728
0.359721  0.000654796
0.370404  0.000590349
0.380516  0.00059771
0.390589  0.000577235
0.400614  0.000602212
0.410819  0.000587876
0.420809  0.000589283
0.430922  0.000592608
0.44098  0.000590864
0.451045  0.000586769
0.461028  0.000591147
0.471118  0.000590171
0.481151  0.000592448
0.491278  0.000596779
0.501367  0.000592059
0.511428  0.000591599
0.521495  0.000596662
0.531601  0.000592162
0.541636  0.000593269
0.551747  0.000599789
0.561848  0.000592991
0.571962  0.000601819
0.582083  0.000596166
0.592134  0.000589891
0.602146  0.000598255
0.612303  0.000604194
0.622392  0.000589995
0.632431  0.000603759
0.643003  0.000649202
0.654024  0.000659625
0.664646  0.000603099
0.674696  0.000593379
0.684764  0.000601503
0.694866  0.000607064
0.704934  0.000586997
0.714908  0.000606992
0.725079  0.000604478
0.735125  0.000598351
0.745238  0.000605832
0.755317  0.000606064
0.7654  0.000593299
0.77538  0.000609942
0.785558  0.000605543
0.795579  0.000598044
0.805673  0.00061386
0.815776  0.000603793
0.825885  0.000603905
0.835939  0.000616751
0.846119  0.000601904
0.856057  0.000598339
0.866151  0.000620229
0.876309  0.000609425
0.886407  0.00060347
0.896419  0.000616787
0.906528  0.000601228
0.916453  0.000602748
0.926577  0.000626101
0.937226  0.000669583
0.948349  0.000673967
0.95879  0.00060482
0.968856  0.000616184
0.979025  0.00062252
0.989125  0.000611296
0.999149  0.000613195
1.00933  0.000625608
1.01936  0.000605929
1.02943  0.000627853
1.03966  0.000620092
1.04968  0.000612604
1.05973  0.000622109
1.06997  0.000633698
1.08008  0.000611301
1.09013  0.000629034
1.10038  0.000627212
1.11047  0.000623959
1.12059  0.000620393
1.13071  0.000636436
1.14087  0.000613989
1.15081  0.000624524
1.16102  0.000630309
1.17103  0.000625091
1.18113  0.000620015
1.19119  0.000637969
1.20187  0.000683685
1.2123  0.000624791
1.22288  0.000684413
1.23332  0.000633638
1.24354  0.000629378
1.25346  0.00062526
1.26413  0.000698831
1.27465  0.000632002
1.28482  0.000636479
1.29478  0.000623096
1.30494  0.000644132
1.31499  0.00063361
1.32521  0.000645509
1.33527  0.000631125
1.34594  0.000713149
1.35645  0.000618523
1.36654  0.000656054
1.37667  0.000634973
1.38681  0.000643078
1.39683  0.000637445
1.40702  0.00065692
1.41713  0.00062474
1.42714  0.000655953
1.43728  0.00063973
1.44791  0.000714597
1.45843  0.000631062
1.4684  0.00064767
1.4785  0.000641318
1.48851  0.000651007
1.49858  0.000639652
1.50869  0.000656161
1.51873  0.00064113
1.52876  0.000652405
1.53893  0.000653083
1.54904  0.00065971
1.55914  0.000644207
1.56923  0.000657871
1.57926  0.000648879
1.58928  0.000647788
1.59939  0.000660411
1.60945  0.00065682
1.61955  0.000653742
1.62967  0.00065756
1.63967  0.000656679
1.64973  0.0006576
1.65987  0.000658192
1.66994  0.000668261
1.68005  0.000654476
1.69016  0.000667918
1.70023  0.000661421
1.7103  0.000660695
1.7204  0.000659581
1.73038  0.000666917
1.74049  0.000661989
1.75055  0.000663147
1.76062  0.000671869
1.77071  0.00066474
1.78084  0.000670383
1.79086  0.000666903
1.80141  0.000729142
1.81195  0.000671183
1.82205  0.000677319
1.83216  0.000663281
1.84227  0.000686034
1.85239  0.000668539
1.86243  0.000672604
1.87252  0.000672518
1.88258  0.000680805
1.8927  0.000670266
1.90278  0.000689898
1.91292  0.000665428
1.92287  0.000677953
1.93298  0.000676301
1.94302  0.000686794
1.95319  0.000675191
1.96319  0.00068643
1.9738  0.000735715
1.98419  0.000684022
1.99484  0.000751033
2.00535  0.000678843
2.01549  0.000691469
2.02546  0.000675916
2.03564  0.000693411
2.0456  0.000678468
2.05573  0.000694069
2.06578  0.000681546
2.07636  0.000760262
2.08673  0.000667763
2.09739  0.000779687
2.1085  0.000749635
2.11907  0.000704696
2.12926  0.000682394
2.13928  0.000709866
2.14945  0.000680972
2.15949  0.000707401
2.16959  0.000679994
2.17959  0.000709601
2.18976  0.000682157
2.19978  0.000718799
2.20997  0.000679351
2.21994  0.00071369
2.23013  0.000688847
2.24013  0.000711434
2.25035  0.000693622
2.26031  0.000712233
2.27051  0.000686926
2.28048  0.000717231
2.29068  0.000696118
2.30065  0.000708288
2.3109  0.000705959
2.3209  0.000714622
2.33106  0.000686451
2.34096  0.00071768
2.35117  0.000702737
2.36113  0.000707197
2.37127  0.000700413
2.38122  0.00072035
2.39145  0.000699836
2.40144  0.000721324
2.41159  0.000699445
2.42154  0.000714962
2.4317  0.000705274
2.44167  0.000723302
2.45181  0.000691252
2.46171  0.000725559
2.47189  0.000707999
2.48187  0.00071469
2.49197  0.000708391
2.50197  0.000725772
2.51215  0.00070784
2.52217  0.000727462
2.53231  0.000707921
2.54233  0.000727775
2.55253  0.000719188
2.56255  0.000718563
2.57269  0.000719564
2.58276  0.000729084
2.59282  0.0007021
2.60283  0.000735369
2.61297  0.000715626
2.62298  0.000720642
2.63305  0.000718744
2.64311  0.000730895
2.65319  0.00071395
2.66325  0.000731976
2.67339  0.000727351
2.68348  0.000721204
2.6935  0.000726334
2.70366  0.000735841
2.71375  0.00071934
2.72384  0.000737093
2.73393  0.000723059
2.74403  0.000723643
2.75404  0.000735881
2.76424  0.000735604
2.77477  0.000785395
2.78574  0.000806667
2.79627  0.000723235
2.80646  0.000744016
2.81652  0.000725559
2.82662  0.000737853
2.83675  0.000727653
2.84684  0.000744836
2.85691  0.000721472
2.86707  0.000745409
2.87712  0.00073015
2.88724  0.000738836
2.89738  0.000730927
2.90746  0.00075095
2.91759  0.000721089
2.92776  0.000758613
2.93786  0.000723606
2.94794  0.00074563
2.95809  0.000729431
2.96813  0.000752972
2.97821  0.000711634
2.98829  0.000759907
2.99837  0.000724618
3.00841  0.000744354
3.01858  0.000733356
3.02856  0.00074906
3.03917  0.000788286
3.04963  0.000752304
3.05971  0.00073076
3.06982  0.000748904
3.08004  0.000743838
3.09007  0.000747907
3.10024  0.000726415
3.11028  0.000756597
3.1204  0.000733004
3.13044  0.000742898
3.14061  0.000744519
3.15063  0.000743972
3.16082  0.000739997
3.17093  0.000757136
3.18107  0.000737425
3.1916  0.000807969
3.20215  0.000744759
3.21215  0.000741277
3.2223  0.000736441
3.23234  0.00075443
3.24248  0.000735933
3.25253  0.000745604
3.26265  0.000746076
3.2727  0.000745513
3.28289  0.000738577
3.29293  0.000759502
3.3031  0.000736234
3.31313  0.000740623
3.32324  0.000749554
3.33321  0.000736626
3.34334  0.000737541
3.35333  0.000753131
3.36349  0.000735717
3.37349  0.000748872
3.38361  0.000738486
3.39358  0.000743576
3.40377  0.000742697
3.41377  0.000753086
3.42394  0.000737008
3.43397  0.000749379
3.4441  0.000737148
3.45409  0.000752128
3.46431  0.000740228
3.4743  0.000753363
3.48451  0.000734254
3.49452  0.000757605
3.50465  0.000727004
3.51466  0.000760506
3.52489  0.000737795
3.53485  0.000746994
3.545  0.000730809
3.55498  0.000759974
3.56517  0.00072993
3.57515  0.000749533
3.58535  0.000747215
3.59535  0.000742242
3.60607  0.00081502
3.61643  0.000733351
3.62653  0.000740498
3.63657  0.000747153
3.64668  0.000730932
3.65661  0.000744209
3.66689  0.00075058
3.67684  0.000738682
3.687  0.000733538
3.69707  0.000757794
3.70726  0.00073609
3.71722  0.000735478
3.72742  0.000747324
3.73738  0.000739018
3.74751  0.000726978
3.75754  0.000753463
3.76769  0.000737655
3.77765  0.000726162
3.78788  0.000758117
3.79791  0.000734715
3.80806  0.000731745
3.81814  0.000752996
3.82827  0.000733705
3.83826  0.000725526
3.84842  0.000749908
3.85846  0.00073636
3.86854  0.000721924
3.8786  0.000749702
3.88865  0.00072685
3.8987  0.000731408
3.9089  0.000749675
3.91895  0.000730191
3.92897  0.000718586
3.93909  0.000752764
3.94917  0.000727066
3.95929  0.000730574
3.96935  0.000735667
3.97941  0.000730614
3.98941  0.000717965
3.99957  0.000749334
4.0096  0.000720336
4.01976  0.000735343
4.02987  0.000737229
4.03999  0.000729416
4.05002  0.000715692
4.06021  0.000751712
4.0702  0.00070685
4.08029  0.000731292
4.09031  0.000724536
4.10046  0.00073638
4.1105  0.000706815
4.12064  0.000748233
4.13064  0.000701499
4.1407  0.00073196
4.15072  0.0007116
4.16073  0.000724105
4.17077  0.000713231
4.18095  0.000742227
4.19098  0.000699665
4.20106  0.000735755
4.21108  0.000698535
4.22113  0.000732801
4.23124  0.000705298
4.24128  0.000734053
4.25132  0.00068894
4.26135  0.000737831
4.27143  0.000693059
4.28145  0.000731905
4.29154  0.000694922
4.30156  0.000730956
4.31168  0.000693175
4.32176  0.000737887
4.33247  0.00076815
4.343  0.000729797
4.35319  0.000691001
4.36312  0.000727526
4.37343  0.000695382
4.38341  0.000734764
4.39366  0.000682511
4.40358  0.000721139
4.41368  0.000681313
4.42358  0.000723154
4.43391  0.000691365
4.44381  0.000720194
4.45405  0.000685131
4.46395  0.000708889
4.47406  0.000683249
4.48394  0.000709736
4.49425  0.000690754
4.50413  0.000712734
4.51441  0.000686985
4.5244  0.000704226
4.53458  0.000694363
4.54449  0.000691068
4.55474  0.000691889
4.56468  0.000706832
4.57505  0.000693453
4.58504  0.000690259
4.59517  0.000689091
4.60513  0.000689013
4.61538  0.000688159
4.62524  0.000686116
4.63548  0.00068653
4.64549  0.00068719
4.65561  0.000684467
4.66561  0.000678757
4.67582  0.000688617
4.68569  0.000675215
4.6959  0.000679107
4.70584  0.000675817
4.71596  0.000685506
4.72607  0.000678982
4.73625  0.00067599
4.7461  0.000668963
4.75628  0.000672796
4.76634  0.000684869
4.77648  0.000668682
4.78653  0.000674607
4.79672  0.000670817
4.8066  0.000662888
4.81674  0.000664639
4.82677  0.000674807
4.83685  0.000657448
4.84692  0.00067214
4.85706  0.000663915
4.86707  0.000662401
4.87728  0.000665574
4.88738  0.000671913
4.89748  0.00065018
4.90809  0.000734158
4.9187  0.000650534
4.9287  0.000659268
4.9389  0.000659699
4.94892  0.000651275
4.95897  0.000648659
4.96903  0.000653646
4.97911  0.000648846
4.98916  0.000653371
4.99942  0.000659475
5.00955  0.000653658
5.01966  0.000634162
5.02968  0.000655545
5.04043  0.000718726
5.05104  0.000634309
5.06112  0.00064516
5.0712  0.000646094
5.08128  0.000622053
5.09126  0.000650319
5.10149  0.000639116
5.11151  0.00062878
5.12156  0.000627555
5.1316  0.00064533
5.14177  0.000616834
5.15171  0.000643061
5.16188  0.000615843
5.17184  0.000629773
5.18195  0.000625373
5.192  0.000634256
5.20218  0.00060882
5.2122  0.00064924
5.22252  0.000608419
5.23245  0.000623806
5.24256  0.000612668
5.25256  0.000629127
5.26276  0.000597089
5.27262  0.000629404
5.28284  0.000599047
5.2928  0.000624919
5.30299  0.000605488
5.31306  0.000625932
5.32327  0.000586274
5.3337  0.000696891
5.34464  0.000598105
5.35456  0.000609617
5.36478  0.00060141
5.37476  0.000607901
5.38503  0.000592176
5.39484  0.000605467
5.40509  0.000583631
5.41496  0.000602521
5.42525  0.000603503
5.43528  0.000589487
5.44543  0.00058508
5.45531  0.000600692
5.46565  0.000583534
5.4755  0.00058552
5.48572  0.000595009
5.49577  0.000582279
5.50594  0.000579562
5.51584  0.000593018
5.52621  0.000576304
5.53608  0.000572376
5.54623  0.000590681
5.55628  0.000566385
5.56639  0.000574426
5.57629  0.000575844
5.5866  0.00057423
5.5965  0.000567227
5.60668  0.000573812
5.61672  0.000568174
5.6269  0.000563276
5.63679  0.000568232
5.64701  0.000557589
5.65689  0.000560993
5.66716  0.000573023
5.67723  0.000557796
5.68738  0.0005565
5.69733  0.000561597
5.70767  0.000553722
5.71748  0.000550251
5.7277  0.000558939
5.73777  0.000548816
5.74792  0.000549277
5.75788  0.000548962
5.7681  0.000545541
5.778  0.000540003
5.78826  0.000556689
5.79828  0.000530942
5.80835  0.000540166
5.81832  0.00054013
5.82862  0.000546102
5.83859  0.00052555
5.84874  0.000545635
5.85883  0.000527197
5.86892  0.000533445
5.87897  0.000526441
5.88913  0.000536121
5.89909  0.000516427
5.90927  0.000536349
5.91935  0.000516783
5.92939  0.000523224
5.93947  0.000520616
5.94963  0.000526269
5.95964  0.000506768
5.96967  0.000520689
5.97983  0.000516746
5.9899  0.000512697
5.99996  0.00050896
6.01007  0.000512575
6.02009  0.00050785
6.0302  0.000504998
6.04026  0.000505407
6.05027  0.000500234
6.06084  0.000554815
6.07145  0.000500783
6.08153  0.000501437
6.09161  0.000493176
6.10171  0.000508764
6.11186  0.000481787
6.12181  0.000503089
6.13203  0.000487245
6.14204  0.000494107
6.15219  0.000483569
6.16219  0.00049977
6.17231  0.000464424
6.18227  0.000500823
6.19257  0.000480853
6.20253  0.000482462
6.21267  0.000470108
6.22263  0.000490605
6.23282  0.000458838
6.24267  0.000482522
6.25292  0.000472804
6.26285  0.00046828
6.27296  0.000463681
6.28304  0.000487379
6.29326  0.000448888
6.30316  0.00047479
6.31342  0.000464137
6.32335  0.000460534
6.33353  0.000458054
6.34359  0.000470574
6.3538  0.000447706
6.36371  0.00045966
6.37398  0.000460312
6.384  0.000448584
6.39413  0.000449707
6.4042  0.000460309
6.41441  0.000440312
6.42485  0.000493788
6.4355  0.000441309
6.44545  0.000442723
6.45568  0.000447379
6.4657  0.000436877
6.47585  0.000440229
6.48583  0.00043678
6.49602  0.000434455
6.50606  0.000440193
6.51625  0.000428423
6.52624  0.00043734
6.5364  0.0004209
6.54632  0.000430726
6.55661  0.00042853
6.5671  0.000466891
6.57774  0.000422516
6.58778  0.000426527
6.59803  0.000419721
6.60786  0.000410241
6.61812  0.000424547
6.62811  0.000416344
6.63826  0.000407466
6.64823  0.000415777
6.65854  0.000422415
6.66857  0.000400364
6.67883  0.000421128
6.6889  0.000404416
6.69898  0.000400555
6.709  0.000403957
6.71926  0.000409163
6.72913  0.00038995
6.73933  0.000407931
6.74938  0.000390434
6.75939  0.000394604
6.7695  0.000397416
6.77964  0.000398689
6.78958  0.000379152
6.7998  0.000402827
6.80996  0.000386825
6.82002  0.000387331
6.83011  0.00038582
6.84035  0.000392338
6.85032  0.000370683
6.86049  0.000391734
6.87064  0.000375017
6.88067  0.000380287
6.89126  0.000408601
6.90183  0.000381467
6.91187  0.0003617
6.92201  0.000381252
6.93211  0.00036664
6.94216  0.000368656
6.95226  0.000367447
6.96238  0.000366823
6.97236  0.00035478
6.9825  0.000373071
6.99255  0.000351212
7.0025  0.000359962
7.01266  0.000359275
7.02285  0.000361625
7.03329  0.00038006
7.04399  0.00036577
7.05415  0.00034481
7.06418  0.000353405
7.07427  0.000348272
7.08443  0.000350616
7.09451  0.000339663
7.10503  0.000382775
7.11568  0.000341545
7.12576  0.000342405
7.13585  0.000338637
7.14604  0.000345489
7.15611  0.000329644
7.16612  0.000339298
7.17635  0.000334717
7.18641  0.000331832
7.19645  0.000328813
7.20655  0.000332679
7.21657  0.000318356
7.22662  0.000334323
7.23686  0.00032693
7.24687  0.000320245
7.25689  0.000320372
7.26696  0.000318184
7.27693  0.00031729
7.28709  0.000325003
7.29739  0.00032078
7.3074  0.000307718
7.31737  0.000316395
7.32759  0.000314371
7.33755  0.000307203
7.34768  0.000311279
7.3578  0.000305197
7.36776  0.000305714
7.37774  0.000305482
7.38801  0.000305342
7.39801  0.000302374
7.40818  0.000305286
7.41874  0.000322817
7.42929  0.000301426
7.43975  0.000320495
7.45048  0.000303302
7.46052  0.000287552
7.47054  0.000297506
7.48119  0.000310553
7.49164  0.000300499
7.50173  0.000280997
7.51189  0.000291731
7.52199  0.000281814
7.53191  0.000288385
7.54212  0.00027772
7.55212  0.000289454
7.56227  0.000272303
7.57234  0.000287129
7.58249  0.000271034
7.59235  0.00028366
7.6027  0.000268348
7.61261  0.000279002
7.62276  0.000266211
7.63322  0.000304891
7.64403  0.00026923
7.65395  0.000271799
7.66482  0.000289998
7.67506  0.000267928
7.68539  0.000265902
7.69536  0.000263458
7.70619  0.000292273
7.71648  0.000254705
7.7269  0.000267117
7.73677  0.000253882
7.74744  0.00028553
7.75787  0.000249873
7.76815  0.000263284
7.77808  0.00024315
7.78832  0.000264477
7.79835  0.000245159
7.8085  0.000251789
7.81845  0.000241654
7.82871  0.000257652
7.8386  0.000237692
7.84884  0.000251415
7.85889  0.000238868
7.86899  0.000246395
7.87902  0.000237496
7.88932  0.000250853
7.89981  0.000248062
7.91035  0.000248898
7.92058  0.000231146
7.93067  0.000240689
7.9407  0.000226924
7.95122  0.000259315
7.96182  0.000227273
7.97194  0.000237112
7.98217  0.000226102
7.99214  0.000229391
8.00231  0.000223152
8.01236  0.000232196
8.02252  0.000215923
8.03296  0.000247153
8.04352  0.000218843
8.05363  0.000226051
8.0638  0.000215322
8.07385  0.000220546
8.08449  0.000237539
8.09505  0.000216647
8.10524  0.000213955
8.11518  0.000211482
8.12531  0.000212472
8.13541  0.000213281
8.14546  0.000206024
8.15556  0.000208606
8.16568  0.000213991
8.17638  0.000225996
8.18691  0.000200827
8.197  0.000205006
8.20702  0.000205516
8.21718  0.000199629
8.22723  0.000201592
8.23735  0.000199338
8.24736  0.000195505
8.2575  0.000201571
8.26798  0.000212265
8.2787  0.00019443
8.28867  0.000198209
8.29888  0.000190956
8.30891  0.000189603
8.31903  0.000194274
8.32903  0.00018747
8.33919  0.000187065
8.34915  0.000188544
8.35937  0.000188754
8.36948  0.000181444
8.37953  0.000188615
8.38997  0.000194704
8.40069  0.000185041
8.41068  0.000181342
8.42084  0.000182252
8.43102  0.000176093
8.44114  0.000184224
8.45124  0.000171293
8.46136  0.000179845
8.47136  0.000171291
8.48144  0.000177689
8.49165  0.000168785
8.50181  0.000180585
8.51184  0.000164546
8.52195  0.000171853
8.53205  0.000163927
8.5421  0.000177285
8.55237  0.000161947
8.56235  0.000168811
8.57252  0.00015904
8.58265  0.000173265
8.59275  0.00015652
8.60274  0.000167266
8.61306  0.000155635
8.62294  0.000161542
8.63353  0.000170914
8.64452  0.000179371
8.65535  0.000153519
8.66569  0.000172418
8.67654  0.000157016
8.6864  0.000148909
8.69654  0.00015527
8.70652  0.000151387
8.71675  0.00015237
8.72667  0.000147334
8.73694  0.000152142
8.74693  0.000147653
8.75715  0.000149175
8.76714  0.000147681
8.7775  0.000145315
8.78736  0.000142098
8.79764  0.0001509
8.8077  0.000138633
8.81778  0.00014477
8.82789  0.000138149
8.83812  0.00014219
8.84794  0.000140613
8.8582  0.000138933
8.86829  0.000135615
8.8788  0.000150049
8.88936  0.000137647
8.89958  0.000134762
8.90952  0.000134044
8.91979  0.000135975
8.92989  0.000128836
8.93984  0.000134324
8.95007  0.000131593
8.96027  0.000128818
8.97016  0.000131014
8.98042  0.000129603
8.99055  0.000122624
9.00045  0.000129668
9.01066  0.000126406
9.02075  0.000124584
9.03128  0.000136182
9.04207  0.000124787
9.05212  0.000120343
9.06206  0.000125027
9.07229  0.000121357
9.08239  0.000115798
9.09232  0.000121765
9.10299  0.000129033
9.11369  0.000120622
9.12353  0.000115225
9.13375  0.00011548
9.14392  0.000117426
9.15428  0.000125321
9.16503  0.000113651
9.17524  0.000116892
9.18526  0.000109467
9.19534  0.000111906
9.20565  0.000113608
9.21561  0.000108537
9.22565  0.000109265
9.23588  0.000111419
9.2459  0.000104067
9.25602  0.000107917
9.26633  0.000111556
9.27619  0.000103726
9.28648  0.000104548
9.29661  0.000106219
9.3067  0.000101557
9.3167  0.000106482
9.32693  9.98519e-05
9.33681  9.93848e-05
9.34704  0.000102771
9.35711  0.000100951
9.36732  9.88044e-05
9.37779  0.000110537
9.38863  9.64592e-05
9.39902  0.000108525
9.40981  9.7325e-05
9.41975  9.50858e-05
9.43006  9.58093e-05
9.43997  9.47062e-05
9.45064  0.00010309
9.46114  9.12781e-05
9.47141  9.69359e-05
9.48144  8.94671e-05
9.49158  9.35247e-05
9.50161  8.82427e-05
9.51186  9.14228e-05
9.5218  8.78041e-05
9.53197  9.25354e-05
9.54209  8.43429e-05
9.55215  8.91416e-05
9.5622  8.71977e-05
9.57229  8.7634e-05
9.58236  8.16316e-05
9.59251  8.9093e-05
9.60264  8.29083e-05
9.61264  8.42015e-05
9.62274  8.27618e-05
9.63287  8.35238e-05
9.64307  8.16557e-05
9.65304  8.44713e-05
9.66331  7.76306e-05
9.67326  8.08836e-05
9.68342  7.99505e-05
9.69343  7.9074e-05
9.70367  7.85076e-05
9.71368  7.95087e-05
9.72393  7.62441e-05
9.73376  7.75046e-05
9.74411  7.58101e-05
9.75401  7.46393e-05
9.76426  7.71528e-05
9.77469  8.23615e-05
9.78552  7.34043e-05
9.79534  7.24629e-05
9.80614  8.215e-05
9.81666  7.06328e-05
9.8268  7.42695e-05
9.8368  6.81203e-05
9.84764  8.03921e-05
9.85816  7.01862e-05
9.86838  7.07712e-05
9.87898  7.43567e-05
9.88953  6.9086e-05
9.89955  6.70116e-05
9.90975  6.98557e-05
9.91982  6.43656e-05
9.92996  6.8877e-05
9.94065  7.20763e-05
9.95109  6.59985e-05
9.96125  6.37101e-05
9.97145  6.57522e-05
9.98143  6.37554e-05
9.99154  6.52185e-05
10.0019  6.1066e-05
10.0117  6.20685e-05
10.0218  6.25013e-05
10.0319  6.49843e-05
10.0421  5.68228e-05
10.0521  6.12163e-05
10.0624  6.26301e-05
10.0723  5.78265e-05
10.0825  5.97791e-05
10.0926  5.9999e-05
10.1028  5.70634e-05
10.1128  5.8525e-05
10.1233  5.9995e-05
10.1331  5.56745e-05
10.1439  6.30015e-05
10.1544  5.53204e-05
10.1646  5.56468e-05
10.1751  5.91693e-05
10.1855  5.63762e-05
10.1957  5.24577e-05
10.2058  5.58051e-05
10.2159  5.19166e-05
10.2261  5.37856e-05
10.2361  5.41104e-05
10.2466  5.26198e-05
10.2566  4.97415e-05
10.2667  5.24842e-05
10.2768  5.08731e-05
10.2872  5.72176e-05
10.2979  4.91582e-05
10.3083  4.96226e-05
10.319  5.41567e-05
10.3294  5.165e-05
10.3397  4.68655e-05
10.3499  4.68993e-05
10.3599  5.00564e-05
10.3702  4.79302e-05
10.3805  4.62158e-05
10.3905  4.7861e-05
10.4012  4.95342e-05
10.4121  4.82319e-05
10.4226  4.69306e-05
10.4329  4.57265e-05
10.4431  4.33251e-05
10.4528  4.49261e-05
10.4633  4.45009e-05
10.4735  4.2156e-05
10.4833  4.40986e-05
10.4936  4.33707e-05
10.5037  4.20583e-05
10.5137  4.12308e-05
10.5241  4.25752e-05
10.5341  4.2329e-05
10.544  4.03587e-05
10.5544  4.06447e-05
10.5645  4.06068e-05
10.575  4.33724e-05
10.5857  4.08892e-05
10.5959  4.05207e-05
10.606  3.66643e-05
10.6164  4.03845e-05
10.6264  3.98106e-05
10.6365  3.67361e-05
10.6467  3.79447e-05
10.6568  3.77782e-05
10.6667  3.61861e-05
10.6771  3.75812e-05
10.6871  3.64752e-05
10.6973  3.63199e-05
10.7074  3.70463e-05
10.7177  3.47319e-05
10.7277  3.37239e-05
10.738  3.66794e-05
10.7479  3.47654e-05
10.7581  3.4585e-05
10.7683  3.33446e-05
10.7787  3.5263e-05
10.789  3.4963e-05
10.7997  3.46257e-05
10.8097  3.15894e-05
10.82  3.30006e-05
10.8302  3.31082e-05
10.8405  3.27546e-05
10.8504  3.00849e-05
10.8608  3.34519e-05
10.8706  2.92331e-05
10.8809  3.15989e-05
10.891  3.07909e-05
10.9011  3.02903e-05
10.9111  2.85484e-05
10.9215  3.25088e-05
10.9314  2.75188e-05
10.9415  3.02682e-05
10.9516  2.82379e-05
10.9616  2.94334e-05
10.9723  3.07619e-05
10.9831  2.87981e-05
10.9934  2.76468e-05
11.0034  2.95193e-05
11.0136  2.66109e-05
11.0238  2.71456e-05
11.034  2.67835e-05
11.044  2.82584e-05
11.0543  2.53414e-05
11.0644  2.71643e-05
11.0746  2.53686e-05
11.0849  2.63993e-05
11.0949  2.56023e-05
11.1051  2.53776e-05
11.1158  2.71954e-05
11.126  2.58162e-05
11.137  2.61244e-05
11.1475  2.44514e-05
11.1577  2.51454e-05
11.168  2.40594e-05
11.1783  2.39257e-05
11.1882  2.32001e-05
11.1985  2.34041e-05
11.2087  2.30526e-05
11.2188  2.37765e-05
11.229  2.16058e-05
11.2391  2.30118e-05
11.2492  2.30664e-05
11.2596  2.18981e-05
11.2697  2.1176e-05
11.2797  2.2412e-05
11.2903  2.1402e-05
11.3007  2.41273e-05
11.3111  2.00218e-05
11.3212  2.06436e-05
11.3317  2.0845e-05
11.3414  2.07664e-05
11.3519  2.04264e-05
11.362  1.98978e-05
11.372  1.96484e-05
11.3822  2.00596e-05
11.3926  1.96498e-05
11.4024  1.8928e-05
11.4129  1.946e-05
11.4229  1.9656e-05
11.433  1.82811e-05
11.4431  1.87444e-05
11.4537  1.89579e-05
11.4635  1.78444e-05
11.4738  1.81485e-05
11.4839  1.76079e-05
11.494  1.78589e-05
11.5042  1.83175e-05
11.5144  1.72488e-05
11.5246  1.63722e-05
11.535  1.83317e-05
11.5451  1.69241e-05
11.5552  1.64365e-05
11.5655  1.67567e-05
11.5758  1.63405e-05
11.5859  1.59088e-05
11.5961  1.72192e-05
11.6067  1.59675e-05
11.6165  1.57686e-05
11.6269  1.53893e-05
11.6367  1.51396e-05
11.6471  1.5818e-05
11.6573  1.567e-05
11.6679  1.50401e-05
11.6777  1.4991e-05
11.6878  1.44499e-05
11.698  1.38456e-05
11.7085  1.57996e-05
11.7184  1.45856e-05
11.729  1.37785e-05
11.7389  1.31852e-05
11.7493  1.47826e-05
11.7592  1.42131e-05
11.7695  1.36429e-05
11.7794  1.29465e-05
11.7902  1.32867e-05
11.7998  1.35574e-05
11.8102  1.40073e-05
11.8205  1.16413e-05
11.8308  1.32116e-05
11.8405  1.28463e-05
11.8514  1.25846e-05
11.8611  1.24742e-05
11.8713  1.30153e-05
11.8817  1.11962e-05
11.892  1.2211e-05
11.9016  1.17907e-05
11.9123  1.26467e-05
11.9222  1.13221e-05
11.9324  1.18436e-05
11.9429  1.12558e-05
11.9532  1.18091e-05
11.9631  1.08997e-05
11.9738  1.19523e-05
11.9838  1.06595e-05
11.994  1.04656e-05
12.0045  1.09939e-05
12.0147  1.17774e-05
12.0249  9.82332e-06
12.0352  1.07699e-05
12.0453  9.78034e-06
12.0556  1.12061e-05
12.0659  9.96639e-06
12.0761  9.56627e-06
12.0861  9.86771e-06
12.0967  1.04317e-05
12.1071  1.00055e-05
12.1169  9.62518e-06
12.1275  9.21179e-06
12.1377  9.7397e-06
12.1479  9.4554e-06
12.1581  8.75393e-06
12.1683  9.55898e-06
12.1786  9.28662e-06
12.1886  8.67077e-06
12.199  8.4518e-06
12.2095  9.45011e-06
12.2196  8.41285e-06
12.2302  9.71862e-06
12.2412  8.35298e-06
12.2515  8.55168e-06
12.2619  8.45857e-06
12.2719  8.36131e-06
12.2824  8.28937e-06
12.2924  7.52599e-06
12.3027  7.89208e-06
12.3127  7.86911e-06
12.3232  7.93997e-06
12.3332  8.05517e-06
12.3437  7.66645e-06
12.354  7.47192e-06
12.3644  7.99651e-06
12.3741  6.74811e-06
12.3848  7.31494e-06
12.3949  7.61307e-06
12.4052  7.42411e-06
12.4155  6.73359e-06
12.4259  7.28832e-06
12.4362  6.81846e-06
12.4464  6.93045e-06
12.4561  6.2249e-06
12.4669  6.79251e-06
12.4769  7.04705e-06
12.487  6.74513e-06
12.4974  5.59736e-06
12.5074  6.04687e-06
12.5174  7.26219e-06
12.528  6.54824e-06
12.5382  5.39401e-06
12.5481  6.49347e-06
12.5587  5.71662e-06
12.5692  6.32486e-06
12.5792  6.00451e-06
12.5898  6.3135e-06
12.6002  5.56548e-06
12.6105  5.91905e-06
12.6211  5.82117e-06
12.6313  5.57792e-06
12.6418  5.94533e-06
12.6522  5.21191e-06
12.6625  5.473e-06
12.6722  5.23763e-06
12.6829  5.34783e-06
12.6935  5.36863e-06
12.7032  4.64177e-06
12.7135  5.2226e-06
12.724  5.66973e-06
12.7342  4.56513e-06
12.7448  5.52705e-06
12.7552  4.8155e-06
12.7653  4.8037e-06
12.7753  4.8016e-06
12.7859  4.79061e-06
12.7959  4.12189e-06
12.8065  5.01417e-06
12.8173  4.77145e-06
12.8274  4.77188e-06
12.8375  4.09835e-06
12.8474  4.54507e-06
12.8578  4.00471e-06
12.8684  4.67503e-06
12.8792  3.97601e-06
12.8892  4.41437e-06
12.899  4.29245e-06
12.9099  4.08506e-06
12.9204  4.12098e-06
12.9302  4.1544e-06
12.9412  3.91087e-06
12.9508  3.98067e-06
12.9613  3.54856e-06
12.9716  4.01103e-06
12.982  4.0828e-06
12.9925  3.82998e-06
13.0025  3.21786e-06
13.0127  3.93972e-06
13.0229  3.82391e-06
13.0334  3.43148e-06
13.044  3.39447e-06
13.0539  3.54141e-06
13.0643  3.25203e-06
13.0748  3.64352e-06
13.0848  3.61519e-06
13.0955  3.14108e-06
13.1058  3.25422e-06
13.1166  3.67538e-06
13.1272  3.26256e-06
13.1383  3.24522e-06
13.1484  3.14129e-06
13.1588  3.2167e-06
13.1695  3.19712e-06
13.1803  2.82667e-06
13.1904  2.87128e-06
13.2004  3.49501e-06
13.2111  2.3841e-06
13.2209  2.95165e-06
13.2314  2.91345e-06
13.2421  3.08242e-06
13.2523  2.58477e-06
13.2629  2.97084e-06
13.2735  2.62742e-06
13.2839  2.91438e-06
13.2947  2.36318e-06
13.3043  2.85697e-06
13.3155  2.53634e-06
13.3255  2.595e-06
13.336  2.52587e-06
13.3458  2.38668e-06
13.3564  2.34767e-06
13.3665  2.34687e-06
13.3774  2.5104e-06
13.3873  2.60202e-06
13.3983  2.45815e-06
13.4085  2.05866e-06
13.4192  2.26652e-06
13.43  2.53313e-06
13.4415  2.53437e-06
13.4518  2.2055e-06
13.4613  1.9955e-06
13.4724  2.01651e-06
13.483  2.39264e-06
13.4926  2.18597e-06
13.5034  1.99403e-06
13.514  1.85012e-06
13.5248  2.15329e-06
13.5351  1.94701e-06
13.5452  1.90596e-06
13.556  2.11091e-06
13.5671  2.03981e-06
13.5773  1.84073e-06
13.5872  1.99268e-06
13.5987  1.69061e-06
13.6093  1.97855e-06
13.6201  1.93516e-06
13.6311  1.91365e-06
13.6414  1.72736e-06
13.652  1.69258e-06
13.6627  1.8676e-06
13.6741  1.68069e-06
13.6846  1.61183e-06
13.695  1.77824e-06
13.7052  1.49317e-06
13.7156  1.53455e-06
13.7265  1.62211e-06
13.7365  1.61038e-06
13.7466  1.39315e-06
13.7565  1.77634e-06
13.7678  1.40282e-06
13.7782  1.28029e-06
13.7879  1.32696e-06
13.7991  1.78901e-06
13.8096  1.47543e-06
13.8197  1.27665e-06
13.8307  1.41838e-06
13.8413  1.54403e-06
13.8526  1.26174e-06
13.8622  1.3224e-06
13.8736  1.41364e-06
13.8835  1.3167e-06
13.8936  1.14042e-06
13.9044  1.27647e-06
13.9147  1.27351e-06
13.9251  1.254e-06
13.9366  1.27031e-06
13.9476  1.29275e-06
13.9583  1.26218e-06
13.9693  1.05126e-06
13.9804  1.26384e-06
13.9904  1.12009e-06
14.0012  1.16285e-06
14.0113  1.0245e-06
14.0224  1.23004e-06
14.0335  1.11388e-06
14.0448  1.09147e-06
14.0554  1.0922e-06
14.065  9.11984e-07
14.0749  9.46889e-07
14.0864  1.05308e-06
14.0971  1.03006e-06
14.1068  1.13353e-06
14.1181  9.36656e-07
14.1301  9.71673e-07
14.1399  9.60341e-07
14.1505  8.74536e-07
14.1616  9.14213e-07
14.1714  9.29999e-07
14.182  9.16449e-07
14.194  8.29006e-07
14.2052  9.97001e-07
14.2157  9.77182e-07
14.2278  8.74646e-07
14.2377  7.65087e-07
14.2483  7.04359e-07
14.2582  9.40249e-07
14.27  7.00227e-07
14.2795  6.50103e-07
14.2909  9.55773e-07
14.3019  9.57611e-07
14.3131  7.19164e-07
14.3238  6.40002e-07
14.3338  7.49585e-07
14.3447  5.66711e-07
14.3554  8.08117e-07
14.3657  6.55248e-07
14.3765  8.51673e-07
14.3876  5.86428e-07
14.3973  6.98082e-07
14.4094  6.61009e-07
14.4193  7.46523e-07
14.4311  5.50674e-07
14.4409  6.30628e-07
14.4516  5.79151e-07
14.4617  6.4944e-07
14.4727  6.1484e-07
14.4826  5.82142e-07
14.4932  6.21288e-07
14.5033  5.25577e-07
14.514  5.19077e-07
14.5233  5.62624e-07
14.5349  5.76245e-07
14.5456  5.74096e-07
14.556  4.36061e-07
14.5657  5.94984e-07
14.576  4.95038e-07
14.5871  4.77948e-07
14.598  6.52227e-07
14.6084  4.83856e-07
14.6193  4.34031e-07
14.6305  5.37291e-07
14.6414  5.19947e-07
14.6528  3.61216e-07
14.6632  5.42738e-07
14.6733  5.76871e-07
14.6844  2.82251e-07
14.6952  4.36309e-07
14.706  5.34196e-07
14.7173  4.90449e-07
14.7283  4.31842e-07
14.7399  5.04883e-07
14.7498  3.3079e-07
14.7602  3.77519e-07
14.771  3.5961e-07
14.7816  3.88225e-07
14.7917  4.87831e-07
14.8036  3.75334e-07
14.8136  3.56681e-07
14.8252  3.85111e-07
14.8356  3.21859e-07
14.8463  3.77428e-07
14.8577  4.25962e-07
14.8682  3.12274e-07
14.8785  3.21056e-07
14.8895  4.14041e-07
14.9003  3.06388e-07
14.9108  3.31685e-07
14.9208  2.78361e-07
14.9316  3.26835e-07
14.9436  3.72102e-07
14.9531  2.26002e-07
14.9643  3.75753e-07
14.9741  3.22129e-07
14.9848  2.58985e-07
14.995  2.23879e-07
15.0047  2.64718e-07
15.0146  3.12966e-07
15.0256  3.11186e-07
15.0362  2.40211e-07
15.0467  2.71283e-07
15.0582  1.66891e-07
15.0674  3.43153e-07
15.0786  2.38789e-07
15.0901  2.6898e-07
15.1003  2.55775e-07
15.1103  3.04464e-07
15.1214  2.26492e-07
15.1317  2.26256e-07
15.1428  2.34642e-07
15.1515  1.27074e-07
15.1624  3.1363e-07
15.1738  2.46992e-07
15.185  1.55332e-07
15.1953  2.09454e-07
15.2059  2.50537e-07
15.2174  2.71886e-07
15.2272  2.0146e-07
15.238  1.98084e-07
15.2499  2.07288e-07
15.261  1.40672e-07
15.2701  2.30983e-07
15.2816  1.84092e-07
15.2914  1.8888e-07
15.3032  1.85863e-07
15.3142  2.43149e-07
15.3246  1.63283e-07
15.3374  1.34609e-07
15.3476  2.08014e-07
15.3596  2.17605e-07
15.3711  1.47997e-07
15.3837  2.17693e-07
15.3926  2.00146e-07
15.4046  9.44158e-08
15.4151  1.62302e-07
15.427  1.2764e-07
15.4367  1.70882e-07
15.4478  1.76052e-07
15.459  1.23585e-07
15.4694  1.27968e-07
15.4785  1.72889e-07
15.4918  1.34394e-07
15.5021  1.24193e-07
15.5118  1.39264e-07
15.5232  1.34655e-07
15.5331  1.78173e-07
15.544  1.20386e-07
15.5546  5.51858e-08
15.566  1.10512e-07
15.5757  1.90098e-07
15.5867  1.44412e-07
15.598  1.34565e-07
15.609  1.27311e-07
15.6194  9.91378e-08
15.6303  8.53169e-08
15.641  1.0455e-07
15.6515  8.82095e-08
15.6615  1.23679e-07
15.6725  8.85909e-08
15.6826  1.07907e-07
15.6944  1.27332e-07
15.7054  9.68781e-08
15.7174  1.43575e-07
15.7272  6.65043e-08
15.7367  6.77187e-08
15.7492  9.15385e-08
15.7578  1.02722e-07
15.7683  9.12871e-08
15.7803  9.3548e-08
15.7893  1.00241e-07
15.8003  7.91076e-08
15.8105  7.40781e-08
15.8221  1.02258e-07
15.8317  7.68758e-08
15.8451  9.71104e-08
15.854  5.70435e-08
15.8649  8.5467e-08
15.879  9.81155e-08
15.8876  7.56015e-08
15.8979  6.22278e-08
15.9093  4.46048e-08
15.9206  8.61113e-08
15.9328  7.50338e-08
15.9445  1.02225e-07
15.9538  8.80144e-08
15.9649  5.61486e-08
15.9759  5.14854e-08
15.987  6.0781e-08
15.9986  6.90268e-08
16.0093  4.84047e-08
16.0212  6.49242e-08
16.0314  7.38622e-08
16.0412  4.06137e-08
16.0519  5.6859e-08
16.0643  4.63878e-08
16.0743  8.47914e-08
16.0845  6.10855e-08
16.0974  4.71588e-08
16.1072  8.60178e-08
16.1215  4.88392e-08
16.1333  3.87338e-08
16.1423  3.97331e-08
16.1534  4.26654e-08
16.1615  3.62987e-08
16.1746  5.54653e-08
16.1853  6.24375e-08
16.1957  6.07721e-08
16.2088  5.4523e-08
16.2199  5.58791e-08
16.2318  4.43894e-08
16.2415  2.5993e-08
16.2517  5.84359e-08
16.2642  4.36692e-08
16.2785  1.53168e-08
16.2874  4.46491e-08
16.299  5.8633e-08
16.31  2.50808e-08
16.3207  4.61515e-08
16.3296  5.03885e-08
16.3419  1.27871e-08
16.3515  3.0609e-08
16.3627  3.89379e-08
16.375  2.66603e-08
16.3832  4.73821e-08
16.3976  3.36381e-08
16.4064  2.6519e-08
16.4185  2.82205e-08
16.4301  3.57453e-08
16.4413  5.0572e-08
16.4522  3.82491e-08
16.4652  8.30515e-09
16.4744  4.69498e-08
16.4864  2.88812e-08
16.4973  2.92861e-08
16.5076  1.58185e-08
16.5187  3.69672e-08
16.5321  1.73655e-08
16.5414  1.33288e-08
16.5538  2.4463e-08
16.5661  4.31495e-08
16.5795  3.08229e-08
16.5904  2.86926e-08
16.6048  4.53384e-08
16.6175  7.24937e-09
16.6268  1.45011e-08
16.6375  3.28236e-08
16.6496  7.28599e-09
16.6603  3.76638e-08
16.673  2.06768e-08
16.6837  2.2082e-08
16.6949  3.42002e-08
16.7054  6.22483e-09
16.7163  1.3193e-08
16.7295  1.68301e-08
16.7409  7.73868e-09
16.75  3.63243e-08
16.761  1.92068e-08
16.77  2.3486e-09
16.7836  1.01138e-08
16.7933  4.3809e-08
16.8065  1.75532e-08
16.8212  1.98433e-08
16.8282  1.24052e-08
16.841  1.99527e-08
16.8573  2.15137e-08
16.8688  1.11753e-08
16.8833  2.18277e-08
16.8976  1.21399e-08
16.9104  1.29279e-08
16.9218  1.58667e-08
16.9364  2.93314e-08
16.9517  6.54137e-09
16.9603  1.16151e-08
16.9756  2.27803e-08
16.9871  6.468e-09
17.0066  1.99617e-08
17.0176  1.45303e-08
17.0283  1.00326e-09
17.038  9.87782e-09
17.0491  2.31065e-08
17.0648  1.80649e-08
17.0766  4.46849e-09
17.0851  1.38713e-08
17.0991  1.19431e-08
17.1122  3.97253e-09
17.1214  8.91639e-09
17.1367  8.86248e-09
17.1528  4.19217e-10
17.1626  2.72632e-08
17.1717  9.50534e-09
17.1852  1.10517e-08
17.1971  8.12785e-09
17.2124  6.65293e-09
17.2336  7.44726e-09
17.2473  6.69001e-09
17.2571  8.85368e-09
17.2685  1.11636e-08
17.2845  8.0743e-09
17.2927  1.0414e-08
17.306  1.33027e-08
17.3231  1.07844e-08
17.3391  6.93643e-09
17.3542  2.21056e-09
17.3581  9.35393e-09
17.3772  1.74412e-09
17.3895  4.9558e-09
17.4002  5.54511e-09
17.4119  6.52397e-09
17.4239  4.06242e-09
17.4368  1.15271e-08
17.4502  4.84907e-09
17.4609  5.67877e-09
17.4725  7.44258e-09
17.49  5.13207e-09
17.5064  2.28727e-09
17.5101  6.05838e-09
17.5321  6.96395e-09
17.5436  9.60425e-09
17.5558  3.26366e-09
17.5662  3.51949e-09
17.5824  6.37925e-09
17.5979  2.46427e-09
17.6112  3.82035e-09
17.6231  3.93429e-09
17.6517  3.16251e-09
17.6627  9.94042e-09
17.6725  4.99439e-09
17.6925  8.64728e-09
17.713  1.34573e-09
17.7287  7.25463e-09
17.7445  6.81939e-10
17.7704  7.93841e-09
17.7857  3.60632e-09
17.8079  5.43885e-09
17.82  7.78146e-10
17.8354  4.46938e-10
17.8472  1.35219e-09
17.8571  4.09081e-09
17.8738  2.35419e-09
17.8831  5.16432e-09
17.8986  2.77955e-09
17.9141  5.90331e-09
17.9316  4.45285e-10
17.944  2.84849e-09
17.9687  3.74637e-09
17.9836  1.39698e-09
17.9952  2.35979e-09
18.0089  2.58027e-09
18.0372  1.75156e-09
18.0445  3.73522e-09
18.0605  1.87212e-09
18.0768  2.44005e-09
18.1033  1.5815e-09
18.114  3.52862e-10
18.1369  2.26014e-09
18.1462  3.19496e-09
18.1578  3.73596e-09
18.1762  1.93927e-09
18.215  3.27254e-10
18.2285  1.73491e-09
18.2684  4.47413e-09
18.2798  8.32706e-10
18.2996  2.46078e-09
18.3174  1.50057e-09
18.3387  1.4995e-09
18.3792  2.47507e-09
18.3923  3.41031e-10
18.4139  3.22823e-09
18.4529  3.21936e-10
18.4634  3.79054e-10
18.4866  1.80056e-09
18.509  2.5076e-10
18.5237  2.6014e-09
18.5434  9.19324e-10
18.5752  1.59713e-09
18.5893  3.32598e-10
18.6427  1.25668e-09
18.654  1.30278e-09
18.6648  3.88121e-10
18.709  7.5306e-10
18.7497  1.16953e-09
18.7625  1.40895e-09
18.7844  1.20361e-09
18.8332  3.36757e-10
18.8759  4.50367e-10
18.9196  6.17949e-10
18.9468  1.08693e-09
18.985  1.17855e-09
19.0247  9.92048e-10
19.1324  1.25378e-09
19.1491  2.18876e-10
19.2485  2.99195e-10
19.2609  4.61113e-10
19.3565  8.02066e-10
19.3929  4.36063e-10
19.5207  1.48957e-10
19.5525  2.58781e-10
19.6325  6.27623e-10
19.7398  2.2829e-10
19.9623  1.90959e-10
20.004  2.13565e-10
20.2382  1.49427e-10
20.6098  1.01693e-10
