-20.6329  1.31854e-10
-20.2572  1.88512e-10
-20.0158  2.82398e-10
-19.9813  2.37855e-10
-19.7645  2.67537e-10
-19.64  8.0749e-10
-19.5872  2.93017e-10
-19.5438  1.93136e-10
-19.4296  3.41624e-10
-19.3986  2.01608e-10
-19.3642  1.01885e-09
-19.2879  3.56563e-10
-19.2642  5.77234e-10
-19.1672  6.26605e-10
-19.1473  1.14599e-09
-19.0597  3.98344e-10
-19.0228  8.64718e-10
-18.9884  1.45665e-09
-18.9686  1.61727e-09
-18.9266  4.13648e-10
-18.9037  2.21271e-10
-18.8922  3.48403e-10
-18.8722  3.98372e-10
-18.8124  1.46334e-09
-18.7862  3.86927e-10
-18.7716  1.63842e-09
-18.747  1.09106e-09
-18.7102  1.3377e-09
-18.6717  1.91921e-09
-18.6471  1.23629e-09
-18.6291  3.93705e-10
-18.5943  1.79447e-09
-18.5511  3.10322e-09
-18.5297  1.54356e-09
-18.4956  2.87793e-09
-18.4393  3.87745e-09
-18.431  4.07589e-10
-18.3711  3.54108e-09
-18.3494  2.89528e-09
-18.3405  5.00401e-10
-18.3162  3.0012e-09
-18.2935  2.65753e-09
-18.2758  3.24418e-09
-18.2534  2.56723e-09
-18.1956  2.49099e-09
-18.1722  4.64928e-09
-18.1572  6.14884e-09
-18.1423  4.16111e-10
-18.0983  4.94745e-09
-18.0878  1.79366e-09
-18.0762  7.54401e-10
-18.0633  4.23107e-09
-18.0536  1.63558e-09
-18.0382  8.94561e-10
-18.0164  4.44162e-09
-17.9947  2.69204e-09
-17.9744  6.59047e-09
-17.9426  5.24278e-09
-17.9301  4.2689e-09
-17.9108  1.35509e-09
-17.8976  5.37115e-09
-17.8784  1.08701e-08
-17.8579  4.91725e-10
-17.8445  4.04981e-10
-17.8213  6.6465e-09
-17.8119  2.16494e-09
-17.7984  5.46859e-09
-17.7896  3.80408e-09
-17.7778  2.7531e-09
-17.7664  3.67813e-09
-17.7526  1.80469e-09
-17.7233  7.05683e-09
-17.7121  2.5644e-09
-17.6977  1.10586e-08
-17.68  1.05727e-08
-17.6627  2.82838e-09
-17.6579  1.59815e-09
-17.6394  2.18265e-09
-17.6342  6.09837e-09
-17.6236  5.35358e-09
-17.6061  5.44379e-09
-17.6014  2.74737e-09
-17.577  7.45906e-09
-17.5662  3.04796e-09
-17.556  8.78106e-09
-17.5435  6.61123e-09
-17.5286  2.75109e-09
-17.5175  3.02332e-09
-17.5038  1.30346e-08
-17.4994  2.33602e-09
-17.4808  1.04547e-08
-17.4686  7.00719e-09
-17.4595  2.71524e-09
-17.4461  1.23767e-08
-17.4368  6.73003e-09
-17.4212  4.26664e-09
-17.4017  1.34665e-08
-17.39  6.14482e-09
-17.3754  4.55858e-09
-17.3559  1.05093e-08
-17.3463  7.5512e-09
-17.3259  2.03558e-08
-17.3114  5.69211e-09
-17.3003  1.20426e-08
-17.2836  1.8016e-08
-17.2687  4.52238e-09
-17.2591  1.45187e-08
-17.2393  7.8008e-09
-17.2249  1.62786e-08
-17.2066  1.2401e-08
-17.1985  4.32943e-09
-17.1846  1.47713e-08
-17.1719  2.09715e-08
-17.1634  6.32521e-09
-17.1469  2.04647e-08
-17.1348  2.27489e-09
-17.1224  4.6424e-09
-17.1052  1.84641e-08
-17.0958  1.08488e-08
-17.0809  1.77125e-08
-17.0704  2.10608e-08
-17.063  7.73311e-09
-17.0503  1.21334e-08
-17.0415  1.01488e-08
-17.0271  1.10682e-08
-17.0146  1.73347e-08
-17.0039  2.43621e-08
-16.9894  1.26655e-08
-16.978  1.76309e-08
-16.9617  2.05499e-08
-16.9495  2.42022e-08
-16.9404  3.06411e-09
-16.9279  1.55114e-08
-16.9116  9.10233e-09
-16.9025  2.33628e-08
-16.8896  2.87511e-08
-16.8826  2.06838e-08
-16.8697  1.02088e-08
-16.856  2.14625e-08
-16.8489  1.15305e-08
-16.8322  1.87787e-08
-16.8212  2.82157e-08
-16.8089  2.53273e-08
-16.7981  2.02146e-08
-16.7856  2.76053e-08
-16.7721  3.59638e-08
-16.7627  1.46246e-08
-16.7524  8.03422e-09
-16.7414  2.10519e-08
-16.7279  2.54995e-08
-16.7154  1.34818e-08
-16.704  4.65512e-08
-16.6883  1.81075e-08
-16.6796  3.89687e-08
-16.6697  2.30064e-08
-16.6556  1.53274e-08
-16.6417  2.32203e-08
-16.6306  2.24843e-08
-16.6199  4.32925e-08
-16.6076  4.86498e-08
-16.5912  4.69829e-08
-16.5821  3.35119e-08
-16.5692  1.58839e-08
-16.5517  1.8442e-08
-16.5449  1.8645e-08
-16.5307  5.74298e-08
-16.5196  3.48257e-08
-16.5082  3.26905e-08
-16.4977  2.55379e-08
-16.4839  5.01651e-08
-16.4743  3.35634e-08
-16.4638  2.63193e-08
-16.4544  2.86705e-08
-16.4413  3.90243e-08
-16.4289  5.65996e-08
-16.4166  3.65201e-08
-16.4079  5.04983e-08
-16.3957  2.32175e-08
-16.3849  3.95994e-08
-16.3754  2.64225e-08
-16.3628  5.12457e-08
-16.3514  6.95248e-08
-16.339  3.72129e-08
-16.328  3.8505e-08
-16.3166  2.81349e-08
-16.3066  6.50591e-08
-16.2944  3.4212e-08
-16.2817  5.96369e-08
-16.2709  4.28233e-08
-16.2611  4.1965e-08
-16.2491  4.30649e-08
-16.2376  8.05333e-08
-16.2271  4.41643e-08
-16.2131  8.22374e-08
-16.2025  7.09518e-08
-16.1927  4.24271e-08
-16.1801  3.35129e-08
-16.1684  6.97613e-08
-16.1566  4.53508e-08
-16.1486  7.37787e-08
-16.1348  5.01256e-08
-16.1244  8.1776e-08
-16.1127  5.7987e-08
-16.1018  6.3545e-08
-16.0888  1.01843e-07
-16.0789  5.09886e-08
-16.0685  4.6754e-08
-16.0576  1.06966e-07
-16.0471  5.01056e-08
-16.0326  7.74975e-08
-16.0205  5.83596e-08
-16.0086  8.61603e-08
-15.9994  4.10982e-08
-15.9868  9.26589e-08
-15.9767  1.02766e-07
-15.9662  9.19017e-08
-15.9542  7.88554e-08
-15.9448  6.53856e-08
-15.9343  9.15101e-08
-15.9225  4.86036e-08
-15.9122  9.75931e-08
-15.9014  9.40693e-08
-15.89  8.66391e-08
-15.878  1.21316e-07
-15.8671  7.61178e-08
-15.8568  1.09229e-07
-15.8434  6.28594e-08
-15.8338  8.16059e-08
-15.8247  7.70507e-08
-15.8141  1.29508e-07
-15.8038  1.09252e-07
-15.7932  1.32745e-07
-15.7827  9.27554e-08
-15.7725  8.91207e-08
-15.7602  9.50712e-08
-15.7501  1.05567e-07
-15.7379  1.10772e-07
-15.7287  1.32201e-07
-15.718  1.13703e-07
-15.7075  1.35095e-07
-15.6956  9.7686e-08
-15.6847  1.3703e-07
-15.6744  1.29836e-07
-15.6629  9.44026e-08
-15.6542  1.22187e-07
-15.6416  1.05505e-07
-15.6295  1.25491e-07
-15.6193  1.36726e-07
-15.6111  1.67105e-07
-15.5991  1.8105e-07
-15.5873  1.3757e-07
-15.577  9.13795e-08
-15.5657  1.4255e-07
-15.5555  1.74326e-07
-15.5442  1.85563e-07
-15.5339  9.28001e-08
-15.5236  1.6226e-07
-15.513  1.40929e-07
-15.5026  2.0068e-07
-15.4922  1.85064e-07
-15.4798  1.78873e-07
-15.4698  1.14678e-07
-15.4593  1.24396e-07
-15.4471  1.61146e-07
-15.4368  2.47205e-07
-15.4251  1.34197e-07
-15.4155  2.4198e-07
-15.4056  1.53165e-07
-15.3948  1.93887e-07
-15.3844  2.32926e-07
-15.3725  1.4445e-07
-15.3643  1.15641e-07
-15.3517  2.02378e-07
-15.3406  2.33324e-07
-15.3298  2.36811e-07
-15.3193  2.25803e-07
-15.3099  1.77766e-07
-15.298  1.95961e-07
-15.287  2.30509e-07
-15.2778  2.22381e-07
-15.2655  1.98504e-07
-15.2558  2.46281e-07
-15.245  2.68428e-07
-15.2337  2.38599e-07
-15.2225  2.91502e-07
-15.214  1.51968e-07
-15.2038  2.13171e-07
-15.1918  2.26779e-07
-15.183  3.03787e-07
-15.1708  2.56217e-07
-15.1594  2.37169e-07
-15.1494  2.6385e-07
-15.139  3.15572e-07
-15.1296  2.47413e-07
-15.1193  2.67997e-07
-15.1077  3.54836e-07
-15.0966  2.51748e-07
-15.0851  2.94629e-07
-15.0742  3.0901e-07
-15.0629  3.90057e-07
-15.052  1.94891e-07
-15.0414  3.42984e-07
-15.0312  3.4358e-07
-15.0184  2.77278e-07
-15.0108  3.17897e-07
-14.9997  3.71276e-07
-14.9891  2.92896e-07
-14.9794  2.62088e-07
-14.9688  3.33854e-07
-14.9573  4.38969e-07
-14.9462  3.79343e-07
-14.9361  2.82121e-07
-14.9261  3.9543e-07
-14.915  4.31268e-07
-14.9044  2.58352e-07
-14.8933  4.26716e-07
-14.8834  4.36606e-07
-14.8735  3.16249e-07
-14.8622  4.22138e-07
-14.8527  4.37497e-07
-14.8417  3.79095e-07
-14.8307  3.13727e-07
-14.8207  3.89322e-07
-14.8111  4.86554e-07
-14.8006  4.60041e-07
-14.7891  4.65975e-07
-14.7781  3.88955e-07
-14.7669  5.52423e-07
-14.7553  5.04702e-07
-14.7448  4.68691e-07
-14.7359  4.02651e-07
-14.7248  4.37319e-07
-14.7134  5.05866e-07
-14.7043  4.06457e-07
-14.694  6.23515e-07
-14.6823  6.27897e-07
-14.6724  3.40004e-07
-14.6619  5.39968e-07
-14.6522  3.84641e-07
-14.6409  5.67312e-07
-14.6312  5.48855e-07
-14.6201  6.90863e-07
-14.609  5.6883e-07
-14.5982  5.30035e-07
-14.5876  6.12758e-07
-14.5773  6.72487e-07
-14.5669  5.47833e-07
-14.5553  4.76459e-07
-14.546  5.17308e-07
-14.5359  6.93877e-07
-14.5249  6.74177e-07
-14.5152  7.0132e-07
-14.504  5.84128e-07
-14.4942  6.39519e-07
-14.4833  6.17508e-07
-14.4738  5.8189e-07
-14.463  8.33333e-07
-14.4519  7.58333e-07
-14.4407  5.63381e-07
-14.4308  7.44938e-07
-14.4197  8.91484e-07
-14.4089  6.6297e-07
-14.3987  7.60136e-07
-14.3887  8.49028e-07
-14.3771  6.8282e-07
-14.3664  6.10969e-07
-14.3573  7.63186e-07
-14.3456  9.05244e-07
-14.3351  7.50717e-07
-14.3247  1.02165e-06
-14.3142  7.19456e-07
-14.304  9.93369e-07
-14.2933  6.34977e-07
-14.2829  9.33158e-07
-14.2732  7.58425e-07
-14.2624  9.28712e-07
-14.2508  9.25355e-07
-14.2403  1.1237e-06
-14.2291  8.22954e-07
-14.2182  1.11552e-06
-14.2078  7.67616e-07
-14.1986  1.02016e-06
-14.1875  1.065e-06
-14.1769  6.87264e-07
-14.1662  9.9962e-07
-14.1564  1.19746e-06
-14.145  1.14427e-06
-14.1342  9.58178e-07
-14.1241  1.21464e-06
-14.1137  9.7577e-07
-14.1022  9.76924e-07
-14.0928  1.20233e-06
-14.0822  1.18339e-06
-14.0712  1.02239e-06
-14.0607  1.24976e-06
-14.05  1.20221e-06
-14.0399  1.26039e-06
-14.0291  1.14615e-06
-14.019  1.17499e-06
-14.0081  1.24108e-06
-13.9978  1.0894e-06
-13.9876  1.38296e-06
-13.9762  1.46112e-06
-13.9659  1.21908e-06
-13.9539  1.41977e-06
-13.9436  1.44833e-06
-13.9336  1.20941e-06
-13.9235  1.42376e-06
-13.912  1.40353e-06
-13.9017  1.26412e-06
-13.8923  1.43624e-06
-13.8816  1.4701e-06
-13.8706  1.46118e-06
-13.8608  1.51078e-06
-13.8496  1.36795e-06
-13.8395  1.45289e-06
-13.8292  1.88669e-06
-13.8184  1.6096e-06
-13.8075  1.3413e-06
-13.7965  1.73691e-06
-13.7865  1.68476e-06
-13.7754  1.70643e-06
-13.7653  1.7552e-06
-13.7547  1.62085e-06
-13.7439  1.65178e-06
-13.7338  1.71265e-06
-13.7225  1.90656e-06
-13.7123  1.85899e-06
-13.7013  1.77099e-06
-13.69  1.90975e-06
-13.6795  1.80417e-06
-13.6689  1.96916e-06
-13.6582  2.01069e-06
-13.6486  1.99497e-06
-13.6376  1.75497e-06
-13.6269  1.65036e-06
-13.6171  2.30551e-06
-13.6066  1.98239e-06
-13.5962  2.28301e-06
-13.5855  2.15801e-06
-13.5742  1.97061e-06
-13.5635  2.13683e-06
-13.5532  2.26001e-06
-13.5434  1.95315e-06
-13.5321  2.41899e-06
-13.5216  2.27795e-06
-13.5116  2.06631e-06
-13.5006  2.54657e-06
-13.4899  2.49885e-06
-13.4791  2.19502e-06
-13.4685  2.48808e-06
-13.4586  2.45356e-06
-13.447  2.47109e-06
-13.437  2.37274e-06
-13.4265  2.64834e-06
-13.416  2.54567e-06
-13.4063  2.8182e-06
-13.3956  2.5201e-06
-13.3847  2.26555e-06
-13.3743  2.66865e-06
-13.3641  2.86088e-06
-13.3537  2.61183e-06
-13.3433  2.80588e-06
-13.3329  2.92612e-06
-13.3222  2.92311e-06
-13.3111  3.04613e-06
-13.3004  2.90491e-06
-13.2898  2.80075e-06
-13.28  3.01266e-06
-13.2695  2.9478e-06
-13.2588  3.23153e-06
-13.2485  2.81025e-06
-13.2387  3.04577e-06
-13.228  3.37198e-06
-13.2178  3.46796e-06
-13.2071  2.76089e-06
-13.1969  3.19066e-06
-13.1864  3.74249e-06
-13.1761  3.15343e-06
-13.1657  3.25468e-06
-13.1548  3.52697e-06
-13.1445  3.61037e-06
-13.1338  3.56638e-06
-13.1234  3.88635e-06
-13.1129  3.49363e-06
-13.1026  3.63185e-06
-13.0923  3.51825e-06
-13.0819  3.57614e-06
-13.0709  4.06461e-06
-13.0611  3.71121e-06
-13.051  3.67456e-06
-13.0405  3.85121e-06
-13.0301  4.31227e-06
-13.02  3.63205e-06
-13.0095  3.95277e-06
-12.9994  4.21097e-06
-12.989  4.16474e-06
-12.9786  3.9743e-06
-12.9678  4.56885e-06
-12.9574  4.51256e-06
-12.9469  4.46009e-06
-12.9364  4.31813e-06
-12.926  4.3674e-06
-12.916  4.34765e-06
-12.9056  4.89435e-06
-12.8949  4.1461e-06
-12.8848  4.50053e-06
-12.8749  4.73064e-06
-12.8642  4.73804e-06
-12.8537  5.32276e-06
-12.8438  4.99968e-06
-12.8333  4.10327e-06
-12.8228  5.01354e-06
-12.8125  4.95749e-06
-12.8024  5.37464e-06
-12.7919  5.17973e-06
-12.7819  4.61036e-06
-12.7715  5.6275e-06
-12.7613  5.18973e-06
-12.7511  5.77697e-06
-12.7403  5.20132e-06
-12.7307  5.41071e-06
-12.7206  5.58934e-06
-12.7095  5.01282e-06
-12.6996  6.35433e-06
-12.6894  5.65078e-06
-12.6786  5.82502e-06
-12.6685  5.87017e-06
-12.6588  5.32088e-06
-12.6481  6.23229e-06
-12.6375  6.24572e-06
-12.6275  6.33588e-06
-12.6166  6.56704e-06
-12.6065  5.90689e-06
-12.5964  6.52984e-06
-12.5859  6.00184e-06
-12.576  6.67042e-06
-12.5657  6.22599e-06
-12.5556  6.6441e-06
-12.5453  7.10664e-06
-12.5351  6.28119e-06
-12.5248  6.97465e-06
-12.5144  6.71279e-06
-12.5043  6.69636e-06
-12.4938  7.775e-06
-12.4839  6.82836e-06
-12.4735  7.17908e-06
-12.4628  7.35131e-06
-12.4532  7.06401e-06
-12.4425  7.43643e-06
-12.4322  7.91718e-06
-12.4223  7.68699e-06
-12.4122  7.09796e-06
-12.4013  8.01622e-06
-12.3912  8.2418e-06
-12.381  7.95917e-06
-12.3703  8.55075e-06
-12.3597  7.90514e-06
-12.3496  8.08181e-06
-12.3393  8.20948e-06
-12.3291  8.42239e-06
-12.3191  8.4539e-06
-12.3088  9.0913e-06
-12.2986  8.40779e-06
-12.2881  8.36701e-06
-12.2776  9.18131e-06
-12.2674  9.02195e-06
-12.2573  9.15411e-06
-12.247  9.1059e-06
-12.2367  9.64817e-06
-12.2261  8.36672e-06
-12.2161  9.91796e-06
-12.2058  1.01938e-05
-12.1956  9.02303e-06
-12.1851  9.66299e-06
-12.1748  9.27137e-06
-12.165  1.0124e-05
-12.1543  1.11158e-05
-12.1439  8.93509e-06
-12.1341  1.04386e-05
-12.1238  1.10714e-05
-12.1133  1.02215e-05
-12.1031  9.68298e-06
-12.0932  1.11169e-05
-12.0824  1.14184e-05
-12.0722  1.01306e-05
-12.0618  1.20819e-05
-12.0513  1.12026e-05
-12.0415  1.03584e-05
-12.0313  1.11184e-05
-12.0214  1.14509e-05
-12.0108  1.20551e-05
-12.0008  1.05063e-05
-11.9906  1.27444e-05
-11.98  1.14685e-05
-11.9701  1.22113e-05
-11.96  1.17144e-05
-11.9496  1.25142e-05
-11.9394  1.29216e-05
-11.929  1.28079e-05
-11.9193  1.18396e-05
-11.9084  1.32952e-05
-11.8982  1.23244e-05
-11.8883  1.3289e-05
-11.8779  1.34577e-05
-11.8678  1.3506e-05
-11.8572  1.37189e-05
-11.8464  1.33157e-05
-11.836  1.45528e-05
-11.8261  1.37668e-05
-11.8159  1.4212e-05
-11.8052  1.34809e-05
-11.7954  1.42547e-05
-11.7853  1.51866e-05
-11.775  1.39298e-05
-11.7648  1.4357e-05
-11.7549  1.5005e-05
-11.7447  1.51934e-05
-11.7343  1.48582e-05
-11.7244  1.47382e-05
-11.7139  1.63833e-05
-11.704  1.46953e-05
-11.6939  1.57972e-05
-11.6833  1.59435e-05
-11.6733  1.64812e-05
-11.6629  1.64208e-05
-11.6527  1.61119e-05
-11.6425  1.66646e-05
-11.6325  1.70385e-05
-11.6222  1.60109e-05
-11.6118  1.74646e-05
-11.6017  1.71343e-05
-11.5914  1.74029e-05
-11.5812  1.72987e-05
-11.571  1.89029e-05
-11.5605  1.68569e-05
-11.5507  1.74221e-05
-11.5406  1.83943e-05
-11.53  1.87667e-05
-11.52  1.79901e-05
-11.5101  1.90593e-05
-11.4995  1.90949e-05
-11.4896  1.79299e-05
-11.4796  1.95823e-05
-11.4691  1.90232e-05
-11.4591  2.00679e-05
-11.4492  1.97029e-05
-11.4388  1.96639e-05
-11.4286  1.95353e-05
-11.4188  2.0515e-05
-11.4083  2.09742e-05
-11.3983  2.07212e-05
-11.3881  2.09825e-05
-11.378  1.99457e-05
-11.3678  2.23682e-05
-11.3575  2.16443e-05
-11.3476  1.95918e-05
-11.3374  2.35773e-05
-11.3273  2.27855e-05
-11.3171  2.05162e-05
-11.3069  2.23862e-05
-11.2968  2.46783e-05
-11.2861  2.21577e-05
-11.2764  2.29426e-05
-11.2662  2.44734e-05
-11.2556  2.31834e-05
-11.2455  2.27565e-05
-11.2354  2.59429e-05
-11.2251  2.3075e-05
-11.215  2.54091e-05
-11.2047  2.42872e-05
-11.1945  2.46896e-05
-11.1842  2.46519e-05
-11.1745  2.64299e-05
-11.1639  2.41387e-05
-11.1538  2.65503e-05
-11.1439  2.68257e-05
-11.1334  2.57162e-05
-11.1235  2.58815e-05
-11.1135  2.75945e-05
-11.1031  2.60868e-05
-11.0929  2.81291e-05
-11.0826  2.70615e-05
-11.0726  2.78998e-05
-11.0625  2.78905e-05
-11.0525  2.70769e-05
-11.0422  2.81746e-05
-11.0321  3.01292e-05
-11.0221  2.92057e-05
-11.011  3.04995e-05
-11.0008  2.95699e-05
-10.9907  3.06116e-05
-10.9803  2.84682e-05
-10.9703  3.17378e-05
-10.9602  3.00578e-05
-10.9499  3.10729e-05
-10.9397  3.11438e-05
-10.9296  3.15934e-05
-10.9191  3.24436e-05
-10.9092  3.09715e-05
-10.8992  3.28923e-05
-10.8885  3.11518e-05
-10.8787  3.33119e-05
-10.8686  3.30182e-05
-10.8584  3.31215e-05
-10.8483  3.47918e-05
-10.8381  3.35526e-05
-10.8277  3.37946e-05
-10.8177  3.4303e-05
-10.8077  3.52222e-05
-10.7973  3.50873e-05
-10.7873  3.47354e-05
-10.7771  3.62246e-05
-10.767  3.69655e-05
-10.7569  3.55885e-05
-10.7469  3.49415e-05
-10.7365  3.78017e-05
-10.7262  4.06146e-05
-10.7153  3.92273e-05
-10.7051  3.46234e-05
-10.6954  4.05494e-05
-10.6852  3.73181e-05
-10.6749  3.84935e-05
-10.665  3.96213e-05
-10.6548  4.0312e-05
-10.6444  3.91913e-05
-10.6344  4.06494e-05
-10.6243  3.9682e-05
-10.6139  4.20229e-05
-10.6041  4.05884e-05
-10.5938  4.28248e-05
-10.5835  4.11317e-05
-10.5736  4.20839e-05
-10.5634  4.23805e-05
-10.553  4.38071e-05
-10.543  4.44619e-05
-10.5329  4.24566e-05
-10.5227  4.322e-05
-10.5125  4.52082e-05
-10.5026  4.43054e-05
-10.4922  4.51139e-05
-10.4818  5.05344e-05
-10.4711  4.62451e-05
-10.4608  4.49676e-05
-10.4504  5.08422e-05
-10.4398  4.77619e-05
-10.4296  4.73565e-05
-10.4196  4.69884e-05
-10.4094  4.79249e-05
-10.3992  4.81187e-05
-10.3893  4.95826e-05
-10.3793  4.87236e-05
-10.3688  4.91624e-05
-10.3589  5.12179e-05
-10.3488  5.14835e-05
-10.3383  4.94793e-05
-10.3285  5.07915e-05
-10.3183  5.33373e-05
-10.308  5.10751e-05
-10.2981  5.46357e-05
-10.288  5.05118e-05
-10.2778  5.36424e-05
-10.2676  5.4042e-05
-10.2578  5.35171e-05
-10.2474  5.4977e-05
-10.2374  5.65734e-05
-10.2274  5.49383e-05
-10.217  5.47692e-05
-10.2071  5.69677e-05
-10.1969  5.86014e-05
-10.1867  5.38137e-05
-10.1767  5.95475e-05
-10.1667  5.80307e-05
-10.1565  5.82794e-05
-10.1463  5.83854e-05
-10.1363  6.23151e-05
-10.1259  5.86263e-05
-10.1158  6.17229e-05
-10.1053  6.60867e-05
-10.0947  6.02683e-05
-10.0847  6.21864e-05
-10.0746  6.24306e-05
-10.0643  6.04119e-05
-10.0545  6.63028e-05
-10.0442  6.5118e-05
-10.0341  6.11071e-05
-10.0236  7.00711e-05
-10.0132  6.66618e-05
-10.0029  6.59214e-05
-9.99273  6.61231e-05
-9.98266  6.88031e-05
-9.97235  6.57674e-05
-9.96244  6.89448e-05
-9.95212  6.87064e-05
-9.94203  6.80928e-05
-9.93213  6.96731e-05
-9.92185  7.15494e-05
-9.91152  6.81562e-05
-9.90109  7.91252e-05
-9.8905  7.17117e-05
-9.88026  7.25278e-05
-9.87011  7.36489e-05
-9.85999  7.18513e-05
-9.84992  7.15284e-05
-9.83988  7.70593e-05
-9.82954  7.63692e-05
-9.81934  7.24087e-05
-9.80952  7.60988e-05
-9.79921  7.82514e-05
-9.78913  7.53684e-05
-9.77923  7.7932e-05
-9.76892  7.77877e-05
-9.75878  7.74063e-05
-9.74895  8.20994e-05
-9.73862  7.89099e-05
-9.72861  7.82858e-05
-9.71842  8.40516e-05
-9.70827  8.08695e-05
-9.69759  8.79267e-05
-9.68722  8.35216e-05
-9.67693  8.6047e-05
-9.66686  8.21342e-05
-9.65684  8.42639e-05
-9.64664  8.38121e-05
-9.63653  8.72397e-05
-9.6267  8.69692e-05
-9.61598  9.13274e-05
-9.60552  8.96606e-05
-9.59532  9.05668e-05
-9.58509  8.58413e-05
-9.57493  9.33108e-05
-9.56504  8.92133e-05
-9.55478  9.01945e-05
-9.54458  9.18523e-05
-9.53456  9.37587e-05
-9.52425  9.11781e-05
-9.51421  9.4773e-05
-9.50413  9.61898e-05
-9.49387  9.18082e-05
-9.48379  9.74281e-05
-9.47374  9.5917e-05
-9.46363  9.39073e-05
-9.45337  0.000100338
-9.44359  9.60299e-05
-9.43334  9.79553e-05
-9.42318  0.000100402
-9.41334  0.000101603
-9.40305  9.84065e-05
-9.39293  0.000100165
-9.38295  0.00010488
-9.37283  0.000100374
-9.36276  0.000104536
-9.35218  0.000113034
-9.34159  0.000104251
-9.33092  0.00011769
-9.32045  0.00010729
-9.31013  0.000106133
-9.29999  0.000109817
-9.29009  0.000107159
-9.2798  0.000109841
-9.26977  0.000109263
-9.25968  0.000113682
-9.24949  0.000109299
-9.23938  0.000112962
-9.22941  0.00011236
-9.21922  0.000114759
-9.20913  0.000111601
-9.19915  0.000119402
-9.1889  0.00011152
-9.17888  0.000118137
-9.16888  0.000119217
-9.1586  0.000118124
-9.14852  0.000119199
-9.13851  0.000121942
-9.12828  0.000118264
-9.11817  0.000121369
-9.10818  0.000124992
-9.09807  0.000119056
-9.08804  0.00012444
-9.07787  0.000127029
-9.06782  0.000124149
-9.0577  0.000123774
-9.04763  0.000130931
-9.03741  0.000126757
-9.02729  0.000128389
-9.0168  0.000141761
-9.00628  0.000129758
-8.99612  0.000130256
-8.98606  0.00013641
-8.97592  0.000126228
-8.96594  0.000136231
-8.95576  0.000137044
-8.94563  0.000134528
-8.9356  0.000133108
-8.92547  0.000141192
-8.91541  0.000134335
-8.90529  0.000141164
-8.89529  0.000137759
-8.88512  0.000141308
-8.87509  0.000140025
-8.8649  0.0001468
-8.85435  0.000152868
-8.84378  0.000147127
-8.83366  0.0001458
-8.82344  0.000143666
-8.81351  0.000146699
-8.80339  0.00015105
-8.79325  0.000145368
-8.78308  0.000150203
-8.77316  0.000151994
-8.76287  0.000154241
-8.75286  0.000148034
-8.7427  0.000156231
-8.73259  0.000153272
-8.72258  0.000152074
-8.71205  0.000174922
-8.70128  0.000154568
-8.69085  0.000176626
-8.68017  0.000158715
-8.67006  0.000157594
-8.65992  0.000162443
-8.65006  0.000162558
-8.63972  0.000160255
-8.62982  0.000162883
-8.61965  0.000171461
-8.60898  0.000175118
-8.59852  0.000170868
-8.58846  0.000165964
-8.57829  0.000166745
-8.56821  0.000174606
-8.55808  0.000170242
-8.54788  0.000172239
-8.53732  0.000189224
-8.52689  0.000173072
-8.51658  0.000176966
-8.50646  0.000179444
-8.49654  0.000170084
-8.48623  0.000182718
-8.47613  0.000182903
-8.46616  0.000176415
-8.45587  0.000181442
-8.4458  0.000184535
-8.43591  0.000180767
-8.42562  0.000185065
-8.41507  0.000204187
-8.40465  0.000184355
-8.39439  0.000185699
-8.38444  0.000191607
-8.37447  0.000186123
-8.36414  0.000190162
-8.3542  0.00019534
-8.34424  0.000189861
-8.33399  0.000191119
-8.32397  0.000197255
-8.31407  0.000196512
-8.30374  0.000194493
-8.29377  0.00019967
-8.28379  0.000199737
-8.2736  0.000196282
-8.26358  0.000203917
-8.25363  0.000202225
-8.24323  0.000203222
-8.2333  0.000207302
-8.22332  0.00020643
-8.21301  0.000204538
-8.20297  0.000209731
-8.19253  0.00022985
-8.18178  0.000207057
-8.17188  0.000217269
-8.16168  0.000214203
-8.15097  0.000228361
-8.14045  0.000223112
-8.1304  0.00021637
-8.12009  0.000216059
-8.11013  0.000219891
-8.10001  0.000223092
-8.0893  0.000236896
-8.07886  0.000228246
-8.06885  0.000218948
-8.05854  0.000225109
-8.04867  0.000228898
-8.03853  0.000225637
-8.02837  0.000223748
-8.01837  0.000237598
-8.00829  0.000226196
-7.99809  0.000230958
-7.98801  0.000236354
-7.97803  0.00023374
-7.96782  0.000238001
-7.95779  0.000232105
-7.94778  0.00024319
-7.93744  0.000236981
-7.9275  0.000245973
-7.91733  0.000237596
-7.90721  0.000242648
-7.89717  0.000246605
-7.88713  0.000244526
-7.87701  0.000241733
-7.86699  0.000254514
-7.85687  0.000243782
-7.84676  0.000251864
-7.83635  0.000271365
-7.8257  0.000261328
-7.81555  0.00024317
-7.80571  0.000261703
-7.79542  0.000254851
-7.78537  0.000259993
-7.77532  0.000255491
-7.76526  0.000260619
-7.75512  0.000261408
-7.74518  0.000264768
-7.73496  0.000263147
-7.72473  0.000267345
-7.71477  0.000270044
-7.70457  0.000265432
-7.69441  0.000268691
-7.68451  0.000269794
-7.67432  0.000275359
-7.66413  0.000269404
-7.65424  0.000276702
-7.644  0.000273877
-7.63392  0.000280794
-7.62385  0.000275593
-7.61369  0.000280356
-7.60357  0.000279999
-7.59361  0.000285852
-7.58341  0.000278341
-7.57329  0.000290129
-7.56322  0.000284
-7.55264  0.000314853
-7.54209  0.000283294
-7.53217  0.000296085
-7.52188  0.000289337
-7.51189  0.000286992
-7.50196  0.000296495
-7.49183  0.000296301
-7.48178  0.00028939
-7.4717  0.000308463
-7.46096  0.000325113
-7.45046  0.000295317
-7.44048  0.000311339
-7.42971  0.000329765
-7.41919  0.000304318
-7.40908  0.000314017
-7.3989  0.000301603
-7.38877  0.000312448
-7.37836  0.000343707
-7.36753  0.000312347
-7.3575  0.000311183
-7.34742  0.000322019
-7.33719  0.000316668
-7.32704  0.000314584
-7.31717  0.000322928
-7.30693  0.000317807
-7.2968  0.000322248
-7.28681  0.000328366
-7.27628  0.00034705
-7.26567  0.000325326
-7.25582  0.000331898
-7.24553  0.00032551
-7.2355  0.000332503
-7.22545  0.000333828
-7.21494  0.000358379
-7.20433  0.00033546
-7.19434  0.00034205
-7.18362  0.000367076
-7.17309  0.000339564
-7.16311  0.00033929
-7.153  0.000347872
-7.14283  0.000334191
-7.13299  0.000353328
-7.12263  0.000345284
-7.11262  0.000348662
-7.10253  0.000354191
-7.09233  0.000352589
-7.08213  0.000351486
-7.0722  0.000358157
-7.06198  0.000354547
-7.05193  0.000353045
-7.04186  0.000367087
-7.03162  0.000362705
-7.02147  0.00035645
-7.01153  0.000368708
-7.00134  0.000361465
-6.99132  0.000362312
-6.98126  0.000376376
-6.97113  0.000360602
-6.96109  0.00037435
-6.95097  0.000375863
-6.94084  0.000373881
-6.93078  0.000364692
-6.92083  0.000387849
-6.9106  0.000371503
-6.90062  0.000382017
-6.89048  0.000384922
-6.88032  0.000383414
-6.87029  0.00037371
-6.8603  0.000399035
-6.85005  0.000379395
-6.84017  0.000388803
-6.82943  0.00043464
-6.81889  0.000387278
-6.80825  0.000437299
-6.79784  0.000385128
-6.78769  0.000405591
-6.77709  0.000433534
-6.7666  0.000401062
-6.75641  0.000404505
-6.74626  0.00040457
-6.73576  0.000440518
-6.72512  0.000413955
-6.71485  0.000410051
-6.70494  0.000397991
-6.69478  0.000422522
-6.68474  0.000405524
-6.67472  0.0004126
-6.66405  0.000458305
-6.65349  0.000417567
-6.64342  0.00041951
-6.63323  0.00042083
-6.62318  0.00042244
-6.61265  0.000461036
-6.60201  0.000425998
-6.59151  0.000466043
-6.58103  0.000419907
-6.57091  0.000435645
-6.56086  0.000425088
-6.55088  0.000431997
-6.54073  0.000428592
-6.53071  0.000444598
-6.52063  0.000425355
-6.5101  0.000485742
-6.49944  0.000443116
-6.48948  0.000434383
-6.4793  0.000446508
-6.46873  0.000494309
-6.45817  0.000434711
-6.44811  0.000455618
-6.43785  0.000459222
-6.42788  0.000437943
-6.41771  0.00045751
-6.40719  0.000501659
-6.39651  0.000454976
-6.38648  0.000454103
-6.3764  0.000464684
-6.36631  0.00045027
-6.35632  0.000465213
-6.34572  0.00051402
-6.33512  0.000452019
-6.32513  0.000472755
-6.31501  0.000469018
-6.30493  0.000469879
-6.29482  0.000468394
-6.2847  0.000482625
-6.27466  0.00045888
-6.26463  0.000486764
-6.25442  0.000478421
-6.24437  0.000476492
-6.23434  0.000475992
-6.22369  0.000541815
-6.21312  0.00046986
-6.20316  0.000488239
-6.19294  0.000498189
-6.1829  0.000476912
-6.17279  0.000496035
-6.16262  0.000498695
-6.152  0.000540691
-6.14149  0.000486298
-6.13139  0.000506681
-6.12122  0.000496968
-6.11117  0.000496908
-6.10053  0.000557891
-6.0901  0.00048734
-6.08004  0.000504306
-6.06992  0.000513503
-6.05986  0.000498324
-6.04991  0.0005079
-6.03968  0.000518527
-6.02966  0.000502517
-6.01913  0.000559564
-6.00863  0.000517389
-5.99851  0.000510525
-5.98858  0.000509532
-5.97799  0.000581416
-5.96738  0.000508495
-5.95735  0.000527402
-5.94729  0.00052227
-5.93719  0.000523237
-5.92716  0.000524818
-5.91705  0.000530646
-5.90702  0.00052153
-5.89692  0.000540414
-5.88671  0.000535946
-5.87675  0.000519897
-5.86674  0.000540019
-5.85664  0.00053456
-5.84652  0.000542639
-5.83642  0.00053752
-5.82631  0.000546325
-5.81619  0.00054393
-5.80604  0.000551245
-5.7959  0.000541704
-5.78584  0.000549576
-5.7758  0.000545196
-5.76559  0.000562139
-5.7556  0.000534728
-5.74547  0.000573418
-5.73526  0.000544935
-5.72528  0.000557236
-5.71523  0.00055595
-5.70508  0.000563069
-5.6951  0.000547589
-5.68496  0.000579122
-5.67477  0.000557995
-5.66482  0.000563181
-5.65461  0.000572168
-5.64454  0.000562991
-5.63456  0.000567106
-5.6244  0.000571014
-5.61439  0.000568713
-5.60433  0.000575941
-5.59415  0.000577366
-5.58403  0.000577791
-5.57404  0.000572184
-5.56386  0.000588806
-5.55375  0.000570707
-5.54385  0.000576325
-5.53359  0.000596019
-5.52359  0.000572366
-5.51362  0.000585326
-5.5034  0.000587136
-5.49352  0.000580944
-5.4831  0.000633308
-5.47239  0.000607951
-5.46184  0.00064174
-5.45145  0.000586909
-5.44121  0.000601303
-5.43113  0.000606597
-5.42111  0.000578039
-5.4105  0.000674277
-5.39986  0.000595818
-5.38992  0.000596295
-5.37966  0.000616499
-5.3696  0.000604111
-5.35955  0.000596455
-5.34938  0.000623903
-5.33927  0.000599231
-5.32931  0.000608555
-5.31903  0.000626379
-5.30897  0.000607085
-5.29898  0.000606096
-5.28878  0.000624549
-5.27871  0.000622236
-5.26864  0.000607544
-5.25844  0.000630502
-5.24837  0.000619821
-5.23833  0.000619713
-5.22807  0.000631672
-5.21807  0.000617347
-5.20756  0.000682004
-5.19691  0.000635299
-5.18681  0.000626734
-5.17687  0.000612718
-5.16668  0.00065015
-5.15659  0.000625752
-5.14657  0.00062393
-5.13638  0.000649369
-5.12585  0.000687184
-5.11492  0.000688461
-5.10428  0.000646873
-5.09422  0.000638184
-5.08415  0.000632156
-5.07402  0.000654879
-5.06396  0.000633771
-5.05395  0.000640875
-5.04373  0.000651829
-5.03324  0.000709716
-5.0227  0.000630539
-5.01264  0.000666575
-5.0024  0.000646659
-4.99249  0.000640616
-4.98188  0.000721342
-4.97132  0.00065132
-4.96124  0.000649938
-4.95113  0.000668303
-4.94093  0.00065691
-4.93085  0.000653662
-4.92073  0.000664167
-4.91066  0.000661536
-4.90056  0.000651211
-4.89052  0.000670567
-4.88041  0.000655223
-4.86994  0.000718652
-4.85937  0.000680474
-4.84922  0.000659209
-4.83918  0.000659703
-4.82913  0.00067711
-4.81906  0.000664354
-4.809  0.000655809
-4.79852  0.000748568
-4.78781  0.000677839
-4.77763  0.000673598
-4.76751  0.000688864
-4.75734  0.000670146
-4.74713  0.000690247
-4.73697  0.000682918
-4.72692  0.00066563
-4.71636  0.000755155
-4.70565  0.000687129
-4.69518  0.000733055
-4.68456  0.000694833
-4.67445  0.000681422
-4.66435  0.000678262
-4.6543  0.000691682
-4.64418  0.000687876
-4.63412  0.000675963
-4.62401  0.000694131
-4.61398  0.000689221
-4.60394  0.000678007
-4.59385  0.000694486
-4.5838  0.00069437
-4.57371  0.00068363
-4.56363  0.000695118
-4.55318  0.000750653
-4.54274  0.000685588
-4.53267  0.000694076
-4.5226  0.000706875
-4.51253  0.000681337
-4.50252  0.000698133
-4.49239  0.000711176
-4.48235  0.000681937
-4.47189  0.000760364
-4.46139  0.000711506
-4.45124  0.000690903
-4.44121  0.000708436
-4.43105  0.000714376
-4.42088  0.000700418
-4.41075  0.000707475
-4.40021  0.000781808
-4.38958  0.000698656
-4.37894  0.000785918
-4.36832  0.000720693
-4.35811  0.000701651
-4.34809  0.000706539
-4.33808  0.000718835
-4.32789  0.000702147
-4.31788  0.000707563
-4.30741  0.000786916
-4.29666  0.000716165
-4.28657  0.000714506
-4.27657  0.000710906
-4.26645  0.000716736
-4.25623  0.00072328
-4.2463  0.000702865
-4.2362  0.00072083
-4.22609  0.000717773
-4.2161  0.000710015
-4.206  0.000724223
-4.19581  0.000719002
-4.18591  0.000715612
-4.17569  0.000723603
-4.16567  0.00071625
-4.15569  0.000710556
-4.14564  0.000725904
-4.13558  0.000713123
-4.12564  0.000721956
-4.11541  0.000732106
-4.10533  0.000718619
-4.09535  0.00072336
-4.08508  0.000740901
-4.07502  0.000709913
-4.06504  0.000730043
-4.05487  0.000731492
-4.04479  0.000716341
-4.03485  0.000730907
-4.02455  0.000739184
-4.0146  0.000709909
-4.00453  0.000737594
-3.99436  0.000733446
-3.98428  0.000721291
-3.97429  0.000740961
-3.96395  0.000728783
-3.95411  0.000723238
-3.94401  0.000727871
-3.93391  0.000740176
-3.92379  0.000720042
-3.91383  0.000743592
-3.90353  0.000729147
-3.89362  0.000729588
-3.88348  0.000736118
-3.87337  0.000740213
-3.86334  0.000710787
-3.85338  0.000750408
-3.8431  0.000731923
-3.83315  0.000731386
-3.82304  0.000737302
-3.81283  0.000746448
-3.80284  0.000718583
-3.79231  0.000820412
-3.78167  0.000719962
-3.77169  0.000744139
-3.76163  0.000732335
-3.75147  0.000737679
-3.74147  0.000733746
-3.73134  0.000751563
-3.72124  0.000718247
-3.71123  0.000740537
-3.70118  0.000747889
-3.69098  0.00072823
-3.68101  0.000740688
-3.67084  0.000745859
-3.66079  0.000732913
-3.65065  0.000738079
-3.64065  0.000744211
-3.63048  0.000730492
-3.62052  0.000740557
-3.61035  0.000745472
-3.60028  0.000734409
-3.59022  0.000737099
-3.58015  0.000745848
-3.57005  0.000730962
-3.55998  0.000747144
-3.54983  0.000745488
-3.53977  0.000727905
-3.52978  0.000740361
-3.51917  0.000815439
-3.50871  0.000721863
-3.49859  0.000756864
-3.48854  0.000731381
-3.47845  0.000739084
-3.46832  0.000750892
-3.45814  0.000742936
-3.4482  0.00072513
-3.43805  0.000752236
-3.42797  0.000736836
-3.41796  0.000727142
-3.40795  0.000747791
-3.39777  0.000740047
-3.38732  0.000803052
-3.37667  0.000749578
-3.36659  0.000735487
-3.35659  0.000734737
-3.34647  0.000743907
-3.33637  0.000738218
-3.32636  0.000736843
-3.3158  0.000807922
-3.3052  0.000744273
-3.29516  0.00073319
-3.28507  0.000745493
-3.27495  0.000730991
-3.26495  0.000744335
-3.25478  0.000738286
-3.24475  0.000735061
-3.23471  0.000737499
-3.2246  0.000738846
-3.21457  0.0007277
-3.20461  0.000740138
-3.19448  0.000736136
-3.18447  0.000726767
-3.17445  0.00074414
-3.16432  0.000733127
-3.15427  0.000735466
-3.14421  0.000742375
-3.13397  0.000743582
-3.12397  0.000719751
-3.11393  0.000753267
-3.10371  0.000730675
-3.09367  0.00073191
-3.08364  0.000742022
-3.07341  0.000740271
-3.0634  0.000722105
-3.05335  0.00074201
-3.04327  0.000728182
-3.03322  0.000727132
-3.02325  0.000734483
-3.01302  0.000743155
-3.00299  0.000724127
-2.99291  0.000738803
-2.98271  0.000741518
-2.97257  0.000729291
-2.96253  0.000734351
-2.95238  0.000730747
-2.94233  0.000733035
-2.93218  0.000735436
-2.92205  0.000731437
-2.91198  0.000726601
-2.90191  0.000733064
-2.89181  0.000724986
-2.88173  0.000732918
-2.8717  0.000718698
-2.86164  0.00073097
-2.85161  0.000722522
-2.84147  0.000730776
-2.8314  0.000728228
-2.82131  0.00072408
-2.81132  0.000715626
-2.80121  0.000731023
-2.79118  0.000725865
-2.78101  0.000724981
-2.77095  0.000723245
-2.76087  0.000728537
-2.75078  0.000715649
-2.7407  0.000725919
-2.73064  0.000722188
-2.72057  0.000717213
-2.7105  0.000720714
-2.70048  0.000720585
-2.69031  0.000722059
-2.68029  0.000716285
-2.67021  0.000720215
-2.66016  0.000714556
-2.65003  0.000723303
-2.64003  0.000711697
-2.62936  0.000796409
-2.61878  0.000709913
-2.60875  0.000719433
-2.5987  0.000709414
-2.58862  0.000708098
-2.57861  0.000727368
-2.56837  0.000716584
-2.55828  0.000708631
-2.54813  0.000726928
-2.53806  0.000707144
-2.52744  0.00077682
-2.51649  0.000780407
-2.5059  0.000709209
-2.4958  0.000709804
-2.48577  0.00070246
-2.47576  0.000712204
-2.46557  0.000707905
-2.45559  0.00070428
-2.44552  0.000703453
-2.43542  0.000711402
-2.42531  0.000701443
-2.41533  0.000705544
-2.4051  0.000710716
-2.39507  0.000701607
-2.38494  0.000706661
-2.37486  0.000697611
-2.3648  0.000704753
-2.35473  0.000702194
-2.34453  0.000704576
-2.33446  0.000705554
-2.32433  0.000694999
-2.31427  0.000697987
-2.30417  0.00070299
-2.29368  0.000753804
-2.28311  0.000697483
-2.27302  0.000704329
-2.26292  0.000688535
-2.25285  0.000695673
-2.24276  0.000696581
-2.23272  0.000687712
-2.22264  0.000690207
-2.21262  0.000693218
-2.2025  0.000692862
-2.19238  0.000692818
-2.18226  0.000694033
-2.17216  0.000688768
-2.16203  0.000692316
-2.15194  0.0006876
-2.14189  0.000684398
-2.13177  0.000689847
-2.12168  0.000688739
-2.11152  0.000689408
-2.10138  0.000687332
-2.09128  0.000685765
-2.0812  0.000681685
-2.07108  0.000681366
-2.0611  0.000675853
-2.05058  0.000742076
-2.04002  0.000682465
-2.02995  0.000677447
-2.01993  0.000673173
-2.0098  0.000686047
-1.99977  0.000664766
-1.98976  0.000677053
-1.97966  0.00067853
-1.96955  0.000676049
-1.95949  0.000671594
-1.94936  0.000679182
-1.93929  0.000670241
-1.9292  0.000671204
-1.9191  0.000675901
-1.90899  0.000673885
-1.89889  0.000663236
-1.88883  0.000675771
-1.87869  0.00067076
-1.86812  0.000728489
-1.85758  0.000662986
-1.8476  0.000664507
-1.83743  0.000672215
-1.82739  0.000652807
-1.81741  0.000669245
-1.80721  0.00066408
-1.79717  0.000659505
-1.78715  0.000662174
-1.77697  0.000666669
-1.76687  0.000656448
-1.75687  0.000661411
-1.7467  0.000659706
-1.7366  0.000659076
-1.72614  0.000715553
-1.71556  0.000654771
-1.70551  0.000650238
-1.69555  0.000656504
-1.6854  0.000652856
-1.67528  0.000657322
-1.66527  0.000653127
-1.65513  0.000648049
-1.64453  0.00072116
-1.63401  0.000646191
-1.62393  0.000649286
-1.61378  0.000653687
-1.60373  0.000651596
-1.5936  0.000639428
-1.58354  0.000654522
-1.57351  0.000641162
-1.56345  0.000638662
-1.55341  0.000644841
-1.54337  0.000649361
-1.53324  0.000636497
-1.5227  0.000705499
-1.51222  0.000638837
-1.50216  0.000633231
-1.49209  0.000648418
-1.48196  0.000641103
-1.47187  0.000637395
-1.46175  0.000640146
-1.45174  0.000636278
-1.44162  0.000632611
-1.43156  0.000641609
-1.42145  0.000637773
-1.41129  0.000637956
-1.40116  0.000635985
-1.39103  0.000641865
-1.38088  0.000628776
-1.37085  0.000629224
-1.36084  0.000630213
-1.35076  0.000627729
-1.34074  0.000625545
-1.3306  0.000639647
-1.32056  0.000617958
-1.31052  0.000626792
-1.3  0.000687641
-1.28939  0.000629543
-1.27934  0.000620516
-1.26925  0.000630806
-1.25914  0.000622461
-1.24906  0.000625368
-1.23895  0.000626531
-1.22835  0.000679712
-1.21784  0.000622524
-1.20773  0.00062176
-1.19769  0.000615158
-1.18766  0.000614088
-1.17763  0.000627516
-1.16748  0.000612494
-1.15752  0.000613693
-1.1474  0.000621238
-1.13734  0.000615269
-1.12727  0.000611929
-1.11722  0.000619301
-1.10713  0.000610207
-1.09708  0.000618159
-1.08694  0.000611851
-1.07688  0.000614927
-1.06676  0.000616785
-1.05664  0.000612124
-1.04656  0.000607818
-1.03651  0.000614647
-1.02641  0.000606132
-1.01637  0.00060593
-1.00633  0.000614361
-0.996156  0.00060972
-0.986098  0.000604235
-0.976013  0.000611962
-0.965465  0.000659008
-0.954938  0.000603732
-0.944911  0.000608611
-0.934762  0.000602928
-0.924743  0.000602212
-0.914688  0.000604936
-0.904626  0.000598612
-0.894521  0.000607664
-0.884485  0.000598442
-0.87442  0.000600238
-0.86433  0.000601749
-0.854252  0.000606076
-0.844121  0.00059621
-0.834056  0.000603866
-0.82391  0.000602111
-0.813854  0.000596494
-0.803734  0.000599673
-0.793672  0.000601126
-0.783553  0.000593718
-0.773527  0.000596646
-0.76341  0.000599011
-0.753319  0.000597931
-0.743186  0.000596316
-0.73265  0.000650506
-0.72208  0.000596864
-0.711988  0.000591725
-0.701938  0.000593218
-0.691873  0.000595344
-0.681774  0.000588441
-0.671744  0.000593323
-0.661696  0.000589685
-0.651638  0.000587453
-0.641591  0.0005922
-0.631496  0.000596374
-0.62139  0.000582864
-0.611335  0.000595074
-0.601255  0.000589466
-0.591167  0.000587332
-0.581061  0.000592109
-0.570988  0.000591187
-0.560863  0.000585538
-0.550785  0.000589689
-0.540702  0.000592596
-0.530535  0.000586501
-0.520403  0.000594173
-0.510236  0.000594776
-0.500054  0.000585632
-0.489941  0.000588587
-0.479827  0.000594144
-0.469668  0.000579627
-0.459565  0.000595061
-0.449449  0.000580919
-0.439412  0.000583505
-0.429352  0.000578552
-0.419327  0.000590622
-0.409195  0.000576566
-0.399182  0.000584726
-0.389098  0.000584222
-0.379021  0.000582028
-0.36892  0.000581387
-0.358899  0.000582118
-0.348835  0.000579146
-0.338765  0.000582017
-0.328713  0.000582767
-0.318655  0.000575536
-0.30861  0.000583672
-0.298495  0.000582485
-0.288391  0.000585413
-0.278263  0.000576707
-0.268209  0.000587718
-0.258049  0.000579997
-0.247973  0.000581453
-0.237851  0.000580314
-0.227835  0.000578942
-0.217691  0.000582257
-0.207597  0.000581614
-0.19754  0.000576584
-0.187497  0.00057643
-0.177427  0.000580967
-0.167367  0.000578214
-0.157284  0.000577611
-0.147215  0.00057896
-0.137177  0.000577983
-0.12709  0.000577797
-0.117016  0.000579092
-0.10694  0.000579758
-0.0967915  0.000584623
-0.08669  0.000573963
-0.0766668  0.00057972
-0.0665556  0.000578705
-0.0564735  0.000578752
-0.0463568  0.000583364
-0.0362053  0.000580762
-0.0260883  0.000580119
-0.0159985  0.000578872
-0.00548005  0.000628372
0.00548005  0.000628372
0.0159985  0.000578872
0.0260883  0.000580119
0.0362053  0.000580762
0.0463568  0.000583364
0.0564735  0.000578752
0.0665556  0.000578705
0.0766668  0.00057972
0.08669  0.000573963
0.0967915  0.000584623
0.10694  0.000579758
0.117016  0.000579092
0.12709  0.000577797
0.137177  0.000577983
0.147215  0.00057896
0.157284  0.000577611
0.167367  0.000578214
0.177427  0.000580967
0.187497  0.00057643
0.19754  0.000576584
0.207597  0.000581614
0.217691  0.000582257
0.227835  0.000578942
0.237851  0.000580314
0.247973  0.000581453
0.258049  0.000579997
0.268209  0.000587718
0.278263  0.000576707
0.288391  0.000585413
0.298495  0.000582485
0.30861  0.000583672
0.318655  0.000575536
0.328713  0.000582767
0.338765  0.000582017
0.348835  0.000579146
0.358899  0.000582118
0.36892  0.000581387
0.379021  0.000582028
0.389098  0.000584222
0.399182  0.000584726
0.409195  0.000576566
0.419327  0.000590622
0.429352  0.000578552
0.439412  0.000583505
0.449449  0.000580919
0.459565  0.000595061
0.469668  0.000579627
0.479827  0.000594144
0.489941  0.000588587
0.500054  0.000585632
0.510236  0.000594776
0.520403  0.000594173
0.530535  0.000586501
0.540702  0.000592596
0.550785  0.000589689
0.560863  0.000585538
0.570988  0.000591187
0.581061  0.000592109
0.591167  0.000587332
0.601255  0.000589466
0.611335  0.000595074
0.62139  0.000582864
0.631496  0.000596374
0.641591  0.0005922
0.651638  0.000587453
0.661696  0.000589685
0.671744  0.000593323
0.681774  0.000588441
0.691873  0.000595344
0.701938  0.000593218
0.711988  0.000591725
0.72208  0.000596864
0.73265  0.000650506
0.743186  0.000596316
0.753319  0.000597931
0.76341  0.000599011
0.773527  0.000596646
0.783553  0.000593718
0.793672  0.000601126
0.803734  0.000599673
0.813854  0.000596494
0.82391  0.000602111
0.834056  0.000603866
0.844121  0.00059621
0.854252  0.000606076
0.86433  0.000601749
0.87442  0.000600238
0.884485  0.000598442
0.894521  0.000607664
0.904626  0.000598612
0.914688  0.000604936
0.924743  0.000602212
0.934762  0.000602928
0.944911  0.000608611
0.954938  0.000603732
0.965465  0.000659008
0.976013  0.000611962
0.986098  0.000604235
0.996156  0.00060972
1.00633  0.000614361
1.01637  0.00060593
1.02641  0.000606132
1.03651  0.000614647
1.04656  0.000607818
1.05664  0.000612124
1.06676  0.000616785
1.07688  0.000614927
1.08694  0.000611851
1.09708  0.000618159
1.10713  0.000610207
1.11722  0.000619301
1.12727  0.000611929
1.13734  0.000615269
1.1474  0.000621238
1.15752  0.000613693
1.16748  0.000612494
1.17763  0.000627516
1.18766  0.000614088
1.19769  0.000615158
1.20773  0.00062176
1.21784  0.000622524
1.22835  0.000679712
1.23895  0.000626531
1.24906  0.000625368
1.25914  0.000622461
1.26925  0.000630806
1.27934  0.000620516
1.28939  0.000629543
1.3  0.000687641
1.31052  0.000626792
1.32056  0.000617958
1.3306  0.000639647
1.34074  0.000625545
1.35076  0.000627729
1.36084  0.000630213
1.37085  0.000629224
1.38088  0.000628776
1.39103  0.000641865
1.40116  0.000635985
1.41129  0.000637956
1.42145  0.000637773
1.43156  0.000641609
1.44162  0.000632611
1.45174  0.000636278
1.46175  0.000640146
1.47187  0.000637395
1.48196  0.000641103
1.49209  0.000648418
1.50216  0.000633231
1.51222  0.000638837
1.5227  0.000705499
1.53324  0.000636497
1.54337  0.000649361
1.55341  0.000644841
1.56345  0.000638662
1.57351  0.000641162
1.58354  0.000654522
1.5936  0.000639428
1.60373  0.000651596
1.61378  0.000653687
1.62393  0.000649286
1.63401  0.000646191
1.64453  0.00072116
1.65513  0.000648049
1.66527  0.000653127
1.67528  0.000657322
1.6854  0.000652856
1.69555  0.000656504
1.70551  0.000650238
1.71556  0.000654771
1.72614  0.000715553
1.7366  0.000659076
1.7467  0.000659706
1.75687  0.000661411
1.76687  0.000656448
1.77697  0.000666669
1.78715  0.000662174
1.79717  0.000659505
1.80721  0.00066408
1.81741  0.000669245
1.82739  0.000652807
1.83743  0.000672215
1.8476  0.000664507
1.85758  0.000662986
1.86812  0.000728489
1.87869  0.00067076
1.88883  0.000675771
1.89889  0.000663236
1.90899  0.000673885
1.9191  0.000675901
1.9292  0.000671204
1.93929  0.000670241
1.94936  0.000679182
1.95949  0.000671594
1.96955  0.000676049
1.97966  0.00067853
1.98976  0.000677053
1.99977  0.000664766
2.0098  0.000686047
2.01993  0.000673173
2.02995  0.000677447
2.04002  0.000682465
2.05058  0.000742076
2.0611  0.000675853
2.07108  0.000681366
2.0812  0.000681685
2.09128  0.000685765
2.10138  0.000687332
2.11152  0.000689408
2.12168  0.000688739
2.13177  0.000689847
2.14189  0.000684398
2.15194  0.0006876
2.16203  0.000692316
2.17216  0.000688768
2.18226  0.000694033
2.19238  0.000692818
2.2025  0.000692862
2.21262  0.000693218
2.22264  0.000690207
2.23272  0.000687712
2.24276  0.000696581
2.25285  0.000695673
2.26292  0.000688535
2.27302  0.000704329
2.28311  0.000697483
2.29368  0.000753804
2.30417  0.00070299
2.31427  0.000697987
2.32433  0.000694999
2.33446  0.000705554
2.34453  0.000704576
2.35473  0.000702194
2.3648  0.000704753
2.37486  0.000697611
2.38494  0.000706661
2.39507  0.000701607
2.4051  0.000710716
2.41533  0.000705544
2.42531  0.000701443
2.43542  0.000711402
2.44552  0.000703453
2.45559  0.00070428
2.46557  0.000707905
2.47576  0.000712204
2.48577  0.00070246
2.4958  0.000709804
2.5059  0.000709209
2.51649  0.000780407
2.52744  0.00077682
2.53806  0.000707144
2.54813  0.000726928
2.55828  0.000708631
2.56837  0.000716584
2.57861  0.000727368
2.58862  0.000708098
2.5987  0.000709414
2.60875  0.000719433
2.61878  0.000709913
2.62936  0.000796409
2.64003  0.000711697
2.65003  0.000723303
2.66016  0.000714556
2.67021  0.000720215
2.68029  0.000716285
2.69031  0.000722059
2.70048  0.000720585
2.7105  0.000720714
2.72057  0.000717213
2.73064  0.000722188
2.7407  0.000725919
2.75078  0.000715649
2.76087  0.000728537
2.77095  0.000723245
2.78101  0.000724981
2.79118  0.000725865
2.80121  0.000731023
2.81132  0.000715626
2.82131  0.00072408
2.8314  0.000728228
2.84147  0.000730776
2.85161  0.000722522
2.86164  0.00073097
2.8717  0.000718698
2.88173  0.000732918
2.89181  0.000724986
2.90191  0.000733064
2.91198  0.000726601
2.92205  0.000731437
2.93218  0.000735436
2.94233  0.000733035
2.95238  0.000730747
2.96253  0.000734351
2.97257  0.000729291
2.98271  0.000741518
2.99291  0.000738803
3.00299  0.000724127
3.01302  0.000743155
3.02325  0.000734483
3.03322  0.000727132
3.04327  0.000728182
3.05335  0.00074201
3.0634  0.000722105
3.07341  0.000740271
3.08364  0.000742022
3.09367  0.00073191
3.10371  0.000730675
3.11393  0.000753267
3.12397  0.000719751
3.13397  0.000743582
3.14421  0.000742375
3.15427  0.000735466
3.16432  0.000733127
3.17445  0.00074414
3.18447  0.000726767
3.19448  0.000736136
3.20461  0.000740138
3.21457  0.0007277
3.2246  0.000738846
3.23471  0.000737499
3.24475  0.000735061
3.25478  0.000738286
3.26495  0.000744335
3.27495  0.000730991
3.28507  0.000745493
3.29516  0.00073319
3.3052  0.000744273
3.3158  0.000807922
3.32636  0.000736843
3.33637  0.000738218
3.34647  0.000743907
3.35659  0.000734737
3.36659  0.000735487
3.37667  0.000749578
3.38732  0.000803052
3.39777  0.000740047
3.40795  0.000747791
3.41796  0.000727142
3.42797  0.000736836
3.43805  0.000752236
3.4482  0.00072513
3.45814  0.000742936
3.46832  0.000750892
3.47845  0.000739084
3.48854  0.000731381
3.49859  0.000756864
3.50871  0.000721863
3.51917  0.000815439
3.52978  0.000740361
3.53977  0.000727905
3.54983  0.000745488
3.55998  0.000747144
3.57005  0.000730962
3.58015  0.000745848
3.59022  0.000737099
3.60028  0.000734409
3.61035  0.000745472
3.62052  0.000740557
3.63048  0.000730492
3.64065  0.000744211
3.65065  0.000738079
3.66079  0.000732913
3.67084  0.000745859
3.68101  0.000740688
3.69098  0.00072823
3.70118  0.000747889
3.71123  0.000740537
3.72124  0.000718247
3.73134  0.000751563
3.74147  0.000733746
3.75147  0.000737679
3.76163  0.000732335
3.77169  0.000744139
3.78167  0.000719962
3.79231  0.000820412
3.80284  0.000718583
3.81283  0.000746448
3.82304  0.000737302
3.83315  0.000731386
3.8431  0.000731923
3.85338  0.000750408
3.86334  0.000710787
3.87337  0.000740213
3.88348  0.000736118
3.89362  0.000729588
3.90353  0.000729147
3.91383  0.000743592
3.92379  0.000720042
3.93391  0.000740176
3.94401  0.000727871
3.95411  0.000723238
3.96395  0.000728783
3.97429  0.000740961
3.98428  0.000721291
3.99436  0.000733446
4.00453  0.000737594
4.0146  0.000709909
4.02455  0.000739184
4.03485  0.000730907
4.04479  0.000716341
4.05487  0.000731492
4.06504  0.000730043
4.07502  0.000709913
4.08508  0.000740901
4.09535  0.00072336
4.10533  0.000718619
4.11541  0.000732106
4.12564  0.000721956
4.13558  0.000713123
4.14564  0.000725904
4.15569  0.000710556
4.16567  0.00071625
4.17569  0.000723603
4.18591  0.000715612
4.19581  0.000719002
4.206  0.000724223
4.2161  0.000710015
4.22609  0.000717773
4.2362  0.00072083
4.2463  0.000702865
4.25623  0.00072328
4.26645  0.000716736
4.27657  0.000710906
4.28657  0.000714506
4.29666  0.000716165
4.30741  0.000786916
4.31788  0.000707563
4.32789  0.000702147
4.33808  0.000718835
4.34809  0.000706539
4.35811  0.000701651
4.36832  0.000720693
4.37894  0.000785918
4.38958  0.000698656
4.40021  0.000781808
4.41075  0.000707475
4.42088  0.000700418
4.43105  0.000714376
4.44121  0.000708436
4.45124  0.000690903
4.46139  0.000711506
4.47189  0.000760364
4.48235  0.000681937
4.49239  0.000711176
4.50252  0.000698133
4.51253  0.000681337
4.5226  0.000706875
4.53267  0.000694076
4.54274  0.000685588
4.55318  0.000750653
4.56363  0.000695118
4.57371  0.00068363
4.5838  0.00069437
4.59385  0.000694486
4.60394  0.000678007
4.61398  0.000689221
4.62401  0.000694131
4.63412  0.000675963
4.64418  0.000687876
4.6543  0.000691682
4.66435  0.000678262
4.67445  0.000681422
4.68456  0.000694833
4.69518  0.000733055
4.70565  0.000687129
4.71636  0.000755155
4.72692  0.00066563
4.73697  0.000682918
4.74713  0.000690247
4.75734  0.000670146
4.76751  0.000688864
4.77763  0.000673598
4.78781  0.000677839
4.79852  0.000748568
4.809  0.000655809
4.81906  0.000664354
4.82913  0.00067711
4.83918  0.000659703
4.84922  0.000659209
4.85937  0.000680474
4.86994  0.000718652
4.88041  0.000655223
4.89052  0.000670567
4.90056  0.000651211
4.91066  0.000661536
4.92073  0.000664167
4.93085  0.000653662
4.94093  0.00065691
4.95113  0.000668303
4.96124  0.000649938
4.97132  0.00065132
4.98188  0.000721342
4.99249  0.000640616
5.0024  0.000646659
5.01264  0.000666575
5.0227  0.000630539
5.03324  0.000709716
5.04373  0.000651829
5.05395  0.000640875
5.06396  0.000633771
5.07402  0.000654879
5.08415  0.000632156
5.09422  0.000638184
5.10428  0.000646873
5.11492  0.000688461
5.12585  0.000687184
5.13638  0.000649369
5.14657  0.00062393
5.15659  0.000625752
5.16668  0.00065015
5.17687  0.000612718
5.18681  0.000626734
5.19691  0.000635299
5.20756  0.000682004
5.21807  0.000617347
5.22807  0.000631672
5.23833  0.000619713
5.24837  0.000619821
5.25844  0.000630502
5.26864  0.000607544
5.27871  0.000622236
5.28878  0.000624549
5.29898  0.000606096
5.30897  0.000607085
5.31903  0.000626379
5.32931  0.000608555
5.33927  0.000599231
5.34938  0.000623903
5.35955  0.000596455
5.3696  0.000604111
5.37966  0.000616499
5.38992  0.000596295
5.39986  0.000595818
5.4105  0.000674277
5.42111  0.000578039
5.43113  0.000606597
5.44121  0.000601303
5.45145  0.000586909
5.46184  0.00064174
5.47239  0.000607951
5.4831  0.000633308
5.49352  0.000580944
5.5034  0.000587136
5.51362  0.000585326
5.52359  0.000572366
5.53359  0.000596019
5.54385  0.000576325
5.55375  0.000570707
5.56386  0.000588806
5.57404  0.000572184
5.58403  0.000577791
5.59415  0.000577366
5.60433  0.000575941
5.61439  0.000568713
5.6244  0.000571014
5.63456  0.000567106
5.64454  0.000562991
5.65461  0.000572168
5.66482  0.000563181
5.67477  0.000557995
5.68496  0.000579122
5.6951  0.000547589
5.70508  0.000563069
5.71523  0.00055595
5.72528  0.000557236
5.73526  0.000544935
5.74547  0.000573418
5.7556  0.000534728
5.76559  0.000562139
5.7758  0.000545196
5.78584  0.000549576
5.7959  0.000541704
5.80604  0.000551245
5.81619  0.00054393
5.82631  0.000546325
5.83642  0.00053752
5.84652  0.000542639
5.85664  0.00053456
5.86674  0.000540019
5.87675  0.000519897
5.88671  0.000535946
5.89692  0.000540414
5.90702  0.00052153
5.91705  0.000530646
5.92716  0.000524818
5.93719  0.000523237
5.94729  0.00052227
5.95735  0.000527402
5.96738  0.000508495
5.97799  0.000581416
5.98858  0.000509532
5.99851  0.000510525
6.00863  0.000517389
6.01913  0.000559564
6.02966  0.000502517
6.03968  0.000518527
6.04991  0.0005079
6.05986  0.000498324
6.06992  0.000513503
6.08004  0.000504306
6.0901  0.00048734
6.10053  0.000557891
6.11117  0.000496908
6.12122  0.000496968
6.13139  0.000506681
6.14149  0.000486298
6.152  0.000540691
6.16262  0.000498695
6.17279  0.000496035
6.1829  0.000476912
6.19294  0.000498189
6.20316  0.000488239
6.21312  0.00046986
6.22369  0.000541815
6.23434  0.000475992
6.24437  0.000476492
6.25442  0.000478421
6.26463  0.000486764
6.27466  0.00045888
6.2847  0.000482625
6.29482  0.000468394
6.30493  0.000469879
6.31501  0.000469018
6.32513  0.000472755
6.33512  0.000452019
6.34572  0.00051402
6.35632  0.000465213
6.36631  0.00045027
6.3764  0.000464684
6.38648  0.000454103
6.39651  0.000454976
6.40719  0.000501659
6.41771  0.00045751
6.42788  0.000437943
6.43785  0.000459222
6.44811  0.000455618
6.45817  0.000434711
6.46873  0.000494309
6.4793  0.000446508
6.48948  0.000434383
6.49944  0.000443116
6.5101  0.000485742
6.52063  0.000425355
6.53071  0.000444598
6.54073  0.000428592
6.55088  0.000431997
6.56086  0.000425088
6.57091  0.000435645
6.58103  0.000419907
6.59151  0.000466043
6.60201  0.000425998
6.61265  0.000461036
6.62318  0.00042244
6.63323  0.00042083
6.64342  0.00041951
6.65349  0.000417567
6.66405  0.000458305
6.67472  0.0004126
6.68474  0.000405524
6.69478  0.000422522
6.70494  0.000397991
6.71485  0.000410051
6.72512  0.000413955
6.73576  0.000440518
6.74626  0.00040457
6.75641  0.000404505
6.7666  0.000401062
6.77709  0.000433534
6.78769  0.000405591
6.79784  0.000385128
6.80825  0.000437299
6.81889  0.000387278
6.82943  0.00043464
6.84017  0.000388803
6.85005  0.000379395
6.8603  0.000399035
6.87029  0.00037371
6.88032  0.000383414
6.89048  0.000384922
6.90062  0.000382017
6.9106  0.000371503
6.92083  0.000387849
6.93078  0.000364692
6.94084  0.000373881
6.95097  0.000375863
6.96109  0.00037435
6.97113  0.000360602
6.98126  0.000376376
6.99132  0.000362312
7.00134  0.000361465
7.01153  0.000368708
7.02147  0.00035645
7.03162  0.000362705
7.04186  0.000367087
7.05193  0.000353045
7.06198  0.000354547
7.0722  0.000358157
7.08213  0.000351486
7.09233  0.000352589
7.10253  0.000354191
7.11262  0.000348662
7.12263  0.000345284
7.13299  0.000353328
7.14283  0.000334191
7.153  0.000347872
7.16311  0.00033929
7.17309  0.000339564
7.18362  0.000367076
7.19434  0.00034205
7.20433  0.00033546
7.21494  0.000358379
7.22545  0.000333828
7.2355  0.000332503
7.24553  0.00032551
7.25582  0.000331898
7.26567  0.000325326
7.27628  0.00034705
7.28681  0.000328366
7.2968  0.000322248
7.30693  0.000317807
7.31717  0.000322928
7.32704  0.000314584
7.33719  0.000316668
7.34742  0.000322019
7.3575  0.000311183
7.36753  0.000312347
7.37836  0.000343707
7.38877  0.000312448
7.3989  0.000301603
7.40908  0.000314017
7.41919  0.000304318
7.42971  0.000329765
7.44048  0.000311339
7.45046  0.000295317
7.46096  0.000325113
7.4717  0.000308463
7.48178  0.00028939
7.49183  0.000296301
7.50196  0.000296495
7.51189  0.000286992
7.52188  0.000289337
7.53217  0.000296085
7.54209  0.000283294
7.55264  0.000314853
7.56322  0.000284
7.57329  0.000290129
7.58341  0.000278341
7.59361  0.000285852
7.60357  0.000279999
7.61369  0.000280356
7.62385  0.000275593
7.63392  0.000280794
7.644  0.000273877
7.65424  0.000276702
7.66413  0.000269404
7.67432  0.000275359
7.68451  0.000269794
7.69441  0.000268691
7.70457  0.000265432
7.71477  0.000270044
7.72473  0.000267345
7.73496  0.000263147
7.74518  0.000264768
7.75512  0.000261408
7.76526  0.000260619
7.77532  0.000255491
7.78537  0.000259993
7.79542  0.000254851
7.80571  0.000261703
7.81555  0.00024317
7.8257  0.000261328
7.83635  0.000271365
7.84676  0.000251864
7.85687  0.000243782
7.86699  0.000254514
7.87701  0.000241733
7.88713  0.000244526
7.89717  0.000246605
7.90721  0.000242648
7.91733  0.000237596
7.9275  0.000245973
7.93744  0.000236981
7.94778  0.00024319
7.95779  0.000232105
7.96782  0.000238001
7.97803  0.00023374
7.98801  0.000236354
7.99809  0.000230958
8.00829  0.000226196
8.01837  0.000237598
8.02837  0.000223748
8.03853  0.000225637
8.04867  0.000228898
8.05854  0.000225109
8.06885  0.000218948
8.07886  0.000228246
8.0893  0.000236896
8.10001  0.000223092
8.11013  0.000219891
8.12009  0.000216059
8.1304  0.00021637
8.14045  0.000223112
8.15097  0.000228361
8.16168  0.000214203
8.17188  0.000217269
8.18178  0.000207057
8.19253  0.00022985
8.20297  0.000209731
8.21301  0.000204538
8.22332  0.00020643
8.2333  0.000207302
8.24323  0.000203222
8.25363  0.000202225
8.26358  0.000203917
8.2736  0.000196282
8.28379  0.000199737
8.29377  0.00019967
8.30374  0.000194493
8.31407  0.000196512
8.32397  0.000197255
8.33399  0.000191119
8.34424  0.000189861
8.3542  0.00019534
8.36414  0.000190162
8.37447  0.000186123
8.38444  0.000191607
8.39439  0.000185699
8.40465  0.000184355
8.41507  0.000204187
8.42562  0.000185065
8.43591  0.000180767
8.4458  0.000184535
8.45587  0.000181442
8.46616  0.000176415
8.47613  0.000182903
8.48623  0.000182718
8.49654  0.000170084
8.50646  0.000179444
8.51658  0.000176966
8.52689  0.000173072
8.53732  0.000189224
8.54788  0.000172239
8.55808  0.000170242
8.56821  0.000174606
8.57829  0.000166745
8.58846  0.000165964
8.59852  0.000170868
8.60898  0.000175118
8.61965  0.000171461
8.62982  0.000162883
8.63972  0.000160255
8.65006  0.000162558
8.65992  0.000162443
8.67006  0.000157594
8.68017  0.000158715
8.69085  0.000176626
8.70128  0.000154568
8.71205  0.000174922
8.72258  0.000152074
8.73259  0.000153272
8.7427  0.000156231
8.75286  0.000148034
8.76287  0.000154241
8.77316  0.000151994
8.78308  0.000150203
8.79325  0.000145368
8.80339  0.00015105
8.81351  0.000146699
8.82344  0.000143666
8.83366  0.0001458
8.84378  0.000147127
8.85435  0.000152868
8.8649  0.0001468
8.87509  0.000140025
8.88512  0.000141308
8.89529  0.000137759
8.90529  0.000141164
8.91541  0.000134335
8.92547  0.000141192
8.9356  0.000133108
8.94563  0.000134528
8.95576  0.000137044
8.96594  0.000136231
8.97592  0.000126228
8.98606  0.00013641
8.99612  0.000130256
9.00628  0.000129758
9.0168  0.000141761
9.02729  0.000128389
9.03741  0.000126757
9.04763  0.000130931
9.0577  0.000123774
9.06782  0.000124149
9.07787  0.000127029
9.08804  0.00012444
9.09807  0.000119056
9.10818  0.000124992
9.11817  0.000121369
9.12828  0.000118264
9.13851  0.000121942
9.14852  0.000119199
9.1586  0.000118124
9.16888  0.000119217
9.17888  0.000118137
9.1889  0.00011152
9.19915  0.000119402
9.20913  0.000111601
9.21922  0.000114759
9.22941  0.00011236
9.23938  0.000112962
9.24949  0.000109299
9.25968  0.000113682
9.26977  0.000109263
9.2798  0.000109841
9.29009  0.000107159
9.29999  0.000109817
9.31013  0.000106133
9.32045  0.00010729
9.33092  0.00011769
9.34159  0.000104251
9.35218  0.000113034
9.36276  0.000104536
9.37283  0.000100374
9.38295  0.00010488
9.39293  0.000100165
9.40305  9.84065e-05
9.41334  0.000101603
9.42318  0.000100402
9.43334  9.79553e-05
9.44359  9.60299e-05
9.45337  0.000100338
9.46363  9.39073e-05
9.47374  9.5917e-05
9.48379  9.74281e-05
9.49387  9.18082e-05
9.50413  9.61898e-05
9.51421  9.4773e-05
9.52425  9.11781e-05
9.53456  9.37587e-05
9.54458  9.18523e-05
9.55478  9.01945e-05
9.56504  8.92133e-05
9.57493  9.33108e-05
9.58509  8.58413e-05
9.59532  9.05668e-05
9.60552  8.96606e-05
9.61598  9.13274e-05
9.6267  8.69692e-05
9.63653  8.72397e-05
9.64664  8.38121e-05
9.65684  8.42639e-05
9.66686  8.21342e-05
9.67693  8.6047e-05
9.68722  8.35216e-05
9.69759  8.79267e-05
9.70827  8.08695e-05
9.71842  8.40516e-05
9.72861  7.82858e-05
9.73862  7.89099e-05
9.74895  8.20994e-05
9.75878  7.74063e-05
9.76892  7.77877e-05
9.77923  7.7932e-05
9.78913  7.53684e-05
9.79921  7.82514e-05
9.80952  7.60988e-05
9.81934  7.24087e-05
9.82954  7.63692e-05
9.83988  7.70593e-05
9.84992  7.15284e-05
9.85999  7.18513e-05
9.87011  7.36489e-05
9.88026  7.25278e-05
9.8905  7.17117e-05
9.90109  7.91252e-05
9.91152  6.81562e-05
9.92185  7.15494e-05
9.93213  6.96731e-05
9.94203  6.80928e-05
9.95212  6.87064e-05
9.96244  6.89448e-05
9.97235  6.57674e-05
9.98266  6.88031e-05
9.99273  6.61231e-05
10.0029  6.59214e-05
10.0132  6.66618e-05
10.0236  7.00711e-05
10.0341  6.11071e-05
10.0442  6.5118e-05
10.0545  6.63028e-05
10.0643  6.04119e-05
10.0746  6.24306e-05
10.0847  6.21864e-05
10.0947  6.02683e-05
10.1053  6.60867e-05
10.1158  6.17229e-05
10.1259  5.86263e-05
10.1363  6.23151e-05
10.1463  5.83854e-05
10.1565  5.82794e-05
10.1667  5.80307e-05
10.1767  5.95475e-05
10.1867  5.38137e-05
10.1969  5.86014e-05
10.2071  5.69677e-05
10.217  5.47692e-05
10.2274  5.49383e-05
10.2374  5.65734e-05
10.2474  5.4977e-05
10.2578  5.35171e-05
10.2676  5.4042e-05
10.2778  5.36424e-05
10.288  5.05118e-05
10.2981  5.46357e-05
10.308  5.10751e-05
10.3183  5.33373e-05
10.3285  5.07915e-05
10.3383  4.94793e-05
10.3488  5.14835e-05
10.3589  5.12179e-05
10.3688  4.91624e-05
10.3793  4.87236e-05
10.3893  4.95826e-05
10.3992  4.81187e-05
10.4094  4.79249e-05
10.4196  4.69884e-05
10.4296  4.73565e-05
10.4398  4.77619e-05
10.4504  5.08422e-05
10.4608  4.49676e-05
10.4711  4.62451e-05
10.4818  5.05344e-05
10.4922  4.51139e-05
10.5026  4.43054e-05
10.5125  4.52082e-05
10.5227  4.322e-05
10.5329  4.24566e-05
10.543  4.44619e-05
10.553  4.38071e-05
10.5634  4.23805e-05
10.5736  4.20839e-05
10.5835  4.11317e-05
10.5938  4.28248e-05
10.6041  4.05884e-05
10.6139  4.20229e-05
10.6243  3.9682e-05
10.6344  4.06494e-05
10.6444  3.91913e-05
10.6548  4.0312e-05
10.665  3.96213e-05
10.6749  3.84935e-05
10.6852  3.73181e-05
10.6954  4.05494e-05
10.7051  3.46234e-05
10.7153  3.92273e-05
10.7262  4.06146e-05
10.7365  3.78017e-05
10.7469  3.49415e-05
10.7569  3.55885e-05
10.767  3.69655e-05
10.7771  3.62246e-05
10.7873  3.47354e-05
10.7973  3.50873e-05
10.8077  3.52222e-05
10.8177  3.4303e-05
10.8277  3.37946e-05
10.8381  3.35526e-05
10.8483  3.47918e-05
10.8584  3.31215e-05
10.8686  3.30182e-05
10.8787  3.33119e-05
10.8885  3.11518e-05
10.8992  3.28923e-05
10.9092  3.09715e-05
10.9191  3.24436e-05
10.9296  3.15934e-05
10.9397  3.11438e-05
10.9499  3.10729e-05
10.9602  3.00578e-05
10.9703  3.17378e-05
10.9803  2.84682e-05
10.9907  3.06116e-05
11.0008  2.95699e-05
11.011  3.04995e-05
11.0221  2.92057e-05
11.0321  3.01292e-05
11.0422  2.81746e-05
11.0525  2.70769e-05
11.0625  2.78905e-05
11.0726  2.78998e-05
11.0826  2.70615e-05
11.0929  2.81291e-05
11.1031  2.60868e-05
11.1135  2.75945e-05
11.1235  2.58815e-05
11.1334  2.57162e-05
11.1439  2.68257e-05
11.1538  2.65503e-05
11.1639  2.41387e-05
11.1745  2.64299e-05
11.1842  2.46519e-05
11.1945  2.46896e-05
11.2047  2.42872e-05
11.215  2.54091e-05
11.2251  2.3075e-05
11.2354  2.59429e-05
11.2455  2.27565e-05
11.2556  2.31834e-05
11.2662  2.44734e-05
11.2764  2.29426e-05
11.2861  2.21577e-05
11.2968  2.46783e-05
11.3069  2.23862e-05
11.3171  2.05162e-05
11.3273  2.27855e-05
11.3374  2.35773e-05
11.3476  1.95918e-05
11.3575  2.16443e-05
11.3678  2.23682e-05
11.378  1.99457e-05
11.3881  2.09825e-05
11.3983  2.07212e-05
11.4083  2.09742e-05
11.4188  2.0515e-05
11.4286  1.95353e-05
11.4388  1.96639e-05
11.4492  1.97029e-05
11.4591  2.00679e-05
11.4691  1.90232e-05
11.4796  1.95823e-05
11.4896  1.79299e-05
11.4995  1.90949e-05
11.5101  1.90593e-05
11.52  1.79901e-05
11.53  1.87667e-05
11.5406  1.83943e-05
11.5507  1.74221e-05
11.5605  1.68569e-05
11.571  1.89029e-05
11.5812  1.72987e-05
11.5914  1.74029e-05
11.6017  1.71343e-05
11.6118  1.74646e-05
11.6222  1.60109e-05
11.6325  1.70385e-05
11.6425  1.66646e-05
11.6527  1.61119e-05
11.6629  1.64208e-05
11.6733  1.64812e-05
11.6833  1.59435e-05
11.6939  1.57972e-05
11.704  1.46953e-05
11.7139  1.63833e-05
11.7244  1.47382e-05
11.7343  1.48582e-05
11.7447  1.51934e-05
11.7549  1.5005e-05
11.7648  1.4357e-05
11.775  1.39298e-05
11.7853  1.51866e-05
11.7954  1.42547e-05
11.8052  1.34809e-05
11.8159  1.4212e-05
11.8261  1.37668e-05
11.836  1.45528e-05
11.8464  1.33157e-05
11.8572  1.37189e-05
11.8678  1.3506e-05
11.8779  1.34577e-05
11.8883  1.3289e-05
11.8982  1.23244e-05
11.9084  1.32952e-05
11.9193  1.18396e-05
11.929  1.28079e-05
11.9394  1.29216e-05
11.9496  1.25142e-05
11.96  1.17144e-05
11.9701  1.22113e-05
11.98  1.14685e-05
11.9906  1.27444e-05
12.0008  1.05063e-05
12.0108  1.20551e-05
12.0214  1.14509e-05
12.0313  1.11184e-05
12.0415  1.03584e-05
12.0513  1.12026e-05
12.0618  1.20819e-05
12.0722  1.01306e-05
12.0824  1.14184e-05
12.0932  1.11169e-05
12.1031  9.68298e-06
12.1133  1.02215e-05
12.1238  1.10714e-05
12.1341  1.04386e-05
12.1439  8.93509e-06
12.1543  1.11158e-05
12.165  1.0124e-05
12.1748  9.27137e-06
12.1851  9.66299e-06
12.1956  9.02303e-06
12.2058  1.01938e-05
12.2161  9.91796e-06
12.2261  8.36672e-06
12.2367  9.64817e-06
12.247  9.1059e-06
12.2573  9.15411e-06
12.2674  9.02195e-06
12.2776  9.18131e-06
12.2881  8.36701e-06
12.2986  8.40779e-06
12.3088  9.0913e-06
12.3191  8.4539e-06
12.3291  8.42239e-06
12.3393  8.20948e-06
12.3496  8.08181e-06
12.3597  7.90514e-06
12.3703  8.55075e-06
12.381  7.95917e-06
12.3912  8.2418e-06
12.4013  8.01622e-06
12.4122  7.09796e-06
12.4223  7.68699e-06
12.4322  7.91718e-06
12.4425  7.43643e-06
12.4532  7.06401e-06
12.4628  7.35131e-06
12.4735  7.17908e-06
12.4839  6.82836e-06
12.4938  7.775e-06
12.5043  6.69636e-06
12.5144  6.71279e-06
12.5248  6.97465e-06
12.5351  6.28119e-06
12.5453  7.10664e-06
12.5556  6.6441e-06
12.5657  6.22599e-06
12.576  6.67042e-06
12.5859  6.00184e-06
12.5964  6.52984e-06
12.6065  5.90689e-06
12.6166  6.56704e-06
12.6275  6.33588e-06
12.6375  6.24572e-06
12.6481  6.23229e-06
12.6588  5.32088e-06
12.6685  5.87017e-06
12.6786  5.82502e-06
12.6894  5.65078e-06
12.6996  6.35433e-06
12.7095  5.01282e-06
12.7206  5.58934e-06
12.7307  5.41071e-06
12.7403  5.20132e-06
12.7511  5.77697e-06
12.7613  5.18973e-06
12.7715  5.6275e-06
12.7819  4.61036e-06
12.7919  5.17973e-06
12.8024  5.37464e-06
12.8125  4.95749e-06
12.8228  5.01354e-06
12.8333  4.10327e-06
12.8438  4.99968e-06
12.8537  5.32276e-06
12.8642  4.73804e-06
12.8749  4.73064e-06
12.8848  4.50053e-06
12.8949  4.1461e-06
12.9056  4.89435e-06
12.916  4.34765e-06
12.926  4.3674e-06
12.9364  4.31813e-06
12.9469  4.46009e-06
12.9574  4.51256e-06
12.9678  4.56885e-06
12.9786  3.9743e-06
12.989  4.16474e-06
12.9994  4.21097e-06
13.0095  3.95277e-06
13.02  3.63205e-06
13.0301  4.31227e-06
13.0405  3.85121e-06
13.051  3.67456e-06
13.0611  3.71121e-06
13.0709  4.06461e-06
13.0819  3.57614e-06
13.0923  3.51825e-06
13.1026  3.63185e-06
13.1129  3.49363e-06
13.1234  3.88635e-06
13.1338  3.56638e-06
13.1445  3.61037e-06
13.1548  3.52697e-06
13.1657  3.25468e-06
13.1761  3.15343e-06
13.1864  3.74249e-06
13.1969  3.19066e-06
13.2071  2.76089e-06
13.2178  3.46796e-06
13.228  3.37198e-06
13.2387  3.04577e-06
13.2485  2.81025e-06
13.2588  3.23153e-06
13.2695  2.9478e-06
13.28  3.01266e-06
13.2898  2.80075e-06
13.3004  2.90491e-06
13.3111  3.04613e-06
13.3222  2.92311e-06
13.3329  2.92612e-06
13.3433  2.80588e-06
13.3537  2.61183e-06
13.3641  2.86088e-06
13.3743  2.66865e-06
13.3847  2.26555e-06
13.3956  2.5201e-06
13.4063  2.8182e-06
13.416  2.54567e-06
13.4265  2.64834e-06
13.437  2.37274e-06
13.447  2.47109e-06
13.4586  2.45356e-06
13.4685  2.48808e-06
13.4791  2.19502e-06
13.4899  2.49885e-06
13.5006  2.54657e-06
13.5116  2.06631e-06
13.5216  2.27795e-06
13.5321  2.41899e-06
13.5434  1.95315e-06
13.5532  2.26001e-06
13.5635  2.13683e-06
13.5742  1.97061e-06
13.5855  2.15801e-06
13.5962  2.28301e-06
13.6066  1.98239e-06
13.6171  2.30551e-06
13.6269  1.65036e-06
13.6376  1.75497e-06
13.6486  1.99497e-06
13.6582  2.01069e-06
13.6689  1.96916e-06
13.6795  1.80417e-06
13.69  1.90975e-06
13.7013  1.77099e-06
13.7123  1.85899e-06
13.7225  1.90656e-06
13.7338  1.71265e-06
13.7439  1.65178e-06
13.7547  1.62085e-06
13.7653  1.7552e-06
13.7754  1.70643e-06
13.7865  1.68476e-06
13.7965  1.73691e-06
13.8075  1.3413e-06
13.8184  1.6096e-06
13.8292  1.88669e-06
13.8395  1.45289e-06
13.8496  1.36795e-06
13.8608  1.51078e-06
13.8706  1.46118e-06
13.8816  1.4701e-06
13.8923  1.43624e-06
13.9017  1.26412e-06
13.912  1.40353e-06
13.9235  1.42376e-06
13.9336  1.20941e-06
13.9436  1.44833e-06
13.9539  1.41977e-06
13.9659  1.21908e-06
13.9762  1.46112e-06
13.9876  1.38296e-06
13.9978  1.0894e-06
14.0081  1.24108e-06
14.019  1.17499e-06
14.0291  1.14615e-06
14.0399  1.26039e-06
14.05  1.20221e-06
14.0607  1.24976e-06
14.0712  1.02239e-06
14.0822  1.18339e-06
14.0928  1.20233e-06
14.1022  9.76924e-07
14.1137  9.7577e-07
14.1241  1.21464e-06
14.1342  9.58178e-07
14.145  1.14427e-06
14.1564  1.19746e-06
14.1662  9.9962e-07
14.1769  6.87264e-07
14.1875  1.065e-06
14.1986  1.02016e-06
14.2078  7.67616e-07
14.2182  1.11552e-06
14.2291  8.22954e-07
14.2403  1.1237e-06
14.2508  9.25355e-07
14.2624  9.28712e-07
14.2732  7.58425e-07
14.2829  9.33158e-07
14.2933  6.34977e-07
14.304  9.93369e-07
14.3142  7.19456e-07
14.3247  1.02165e-06
14.3351  7.50717e-07
14.3456  9.05244e-07
14.3573  7.63186e-07
14.3664  6.10969e-07
14.3771  6.8282e-07
14.3887  8.49028e-07
14.3987  7.60136e-07
14.4089  6.6297e-07
14.4197  8.91484e-07
14.4308  7.44938e-07
14.4407  5.63381e-07
14.4519  7.58333e-07
14.463  8.33333e-07
14.4738  5.8189e-07
14.4833  6.17508e-07
14.4942  6.39519e-07
14.504  5.84128e-07
14.5152  7.0132e-07
14.5249  6.74177e-07
14.5359  6.93877e-07
14.546  5.17308e-07
14.5553  4.76459e-07
14.5669  5.47833e-07
14.5773  6.72487e-07
14.5876  6.12758e-07
14.5982  5.30035e-07
14.609  5.6883e-07
14.6201  6.90863e-07
14.6312  5.48855e-07
14.6409  5.67312e-07
14.6522  3.84641e-07
14.6619  5.39968e-07
14.6724  3.40004e-07
14.6823  6.27897e-07
14.694  6.23515e-07
14.7043  4.06457e-07
14.7134  5.05866e-07
14.7248  4.37319e-07
14.7359  4.02651e-07
14.7448  4.68691e-07
14.7553  5.04702e-07
14.7669  5.52423e-07
14.7781  3.88955e-07
14.7891  4.65975e-07
14.8006  4.60041e-07
14.8111  4.86554e-07
14.8207  3.89322e-07
14.8307  3.13727e-07
14.8417  3.79095e-07
14.8527  4.37497e-07
14.8622  4.22138e-07
14.8735  3.16249e-07
14.8834  4.36606e-07
14.8933  4.26716e-07
14.9044  2.58352e-07
14.915  4.31268e-07
14.9261  3.9543e-07
14.9361  2.82121e-07
14.9462  3.79343e-07
14.9573  4.38969e-07
14.9688  3.33854e-07
14.9794  2.62088e-07
14.9891  2.92896e-07
14.9997  3.71276e-07
15.0108  3.17897e-07
15.0184  2.77278e-07
15.0312  3.4358e-07
15.0414  3.42984e-07
15.052  1.94891e-07
15.0629  3.90057e-07
15.0742  3.0901e-07
15.0851  2.94629e-07
15.0966  2.51748e-07
15.1077  3.54836e-07
15.1193  2.67997e-07
15.1296  2.47413e-07
15.139  3.15572e-07
15.1494  2.6385e-07
15.1594  2.37169e-07
15.1708  2.56217e-07
15.183  3.03787e-07
15.1918  2.26779e-07
15.2038  2.13171e-07
15.214  1.51968e-07
15.2225  2.91502e-07
15.2337  2.38599e-07
15.245  2.68428e-07
15.2558  2.46281e-07
15.2655  1.98504e-07
15.2778  2.22381e-07
15.287  2.30509e-07
15.298  1.95961e-07
15.3099  1.77766e-07
15.3193  2.25803e-07
15.3298  2.36811e-07
15.3406  2.33324e-07
15.3517  2.02378e-07
15.3643  1.15641e-07
15.3725  1.4445e-07
15.3844  2.32926e-07
15.3948  1.93887e-07
15.4056  1.53165e-07
15.4155  2.4198e-07
15.4251  1.34197e-07
15.4368  2.47205e-07
15.4471  1.61146e-07
15.4593  1.24396e-07
15.4698  1.14678e-07
15.4798  1.78873e-07
15.4922  1.85064e-07
15.5026  2.0068e-07
15.513  1.40929e-07
15.5236  1.6226e-07
15.5339  9.28001e-08
15.5442  1.85563e-07
15.5555  1.74326e-07
15.5657  1.4255e-07
15.577  9.13795e-08
15.5873  1.3757e-07
15.5991  1.8105e-07
15.6111  1.67105e-07
15.6193  1.36726e-07
15.6295  1.25491e-07
15.6416  1.05505e-07
15.6542  1.22187e-07
15.6629  9.44026e-08
15.6744  1.29836e-07
15.6847  1.3703e-07
15.6956  9.7686e-08
15.7075  1.35095e-07
15.718  1.13703e-07
15.7287  1.32201e-07
15.7379  1.10772e-07
15.7501  1.05567e-07
15.7602  9.50712e-08
15.7725  8.91207e-08
15.7827  9.27554e-08
15.7932  1.32745e-07
15.8038  1.09252e-07
15.8141  1.29508e-07
15.8247  7.70507e-08
15.8338  8.16059e-08
15.8434  6.28594e-08
15.8568  1.09229e-07
15.8671  7.61178e-08
15.878  1.21316e-07
15.89  8.66391e-08
15.9014  9.40693e-08
15.9122  9.75931e-08
15.9225  4.86036e-08
15.9343  9.15101e-08
15.9448  6.53856e-08
15.9542  7.88554e-08
15.9662  9.19017e-08
15.9767  1.02766e-07
15.9868  9.26589e-08
15.9994  4.10982e-08
16.0086  8.61603e-08
16.0205  5.83596e-08
16.0326  7.74975e-08
16.0471  5.01056e-08
16.0576  1.06966e-07
16.0685  4.6754e-08
16.0789  5.09886e-08
16.0888  1.01843e-07
16.1018  6.3545e-08
16.1127  5.7987e-08
16.1244  8.1776e-08
16.1348  5.01256e-08
16.1486  7.37787e-08
16.1566  4.53508e-08
16.1684  6.97613e-08
16.1801  3.35129e-08
16.1927  4.24271e-08
16.2025  7.09518e-08
16.2131  8.22374e-08
16.2271  4.41643e-08
16.2376  8.05333e-08
16.2491  4.30649e-08
16.2611  4.1965e-08
16.2709  4.28233e-08
16.2817  5.96369e-08
16.2944  3.4212e-08
16.3066  6.50591e-08
16.3166  2.81349e-08
16.328  3.8505e-08
16.339  3.72129e-08
16.3514  6.95248e-08
16.3628  5.12457e-08
16.3754  2.64225e-08
16.3849  3.95994e-08
16.3957  2.32175e-08
16.4079  5.04983e-08
16.4166  3.65201e-08
16.4289  5.65996e-08
16.4413  3.90243e-08
16.4544  2.86705e-08
16.4638  2.63193e-08
16.4743  3.35634e-08
16.4839  5.01651e-08
16.4977  2.55379e-08
16.5082  3.26905e-08
16.5196  3.48257e-08
16.5307  5.74298e-08
16.5449  1.8645e-08
16.5517  1.8442e-08
16.5692  1.58839e-08
16.5821  3.35119e-08
16.5912  4.69829e-08
16.6076  4.86498e-08
16.6199  4.32925e-08
16.6306  2.24843e-08
16.6417  2.32203e-08
16.6556  1.53274e-08
16.6697  2.30064e-08
16.6796  3.89687e-08
16.6883  1.81075e-08
16.704  4.65512e-08
16.7154  1.34818e-08
16.7279  2.54995e-08
16.7414  2.10519e-08
16.7524  8.03422e-09
16.7627  1.46246e-08
16.7721  3.59638e-08
16.7856  2.76053e-08
16.7981  2.02146e-08
16.8089  2.53273e-08
16.8212  2.82157e-08
16.8322  1.87787e-08
16.8489  1.15305e-08
16.856  2.14625e-08
16.8697  1.02088e-08
16.8826  2.06838e-08
16.8896  2.87511e-08
16.9025  2.33628e-08
16.9116  9.10233e-09
16.9279  1.55114e-08
16.9404  3.06411e-09
16.9495  2.42022e-08
16.9617  2.05499e-08
16.978  1.76309e-08
16.9894  1.26655e-08
17.0039  2.43621e-08
17.0146  1.73347e-08
17.0271  1.10682e-08
17.0415  1.01488e-08
17.0503  1.21334e-08
17.063  7.73311e-09
17.0704  2.10608e-08
17.0809  1.77125e-08
17.0958  1.08488e-08
17.1052  1.84641e-08
17.1224  4.6424e-09
17.1348  2.27489e-09
17.1469  2.04647e-08
17.1634  6.32521e-09
17.1719  2.09715e-08
17.1846  1.47713e-08
17.1985  4.32943e-09
17.2066  1.2401e-08
17.2249  1.62786e-08
17.2393  7.8008e-09
17.2591  1.45187e-08
17.2687  4.52238e-09
17.2836  1.8016e-08
17.3003  1.20426e-08
17.3114  5.69211e-09
17.3259  2.03558e-08
17.3463  7.5512e-09
17.3559  1.05093e-08
17.3754  4.55858e-09
17.39  6.14482e-09
17.4017  1.34665e-08
17.4212  4.26664e-09
17.4368  6.73003e-09
17.4461  1.23767e-08
17.4595  2.71524e-09
17.4686  7.00719e-09
17.4808  1.04547e-08
17.4994  2.33602e-09
17.5038  1.30346e-08
17.5175  3.02332e-09
17.5286  2.75109e-09
17.5435  6.61123e-09
17.556  8.78106e-09
17.5662  3.04796e-09
17.577  7.45906e-09
17.6014  2.74737e-09
17.6061  5.44379e-09
17.6236  5.35358e-09
17.6342  6.09837e-09
17.6394  2.18265e-09
17.6579  1.59815e-09
17.6627  2.82838e-09
17.68  1.05727e-08
17.6977  1.10586e-08
17.7121  2.5644e-09
17.7233  7.05683e-09
17.7526  1.80469e-09
17.7664  3.67813e-09
17.7778  2.7531e-09
17.7896  3.80408e-09
17.7984  5.46859e-09
17.8119  2.16494e-09
17.8213  6.6465e-09
17.8445  4.04981e-10
17.8579  4.91725e-10
17.8784  1.08701e-08
17.8976  5.37115e-09
17.9108  1.35509e-09
17.9301  4.2689e-09
17.9426  5.24278e-09
17.9744  6.59047e-09
17.9947  2.69204e-09
18.0164  4.44162e-09
18.0382  8.94561e-10
18.0536  1.63558e-09
18.0633  4.23107e-09
18.0762  7.54401e-10
18.0878  1.79366e-09
18.0983  4.94745e-09
18.1423  4.16111e-10
18.1572  6.14884e-09
18.1722  4.64928e-09
18.1956  2.49099e-09
18.2534  2.56723e-09
18.2758  3.24418e-09
18.2935  2.65753e-09
18.3162  3.0012e-09
18.3405  5.00401e-10
18.3494  2.89528e-09
18.3711  3.54108e-09
18.431  4.07589e-10
18.4393  3.87745e-09
18.4956  2.87793e-09
18.5297  1.54356e-09
18.5511  3.10322e-09
18.5943  1.79447e-09
18.6291  3.93705e-10
18.6471  1.23629e-09
18.6717  1.91921e-09
18.7102  1.3377e-09
18.747  1.09106e-09
18.7716  1.63842e-09
18.7862  3.86927e-10
18.8124  1.46334e-09
18.8722  3.98372e-10
18.8922  3.48403e-10
18.9037  2.21271e-10
18.9266  4.13648e-10
18.9686  1.61727e-09
18.9884  1.45665e-09
19.0228  8.64718e-10
19.0597  3.98344e-10
19.1473  1.14599e-09
19.1672  6.26605e-10
19.2642  5.77234e-10
19.2879  3.56563e-10
19.3642  1.01885e-09
19.3986  2.01608e-10
19.4296  3.41624e-10
19.5438  1.93136e-10
19.5872  2.93017e-10
19.64  8.0749e-10
19.7645  2.67537e-10
19.9813  2.37855e-10
20.0158  2.82398e-10
20.2572  1.88512e-10
20.6329  1.31854e-10
