-20.5663  1.38042e-10
-20.1914  1.98376e-10
-19.9516  2.92374e-10
-19.916  2.49264e-10
-19.6988  2.82975e-10
-19.5768  8.40324e-10
-19.5204  3.10651e-10
-19.4772  2.02199e-10
-19.3677  3.34088e-10
-19.337  2.06417e-10
-19.3013  1.05589e-09
-19.236  3.40222e-10
-19.2019  6.03803e-10
-19.1194  3.59581e-10
-19.1023  2.90575e-10
-19.0842  1.19869e-09
-19.0131  3.70564e-10
-18.9621  8.89908e-10
-18.9246  1.88924e-09
-18.9057  1.31592e-09
-18.8625  4.2826e-10
-18.8371  2.31654e-10
-18.8262  7.75258e-10
-18.753  1.4152e-09
-18.7397  3.97335e-10
-18.7093  1.7226e-09
-18.6866  1.11819e-09
-18.6534  1.3846e-09
-18.6213  1.4809e-09
-18.6097  4.14493e-10
-18.5862  1.68361e-09
-18.5309  1.89108e-09
-18.5063  1.95454e-09
-18.4877  1.23088e-09
-18.468  1.60232e-09
-18.4465  3.92553e-10
-18.4334  2.61952e-09
-18.3984  1.56972e-09
-18.3795  2.44653e-09
-18.3732  2.4815e-10
-18.3244  4.74741e-10
-18.3086  4.78901e-09
-18.291  1.39357e-09
-18.2786  4.89362e-10
-18.2568  2.84039e-09
-18.2466  2.37344e-09
-18.2183  1.71925e-09
-18.2107  4.37454e-09
-18.1867  4.18302e-10
-18.1416  2.41214e-09
-18.1277  3.87206e-09
-18.1128  8.84433e-10
-18.0979  6.63514e-09
-18.0468  4.84965e-10
-18.0393  6.5436e-09
-18.0248  2.7825e-09
-18.0053  2.13517e-09
-17.9951  2.21924e-09
-17.9699  4.79178e-09
-17.9383  2.78787e-09
-17.9267  2.80642e-09
-17.9162  4.00532e-09
-17.894  3.9355e-09
-17.8856  2.90106e-09
-17.873  1.30351e-09
-17.8563  4.23114e-09
-17.8466  1.92054e-09
-17.8348  6.96479e-09
-17.8184  6.51194e-09
-17.7945  9.41977e-10
-17.7837  1.66234e-09
-17.7657  6.05603e-09
-17.7531  6.3314e-09
-17.7481  2.83446e-09
-17.7365  6.00766e-10
-17.7199  3.51174e-09
-17.708  5.28117e-09
-17.6854  2.12525e-09
-17.6648  7.60001e-09
-17.6508  5.39268e-09
-17.6367  1.39686e-08
-17.6202  2.52321e-09
-17.6027  2.9486e-09
-17.5937  8.44303e-09
-17.5737  5.64693e-09
-17.5593  6.61569e-09
-17.5362  6.74727e-09
-17.5274  6.22817e-09
-17.5127  7.49825e-09
-17.4967  2.9763e-09
-17.4865  7.23907e-09
-17.4742  4.05251e-09
-17.4577  6.37843e-09
-17.4413  1.28378e-08
-17.4252  1.36551e-08
-17.4112  7.54282e-09
-17.3925  1.00447e-08
-17.3821  6.96458e-09
-17.3547  1.43206e-08
-17.3417  9.37658e-09
-17.3293  2.95389e-09
-17.3137  1.06232e-08
-17.3048  4.29104e-09
-17.2891  5.85031e-09
-17.2783  6.85864e-09
-17.2682  1.33769e-08
-17.257  1.0615e-08
-17.2431  1.2261e-08
-17.2294  8.49199e-09
-17.2187  1.7214e-08
-17.1994  8.86295e-09
-17.183  5.4086e-09
-17.1737  1.51271e-08
-17.1616  1.52882e-08
-17.1388  1.79887e-08
-17.1321  7.80305e-09
-17.1215  6.59954e-09
-17.1088  1.91987e-08
-17.0954  1.28972e-08
-17.0802  4.33014e-09
-17.0687  4.76988e-09
-17.0575  1.61241e-08
-17.0485  1.20285e-08
-17.0367  1.72114e-08
-17.0246  1.47126e-08
-17.0131  1.20691e-08
-17.0024  1.6492e-08
-16.9845  1.48905e-08
-16.9763  1.41355e-08
-16.9621  1.12664e-08
-16.9528  2.08577e-08
-16.9425  2.25584e-08
-16.9297  8.74785e-09
-16.9181  1.86678e-08
-16.9059  1.28394e-08
-16.8942  1.39083e-08
-16.8809  1.59414e-08
-16.8668  1.53653e-08
-16.8561  2.12854e-08
-16.843  4.13211e-08
-16.8287  1.08903e-08
-16.8194  9.50372e-09
-16.8055  2.24116e-08
-16.7953  8.85026e-09
-16.7815  2.52469e-08
-16.7708  2.81902e-08
-16.7621  3.08325e-08
-16.7454  1.52316e-08
-16.7322  3.50685e-08
-16.7199  2.79832e-08
-16.7089  1.88765e-08
-16.7005  1.46556e-08
-16.6886  1.37657e-08
-16.6771  2.48113e-08
-16.6629  4.05164e-08
-16.654  1.14674e-08
-16.6437  3.52735e-08
-16.6316  2.00551e-08
-16.6183  2.69016e-08
-16.6018  2.06307e-08
-16.5936  1.70801e-08
-16.5834  3.30782e-08
-16.5705  4.12703e-08
-16.5611  4.85218e-08
-16.5473  3.90402e-08
-16.5385  2.16465e-08
-16.5241  1.53478e-08
-16.513  2.22856e-08
-16.5036  2.14035e-08
-16.4885  6.67758e-08
-16.4796  1.55421e-08
-16.4672  4.07728e-08
-16.453  3.1518e-08
-16.4433  5.36109e-08
-16.4332  2.54467e-08
-16.4244  1.33484e-08
-16.4121  2.99032e-08
-16.3997  5.21486e-08
-16.3865  5.67193e-08
-16.377  1.73289e-08
-16.368  4.83654e-08
-16.3563  3.81519e-08
-16.3464  2.68955e-08
-16.3359  4.96412e-08
-16.3234  4.55068e-08
-16.3116  6.22246e-08
-16.2999  4.07956e-08
-16.289  3.69629e-08
-16.2788  1.74854e-08
-16.2668  8.82523e-08
-16.2563  2.49269e-08
-16.2421  3.87781e-08
-16.2318  6.30944e-08
-16.2212  5.49435e-08
-16.2072  4.22381e-08
-16.1936  5.51478e-08
-16.184  7.23454e-08
-16.1712  8.46101e-08
-16.1585  4.63535e-08
-16.1517  6.64541e-08
-16.1363  5.24786e-08
-16.1272  4.0261e-08
-16.1138  7.59529e-08
-16.1034  3.63272e-08
-16.0927  6.24999e-08
-16.0828  8.80547e-08
-16.0708  5.65195e-08
-16.0621  4.37175e-08
-16.0502  8.65474e-08
-16.0399  7.14617e-08
-16.0262  8.51331e-08
-16.0163  6.16237e-08
-16.007  4.38634e-08
-15.994  7.57926e-08
-15.9832  6.9103e-08
-15.9741  6.01352e-08
-15.9619  7.52199e-08
-15.9514  7.01787e-08
-15.9417  8.06291e-08
-15.9321  8.7818e-08
-15.9207  4.12509e-08
-15.9108  1.07969e-07
-15.9002  8.02554e-08
-15.8906  7.76219e-08
-15.879  5.9914e-08
-15.8679  9.59784e-08
-15.8577  1.05375e-07
-15.847  8.05211e-08
-15.8358  1.08419e-07
-15.8238  8.93755e-08
-15.8115  7.87834e-08
-15.8004  9.79545e-08
-15.7915  8.24961e-08
-15.7785  1.23199e-07
-15.7701  1.17783e-07
-15.7576  1.23875e-07
-15.7453  1.00902e-07
-15.7329  1.12556e-07
-15.721  1.16514e-07
-15.711  7.30708e-08
-15.7016  9.59193e-08
-15.6898  1.85676e-07
-15.6786  1.27382e-07
-15.668  9.96176e-08
-15.6582  1.00507e-07
-15.6473  1.20504e-07
-15.6374  9.95831e-08
-15.6256  1.3376e-07
-15.6151  1.46975e-07
-15.6037  8.32191e-08
-15.5914  1.49629e-07
-15.5817  1.75449e-07
-15.5713  1.64593e-07
-15.558  8.77613e-08
-15.5481  1.03451e-07
-15.5381  1.47574e-07
-15.5276  1.96359e-07
-15.5161  1.49591e-07
-15.5058  1.36126e-07
-15.4971  1.45706e-07
-15.4846  1.63861e-07
-15.4731  2.19205e-07
-15.4628  1.28818e-07
-15.4531  1.31686e-07
-15.4437  1.9396e-07
-15.4335  9.16828e-08
-15.4227  1.09749e-07
-15.4122  1.75123e-07
-15.4008  2.45996e-07
-15.3925  1.61399e-07
-15.3806  1.6259e-07
-15.3697  2.11151e-07
-15.3586  2.35477e-07
-15.3475  1.7911e-07
-15.3361  1.27579e-07
-15.3263  1.96818e-07
-15.3148  1.87028e-07
-15.3044  2.29728e-07
-15.2933  2.33398e-07
-15.2839  1.87548e-07
-15.2715  2.17953e-07
-15.2612  1.81513e-07
-15.2503  2.16646e-07
-15.2403  2.41851e-07
-15.2293  2.54048e-07
-15.2181  2.61918e-07
-15.2079  1.46756e-07
-15.1968  2.84117e-07
-15.186  2.28844e-07
-15.1762  2.58895e-07
-15.1636  3.10322e-07
-15.1506  2.6619e-07
-15.1398  2.1312e-07
-15.129  2.76965e-07
-15.1179  3.51396e-07
-15.1069  2.50926e-07
-15.0975  2.04119e-07
-15.0873  2.93927e-07
-15.0766  2.63433e-07
-15.0658  3.44996e-07
-15.0553  2.58632e-07
-15.0438  2.61719e-07
-15.0354  3.12928e-07
-15.0244  2.85041e-07
-15.013  3.18838e-07
-15.0013  3.3663e-07
-14.9911  3.31251e-07
-14.9795  3.50282e-07
-14.9686  3.39665e-07
-14.9586  2.76154e-07
-14.9483  3.47277e-07
-14.9362  3.7838e-07
-14.9255  2.54924e-07
-14.9148  4.36513e-07
-14.9038  4.34983e-07
-14.8928  3.55687e-07
-14.8838  2.84569e-07
-14.8727  3.28672e-07
-14.8617  3.9446e-07
-14.8523  3.86533e-07
-14.8411  5.09468e-07
-14.8294  3.86559e-07
-14.8186  4.18365e-07
-14.8081  3.45117e-07
-14.7971  4.42286e-07
-14.7867  4.30654e-07
-14.7769  3.56827e-07
-14.7661  3.94725e-07
-14.7552  5.58249e-07
-14.7442  4.32827e-07
-14.7332  4.83131e-07
-14.722  4.36047e-07
-14.7111  5.64729e-07
-14.7013  3.99076e-07
-14.6892  4.98773e-07
-14.679  4.29246e-07
-14.6693  5.50527e-07
-14.659  5.65887e-07
-14.6491  4.12488e-07
-14.6387  5.25679e-07
-14.6275  4.49288e-07
-14.6168  6.12487e-07
-14.6052  4.89191e-07
-14.5963  5.23034e-07
-14.585  5.65568e-07
-14.5751  6.22261e-07
-14.5648  5.57511e-07
-14.5546  5.26223e-07
-14.5436  5.75583e-07
-14.533  6.05174e-07
-14.5218  6.05343e-07
-14.5112  5.87724e-07
-14.5007  7.38266e-07
-14.4907  6.29435e-07
-14.4809  6.32218e-07
-14.4696  5.77778e-07
-14.4592  6.23582e-07
-14.4486  6.55673e-07
-14.4383  7.16929e-07
-14.4269  7.34807e-07
-14.4158  7.7829e-07
-14.4047  7.31241e-07
-14.3946  6.36955e-07
-14.3846  7.54759e-07
-14.3737  7.73278e-07
-14.3641  6.06034e-07
-14.3536  8.96129e-07
-14.3417  7.56502e-07
-14.3311  6.57642e-07
-14.3214  8.48617e-07
-14.3099  9.04438e-07
-14.2987  8.20176e-07
-14.2884  8.21755e-07
-14.2782  8.25924e-07
-14.2674  9.37442e-07
-14.2559  8.40201e-07
-14.245  1.04728e-06
-14.2342  7.2547e-07
-14.2228  8.47048e-07
-14.213  9.36574e-07
-14.203  1.0605e-06
-14.1926  8.77242e-07
-14.1824  8.53492e-07
-14.1716  9.64019e-07
-14.1612  1.08415e-06
-14.15  8.63837e-07
-14.1398  1.00567e-06
-14.1298  9.81421e-07
-14.1194  1.07434e-06
-14.1082  1.12225e-06
-14.0973  1.00705e-06
-14.0877  9.66853e-07
-14.0771  1.12128e-06
-14.0668  1.1573e-06
-14.0562  1.00873e-06
-14.0461  1.13789e-06
-14.0355  1.15966e-06
-14.0261  1.1003e-06
-14.0156  1.23233e-06
-14.0043  1.07746e-06
-13.9941  1.20625e-06
-13.9839  1.29133e-06
-13.9731  1.42347e-06
-13.9632  1.1084e-06
-13.9523  1.14628e-06
-13.942  1.29945e-06
-13.9308  1.3622e-06
-13.921  1.34342e-06
-13.9106  1.36219e-06
-13.8998  1.15675e-06
-13.8893  1.49762e-06
-13.8782  1.543e-06
-13.8675  1.51164e-06
-13.857  1.30241e-06
-13.8468  1.52939e-06
-13.8362  1.31277e-06
-13.8254  1.58874e-06
-13.8152  1.4064e-06
-13.8049  1.53694e-06
-13.7947  1.60074e-06
-13.7848  1.47899e-06
-13.7737  1.62989e-06
-13.7638  1.5739e-06
-13.7535  1.56582e-06
-13.7432  1.64279e-06
-13.7319  1.77902e-06
-13.721  1.71276e-06
-13.7104  1.97017e-06
-13.6995  1.8612e-06
-13.6893  1.53369e-06
-13.6785  1.57968e-06
-13.6678  2.20792e-06
-13.6574  1.73589e-06
-13.6463  1.87291e-06
-13.6358  1.9498e-06
-13.6258  1.80796e-06
-13.6153  1.93457e-06
-13.6042  1.94565e-06
-13.5936  2.05745e-06
-13.583  2.19138e-06
-13.5728  2.10737e-06
-13.5624  1.91898e-06
-13.5515  2.05023e-06
-13.5409  2.10663e-06
-13.5303  2.23526e-06
-13.52  2.11506e-06
-13.5103  2.1959e-06
-13.4989  2.19844e-06
-13.4884  2.35068e-06
-13.4784  2.1992e-06
-13.4676  2.46045e-06
-13.4568  2.39757e-06
-13.4463  2.11952e-06
-13.4359  2.21891e-06
-13.4254  2.7978e-06
-13.4151  2.50087e-06
-13.4047  2.31863e-06
-13.394  2.68915e-06
-13.3835  2.73033e-06
-13.3738  2.34717e-06
-13.3628  2.59742e-06
-13.3521  2.57459e-06
-13.3407  2.92045e-06
-13.3307  2.80219e-06
-13.3201  2.67681e-06
-13.3094  2.94906e-06
-13.299  2.82944e-06
-13.2886  2.9134e-06
-13.2779  2.83163e-06
-13.2672  2.78547e-06
-13.2573  2.7825e-06
-13.2469  3.03722e-06
-13.2362  3.20873e-06
-13.2258  3.03312e-06
-13.2152  3.2387e-06
-13.2046  3.25212e-06
-13.1943  3.06588e-06
-13.183  3.55055e-06
-13.1726  3.37347e-06
-13.1619  3.03088e-06
-13.1518  3.4757e-06
-13.1413  3.22863e-06
-13.1308  3.28999e-06
-13.1199  3.77243e-06
-13.1101  3.55696e-06
-13.0993  3.61524e-06
-13.0888  3.54838e-06
-13.0784  3.66711e-06
-13.0677  3.52482e-06
-13.0572  3.95146e-06
-13.0466  3.76636e-06
-13.0362  3.67413e-06
-13.026  3.97695e-06
-13.0156  3.99674e-06
-13.005  3.62799e-06
-12.9948  4.37134e-06
-12.9841  3.83287e-06
-12.9739  3.97226e-06
-12.9633  4.29175e-06
-12.9534  3.9019e-06
-12.9426  4.48127e-06
-12.9322  4.46348e-06
-12.922  4.20981e-06
-12.9114  4.48144e-06
-12.9006  4.46975e-06
-12.8905  4.34962e-06
-12.8804  4.53399e-06
-12.8701  4.62137e-06
-12.8594  4.43683e-06
-12.849  4.79036e-06
-12.8389  4.92356e-06
-12.8284  4.91619e-06
-12.8178  4.68174e-06
-12.8077  4.43667e-06
-12.7977  5.42169e-06
-12.7871  4.63829e-06
-12.7769  5.24031e-06
-12.7665  4.74556e-06
-12.7566  4.9991e-06
-12.7461  5.6467e-06
-12.7358  5.37806e-06
-12.7256  4.95676e-06
-12.7154  5.81683e-06
-12.7054  5.09481e-06
-12.6954  5.30404e-06
-12.6842  6.43952e-06
-12.6733  5.83119e-06
-12.6625  5.81287e-06
-12.6524  5.39688e-06
-12.6425  6.19041e-06
-12.632  5.72385e-06
-12.6215  5.84349e-06
-12.611  6.43447e-06
-12.6004  6.37992e-06
-12.5908  5.90932e-06
-12.5802  6.27663e-06
-12.5696  6.0522e-06
-12.5594  6.67296e-06
-12.5497  6.23955e-06
-12.5397  6.48169e-06
-12.5292  6.70131e-06
-12.5188  6.57261e-06
-12.5083  6.91808e-06
-12.4981  6.74392e-06
-12.4884  6.69821e-06
-12.4777  7.06774e-06
-12.4675  7.01112e-06
-12.4574  6.93165e-06
-12.4469  7.562e-06
-12.4369  7.04845e-06
-12.4264  7.56593e-06
-12.4161  7.1085e-06
-12.4058  7.6477e-06
-12.3954  7.85921e-06
-12.3849  8.08179e-06
-12.3747  7.42072e-06
-12.3646  7.86444e-06
-12.3539  8.14556e-06
-12.3438  7.66086e-06
-12.3339  8.01587e-06
-12.3236  8.74389e-06
-12.3134  7.95475e-06
-12.303  8.46864e-06
-12.2925  8.94356e-06
-12.2825  8.04315e-06
-12.2722  8.20969e-06
-12.262  9.30366e-06
-12.2514  8.68638e-06
-12.2417  9.30274e-06
-12.2312  8.78534e-06
-12.221  9.07188e-06
-12.2107  9.13345e-06
-12.2002  9.9112e-06
-12.1901  8.58517e-06
-12.1801  9.43956e-06
-12.1699  9.65423e-06
-12.1598  9.28589e-06
-12.1493  9.96562e-06
-12.1393  1.05503e-05
-12.1289  9.61438e-06
-12.1185  9.82286e-06
-12.1084  1.06329e-05
-12.0983  9.92579e-06
-12.0884  1.01331e-05
-12.0778  1.05224e-05
-12.0676  1.05531e-05
-12.0575  1.08873e-05
-12.0472  1.1485e-05
-12.0373  9.99584e-06
-12.0271  1.13109e-05
-12.0167  1.12918e-05
-12.0067  1.10577e-05
-11.9963  1.11143e-05
-11.9863  1.19741e-05
-11.9759  1.11844e-05
-11.9659  1.15727e-05
-11.9555  1.24638e-05
-11.9452  1.17161e-05
-11.9352  1.16545e-05
-11.9252  1.29205e-05
-11.9147  1.2216e-05
-11.9043  1.27567e-05
-11.894  1.24072e-05
-11.8837  1.39264e-05
-11.8723  1.35537e-05
-11.8618  1.39685e-05
-11.8514  1.33973e-05
-11.841  1.28118e-05
-11.8307  1.35502e-05
-11.8206  1.33051e-05
-11.8105  1.32456e-05
-11.8005  1.41838e-05
-11.79  1.4046e-05
-11.7797  1.44132e-05
-11.7697  1.44367e-05
-11.7595  1.40742e-05
-11.7495  1.35061e-05
-11.7393  1.57046e-05
-11.7288  1.53797e-05
-11.7187  1.37874e-05
-11.7088  1.53425e-05
-11.6986  1.51557e-05
-11.6884  1.48864e-05
-11.6782  1.6932e-05
-11.6679  1.50917e-05
-11.6577  1.54663e-05
-11.6475  1.69518e-05
-11.6373  1.58904e-05
-11.627  1.60167e-05
-11.6168  1.65265e-05
-11.6068  1.72392e-05
-11.5966  1.59243e-05
-11.5864  1.7438e-05
-11.576  1.75695e-05
-11.5659  1.6279e-05
-11.556  1.81173e-05
-11.5458  1.78675e-05
-11.5354  1.67653e-05
-11.5251  1.89661e-05
-11.5151  1.73751e-05
-11.5046  2.08598e-05
-11.4935  1.79501e-05
-11.4836  1.83316e-05
-11.4734  1.86084e-05
-11.4634  2.05701e-05
-11.453  1.8695e-05
-11.4428  1.86286e-05
-11.4327  1.92281e-05
-11.4226  2.0937e-05
-11.4123  1.92792e-05
-11.4021  2.13975e-05
-11.3918  1.92128e-05
-11.3818  2.12332e-05
-11.3716  2.01438e-05
-11.3616  2.11848e-05
-11.3513  2.08151e-05
-11.3411  2.18728e-05
-11.331  2.07022e-05
-11.3207  2.23494e-05
-11.3107  2.19864e-05
-11.3005  2.1916e-05
-11.2903  2.17302e-05
-11.2801  2.3596e-05
-11.27  2.21187e-05
-11.26  2.33686e-05
-11.2496  2.2977e-05
-11.2393  2.31613e-05
-11.2294  2.35788e-05
-11.2192  2.46041e-05
-11.2091  2.30636e-05
-11.1988  2.45884e-05
-11.1887  2.53694e-05
-11.1784  2.33382e-05
-11.1686  2.436e-05
-11.1583  2.68868e-05
-11.1479  2.40979e-05
-11.1376  2.65753e-05
-11.1278  2.50364e-05
-11.1177  2.54398e-05
-11.1073  2.96964e-05
-11.0964  2.63559e-05
-11.0863  2.56518e-05
-11.0761  2.82208e-05
-11.0662  2.70719e-05
-11.0559  2.7195e-05
-11.0458  2.76359e-05
-11.0356  2.85122e-05
-11.0254  2.73998e-05
-11.0153  2.9675e-05
-11.0052  2.87841e-05
-10.995  2.74574e-05
-10.9848  3.06478e-05
-10.9743  3.00533e-05
-10.9645  2.75614e-05
-10.9545  3.16857e-05
-10.9443  3.00381e-05
-10.9338  3.00161e-05
-10.9239  3.16735e-05
-10.9138  3.1689e-05
-10.9036  3.03748e-05
-10.8933  3.24967e-05
-10.8833  3.11997e-05
-10.8731  3.09187e-05
-10.8632  3.35739e-05
-10.8528  3.43537e-05
-10.8426  3.12244e-05
-10.8327  3.28448e-05
-10.8225  3.55928e-05
-10.8124  3.20893e-05
-10.8021  3.5149e-05
-10.7921  3.54966e-05
-10.7813  3.62082e-05
-10.7707  3.72215e-05
-10.7606  3.50013e-05
-10.7505  3.43244e-05
-10.7401  3.7488e-05
-10.73  3.74616e-05
-10.7198  3.55863e-05
-10.7097  3.70246e-05
-10.6995  3.76318e-05
-10.6896  3.67873e-05
-10.6792  3.93528e-05
-10.6692  3.89586e-05
-10.6589  3.73524e-05
-10.6487  3.90069e-05
-10.6386  4.07739e-05
-10.6286  3.67301e-05
-10.6184  4.16296e-05
-10.6083  4.07057e-05
-10.5981  4.04075e-05
-10.588  4.0755e-05
-10.5778  4.21991e-05
-10.5679  4.02618e-05
-10.5574  4.24999e-05
-10.5475  4.26651e-05
-10.5374  4.26474e-05
-10.5271  4.28915e-05
-10.517  4.49366e-05
-10.5069  4.24272e-05
-10.4965  4.3626e-05
-10.4864  4.71254e-05
-10.4764  4.18459e-05
-10.4663  4.65505e-05
-10.4558  4.6882e-05
-10.4458  4.46688e-05
-10.4358  4.61514e-05
-10.4255  4.83688e-05
-10.4155  4.61415e-05
-10.4052  4.81488e-05
-10.3951  4.66154e-05
-10.3852  4.90572e-05
-10.3745  5.08856e-05
-10.3639  5.17885e-05
-10.3538  4.70599e-05
-10.3438  5.04108e-05
-10.3331  5.50765e-05
-10.3227  4.9783e-05
-10.3126  4.99459e-05
-10.3024  5.36829e-05
-10.2923  5.09219e-05
-10.2823  5.23958e-05
-10.2721  5.19047e-05
-10.262  5.34629e-05
-10.2519  5.27763e-05
-10.2417  5.58591e-05
-10.2316  5.50027e-05
-10.2216  5.28126e-05
-10.2113  5.59523e-05
-10.2013  5.60361e-05
-10.1912  5.48396e-05
-10.181  5.70109e-05
-10.171  5.78485e-05
-10.1607  5.68946e-05
-10.1506  5.80392e-05
-10.1406  5.81588e-05
-10.1305  5.96088e-05
-10.1203  5.9103e-05
-10.1102  5.87706e-05
-10.1002  6.03474e-05
-10.0899  6.10718e-05
-10.08  5.97003e-05
-10.0699  6.33316e-05
-10.0595  6.06523e-05
-10.0496  6.27854e-05
-10.0397  6.30046e-05
-10.0294  6.43099e-05
-10.0194  6.13458e-05
-10.0092  6.60659e-05
-9.99914  6.45871e-05
-9.98907  6.53169e-05
-9.97917  6.5443e-05
-9.96892  6.63286e-05
-9.95884  6.47647e-05
-9.9488  7.02148e-05
-9.93852  6.93233e-05
-9.92851  6.71244e-05
-9.91853  6.77011e-05
-9.90826  6.98686e-05
-9.89812  7.10885e-05
-9.8879  7.1102e-05
-9.87739  7.81843e-05
-9.86618  7.80478e-05
-9.8557  7.30723e-05
-9.84546  7.17492e-05
-9.83552  7.24303e-05
-9.82496  8.15058e-05
-9.81445  7.33341e-05
-9.80421  7.38318e-05
-9.79431  7.66425e-05
-9.78409  7.65781e-05
-9.774  7.60803e-05
-9.76329  8.47834e-05
-9.75284  7.79534e-05
-9.74258  7.927e-05
-9.73257  8.15135e-05
-9.72224  7.63892e-05
-9.71214  8.14571e-05
-9.70202  7.90654e-05
-9.6921  8.392e-05
-9.68184  7.91741e-05
-9.6719  8.46299e-05
-9.66167  8.08672e-05
-9.65172  8.47591e-05
-9.6409  9.05897e-05
-9.63056  8.90732e-05
-9.62013  8.2174e-05
-9.61015  8.98148e-05
-9.59936  9.33856e-05
-9.58887  8.78121e-05
-9.57876  8.65629e-05
-9.56886  9.14994e-05
-9.55836  8.70933e-05
-9.54856  9.09324e-05
-9.53831  9.03177e-05
-9.52847  9.12097e-05
-9.51821  8.85191e-05
-9.50827  9.67967e-05
-9.49807  8.80323e-05
-9.48813  9.73557e-05
-9.47794  9.38651e-05
-9.46776  9.67044e-05
-9.45754  9.12901e-05
-9.44759  0.00010308
-9.43726  9.2168e-05
-9.42737  0.000100466
-9.4171  9.77823e-05
-9.4069  0.000101605
-9.39676  9.72742e-05
-9.38678  0.000103292
-9.37666  9.8813e-05
-9.3664  0.000103495
-9.35634  0.000103486
-9.34624  0.000103041
-9.33619  9.886e-05
-9.32614  0.000110137
-9.31596  0.000103114
-9.30582  0.000106386
-9.29583  0.00010647
-9.28574  0.000107535
-9.27554  0.000108968
-9.26538  0.0001097
-9.25543  0.000108326
-9.2448  0.000121023
-9.23425  0.000110307
-9.2242  0.000112399
-9.21404  0.000112956
-9.20341  0.000125107
-9.19293  0.000115353
-9.18271  0.000111061
-9.17259  0.000120509
-9.16253  0.000113315
-9.1526  0.00011642
-9.14237  0.000121589
-9.13223  0.000119158
-9.1221  0.000117456
-9.11192  0.00012463
-9.10182  0.000118796
-9.09172  0.000124596
-9.08109  0.00013189
-9.07058  0.000126464
-9.06058  0.000120858
-9.05027  0.000129988
-9.04024  0.000122678
-9.0303  0.000124976
-9.02015  0.000128922
-9.01002  0.000131486
-8.99994  0.00012529
-8.98969  0.000135188
-8.9797  0.000128737
-8.96946  0.000132598
-8.95954  0.00012877
-8.94945  0.000137922
-8.93941  0.000132312
-8.92902  0.000135288
-8.91912  0.000136147
-8.90902  0.000140153
-8.89885  0.000134822
-8.88824  0.000152119
-8.878  0.000135783
-8.86755  0.000146131
-8.85768  0.000139468
-8.84739  0.000143395
-8.83743  0.000141305
-8.82723  0.000144642
-8.81724  0.000147081
-8.80684  0.000147192
-8.79698  0.000144065
-8.78643  0.000159308
-8.77596  0.000149853
-8.7655  0.000153159
-8.75569  0.000151018
-8.74545  0.000147432
-8.73548  0.000153664
-8.72473  0.000168088
-8.71419  0.000158277
-8.70386  0.000153099
-8.69411  0.000153468
-8.68382  0.000160555
-8.67375  0.000157002
-8.66358  0.000159202
-8.65316  0.000176175
-8.64228  0.000161893
-8.63236  0.00016034
-8.62214  0.0001638
-8.61216  0.000162177
-8.60206  0.000168891
-8.59206  0.00016179
-8.58184  0.00016317
-8.57206  0.000169866
-8.56178  0.000170596
-8.55172  0.00016809
-8.54164  0.000169321
-8.53166  0.000173094
-8.52147  0.000168489
-8.51155  0.000177554
-8.50132  0.000175407
-8.49132  0.000171589
-8.48123  0.000178241
-8.47113  0.000180831
-8.46093  0.00017364
-8.45095  0.000185489
-8.4409  0.000175724
-8.43084  0.0001821
-8.42075  0.000184231
-8.41072  0.000185626
-8.40051  0.000182314
-8.39006  0.000201677
-8.37936  0.000194236
-8.36928  0.000183046
-8.35919  0.00019149
-8.34908  0.000193919
-8.33846  0.000204038
-8.32806  0.000191604
-8.31791  0.000200915
-8.30783  0.000185506
-8.29774  0.000203667
-8.28761  0.000196741
-8.27738  0.000198046
-8.26738  0.000196872
-8.25723  0.000207466
-8.24714  0.000193096
-8.23707  0.000207186
-8.22695  0.000204949
-8.21681  0.000206033
-8.20681  0.000201295
-8.1966  0.000213497
-8.18654  0.000204452
-8.17636  0.000210748
-8.16641  0.000210736
-8.15632  0.000210354
-8.14624  0.000212206
-8.13594  0.000219459
-8.12601  0.000212871
-8.11576  0.000216184
-8.10583  0.000217489
-8.09561  0.000219899
-8.08555  0.00021884
-8.07529  0.000225118
-8.06536  0.000221452
-8.05506  0.000222701
-8.04511  0.000224528
-8.03488  0.00022915
-8.02486  0.000225438
-8.01453  0.000228997
-8.00481  0.00022751
-7.9945  0.000228949
-7.98408  0.00025462
-7.97334  0.000236798
-7.96344  0.000230456
-7.95317  0.000237036
-7.94334  0.000234529
-7.933  0.000240845
-7.92306  0.000238576
-7.91236  0.000264457
-7.90204  0.000236667
-7.89116  0.000268858
-7.88092  0.000245538
-7.87012  0.000267931
-7.8596  0.000249869
-7.84935  0.000247524
-7.83946  0.000246589
-7.8292  0.00025227
-7.81942  0.000248321
-7.80909  0.000258386
-7.79904  0.000250667
-7.78892  0.000253936
-7.77909  0.000257369
-7.76823  0.000283183
-7.7579  0.000258005
-7.74769  0.000260928
-7.73763  0.000263546
-7.72745  0.000263214
-7.71704  0.000287064
-7.70618  0.000270934
-7.69628  0.000262794
-7.68612  0.000273155
-7.67592  0.00026746
-7.6659  0.000270229
-7.65596  0.000274239
-7.64504  0.000301569
-7.63457  0.000273519
-7.62452  0.000278378
-7.61445  0.000271786
-7.60438  0.000277024
-7.59434  0.000285092
-7.58402  0.000286153
-7.57406  0.000271733
-7.56412  0.000289051
-7.55395  0.000278577
-7.54391  0.000291031
-7.53387  0.000287267
-7.52367  0.00028912
-7.51372  0.000283858
-7.5037  0.000297731
-7.49344  0.000292208
-7.48338  0.000295977
-7.47291  0.000320032
-7.46232  0.000303963
-7.45152  0.000321519
-7.44124  0.000304224
-7.43103  0.000296667
-7.42097  0.000305504
-7.41096  0.000302597
-7.40087  0.000303413
-7.39024  0.000335527
-7.37981  0.000315562
-7.36899  0.000334898
-7.35857  0.000315054
-7.34841  0.000307319
-7.33845  0.000319749
-7.32817  0.000309621
-7.31827  0.000327499
-7.308  0.000306648
-7.29804  0.000326496
-7.28791  0.000320081
-7.27745  0.000353098
-7.26668  0.000322103
-7.25679  0.00033339
-7.2464  0.000322076
-7.23645  0.00033619
-7.22585  0.000351563
-7.21556  0.000332986
-7.20518  0.000330363
-7.19531  0.000342158
-7.18457  0.000357238
-7.17417  0.000348507
-7.16388  0.000331267
-7.15397  0.000347841
-7.14362  0.000334619
-7.13386  0.000350915
-7.12349  0.000339096
-7.11355  0.000352975
-7.10328  0.000342727
-7.09348  0.000349337
-7.0831  0.000352476
-7.07275  0.000386912
-7.06202  0.000349198
-7.05206  0.000363732
-7.04178  0.000348623
-7.03194  0.000364627
-7.02167  0.0003508
-7.01183  0.000363882
-7.00159  0.000362397
-6.99165  0.000366997
-6.98125  0.000367781
-6.97136  0.000370472
-6.96107  0.000364778
-6.9511  0.000377182
-6.94089  0.000365843
-6.93094  0.000377374
-6.92065  0.000374791
-6.91072  0.000375892
-6.9005  0.000380478
-6.8901  0.000410695
-6.87942  0.000383345
-6.86947  0.000382041
-6.85925  0.000379666
-6.84929  0.000394704
-6.83905  0.000383409
-6.82908  0.000388054
-6.81839  0.000429433
-6.80795  0.000388512
-6.79773  0.000400905
-6.78763  0.000398839
-6.77743  0.000392531
-6.76761  0.00038944
-6.75736  0.000409749
-6.74687  0.000435318
-6.73623  0.000404982
-6.72623  0.000400753
-6.71603  0.00041259
-6.70598  0.000402723
-6.69525  0.000458196
-6.68478  0.000402823
-6.67465  0.000416062
-6.6646  0.000406013
-6.65443  0.000427579
-6.64443  0.000401828
-6.63426  0.000433706
-6.62421  0.000408296
-6.61409  0.000425812
-6.60405  0.000420826
-6.59344  0.000467788
-6.583  0.000414763
-6.57279  0.000440128
-6.56269  0.000423747
-6.55261  0.000433572
-6.54255  0.000424445
-6.53233  0.000449639
-6.52238  0.000413091
-6.51222  0.000453605
-6.5022  0.000428749
-6.49201  0.000449676
-6.48191  0.000435576
-6.47166  0.000452022
-6.46181  0.000429208
-6.45155  0.000460366
-6.44157  0.000435971
-6.43145  0.000456198
-6.42147  0.000437742
-6.4112  0.00046803
-6.40135  0.000438502
-6.39104  0.000462092
-6.38075  0.000490518
-6.3701  0.000460419
-6.36011  0.000457946
-6.34977  0.000475525
-6.33996  0.000445183
-6.3296  0.000479203
-6.31963  0.000458348
-6.30897  0.000521946
-6.29858  0.000450277
-6.28832  0.000488838
-6.2785  0.000455342
-6.26809  0.000490342
-6.25822  0.000462227
-6.24803  0.0004873
-6.23809  0.000467151
-6.2278  0.000487383
-6.21803  0.00047432
-6.20759  0.000498311
-6.19767  0.000471802
-6.18753  0.000491713
-6.17763  0.000480526
-6.1673  0.000493641
-6.1575  0.000492598
-6.14717  0.000487927
-6.13729  0.00049412
-6.12708  0.000497314
-6.11709  0.000498706
-6.1068  0.00049531
-6.09658  0.000541806
-6.08584  0.00050789
-6.07583  0.000496082
-6.06517  0.000560608
-6.05478  0.000497291
-6.04457  0.000515335
-6.03461  0.000504446
-6.02434  0.000516242
-6.01438  0.000505626
-6.0038  0.000563996
-5.99329  0.000516877
-5.9831  0.000512285
-5.97319  0.00052042
-5.96299  0.00052188
-5.95298  0.000510381
-5.9429  0.000536963
-5.93276  0.000517736
-5.92264  0.000527675
-5.9126  0.000530762
-5.90244  0.000525367
-5.89248  0.000524993
-5.88238  0.0005374
-5.87224  0.000531439
-5.86216  0.000541279
-5.85205  0.000527124
-5.84198  0.000547727
-5.83193  0.000524639
-5.82185  0.000554656
-5.81176  0.000530581
-5.80173  0.000550403
-5.79159  0.000541636
-5.7815  0.000551068
-5.77155  0.00053119
-5.7614  0.000572972
-5.75121  0.000537685
-5.7412  0.000560982
-5.73111  0.000542366
-5.7209  0.000580502
-5.71038  0.000587185
-5.69984  0.000576131
-5.68968  0.000545221
-5.67972  0.000568887
-5.66964  0.000554885
-5.65943  0.0005842
-5.6494  0.000544155
-5.63933  0.000583941
-5.62922  0.000553159
-5.61917  0.000585688
-5.60899  0.000566148
-5.59878  0.00058682
-5.58881  0.000556939
-5.57866  0.000591493
-5.5686  0.000561441
-5.55857  0.000590074
-5.54852  0.000569277
-5.53827  0.000590462
-5.5284  0.000571988
-5.51817  0.000598138
-5.50811  0.000570893
-5.498  0.000602829
-5.48795  0.000573813
-5.47778  0.000599079
-5.46783  0.00058604
-5.45754  0.000602662
-5.44757  0.000583415
-5.43735  0.000608456
-5.42733  0.000589224
-5.4171  0.000603496
-5.40718  0.00059377
-5.39687  0.000616987
-5.38689  0.000579389
-5.37683  0.000614854
-5.36684  0.000600903
-5.3566  0.000603596
-5.34673  0.000603307
-5.33646  0.000619516
-5.32645  0.000600908
-5.31625  0.000621855
-5.30624  0.000612348
-5.29608  0.000600431
-5.28612  0.000626703
-5.27594  0.000610565
-5.26604  0.000607656
-5.25594  0.000621022
-5.24591  0.000623204
-5.23578  0.0006083
-5.2258  0.000633804
-5.2156  0.000624063
-5.20546  0.00062939
-5.19531  0.000628096
-5.18523  0.000633113
-5.17513  0.000617511
-5.16509  0.000636479
-5.15499  0.000629207
-5.14491  0.000632282
-5.13469  0.000648382
-5.12452  0.000634657
-5.11403  0.000685512
-5.10353  0.00063867
-5.09344  0.000640309
-5.08333  0.000639846
-5.0732  0.000647381
-5.06313  0.000635304
-5.05308  0.000647084
-5.04293  0.000643705
-5.03289  0.000648691
-5.02278  0.00064069
-5.01267  0.000659925
-5.00206  0.000701527
-4.9916  0.000653598
-4.98146  0.00065008
-4.97136  0.000659941
-4.96127  0.000643885
-4.95119  0.00067015
-4.94097  0.000649214
-4.93095  0.000664043
-4.92085  0.000648087
-4.91079  0.000670887
-4.90063  0.000650953
-4.89059  0.000674531
-4.88043  0.000651314
-4.8703  0.000683686
-4.86021  0.000645942
-4.85021  0.000675608
-4.84007  0.000656271
-4.83003  0.000681998
-4.81987  0.00065836
-4.80978  0.000682975
-4.79975  0.000651196
-4.78971  0.000685371
-4.77957  0.000665885
-4.76947  0.000686177
-4.75944  0.000655699
-4.74932  0.000694188
-4.73925  0.00066438
-4.72921  0.000682906
-4.71911  0.000674105
-4.70901  0.000688186
-4.69902  0.000664565
-4.68881  0.000703967
-4.67874  0.000672162
-4.6682  0.000746446
-4.65762  0.000687922
-4.64749  0.000695448
-4.63684  0.000750825
-4.62623  0.000690232
-4.61619  0.000686143
-4.60619  0.000678167
-4.59608  0.000703639
-4.5859  0.000691546
-4.57586  0.000689
-4.56579  0.000689034
-4.55569  0.000699157
-4.54567  0.000685224
-4.53563  0.00069505
-4.52557  0.000694502
-4.51551  0.000699384
-4.50537  0.000696374
-4.49477  0.00077661
-4.48422  0.000688688
-4.47411  0.000708348
-4.46404  0.00069803
-4.45391  0.00070637
-4.44382  0.000700693
-4.43366  0.00071848
-4.42359  0.00068922
-4.41354  0.00070556
-4.40353  0.000703382
-4.39294  0.000781437
-4.38242  0.0006889
-4.37232  0.00072672
-4.36226  0.000696138
-4.35215  0.000714388
-4.34211  0.000709779
-4.3319  0.000721205
-4.3219  0.000697788
-4.31173  0.00072906
-4.3017  0.000701241
-4.2911  0.000784496
-4.28063  0.000711812
-4.27047  0.000720746
-4.26048  0.000699768
-4.25032  0.000734324
-4.24033  0.000703965
-4.22978  0.000776435
-4.21938  0.000721328
-4.2091  0.000731076
-4.19911  0.000706021
-4.18892  0.000733171
-4.17893  0.000714563
-4.16874  0.000719104
-4.15886  0.000715813
-4.14867  0.00072581
-4.13871  0.000720331
-4.12849  0.000725309
-4.11859  0.000718454
-4.10834  0.000728949
-4.09837  0.000729762
-4.08812  0.000721172
-4.07822  0.000726825
-4.06795  0.000727695
-4.05804  0.000724433
-4.04788  0.000719647
-4.03789  0.000742687
-4.0276  0.000721632
-4.01773  0.000731742
-4.00742  0.00073118
-3.9975  0.000727183
-3.98736  0.000723616
-3.97734  0.000746515
-3.96712  0.000711481
-3.95724  0.000746453
-3.94691  0.000734577
-3.93686  0.000737146
-3.92675  0.000719068
-3.91675  0.000750047
-3.90647  0.000725827
-3.89644  0.000749602
-3.8862  0.000731421
-3.87617  0.000737487
-3.86602  0.00073161
-3.85591  0.000753723
-3.84568  0.000724294
-3.8357  0.000747752
-3.82547  0.000735071
-3.8154  0.00073763
-3.80528  0.000738308
-3.79523  0.000740232
-3.7851  0.000728561
-3.77509  0.000742041
-3.76497  0.000737676
-3.75491  0.000735351
-3.74479  0.000738877
-3.73476  0.000743849
-3.72458  0.000736397
-3.71455  0.000735589
-3.70444  0.000746625
-3.69441  0.000730044
-3.68428  0.000742044
-3.6743  0.000735608
-3.66416  0.000745371
-3.6541  0.000735202
-3.64403  0.0007351
-3.63405  0.000742579
-3.62385  0.000742321
-3.6139  0.000734012
-3.60379  0.000735705
-3.59376  0.000749065
-3.5836  0.000735881
-3.57361  0.000746321
-3.56335  0.000740732
-3.55337  0.000747845
-3.54319  0.000735239
-3.53313  0.000752762
-3.52296  0.000731575
-3.51301  0.000750692
-3.50281  0.000725187
-3.49296  0.000747575
-3.48282  0.000728305
-3.4728  0.000754938
-3.46263  0.000728399
-3.45222  0.000823253
-3.44145  0.000739914
-3.43147  0.000746409
-3.42126  0.000741679
-3.41122  0.000750344
-3.40099  0.000732742
-3.39107  0.000755743
-3.38082  0.000723152
-3.3709  0.000757205
-3.36027  0.000795312
-3.34982  0.000751274
-3.33956  0.000737558
-3.32966  0.000747563
-3.31941  0.000732999
-3.30947  0.000746002
-3.29928  0.000737462
-3.28927  0.000751099
-3.27903  0.00073114
-3.26906  0.000759403
-3.25878  0.00072818
-3.24887  0.000744258
-3.23872  0.000731183
-3.22835  0.000808257
-3.21725  0.00079879
-3.20681  0.000761506
-3.19652  0.000721582
-3.18661  0.000751654
-3.17635  0.000737143
-3.16588  0.000815631
-3.15518  0.000727493
-3.14527  0.000756029
-3.13494  0.000724066
-3.12508  0.000747801
-3.1148  0.000737559
-3.10478  0.000747538
-3.09459  0.000719446
-3.08469  0.000754208
-3.0739  0.000799542
-3.06363  0.00072297
-3.05344  0.000744985
-3.04343  0.000741291
-3.03324  0.000715791
-3.02337  0.000754207
-3.01307  0.000722865
-3.00322  0.000737659
-2.99297  0.000732782
-2.98291  0.00075289
-2.9727  0.000715257
-2.96278  0.000747035
-2.95201  0.000800259
-2.94163  0.000730866
-2.93145  0.000727066
-2.92152  0.000737204
-2.91128  0.000725718
-2.90134  0.000738466
-2.89109  0.000733915
-2.88109  0.000730862
-2.87086  0.000729874
-2.86088  0.000739834
-2.85063  0.000725149
-2.84063  0.000732102
-2.83043  0.000732617
-2.82046  0.000725935
-2.81031  0.000717499
-2.8004  0.000729376
-2.79027  0.000722869
-2.7803  0.000723521
-2.77014  0.000725762
-2.7602  0.000725366
-2.74997  0.000727946
-2.73994  0.000729721
-2.72979  0.000717366
-2.71976  0.000731257
-2.70957  0.000720366
-2.69973  0.000712653
-2.68956  0.000717091
-2.67966  0.000725213
-2.66951  0.000713907
-2.6595  0.000728664
-2.64926  0.000716882
-2.63934  0.000727475
-2.62908  0.000711353
-2.61908  0.000730928
-2.60887  0.000713402
-2.5989  0.00072299
-2.58868  0.000708317
-2.57879  0.000725589
-2.56857  0.000703925
-2.55856  0.000732101
-2.54836  0.000701267
-2.53844  0.000725417
-2.52817  0.000705928
-2.51823  0.000724506
-2.5081  0.000690441
-2.49815  0.000729332
-2.48791  0.000703215
-2.47795  0.000720646
-2.46774  0.00069637
-2.45775  0.000730251
-2.44753  0.000696436
-2.43757  0.000714029
-2.4274  0.000700378
-2.41745  0.000717376
-2.40727  0.000690578
-2.39726  0.000724352
-2.38718  0.000682616
-2.37728  0.000709161
-2.36708  0.000702519
-2.35708  0.00071161
-2.34693  0.000692238
-2.3368  0.000726091
-2.32661  0.000691716
-2.31657  0.000709371
-2.30639  0.000695999
-2.29635  0.000712843
-2.28621  0.000682821
-2.27614  0.000717175
-2.26605  0.000682813
-2.25607  0.000697768
-2.24594  0.000696612
-2.23585  0.000707386
-2.22573  0.000682081
-2.21565  0.000708095
-2.20549  0.000690273
-2.19553  0.000686627
-2.18546  0.000689439
-2.17541  0.000693916
-2.16539  0.000683596
-2.15526  0.000700417
-2.14516  0.000682673
-2.13516  0.000691087
-2.12507  0.000681352
-2.11495  0.000701072
-2.10485  0.000677576
-2.09481  0.000690851
-2.08471  0.000680765
-2.07463  0.000694603
-2.0645  0.00067717
-2.05438  0.00069601
-2.04429  0.000673158
-2.03423  0.000688499
-2.02411  0.000679516
-2.01401  0.000686242
-2.00395  0.000668403
-1.99393  0.000684528
-1.98389  0.000668174
-1.97378  0.000692537
-1.96368  0.000662761
-1.95362  0.000686744
-1.94354  0.000670234
-1.93348  0.000673073
-1.92344  0.000669776
-1.91333  0.000686694
-1.90323  0.000658915
-1.89268  0.000747128
-1.8821  0.000666104
-1.87206  0.000667639
-1.86198  0.000670016
-1.85187  0.000677823
-1.84181  0.000652621
-1.83176  0.00067983
-1.8216  0.0006674
-1.81158  0.000654223
-1.80155  0.000669287
-1.79144  0.000670631
-1.7814  0.000647056
-1.77137  0.000673738
-1.76123  0.000664467
-1.75112  0.00065945
-1.74111  0.000652451
-1.73057  0.000733156
-1.72002  0.000644569
-1.70997  0.000668365
-1.69983  0.000660151
-1.68977  0.000650393
-1.67974  0.000654272
-1.66963  0.000666062
-1.65958  0.000640121
-1.6495  0.000664528
-1.63939  0.000650699
-1.62928  0.000660599
-1.61916  0.0006464
-1.60904  0.00066292
-1.59899  0.000638938
-1.58891  0.000653741
-1.57883  0.00065168
-1.56872  0.000650505
-1.55868  0.000636152
-1.54857  0.000661211
-1.53853  0.000635526
-1.52839  0.000651788
-1.51834  0.000643569
-1.50827  0.000642567
-1.49776  0.000697573
-1.48723  0.00064693
-1.47718  0.00063737
-1.46709  0.00064247
-1.45699  0.00064287
-1.44686  0.00064661
-1.43676  0.000630439
-1.42665  0.000651304
-1.41657  0.000629057
-1.40647  0.000645
-1.39634  0.000632791
-1.38623  0.000646783
-1.37607  0.000631537
-1.36596  0.000640717
-1.35588  0.000631185
-1.34572  0.000641947
-1.33558  0.000625522
-1.32551  0.00064592
-1.31541  0.000616232
-1.3053  0.000642892
-1.29524  0.00062207
-1.28519  0.000631654
-1.2751  0.000619082
-1.26503  0.000643072
-1.2549  0.000616881
-1.24476  0.000636248
-1.23467  0.000623191
-1.22453  0.000634217
-1.2144  0.000618067
-1.20431  0.000633285
-1.19419  0.000618546
-1.18402  0.000632218
-1.17396  0.000617214
-1.16384  0.00062707
-1.15375  0.000612846
-1.14326  0.000680191
-1.13271  0.00061608
-1.12264  0.000618849
-1.11262  0.000612162
-1.10254  0.000623548
-1.09243  0.000611728
-1.08233  0.00062095
-1.07225  0.000617535
-1.06208  0.00061972
-1.05198  0.000609271
-1.04189  0.000624478
-1.03176  0.000607354
-1.02165  0.000618494
-1.01154  0.000613372
-1.00146  0.000609531
-0.991381  0.000608478
-0.981252  0.000620943
-0.971167  0.000601928
-0.961044  0.00061578
-0.950942  0.000610475
-0.940829  0.000608546
-0.930744  0.000603363
-0.920668  0.000614406
-0.9106  0.000599518
-0.900486  0.000610241
-0.890369  0.000610119
-0.880258  0.000603289
-0.870204  0.000601549
-0.860105  0.000607211
-0.850099  0.000596655
-0.840014  0.000604612
-0.8299  0.000604092
-0.819828  0.000603712
-0.809768  0.000595114
-0.799605  0.000611677
-0.789521  0.000599179
-0.779383  0.000601307
-0.769317  0.000595923
-0.759244  0.000607389
-0.749136  0.000589748
-0.738979  0.000610592
-0.728938  0.000592026
-0.718809  0.00060007
-0.708756  0.000590522
-0.698662  0.000609057
-0.688568  0.000582904
-0.678485  0.000602722
-0.668475  0.000590737
-0.658356  0.000595472
-0.648284  0.000592704
-0.638178  0.000601598
-0.628099  0.000586235
-0.617976  0.000598139
-0.607983  0.000586859
-0.597885  0.0005943
-0.587837  0.000587144
-0.577749  0.000596925
-0.567734  0.000582608
-0.557665  0.000591188
-0.547619  0.000591577
-0.537533  0.000588137
-0.527453  0.000591652
-0.517307  0.000593791
-0.507258  0.000586753
-0.497111  0.000593355
-0.487008  0.00058883
-0.476894  0.000593198
-0.466816  0.000582407
-0.456684  0.000594421
-0.446634  0.000586173
-0.436537  0.000584165
-0.426485  0.000585694
-0.416438  0.000589238
-0.406331  0.000583657
-0.396232  0.000586368
-0.386228  0.000586651
-0.376099  0.000583011
-0.366058  0.000584401
-0.356019  0.000582454
-0.345958  0.000586546
-0.335822  0.000584708
-0.325776  0.000587107
-0.315626  0.000585754
-0.305536  0.000582683
-0.295501  0.000581734
-0.28542  0.000588088
-0.275236  0.000584925
-0.26519  0.000584504
-0.255088  0.00058137
-0.245036  0.000581658
-0.234936  0.00058571
-0.224851  0.000584517
-0.21476  0.000575725
-0.204734  0.000585315
-0.194643  0.000584601
-0.184486  0.000583928
-0.174379  0.000582328
-0.164325  0.000585607
-0.154235  0.000571457
-0.144197  0.000590074
-0.13411  0.000576577
-0.124073  0.000579176
-0.113998  0.000581601
-0.103954  0.000581099
-0.0938765  0.000579261
-0.0837537  0.000586535
-0.0736746  0.000580137
-0.0635914  0.000579435
-0.0534776  0.000585553
-0.0433929  0.000581824
-0.0333153  0.000576452
-0.0232257  0.00058709
-0.0131012  0.000581436
-0.0040377  0.000464195
0.0040377  0.000464195
0.0131012  0.000581436
0.0232257  0.00058709
0.0333153  0.000576452
0.0433929  0.000581824
0.0534776  0.000585553
0.0635914  0.000579435
0.0736746  0.000580137
0.0837537  0.000586535
0.0938765  0.000579261
0.103954  0.000581099
0.113998  0.000581601
0.124073  0.000579176
0.13411  0.000576577
0.144197  0.000590074
0.154235  0.000571457
0.164325  0.000585607
0.174379  0.000582328
0.184486  0.000583928
0.194643  0.000584601
0.204734  0.000585315
0.21476  0.000575725
0.224851  0.000584517
0.234936  0.00058571
0.245036  0.000581658
0.255088  0.00058137
0.26519  0.000584504
0.275236  0.000584925
0.28542  0.000588088
0.295501  0.000581734
0.305536  0.000582683
0.315626  0.000585754
0.325776  0.000587107
0.335822  0.000584708
0.345958  0.000586546
0.356019  0.000582454
0.366058  0.000584401
0.376099  0.000583011
0.386228  0.000586651
0.396232  0.000586368
0.406331  0.000583657
0.416438  0.000589238
0.426485  0.000585694
0.436537  0.000584165
0.446634  0.000586173
0.456684  0.000594421
0.466816  0.000582407
0.476894  0.000593198
0.487008  0.00058883
0.497111  0.000593355
0.507258  0.000586753
0.517307  0.000593791
0.527453  0.000591652
0.537533  0.000588137
0.547619  0.000591577
0.557665  0.000591188
0.567734  0.000582608
0.577749  0.000596925
0.587837  0.000587144
0.597885  0.0005943
0.607983  0.000586859
0.617976  0.000598139
0.628099  0.000586235
0.638178  0.000601598
0.648284  0.000592704
0.658356  0.000595472
0.668475  0.000590737
0.678485  0.000602722
0.688568  0.000582904
0.698662  0.000609057
0.708756  0.000590522
0.718809  0.00060007
0.728938  0.000592026
0.738979  0.000610592
0.749136  0.000589748
0.759244  0.000607389
0.769317  0.000595923
0.779383  0.000601307
0.789521  0.000599179
0.799605  0.000611677
0.809768  0.000595114
0.819828  0.000603712
0.8299  0.000604092
0.840014  0.000604612
0.850099  0.000596655
0.860105  0.000607211
0.870204  0.000601549
0.880258  0.000603289
0.890369  0.000610119
0.900486  0.000610241
0.9106  0.000599518
0.920668  0.000614406
0.930744  0.000603363
0.940829  0.000608546
0.950942  0.000610475
0.961044  0.00061578
0.971167  0.000601928
0.981252  0.000620943
0.991381  0.000608478
1.00146  0.000609531
1.01154  0.000613372
1.02165  0.000618494
1.03176  0.000607354
1.04189  0.000624478
1.05198  0.000609271
1.06208  0.00061972
1.07225  0.000617535
1.08233  0.00062095
1.09243  0.000611728
1.10254  0.000623548
1.11262  0.000612162
1.12264  0.000618849
1.13271  0.00061608
1.14326  0.000680191
1.15375  0.000612846
1.16384  0.00062707
1.17396  0.000617214
1.18402  0.000632218
1.19419  0.000618546
1.20431  0.000633285
1.2144  0.000618067
1.22453  0.000634217
1.23467  0.000623191
1.24476  0.000636248
1.2549  0.000616881
1.26503  0.000643072
1.2751  0.000619082
1.28519  0.000631654
1.29524  0.00062207
1.3053  0.000642892
1.31541  0.000616232
1.32551  0.00064592
1.33558  0.000625522
1.34572  0.000641947
1.35588  0.000631185
1.36596  0.000640717
1.37607  0.000631537
1.38623  0.000646783
1.39634  0.000632791
1.40647  0.000645
1.41657  0.000629057
1.42665  0.000651304
1.43676  0.000630439
1.44686  0.00064661
1.45699  0.00064287
1.46709  0.00064247
1.47718  0.00063737
1.48723  0.00064693
1.49776  0.000697573
1.50827  0.000642567
1.51834  0.000643569
1.52839  0.000651788
1.53853  0.000635526
1.54857  0.000661211
1.55868  0.000636152
1.56872  0.000650505
1.57883  0.00065168
1.58891  0.000653741
1.59899  0.000638938
1.60904  0.00066292
1.61916  0.0006464
1.62928  0.000660599
1.63939  0.000650699
1.6495  0.000664528
1.65958  0.000640121
1.66963  0.000666062
1.67974  0.000654272
1.68977  0.000650393
1.69983  0.000660151
1.70997  0.000668365
1.72002  0.000644569
1.73057  0.000733156
1.74111  0.000652451
1.75112  0.00065945
1.76123  0.000664467
1.77137  0.000673738
1.7814  0.000647056
1.79144  0.000670631
1.80155  0.000669287
1.81158  0.000654223
1.8216  0.0006674
1.83176  0.00067983
1.84181  0.000652621
1.85187  0.000677823
1.86198  0.000670016
1.87206  0.000667639
1.8821  0.000666104
1.89268  0.000747128
1.90323  0.000658915
1.91333  0.000686694
1.92344  0.000669776
1.93348  0.000673073
1.94354  0.000670234
1.95362  0.000686744
1.96368  0.000662761
1.97378  0.000692537
1.98389  0.000668174
1.99393  0.000684528
2.00395  0.000668403
2.01401  0.000686242
2.02411  0.000679516
2.03423  0.000688499
2.04429  0.000673158
2.05438  0.00069601
2.0645  0.00067717
2.07463  0.000694603
2.08471  0.000680765
2.09481  0.000690851
2.10485  0.000677576
2.11495  0.000701072
2.12507  0.000681352
2.13516  0.000691087
2.14516  0.000682673
2.15526  0.000700417
2.16539  0.000683596
2.17541  0.000693916
2.18546  0.000689439
2.19553  0.000686627
2.20549  0.000690273
2.21565  0.000708095
2.22573  0.000682081
2.23585  0.000707386
2.24594  0.000696612
2.25607  0.000697768
2.26605  0.000682813
2.27614  0.000717175
2.28621  0.000682821
2.29635  0.000712843
2.30639  0.000695999
2.31657  0.000709371
2.32661  0.000691716
2.3368  0.000726091
2.34693  0.000692238
2.35708  0.00071161
2.36708  0.000702519
2.37728  0.000709161
2.38718  0.000682616
2.39726  0.000724352
2.40727  0.000690578
2.41745  0.000717376
2.4274  0.000700378
2.43757  0.000714029
2.44753  0.000696436
2.45775  0.000730251
2.46774  0.00069637
2.47795  0.000720646
2.48791  0.000703215
2.49815  0.000729332
2.5081  0.000690441
2.51823  0.000724506
2.52817  0.000705928
2.53844  0.000725417
2.54836  0.000701267
2.55856  0.000732101
2.56857  0.000703925
2.57879  0.000725589
2.58868  0.000708317
2.5989  0.00072299
2.60887  0.000713402
2.61908  0.000730928
2.62908  0.000711353
2.63934  0.000727475
2.64926  0.000716882
2.6595  0.000728664
2.66951  0.000713907
2.67966  0.000725213
2.68956  0.000717091
2.69973  0.000712653
2.70957  0.000720366
2.71976  0.000731257
2.72979  0.000717366
2.73994  0.000729721
2.74997  0.000727946
2.7602  0.000725366
2.77014  0.000725762
2.7803  0.000723521
2.79027  0.000722869
2.8004  0.000729376
2.81031  0.000717499
2.82046  0.000725935
2.83043  0.000732617
2.84063  0.000732102
2.85063  0.000725149
2.86088  0.000739834
2.87086  0.000729874
2.88109  0.000730862
2.89109  0.000733915
2.90134  0.000738466
2.91128  0.000725718
2.92152  0.000737204
2.93145  0.000727066
2.94163  0.000730866
2.95201  0.000800259
2.96278  0.000747035
2.9727  0.000715257
2.98291  0.00075289
2.99297  0.000732782
3.00322  0.000737659
3.01307  0.000722865
3.02337  0.000754207
3.03324  0.000715791
3.04343  0.000741291
3.05344  0.000744985
3.06363  0.00072297
3.0739  0.000799542
3.08469  0.000754208
3.09459  0.000719446
3.10478  0.000747538
3.1148  0.000737559
3.12508  0.000747801
3.13494  0.000724066
3.14527  0.000756029
3.15518  0.000727493
3.16588  0.000815631
3.17635  0.000737143
3.18661  0.000751654
3.19652  0.000721582
3.20681  0.000761506
3.21725  0.00079879
3.22835  0.000808257
3.23872  0.000731183
3.24887  0.000744258
3.25878  0.00072818
3.26906  0.000759403
3.27903  0.00073114
3.28927  0.000751099
3.29928  0.000737462
3.30947  0.000746002
3.31941  0.000732999
3.32966  0.000747563
3.33956  0.000737558
3.34982  0.000751274
3.36027  0.000795312
3.3709  0.000757205
3.38082  0.000723152
3.39107  0.000755743
3.40099  0.000732742
3.41122  0.000750344
3.42126  0.000741679
3.43147  0.000746409
3.44145  0.000739914
3.45222  0.000823253
3.46263  0.000728399
3.4728  0.000754938
3.48282  0.000728305
3.49296  0.000747575
3.50281  0.000725187
3.51301  0.000750692
3.52296  0.000731575
3.53313  0.000752762
3.54319  0.000735239
3.55337  0.000747845
3.56335  0.000740732
3.57361  0.000746321
3.5836  0.000735881
3.59376  0.000749065
3.60379  0.000735705
3.6139  0.000734012
3.62385  0.000742321
3.63405  0.000742579
3.64403  0.0007351
3.6541  0.000735202
3.66416  0.000745371
3.6743  0.000735608
3.68428  0.000742044
3.69441  0.000730044
3.70444  0.000746625
3.71455  0.000735589
3.72458  0.000736397
3.73476  0.000743849
3.74479  0.000738877
3.75491  0.000735351
3.76497  0.000737676
3.77509  0.000742041
3.7851  0.000728561
3.79523  0.000740232
3.80528  0.000738308
3.8154  0.00073763
3.82547  0.000735071
3.8357  0.000747752
3.84568  0.000724294
3.85591  0.000753723
3.86602  0.00073161
3.87617  0.000737487
3.8862  0.000731421
3.89644  0.000749602
3.90647  0.000725827
3.91675  0.000750047
3.92675  0.000719068
3.93686  0.000737146
3.94691  0.000734577
3.95724  0.000746453
3.96712  0.000711481
3.97734  0.000746515
3.98736  0.000723616
3.9975  0.000727183
4.00742  0.00073118
4.01773  0.000731742
4.0276  0.000721632
4.03789  0.000742687
4.04788  0.000719647
4.05804  0.000724433
4.06795  0.000727695
4.07822  0.000726825
4.08812  0.000721172
4.09837  0.000729762
4.10834  0.000728949
4.11859  0.000718454
4.12849  0.000725309
4.13871  0.000720331
4.14867  0.00072581
4.15886  0.000715813
4.16874  0.000719104
4.17893  0.000714563
4.18892  0.000733171
4.19911  0.000706021
4.2091  0.000731076
4.21938  0.000721328
4.22978  0.000776435
4.24033  0.000703965
4.25032  0.000734324
4.26048  0.000699768
4.27047  0.000720746
4.28063  0.000711812
4.2911  0.000784496
4.3017  0.000701241
4.31173  0.00072906
4.3219  0.000697788
4.3319  0.000721205
4.34211  0.000709779
4.35215  0.000714388
4.36226  0.000696138
4.37232  0.00072672
4.38242  0.0006889
4.39294  0.000781437
4.40353  0.000703382
4.41354  0.00070556
4.42359  0.00068922
4.43366  0.00071848
4.44382  0.000700693
4.45391  0.00070637
4.46404  0.00069803
4.47411  0.000708348
4.48422  0.000688688
4.49477  0.00077661
4.50537  0.000696374
4.51551  0.000699384
4.52557  0.000694502
4.53563  0.00069505
4.54567  0.000685224
4.55569  0.000699157
4.56579  0.000689034
4.57586  0.000689
4.5859  0.000691546
4.59608  0.000703639
4.60619  0.000678167
4.61619  0.000686143
4.62623  0.000690232
4.63684  0.000750825
4.64749  0.000695448
4.65762  0.000687922
4.6682  0.000746446
4.67874  0.000672162
4.68881  0.000703967
4.69902  0.000664565
4.70901  0.000688186
4.71911  0.000674105
4.72921  0.000682906
4.73925  0.00066438
4.74932  0.000694188
4.75944  0.000655699
4.76947  0.000686177
4.77957  0.000665885
4.78971  0.000685371
4.79975  0.000651196
4.80978  0.000682975
4.81987  0.00065836
4.83003  0.000681998
4.84007  0.000656271
4.85021  0.000675608
4.86021  0.000645942
4.8703  0.000683686
4.88043  0.000651314
4.89059  0.000674531
4.90063  0.000650953
4.91079  0.000670887
4.92085  0.000648087
4.93095  0.000664043
4.94097  0.000649214
4.95119  0.00067015
4.96127  0.000643885
4.97136  0.000659941
4.98146  0.00065008
4.9916  0.000653598
5.00206  0.000701527
5.01267  0.000659925
5.02278  0.00064069
5.03289  0.000648691
5.04293  0.000643705
5.05308  0.000647084
5.06313  0.000635304
5.0732  0.000647381
5.08333  0.000639846
5.09344  0.000640309
5.10353  0.00063867
5.11403  0.000685512
5.12452  0.000634657
5.13469  0.000648382
5.14491  0.000632282
5.15499  0.000629207
5.16509  0.000636479
5.17513  0.000617511
5.18523  0.000633113
5.19531  0.000628096
5.20546  0.00062939
5.2156  0.000624063
5.2258  0.000633804
5.23578  0.0006083
5.24591  0.000623204
5.25594  0.000621022
5.26604  0.000607656
5.27594  0.000610565
5.28612  0.000626703
5.29608  0.000600431
5.30624  0.000612348
5.31625  0.000621855
5.32645  0.000600908
5.33646  0.000619516
5.34673  0.000603307
5.3566  0.000603596
5.36684  0.000600903
5.37683  0.000614854
5.38689  0.000579389
5.39687  0.000616987
5.40718  0.00059377
5.4171  0.000603496
5.42733  0.000589224
5.43735  0.000608456
5.44757  0.000583415
5.45754  0.000602662
5.46783  0.00058604
5.47778  0.000599079
5.48795  0.000573813
5.498  0.000602829
5.50811  0.000570893
5.51817  0.000598138
5.5284  0.000571988
5.53827  0.000590462
5.54852  0.000569277
5.55857  0.000590074
5.5686  0.000561441
5.57866  0.000591493
5.58881  0.000556939
5.59878  0.00058682
5.60899  0.000566148
5.61917  0.000585688
5.62922  0.000553159
5.63933  0.000583941
5.6494  0.000544155
5.65943  0.0005842
5.66964  0.000554885
5.67972  0.000568887
5.68968  0.000545221
5.69984  0.000576131
5.71038  0.000587185
5.7209  0.000580502
5.73111  0.000542366
5.7412  0.000560982
5.75121  0.000537685
5.7614  0.000572972
5.77155  0.00053119
5.7815  0.000551068
5.79159  0.000541636
5.80173  0.000550403
5.81176  0.000530581
5.82185  0.000554656
5.83193  0.000524639
5.84198  0.000547727
5.85205  0.000527124
5.86216  0.000541279
5.87224  0.000531439
5.88238  0.0005374
5.89248  0.000524993
5.90244  0.000525367
5.9126  0.000530762
5.92264  0.000527675
5.93276  0.000517736
5.9429  0.000536963
5.95298  0.000510381
5.96299  0.00052188
5.97319  0.00052042
5.9831  0.000512285
5.99329  0.000516877
6.0038  0.000563996
6.01438  0.000505626
6.02434  0.000516242
6.03461  0.000504446
6.04457  0.000515335
6.05478  0.000497291
6.06517  0.000560608
6.07583  0.000496082
6.08584  0.00050789
6.09658  0.000541806
6.1068  0.00049531
6.11709  0.000498706
6.12708  0.000497314
6.13729  0.00049412
6.14717  0.000487927
6.1575  0.000492598
6.1673  0.000493641
6.17763  0.000480526
6.18753  0.000491713
6.19767  0.000471802
6.20759  0.000498311
6.21803  0.00047432
6.2278  0.000487383
6.23809  0.000467151
6.24803  0.0004873
6.25822  0.000462227
6.26809  0.000490342
6.2785  0.000455342
6.28832  0.000488838
6.29858  0.000450277
6.30897  0.000521946
6.31963  0.000458348
6.3296  0.000479203
6.33996  0.000445183
6.34977  0.000475525
6.36011  0.000457946
6.3701  0.000460419
6.38075  0.000490518
6.39104  0.000462092
6.40135  0.000438502
6.4112  0.00046803
6.42147  0.000437742
6.43145  0.000456198
6.44157  0.000435971
6.45155  0.000460366
6.46181  0.000429208
6.47166  0.000452022
6.48191  0.000435576
6.49201  0.000449676
6.5022  0.000428749
6.51222  0.000453605
6.52238  0.000413091
6.53233  0.000449639
6.54255  0.000424445
6.55261  0.000433572
6.56269  0.000423747
6.57279  0.000440128
6.583  0.000414763
6.59344  0.000467788
6.60405  0.000420826
6.61409  0.000425812
6.62421  0.000408296
6.63426  0.000433706
6.64443  0.000401828
6.65443  0.000427579
6.6646  0.000406013
6.67465  0.000416062
6.68478  0.000402823
6.69525  0.000458196
6.70598  0.000402723
6.71603  0.00041259
6.72623  0.000400753
6.73623  0.000404982
6.74687  0.000435318
6.75736  0.000409749
6.76761  0.00038944
6.77743  0.000392531
6.78763  0.000398839
6.79773  0.000400905
6.80795  0.000388512
6.81839  0.000429433
6.82908  0.000388054
6.83905  0.000383409
6.84929  0.000394704
6.85925  0.000379666
6.86947  0.000382041
6.87942  0.000383345
6.8901  0.000410695
6.9005  0.000380478
6.91072  0.000375892
6.92065  0.000374791
6.93094  0.000377374
6.94089  0.000365843
6.9511  0.000377182
6.96107  0.000364778
6.97136  0.000370472
6.98125  0.000367781
6.99165  0.000366997
7.00159  0.000362397
7.01183  0.000363882
7.02167  0.0003508
7.03194  0.000364627
7.04178  0.000348623
7.05206  0.000363732
7.06202  0.000349198
7.07275  0.000386912
7.0831  0.000352476
7.09348  0.000349337
7.10328  0.000342727
7.11355  0.000352975
7.12349  0.000339096
7.13386  0.000350915
7.14362  0.000334619
7.15397  0.000347841
7.16388  0.000331267
7.17417  0.000348507
7.18457  0.000357238
7.19531  0.000342158
7.20518  0.000330363
7.21556  0.000332986
7.22585  0.000351563
7.23645  0.00033619
7.2464  0.000322076
7.25679  0.00033339
7.26668  0.000322103
7.27745  0.000353098
7.28791  0.000320081
7.29804  0.000326496
7.308  0.000306648
7.31827  0.000327499
7.32817  0.000309621
7.33845  0.000319749
7.34841  0.000307319
7.35857  0.000315054
7.36899  0.000334898
7.37981  0.000315562
7.39024  0.000335527
7.40087  0.000303413
7.41096  0.000302597
7.42097  0.000305504
7.43103  0.000296667
7.44124  0.000304224
7.45152  0.000321519
7.46232  0.000303963
7.47291  0.000320032
7.48338  0.000295977
7.49344  0.000292208
7.5037  0.000297731
7.51372  0.000283858
7.52367  0.00028912
7.53387  0.000287267
7.54391  0.000291031
7.55395  0.000278577
7.56412  0.000289051
7.57406  0.000271733
7.58402  0.000286153
7.59434  0.000285092
7.60438  0.000277024
7.61445  0.000271786
7.62452  0.000278378
7.63457  0.000273519
7.64504  0.000301569
7.65596  0.000274239
7.6659  0.000270229
7.67592  0.00026746
7.68612  0.000273155
7.69628  0.000262794
7.70618  0.000270934
7.71704  0.000287064
7.72745  0.000263214
7.73763  0.000263546
7.74769  0.000260928
7.7579  0.000258005
7.76823  0.000283183
7.77909  0.000257369
7.78892  0.000253936
7.79904  0.000250667
7.80909  0.000258386
7.81942  0.000248321
7.8292  0.00025227
7.83946  0.000246589
7.84935  0.000247524
7.8596  0.000249869
7.87012  0.000267931
7.88092  0.000245538
7.89116  0.000268858
7.90204  0.000236667
7.91236  0.000264457
7.92306  0.000238576
7.933  0.000240845
7.94334  0.000234529
7.95317  0.000237036
7.96344  0.000230456
7.97334  0.000236798
7.98408  0.00025462
7.9945  0.000228949
8.00481  0.00022751
8.01453  0.000228997
8.02486  0.000225438
8.03488  0.00022915
8.04511  0.000224528
8.05506  0.000222701
8.06536  0.000221452
8.07529  0.000225118
8.08555  0.00021884
8.09561  0.000219899
8.10583  0.000217489
8.11576  0.000216184
8.12601  0.000212871
8.13594  0.000219459
8.14624  0.000212206
8.15632  0.000210354
8.16641  0.000210736
8.17636  0.000210748
8.18654  0.000204452
8.1966  0.000213497
8.20681  0.000201295
8.21681  0.000206033
8.22695  0.000204949
8.23707  0.000207186
8.24714  0.000193096
8.25723  0.000207466
8.26738  0.000196872
8.27738  0.000198046
8.28761  0.000196741
8.29774  0.000203667
8.30783  0.000185506
8.31791  0.000200915
8.32806  0.000191604
8.33846  0.000204038
8.34908  0.000193919
8.35919  0.00019149
8.36928  0.000183046
8.37936  0.000194236
8.39006  0.000201677
8.40051  0.000182314
8.41072  0.000185626
8.42075  0.000184231
8.43084  0.0001821
8.4409  0.000175724
8.45095  0.000185489
8.46093  0.00017364
8.47113  0.000180831
8.48123  0.000178241
8.49132  0.000171589
8.50132  0.000175407
8.51155  0.000177554
8.52147  0.000168489
8.53166  0.000173094
8.54164  0.000169321
8.55172  0.00016809
8.56178  0.000170596
8.57206  0.000169866
8.58184  0.00016317
8.59206  0.00016179
8.60206  0.000168891
8.61216  0.000162177
8.62214  0.0001638
8.63236  0.00016034
8.64228  0.000161893
8.65316  0.000176175
8.66358  0.000159202
8.67375  0.000157002
8.68382  0.000160555
8.69411  0.000153468
8.70386  0.000153099
8.71419  0.000158277
8.72473  0.000168088
8.73548  0.000153664
8.74545  0.000147432
8.75569  0.000151018
8.7655  0.000153159
8.77596  0.000149853
8.78643  0.000159308
8.79698  0.000144065
8.80684  0.000147192
8.81724  0.000147081
8.82723  0.000144642
8.83743  0.000141305
8.84739  0.000143395
8.85768  0.000139468
8.86755  0.000146131
8.878  0.000135783
8.88824  0.000152119
8.89885  0.000134822
8.90902  0.000140153
8.91912  0.000136147
8.92902  0.000135288
8.93941  0.000132312
8.94945  0.000137922
8.95954  0.00012877
8.96946  0.000132598
8.9797  0.000128737
8.98969  0.000135188
8.99994  0.00012529
9.01002  0.000131486
9.02015  0.000128922
9.0303  0.000124976
9.04024  0.000122678
9.05027  0.000129988
9.06058  0.000120858
9.07058  0.000126464
9.08109  0.00013189
9.09172  0.000124596
9.10182  0.000118796
9.11192  0.00012463
9.1221  0.000117456
9.13223  0.000119158
9.14237  0.000121589
9.1526  0.00011642
9.16253  0.000113315
9.17259  0.000120509
9.18271  0.000111061
9.19293  0.000115353
9.20341  0.000125107
9.21404  0.000112956
9.2242  0.000112399
9.23425  0.000110307
9.2448  0.000121023
9.25543  0.000108326
9.26538  0.0001097
9.27554  0.000108968
9.28574  0.000107535
9.29583  0.00010647
9.30582  0.000106386
9.31596  0.000103114
9.32614  0.000110137
9.33619  9.886e-05
9.34624  0.000103041
9.35634  0.000103486
9.3664  0.000103495
9.37666  9.8813e-05
9.38678  0.000103292
9.39676  9.72742e-05
9.4069  0.000101605
9.4171  9.77823e-05
9.42737  0.000100466
9.43726  9.2168e-05
9.44759  0.00010308
9.45754  9.12901e-05
9.46776  9.67044e-05
9.47794  9.38651e-05
9.48813  9.73557e-05
9.49807  8.80323e-05
9.50827  9.67967e-05
9.51821  8.85191e-05
9.52847  9.12097e-05
9.53831  9.03177e-05
9.54856  9.09324e-05
9.55836  8.70933e-05
9.56886  9.14994e-05
9.57876  8.65629e-05
9.58887  8.78121e-05
9.59936  9.33856e-05
9.61015  8.98148e-05
9.62013  8.2174e-05
9.63056  8.90732e-05
9.6409  9.05897e-05
9.65172  8.47591e-05
9.66167  8.08672e-05
9.6719  8.46299e-05
9.68184  7.91741e-05
9.6921  8.392e-05
9.70202  7.90654e-05
9.71214  8.14571e-05
9.72224  7.63892e-05
9.73257  8.15135e-05
9.74258  7.927e-05
9.75284  7.79534e-05
9.76329  8.47834e-05
9.774  7.60803e-05
9.78409  7.65781e-05
9.79431  7.66425e-05
9.80421  7.38318e-05
9.81445  7.33341e-05
9.82496  8.15058e-05
9.83552  7.24303e-05
9.84546  7.17492e-05
9.8557  7.30723e-05
9.86618  7.80478e-05
9.87739  7.81843e-05
9.8879  7.1102e-05
9.89812  7.10885e-05
9.90826  6.98686e-05
9.91853  6.77011e-05
9.92851  6.71244e-05
9.93852  6.93233e-05
9.9488  7.02148e-05
9.95884  6.47647e-05
9.96892  6.63286e-05
9.97917  6.5443e-05
9.98907  6.53169e-05
9.99914  6.45871e-05
10.0092  6.60659e-05
10.0194  6.13458e-05
10.0294  6.43099e-05
10.0397  6.30046e-05
10.0496  6.27854e-05
10.0595  6.06523e-05
10.0699  6.33316e-05
10.08  5.97003e-05
10.0899  6.10718e-05
10.1002  6.03474e-05
10.1102  5.87706e-05
10.1203  5.9103e-05
10.1305  5.96088e-05
10.1406  5.81588e-05
10.1506  5.80392e-05
10.1607  5.68946e-05
10.171  5.78485e-05
10.181  5.70109e-05
10.1912  5.48396e-05
10.2013  5.60361e-05
10.2113  5.59523e-05
10.2216  5.28126e-05
10.2316  5.50027e-05
10.2417  5.58591e-05
10.2519  5.27763e-05
10.262  5.34629e-05
10.2721  5.19047e-05
10.2823  5.23958e-05
10.2923  5.09219e-05
10.3024  5.36829e-05
10.3126  4.99459e-05
10.3227  4.9783e-05
10.3331  5.50765e-05
10.3438  5.04108e-05
10.3538  4.70599e-05
10.3639  5.17885e-05
10.3745  5.08856e-05
10.3852  4.90572e-05
10.3951  4.66154e-05
10.4052  4.81488e-05
10.4155  4.61415e-05
10.4255  4.83688e-05
10.4358  4.61514e-05
10.4458  4.46688e-05
10.4558  4.6882e-05
10.4663  4.65505e-05
10.4764  4.18459e-05
10.4864  4.71254e-05
10.4965  4.3626e-05
10.5069  4.24272e-05
10.517  4.49366e-05
10.5271  4.28915e-05
10.5374  4.26474e-05
10.5475  4.26651e-05
10.5574  4.24999e-05
10.5679  4.02618e-05
10.5778  4.21991e-05
10.588  4.0755e-05
10.5981  4.04075e-05
10.6083  4.07057e-05
10.6184  4.16296e-05
10.6286  3.67301e-05
10.6386  4.07739e-05
10.6487  3.90069e-05
10.6589  3.73524e-05
10.6692  3.89586e-05
10.6792  3.93528e-05
10.6896  3.67873e-05
10.6995  3.76318e-05
10.7097  3.70246e-05
10.7198  3.55863e-05
10.73  3.74616e-05
10.7401  3.7488e-05
10.7505  3.43244e-05
10.7606  3.50013e-05
10.7707  3.72215e-05
10.7813  3.62082e-05
10.7921  3.54966e-05
10.8021  3.5149e-05
10.8124  3.20893e-05
10.8225  3.55928e-05
10.8327  3.28448e-05
10.8426  3.12244e-05
10.8528  3.43537e-05
10.8632  3.35739e-05
10.8731  3.09187e-05
10.8833  3.11997e-05
10.8933  3.24967e-05
10.9036  3.03748e-05
10.9138  3.1689e-05
10.9239  3.16735e-05
10.9338  3.00161e-05
10.9443  3.00381e-05
10.9545  3.16857e-05
10.9645  2.75614e-05
10.9743  3.00533e-05
10.9848  3.06478e-05
10.995  2.74574e-05
11.0052  2.87841e-05
11.0153  2.9675e-05
11.0254  2.73998e-05
11.0356  2.85122e-05
11.0458  2.76359e-05
11.0559  2.7195e-05
11.0662  2.70719e-05
11.0761  2.82208e-05
11.0863  2.56518e-05
11.0964  2.63559e-05
11.1073  2.96964e-05
11.1177  2.54398e-05
11.1278  2.50364e-05
11.1376  2.65753e-05
11.1479  2.40979e-05
11.1583  2.68868e-05
11.1686  2.436e-05
11.1784  2.33382e-05
11.1887  2.53694e-05
11.1988  2.45884e-05
11.2091  2.30636e-05
11.2192  2.46041e-05
11.2294  2.35788e-05
11.2393  2.31613e-05
11.2496  2.2977e-05
11.26  2.33686e-05
11.27  2.21187e-05
11.2801  2.3596e-05
11.2903  2.17302e-05
11.3005  2.1916e-05
11.3107  2.19864e-05
11.3207  2.23494e-05
11.331  2.07022e-05
11.3411  2.18728e-05
11.3513  2.08151e-05
11.3616  2.11848e-05
11.3716  2.01438e-05
11.3818  2.12332e-05
11.3918  1.92128e-05
11.4021  2.13975e-05
11.4123  1.92792e-05
11.4226  2.0937e-05
11.4327  1.92281e-05
11.4428  1.86286e-05
11.453  1.8695e-05
11.4634  2.05701e-05
11.4734  1.86084e-05
11.4836  1.83316e-05
11.4935  1.79501e-05
11.5046  2.08598e-05
11.5151  1.73751e-05
11.5251  1.89661e-05
11.5354  1.67653e-05
11.5458  1.78675e-05
11.556  1.81173e-05
11.5659  1.6279e-05
11.576  1.75695e-05
11.5864  1.7438e-05
11.5966  1.59243e-05
11.6068  1.72392e-05
11.6168  1.65265e-05
11.627  1.60167e-05
11.6373  1.58904e-05
11.6475  1.69518e-05
11.6577  1.54663e-05
11.6679  1.50917e-05
11.6782  1.6932e-05
11.6884  1.48864e-05
11.6986  1.51557e-05
11.7088  1.53425e-05
11.7187  1.37874e-05
11.7288  1.53797e-05
11.7393  1.57046e-05
11.7495  1.35061e-05
11.7595  1.40742e-05
11.7697  1.44367e-05
11.7797  1.44132e-05
11.79  1.4046e-05
11.8005  1.41838e-05
11.8105  1.32456e-05
11.8206  1.33051e-05
11.8307  1.35502e-05
11.841  1.28118e-05
11.8514  1.33973e-05
11.8618  1.39685e-05
11.8723  1.35537e-05
11.8837  1.39264e-05
11.894  1.24072e-05
11.9043  1.27567e-05
11.9147  1.2216e-05
11.9252  1.29205e-05
11.9352  1.16545e-05
11.9452  1.17161e-05
11.9555  1.24638e-05
11.9659  1.15727e-05
11.9759  1.11844e-05
11.9863  1.19741e-05
11.9963  1.11143e-05
12.0067  1.10577e-05
12.0167  1.12918e-05
12.0271  1.13109e-05
12.0373  9.99584e-06
12.0472  1.1485e-05
12.0575  1.08873e-05
12.0676  1.05531e-05
12.0778  1.05224e-05
12.0884  1.01331e-05
12.0983  9.92579e-06
12.1084  1.06329e-05
12.1185  9.82286e-06
12.1289  9.61438e-06
12.1393  1.05503e-05
12.1493  9.96562e-06
12.1598  9.28589e-06
12.1699  9.65423e-06
12.1801  9.43956e-06
12.1901  8.58517e-06
12.2002  9.9112e-06
12.2107  9.13345e-06
12.221  9.07188e-06
12.2312  8.78534e-06
12.2417  9.30274e-06
12.2514  8.68638e-06
12.262  9.30366e-06
12.2722  8.20969e-06
12.2825  8.04315e-06
12.2925  8.94356e-06
12.303  8.46864e-06
12.3134  7.95475e-06
12.3236  8.74389e-06
12.3339  8.01587e-06
12.3438  7.66086e-06
12.3539  8.14556e-06
12.3646  7.86444e-06
12.3747  7.42072e-06
12.3849  8.08179e-06
12.3954  7.85921e-06
12.4058  7.6477e-06
12.4161  7.1085e-06
12.4264  7.56593e-06
12.4369  7.04845e-06
12.4469  7.562e-06
12.4574  6.93165e-06
12.4675  7.01112e-06
12.4777  7.06774e-06
12.4884  6.69821e-06
12.4981  6.74392e-06
12.5083  6.91808e-06
12.5188  6.57261e-06
12.5292  6.70131e-06
12.5397  6.48169e-06
12.5497  6.23955e-06
12.5594  6.67296e-06
12.5696  6.0522e-06
12.5802  6.27663e-06
12.5908  5.90932e-06
12.6004  6.37992e-06
12.611  6.43447e-06
12.6215  5.84349e-06
12.632  5.72385e-06
12.6425  6.19041e-06
12.6524  5.39688e-06
12.6625  5.81287e-06
12.6733  5.83119e-06
12.6842  6.43952e-06
12.6954  5.30404e-06
12.7054  5.09481e-06
12.7154  5.81683e-06
12.7256  4.95676e-06
12.7358  5.37806e-06
12.7461  5.6467e-06
12.7566  4.9991e-06
12.7665  4.74556e-06
12.7769  5.24031e-06
12.7871  4.63829e-06
12.7977  5.42169e-06
12.8077  4.43667e-06
12.8178  4.68174e-06
12.8284  4.91619e-06
12.8389  4.92356e-06
12.849  4.79036e-06
12.8594  4.43683e-06
12.8701  4.62137e-06
12.8804  4.53399e-06
12.8905  4.34962e-06
12.9006  4.46975e-06
12.9114  4.48144e-06
12.922  4.20981e-06
12.9322  4.46348e-06
12.9426  4.48127e-06
12.9534  3.9019e-06
12.9633  4.29175e-06
12.9739  3.97226e-06
12.9841  3.83287e-06
12.9948  4.37134e-06
13.005  3.62799e-06
13.0156  3.99674e-06
13.026  3.97695e-06
13.0362  3.67413e-06
13.0466  3.76636e-06
13.0572  3.95146e-06
13.0677  3.52482e-06
13.0784  3.66711e-06
13.0888  3.54838e-06
13.0993  3.61524e-06
13.1101  3.55696e-06
13.1199  3.77243e-06
13.1308  3.28999e-06
13.1413  3.22863e-06
13.1518  3.4757e-06
13.1619  3.03088e-06
13.1726  3.37347e-06
13.183  3.55055e-06
13.1943  3.06588e-06
13.2046  3.25212e-06
13.2152  3.2387e-06
13.2258  3.03312e-06
13.2362  3.20873e-06
13.2469  3.03722e-06
13.2573  2.7825e-06
13.2672  2.78547e-06
13.2779  2.83163e-06
13.2886  2.9134e-06
13.299  2.82944e-06
13.3094  2.94906e-06
13.3201  2.67681e-06
13.3307  2.80219e-06
13.3407  2.92045e-06
13.3521  2.57459e-06
13.3628  2.59742e-06
13.3738  2.34717e-06
13.3835  2.73033e-06
13.394  2.68915e-06
13.4047  2.31863e-06
13.4151  2.50087e-06
13.4254  2.7978e-06
13.4359  2.21891e-06
13.4463  2.11952e-06
13.4568  2.39757e-06
13.4676  2.46045e-06
13.4784  2.1992e-06
13.4884  2.35068e-06
13.4989  2.19844e-06
13.5103  2.1959e-06
13.52  2.11506e-06
13.5303  2.23526e-06
13.5409  2.10663e-06
13.5515  2.05023e-06
13.5624  1.91898e-06
13.5728  2.10737e-06
13.583  2.19138e-06
13.5936  2.05745e-06
13.6042  1.94565e-06
13.6153  1.93457e-06
13.6258  1.80796e-06
13.6358  1.9498e-06
13.6463  1.87291e-06
13.6574  1.73589e-06
13.6678  2.20792e-06
13.6785  1.57968e-06
13.6893  1.53369e-06
13.6995  1.8612e-06
13.7104  1.97017e-06
13.721  1.71276e-06
13.7319  1.77902e-06
13.7432  1.64279e-06
13.7535  1.56582e-06
13.7638  1.5739e-06
13.7737  1.62989e-06
13.7848  1.47899e-06
13.7947  1.60074e-06
13.8049  1.53694e-06
13.8152  1.4064e-06
13.8254  1.58874e-06
13.8362  1.31277e-06
13.8468  1.52939e-06
13.857  1.30241e-06
13.8675  1.51164e-06
13.8782  1.543e-06
13.8893  1.49762e-06
13.8998  1.15675e-06
13.9106  1.36219e-06
13.921  1.34342e-06
13.9308  1.3622e-06
13.942  1.29945e-06
13.9523  1.14628e-06
13.9632  1.1084e-06
13.9731  1.42347e-06
13.9839  1.29133e-06
13.9941  1.20625e-06
14.0043  1.07746e-06
14.0156  1.23233e-06
14.0261  1.1003e-06
14.0355  1.15966e-06
14.0461  1.13789e-06
14.0562  1.00873e-06
14.0668  1.1573e-06
14.0771  1.12128e-06
14.0877  9.66853e-07
14.0973  1.00705e-06
14.1082  1.12225e-06
14.1194  1.07434e-06
14.1298  9.81421e-07
14.1398  1.00567e-06
14.15  8.63837e-07
14.1612  1.08415e-06
14.1716  9.64019e-07
14.1824  8.53492e-07
14.1926  8.77242e-07
14.203  1.0605e-06
14.213  9.36574e-07
14.2228  8.47048e-07
14.2342  7.2547e-07
14.245  1.04728e-06
14.2559  8.40201e-07
14.2674  9.37442e-07
14.2782  8.25924e-07
14.2884  8.21755e-07
14.2987  8.20176e-07
14.3099  9.04438e-07
14.3214  8.48617e-07
14.3311  6.57642e-07
14.3417  7.56502e-07
14.3536  8.96129e-07
14.3641  6.06034e-07
14.3737  7.73278e-07
14.3846  7.54759e-07
14.3946  6.36955e-07
14.4047  7.31241e-07
14.4158  7.7829e-07
14.4269  7.34807e-07
14.4383  7.16929e-07
14.4486  6.55673e-07
14.4592  6.23582e-07
14.4696  5.77778e-07
14.4809  6.32218e-07
14.4907  6.29435e-07
14.5007  7.38266e-07
14.5112  5.87724e-07
14.5218  6.05343e-07
14.533  6.05174e-07
14.5436  5.75583e-07
14.5546  5.26223e-07
14.5648  5.57511e-07
14.5751  6.22261e-07
14.585  5.65568e-07
14.5963  5.23034e-07
14.6052  4.89191e-07
14.6168  6.12487e-07
14.6275  4.49288e-07
14.6387  5.25679e-07
14.6491  4.12488e-07
14.659  5.65887e-07
14.6693  5.50527e-07
14.679  4.29246e-07
14.6892  4.98773e-07
14.7013  3.99076e-07
14.7111  5.64729e-07
14.722  4.36047e-07
14.7332  4.83131e-07
14.7442  4.32827e-07
14.7552  5.58249e-07
14.7661  3.94725e-07
14.7769  3.56827e-07
14.7867  4.30654e-07
14.7971  4.42286e-07
14.8081  3.45117e-07
14.8186  4.18365e-07
14.8294  3.86559e-07
14.8411  5.09468e-07
14.8523  3.86533e-07
14.8617  3.9446e-07
14.8727  3.28672e-07
14.8838  2.84569e-07
14.8928  3.55687e-07
14.9038  4.34983e-07
14.9148  4.36513e-07
14.9255  2.54924e-07
14.9362  3.7838e-07
14.9483  3.47277e-07
14.9586  2.76154e-07
14.9686  3.39665e-07
14.9795  3.50282e-07
14.9911  3.31251e-07
15.0013  3.3663e-07
15.013  3.18838e-07
15.0244  2.85041e-07
15.0354  3.12928e-07
15.0438  2.61719e-07
15.0553  2.58632e-07
15.0658  3.44996e-07
15.0766  2.63433e-07
15.0873  2.93927e-07
15.0975  2.04119e-07
15.1069  2.50926e-07
15.1179  3.51396e-07
15.129  2.76965e-07
15.1398  2.1312e-07
15.1506  2.6619e-07
15.1636  3.10322e-07
15.1762  2.58895e-07
15.186  2.28844e-07
15.1968  2.84117e-07
15.2079  1.46756e-07
15.2181  2.61918e-07
15.2293  2.54048e-07
15.2403  2.41851e-07
15.2503  2.16646e-07
15.2612  1.81513e-07
15.2715  2.17953e-07
15.2839  1.87548e-07
15.2933  2.33398e-07
15.3044  2.29728e-07
15.3148  1.87028e-07
15.3263  1.96818e-07
15.3361  1.27579e-07
15.3475  1.7911e-07
15.3586  2.35477e-07
15.3697  2.11151e-07
15.3806  1.6259e-07
15.3925  1.61399e-07
15.4008  2.45996e-07
15.4122  1.75123e-07
15.4227  1.09749e-07
15.4335  9.16828e-08
15.4437  1.9396e-07
15.4531  1.31686e-07
15.4628  1.28818e-07
15.4731  2.19205e-07
15.4846  1.63861e-07
15.4971  1.45706e-07
15.5058  1.36126e-07
15.5161  1.49591e-07
15.5276  1.96359e-07
15.5381  1.47574e-07
15.5481  1.03451e-07
15.558  8.77613e-08
15.5713  1.64593e-07
15.5817  1.75449e-07
15.5914  1.49629e-07
15.6037  8.32191e-08
15.6151  1.46975e-07
15.6256  1.3376e-07
15.6374  9.95831e-08
15.6473  1.20504e-07
15.6582  1.00507e-07
15.668  9.96176e-08
15.6786  1.27382e-07
15.6898  1.85676e-07
15.7016  9.59193e-08
15.711  7.30708e-08
15.721  1.16514e-07
15.7329  1.12556e-07
15.7453  1.00902e-07
15.7576  1.23875e-07
15.7701  1.17783e-07
15.7785  1.23199e-07
15.7915  8.24961e-08
15.8004  9.79545e-08
15.8115  7.87834e-08
15.8238  8.93755e-08
15.8358  1.08419e-07
15.847  8.05211e-08
15.8577  1.05375e-07
15.8679  9.59784e-08
15.879  5.9914e-08
15.8906  7.76219e-08
15.9002  8.02554e-08
15.9108  1.07969e-07
15.9207  4.12509e-08
15.9321  8.7818e-08
15.9417  8.06291e-08
15.9514  7.01787e-08
15.9619  7.52199e-08
15.9741  6.01352e-08
15.9832  6.9103e-08
15.994  7.57926e-08
16.007  4.38634e-08
16.0163  6.16237e-08
16.0262  8.51331e-08
16.0399  7.14617e-08
16.0502  8.65474e-08
16.0621  4.37175e-08
16.0708  5.65195e-08
16.0828  8.80547e-08
16.0927  6.24999e-08
16.1034  3.63272e-08
16.1138  7.59529e-08
16.1272  4.0261e-08
16.1363  5.24786e-08
16.1517  6.64541e-08
16.1585  4.63535e-08
16.1712  8.46101e-08
16.184  7.23454e-08
16.1936  5.51478e-08
16.2072  4.22381e-08
16.2212  5.49435e-08
16.2318  6.30944e-08
16.2421  3.87781e-08
16.2563  2.49269e-08
16.2668  8.82523e-08
16.2788  1.74854e-08
16.289  3.69629e-08
16.2999  4.07956e-08
16.3116  6.22246e-08
16.3234  4.55068e-08
16.3359  4.96412e-08
16.3464  2.68955e-08
16.3563  3.81519e-08
16.368  4.83654e-08
16.377  1.73289e-08
16.3865  5.67193e-08
16.3997  5.21486e-08
16.4121  2.99032e-08
16.4244  1.33484e-08
16.4332  2.54467e-08
16.4433  5.36109e-08
16.453  3.1518e-08
16.4672  4.07728e-08
16.4796  1.55421e-08
16.4885  6.67758e-08
16.5036  2.14035e-08
16.513  2.22856e-08
16.5241  1.53478e-08
16.5385  2.16465e-08
16.5473  3.90402e-08
16.5611  4.85218e-08
16.5705  4.12703e-08
16.5834  3.30782e-08
16.5936  1.70801e-08
16.6018  2.06307e-08
16.6183  2.69016e-08
16.6316  2.00551e-08
16.6437  3.52735e-08
16.654  1.14674e-08
16.6629  4.05164e-08
16.6771  2.48113e-08
16.6886  1.37657e-08
16.7005  1.46556e-08
16.7089  1.88765e-08
16.7199  2.79832e-08
16.7322  3.50685e-08
16.7454  1.52316e-08
16.7621  3.08325e-08
16.7708  2.81902e-08
16.7815  2.52469e-08
16.7953  8.85026e-09
16.8055  2.24116e-08
16.8194  9.50372e-09
16.8287  1.08903e-08
16.843  4.13211e-08
16.8561  2.12854e-08
16.8668  1.53653e-08
16.8809  1.59414e-08
16.8942  1.39083e-08
16.9059  1.28394e-08
16.9181  1.86678e-08
16.9297  8.74785e-09
16.9425  2.25584e-08
16.9528  2.08577e-08
16.9621  1.12664e-08
16.9763  1.41355e-08
16.9845  1.48905e-08
17.0024  1.6492e-08
17.0131  1.20691e-08
17.0246  1.47126e-08
17.0367  1.72114e-08
17.0485  1.20285e-08
17.0575  1.61241e-08
17.0687  4.76988e-09
17.0802  4.33014e-09
17.0954  1.28972e-08
17.1088  1.91987e-08
17.1215  6.59954e-09
17.1321  7.80305e-09
17.1388  1.79887e-08
17.1616  1.52882e-08
17.1737  1.51271e-08
17.183  5.4086e-09
17.1994  8.86295e-09
17.2187  1.7214e-08
17.2294  8.49199e-09
17.2431  1.2261e-08
17.257  1.0615e-08
17.2682  1.33769e-08
17.2783  6.85864e-09
17.2891  5.85031e-09
17.3048  4.29104e-09
17.3137  1.06232e-08
17.3293  2.95389e-09
17.3417  9.37658e-09
17.3547  1.43206e-08
17.3821  6.96458e-09
17.3925  1.00447e-08
17.4112  7.54282e-09
17.4252  1.36551e-08
17.4413  1.28378e-08
17.4577  6.37843e-09
17.4742  4.05251e-09
17.4865  7.23907e-09
17.4967  2.9763e-09
17.5127  7.49825e-09
17.5274  6.22817e-09
17.5362  6.74727e-09
17.5593  6.61569e-09
17.5737  5.64693e-09
17.5937  8.44303e-09
17.6027  2.9486e-09
17.6202  2.52321e-09
17.6367  1.39686e-08
17.6508  5.39268e-09
17.6648  7.60001e-09
17.6854  2.12525e-09
17.708  5.28117e-09
17.7199  3.51174e-09
17.7365  6.00766e-10
17.7481  2.83446e-09
17.7531  6.3314e-09
17.7657  6.05603e-09
17.7837  1.66234e-09
17.7945  9.41977e-10
17.8184  6.51194e-09
17.8348  6.96479e-09
17.8466  1.92054e-09
17.8563  4.23114e-09
17.873  1.30351e-09
17.8856  2.90106e-09
17.894  3.9355e-09
17.9162  4.00532e-09
17.9267  2.80642e-09
17.9383  2.78787e-09
17.9699  4.79178e-09
17.9951  2.21924e-09
18.0053  2.13517e-09
18.0248  2.7825e-09
18.0393  6.5436e-09
18.0468  4.84965e-10
18.0979  6.63514e-09
18.1128  8.84433e-10
18.1277  3.87206e-09
18.1416  2.41214e-09
18.1867  4.18302e-10
18.2107  4.37454e-09
18.2183  1.71925e-09
18.2466  2.37344e-09
18.2568  2.84039e-09
18.2786  4.89362e-10
18.291  1.39357e-09
18.3086  4.78901e-09
18.3244  4.74741e-10
18.3732  2.4815e-10
18.3795  2.44653e-09
18.3984  1.56972e-09
18.4334  2.61952e-09
18.4465  3.92553e-10
18.468  1.60232e-09
18.4877  1.23088e-09
18.5063  1.95454e-09
18.5309  1.89108e-09
18.5862  1.68361e-09
18.6097  4.14493e-10
18.6213  1.4809e-09
18.6534  1.3846e-09
18.6866  1.11819e-09
18.7093  1.7226e-09
18.7397  3.97335e-10
18.753  1.4152e-09
18.8262  7.75258e-10
18.8371  2.31654e-10
18.8625  4.2826e-10
18.9057  1.31592e-09
18.9246  1.88924e-09
18.9621  8.89908e-10
19.0131  3.70564e-10
19.0842  1.19869e-09
19.1023  2.90575e-10
19.1194  3.59581e-10
19.2019  6.03803e-10
19.236  3.40222e-10
19.3013  1.05589e-09
19.337  2.06417e-10
19.3677  3.34088e-10
19.4772  2.02199e-10
19.5204  3.10651e-10
19.5768  8.40324e-10
19.6988  2.82975e-10
19.916  2.49264e-10
19.9516  2.92374e-10
20.1914  1.98376e-10
20.5663  1.38042e-10
