-20.5765  1.0194e-10
-20.2021  1.49183e-10
-19.9661  2.20216e-10
-19.9255  1.90542e-10
-19.7082  2.15261e-10
-19.5917  6.44544e-10
-19.5253  2.53162e-10
-19.4874  1.49319e-10
-19.3605  4.39811e-10
-19.3151  8.23239e-10
-19.2189  7.65562e-10
-19.113  2.18518e-10
-19.0983  1.22229e-09
-18.9929  3.28033e-10
-18.9814  6.96189e-10
-18.9407  1.20476e-09
-18.9149  1.09379e-09
-18.8964  3.00973e-10
-18.877  3.22566e-10
-18.8473  1.7107e-10
-18.8364  2.79101e-10
-18.8101  2.94073e-10
-18.7528  1.21509e-09
-18.7245  1.67978e-09
-18.7048  8.89202e-10
-18.6641  7.69383e-10
-18.6477  3.46441e-10
-18.6198  3.44062e-10
-18.6093  2.28879e-09
-18.5718  3.25198e-10
-18.5405  1.60069e-09
-18.5021  1.29283e-09
-18.4885  2.26722e-09
-18.4728  2.5035e-10
-18.4468  1.73839e-09
-18.4356  6.8621e-10
-18.3797  3.59354e-09
-18.3303  2.63176e-09
-18.3064  1.53116e-09
-18.2861  1.30035e-09
-18.2714  6.44222e-10
-18.2639  2.04447e-09
-18.252  3.68631e-10
-18.2343  3.70701e-09
-18.226  1.20586e-09
-18.1986  1.91007e-09
-18.1432  1.64482e-09
-18.1298  1.12137e-09
-18.1149  6.16512e-09
-18.1009  2.6164e-09
-18.0539  1.69062e-09
-18.0431  4.16503e-09
-18.009  4.14019e-09
-17.9993  1.74962e-09
-17.9789  3.6124e-10
-17.9591  5.68314e-09
-17.9428  3.8385e-10
-17.9302  3.4579e-09
-17.9101  2.34206e-09
-17.8881  5.49153e-09
-17.879  1.36384e-09
-17.8632  2.43982e-09
-17.8497  2.17699e-09
-17.8372  6.14293e-09
-17.8253  4.82414e-09
-17.8073  4.40856e-10
-17.7962  7.64132e-10
-17.7682  7.09205e-09
-17.756  3.48005e-10
-17.7419  6.84839e-09
-17.7315  2.76328e-09
-17.7174  9.78151e-10
-17.7019  4.5286e-09
-17.6778  4.20175e-09
-17.6581  8.38687e-09
-17.6367  7.63175e-09
-17.6231  9.06853e-09
-17.6157  1.30248e-09
-17.5875  6.57724e-09
-17.575  1.12697e-09
-17.5579  6.58738e-09
-17.5449  4.05098e-09
-17.5355  1.43602e-09
-17.5171  8.98486e-09
-17.5056  5.4792e-09
-17.4894  8.478e-09
-17.4638  8.09541e-09
-17.451  4.94892e-09
-17.4366  9.67432e-09
-17.4209  4.6873e-09
-17.4059  1.94891e-09
-17.3974  1.48884e-08
-17.3865  6.89488e-09
-17.3686  2.39949e-09
-17.3524  9.53047e-09
-17.3429  7.38738e-10
-17.3307  1.0573e-08
-17.3048  6.73714e-09
-17.2915  4.87965e-09
-17.279  1.3793e-08
-17.2718  8.25185e-09
-17.2578  2.33397e-09
-17.2502  1.30523e-08
-17.2374  1.20209e-08
-17.2275  5.78855e-09
-17.2138  1.12626e-08
-17.1982  2.29037e-09
-17.1856  6.81113e-09
-17.1713  1.36904e-08
-17.1587  4.49914e-09
-17.1462  1.03753e-08
-17.1328  1.67083e-08
-17.1179  1.70238e-08
-17.1086  6.46862e-09
-17.0919  1.11178e-08
-17.0746  4.78902e-09
-17.0631  1.49186e-08
-17.0526  1.04128e-08
-17.0259  2.91248e-08
-17.0166  8.78728e-09
-17.0076  1.28065e-08
-16.9928  6.28329e-09
-16.9823  1.43253e-08
-16.973  1.39218e-08
-16.9588  1.21641e-08
-16.9484  1.07159e-08
-16.9339  1.67338e-08
-16.9231  7.91668e-09
-16.9098  9.89882e-09
-16.9035  2.88703e-08
-16.8952  3.48131e-09
-16.8796  1.42216e-08
-16.87  8.34773e-09
-16.8552  1.70247e-08
-16.8411  2.74839e-08
-16.8309  1.32676e-08
-16.823  9.12813e-09
-16.8087  1.69929e-08
-16.7978  9.58059e-09
-16.7863  2.30396e-08
-16.775  2.6187e-08
-16.7592  2.18912e-08
-16.7478  2.62351e-08
-16.7342  1.09765e-08
-16.7219  2.21318e-08
-16.7165  2.52746e-08
-16.7007  1.63686e-08
-16.684  1.39611e-08
-16.677  1.72418e-08
-16.6651  1.34087e-08
-16.6524  3.59279e-08
-16.6403  2.70914e-08
-16.6257  2.88412e-08
-16.6148  2.04786e-08
-16.6035  2.62299e-08
-16.59  1.17761e-08
-16.5764  2.6471e-08
-16.5646  3.72875e-08
-16.5556  3.4671e-08
-16.5397  1.92017e-08
-16.5327  4.59042e-08
-16.521  1.57045e-08
-16.5046  1.61787e-08
-16.498  1.8707e-08
-16.4835  3.7138e-08
-16.4695  2.79275e-08
-16.4611  2.54637e-08
-16.4522  3.05166e-08
-16.4403  2.4614e-08
-16.4306  2.88954e-08
-16.4151  4.86665e-08
-16.4053  4.43897e-08
-16.398  8.42835e-09
-16.3835  3.14144e-08
-16.3748  5.1973e-08
-16.3601  2.39906e-08
-16.3479  6.47765e-08
-16.3383  1.35814e-08
-16.3262  3.10025e-08
-16.3178  1.96572e-08
-16.3032  4.94607e-08
-16.2945  4.70268e-08
-16.2827  4.94266e-08
-16.269  4.43384e-08
-16.256  3.5508e-08
-16.2457  3.73208e-08
-16.2337  3.49518e-08
-16.2244  6.10735e-08
-16.2105  2.80739e-08
-16.1983  3.50994e-08
-16.187  8.17263e-08
-16.1774  4.00995e-08
-16.1639  6.56811e-08
-16.1537  5.54559e-08
-16.1401  6.02987e-08
-16.1281  4.58845e-08
-16.1203  3.38163e-08
-16.1095  5.41789e-08
-16.0961  4.087e-08
-16.0855  3.44759e-08
-16.077  6.50004e-08
-16.0675  6.78892e-08
-16.0564  3.76041e-08
-16.0429  8.193e-08
-16.0347  5.61698e-08
-16.0243  4.98029e-08
-16.0113  5.76352e-08
-16.0015  9.71892e-08
-15.991  2.18934e-08
-15.9791  4.47563e-08
-15.9715  8.18071e-08
-15.9593  4.80739e-08
-15.9486  5.51457e-08
-15.9362  6.03195e-08
-15.9241  1.06295e-07
-15.9159  6.67459e-08
-15.9058  8.22133e-08
-15.8946  6.24222e-08
-15.8835  7.698e-08
-15.8729  5.76933e-08
-15.8598  5.95695e-08
-15.8519  1.17368e-07
-15.8404  5.55922e-08
-15.8273  8.00273e-08
-15.8156  1.16943e-07
-15.8051  6.55798e-08
-15.7957  7.13469e-08
-15.788  5.83384e-08
-15.7743  8.31139e-08
-15.764  1.20196e-07
-15.7519  1.25255e-07
-15.7392  1.07598e-07
-15.7288  9.72342e-08
-15.7189  7.23621e-08
-15.7078  5.87584e-08
-15.6964  1.29413e-07
-15.6869  9.92032e-08
-15.6715  1.57134e-07
-15.6614  1.09974e-07
-15.651  7.09122e-08
-15.6416  7.43905e-08
-15.6301  1.6169e-07
-15.6184  1.24691e-07
-15.6061  8.29799e-08
-15.5953  7.87703e-08
-15.5845  1.2985e-07
-15.5739  1.4945e-07
-15.5631  1.01317e-07
-15.5507  1.96723e-07
-15.5426  8.34434e-08
-15.5329  1.09411e-07
-15.52  9.93991e-08
-15.5092  2.17354e-07
-15.5  1.10864e-07
-15.486  1.35768e-07
-15.4761  1.30782e-07
-15.4656  1.43409e-07
-15.4527  1.61295e-07
-15.4431  1.61134e-07
-15.4314  1.30816e-07
-15.4232  1.53323e-07
-15.4126  1.05705e-07
-15.4015  1.50837e-07
-15.3914  1.69497e-07
-15.3799  1.13836e-07
-15.3669  2.19332e-07
-15.3589  1.52527e-07
-15.3476  2.21828e-07
-15.3366  1.02936e-07
-15.3256  2.34887e-07
-15.3155  1.29428e-07
-15.3038  1.18094e-07
-15.2954  2.18845e-07
-15.285  1.85384e-07
-15.2727  2.10098e-07
-15.2619  1.41708e-07
-15.2538  1.75029e-07
-15.2422  2.99166e-07
-15.2287  1.54417e-07
-15.2197  1.18885e-07
-15.2067  3.32704e-07
-15.1958  2.28309e-07
-15.1839  2.17706e-07
-15.1745  2.4823e-07
-15.1627  2.0883e-07
-15.1512  1.8365e-07
-15.1408  2.80779e-07
-15.1312  2.12868e-07
-15.1199  1.72477e-07
-15.1095  2.45365e-07
-15.0977  2.70438e-07
-15.0859  3.54116e-07
-15.0746  2.32543e-07
-15.0639  2.08061e-07
-15.0554  2.96209e-07
-15.0438  2.60863e-07
-15.0327  2.02123e-07
-15.0218  3.92963e-07
-15.0122  1.81475e-07
-15.0024  1.80689e-07
-14.9905  3.77226e-07
-14.9787  3.40873e-07
-14.9682  2.5984e-07
-14.9552  3.09165e-07
-14.9459  3.63717e-07
-14.9346  2.84317e-07
-14.923  3.35413e-07
-14.9125  2.701e-07
-14.9021  3.74565e-07
-14.892  2.80901e-07
-14.8811  2.834e-07
-14.8707  4.67492e-07
-14.8598  2.63489e-07
-14.8502  2.94195e-07
-14.8381  3.84575e-07
-14.8293  3.38017e-07
-14.8191  3.74224e-07
-14.8077  3.39991e-07
-14.7977  3.85627e-07
-14.7873  3.87257e-07
-14.776  2.76844e-07
-14.7662  5.0908e-07
-14.7548  3.58554e-07
-14.7452  3.7954e-07
-14.7351  3.06113e-07
-14.7242  3.42185e-07
-14.7134  6.38699e-07
-14.7029  4.03446e-07
-14.6931  3.20662e-07
-14.6836  4.79696e-07
-14.6719  4.27854e-07
-14.6615  3.65138e-07
-14.6488  6.84546e-07
-14.639  4.31578e-07
-14.6291  3.76468e-07
-14.6177  5.20359e-07
-14.6072  4.64114e-07
-14.5965  4.42512e-07
-14.585  5.23359e-07
-14.5738  5.8264e-07
-14.563  5.83472e-07
-14.5524  5.01093e-07
-14.5414  4.9885e-07
-14.5295  7.22245e-07
-14.5202  4.94904e-07
-14.5086  4.23691e-07
-14.4974  7.28224e-07
-14.4861  5.94324e-07
-14.4763  4.68531e-07
-14.4651  5.8589e-07
-14.4553  6.85033e-07
-14.4459  6.12131e-07
-14.4336  5.22959e-07
-14.4225  6.69998e-07
-14.4121  7.93674e-07
-14.4005  4.6191e-07
-14.3922  6.96046e-07
-14.3797  6.71338e-07
-14.3691  7.42897e-07
-14.3588  6.15957e-07
-14.3489  5.50065e-07
-14.3396  9.21952e-07
-14.3286  5.52514e-07
-14.318  6.3474e-07
-14.3078  7.67316e-07
-14.2962  7.88169e-07
-14.2871  5.88822e-07
-14.2751  9.7605e-07
-14.2654  7.57992e-07
-14.2555  6.21108e-07
-14.2439  9.31905e-07
-14.2334  7.57474e-07
-14.2225  8.02607e-07
-14.2121  8.61913e-07
-14.2017  6.74941e-07
-14.1917  1.03428e-06
-14.1806  9.37421e-07
-14.169  6.74371e-07
-14.1574  1.16892e-06
-14.1475  9.74571e-07
-14.1365  7.23046e-07
-14.1262  8.98482e-07
-14.1161  9.07002e-07
-14.1058  8.84082e-07
-14.0944  1.02446e-06
-14.0851  1.00669e-06
-14.0734  1.24568e-06
-14.0616  9.76857e-07
-14.0514  8.46903e-07
-14.0403  1.20937e-06
-14.0297  1.18916e-06
-14.0188  8.93493e-07
-14.0073  1.17061e-06
-13.9966  1.29533e-06
-13.987  8.82349e-07
-13.9768  9.95588e-07
-13.9665  1.46883e-06
-13.9553  9.08028e-07
-13.9445  1.1555e-06
-13.9337  1.29073e-06
-13.9235  1.2844e-06
-13.9139  1.04072e-06
-13.902  1.35561e-06
-13.8911  1.26708e-06
-13.8815  1.13682e-06
-13.8707  1.35819e-06
-13.8604  1.13846e-06
-13.8501  1.50133e-06
-13.8399  1.39e-06
-13.8285  1.15539e-06
-13.8184  1.4254e-06
-13.8081  1.59818e-06
-13.797  1.13079e-06
-13.7858  1.54287e-06
-13.7775  1.49866e-06
-13.7658  1.66367e-06
-13.7545  1.29089e-06
-13.7436  1.43754e-06
-13.7334  1.67854e-06
-13.7223  1.63948e-06
-13.7126  1.5435e-06
-13.701  1.68943e-06
-13.6903  1.62123e-06
-13.6802  1.60495e-06
-13.6691  1.54993e-06
-13.6593  2.07008e-06
-13.6484  1.26123e-06
-13.6374  1.7343e-06
-13.6265  1.96477e-06
-13.616  1.89317e-06
-13.605  1.63591e-06
-13.5954  2.0842e-06
-13.5842  1.55159e-06
-13.574  1.82668e-06
-13.5631  2.04018e-06
-13.5529  1.98881e-06
-13.542  2.09028e-06
-13.5311  1.85567e-06
-13.52  1.97284e-06
-13.5106  2.03688e-06
-13.5  2.03245e-06
-13.49  1.64602e-06
-13.478  2.77401e-06
-13.4677  2.09132e-06
-13.4569  1.81296e-06
-13.4463  2.07373e-06
-13.4362  2.7132e-06
-13.4255  2.12425e-06
-13.4146  2.30109e-06
-13.4045  2.18762e-06
-13.3937  2.53156e-06
-13.3824  2.22717e-06
-13.3719  2.37418e-06
-13.3611  2.90874e-06
-13.3513  2.2034e-06
-13.3409  2.30875e-06
-13.3298  2.40239e-06
-13.319  2.65699e-06
-13.3094  2.57747e-06
-13.2982  2.28565e-06
-13.2887  3.04954e-06
-13.2781  2.54238e-06
-13.2671  2.59012e-06
-13.2561  2.92631e-06
-13.2462  2.63508e-06
-13.2354  2.87343e-06
-13.2242  2.98879e-06
-13.214  2.93409e-06
-13.2038  2.85087e-06
-13.1932  2.85911e-06
-13.1831  2.78246e-06
-13.1723  3.44831e-06
-13.162  2.57723e-06
-13.1521  2.94156e-06
-13.1411  3.48712e-06
-13.1307  3.49014e-06
-13.12  2.84689e-06
-13.1091  2.89541e-06
-13.0996  3.73845e-06
-13.089  3.13039e-06
-13.0784  3.30288e-06
-13.0678  3.44234e-06
-13.0578  3.55307e-06
-13.0476  3.21107e-06
-13.0372  3.76168e-06
-13.026  3.33908e-06
-13.0162  3.62881e-06
-13.0056  3.65335e-06
-12.9955  3.21171e-06
-12.985  4.49593e-06
-12.9747  3.67454e-06
-12.9644  3.26027e-06
-12.9537  3.82515e-06
-12.9435  4.63557e-06
-12.9337  3.39715e-06
-12.9221  4.22288e-06
-12.9125  3.94772e-06
-12.9016  4.15695e-06
-12.8912  4.00267e-06
-12.8814  4.4686e-06
-12.871  4.0451e-06
-12.8608  4.54477e-06
-12.8501  3.71472e-06
-12.8396  4.54343e-06
-12.8292  4.68986e-06
-12.8189  4.55137e-06
-12.8085  3.98716e-06
-12.7986  5.22944e-06
-12.7877  4.52952e-06
-12.7776  4.38349e-06
-12.7664  5.0639e-06
-12.7563  5.05037e-06
-12.7459  4.33461e-06
-12.7353  5.21075e-06
-12.7251  5.17393e-06
-12.715  5.2886e-06
-12.7041  5.35485e-06
-12.6931  4.72302e-06
-12.6827  5.50777e-06
-12.6731  5.26245e-06
-12.6625  5.04566e-06
-12.6521  5.20138e-06
-12.642  5.9925e-06
-12.6312  5.58389e-06
-12.621  4.82824e-06
-12.6109  6.21428e-06
-12.6003  5.58145e-06
-12.5901  5.3871e-06
-12.5799  6.01927e-06
-12.5696  6.41123e-06
-12.5595  5.54043e-06
-12.5489  6.36593e-06
-12.5393  5.42985e-06
-12.5285  5.89355e-06
-12.5189  6.36093e-06
-12.508  6.80734e-06
-12.4978  6.26504e-06
-12.4877  6.66704e-06
-12.4771  5.87595e-06
-12.4663  6.60954e-06
-12.4565  7.51902e-06
-12.446  6.56172e-06
-12.4359  5.56336e-06
-12.4254  8.30493e-06
-12.4148  6.59801e-06
-12.4049  6.77964e-06
-12.3943  6.96356e-06
-12.3841  7.78948e-06
-12.374  6.9926e-06
-12.3634  7.38729e-06
-12.3537  6.56516e-06
-12.3433  8.29507e-06
-12.3334  7.47552e-06
-12.3229  7.4219e-06
-12.3123  7.48238e-06
-12.3027  8.81694e-06
-12.2921  7.28121e-06
-12.2819  7.84691e-06
-12.2715  8.1865e-06
-12.2616  8.18948e-06
-12.2514  7.83778e-06
-12.2411  8.65063e-06
-12.2309  8.1364e-06
-12.2207  8.69985e-06
-12.2105  8.1681e-06
-12.2003  9.27932e-06
-12.1899  8.71578e-06
-12.1798  8.85189e-06
-12.1694  8.20285e-06
-12.1594  9.57588e-06
-12.1492  9.51161e-06
-12.139  8.52712e-06
-12.1287  8.91657e-06
-12.1186  1.05954e-05
-12.1078  8.7934e-06
-12.0981  9.63022e-06
-12.0874  1.06472e-05
-12.0774  9.82447e-06
-12.0667  1.04422e-05
-12.0554  1.02163e-05
-12.0456  9.95099e-06
-12.0356  1.06384e-05
-12.0248  1.03305e-05
-12.0146  1.02787e-05
-12.0043  1.13398e-05
-11.9943  1.05465e-05
-11.9843  1.06316e-05
-11.9734  1.04448e-05
-11.9631  1.22964e-05
-11.9528  1.08916e-05
-11.9428  1.06386e-05
-11.9321  1.32835e-05
-11.9216  1.08391e-05
-11.9114  1.15552e-05
-11.9009  1.1406e-05
-11.8909  1.29858e-05
-11.881  1.14473e-05
-11.8702  1.24263e-05
-11.8605  1.10221e-05
-11.8503  1.33467e-05
-11.84  1.20112e-05
-11.83  1.31875e-05
-11.8197  1.18451e-05
-11.8096  1.3188e-05
-11.7995  1.26482e-05
-11.7891  1.34348e-05
-11.779  1.34389e-05
-11.769  1.32662e-05
-11.7588  1.23941e-05
-11.7483  1.53013e-05
-11.7383  1.33125e-05
-11.728  1.49397e-05
-11.7174  1.28407e-05
-11.7077  1.50583e-05
-11.6973  1.46708e-05
-11.6869  1.35067e-05
-11.6773  1.42379e-05
-11.6669  1.62218e-05
-11.657  1.38627e-05
-11.6467  1.51013e-05
-11.6365  1.43529e-05
-11.6263  1.73484e-05
-11.6159  1.49724e-05
-11.6053  1.67745e-05
-11.5944  1.62743e-05
-11.5846  1.68392e-05
-11.5742  1.53514e-05
-11.5638  1.63922e-05
-11.554  1.60812e-05
-11.5438  1.69271e-05
-11.5335  1.61296e-05
-11.5235  1.76351e-05
-11.5133  1.7285e-05
-11.5033  1.6709e-05
-11.493  1.74691e-05
-11.4827  1.73319e-05
-11.4725  1.86175e-05
-11.4624  1.82248e-05
-11.4522  1.78979e-05
-11.4419  1.81671e-05
-11.4318  1.89821e-05
-11.4216  1.77255e-05
-11.4111  1.94769e-05
-11.4013  2.039e-05
-11.3907  1.90599e-05
-11.3805  1.76545e-05
-11.3706  2.11677e-05
-11.3602  2.04192e-05
-11.3503  1.90678e-05
-11.3397  2.08459e-05
-11.3295  1.96545e-05
-11.3194  2.24409e-05
-11.3084  2.18396e-05
-11.2981  1.9578e-05
-11.2881  2.21512e-05
-11.2779  2.20015e-05
-11.2679  1.99563e-05
-11.2575  2.1977e-05
-11.2476  2.34526e-05
-11.2374  2.09639e-05
-11.2272  2.19284e-05
-11.2171  2.37872e-05
-11.2069  2.22675e-05
-11.1969  2.23495e-05
-11.1866  2.40468e-05
-11.1763  2.2264e-05
-11.1666  2.52358e-05
-11.1559  2.33616e-05
-11.1461  2.34246e-05
-11.1357  2.47496e-05
-11.1257  2.46993e-05
-11.1156  2.32314e-05
-11.1055  2.6324e-05
-11.0952  2.63051e-05
-11.0851  2.44154e-05
-11.0747  2.53913e-05
-11.0649  2.68564e-05
-11.0541  2.72122e-05
-11.0438  2.65644e-05
-11.0332  2.76904e-05
-11.0234  2.58659e-05
-11.0132  2.72911e-05
-11.003  2.69596e-05
-10.9929  2.68983e-05
-10.9829  2.95848e-05
-10.9727  2.68472e-05
-10.9628  2.7627e-05
-10.9523  3.007e-05
-10.9424  2.8369e-05
-10.9322  2.90721e-05
-10.9218  2.87679e-05
-10.9117  3.16185e-05
-10.9015  2.99328e-05
-10.8913  2.8803e-05
-10.8812  3.12853e-05
-10.871  3.19028e-05
-10.8609  2.92325e-05
-10.8507  3.12717e-05
-10.8407  3.1246e-05
-10.8305  3.27465e-05
-10.8203  3.21534e-05
-10.8102  3.24662e-05
-10.8  3.08676e-05
-10.7903  3.37036e-05
-10.7798  3.47707e-05
-10.7697  3.19975e-05
-10.7595  3.38444e-05
-10.7493  3.52186e-05
-10.7393  3.26868e-05
-10.7292  3.726e-05
-10.7189  3.51017e-05
-10.709  3.25595e-05
-10.6985  3.58237e-05
-10.6887  3.71845e-05
-10.6784  3.59725e-05
-10.6685  3.65928e-05
-10.6582  3.62489e-05
-10.6483  3.68626e-05
-10.6382  3.72471e-05
-10.628  3.92258e-05
-10.6176  3.6688e-05
-10.6079  4.08603e-05
-10.5973  3.73924e-05
-10.5877  3.65387e-05
-10.5772  4.24138e-05
-10.5673  4.07697e-05
-10.5571  3.8117e-05
-10.5468  4.02687e-05
-10.5367  4.19239e-05
-10.5268  4.06567e-05
-10.5165  4.15142e-05
-10.5065  4.22118e-05
-10.4962  4.04739e-05
-10.4863  4.41029e-05
-10.4758  4.24555e-05
-10.4661  4.28933e-05
-10.4556  4.5502e-05
-10.4457  4.15131e-05
-10.4357  4.34791e-05
-10.4255  4.6235e-05
-10.4153  4.60905e-05
-10.4054  4.44407e-05
-10.3948  4.50975e-05
-10.3851  4.62572e-05
-10.3748  4.82806e-05
-10.3648  4.37943e-05
-10.3545  5.00582e-05
-10.3444  4.74497e-05
-10.3343  4.61912e-05
-10.3237  5.2882e-05
-10.3132  5.08868e-05
-10.3031  4.85499e-05
-10.2928  5.02578e-05
-10.2827  4.82747e-05
-10.2719  5.82015e-05
-10.2614  5.12019e-05
-10.2513  5.15835e-05
-10.2408  4.99639e-05
-10.231  5.54576e-05
-10.2206  5.21429e-05
-10.2106  4.97608e-05
-10.2003  5.77781e-05
-10.1901  5.38329e-05
-10.18  5.19272e-05
-10.17  5.67501e-05
-10.1599  5.42226e-05
-10.1498  5.51648e-05
-10.1396  5.69292e-05
-10.1296  5.48101e-05
-10.1192  5.92389e-05
-10.1093  5.73607e-05
-10.0991  5.69168e-05
-10.0891  5.60252e-05
-10.0791  6.19615e-05
-10.069  5.77649e-05
-10.0588  5.76766e-05
-10.0487  6.44619e-05
-10.0385  5.85847e-05
-10.0281  6.35156e-05
-10.0174  6.76635e-05
-10.0073  5.85664e-05
-9.99714  6.32024e-05
-9.98697  6.35608e-05
-9.97693  6.23026e-05
-9.96679  6.46357e-05
-9.95664  6.71059e-05
-9.94655  6.16005e-05
-9.93626  6.75438e-05
-9.92628  6.82973e-05
-9.91592  6.51601e-05
-9.9059  6.44104e-05
-9.89577  7.2795e-05
-9.88565  6.51774e-05
-9.87548  6.87999e-05
-9.8652  6.99035e-05
-9.85512  7.06491e-05
-9.84511  6.83451e-05
-9.83484  7.21597e-05
-9.82493  6.92862e-05
-9.81425  7.99621e-05
-9.80367  7.15515e-05
-9.79356  7.2616e-05
-9.78348  7.10221e-05
-9.77338  7.93099e-05
-9.76321  7.0568e-05
-9.75303  7.69849e-05
-9.74274  7.7374e-05
-9.73288  7.42717e-05
-9.72281  7.43413e-05
-9.71253  8.20009e-05
-9.70251  7.32374e-05
-9.69251  8.18037e-05
-9.68207  7.79717e-05
-9.67231  8.03004e-05
-9.66196  7.82096e-05
-9.65197  8.19271e-05
-9.64175  8.06686e-05
-9.63173  8.25555e-05
-9.62118  9.00679e-05
-9.61075  8.23538e-05
-9.60045  8.15562e-05
-9.59054  8.86285e-05
-9.58028  8.48042e-05
-9.57026  8.04986e-05
-9.55994  9.25699e-05
-9.55011  8.4008e-05
-9.53944  9.35966e-05
-9.52895  8.97359e-05
-9.5183  9.93962e-05
-9.50772  8.65002e-05
-9.4976  9.12029e-05
-9.48757  8.91817e-05
-9.47735  9.21565e-05
-9.46744  9.17839e-05
-9.4573  9.48454e-05
-9.44714  8.63825e-05
-9.43714  0.000101052
-9.42706  8.98857e-05
-9.41693  9.56971e-05
-9.40685  9.68909e-05
-9.39685  9.71495e-05
-9.38671  9.2989e-05
-9.37658  0.00010183
-9.36647  9.83496e-05
-9.35623  0.000101325
-9.34577  0.000104807
-9.33528  0.000104887
-9.32505  9.65478e-05
-9.31526  0.000104394
-9.30482  0.000103214
-9.29428  0.000113586
-9.28362  0.000105947
-9.27349  0.000104648
-9.26316  0.000106924
-9.25327  0.000107018
-9.24309  0.000108211
-9.233  0.000104123
-9.22291  0.000108388
-9.21293  0.000111758
-9.20201  0.000124876
-9.19142  0.000107282
-9.18138  0.00011358
-9.17113  0.000112389
-9.16116  0.000111391
-9.15111  0.000114411
-9.14093  0.000114335
-9.13104  0.000114933
-9.12076  0.000118052
-9.11074  0.000114695
-9.10059  0.000121702
-9.09059  0.000116578
-9.0804  0.000119179
-9.07031  0.000116029
-9.06035  0.00012539
-9.05023  0.000118973
-9.04022  0.000122383
-9.03001  0.00012596
-9.0199  0.000120922
-9.00999  0.000122092
-8.99921  0.000145701
-8.98851  0.000124067
-8.97842  0.000126906
-8.96827  0.000129203
-8.9582  0.000130519
-8.94807  0.000126674
-8.93812  0.000132454
-8.9279  0.00013136
-8.91781  0.000130426
-8.90795  0.000132906
-8.89774  0.000138118
-8.88753  0.000128183
-8.87772  0.000140711
-8.86754  0.00013225
-8.85762  0.000136104
-8.84729  0.000142709
-8.83734  0.000139008
-8.82719  0.000137974
-8.81719  0.000141418
-8.80697  0.000140799
-8.79702  0.000145186
-8.78686  0.000141877
-8.77678  0.000146361
-8.7665  0.000142897
-8.75673  0.000149597
-8.74632  0.000145825
-8.73647  0.000147361
-8.72614  0.000151866
-8.71626  0.000146923
-8.70611  0.000149465
-8.69603  0.000157487
-8.6857  0.00014994
-8.67585  0.000154371
-8.66561  0.000152278
-8.65524  0.000170164
-8.64443  0.000161494
-8.63443  0.000156937
-8.62412  0.000158516
-8.61428  0.000156325
-8.60412  0.000164386
-8.59402  0.000155772
-8.58397  0.000165577
-8.57384  0.000165765
-8.56367  0.000161801
-8.55387  0.000161202
-8.54348  0.000173427
-8.53302  0.000179723
-8.52249  0.000168965
-8.51218  0.00017258
-8.50209  0.000170389
-8.49202  0.000169536
-8.482  0.000173893
-8.47192  0.000169409
-8.46193  0.000176067
-8.45177  0.000176961
-8.44161  0.000176737
-8.43107  0.000192391
-8.42039  0.000185546
-8.41015  0.000177245
-8.40021  0.000180926
-8.38991  0.000183473
-8.37993  0.0001841
-8.36981  0.000179601
-8.35979  0.000186383
-8.34966  0.000185949
-8.33963  0.000185706
-8.32943  0.000191258
-8.31941  0.000186555
-8.30937  0.000188197
-8.29939  0.000192678
-8.2892  0.000192428
-8.27921  0.00019046
-8.26903  0.000200543
-8.25901  0.000190976
-8.24892  0.000197717
-8.23881  0.00019784
-8.22882  0.000200043
-8.21868  0.000194849
-8.20856  0.000206617
-8.19849  0.000205078
-8.18832  0.000197821
-8.17843  0.000205847
-8.16817  0.000207434
-8.15809  0.000206568
-8.1479  0.000213209
-8.13785  0.000205407
-8.1276  0.000214607
-8.11703  0.000232856
-8.10639  0.000213149
-8.09636  0.000209195
-8.08625  0.000219686
-8.07624  0.000215402
-8.06596  0.000218858
-8.05597  0.000216347
-8.0457  0.000226207
-8.03565  0.000218341
-8.02554  0.000223437
-8.01547  0.000221886
-8.00534  0.000225175
-7.99543  0.000222553
-7.98464  0.000254694
-7.97424  0.000221134
-7.96413  0.000234405
-7.95397  0.000230259
-7.94378  0.000234214
-7.93384  0.000228323
-7.92363  0.000242791
-7.91353  0.000230181
-7.90354  0.000237429
-7.89339  0.000238113
-7.8833  0.000238693
-7.87335  0.000238697
-7.86304  0.000247067
-7.85307  0.000237419
-7.84305  0.000246362
-7.83279  0.000242012
-7.82285  0.000254143
-7.81271  0.000241071
-7.80267  0.000248924
-7.79246  0.000252774
-7.78251  0.000251408
-7.77237  0.000250109
-7.76234  0.000258281
-7.75216  0.000249707
-7.74212  0.000259056
-7.73155  0.000279776
-7.7211  0.000262144
-7.71082  0.000254688
-7.70096  0.000267949
-7.69067  0.000260626
-7.68071  0.000258266
-7.67061  0.000271268
-7.66054  0.000266827
-7.65042  0.000260742
-7.64043  0.000274168
-7.63021  0.00027094
-7.62019  0.000271515
-7.60999  0.000274178
-7.60003  0.000271101
-7.58986  0.000276088
-7.57976  0.000280721
-7.56956  0.000283477
-7.55942  0.000272182
-7.54936  0.000286943
-7.53937  0.00027601
-7.52925  0.000281956
-7.5192  0.000290194
-7.50904  0.000286436
-7.49897  0.000283884
-7.48826  0.000322344
-7.47787  0.000286086
-7.46729  0.00031715
-7.45672  0.00029514
-7.44625  0.000318146
-7.43568  0.000295058
-7.42556  0.000302606
-7.4155  0.000298334
-7.40514  0.000305377
-7.39457  0.000326803
-7.38412  0.000306512
-7.37392  0.00029939
-7.36382  0.000313821
-7.35375  0.000303843
-7.34371  0.000303343
-7.33357  0.000315329
-7.32354  0.000311981
-7.31333  0.000311066
-7.30318  0.000318703
-7.29324  0.000310256
-7.28307  0.000322679
-7.27295  0.000313796
-7.26302  0.000321917
-7.25284  0.000313954
-7.24281  0.000331122
-7.23269  0.000319336
-7.22252  0.000333529
-7.21228  0.000326848
-7.20232  0.000328906
-7.19166  0.000356479
-7.18114  0.000338573
-7.17098  0.000332447
-7.16088  0.000332296
-7.15071  0.000337704
-7.14087  0.000333116
-7.13062  0.000342496
-7.12057  0.000340106
-7.11043  0.000344852
-7.1004  0.000336613
-7.0897  0.000390513
-7.07915  0.000339835
-7.06897  0.00034906
-7.059  0.000349866
-7.04835  0.000387374
-7.03776  0.000347821
-7.02756  0.000367477
-7.0175  0.00034716
-7.0074  0.000355095
-6.99737  0.000359136
-6.9873  0.000364187
-6.97725  0.000350418
-6.96721  0.000372887
-6.9571  0.000357594
-6.94703  0.000365436
-6.93699  0.000368312
-6.92681  0.00038109
-6.9167  0.000353694
-6.9067  0.000384672
-6.89653  0.000368853
-6.8866  0.00036745
-6.87651  0.000381255
-6.86644  0.000384272
-6.85636  0.000363386
-6.84636  0.000391205
-6.83612  0.000387786
-6.82548  0.000423102
-6.81436  0.000420829
-6.80392  0.000393311
-6.79372  0.000376797
-6.7837  0.000408913
-6.77335  0.000392255
-6.76328  0.00039428
-6.7531  0.000399671
-6.74309  0.000396081
-6.73299  0.000388207
-6.72295  0.000413553
-6.7128  0.000394841
-6.7024  0.000434344
-6.6917  0.000411778
-6.68175  0.000405599
-6.67156  0.000402236
-6.66153  0.000414604
-6.65141  0.000409192
-6.64144  0.000408847
-6.63118  0.000420501
-6.62119  0.000413865
-6.6106  0.000449435
-6.60012  0.000422331
-6.59001  0.000418768
-6.58006  0.000412283
-6.56985  0.000434528
-6.55986  0.00042158
-6.54972  0.000422677
-6.53953  0.00043671
-6.52946  0.000424873
-6.51951  0.000423517
-6.50927  0.000441568
-6.49922  0.00043651
-6.48915  0.00042766
-6.47862  0.000475814
-6.46814  0.000443663
-6.458  0.000436151
-6.44771  0.000456637
-6.43767  0.000434584
-6.42771  0.000442198
-6.41747  0.000451128
-6.40743  0.000450353
-6.39738  0.000443756
-6.38723  0.000451858
-6.37728  0.000453091
-6.36714  0.000456467
-6.35694  0.000450304
-6.34699  0.000464631
-6.33693  0.000449558
-6.32675  0.000468997
-6.31664  0.00046165
-6.30664  0.00046094
-6.29645  0.00046558
-6.28647  0.000467698
-6.27644  0.000462021
-6.26625  0.000477806
-6.25611  0.000473156
-6.2461  0.000472687
-6.23588  0.000470897
-6.22589  0.000486359
-6.21582  0.000463442
-6.20572  0.000485324
-6.19557  0.0004869
-6.1856  0.000477783
-6.17539  0.00048019
-6.16538  0.000496408
-6.15534  0.00047246
-6.14527  0.000497025
-6.13506  0.000494011
-6.12514  0.000486333
-6.11488  0.000494499
-6.10484  0.000502728
-6.09472  0.00049097
-6.08466  0.0004965
-6.0745  0.000510457
-6.06454  0.000491186
-6.05431  0.000503245
-6.04382  0.000559594
-6.03324  0.000500561
-6.02316  0.000503441
-6.01298  0.000520878
-6.00307  0.000500345
-5.99284  0.000510381
-5.98279  0.000524811
-5.97264  0.000511371
-5.96255  0.000514238
-5.95235  0.000528466
-5.94239  0.000514013
-5.93218  0.000515841
-5.92216  0.000536603
-5.91197  0.000522515
-5.90192  0.000512297
-5.89176  0.000544673
-5.8818  0.000521068
-5.87157  0.000526537
-5.86151  0.000543279
-5.85149  0.000520458
-5.8415  0.000528791
-5.83129  0.000549997
-5.82135  0.000526989
-5.81067  0.000593303
-5.80018  0.000538836
-5.7901  0.000550107
-5.77996  0.000531039
-5.76983  0.00056174
-5.75988  0.000533524
-5.74973  0.000549874
-5.73961  0.000552544
-5.72964  0.000552827
-5.71955  0.000535136
-5.70943  0.000576524
-5.69945  0.000539413
-5.68933  0.000560932
-5.67918  0.000559013
-5.66921  0.000566579
-5.65912  0.000540484
-5.64897  0.000592903
-5.63885  0.00054941
-5.62889  0.000559876
-5.61831  0.000618324
-5.60793  0.00057579
-5.59777  0.000547938
-5.58772  0.000597139
-5.57763  0.000557878
-5.5676  0.000576566
-5.55743  0.000571109
-5.54758  0.000582443
-5.53737  0.000568592
-5.52727  0.000591698
-5.51719  0.000581834
-5.50717  0.000569812
-5.49701  0.000591683
-5.48703  0.000590024
-5.47687  0.000578743
-5.46678  0.000590443
-5.45678  0.000593582
-5.44668  0.000585107
-5.43649  0.000597132
-5.42653  0.000600245
-5.41631  0.000590068
-5.4062  0.000598788
-5.39571  0.000658359
-5.38517  0.000588883
-5.37503  0.000611288
-5.365  0.000602199
-5.35483  0.000602716
-5.3447  0.000608145
-5.33468  0.000609549
-5.32459  0.000601074
-5.31439  0.000620866
-5.30439  0.000603975
-5.29431  0.000609529
-5.28419  0.000616509
-5.27414  0.000619983
-5.26392  0.000619657
-5.25381  0.000608105
-5.24388  0.000622302
-5.23375  0.000616466
-5.22366  0.000621153
-5.21366  0.000620565
-5.2036  0.000619978
-5.19352  0.000617771
-5.18346  0.000641282
-5.17331  0.000618418
-5.16331  0.000622511
-5.1532  0.000641549
-5.14303  0.000630408
-5.13297  0.000625048
-5.12291  0.00064785
-5.11268  0.000635541
-5.10263  0.000622819
-5.09255  0.000657979
-5.08232  0.000636967
-5.07233  0.000624231
-5.06228  0.000656689
-5.05215  0.000636323
-5.0421  0.000632883
-5.03156  0.000723928
-5.02093  0.000639254
-5.01087  0.000641755
-5.00078  0.000657759
-4.99069  0.000648671
-4.9806  0.00063755
-4.97063  0.000664066
-4.96043  0.000651855
-4.95036  0.000651251
-4.94024  0.000660022
-4.93026  0.000651687
-4.92015  0.000648223
-4.91017  0.00066439
-4.90008  0.000656453
-4.88998  0.000657073
-4.8799  0.000667139
-4.86937  0.000728887
-4.8587  0.000657785
-4.8487  0.000669982
-4.83857  0.000668623
-4.82847  0.000663551
-4.81839  0.00067108
-4.80832  0.000677118
-4.79815  0.00065633
-4.78815  0.000683214
-4.77804  0.000671819
-4.76796  0.000665647
-4.75787  0.000679161
-4.74787  0.000680208
-4.73771  0.00066565
-4.72773  0.000679037
-4.71767  0.00068175
-4.7076  0.000670112
-4.69751  0.000686233
-4.68738  0.000694818
-4.67722  0.000671292
-4.66722  0.000683537
-4.65709  0.000699645
-4.64688  0.000682847
-4.63675  0.000689912
-4.62665  0.00069783
-4.61649  0.000682322
-4.60643  0.000687523
-4.59638  0.000699444
-4.58623  0.000687663
-4.57613  0.000687981
-4.56609  0.000705368
-4.55599  0.000680927
-4.54593  0.000694248
-4.53583  0.000709273
-4.52575  0.000689424
-4.51561  0.00069434
-4.50555  0.000711297
-4.49552  0.000684343
-4.48546  0.000697234
-4.47537  0.000711797
-4.46531  0.000698251
-4.45518  0.000690469
-4.4452  0.000712469
-4.43515  0.000700085
-4.42495  0.000707756
-4.41486  0.000711721
-4.40487  0.000699367
-4.39476  0.000697135
-4.38468  0.000725233
-4.37465  0.000700425
-4.36449  0.000706751
-4.35442  0.000716104
-4.34442  0.000709757
-4.33425  0.000707851
-4.32417  0.000718715
-4.31414  0.000717039
-4.30389  0.000711464
-4.29385  0.000717743
-4.28388  0.000710623
-4.27373  0.000715771
-4.26362  0.000716472
-4.25367  0.000721789
-4.24352  0.000702366
-4.23351  0.000723499
-4.22352  0.000720954
-4.21337  0.000711726
-4.20332  0.000718874
-4.19333  0.000731312
-4.18314  0.000711006
-4.17306  0.000730311
-4.16307  0.000721581
-4.15295  0.000716005
-4.14289  0.000722767
-4.13286  0.000737504
-4.12271  0.000712265
-4.11261  0.000735698
-4.10251  0.000735344
-4.09235  0.000721474
-4.0822  0.000731489
-4.07218  0.000738148
-4.06199  0.00072162
-4.05187  0.00073371
-4.04184  0.000732208
-4.03179  0.000721646
-4.02167  0.000730454
-4.0116  0.000749156
-4.00145  0.000716251
-3.99142  0.00073132
-3.98136  0.000739215
-3.97132  0.000726061
-3.96116  0.00073293
-3.95115  0.000744439
-3.94099  0.00072829
-3.93095  0.000727465
-3.92089  0.000746048
-3.91084  0.00072601
-3.90069  0.000738017
-3.89067  0.000742486
-3.88056  0.000729864
-3.87048  0.000735985
-3.85997  0.000808634
-3.84952  0.000727215
-3.83934  0.000744523
-3.82933  0.000737483
-3.81924  0.000739932
-3.80902  0.00074716
-3.79887  0.000753827
-3.78879  0.000725756
-3.77868  0.000745046
-3.76859  0.00074761
-3.75851  0.00073731
-3.74834  0.000739505
-3.73829  0.000753989
-3.72819  0.000729335
-3.71808  0.000749874
-3.70793  0.000748217
-3.69792  0.00073611
-3.68774  0.000740091
-3.67776  0.000750988
-3.66724  0.000793213
-3.65677  0.000743911
-3.64663  0.000756207
-3.63659  0.000732559
-3.62637  0.000751925
-3.61636  0.000747121
-3.60623  0.000742372
-3.59567  0.000805975
-3.58517  0.000754271
-3.57515  0.000732012
-3.56496  0.000750907
-3.55495  0.000746023
-3.54482  0.000749859
-3.53463  0.000742012
-3.5246  0.000752586
-3.51456  0.000736084
-3.50441  0.000744875
-3.4944  0.000750119
-3.48429  0.00074637
-3.47412  0.000741714
-3.46407  0.000756819
-3.45403  0.000731574
-3.44386  0.000756436
-3.43383  0.000739114
-3.42384  0.000744413
-3.41368  0.000738385
-3.40361  0.000763382
-3.39353  0.000733675
-3.38345  0.000742294
-3.37296  0.000811327
-3.36251  0.000754858
-3.35224  0.000731991
-3.34227  0.000762339
-3.33213  0.000735623
-3.32207  0.000744908
-3.31196  0.000747438
-3.30198  0.00074973
-3.29175  0.000731009
-3.28178  0.000761953
-3.27163  0.000739214
-3.26158  0.000738762
-3.25144  0.000749995
-3.24149  0.000749666
-3.23123  0.000732096
-3.22127  0.000753713
-3.21112  0.000747957
-3.20107  0.000731515
-3.1909  0.000758689
-3.18095  0.000734109
-3.17086  0.000733129
-3.16082  0.00075181
-3.15071  0.00074845
-3.14065  0.000726492
-3.13053  0.000752515
-3.12057  0.000740955
-3.11045  0.000733961
-3.10037  0.000743634
-3.09029  0.000757485
-3.08014  0.000727928
-3.07  0.000753507
-3.05997  0.000738607
-3.04988  0.000738734
-3.03976  0.000737701
-3.02971  0.00075421
-3.01958  0.000728549
-3.00945  0.000749164
-2.9994  0.000736934
-2.98935  0.000738559
-2.97917  0.000739297
-2.96867  0.000817
-2.95806  0.000729154
-2.948  0.000738601
-2.93792  0.000746917
-2.92782  0.000729649
-2.91769  0.000741084
-2.90761  0.000745117
-2.89744  0.000736196
-2.88734  0.000732667
-2.87728  0.000745512
-2.86717  0.000725106
-2.85701  0.000750824
-2.84693  0.000726023
-2.83689  0.000736998
-2.82631  0.000794427
-2.81588  0.000734482
-2.80576  0.000730067
-2.79568  0.00073297
-2.78559  0.000736687
-2.77553  0.000726701
-2.76542  0.00073028
-2.75539  0.000735297
-2.74521  0.000733555
-2.7351  0.000730825
-2.72497  0.000737359
-2.71487  0.000724379
-2.70472  0.000736199
-2.69467  0.000723765
-2.68454  0.000735278
-2.67449  0.000713491
-2.66449  0.000733255
-2.65438  0.000720858
-2.64428  0.000728036
-2.63431  0.000714931
-2.62423  0.000730562
-2.61415  0.000715582
-2.60412  0.000730032
-2.59402  0.000717035
-2.58387  0.000734338
-2.57381  0.000712812
-2.56377  0.000724793
-2.55371  0.000706333
-2.54374  0.000729833
-2.53362  0.000708078
-2.5236  0.000725598
-2.51354  0.000710013
-2.50349  0.000724237
-2.49335  0.000710167
-2.48336  0.000724945
-2.47325  0.000702895
-2.46321  0.000726367
-2.45305  0.00071429
-2.44302  0.000716046
-2.4328  0.000716214
-2.42277  0.000722971
-2.41261  0.000705464
-2.40251  0.000721387
-2.39236  0.000712888
-2.38237  0.000706964
-2.37219  0.00071076
-2.36171  0.000781243
-2.35116  0.000697483
-2.34115  0.00070842
-2.33105  0.000712628
-2.32105  0.000700233
-2.31088  0.000710248
-2.30084  0.000707736
-2.29075  0.000704042
-2.28065  0.000702915
-2.27058  0.000706321
-2.26058  0.000699853
-2.2504  0.000704107
-2.24037  0.000703333
-2.23028  0.000705563
-2.22017  0.000692585
-2.21012  0.000703924
-2.2001  0.000698243
-2.18989  0.000706407
-2.1798  0.000693464
-2.16979  0.000701554
-2.15966  0.000690511
-2.1496  0.000697813
-2.13957  0.000698121
-2.1294  0.000695604
-2.1193  0.000691835
-2.10925  0.000704042
-2.09912  0.000680162
-2.08907  0.000699205
-2.07894  0.000695235
-2.0689  0.000683354
-2.05879  0.000690834
-2.04878  0.000691669
-2.03868  0.000681692
-2.02863  0.000688941
-2.01855  0.000690789
-2.00849  0.000681762
-1.99833  0.000691222
-1.98832  0.000679951
-1.97823  0.000687028
-1.96763  0.000749357
-1.95702  0.000689907
-1.94691  0.000683171
-1.93674  0.000684094
-1.92667  0.000680078
-1.91657  0.000686301
-1.90639  0.000679929
-1.89628  0.000684171
-1.8862  0.00067655
-1.87608  0.000676869
-1.86597  0.000682655
-1.85586  0.000676518
-1.84574  0.000674703
-1.8356  0.000682276
-1.82555  0.000664911
-1.81552  0.000672526
-1.80543  0.000668672
-1.79544  0.000671096
-1.78538  0.000663024
-1.77532  0.000672479
-1.76525  0.000669375
-1.75514  0.000670133
-1.74508  0.000658729
-1.73509  0.000670013
-1.72504  0.000658484
-1.71492  0.000671389
-1.70488  0.000659527
-1.6948  0.000669751
-1.68467  0.00065931
-1.67463  0.000662888
-1.66458  0.000662713
-1.65439  0.000664517
-1.64437  0.000655017
-1.63428  0.000666888
-1.62415  0.000654989
-1.6141  0.000657607
-1.60407  0.000657662
-1.5939  0.000657926
-1.58392  0.000649769
-1.57383  0.000660418
-1.56375  0.000648176
-1.55373  0.000650399
-1.54373  0.000651383
-1.53359  0.000656167
-1.52356  0.00064446
-1.51344  0.000664062
-1.50332  0.000641307
-1.49326  0.000653765
-1.48315  0.000651112
-1.47298  0.000655723
-1.46291  0.000639825
-1.45279  0.000658706
-1.44265  0.000640151
-1.43259  0.000651128
-1.42249  0.000638184
-1.41241  0.000654328
-1.40227  0.000636925
-1.39219  0.000650042
-1.38205  0.000638411
-1.37198  0.000649686
-1.36182  0.000636918
-1.35175  0.000644223
-1.34164  0.000638293
-1.33155  0.000640359
-1.32143  0.00063826
-1.31138  0.000639493
-1.30119  0.00063951
-1.29116  0.000631111
-1.28108  0.000638024
-1.27056  0.000687401
-1.25998  0.000641446
-1.24991  0.000629701
-1.23977  0.000635518
-1.2297  0.000630002
-1.21962  0.000635955
-1.20953  0.000623959
-1.19944  0.000634297
-1.18938  0.000628835
-1.17925  0.000628421
-1.16918  0.000627364
-1.15909  0.000634008
-1.14901  0.000616496
-1.13899  0.000625991
-1.12889  0.000631219
-1.11878  0.000623807
-1.10872  0.000616928
-1.09871  0.000628691
-1.08857  0.000622221
-1.0785  0.000618681
-1.06844  0.000626166
-1.05842  0.000612277
-1.04839  0.000616325
-1.03832  0.000628118
-1.02814  0.000622628
-1.01809  0.000608104
-1.00802  0.000630182
-0.99794  0.00061019
-0.987856  0.000616389
-0.977801  0.00061738
-0.967732  0.000619451
-0.957628  0.000605758
-0.947603  0.000622328
-0.937525  0.000609768
-0.927498  0.000606257
-0.917466  0.000613979
-0.907442  0.000614949
-0.89729  0.000608171
-0.887237  0.000614785
-0.877145  0.000614097
-0.867016  0.000609634
-0.856885  0.000613779
-0.84684  0.000612146
-0.836641  0.000612264
-0.826506  0.000611628
-0.816462  0.000608603
-0.806355  0.000604561
-0.796275  0.00060735
-0.786256  0.000607133
-0.7761  0.000610555
-0.765983  0.000602583
-0.756011  0.000603034
-0.74592  0.000604009
-0.735828  0.000602922
-0.725807  0.000606737
-0.715652  0.000605326
-0.705524  0.000604449
-0.695472  0.000602656
-0.685385  0.000602593
-0.675254  0.000601846
-0.665259  0.000599449
-0.655132  0.000603087
-0.645089  0.000595073
-0.635045  0.000601327
-0.624994  0.000598677
-0.614814  0.000606272
-0.604769  0.000593923
-0.594709  0.000598543
-0.58462  0.000599616
-0.574515  0.000599937
-0.564466  0.000593261
-0.554313  0.000607513
-0.544222  0.000589959
-0.534154  0.000602223
-0.524052  0.00059098
-0.513981  0.000603923
-0.503873  0.000586228
-0.493816  0.000606354
-0.483639  0.000591859
-0.47363  0.000592449
-0.463517  0.000596172
-0.453466  0.000595193
-0.44337  0.000587977
-0.433379  0.000593886
-0.423238  0.000596657
-0.413193  0.000588584
-0.40308  0.000597531
-0.392989  0.000592926
-0.382912  0.000586704
-0.372906  0.000592265
-0.362768  0.000598043
-0.352675  0.000585002
-0.342642  0.000593106
-0.332527  0.000594785
-0.322409  0.000589316
-0.312332  0.000592822
-0.302236  0.000591588
-0.292146  0.00058774
-0.282145  0.000584652
-0.272062  0.000596512
-0.261966  0.000584026
-0.251969  0.000584463
-0.241936  0.000592098
-0.231847  0.000586141
-0.221811  0.000584394
-0.211781  0.000592428
-0.201685  0.000585095
-0.191596  0.000591867
-0.181524  0.00058731
-0.171449  0.000589535
-0.161358  0.000584356
-0.151306  0.000592208
-0.141198  0.000588929
-0.131046  0.000590582
-0.121022  0.000583527
-0.110939  0.00059385
-0.100258  0.000645733
-0.0896785  0.000593884
-0.0796387  0.000575871
-0.0695869  0.000592257
-0.0594419  0.000595722
-0.0493578  0.000580333
-0.0392752  0.000589319
-0.0291898  0.000591105
-0.0191278  0.000583236
-0.00907936  0.000581892
-0.00202736  0.000240182
0.00202736  0.000240182
0.00907936  0.000581892
0.0191278  0.000583236
0.0291898  0.000591105
0.0392752  0.000589319
0.0493578  0.000580333
0.0594419  0.000595722
0.0695869  0.000592257
0.0796387  0.000575871
0.0896785  0.000593884
0.100258  0.000645733
0.110939  0.00059385
0.121022  0.000583527
0.131046  0.000590582
0.141198  0.000588929
0.151306  0.000592208
0.161358  0.000584356
0.171449  0.000589535
0.181524  0.00058731
0.191596  0.000591867
0.201685  0.000585095
0.211781  0.000592428
0.221811  0.000584394
0.231847  0.000586141
0.241936  0.000592098
0.251969  0.000584463
0.261966  0.000584026
0.272062  0.000596512
0.282145  0.000584652
0.292146  0.00058774
0.302236  0.000591588
0.312332  0.000592822
0.322409  0.000589316
0.332527  0.000594785
0.342642  0.000593106
0.352675  0.000585002
0.362768  0.000598043
0.372906  0.000592265
0.382912  0.000586704
0.392989  0.000592926
0.40308  0.000597531
0.413193  0.000588584
0.423238  0.000596657
0.433379  0.000593886
0.44337  0.000587977
0.453466  0.000595193
0.463517  0.000596172
0.47363  0.000592449
0.483639  0.000591859
0.493816  0.000606354
0.503873  0.000586228
0.513981  0.000603923
0.524052  0.00059098
0.534154  0.000602223
0.544222  0.000589959
0.554313  0.000607513
0.564466  0.000593261
0.574515  0.000599937
0.58462  0.000599616
0.594709  0.000598543
0.604769  0.000593923
0.614814  0.000606272
0.624994  0.000598677
0.635045  0.000601327
0.645089  0.000595073
0.655132  0.000603087
0.665259  0.000599449
0.675254  0.000601846
0.685385  0.000602593
0.695472  0.000602656
0.705524  0.000604449
0.715652  0.000605326
0.725807  0.000606737
0.735828  0.000602922
0.74592  0.000604009
0.756011  0.000603034
0.765983  0.000602583
0.7761  0.000610555
0.786256  0.000607133
0.796275  0.00060735
0.806355  0.000604561
0.816462  0.000608603
0.826506  0.000611628
0.836641  0.000612264
0.84684  0.000612146
0.856885  0.000613779
0.867016  0.000609634
0.877145  0.000614097
0.887237  0.000614785
0.89729  0.000608171
0.907442  0.000614949
0.917466  0.000613979
0.927498  0.000606257
0.937525  0.000609768
0.947603  0.000622328
0.957628  0.000605758
0.967732  0.000619451
0.977801  0.00061738
0.987856  0.000616389
0.99794  0.00061019
1.00802  0.000630182
1.01809  0.000608104
1.02814  0.000622628
1.03832  0.000628118
1.04839  0.000616325
1.05842  0.000612277
1.06844  0.000626166
1.0785  0.000618681
1.08857  0.000622221
1.09871  0.000628691
1.10872  0.000616928
1.11878  0.000623807
1.12889  0.000631219
1.13899  0.000625991
1.14901  0.000616496
1.15909  0.000634008
1.16918  0.000627364
1.17925  0.000628421
1.18938  0.000628835
1.19944  0.000634297
1.20953  0.000623959
1.21962  0.000635955
1.2297  0.000630002
1.23977  0.000635518
1.24991  0.000629701
1.25998  0.000641446
1.27056  0.000687401
1.28108  0.000638024
1.29116  0.000631111
1.30119  0.00063951
1.31138  0.000639493
1.32143  0.00063826
1.33155  0.000640359
1.34164  0.000638293
1.35175  0.000644223
1.36182  0.000636918
1.37198  0.000649686
1.38205  0.000638411
1.39219  0.000650042
1.40227  0.000636925
1.41241  0.000654328
1.42249  0.000638184
1.43259  0.000651128
1.44265  0.000640151
1.45279  0.000658706
1.46291  0.000639825
1.47298  0.000655723
1.48315  0.000651112
1.49326  0.000653765
1.50332  0.000641307
1.51344  0.000664062
1.52356  0.00064446
1.53359  0.000656167
1.54373  0.000651383
1.55373  0.000650399
1.56375  0.000648176
1.57383  0.000660418
1.58392  0.000649769
1.5939  0.000657926
1.60407  0.000657662
1.6141  0.000657607
1.62415  0.000654989
1.63428  0.000666888
1.64437  0.000655017
1.65439  0.000664517
1.66458  0.000662713
1.67463  0.000662888
1.68467  0.00065931
1.6948  0.000669751
1.70488  0.000659527
1.71492  0.000671389
1.72504  0.000658484
1.73509  0.000670013
1.74508  0.000658729
1.75514  0.000670133
1.76525  0.000669375
1.77532  0.000672479
1.78538  0.000663024
1.79544  0.000671096
1.80543  0.000668672
1.81552  0.000672526
1.82555  0.000664911
1.8356  0.000682276
1.84574  0.000674703
1.85586  0.000676518
1.86597  0.000682655
1.87608  0.000676869
1.8862  0.00067655
1.89628  0.000684171
1.90639  0.000679929
1.91657  0.000686301
1.92667  0.000680078
1.93674  0.000684094
1.94691  0.000683171
1.95702  0.000689907
1.96763  0.000749357
1.97823  0.000687028
1.98832  0.000679951
1.99833  0.000691222
2.00849  0.000681762
2.01855  0.000690789
2.02863  0.000688941
2.03868  0.000681692
2.04878  0.000691669
2.05879  0.000690834
2.0689  0.000683354
2.07894  0.000695235
2.08907  0.000699205
2.09912  0.000680162
2.10925  0.000704042
2.1193  0.000691835
2.1294  0.000695604
2.13957  0.000698121
2.1496  0.000697813
2.15966  0.000690511
2.16979  0.000701554
2.1798  0.000693464
2.18989  0.000706407
2.2001  0.000698243
2.21012  0.000703924
2.22017  0.000692585
2.23028  0.000705563
2.24037  0.000703333
2.2504  0.000704107
2.26058  0.000699853
2.27058  0.000706321
2.28065  0.000702915
2.29075  0.000704042
2.30084  0.000707736
2.31088  0.000710248
2.32105  0.000700233
2.33105  0.000712628
2.34115  0.00070842
2.35116  0.000697483
2.36171  0.000781243
2.37219  0.00071076
2.38237  0.000706964
2.39236  0.000712888
2.40251  0.000721387
2.41261  0.000705464
2.42277  0.000722971
2.4328  0.000716214
2.44302  0.000716046
2.45305  0.00071429
2.46321  0.000726367
2.47325  0.000702895
2.48336  0.000724945
2.49335  0.000710167
2.50349  0.000724237
2.51354  0.000710013
2.5236  0.000725598
2.53362  0.000708078
2.54374  0.000729833
2.55371  0.000706333
2.56377  0.000724793
2.57381  0.000712812
2.58387  0.000734338
2.59402  0.000717035
2.60412  0.000730032
2.61415  0.000715582
2.62423  0.000730562
2.63431  0.000714931
2.64428  0.000728036
2.65438  0.000720858
2.66449  0.000733255
2.67449  0.000713491
2.68454  0.000735278
2.69467  0.000723765
2.70472  0.000736199
2.71487  0.000724379
2.72497  0.000737359
2.7351  0.000730825
2.74521  0.000733555
2.75539  0.000735297
2.76542  0.00073028
2.77553  0.000726701
2.78559  0.000736687
2.79568  0.00073297
2.80576  0.000730067
2.81588  0.000734482
2.82631  0.000794427
2.83689  0.000736998
2.84693  0.000726023
2.85701  0.000750824
2.86717  0.000725106
2.87728  0.000745512
2.88734  0.000732667
2.89744  0.000736196
2.90761  0.000745117
2.91769  0.000741084
2.92782  0.000729649
2.93792  0.000746917
2.948  0.000738601
2.95806  0.000729154
2.96867  0.000817
2.97917  0.000739297
2.98935  0.000738559
2.9994  0.000736934
3.00945  0.000749164
3.01958  0.000728549
3.02971  0.00075421
3.03976  0.000737701
3.04988  0.000738734
3.05997  0.000738607
3.07  0.000753507
3.08014  0.000727928
3.09029  0.000757485
3.10037  0.000743634
3.11045  0.000733961
3.12057  0.000740955
3.13053  0.000752515
3.14065  0.000726492
3.15071  0.00074845
3.16082  0.00075181
3.17086  0.000733129
3.18095  0.000734109
3.1909  0.000758689
3.20107  0.000731515
3.21112  0.000747957
3.22127  0.000753713
3.23123  0.000732096
3.24149  0.000749666
3.25144  0.000749995
3.26158  0.000738762
3.27163  0.000739214
3.28178  0.000761953
3.29175  0.000731009
3.30198  0.00074973
3.31196  0.000747438
3.32207  0.000744908
3.33213  0.000735623
3.34227  0.000762339
3.35224  0.000731991
3.36251  0.000754858
3.37296  0.000811327
3.38345  0.000742294
3.39353  0.000733675
3.40361  0.000763382
3.41368  0.000738385
3.42384  0.000744413
3.43383  0.000739114
3.44386  0.000756436
3.45403  0.000731574
3.46407  0.000756819
3.47412  0.000741714
3.48429  0.00074637
3.4944  0.000750119
3.50441  0.000744875
3.51456  0.000736084
3.5246  0.000752586
3.53463  0.000742012
3.54482  0.000749859
3.55495  0.000746023
3.56496  0.000750907
3.57515  0.000732012
3.58517  0.000754271
3.59567  0.000805975
3.60623  0.000742372
3.61636  0.000747121
3.62637  0.000751925
3.63659  0.000732559
3.64663  0.000756207
3.65677  0.000743911
3.66724  0.000793213
3.67776  0.000750988
3.68774  0.000740091
3.69792  0.00073611
3.70793  0.000748217
3.71808  0.000749874
3.72819  0.000729335
3.73829  0.000753989
3.74834  0.000739505
3.75851  0.00073731
3.76859  0.00074761
3.77868  0.000745046
3.78879  0.000725756
3.79887  0.000753827
3.80902  0.00074716
3.81924  0.000739932
3.82933  0.000737483
3.83934  0.000744523
3.84952  0.000727215
3.85997  0.000808634
3.87048  0.000735985
3.88056  0.000729864
3.89067  0.000742486
3.90069  0.000738017
3.91084  0.00072601
3.92089  0.000746048
3.93095  0.000727465
3.94099  0.00072829
3.95115  0.000744439
3.96116  0.00073293
3.97132  0.000726061
3.98136  0.000739215
3.99142  0.00073132
4.00145  0.000716251
4.0116  0.000749156
4.02167  0.000730454
4.03179  0.000721646
4.04184  0.000732208
4.05187  0.00073371
4.06199  0.00072162
4.07218  0.000738148
4.0822  0.000731489
4.09235  0.000721474
4.10251  0.000735344
4.11261  0.000735698
4.12271  0.000712265
4.13286  0.000737504
4.14289  0.000722767
4.15295  0.000716005
4.16307  0.000721581
4.17306  0.000730311
4.18314  0.000711006
4.19333  0.000731312
4.20332  0.000718874
4.21337  0.000711726
4.22352  0.000720954
4.23351  0.000723499
4.24352  0.000702366
4.25367  0.000721789
4.26362  0.000716472
4.27373  0.000715771
4.28388  0.000710623
4.29385  0.000717743
4.30389  0.000711464
4.31414  0.000717039
4.32417  0.000718715
4.33425  0.000707851
4.34442  0.000709757
4.35442  0.000716104
4.36449  0.000706751
4.37465  0.000700425
4.38468  0.000725233
4.39476  0.000697135
4.40487  0.000699367
4.41486  0.000711721
4.42495  0.000707756
4.43515  0.000700085
4.4452  0.000712469
4.45518  0.000690469
4.46531  0.000698251
4.47537  0.000711797
4.48546  0.000697234
4.49552  0.000684343
4.50555  0.000711297
4.51561  0.00069434
4.52575  0.000689424
4.53583  0.000709273
4.54593  0.000694248
4.55599  0.000680927
4.56609  0.000705368
4.57613  0.000687981
4.58623  0.000687663
4.59638  0.000699444
4.60643  0.000687523
4.61649  0.000682322
4.62665  0.00069783
4.63675  0.000689912
4.64688  0.000682847
4.65709  0.000699645
4.66722  0.000683537
4.67722  0.000671292
4.68738  0.000694818
4.69751  0.000686233
4.7076  0.000670112
4.71767  0.00068175
4.72773  0.000679037
4.73771  0.00066565
4.74787  0.000680208
4.75787  0.000679161
4.76796  0.000665647
4.77804  0.000671819
4.78815  0.000683214
4.79815  0.00065633
4.80832  0.000677118
4.81839  0.00067108
4.82847  0.000663551
4.83857  0.000668623
4.8487  0.000669982
4.8587  0.000657785
4.86937  0.000728887
4.8799  0.000667139
4.88998  0.000657073
4.90008  0.000656453
4.91017  0.00066439
4.92015  0.000648223
4.93026  0.000651687
4.94024  0.000660022
4.95036  0.000651251
4.96043  0.000651855
4.97063  0.000664066
4.9806  0.00063755
4.99069  0.000648671
5.00078  0.000657759
5.01087  0.000641755
5.02093  0.000639254
5.03156  0.000723928
5.0421  0.000632883
5.05215  0.000636323
5.06228  0.000656689
5.07233  0.000624231
5.08232  0.000636967
5.09255  0.000657979
5.10263  0.000622819
5.11268  0.000635541
5.12291  0.00064785
5.13297  0.000625048
5.14303  0.000630408
5.1532  0.000641549
5.16331  0.000622511
5.17331  0.000618418
5.18346  0.000641282
5.19352  0.000617771
5.2036  0.000619978
5.21366  0.000620565
5.22366  0.000621153
5.23375  0.000616466
5.24388  0.000622302
5.25381  0.000608105
5.26392  0.000619657
5.27414  0.000619983
5.28419  0.000616509
5.29431  0.000609529
5.30439  0.000603975
5.31439  0.000620866
5.32459  0.000601074
5.33468  0.000609549
5.3447  0.000608145
5.35483  0.000602716
5.365  0.000602199
5.37503  0.000611288
5.38517  0.000588883
5.39571  0.000658359
5.4062  0.000598788
5.41631  0.000590068
5.42653  0.000600245
5.43649  0.000597132
5.44668  0.000585107
5.45678  0.000593582
5.46678  0.000590443
5.47687  0.000578743
5.48703  0.000590024
5.49701  0.000591683
5.50717  0.000569812
5.51719  0.000581834
5.52727  0.000591698
5.53737  0.000568592
5.54758  0.000582443
5.55743  0.000571109
5.5676  0.000576566
5.57763  0.000557878
5.58772  0.000597139
5.59777  0.000547938
5.60793  0.00057579
5.61831  0.000618324
5.62889  0.000559876
5.63885  0.00054941
5.64897  0.000592903
5.65912  0.000540484
5.66921  0.000566579
5.67918  0.000559013
5.68933  0.000560932
5.69945  0.000539413
5.70943  0.000576524
5.71955  0.000535136
5.72964  0.000552827
5.73961  0.000552544
5.74973  0.000549874
5.75988  0.000533524
5.76983  0.00056174
5.77996  0.000531039
5.7901  0.000550107
5.80018  0.000538836
5.81067  0.000593303
5.82135  0.000526989
5.83129  0.000549997
5.8415  0.000528791
5.85149  0.000520458
5.86151  0.000543279
5.87157  0.000526537
5.8818  0.000521068
5.89176  0.000544673
5.90192  0.000512297
5.91197  0.000522515
5.92216  0.000536603
5.93218  0.000515841
5.94239  0.000514013
5.95235  0.000528466
5.96255  0.000514238
5.97264  0.000511371
5.98279  0.000524811
5.99284  0.000510381
6.00307  0.000500345
6.01298  0.000520878
6.02316  0.000503441
6.03324  0.000500561
6.04382  0.000559594
6.05431  0.000503245
6.06454  0.000491186
6.0745  0.000510457
6.08466  0.0004965
6.09472  0.00049097
6.10484  0.000502728
6.11488  0.000494499
6.12514  0.000486333
6.13506  0.000494011
6.14527  0.000497025
6.15534  0.00047246
6.16538  0.000496408
6.17539  0.00048019
6.1856  0.000477783
6.19557  0.0004869
6.20572  0.000485324
6.21582  0.000463442
6.22589  0.000486359
6.23588  0.000470897
6.2461  0.000472687
6.25611  0.000473156
6.26625  0.000477806
6.27644  0.000462021
6.28647  0.000467698
6.29645  0.00046558
6.30664  0.00046094
6.31664  0.00046165
6.32675  0.000468997
6.33693  0.000449558
6.34699  0.000464631
6.35694  0.000450304
6.36714  0.000456467
6.37728  0.000453091
6.38723  0.000451858
6.39738  0.000443756
6.40743  0.000450353
6.41747  0.000451128
6.42771  0.000442198
6.43767  0.000434584
6.44771  0.000456637
6.458  0.000436151
6.46814  0.000443663
6.47862  0.000475814
6.48915  0.00042766
6.49922  0.00043651
6.50927  0.000441568
6.51951  0.000423517
6.52946  0.000424873
6.53953  0.00043671
6.54972  0.000422677
6.55986  0.00042158
6.56985  0.000434528
6.58006  0.000412283
6.59001  0.000418768
6.60012  0.000422331
6.6106  0.000449435
6.62119  0.000413865
6.63118  0.000420501
6.64144  0.000408847
6.65141  0.000409192
6.66153  0.000414604
6.67156  0.000402236
6.68175  0.000405599
6.6917  0.000411778
6.7024  0.000434344
6.7128  0.000394841
6.72295  0.000413553
6.73299  0.000388207
6.74309  0.000396081
6.7531  0.000399671
6.76328  0.00039428
6.77335  0.000392255
6.7837  0.000408913
6.79372  0.000376797
6.80392  0.000393311
6.81436  0.000420829
6.82548  0.000423102
6.83612  0.000387786
6.84636  0.000391205
6.85636  0.000363386
6.86644  0.000384272
6.87651  0.000381255
6.8866  0.00036745
6.89653  0.000368853
6.9067  0.000384672
6.9167  0.000353694
6.92681  0.00038109
6.93699  0.000368312
6.94703  0.000365436
6.9571  0.000357594
6.96721  0.000372887
6.97725  0.000350418
6.9873  0.000364187
6.99737  0.000359136
7.0074  0.000355095
7.0175  0.00034716
7.02756  0.000367477
7.03776  0.000347821
7.04835  0.000387374
7.059  0.000349866
7.06897  0.00034906
7.07915  0.000339835
7.0897  0.000390513
7.1004  0.000336613
7.11043  0.000344852
7.12057  0.000340106
7.13062  0.000342496
7.14087  0.000333116
7.15071  0.000337704
7.16088  0.000332296
7.17098  0.000332447
7.18114  0.000338573
7.19166  0.000356479
7.20232  0.000328906
7.21228  0.000326848
7.22252  0.000333529
7.23269  0.000319336
7.24281  0.000331122
7.25284  0.000313954
7.26302  0.000321917
7.27295  0.000313796
7.28307  0.000322679
7.29324  0.000310256
7.30318  0.000318703
7.31333  0.000311066
7.32354  0.000311981
7.33357  0.000315329
7.34371  0.000303343
7.35375  0.000303843
7.36382  0.000313821
7.37392  0.00029939
7.38412  0.000306512
7.39457  0.000326803
7.40514  0.000305377
7.4155  0.000298334
7.42556  0.000302606
7.43568  0.000295058
7.44625  0.000318146
7.45672  0.00029514
7.46729  0.00031715
7.47787  0.000286086
7.48826  0.000322344
7.49897  0.000283884
7.50904  0.000286436
7.5192  0.000290194
7.52925  0.000281956
7.53937  0.00027601
7.54936  0.000286943
7.55942  0.000272182
7.56956  0.000283477
7.57976  0.000280721
7.58986  0.000276088
7.60003  0.000271101
7.60999  0.000274178
7.62019  0.000271515
7.63021  0.00027094
7.64043  0.000274168
7.65042  0.000260742
7.66054  0.000266827
7.67061  0.000271268
7.68071  0.000258266
7.69067  0.000260626
7.70096  0.000267949
7.71082  0.000254688
7.7211  0.000262144
7.73155  0.000279776
7.74212  0.000259056
7.75216  0.000249707
7.76234  0.000258281
7.77237  0.000250109
7.78251  0.000251408
7.79246  0.000252774
7.80267  0.000248924
7.81271  0.000241071
7.82285  0.000254143
7.83279  0.000242012
7.84305  0.000246362
7.85307  0.000237419
7.86304  0.000247067
7.87335  0.000238697
7.8833  0.000238693
7.89339  0.000238113
7.90354  0.000237429
7.91353  0.000230181
7.92363  0.000242791
7.93384  0.000228323
7.94378  0.000234214
7.95397  0.000230259
7.96413  0.000234405
7.97424  0.000221134
7.98464  0.000254694
7.99543  0.000222553
8.00534  0.000225175
8.01547  0.000221886
8.02554  0.000223437
8.03565  0.000218341
8.0457  0.000226207
8.05597  0.000216347
8.06596  0.000218858
8.07624  0.000215402
8.08625  0.000219686
8.09636  0.000209195
8.10639  0.000213149
8.11703  0.000232856
8.1276  0.000214607
8.13785  0.000205407
8.1479  0.000213209
8.15809  0.000206568
8.16817  0.000207434
8.17843  0.000205847
8.18832  0.000197821
8.19849  0.000205078
8.20856  0.000206617
8.21868  0.000194849
8.22882  0.000200043
8.23881  0.00019784
8.24892  0.000197717
8.25901  0.000190976
8.26903  0.000200543
8.27921  0.00019046
8.2892  0.000192428
8.29939  0.000192678
8.30937  0.000188197
8.31941  0.000186555
8.32943  0.000191258
8.33963  0.000185706
8.34966  0.000185949
8.35979  0.000186383
8.36981  0.000179601
8.37993  0.0001841
8.38991  0.000183473
8.40021  0.000180926
8.41015  0.000177245
8.42039  0.000185546
8.43107  0.000192391
8.44161  0.000176737
8.45177  0.000176961
8.46193  0.000176067
8.47192  0.000169409
8.482  0.000173893
8.49202  0.000169536
8.50209  0.000170389
8.51218  0.00017258
8.52249  0.000168965
8.53302  0.000179723
8.54348  0.000173427
8.55387  0.000161202
8.56367  0.000161801
8.57384  0.000165765
8.58397  0.000165577
8.59402  0.000155772
8.60412  0.000164386
8.61428  0.000156325
8.62412  0.000158516
8.63443  0.000156937
8.64443  0.000161494
8.65524  0.000170164
8.66561  0.000152278
8.67585  0.000154371
8.6857  0.00014994
8.69603  0.000157487
8.70611  0.000149465
8.71626  0.000146923
8.72614  0.000151866
8.73647  0.000147361
8.74632  0.000145825
8.75673  0.000149597
8.7665  0.000142897
8.77678  0.000146361
8.78686  0.000141877
8.79702  0.000145186
8.80697  0.000140799
8.81719  0.000141418
8.82719  0.000137974
8.83734  0.000139008
8.84729  0.000142709
8.85762  0.000136104
8.86754  0.00013225
8.87772  0.000140711
8.88753  0.000128183
8.89774  0.000138118
8.90795  0.000132906
8.91781  0.000130426
8.9279  0.00013136
8.93812  0.000132454
8.94807  0.000126674
8.9582  0.000130519
8.96827  0.000129203
8.97842  0.000126906
8.98851  0.000124067
8.99921  0.000145701
9.00999  0.000122092
9.0199  0.000120922
9.03001  0.00012596
9.04022  0.000122383
9.05023  0.000118973
9.06035  0.00012539
9.07031  0.000116029
9.0804  0.000119179
9.09059  0.000116578
9.10059  0.000121702
9.11074  0.000114695
9.12076  0.000118052
9.13104  0.000114933
9.14093  0.000114335
9.15111  0.000114411
9.16116  0.000111391
9.17113  0.000112389
9.18138  0.00011358
9.19142  0.000107282
9.20201  0.000124876
9.21293  0.000111758
9.22291  0.000108388
9.233  0.000104123
9.24309  0.000108211
9.25327  0.000107018
9.26316  0.000106924
9.27349  0.000104648
9.28362  0.000105947
9.29428  0.000113586
9.30482  0.000103214
9.31526  0.000104394
9.32505  9.65478e-05
9.33528  0.000104887
9.34577  0.000104807
9.35623  0.000101325
9.36647  9.83496e-05
9.37658  0.00010183
9.38671  9.2989e-05
9.39685  9.71495e-05
9.40685  9.68909e-05
9.41693  9.56971e-05
9.42706  8.98857e-05
9.43714  0.000101052
9.44714  8.63825e-05
9.4573  9.48454e-05
9.46744  9.17839e-05
9.47735  9.21565e-05
9.48757  8.91817e-05
9.4976  9.12029e-05
9.50772  8.65002e-05
9.5183  9.93962e-05
9.52895  8.97359e-05
9.53944  9.35966e-05
9.55011  8.4008e-05
9.55994  9.25699e-05
9.57026  8.04986e-05
9.58028  8.48042e-05
9.59054  8.86285e-05
9.60045  8.15562e-05
9.61075  8.23538e-05
9.62118  9.00679e-05
9.63173  8.25555e-05
9.64175  8.06686e-05
9.65197  8.19271e-05
9.66196  7.82096e-05
9.67231  8.03004e-05
9.68207  7.79717e-05
9.69251  8.18037e-05
9.70251  7.32374e-05
9.71253  8.20009e-05
9.72281  7.43413e-05
9.73288  7.42717e-05
9.74274  7.7374e-05
9.75303  7.69849e-05
9.76321  7.0568e-05
9.77338  7.93099e-05
9.78348  7.10221e-05
9.79356  7.2616e-05
9.80367  7.15515e-05
9.81425  7.99621e-05
9.82493  6.92862e-05
9.83484  7.21597e-05
9.84511  6.83451e-05
9.85512  7.06491e-05
9.8652  6.99035e-05
9.87548  6.87999e-05
9.88565  6.51774e-05
9.89577  7.2795e-05
9.9059  6.44104e-05
9.91592  6.51601e-05
9.92628  6.82973e-05
9.93626  6.75438e-05
9.94655  6.16005e-05
9.95664  6.71059e-05
9.96679  6.46357e-05
9.97693  6.23026e-05
9.98697  6.35608e-05
9.99714  6.32024e-05
10.0073  5.85664e-05
10.0174  6.76635e-05
10.0281  6.35156e-05
10.0385  5.85847e-05
10.0487  6.44619e-05
10.0588  5.76766e-05
10.069  5.77649e-05
10.0791  6.19615e-05
10.0891  5.60252e-05
10.0991  5.69168e-05
10.1093  5.73607e-05
10.1192  5.92389e-05
10.1296  5.48101e-05
10.1396  5.69292e-05
10.1498  5.51648e-05
10.1599  5.42226e-05
10.17  5.67501e-05
10.18  5.19272e-05
10.1901  5.38329e-05
10.2003  5.77781e-05
10.2106  4.97608e-05
10.2206  5.21429e-05
10.231  5.54576e-05
10.2408  4.99639e-05
10.2513  5.15835e-05
10.2614  5.12019e-05
10.2719  5.82015e-05
10.2827  4.82747e-05
10.2928  5.02578e-05
10.3031  4.85499e-05
10.3132  5.08868e-05
10.3237  5.2882e-05
10.3343  4.61912e-05
10.3444  4.74497e-05
10.3545  5.00582e-05
10.3648  4.37943e-05
10.3748  4.82806e-05
10.3851  4.62572e-05
10.3948  4.50975e-05
10.4054  4.44407e-05
10.4153  4.60905e-05
10.4255  4.6235e-05
10.4357  4.34791e-05
10.4457  4.15131e-05
10.4556  4.5502e-05
10.4661  4.28933e-05
10.4758  4.24555e-05
10.4863  4.41029e-05
10.4962  4.04739e-05
10.5065  4.22118e-05
10.5165  4.15142e-05
10.5268  4.06567e-05
10.5367  4.19239e-05
10.5468  4.02687e-05
10.5571  3.8117e-05
10.5673  4.07697e-05
10.5772  4.24138e-05
10.5877  3.65387e-05
10.5973  3.73924e-05
10.6079  4.08603e-05
10.6176  3.6688e-05
10.628  3.92258e-05
10.6382  3.72471e-05
10.6483  3.68626e-05
10.6582  3.62489e-05
10.6685  3.65928e-05
10.6784  3.59725e-05
10.6887  3.71845e-05
10.6985  3.58237e-05
10.709  3.25595e-05
10.7189  3.51017e-05
10.7292  3.726e-05
10.7393  3.26868e-05
10.7493  3.52186e-05
10.7595  3.38444e-05
10.7697  3.19975e-05
10.7798  3.47707e-05
10.7903  3.37036e-05
10.8  3.08676e-05
10.8102  3.24662e-05
10.8203  3.21534e-05
10.8305  3.27465e-05
10.8407  3.1246e-05
10.8507  3.12717e-05
10.8609  2.92325e-05
10.871  3.19028e-05
10.8812  3.12853e-05
10.8913  2.8803e-05
10.9015  2.99328e-05
10.9117  3.16185e-05
10.9218  2.87679e-05
10.9322  2.90721e-05
10.9424  2.8369e-05
10.9523  3.007e-05
10.9628  2.7627e-05
10.9727  2.68472e-05
10.9829  2.95848e-05
10.9929  2.68983e-05
11.003  2.69596e-05
11.0132  2.72911e-05
11.0234  2.58659e-05
11.0332  2.76904e-05
11.0438  2.65644e-05
11.0541  2.72122e-05
11.0649  2.68564e-05
11.0747  2.53913e-05
11.0851  2.44154e-05
11.0952  2.63051e-05
11.1055  2.6324e-05
11.1156  2.32314e-05
11.1257  2.46993e-05
11.1357  2.47496e-05
11.1461  2.34246e-05
11.1559  2.33616e-05
11.1666  2.52358e-05
11.1763  2.2264e-05
11.1866  2.40468e-05
11.1969  2.23495e-05
11.2069  2.22675e-05
11.2171  2.37872e-05
11.2272  2.19284e-05
11.2374  2.09639e-05
11.2476  2.34526e-05
11.2575  2.1977e-05
11.2679  1.99563e-05
11.2779  2.20015e-05
11.2881  2.21512e-05
11.2981  1.9578e-05
11.3084  2.18396e-05
11.3194  2.24409e-05
11.3295  1.96545e-05
11.3397  2.08459e-05
11.3503  1.90678e-05
11.3602  2.04192e-05
11.3706  2.11677e-05
11.3805  1.76545e-05
11.3907  1.90599e-05
11.4013  2.039e-05
11.4111  1.94769e-05
11.4216  1.77255e-05
11.4318  1.89821e-05
11.4419  1.81671e-05
11.4522  1.78979e-05
11.4624  1.82248e-05
11.4725  1.86175e-05
11.4827  1.73319e-05
11.493  1.74691e-05
11.5033  1.6709e-05
11.5133  1.7285e-05
11.5235  1.76351e-05
11.5335  1.61296e-05
11.5438  1.69271e-05
11.554  1.60812e-05
11.5638  1.63922e-05
11.5742  1.53514e-05
11.5846  1.68392e-05
11.5944  1.62743e-05
11.6053  1.67745e-05
11.6159  1.49724e-05
11.6263  1.73484e-05
11.6365  1.43529e-05
11.6467  1.51013e-05
11.657  1.38627e-05
11.6669  1.62218e-05
11.6773  1.42379e-05
11.6869  1.35067e-05
11.6973  1.46708e-05
11.7077  1.50583e-05
11.7174  1.28407e-05
11.728  1.49397e-05
11.7383  1.33125e-05
11.7483  1.53013e-05
11.7588  1.23941e-05
11.769  1.32662e-05
11.779  1.34389e-05
11.7891  1.34348e-05
11.7995  1.26482e-05
11.8096  1.3188e-05
11.8197  1.18451e-05
11.83  1.31875e-05
11.84  1.20112e-05
11.8503  1.33467e-05
11.8605  1.10221e-05
11.8702  1.24263e-05
11.881  1.14473e-05
11.8909  1.29858e-05
11.9009  1.1406e-05
11.9114  1.15552e-05
11.9216  1.08391e-05
11.9321  1.32835e-05
11.9428  1.06386e-05
11.9528  1.08916e-05
11.9631  1.22964e-05
11.9734  1.04448e-05
11.9843  1.06316e-05
11.9943  1.05465e-05
12.0043  1.13398e-05
12.0146  1.02787e-05
12.0248  1.03305e-05
12.0356  1.06384e-05
12.0456  9.95099e-06
12.0554  1.02163e-05
12.0667  1.04422e-05
12.0774  9.82447e-06
12.0874  1.06472e-05
12.0981  9.63022e-06
12.1078  8.7934e-06
12.1186  1.05954e-05
12.1287  8.91657e-06
12.139  8.52712e-06
12.1492  9.51161e-06
12.1594  9.57588e-06
12.1694  8.20285e-06
12.1798  8.85189e-06
12.1899  8.71578e-06
12.2003  9.27932e-06
12.2105  8.1681e-06
12.2207  8.69985e-06
12.2309  8.1364e-06
12.2411  8.65063e-06
12.2514  7.83778e-06
12.2616  8.18948e-06
12.2715  8.1865e-06
12.2819  7.84691e-06
12.2921  7.28121e-06
12.3027  8.81694e-06
12.3123  7.48238e-06
12.3229  7.4219e-06
12.3334  7.47552e-06
12.3433  8.29507e-06
12.3537  6.56516e-06
12.3634  7.38729e-06
12.374  6.9926e-06
12.3841  7.78948e-06
12.3943  6.96356e-06
12.4049  6.77964e-06
12.4148  6.59801e-06
12.4254  8.30493e-06
12.4359  5.56336e-06
12.446  6.56172e-06
12.4565  7.51902e-06
12.4663  6.60954e-06
12.4771  5.87595e-06
12.4877  6.66704e-06
12.4978  6.26504e-06
12.508  6.80734e-06
12.5189  6.36093e-06
12.5285  5.89355e-06
12.5393  5.42985e-06
12.5489  6.36593e-06
12.5595  5.54043e-06
12.5696  6.41123e-06
12.5799  6.01927e-06
12.5901  5.3871e-06
12.6003  5.58145e-06
12.6109  6.21428e-06
12.621  4.82824e-06
12.6312  5.58389e-06
12.642  5.9925e-06
12.6521  5.20138e-06
12.6625  5.04566e-06
12.6731  5.26245e-06
12.6827  5.50777e-06
12.6931  4.72302e-06
12.7041  5.35485e-06
12.715  5.2886e-06
12.7251  5.17393e-06
12.7353  5.21075e-06
12.7459  4.33461e-06
12.7563  5.05037e-06
12.7664  5.0639e-06
12.7776  4.38349e-06
12.7877  4.52952e-06
12.7986  5.22944e-06
12.8085  3.98716e-06
12.8189  4.55137e-06
12.8292  4.68986e-06
12.8396  4.54343e-06
12.8501  3.71472e-06
12.8608  4.54477e-06
12.871  4.0451e-06
12.8814  4.4686e-06
12.8912  4.00267e-06
12.9016  4.15695e-06
12.9125  3.94772e-06
12.9221  4.22288e-06
12.9337  3.39715e-06
12.9435  4.63557e-06
12.9537  3.82515e-06
12.9644  3.26027e-06
12.9747  3.67454e-06
12.985  4.49593e-06
12.9955  3.21171e-06
13.0056  3.65335e-06
13.0162  3.62881e-06
13.026  3.33908e-06
13.0372  3.76168e-06
13.0476  3.21107e-06
13.0578  3.55307e-06
13.0678  3.44234e-06
13.0784  3.30288e-06
13.089  3.13039e-06
13.0996  3.73845e-06
13.1091  2.89541e-06
13.12  2.84689e-06
13.1307  3.49014e-06
13.1411  3.48712e-06
13.1521  2.94156e-06
13.162  2.57723e-06
13.1723  3.44831e-06
13.1831  2.78246e-06
13.1932  2.85911e-06
13.2038  2.85087e-06
13.214  2.93409e-06
13.2242  2.98879e-06
13.2354  2.87343e-06
13.2462  2.63508e-06
13.2561  2.92631e-06
13.2671  2.59012e-06
13.2781  2.54238e-06
13.2887  3.04954e-06
13.2982  2.28565e-06
13.3094  2.57747e-06
13.319  2.65699e-06
13.3298  2.40239e-06
13.3409  2.30875e-06
13.3513  2.2034e-06
13.3611  2.90874e-06
13.3719  2.37418e-06
13.3824  2.22717e-06
13.3937  2.53156e-06
13.4045  2.18762e-06
13.4146  2.30109e-06
13.4255  2.12425e-06
13.4362  2.7132e-06
13.4463  2.07373e-06
13.4569  1.81296e-06
13.4677  2.09132e-06
13.478  2.77401e-06
13.49  1.64602e-06
13.5  2.03245e-06
13.5106  2.03688e-06
13.52  1.97284e-06
13.5311  1.85567e-06
13.542  2.09028e-06
13.5529  1.98881e-06
13.5631  2.04018e-06
13.574  1.82668e-06
13.5842  1.55159e-06
13.5954  2.0842e-06
13.605  1.63591e-06
13.616  1.89317e-06
13.6265  1.96477e-06
13.6374  1.7343e-06
13.6484  1.26123e-06
13.6593  2.07008e-06
13.6691  1.54993e-06
13.6802  1.60495e-06
13.6903  1.62123e-06
13.701  1.68943e-06
13.7126  1.5435e-06
13.7223  1.63948e-06
13.7334  1.67854e-06
13.7436  1.43754e-06
13.7545  1.29089e-06
13.7658  1.66367e-06
13.7775  1.49866e-06
13.7858  1.54287e-06
13.797  1.13079e-06
13.8081  1.59818e-06
13.8184  1.4254e-06
13.8285  1.15539e-06
13.8399  1.39e-06
13.8501  1.50133e-06
13.8604  1.13846e-06
13.8707  1.35819e-06
13.8815  1.13682e-06
13.8911  1.26708e-06
13.902  1.35561e-06
13.9139  1.04072e-06
13.9235  1.2844e-06
13.9337  1.29073e-06
13.9445  1.1555e-06
13.9553  9.08028e-07
13.9665  1.46883e-06
13.9768  9.95588e-07
13.987  8.82349e-07
13.9966  1.29533e-06
14.0073  1.17061e-06
14.0188  8.93493e-07
14.0297  1.18916e-06
14.0403  1.20937e-06
14.0514  8.46903e-07
14.0616  9.76857e-07
14.0734  1.24568e-06
14.0851  1.00669e-06
14.0944  1.02446e-06
14.1058  8.84082e-07
14.1161  9.07002e-07
14.1262  8.98482e-07
14.1365  7.23046e-07
14.1475  9.74571e-07
14.1574  1.16892e-06
14.169  6.74371e-07
14.1806  9.37421e-07
14.1917  1.03428e-06
14.2017  6.74941e-07
14.2121  8.61913e-07
14.2225  8.02607e-07
14.2334  7.57474e-07
14.2439  9.31905e-07
14.2555  6.21108e-07
14.2654  7.57992e-07
14.2751  9.7605e-07
14.2871  5.88822e-07
14.2962  7.88169e-07
14.3078  7.67316e-07
14.318  6.3474e-07
14.3286  5.52514e-07
14.3396  9.21952e-07
14.3489  5.50065e-07
14.3588  6.15957e-07
14.3691  7.42897e-07
14.3797  6.71338e-07
14.3922  6.96046e-07
14.4005  4.6191e-07
14.4121  7.93674e-07
14.4225  6.69998e-07
14.4336  5.22959e-07
14.4459  6.12131e-07
14.4553  6.85033e-07
14.4651  5.8589e-07
14.4763  4.68531e-07
14.4861  5.94324e-07
14.4974  7.28224e-07
14.5086  4.23691e-07
14.5202  4.94904e-07
14.5295  7.22245e-07
14.5414  4.9885e-07
14.5524  5.01093e-07
14.563  5.83472e-07
14.5738  5.8264e-07
14.585  5.23359e-07
14.5965  4.42512e-07
14.6072  4.64114e-07
14.6177  5.20359e-07
14.6291  3.76468e-07
14.639  4.31578e-07
14.6488  6.84546e-07
14.6615  3.65138e-07
14.6719  4.27854e-07
14.6836  4.79696e-07
14.6931  3.20662e-07
14.7029  4.03446e-07
14.7134  6.38699e-07
14.7242  3.42185e-07
14.7351  3.06113e-07
14.7452  3.7954e-07
14.7548  3.58554e-07
14.7662  5.0908e-07
14.776  2.76844e-07
14.7873  3.87257e-07
14.7977  3.85627e-07
14.8077  3.39991e-07
14.8191  3.74224e-07
14.8293  3.38017e-07
14.8381  3.84575e-07
14.8502  2.94195e-07
14.8598  2.63489e-07
14.8707  4.67492e-07
14.8811  2.834e-07
14.892  2.80901e-07
14.9021  3.74565e-07
14.9125  2.701e-07
14.923  3.35413e-07
14.9346  2.84317e-07
14.9459  3.63717e-07
14.9552  3.09165e-07
14.9682  2.5984e-07
14.9787  3.40873e-07
14.9905  3.77226e-07
15.0024  1.80689e-07
15.0122  1.81475e-07
15.0218  3.92963e-07
15.0327  2.02123e-07
15.0438  2.60863e-07
15.0554  2.96209e-07
15.0639  2.08061e-07
15.0746  2.32543e-07
15.0859  3.54116e-07
15.0977  2.70438e-07
15.1095  2.45365e-07
15.1199  1.72477e-07
15.1312  2.12868e-07
15.1408  2.80779e-07
15.1512  1.8365e-07
15.1627  2.0883e-07
15.1745  2.4823e-07
15.1839  2.17706e-07
15.1958  2.28309e-07
15.2067  3.32704e-07
15.2197  1.18885e-07
15.2287  1.54417e-07
15.2422  2.99166e-07
15.2538  1.75029e-07
15.2619  1.41708e-07
15.2727  2.10098e-07
15.285  1.85384e-07
15.2954  2.18845e-07
15.3038  1.18094e-07
15.3155  1.29428e-07
15.3256  2.34887e-07
15.3366  1.02936e-07
15.3476  2.21828e-07
15.3589  1.52527e-07
15.3669  2.19332e-07
15.3799  1.13836e-07
15.3914  1.69497e-07
15.4015  1.50837e-07
15.4126  1.05705e-07
15.4232  1.53323e-07
15.4314  1.30816e-07
15.4431  1.61134e-07
15.4527  1.61295e-07
15.4656  1.43409e-07
15.4761  1.30782e-07
15.486  1.35768e-07
15.5  1.10864e-07
15.5092  2.17354e-07
15.52  9.93991e-08
15.5329  1.09411e-07
15.5426  8.34434e-08
15.5507  1.96723e-07
15.5631  1.01317e-07
15.5739  1.4945e-07
15.5845  1.2985e-07
15.5953  7.87703e-08
15.6061  8.29799e-08
15.6184  1.24691e-07
15.6301  1.6169e-07
15.6416  7.43905e-08
15.651  7.09122e-08
15.6614  1.09974e-07
15.6715  1.57134e-07
15.6869  9.92032e-08
15.6964  1.29413e-07
15.7078  5.87584e-08
15.7189  7.23621e-08
15.7288  9.72342e-08
15.7392  1.07598e-07
15.7519  1.25255e-07
15.764  1.20196e-07
15.7743  8.31139e-08
15.788  5.83384e-08
15.7957  7.13469e-08
15.8051  6.55798e-08
15.8156  1.16943e-07
15.8273  8.00273e-08
15.8404  5.55922e-08
15.8519  1.17368e-07
15.8598  5.95695e-08
15.8729  5.76933e-08
15.8835  7.698e-08
15.8946  6.24222e-08
15.9058  8.22133e-08
15.9159  6.67459e-08
15.9241  1.06295e-07
15.9362  6.03195e-08
15.9486  5.51457e-08
15.9593  4.80739e-08
15.9715  8.18071e-08
15.9791  4.47563e-08
15.991  2.18934e-08
16.0015  9.71892e-08
16.0113  5.76352e-08
16.0243  4.98029e-08
16.0347  5.61698e-08
16.0429  8.193e-08
16.0564  3.76041e-08
16.0675  6.78892e-08
16.077  6.50004e-08
16.0855  3.44759e-08
16.0961  4.087e-08
16.1095  5.41789e-08
16.1203  3.38163e-08
16.1281  4.58845e-08
16.1401  6.02987e-08
16.1537  5.54559e-08
16.1639  6.56811e-08
16.1774  4.00995e-08
16.187  8.17263e-08
16.1983  3.50994e-08
16.2105  2.80739e-08
16.2244  6.10735e-08
16.2337  3.49518e-08
16.2457  3.73208e-08
16.256  3.5508e-08
16.269  4.43384e-08
16.2827  4.94266e-08
16.2945  4.70268e-08
16.3032  4.94607e-08
16.3178  1.96572e-08
16.3262  3.10025e-08
16.3383  1.35814e-08
16.3479  6.47765e-08
16.3601  2.39906e-08
16.3748  5.1973e-08
16.3835  3.14144e-08
16.398  8.42835e-09
16.4053  4.43897e-08
16.4151  4.86665e-08
16.4306  2.88954e-08
16.4403  2.4614e-08
16.4522  3.05166e-08
16.4611  2.54637e-08
16.4695  2.79275e-08
16.4835  3.7138e-08
16.498  1.8707e-08
16.5046  1.61787e-08
16.521  1.57045e-08
16.5327  4.59042e-08
16.5397  1.92017e-08
16.5556  3.4671e-08
16.5646  3.72875e-08
16.5764  2.6471e-08
16.59  1.17761e-08
16.6035  2.62299e-08
16.6148  2.04786e-08
16.6257  2.88412e-08
16.6403  2.70914e-08
16.6524  3.59279e-08
16.6651  1.34087e-08
16.677  1.72418e-08
16.684  1.39611e-08
16.7007  1.63686e-08
16.7165  2.52746e-08
16.7219  2.21318e-08
16.7342  1.09765e-08
16.7478  2.62351e-08
16.7592  2.18912e-08
16.775  2.6187e-08
16.7863  2.30396e-08
16.7978  9.58059e-09
16.8087  1.69929e-08
16.823  9.12813e-09
16.8309  1.32676e-08
16.8411  2.74839e-08
16.8552  1.70247e-08
16.87  8.34773e-09
16.8796  1.42216e-08
16.8952  3.48131e-09
16.9035  2.88703e-08
16.9098  9.89882e-09
16.9231  7.91668e-09
16.9339  1.67338e-08
16.9484  1.07159e-08
16.9588  1.21641e-08
16.973  1.39218e-08
16.9823  1.43253e-08
16.9928  6.28329e-09
17.0076  1.28065e-08
17.0166  8.78728e-09
17.0259  2.91248e-08
17.0526  1.04128e-08
17.0631  1.49186e-08
17.0746  4.78902e-09
17.0919  1.11178e-08
17.1086  6.46862e-09
17.1179  1.70238e-08
17.1328  1.67083e-08
17.1462  1.03753e-08
17.1587  4.49914e-09
17.1713  1.36904e-08
17.1856  6.81113e-09
17.1982  2.29037e-09
17.2138  1.12626e-08
17.2275  5.78855e-09
17.2374  1.20209e-08
17.2502  1.30523e-08
17.2578  2.33397e-09
17.2718  8.25185e-09
17.279  1.3793e-08
17.2915  4.87965e-09
17.3048  6.73714e-09
17.3307  1.0573e-08
17.3429  7.38738e-10
17.3524  9.53047e-09
17.3686  2.39949e-09
17.3865  6.89488e-09
17.3974  1.48884e-08
17.4059  1.94891e-09
17.4209  4.6873e-09
17.4366  9.67432e-09
17.451  4.94892e-09
17.4638  8.09541e-09
17.4894  8.478e-09
17.5056  5.4792e-09
17.5171  8.98486e-09
17.5355  1.43602e-09
17.5449  4.05098e-09
17.5579  6.58738e-09
17.575  1.12697e-09
17.5875  6.57724e-09
17.6157  1.30248e-09
17.6231  9.06853e-09
17.6367  7.63175e-09
17.6581  8.38687e-09
17.6778  4.20175e-09
17.7019  4.5286e-09
17.7174  9.78151e-10
17.7315  2.76328e-09
17.7419  6.84839e-09
17.756  3.48005e-10
17.7682  7.09205e-09
17.7962  7.64132e-10
17.8073  4.40856e-10
17.8253  4.82414e-09
17.8372  6.14293e-09
17.8497  2.17699e-09
17.8632  2.43982e-09
17.879  1.36384e-09
17.8881  5.49153e-09
17.9101  2.34206e-09
17.9302  3.4579e-09
17.9428  3.8385e-10
17.9591  5.68314e-09
17.9789  3.6124e-10
17.9993  1.74962e-09
18.009  4.14019e-09
18.0431  4.16503e-09
18.0539  1.69062e-09
18.1009  2.6164e-09
18.1149  6.16512e-09
18.1298  1.12137e-09
18.1432  1.64482e-09
18.1986  1.91007e-09
18.226  1.20586e-09
18.2343  3.70701e-09
18.252  3.68631e-10
18.2639  2.04447e-09
18.2714  6.44222e-10
18.2861  1.30035e-09
18.3064  1.53116e-09
18.3303  2.63176e-09
18.3797  3.59354e-09
18.4356  6.8621e-10
18.4468  1.73839e-09
18.4728  2.5035e-10
18.4885  2.26722e-09
18.5021  1.29283e-09
18.5405  1.60069e-09
18.5718  3.25198e-10
18.6093  2.28879e-09
18.6198  3.44062e-10
18.6477  3.46441e-10
18.6641  7.69383e-10
18.7048  8.89202e-10
18.7245  1.67978e-09
18.7528  1.21509e-09
18.8101  2.94073e-10
18.8364  2.79101e-10
18.8473  1.7107e-10
18.877  3.22566e-10
18.8964  3.00973e-10
18.9149  1.09379e-09
18.9407  1.20476e-09
18.9814  6.96189e-10
18.9929  3.28033e-10
19.0983  1.22229e-09
19.113  2.18518e-10
19.2189  7.65562e-10
19.3151  8.23239e-10
19.3605  4.39811e-10
19.4874  1.49319e-10
19.5253  2.53162e-10
19.5917  6.44544e-10
19.7082  2.15261e-10
19.9255  1.90542e-10
19.9661  2.20216e-10
20.2021  1.49183e-10
20.5765  1.0194e-10
