-5.94467  0.0288376
-5.89156  0.00805428
-5.87871  0.00585523
-5.4129  0.00475581
-5.37774  0.0124352
-5.04225  0.0045793
-4.79143  0.00088652
-4.591  9.47571e-05
-4.42401  5.26828e-06
-4.29736  0.00218205
-4.2857  0.00570562
-4.22115  0.0289448
-4.21116  0.00459392
-4.16019  0.00420214
-4.10002  0.00894211
-4.09429  0.0045457
-4.04867  0.00122025
-3.99058  0.00359285
-3.94831  0.000173905
-3.89567  0.00069555
-3.85706  1.20859e-05
-3.80896  7.43449e-05
-3.77336  3.24288e-07
-3.72913  4.13341e-06
-3.69904  0.000964009
-3.65944  0.00618854
-3.62731  0.000559875
-3.58883  0.00329693
-3.56036  0.000119686
-3.52436  0.000957393
-3.49758  1.10905e-05
-3.46378  0.000136443
-3.43845  3.71973e-07
-3.40663  9.48241e-06
-3.35251  2.54431e-07
-3.3319  8.5627e-05
-3.30314  0.000756346
-3.28168  3.66095e-05
-3.26001  0.00517314
-3.23384  5.08851e-06
-3.21248  0.0026159
-3.19557  0.0258552
-3.16793  0.000741061
-3.15022  0.0103977
-3.12521  0.000104664
-3.10724  0.00276973
-3.08419  7.2536e-06
-3.06695  0.000540399
-3.04208  6.73762e-05
-3.0282  5.84799e-05
-3.00816  0.00118586
-2.98825  0.00371739
-2.9717  0.000676033
-2.95549  0.00674947
-2.93648  0.000143843
-2.92075  0.0031162
-2.90242  1.33123e-05
-2.88761  0.000819943
-2.86945  4.46494e-07
-2.85538  0.000110982
-2.83542  3.29469e-06
-2.82407  7.47707e-06
-2.80786  0.000155088
-2.79079  0.000908069
-2.77791  6.59772e-05
-2.76336  0.00111034
-2.7488  9.16191e-06
-2.73554  0.000451349
-2.72049  4.09719e-07
-2.7081  8.28353e-05
-2.68122  7.05933e-06
-2.6575  3.09028e-07
-2.64122  1.00924e-05
-2.62677  0.000120961
-2.61582  2.80244e-06
-2.60416  0.000450747
-2.59102  1.87987e-07
-2.57343  0.00102309
-2.56948  0.00207112
-2.55606  4.65107e-05
-2.54586  0.00152539
-2.53273  4.13247e-06
-2.52279  0.000442959
-2.50026  6.32623e-05
-2.49861  3.21452e-07
-2.48324  1.23399e-05
-2.46663  9.72681e-05
-2.45453  0.000272557
-2.43674  0.000740293
-2.4259  0.0208316
-2.40748  0.00273969
-2.4041  0.00609945
-2.38844  0.00542973
-2.37115  0.00171966
-2.3646  0.000429146
-2.35114  0.000551989
-2.33371  0.000148506
-2.31106  0.00118421
-2.30849  0.00279865
-2.29046  0.00203614
-2.27722  0.00103142
-2.26935  0.00287032
-2.25523  0.00118251
-2.25  0.000797955
-2.23388  0.000403289
-2.21839  6.4815e-05
-2.20533  0.00049298
-2.19813  1.36043e-05
-2.18917  0.000482035
-2.17071  0.000900578
-2.16019  7.62191e-05
-2.15283  0.00036404
-2.13758  7.91513e-05
-2.131  6.05359e-07
-2.12105  1.09543e-05
-2.1108  5.71967e-05
-2.09004  0.00236873
-2.07976  0.00011618
-2.07222  0.00169603
-2.06086  0.000389462
-2.04612  0.00227212
-2.03149  0.00109765
-2.01769  0.00031103
-2.00569  0.000609552
-1.99246  0.000334917
-1.98206  0.000196721
-1.97546  0.000424764
-1.96438  0.000702411
-1.95192  0.000322542
-1.93938  6.40319e-05
-1.92857  8.05043e-05
-1.91483  5.55772e-05
-1.90173  0.000107773
-1.8906  0.000109697
-1.87894  3.31707e-05
-1.86736  4.02671e-06
-1.85743  5.54286e-06
-1.84665  3.68153e-06
-1.84027  0.000178785
-1.82719  0.000142128
-1.81507  3.82873e-05
-1.8063  0.000289304
-1.78872  0.0170888
-1.77768  0.00688593
-1.76687  0.00183571
-1.7565  0.000361307
-1.74599  0.000145232
-1.73789  0.00160058
-1.72674  0.00395637
-1.71671  0.00210629
-1.70675  0.000593764
-1.6963  7.96398e-05
-1.67928  0.000393713
-1.66879  0.000604457
-1.65903  0.000455277
-1.64874  0.000136325
-1.63654  0.00368098
-1.62179  0.000422388
-1.61307  0.00014788
-1.6011  0.0019447
-1.58764  0.00239282
-1.57804  0.00273221
-1.5657  0.000375157
-1.55772  0.0003353
-1.5472  0.000860334
-1.53295  0.000702423
-1.52456  0.000366811
-1.51361  0.000132351
-1.50239  9.32493e-05
-1.49357  5.9703e-05
-1.47935  0.000489111
-1.46751  0.00165093
-1.45957  0.000828602
-1.44901  0.000398487
-1.43567  0.00018489
-1.42508  0.000845196
-1.41569  0.00024518
-1.40624  0.000114026
-1.39406  2.8297e-05
-1.3841  0.000178318
-1.37472  0.00197844
-1.36344  0.000204691
-1.35541  3.57534e-05
-1.33885  0.000474614
-1.3294  0.000587332
-1.3185  3.06903e-05
-1.30812  3.42254e-05
-1.29611  0.000170199
-1.28805  0.00179824
-1.27746  0.000584725
-1.26643  4.5277e-05
-1.25397  0.000479267
-1.24442  0.00060709
-1.2317  0.0162113
-1.22453  0.00586548
-1.21308  0.000458939
-1.1983  0.00269935
-1.19135  0.001846
-1.1789  0.0002454
-1.16734  0.000501462
-1.15949  0.000461853
-1.14601  0.000109685
-1.13328  0.000114303
-1.12534  0.0024988
-1.1162  0.000293569
-1.09749  0.000471721
-1.09153  0.000322329
-1.07852  2.81573e-05
-1.06685  0.000126995
-1.05532  0.00146579
-1.04675  0.000175643
-1.03156  0.00060737
-1.02447  0.000213749
-1.00821  7.5671e-05
-1.00182  9.23449e-05
-0.990192  0.00181323
-0.982373  0.000220811
-0.965677  0.001049
-0.960712  0.00308344
-0.94856  0.000137946
-0.935953  0.0031866
-0.928624  0.000346714
-0.913447  0.00064972
-0.907859  0.000477266
-0.891486  0.000126294
-0.881948  0.00237433
-0.874021  0.00022681
-0.860466  0.00110617
-0.852758  5.55292e-05
-0.839798  0.00022739
-0.831364  9.20229e-06
-0.814898  0.000271991
-0.809063  0.000261441
-0.79178  0.00159287
-0.782235  0.00176172
-0.772815  0.000580884
-0.763363  0.000655862
-0.751043  0.000135605
-0.743652  7.56236e-05
-0.730693  0.000300512
-0.72057  0.0202289
-0.705616  0.00288094
-0.700949  0.00173028
-0.686521  0.000556689
-0.674703  9.52691e-05
-0.665839  0.00384231
-0.651381  0.000946626
-0.644676  0.000368559
-0.634068  0.000161084
-0.623823  0.000381949
-0.613362  0.000511307
-0.601572  0.00018025
-0.594792  0.00172398
-0.580758  0.000544353
-0.571644  0.000156509
-0.563473  5.96252e-05
-0.551101  0.000390825
-0.538618  0.000112974
-0.531048  2.55502e-05
-0.520176  0.000197343
-0.504607  0.000755775
-0.498496  0.000725695
-0.488949  0.00015418
-0.477639  0.00131648
-0.466897  0.00048225
-0.456797  9.39334e-05
-0.443285  0.000284608
-0.434035  9.83874e-05
-0.425404  1.64593e-05
-0.41615  0.00016854
-0.404306  0.000190242
-0.39554  0.000211736
-0.384351  4.43219e-05
-0.373735  0.000114874
-0.363584  1.61961e-05
-0.350061  1.97063e-05
-0.33947  0.000142996
-0.331998  5.41793e-05
-0.318757  0.00312819
-0.310822  0.00489753
-0.296309  0.00248135
-0.289441  0.00141937
-0.276253  0.000416451
-0.26699  0.00214049
-0.259361  0.000721466
-0.246809  0.000582901
-0.235943  0.0224008
-0.224378  0.0043819
-0.215635  0.00206366
-0.204361  0.000476167
-0.196476  0.00231935
-0.183229  0.00051223
-0.174016  0.00141334
-0.160962  0.00153015
-0.153638  0.000660208
-0.141899  0.00066072
-0.132359  0.000407469
-0.119389  0.000297065
-0.108063  0.00227095
-0.101186  0.000792406
-0.0897019  0.000301512
-0.0767377  0.000217495
-0.0695272  0.000152324
-0.0573697  2.81608e-05
-0.0473773  0.00049971
-0.0364359  0.00151755
-0.0255611  0.000198561
-0.0163505  0.000148934
-0.00578869  5.72362e-05
0.00578869  5.72362e-05
0.0163505  0.000148934
0.0255611  0.000198561
0.0364359  0.00151755
0.0473773  0.00049971
0.0573697  2.81608e-05
0.0695272  0.000152324
0.0767377  0.000217495
0.0897019  0.000301512
0.101186  0.000792406
0.108063  0.00227095
0.119389  0.000297065
0.132359  0.000407469
0.141899  0.00066072
0.153638  0.000660208
0.160962  0.00153015
0.174016  0.00141334
0.183229  0.00051223
0.196476  0.00231935
0.204361  0.000476167
0.215635  0.00206366
0.224378  0.0043819
0.235943  0.0224008
0.246809  0.000582901
0.259361  0.000721466
0.26699  0.00214049
0.276253  0.000416451
0.289441  0.00141937
0.296309  0.00248135
0.310822  0.00489753
0.318757  0.00312819
0.331998  5.41793e-05
0.33947  0.000142996
0.350061  1.97063e-05
0.363584  1.61961e-05
0.373735  0.000114874
0.384351  4.43219e-05
0.39554  0.000211736
0.404306  0.000190242
0.41615  0.00016854
0.425404  1.64593e-05
0.434035  9.83874e-05
0.443285  0.000284608
0.456797  9.39334e-05
0.466897  0.00048225
0.477639  0.00131648
0.488949  0.00015418
0.498496  0.000725695
0.504607  0.000755775
0.520176  0.000197343
0.531048  2.55502e-05
0.538618  0.000112974
0.551101  0.000390825
0.563473  5.96252e-05
0.571644  0.000156509
0.580758  0.000544353
0.594792  0.00172398
0.601572  0.00018025
0.613362  0.000511307
0.623823  0.000381949
0.634068  0.000161084
0.644676  0.000368559
0.651381  0.000946626
0.665839  0.00384231
0.674703  9.52691e-05
0.686521  0.000556689
0.700949  0.00173028
0.705616  0.00288094
0.72057  0.0202289
0.730693  0.000300512
0.743652  7.56236e-05
0.751043  0.000135605
0.763363  0.000655862
0.772815  0.000580884
0.782235  0.00176172
0.79178  0.00159287
0.809063  0.000261441
0.814898  0.000271991
0.831364  9.20229e-06
0.839798  0.00022739
0.852758  5.55292e-05
0.860466  0.00110617
0.874021  0.00022681
0.881948  0.00237433
0.891486  0.000126294
0.907859  0.000477266
0.913447  0.00064972
0.928624  0.000346714
0.935953  0.0031866
0.94856  0.000137946
0.960712  0.00308344
0.965677  0.001049
0.982373  0.000220811
0.990192  0.00181323
1.00182  9.23449e-05
1.00821  7.5671e-05
1.02447  0.000213749
1.03156  0.00060737
1.04675  0.000175643
1.05532  0.00146579
1.06685  0.000126995
1.07852  2.81573e-05
1.09153  0.000322329
1.09749  0.000471721
1.1162  0.000293569
1.12534  0.0024988
1.13328  0.000114303
1.14601  0.000109685
1.15949  0.000461853
1.16734  0.000501462
1.1789  0.0002454
1.19135  0.001846
1.1983  0.00269935
1.21308  0.000458939
1.22453  0.00586548
1.2317  0.0162113
1.24442  0.00060709
1.25397  0.000479267
1.26643  4.5277e-05
1.27746  0.000584725
1.28805  0.00179824
1.29611  0.000170199
1.30812  3.42254e-05
1.3185  3.06903e-05
1.3294  0.000587332
1.33885  0.000474614
1.35541  3.57534e-05
1.36344  0.000204691
1.37472  0.00197844
1.3841  0.000178318
1.39406  2.8297e-05
1.40624  0.000114026
1.41569  0.00024518
1.42508  0.000845196
1.43567  0.00018489
1.44901  0.000398487
1.45957  0.000828602
1.46751  0.00165093
1.47935  0.000489111
1.49357  5.9703e-05
1.50239  9.32493e-05
1.51361  0.000132351
1.52456  0.000366811
1.53295  0.000702423
1.5472  0.000860334
1.55772  0.0003353
1.5657  0.000375157
1.57804  0.00273221
1.58764  0.00239282
1.6011  0.0019447
1.61307  0.00014788
1.62179  0.000422388
1.63654  0.00368098
1.64874  0.000136325
1.65903  0.000455277
1.66879  0.000604457
1.67928  0.000393713
1.6963  7.96398e-05
1.70675  0.000593764
1.71671  0.00210629
1.72674  0.00395637
1.73789  0.00160058
1.74599  0.000145232
1.7565  0.000361307
1.76687  0.00183571
1.77768  0.00688593
1.78872  0.0170888
1.8063  0.000289304
1.81507  3.82873e-05
1.82719  0.000142128
1.84027  0.000178785
1.84665  3.68153e-06
1.85743  5.54286e-06
1.86736  4.02671e-06
1.87894  3.31707e-05
1.8906  0.000109697
1.90173  0.000107773
1.91483  5.55772e-05
1.92857  8.05043e-05
1.93938  6.40319e-05
1.95192  0.000322542
1.96438  0.000702411
1.97546  0.000424764
1.98206  0.000196721
1.99246  0.000334917
2.00569  0.000609552
2.01769  0.00031103
2.03149  0.00109765
2.04612  0.00227212
2.06086  0.000389462
2.07222  0.00169603
2.07976  0.00011618
2.09004  0.00236873
2.1108  5.71967e-05
2.12105  1.09543e-05
2.131  6.05359e-07
2.13758  7.91513e-05
2.15283  0.00036404
2.16019  7.62191e-05
2.17071  0.000900578
2.18917  0.000482035
2.19813  1.36043e-05
2.20533  0.00049298
2.21839  6.4815e-05
2.23388  0.000403289
2.25  0.000797955
2.25523  0.00118251
2.26935  0.00287032
2.27722  0.00103142
2.29046  0.00203614
2.30849  0.00279865
2.31106  0.00118421
2.33371  0.000148506
2.35114  0.000551989
2.3646  0.000429146
2.37115  0.00171966
2.38844  0.00542973
2.4041  0.00609945
2.40748  0.00273969
2.4259  0.0208316
2.43674  0.000740293
2.45453  0.000272557
2.46663  9.72681e-05
2.48324  1.23399e-05
2.49861  3.21452e-07
2.50026  6.32623e-05
2.52279  0.000442959
2.53273  4.13247e-06
2.54586  0.00152539
2.55606  4.65107e-05
2.56948  0.00207112
2.57343  0.00102309
2.59102  1.87987e-07
2.60416  0.000450747
2.61582  2.80244e-06
2.62677  0.000120961
2.64122  1.00924e-05
2.6575  3.09028e-07
2.68122  7.05933e-06
2.7081  8.28353e-05
2.72049  4.09719e-07
2.73554  0.000451349
2.7488  9.16191e-06
2.76336  0.00111034
2.77791  6.59772e-05
2.79079  0.000908069
2.80786  0.000155088
2.82407  7.47707e-06
2.83542  3.29469e-06
2.85538  0.000110982
2.86945  4.46494e-07
2.88761  0.000819943
2.90242  1.33123e-05
2.92075  0.0031162
2.93648  0.000143843
2.95549  0.00674947
2.9717  0.000676033
2.98825  0.00371739
3.00816  0.00118586
3.0282  5.84799e-05
3.04208  6.73762e-05
3.06695  0.000540399
3.08419  7.2536e-06
3.10724  0.00276973
3.12521  0.000104664
3.15022  0.0103977
3.16793  0.000741061
3.19557  0.0258552
3.21248  0.0026159
3.23384  5.08851e-06
3.26001  0.00517314
3.28168  3.66095e-05
3.30314  0.000756346
3.3319  8.5627e-05
3.35251  2.54431e-07
3.40663  9.48241e-06
3.43845  3.71973e-07
3.46378  0.000136443
3.49758  1.10905e-05
3.52436  0.000957393
3.56036  0.000119686
3.58883  0.00329693
3.62731  0.000559875
3.65944  0.00618854
3.69904  0.000964009
3.72913  4.13341e-06
3.77336  3.24288e-07
3.80896  7.43449e-05
3.85706  1.20859e-05
3.89567  0.00069555
3.94831  0.000173905
3.99058  0.00359285
4.04867  0.00122025
4.09429  0.0045457
4.10002  0.00894211
4.16019  0.00420214
4.21116  0.00459392
4.22115  0.0289448
4.2857  0.00570562
4.29736  0.00218205
4.42401  5.26828e-06
4.591  9.47571e-05
4.79143  0.00088652
5.04225  0.0045793
5.37774  0.0124352
5.4129  0.00475581
5.87871  0.00585523
5.89156  0.00805428
5.94467  0.0288376
