-20.5662  1.26281e-10
-20.1916  1.82407e-10
-19.9528  2.6914e-10
-19.916  2.29935e-10
-19.6996  2.59118e-10
-19.5781  7.77518e-10
-19.5228  2.83392e-10
-19.4771  1.84973e-10
-19.3709  3.08268e-10
-19.3394  1.91204e-10
-19.3026  9.8011e-10
-19.2336  3.43189e-10
-19.2034  5.61542e-10
-19.1079  6.03539e-10
-19.0862  1.1045e-09
-19.006  3.47352e-10
-18.9647  8.28552e-10
-18.9279  1.41572e-09
-18.9094  1.56026e-09
-18.8637  3.94229e-10
-18.837  2.11919e-10
-18.8219  7.2089e-10
-18.7575  1.31401e-09
-18.7318  3.72705e-10
-18.7115  1.5954e-09
-18.6892  1.04444e-09
-18.6519  1.29625e-09
-18.6182  1.87851e-09
-18.59  1.1968e-09
-18.5751  3.80939e-10
-18.5347  1.74485e-09
-18.5  1.84083e-09
-18.489  1.13889e-09
-18.4728  1.177e-09
-18.4623  3.06105e-10
-18.4359  2.80013e-09
-18.3871  3.37862e-09
-18.3754  6.15745e-10
-18.3147  3.46171e-09
-18.2959  2.78891e-09
-18.2818  4.51542e-10
-18.2577  2.90725e-09
-18.2455  2.11302e-09
-18.2193  2.16107e-09
-18.2085  3.07283e-09
-18.1996  3.79494e-10
-18.1867  3.85865e-10
-18.1449  2.29071e-09
-18.1203  4.48215e-09
-18.1016  6.19469e-09
-18.0481  4.52107e-10
-18.0401  6.10225e-09
-18.0189  2.63134e-09
-18.0014  4.16677e-09
-17.9672  4.72221e-09
-17.9409  2.63487e-09
-17.9209  6.39661e-09
-17.8899  6.42202e-09
-17.8705  2.56906e-09
-17.8452  6.46731e-09
-17.8239  1.05648e-08
-17.7963  8.69063e-10
-17.7721  5.62297e-09
-17.7574  5.54834e-09
-17.743  4.99066e-09
-17.7242  3.43167e-09
-17.7146  3.37249e-09
-17.7026  1.97249e-09
-17.6814  2.02766e-09
-17.6648  7.15882e-09
-17.6446  1.06437e-08
-17.6299  1.01487e-08
-17.6065  3.18346e-09
-17.5951  3.27452e-09
-17.5822  7.24591e-09
-17.5716  2.10178e-09
-17.5586  6.48356e-09
-17.5466  2.68577e-09
-17.5295  7.30355e-09
-17.5123  7.38609e-09
-17.5031  4.02191e-09
-17.4907  7.85221e-09
-17.4696  3.83503e-09
-17.4495  1.46673e-08
-17.4349  2.00356e-09
-17.4273  1.4149e-08
-17.4109  2.69639e-09
-17.4007  7.47959e-09
-17.3865  1.30815e-08
-17.3536  1.39591e-08
-17.3419  6.30516e-09
-17.3299  5.30112e-09
-17.3227  5.37444e-10
-17.3068  1.32481e-08
-17.2906  5.78172e-09
-17.2782  1.01507e-08
-17.27  9.40448e-09
-17.2537  1.32098e-08
-17.2349  1.5641e-08
-17.2256  5.45072e-09
-17.2118  1.33806e-08
-17.1977  6.4377e-09
-17.1819  4.84977e-09
-17.1703  1.85527e-08
-17.1592  9.15665e-09
-17.1429  1.07411e-08
-17.1308  1.68037e-08
-17.115  1.7573e-08
-17.1001  1.55717e-08
-17.0889  2.99618e-09
-17.0742  4.40429e-09
-17.0576  1.86582e-08
-17.0493  1.13184e-08
-17.0337  9.4778e-09
-17.0278  1.47571e-08
-17.0135  2.51868e-08
-16.9954  8.78729e-09
-16.9912  5.78712e-09
-16.9787  1.75998e-08
-16.9593  2.86637e-08
-16.9495  1.0674e-08
-16.9378  1.65811e-08
-16.9246  1.13726e-08
-16.9149  1.50098e-08
-16.9037  1.75414e-08
-16.8936  8.33288e-09
-16.8808  1.10838e-08
-16.8715  1.12283e-08
-16.857  2.30143e-08
-16.843  2.88835e-08
-16.8341  2.47926e-08
-16.8221  2.51514e-09
-16.8131  1.77885e-08
-16.8025  1.4569e-08
-16.7839  1.2509e-08
-16.775  3.77928e-08
-16.7644  1.81455e-08
-16.7533  1.76702e-08
-16.7381  2.75132e-08
-16.7284  2.84721e-08
-16.7175  1.97995e-08
-16.7066  1.67174e-08
-16.6972  1.11286e-08
-16.686  2.24446e-08
-16.6726  1.91669e-08
-16.6609  2.45314e-08
-16.6536  1.88251e-08
-16.6407  3.70189e-08
-16.6278  3.47491e-08
-16.6164  1.32721e-08
-16.5989  2.11808e-08
-16.5852  3.94547e-08
-16.5726  2.57162e-08
-16.5608  5.60661e-08
-16.5476  4.61086e-08
-16.5356  2.19915e-08
-16.5241  1.16858e-08
-16.5127  2.06787e-08
-16.4979  2.84996e-08
-16.4883  4.62655e-08
-16.4776  2.60487e-08
-16.463  4.48262e-08
-16.4491  4.2119e-08
-16.4386  4.30299e-08
-16.4277  2.5876e-08
-16.413  2.82171e-08
-16.399  5.54876e-08
-16.3869  2.30427e-08
-16.3793  3.30017e-08
-16.3669  6.31421e-08
-16.3523  3.14326e-08
-16.3418  5.03412e-08
-16.3342  1.86319e-08
-16.3199  4.74963e-08
-16.3091  6.07826e-08
-16.298  4.14938e-08
-16.2877  3.30267e-08
-16.2755  2.74117e-08
-16.2638  6.02374e-08
-16.2534  3.89536e-08
-16.2406  3.72495e-08
-16.2318  5.11478e-08
-16.2193  5.45893e-08
-16.2063  3.94448e-08
-16.194  5.11458e-08
-16.1856  5.8331e-08
-16.1742  5.54076e-08
-16.1639  7.83897e-08
-16.1532  4.33914e-08
-16.1414  5.05876e-08
-16.1279  4.01246e-08
-16.121  5.76664e-08
-16.1073  6.12932e-08
-16.0957  5.51813e-08
-16.0836  8.56565e-08
-16.072  6.4212e-08
-16.0591  5.9917e-08
-16.0481  7.53879e-08
-16.0387  5.9252e-08
-16.0255  9.37149e-08
-16.0144  6.07825e-08
-16.0041  5.7322e-08
-15.9899  5.0639e-08
-15.9789  7.97098e-08
-15.9684  7.71718e-08
-15.9569  4.57578e-08
-15.947  9.25194e-08
-15.9357  7.36267e-08
-15.9278  6.7208e-08
-15.9169  5.54342e-08
-15.9048  1.30745e-07
-15.8947  6.465e-08
-15.8805  8.34997e-08
-15.8702  7.3967e-08
-15.8578  8.30647e-08
-15.8481  1.09198e-07
-15.8369  7.80934e-08
-15.8259  1.06681e-07
-15.8146  7.63957e-08
-15.8024  6.91818e-08
-15.7918  1.0984e-07
-15.7797  1.00095e-07
-15.7704  8.82814e-08
-15.7601  1.15546e-07
-15.7497  1.38048e-07
-15.7384  2.67221e-08
-15.7291  1.32132e-07
-15.7187  9.8854e-08
-15.7081  3.42587e-08
-15.6964  1.68862e-07
-15.6856  1.32673e-07
-15.6745  1.40704e-07
-15.6625  8.57436e-08
-15.6512  1.3117e-07
-15.6392  1.26882e-07
-15.6282  1.40761e-07
-15.6186  9.06738e-08
-15.6072  9.56728e-08
-15.5959  9.9765e-08
-15.5841  1.54529e-07
-15.5745  1.97136e-07
-15.564  1.03262e-07
-15.551  1.28116e-07
-15.5403  1.47568e-07
-15.5283  1.38278e-07
-15.5174  1.67084e-07
-15.5067  1.8245e-07
-15.496  1.00523e-07
-15.4858  1.34993e-07
-15.4743  1.97536e-07
-15.4628  1.75526e-07
-15.4512  1.55569e-07
-15.4416  1.88376e-07
-15.4313  9.98168e-08
-15.4194  1.07274e-07
-15.4096  1.44631e-07
-15.3999  1.90609e-07
-15.3897  1.8043e-07
-15.3785  1.96393e-07
-15.3658  2.39736e-07
-15.3547  2.3525e-07
-15.3446  1.32088e-07
-15.3342  1.18164e-07
-15.322  1.84712e-07
-15.3116  1.77953e-07
-15.3017  2.04429e-07
-15.2916  2.37118e-07
-15.2803  1.96388e-07
-15.2682  1.86966e-07
-15.2573  2.43869e-07
-15.247  2.10999e-07
-15.2352  2.04817e-07
-15.224  2.61755e-07
-15.2129  2.7408e-07
-15.2005  2.12248e-07
-15.1893  2.32341e-07
-15.1794  2.12289e-07
-15.1689  2.71037e-07
-15.1575  2.28401e-07
-15.1471  2.62208e-07
-15.1355  2.37099e-07
-15.1246  1.89213e-07
-15.1147  3.31247e-07
-15.1031  3.06474e-07
-15.0915  2.32109e-07
-15.0807  3.16805e-07
-15.0713  2.56773e-07
-15.0601  2.91486e-07
-15.0485  2.29229e-07
-15.0375  3.76659e-07
-15.0259  3.03787e-07
-15.0156  2.60625e-07
-15.0049  2.53076e-07
-14.9947  3.29148e-07
-14.9829  3.57942e-07
-14.972  3.15913e-07
-14.9608  4.42169e-07
-14.9497  1.61458e-07
-14.9396  3.38877e-07
-14.9285  3.39992e-07
-14.9193  3.06733e-07
-14.91  2.80475e-07
-14.899  3.89771e-07
-14.8885  4.23558e-07
-14.8785  2.98913e-07
-14.8663  3.38858e-07
-14.8561  4.55562e-07
-14.843  3.93203e-07
-14.8335  4.31696e-07
-14.8222  3.12575e-07
-14.8132  4.15529e-07
-14.803  3.42631e-07
-14.7915  3.85178e-07
-14.7806  4.54856e-07
-14.7698  4.20479e-07
-14.7588  4.94055e-07
-14.7465  4.57524e-07
-14.736  4.14431e-07
-14.7246  4.22768e-07
-14.7141  5.40638e-07
-14.7046  4.35821e-07
-14.6931  4.31193e-07
-14.6822  5.12285e-07
-14.6699  5.19909e-07
-14.66  4.67717e-07
-14.6497  5.134e-07
-14.6395  5.21042e-07
-14.6296  4.23783e-07
-14.6184  4.47321e-07
-14.6077  5.57364e-07
-14.5958  5.80688e-07
-14.5844  6.34683e-07
-14.5737  5.52088e-07
-14.5625  6.50883e-07
-14.5529  4.28211e-07
-14.5436  5.2079e-07
-14.5326  6.40166e-07
-14.522  4.32651e-07
-14.5109  6.58192e-07
-14.4997  7.14886e-07
-14.4886  7.29407e-07
-14.4787  5.36932e-07
-14.4675  6.74149e-07
-14.456  6.36097e-07
-14.4446  6.88227e-07
-14.4326  7.13648e-07
-14.423  7.66083e-07
-14.4124  4.68893e-07
-14.4028  6.73283e-07
-14.3921  7.95191e-07
-14.3823  6.76666e-07
-14.371  7.35709e-07
-14.3602  7.58808e-07
-14.3504  7.55961e-07
-14.3388  8.126e-07
-14.3271  6.14577e-07
-14.3167  8.00134e-07
-14.3055  8.71581e-07
-14.2954  8.57188e-07
-14.2847  7.34401e-07
-14.2744  8.59746e-07
-14.2642  7.79879e-07
-14.2529  9.24365e-07
-14.2417  9.73584e-07
-14.2305  6.51956e-07
-14.2193  1.05011e-06
-14.2081  9.42363e-07
-14.1975  9.31587e-07
-14.1877  8.21904e-07
-14.1763  1.14653e-06
-14.1647  9.93795e-07
-14.1543  7.7477e-07
-14.1444  8.76584e-07
-14.1334  1.04429e-06
-14.1237  9.82435e-07
-14.1135  8.74896e-07
-14.1026  1.17598e-06
-14.0924  1.07511e-06
-14.0814  9.2087e-07
-14.0699  1.29362e-06
-14.0599  9.99979e-07
-14.0488  9.98147e-07
-14.0382  1.20839e-06
-14.0277  1.232e-06
-14.0172  1.1282e-06
-14.0066  1.09892e-06
-13.9967  9.66077e-07
-13.9868  1.16738e-06
-13.9763  1.33637e-06
-13.966  1.29412e-06
-13.9551  1.03588e-06
-13.9451  1.20223e-06
-13.9336  1.3584e-06
-13.9225  1.55184e-06
-13.9115  1.23723e-06
-13.9017  1.14047e-06
-13.8907  1.3811e-06
-13.8802  1.5793e-06
-13.8693  1.28402e-06
-13.8586  1.28263e-06
-13.849  1.37463e-06
-13.8386  1.46485e-06
-13.8281  1.44777e-06
-13.8171  1.41503e-06
-13.8063  1.72694e-06
-13.7945  1.48624e-06
-13.7848  1.46549e-06
-13.7743  1.70964e-06
-13.763  1.52135e-06
-13.7529  1.64635e-06
-13.7421  1.55923e-06
-13.7318  1.55808e-06
-13.7215  1.57989e-06
-13.7117  1.52497e-06
-13.7009  2.00553e-06
-13.6897  1.99534e-06
-13.6778  1.71512e-06
-13.6671  1.60268e-06
-13.6571  1.83513e-06
-13.6469  1.62965e-06
-13.6357  2.06121e-06
-13.6253  2.097e-06
-13.6146  1.44673e-06
-13.6049  1.83644e-06
-13.5952  1.9972e-06
-13.584  1.95135e-06
-13.5732  2.16131e-06
-13.5618  2.39434e-06
-13.5506  1.98644e-06
-13.5396  2.13289e-06
-13.5294  1.88456e-06
-13.5189  2.18723e-06
-13.5082  2.10008e-06
-13.4983  2.15479e-06
-13.4871  2.46896e-06
-13.4753  2.5401e-06
-13.4646  1.87681e-06
-13.4554  2.22419e-06
-13.4452  2.42513e-06
-13.434  2.19344e-06
-13.4235  2.5272e-06
-13.4129  2.37911e-06
-13.4029  2.2975e-06
-13.3925  2.41565e-06
-13.3823  2.78523e-06
-13.3719  2.48689e-06
-13.362  2.22114e-06
-13.3511  2.42196e-06
-13.341  2.57448e-06
-13.3313  2.60081e-06
-13.3203  2.73347e-06
-13.3095  2.98654e-06
-13.2989  2.97563e-06
-13.2878  2.59647e-06
-13.2774  2.9351e-06
-13.267  2.7466e-06
-13.2567  2.84493e-06
-13.2461  2.82915e-06
-13.2358  2.94267e-06
-13.2253  3.00681e-06
-13.2149  3.10118e-06
-13.2048  3.08012e-06
-13.1945  2.95558e-06
-13.1838  3.26147e-06
-13.1728  3.24524e-06
-13.1617  3.7555e-06
-13.1514  3.23127e-06
-13.1403  2.96508e-06
-13.13  3.34846e-06
-13.1194  3.50356e-06
-13.1085  3.75433e-06
-13.098  3.50025e-06
-13.0869  4.0442e-06
-13.0756  3.6507e-06
-13.0646  3.47027e-06
-13.0541  3.85814e-06
-13.0435  3.57535e-06
-13.0333  3.68872e-06
-13.0231  3.55917e-06
-13.0127  4.09364e-06
-13.0025  3.81195e-06
-12.9921  3.67151e-06
-12.9818  3.77538e-06
-12.9713  4.38925e-06
-12.9597  4.35786e-06
-12.9491  4.37628e-06
-12.9388  3.75257e-06
-12.9285  4.19024e-06
-12.9181  4.56768e-06
-12.9074  4.44968e-06
-12.8969  4.04009e-06
-12.8868  4.53324e-06
-12.8764  4.50849e-06
-12.8657  4.49421e-06
-12.8553  4.07941e-06
-12.8455  4.65515e-06
-12.8351  4.69479e-06
-12.825  4.90395e-06
-12.8147  4.42699e-06
-12.8042  4.69352e-06
-12.7939  5.12267e-06
-12.783  5.11077e-06
-12.772  5.01357e-06
-12.7623  4.72103e-06
-12.7514  5.51768e-06
-12.7403  5.56e-06
-12.7301  5.25528e-06
-12.7197  5.33479e-06
-12.7091  5.28458e-06
-12.6986  5.84475e-06
-12.6882  5.14552e-06
-12.6778  5.21143e-06
-12.6677  5.90254e-06
-12.6576  5.0669e-06
-12.6472  6.16984e-06
-12.6371  5.76143e-06
-12.6266  5.32145e-06
-12.6157  6.67771e-06
-12.6047  6.13622e-06
-12.5941  6.47151e-06
-12.5837  6.1244e-06
-12.5734  6.10102e-06
-12.5634  5.91497e-06
-12.5525  6.57114e-06
-12.5424  6.77832e-06
-12.5321  5.72373e-06
-12.5218  6.84034e-06
-12.5112  7.18837e-06
-12.5012  5.89101e-06
-12.4911  7.1071e-06
-12.4805  6.39845e-06
-12.4704  6.95454e-06
-12.4604  6.34934e-06
-12.4502  7.52079e-06
-12.44  7.18079e-06
-12.4292  7.37265e-06
-12.4182  7.39149e-06
-12.4083  7.53151e-06
-12.3981  7.09683e-06
-12.3875  8.02774e-06
-12.3768  7.43747e-06
-12.3664  8.17193e-06
-12.3558  8.35307e-06
-12.3452  7.53284e-06
-12.3347  8.15879e-06
-12.3244  8.02924e-06
-12.3143  8.18254e-06
-12.3038  8.05757e-06
-12.2935  8.70003e-06
-12.2835  8.01038e-06
-12.2735  8.339e-06
-12.2629  8.59103e-06
-12.2524  8.87636e-06
-12.2423  8.09201e-06
-12.2327  8.95033e-06
-12.2225  8.81574e-06
-12.2123  9.19544e-06
-12.2015  9.25663e-06
-12.1914  9.17191e-06
-12.1811  9.01686e-06
-12.1708  9.53917e-06
-12.1604  9.50877e-06
-12.1503  9.63869e-06
-12.1397  9.59595e-06
-12.1294  9.98664e-06
-12.1192  1.00192e-05
-12.1092  9.7155e-06
-12.0989  1.00854e-05
-12.0886  1.0304e-05
-12.0783  1.0297e-05
-12.0678  1.06967e-05
-12.0576  1.04894e-05
-12.0467  1.11933e-05
-12.0362  1.1489e-05
-12.0259  1.09838e-05
-12.0155  1.0512e-05
-12.0054  1.14013e-05
-11.9952  1.09577e-05
-11.9851  1.07577e-05
-11.9746  1.2094e-05
-11.9646  1.10194e-05
-11.9543  1.15368e-05
-11.9441  1.1962e-05
-11.934  1.20927e-05
-11.9233  1.24984e-05
-11.9126  1.29181e-05
-11.9026  1.17972e-05
-11.8921  1.27482e-05
-11.8814  1.31928e-05
-11.871  1.26754e-05
-11.8607  1.2875e-05
-11.8504  1.33457e-05
-11.84  1.26183e-05
-11.83  1.34761e-05
-11.8194  1.37806e-05
-11.8093  1.2735e-05
-11.7991  1.35875e-05
-11.7885  1.44107e-05
-11.7782  1.4296e-05
-11.7681  1.37707e-05
-11.7577  1.49031e-05
-11.7471  1.40328e-05
-11.7367  1.5032e-05
-11.7266  1.44422e-05
-11.7164  1.49098e-05
-11.706  1.51971e-05
-11.6954  1.49634e-05
-11.6852  1.55814e-05
-11.6754  1.47888e-05
-11.665  1.52093e-05
-11.6549  1.6083e-05
-11.6447  1.54319e-05
-11.6343  1.63715e-05
-11.6241  1.60268e-05
-11.6142  1.6433e-05
-11.604  1.55375e-05
-11.5941  1.61026e-05
-11.5836  1.7775e-05
-11.5735  1.64273e-05
-11.5632  1.67232e-05
-11.5534  1.72873e-05
-11.5429  1.74571e-05
-11.5328  1.79155e-05
-11.5228  1.6692e-05
-11.5127  1.73382e-05
-11.5024  1.89464e-05
-11.4923  1.81485e-05
-11.4819  1.8247e-05
-11.4717  1.85762e-05
-11.4617  1.84818e-05
-11.4516  1.92838e-05
-11.4412  1.86615e-05
-11.4312  1.94664e-05
-11.4208  1.99562e-05
-11.4104  1.94191e-05
-11.4006  1.97809e-05
-11.3902  2.03753e-05
-11.3799  2.07795e-05
-11.3697  1.97299e-05
-11.3595  2.11183e-05
-11.3492  2.08941e-05
-11.3391  2.11158e-05
-11.3285  2.15803e-05
-11.3185  2.1325e-05
-11.3085  2.08758e-05
-11.2984  2.27857e-05
-11.2879  2.10915e-05
-11.2779  2.27058e-05
-11.2675  2.28722e-05
-11.2572  2.38723e-05
-11.2469  2.16679e-05
-11.2368  2.35226e-05
-11.2264  2.3417e-05
-11.2166  2.30884e-05
-11.2063  2.32969e-05
-11.196  2.5354e-05
-11.1859  2.26358e-05
-11.1758  2.49627e-05
-11.1656  2.44262e-05
-11.1556  2.43359e-05
-11.1453  2.49592e-05
-11.1351  2.55737e-05
-11.125  2.51767e-05
-11.1149  2.63921e-05
-11.1045  2.69061e-05
-11.0942  2.61121e-05
-11.0836  2.62091e-05
-11.0736  2.7457e-05
-11.0637  2.61102e-05
-11.0533  2.73756e-05
-11.0429  2.84058e-05
-11.0329  2.69686e-05
-11.0221  3.08918e-05
-11.0113  2.96632e-05
-11.0009  2.81737e-05
-10.9905  2.90796e-05
-10.9799  3.08822e-05
-10.9697  2.84392e-05
-10.9595  2.98111e-05
-10.9491  3.12569e-05
-10.939  2.84388e-05
-10.9288  2.98622e-05
-10.9182  3.52898e-05
-10.9074  3.0448e-05
-10.8971  3.17159e-05
-10.8869  3.2358e-05
-10.8767  3.02668e-05
-10.8664  3.18015e-05
-10.8562  3.34843e-05
-10.8459  3.34473e-05
-10.8355  3.32134e-05
-10.825  3.49191e-05
-10.8148  3.23754e-05
-10.8045  3.46072e-05
-10.7941  3.5153e-05
-10.7841  3.2759e-05
-10.7739  3.46349e-05
-10.7637  3.58428e-05
-10.7535  3.50047e-05
-10.7434  3.55761e-05
-10.7331  3.61354e-05
-10.723  3.537e-05
-10.7128  3.68213e-05
-10.7021  4.03975e-05
-10.6916  3.60833e-05
-10.6818  3.66645e-05
-10.6715  3.8368e-05
-10.6614  3.85911e-05
-10.6509  3.91561e-05
-10.6405  4.06853e-05
-10.6302  3.7613e-05
-10.6203  3.84999e-05
-10.6101  3.95343e-05
-10.6  4.2386e-05
-10.5897  3.95311e-05
-10.5794  4.10901e-05
-10.5694  4.05474e-05
-10.5593  4.21013e-05
-10.549  3.98389e-05
-10.5389  4.48583e-05
-10.5286  4.14327e-05
-10.5185  4.30674e-05
-10.5085  4.20913e-05
-10.4983  4.40159e-05
-10.488  4.41893e-05
-10.4779  4.40845e-05
-10.4681  4.30202e-05
-10.4578  4.52818e-05
-10.4477  4.64347e-05
-10.4375  4.59485e-05
-10.4274  4.34498e-05
-10.4174  4.64199e-05
-10.4073  4.87193e-05
-10.397  4.58965e-05
-10.387  4.81149e-05
-10.3767  4.83177e-05
-10.3666  4.68572e-05
-10.3564  4.91941e-05
-10.3463  5.00218e-05
-10.336  4.98957e-05
-10.3259  4.89741e-05
-10.316  4.94677e-05
-10.3058  5.14486e-05
-10.2956  5.04452e-05
-10.2855  5.40856e-05
-10.2753  5.01314e-05
-10.2653  4.96667e-05
-10.2553  5.56712e-05
-10.245  5.25384e-05
-10.235  5.2853e-05
-10.2247  5.55594e-05
-10.2146  5.41023e-05
-10.2045  5.4554e-05
-10.1943  5.61666e-05
-10.1839  5.80608e-05
-10.1738  5.34039e-05
-10.1636  5.85129e-05
-10.1535  5.6728e-05
-10.1433  5.74247e-05
-10.1332  5.92144e-05
-10.1231  5.72005e-05
-10.113  5.78516e-05
-10.103  6.03458e-05
-10.0928  5.96815e-05
-10.0826  6.07022e-05
-10.0728  5.83266e-05
-10.0626  6.12859e-05
-10.0525  6.16786e-05
-10.0424  6.27378e-05
-10.0317  7.03154e-05
-10.0211  6.07297e-05
-10.011  6.46017e-05
-10.001  6.33108e-05
-9.99092  6.36873e-05
-9.98087  6.65046e-05
-9.97052  6.57514e-05
-9.96056  6.42659e-05
-9.9505  6.76311e-05
-9.9404  6.53139e-05
-9.93017  7.2001e-05
-9.92  6.63901e-05
-9.90997  6.66572e-05
-9.89999  6.96684e-05
-9.88959  7.07044e-05
-9.87968  6.92771e-05
-9.86956  7.1443e-05
-9.85935  6.99795e-05
-9.84929  7.29803e-05
-9.83926  7.10065e-05
-9.82912  7.32837e-05
-9.81898  7.22406e-05
-9.80882  7.47411e-05
-9.79868  7.56476e-05
-9.78851  7.33004e-05
-9.77843  7.80281e-05
-9.76822  7.51561e-05
-9.75818  7.52501e-05
-9.74766  8.548e-05
-9.73686  7.92214e-05
-9.72675  7.96432e-05
-9.71666  7.7241e-05
-9.70647  7.97044e-05
-9.69653  7.91538e-05
-9.68654  7.9257e-05
-9.67645  8.19678e-05
-9.66621  8.34456e-05
-9.65603  8.117e-05
-9.64613  8.24405e-05
-9.63612  8.21449e-05
-9.62593  8.65692e-05
-9.61568  8.49895e-05
-9.60564  8.5435e-05
-9.59557  8.48327e-05
-9.58542  8.69466e-05
-9.57538  8.88048e-05
-9.56484  9.15214e-05
-9.55481  8.48547e-05
-9.54491  9.03441e-05
-9.53463  9.1042e-05
-9.52437  9.10145e-05
-9.51453  8.85357e-05
-9.50422  9.52214e-05
-9.49401  9.14732e-05
-9.48405  9.10215e-05
-9.47396  9.67851e-05
-9.46365  9.38906e-05
-9.45364  9.46862e-05
-9.44347  9.61869e-05
-9.43339  9.37733e-05
-9.42334  9.9606e-05
-9.41302  0.000101017
-9.40283  9.42973e-05
-9.39301  9.89806e-05
-9.38282  0.000101939
-9.37251  0.000101314
-9.36254  9.748e-05
-9.35252  0.000104416
-9.34243  9.94137e-05
-9.33234  0.000102608
-9.3223  0.000106333
-9.31218  0.000102925
-9.30207  0.000103381
-9.29188  0.000111492
-9.28181  0.000101533
-9.27121  0.000122093
-9.26057  0.000107677
-9.25042  0.000108322
-9.24041  0.000107441
-9.23038  0.00011268
-9.22028  0.000109685
-9.21013  0.000111973
-9.19999  0.000113951
-9.18985  0.000115285
-9.1798  0.000108485
-9.1697  0.000120215
-9.1596  0.000112614
-9.14943  0.000117833
-9.1392  0.000120693
-9.12838  0.000132717
-9.11774  0.000118851
-9.10707  0.000131557
-9.09631  0.000122882
-9.08606  0.000121881
-9.07596  0.000123613
-9.06589  0.000122534
-9.05583  0.000122388
-9.04555  0.000125977
-9.03566  0.000122709
-9.02552  0.000127526
-9.01543  0.000126721
-9.00537  0.000125141
-8.99541  0.000128568
-8.98524  0.000129962
-8.97511  0.000131994
-8.96502  0.000129166
-8.95493  0.000133493
-8.94477  0.000130926
-8.93475  0.000134694
-8.92438  0.000136298
-8.91446  0.000135109
-8.90449  0.000132322
-8.89417  0.000141377
-8.88399  0.000138426
-8.87392  0.000138377
-8.86371  0.000141618
-8.85346  0.000144202
-8.84342  0.000137022
-8.83282  0.00015889
-8.82175  0.000154256
-8.81132  0.000145962
-8.8009  0.000149448
-8.79053  0.000149589
-8.7805  0.000143821
-8.77023  0.000150498
-8.76021  0.000148729
-8.75021  0.000150162
-8.7401  0.000146308
-8.72994  0.000154024
-8.71991  0.000152679
-8.70978  0.000153849
-8.69974  0.000150699
-8.68963  0.000159653
-8.67954  0.000151406
-8.66934  0.000160408
-8.65937  0.000159885
-8.64918  0.000157235
-8.63914  0.000157033
-8.62909  0.000164484
-8.61848  0.000171174
-8.60797  0.000166186
-8.59802  0.000164902
-8.58723  0.00018158
-8.57654  0.000164562
-8.56651  0.000169891
-8.55645  0.000167323
-8.54627  0.000165425
-8.53633  0.000173015
-8.52619  0.000170029
-8.51609  0.000168503
-8.50608  0.000177214
-8.49587  0.000173733
-8.48571  0.000175232
-8.47568  0.000176636
-8.46556  0.00017485
-8.45542  0.000180494
-8.4454  0.000178053
-8.43529  0.000180919
-8.4252  0.000178545
-8.41512  0.000184269
-8.40455  0.000201571
-8.39381  0.000186788
-8.38363  0.000187186
-8.37301  0.000204713
-8.36237  0.000186748
-8.35238  0.000187701
-8.34223  0.000190374
-8.33209  0.000196009
-8.32198  0.000188727
-8.3119  0.000191781
-8.30185  0.000193926
-8.29175  0.000197861
-8.28163  0.00019371
-8.27163  0.000198432
-8.26152  0.000196283
-8.25144  0.000201769
-8.24075  0.00021984
-8.23014  0.000208894
-8.21992  0.000197876
-8.20993  0.000206625
-8.19984  0.000201857
-8.18984  0.000206274
-8.17975  0.000209014
-8.16964  0.000209645
-8.15952  0.000206987
-8.14949  0.000212381
-8.13936  0.000211407
-8.12925  0.000217955
-8.11921  0.000207457
-8.10916  0.000218532
-8.09909  0.000213151
-8.08902  0.000219286
-8.07902  0.000219597
-8.06887  0.000217883
-8.0589  0.000219561
-8.04872  0.000226514
-8.03854  0.00022456
-8.02851  0.000223589
-8.0185  0.000225199
-8.00835  0.000225176
-7.99841  0.000228587
-7.98823  0.000230536
-7.97816  0.000232415
-7.96812  0.000226706
-7.95818  0.000234441
-7.94802  0.000234021
-7.93806  0.000233098
-7.92798  0.000239791
-7.91787  0.00023774
-7.90777  0.000236355
-7.89764  0.000248333
-7.88682  0.000267393
-7.87621  0.000246071
-7.86606  0.000241763
-7.85598  0.00025085
-7.84531  0.000268787
-7.83471  0.000253337
-7.82462  0.000242595
-7.81453  0.000256413
-7.80432  0.000253016
-7.79432  0.000252903
-7.78422  0.000250333
-7.7741  0.000260335
-7.76403  0.000254205
-7.75395  0.000259532
-7.74387  0.000257992
-7.73324  0.0002893
-7.72274  0.000258819
-7.71208  0.000289534
-7.70164  0.000260461
-7.69152  0.000273268
-7.68139  0.000261611
-7.67129  0.000269641
-7.66126  0.000270928
-7.65067  0.000293466
-7.64019  0.000274852
-7.63001  0.000274037
-7.61952  0.00029747
-7.60878  0.000283953
-7.59874  0.000277245
-7.58852  0.000279562
-7.5785  0.000277572
-7.56843  0.000283373
-7.55837  0.000283778
-7.54751  0.000317495
-7.5371  0.000282181
-7.52691  0.00028777
-7.51687  0.000289111
-7.50673  0.000290923
-7.49618  0.000319022
-7.48549  0.000293204
-7.47553  0.00029511
-7.46485  0.000321851
-7.45431  0.000299404
-7.44419  0.00029818
-7.43373  0.000322821
-7.4231  0.000301433
-7.41316  0.000304278
-7.40298  0.000300931
-7.39253  0.000328836
-7.38206  0.000306275
-7.37201  0.000311648
-7.36178  0.000306227
-7.35179  0.00031447
-7.34121  0.000334316
-7.33082  0.00031229
-7.32058  0.000325124
-7.31052  0.000308854
-7.30042  0.000318859
-7.29035  0.000324892
-7.28012  0.000319303
-7.27009  0.000322456
-7.25996  0.000325406
-7.25  0.000318921
-7.23985  0.0003265
-7.22982  0.000332681
-7.21961  0.000332156
-7.20961  0.000323124
-7.19948  0.000335369
-7.18945  0.00033568
-7.1793  0.000328345
-7.16926  0.000344972
-7.15855  0.000369948
-7.14813  0.000331236
-7.13799  0.000348936
-7.12793  0.000343725
-7.11772  0.00034013
-7.10775  0.00034874
-7.09753  0.000350366
-7.08759  0.000336602
-7.07753  0.000352101
-7.0675  0.000358906
-7.05733  0.000342503
-7.04728  0.000362262
-7.03659  0.000390841
-7.02601  0.000361854
-7.01582  0.000352916
-7.00535  0.000405881
-6.99462  0.000354373
-6.98466  0.000366111
-6.97457  0.00036022
-6.9645  0.000378018
-6.95432  0.000351805
-6.94445  0.000380733
-6.93429  0.000364908
-6.92408  0.000382627
-6.91356  0.000398513
-6.90308  0.000388792
-6.89282  0.000367339
-6.88277  0.000393417
-6.8727  0.000364739
-6.86256  0.000397572
-6.85249  0.000368665
-6.84199  0.000436168
-6.83132  0.000376682
-6.82123  0.000394732
-6.81125  0.000386337
-6.80095  0.000402123
-6.79095  0.000380012
-6.78094  0.000401301
-6.77078  0.000397951
-6.76008  0.000437672
-6.74972  0.000392875
-6.73954  0.000402302
-6.72956  0.000400216
-6.71934  0.000409528
-6.70934  0.000401208
-6.69912  0.000408732
-6.68914  0.000411423
-6.67891  0.000407975
-6.66891  0.000412949
-6.65871  0.000411746
-6.64875  0.000417664
-6.63854  0.000410608
-6.62856  0.000420557
-6.6184  0.000414978
-6.60836  0.000428818
-6.59831  0.000404499
-6.58841  0.000431381
-6.57815  0.000425101
-6.56812  0.000422947
-6.55809  0.000429063
-6.54797  0.000428479
-6.5379  0.000427754
-6.52785  0.000438463
-6.51769  0.000428466
-6.50771  0.000434477
-6.4977  0.000436619
-6.48753  0.00044151
-6.4775  0.000430562
-6.46751  0.000445161
-6.45746  0.000441174
-6.44728  0.000446916
-6.43727  0.000445463
-6.42717  0.000447008
-6.41706  0.000446397
-6.40703  0.000458344
-6.39692  0.000447995
-6.38677  0.000452913
-6.37624  0.000505403
-6.36563  0.000453837
-6.3555  0.000462338
-6.34547  0.000458436
-6.33539  0.000462839
-6.32525  0.000462564
-6.31528  0.000459379
-6.30524  0.00047145
-6.29504  0.000468675
-6.28441  0.000522437
-6.27386  0.000465355
-6.26376  0.000474326
-6.25371  0.000474113
-6.24362  0.000479445
-6.2335  0.00047249
-6.22351  0.000477102
-6.21345  0.000484532
-6.20331  0.000481861
-6.19333  0.000474479
-6.18324  0.000496018
-6.17313  0.000483288
-6.16298  0.000490503
-6.153  0.000488817
-6.14284  0.000493942
-6.13279  0.000492285
-6.12264  0.000497034
-6.11263  0.000492762
-6.10243  0.000504559
-6.09241  0.000499868
-6.08226  0.000493079
-6.07237  0.000500927
-6.06224  0.000501324
-6.05222  0.000510168
-6.04209  0.000500019
-6.03211  0.000513055
-6.022  0.000498707
-6.01189  0.000531917
-6.00178  0.000493092
-5.99179  0.000520616
-5.98171  0.000512031
-5.9716  0.000526424
-5.96157  0.000500225
-5.95151  0.00053415
-5.94145  0.000518115
-5.93138  0.000510304
-5.92148  0.00053003
-5.91122  0.000531791
-5.90122  0.000521741
-5.89106  0.000531073
-5.88113  0.00053018
-5.87039  0.000584924
-5.85946  0.000586141
-5.84872  0.000540374
-5.8387  0.000535329
-5.82844  0.000547865
-5.81842  0.000541041
-5.80772  0.000588302
-5.79738  0.000541289
-5.78726  0.000536078
-5.77727  0.00055699
-5.76701  0.000542131
-5.75712  0.000551467
-5.74686  0.000548519
-5.73682  0.000565877
-5.72658  0.000544518
-5.71655  0.000570762
-5.70594  0.000588739
-5.69558  0.000569427
-5.68529  0.000555059
-5.6752  0.000580224
-5.66502  0.000548675
-5.655  0.000575761
-5.64443  0.000599889
-5.6341  0.000569991
-5.62396  0.000563337
-5.61391  0.00057844
-5.60381  0.000561039
-5.59376  0.000578619
-5.58366  0.00056937
-5.57355  0.000584099
-5.56306  0.000615741
-5.55252  0.000590477
-5.54243  0.00057048
-5.53234  0.00058514
-5.52226  0.000586247
-5.51205  0.000587323
-5.5021  0.000572003
-5.49199  0.000597293
-5.48191  0.000582936
-5.47177  0.000592137
-5.46175  0.000593636
-5.45158  0.000589152
-5.4416  0.000590457
-5.43146  0.000600057
-5.42134  0.000600314
-5.41119  0.000595159
-5.40112  0.000608095
-5.39097  0.000588548
-5.38095  0.000611837
-5.37079  0.00060565
-5.36067  0.000603245
-5.35059  0.000602682
-5.3405  0.000618333
-5.33044  0.000591189
-5.31993  0.000675741
-5.30941  0.000607276
-5.29929  0.000611901
-5.28921  0.000616716
-5.27915  0.000615602
-5.26912  0.000603241
-5.25904  0.000626954
-5.24894  0.000625051
-5.23885  0.000603469
-5.22891  0.000622479
-5.2188  0.000630158
-5.2087  0.000615692
-5.19868  0.00061955
-5.18855  0.000646597
-5.17847  0.000604786
-5.16847  0.000636428
-5.15843  0.000625097
-5.14829  0.000637117
-5.13821  0.000628655
-5.12812  0.000642305
-5.11803  0.000627338
-5.10787  0.00064247
-5.0978  0.00064257
-5.08766  0.000635357
-5.07764  0.000636924
-5.06752  0.00064539
-5.05745  0.000643585
-5.04735  0.000636264
-5.03732  0.000651728
-5.02724  0.00063799
-5.01712  0.000654936
-5.00705  0.000642172
-4.99704  0.000649681
-4.98694  0.000647941
-4.97691  0.000647302
-4.96689  0.000655272
-4.95666  0.000661448
-4.94658  0.000654062
-4.93648  0.000656168
-4.9264  0.000661059
-4.91623  0.000657775
-4.90621  0.000662602
-4.89559  0.000715258
-4.88517  0.000665332
-4.87502  0.000656422
-4.86497  0.00067255
-4.85478  0.00066064
-4.84478  0.00067774
-4.83415  0.000708109
-4.82379  0.000677881
-4.81312  0.000724244
-4.80276  0.000668647
-4.79257  0.000671024
-4.78258  0.000676207
-4.77239  0.000667508
-4.76242  0.000685226
-4.75224  0.000659162
-4.74232  0.00068807
-4.73206  0.000674948
-4.72203  0.000685126
-4.71192  0.000668987
-4.70187  0.000693688
-4.69171  0.000669749
-4.68168  0.000697168
-4.67157  0.000665562
-4.66145  0.000703868
-4.65142  0.000667547
-4.64137  0.000696757
-4.63125  0.000675382
-4.62117  0.00070036
-4.61071  0.000736458
-4.60009  0.000702749
-4.59006  0.000684386
-4.57993  0.00069624
-4.5699  0.000684656
-4.55976  0.000704304
-4.54972  0.000688576
-4.53952  0.000696849
-4.52957  0.000696237
-4.51941  0.000696779
-4.50931  0.00070532
-4.49908  0.000702528
-4.48911  0.000698045
-4.47893  0.000694283
-4.46898  0.000701411
-4.45887  0.000700622
-4.44885  0.000698965
-4.43874  0.000703475
-4.4287  0.000708401
-4.4185  0.000705728
-4.40841  0.000712444
-4.39836  0.000695173
-4.38832  0.000710793
-4.37823  0.000703625
-4.36818  0.000714389
-4.35762  0.00076434
-4.34707  0.000719456
-4.33711  0.00069525
-4.32707  0.000715787
-4.31691  0.000716229
-4.30682  0.000713997
-4.29672  0.000713752
-4.28661  0.000717074
-4.27658  0.000708875
-4.26655  0.000712011
-4.25642  0.0007247
-4.24633  0.000715333
-4.23627  0.000713162
-4.22615  0.000726412
-4.21603  0.00071752
-4.20595  0.000719495
-4.19579  0.000726144
-4.18534  0.000775775
-4.17486  0.000718095
-4.16477  0.000729419
-4.15466  0.000713952
-4.14414  0.000795856
-4.13351  0.000731924
-4.12336  0.00073024
-4.1133  0.0007062
-4.10326  0.000744822
-4.09315  0.000708894
-4.08309  0.000740493
-4.07296  0.000718193
-4.06283  0.00074424
-4.05265  0.00072253
-4.04255  0.000735701
-4.03255  0.000715513
-4.02241  0.000742607
-4.01237  0.000719934
-4.00225  0.000735233
-3.99224  0.000722253
-3.98212  0.000738581
-3.97158  0.000802663
-3.96079  0.000745573
-3.9508  0.000723116
-3.94066  0.00073749
-3.93069  0.000725722
-3.92055  0.000732674
-3.91063  0.000730548
-3.90041  0.000735598
-3.89046  0.000735522
-3.88029  0.000730043
-3.8703  0.000743486
-3.85999  0.000740378
-3.84954  0.000807858
-3.83885  0.000731376
-3.82891  0.000740916
-3.81877  0.000726466
-3.80877  0.000750104
-3.79853  0.000730605
-3.7886  0.000741491
-3.77846  0.000727846
-3.76846  0.00074678
-3.7584  0.00072216
-3.74834  0.000753359
-3.73818  0.000733024
-3.72812  0.000750797
-3.718  0.000729326
-3.70789  0.000750076
-3.69786  0.000732032
-3.68771  0.000747362
-3.67773  0.000730487
-3.66762  0.000743906
-3.65761  0.000737771
-3.64748  0.000739315
-3.63761  0.000726941
-3.6275  0.000743006
-3.61753  0.000742418
-3.60731  0.000742092
-3.59738  0.000733699
-3.58729  0.000740804
-3.57724  0.00074982
-3.56698  0.000744595
-3.55693  0.000753114
-3.54674  0.000733022
-3.53675  0.000745566
-3.52668  0.000739148
-3.51654  0.000753653
-3.50643  0.000727717
-3.49643  0.000756143
-3.48631  0.000732086
-3.47624  0.000746341
-3.4662  0.000741356
-3.45605  0.000748683
-3.44601  0.00073407
-3.43588  0.000757059
-3.42577  0.000735591
-3.41569  0.000742037
-3.40521  0.000811395
-3.39467  0.000737373
-3.38465  0.00074135
-3.37452  0.000749455
-3.36441  0.000745738
-3.3543  0.000735514
-3.34376  0.000819968
-3.33315  0.000744111
-3.32306  0.000742545
-3.31301  0.000735974
-3.3029  0.000756101
-3.29276  0.000734647
-3.28265  0.000754105
-3.27253  0.000738199
-3.2624  0.000746707
-3.25181  0.000817831
-3.24122  0.000738528
-3.23118  0.000737777
-3.22111  0.000740431
-3.21109  0.000742163
-3.20096  0.000736078
-3.19101  0.000735419
-3.18088  0.000745594
-3.17082  0.000742032
-3.16067  0.000738203
-3.15058  0.000752184
-3.14046  0.000724184
-3.13052  0.000742021
-3.12041  0.000737305
-3.11037  0.000738944
-3.10026  0.000735902
-3.09017  0.000751929
-3.08008  0.000722902
-3.07004  0.000745466
-3.05989  0.000742482
-3.04982  0.000734566
-3.03977  0.000733226
-3.02958  0.000754258
-3.01952  0.000723151
-3.00947  0.000738169
-2.99944  0.000735999
-2.98937  0.000726274
-2.97941  0.000735003
-2.9692  0.000743059
-2.95926  0.000724153
-2.94914  0.000733616
-2.93912  0.000739487
-2.92901  0.000724619
-2.91903  0.000735835
-2.90884  0.000733315
-2.89886  0.000735256
-2.88874  0.000725273
-2.87865  0.000744975
-2.8685  0.000725725
-2.85845  0.000737032
-2.84831  0.000728377
-2.83824  0.000737901
-2.82815  0.0007217
-2.81802  0.000741694
-2.80796  0.000719845
-2.79787  0.000735152
-2.78782  0.000723353
-2.77761  0.000742733
-2.76755  0.000721502
-2.75743  0.000728303
-2.74735  0.000733484
-2.73719  0.000724041
-2.72717  0.000728565
-2.71698  0.000725304
-2.70659  0.000781569
-2.69613  0.000714469
-2.6861  0.000732901
-2.67592  0.000721535
-2.66589  0.000727025
-2.65573  0.000714674
-2.6457  0.000737575
-2.63557  0.000706466
-2.62547  0.000734727
-2.61535  0.000714461
-2.6053  0.000728456
-2.59521  0.000702206
-2.58511  0.000742396
-2.575  0.000703643
-2.56495  0.000718159
-2.55494  0.000714359
-2.54479  0.000727239
-2.53472  0.000704812
-2.52451  0.000738713
-2.51445  0.000702084
-2.50435  0.000713808
-2.49431  0.000719724
-2.48412  0.000720042
-2.47408  0.000702514
-2.46393  0.000720747
-2.45392  0.000709725
-2.44378  0.000706462
-2.4338  0.000708221
-2.42364  0.000718189
-2.41361  0.00070078
-2.40346  0.000714511
-2.39336  0.000718463
-2.38319  0.000698241
-2.37316  0.000711639
-2.36302  0.000709808
-2.353  0.000698433
-2.34284  0.000706767
-2.33279  0.000717072
-2.32257  0.000700265
-2.3125  0.000701314
-2.30237  0.000713146
-2.2923  0.000699431
-2.28208  0.000703958
-2.272  0.000710689
-2.26182  0.000697826
-2.2518  0.000692391
-2.24166  0.000709819
-2.23162  0.000692863
-2.22145  0.000694835
-2.21146  0.000699854
-2.20138  0.000688949
-2.19133  0.00069627
-2.18119  0.000693648
-2.17121  0.000697924
-2.16101  0.000687394
-2.15099  0.000694911
-2.14092  0.000690262
-2.13086  0.000689245
-2.12083  0.000674052
-2.11087  0.000703627
-2.10069  0.0006806
-2.09061  0.000694143
-2.08054  0.000683432
-2.07047  0.000690648
-2.06042  0.000671048
-2.05038  0.000699267
-2.04026  0.000679194
-2.03014  0.000684671
-2.02014  0.000677571
-2.01001  0.000697929
-1.99986  0.000669005
-1.98977  0.000692011
-1.97976  0.000672844
-1.96965  0.00067619
-1.95969  0.000673861
-1.9496  0.000683536
-1.93956  0.00066779
-1.92941  0.000684129
-1.91942  0.0006744
-1.90924  0.000675566
-1.89868  0.000744238
-1.88803  0.000678146
-1.87805  0.00066224
-1.86791  0.000673234
-1.85789  0.000680883
-1.8477  0.000665425
-1.83758  0.000683385
-1.8274  0.00066618
-1.8174  0.000671938
-1.8072  0.000664216
-1.79716  0.00067708
-1.78703  0.00065948
-1.77698  0.000666119
-1.76692  0.000661098
-1.7569  0.000668996
-1.74677  0.00065311
-1.73673  0.000668622
-1.72678  0.000652254
-1.71667  0.000659991
-1.70663  0.000657703
-1.69659  0.000667032
-1.68645  0.000652707
-1.67636  0.000659814
-1.66639  0.0006582
-1.65627  0.000647427
-1.64629  0.000653051
-1.63625  0.000661729
-1.62608  0.0006555
-1.61596  0.000650971
-1.60595  0.000661727
-1.59577  0.000647762
-1.5857  0.000648529
-1.57571  0.000657629
-1.56554  0.000649148
-1.55546  0.000642824
-1.54545  0.000655678
-1.53532  0.000649513
-1.52514  0.000647408
-1.51513  0.000650623
-1.50499  0.000644031
-1.49492  0.000640832
-1.48494  0.000643046
-1.47488  0.000645847
-1.46478  0.000633314
-1.45474  0.00065472
-1.44459  0.000638783
-1.43452  0.000636269
-1.42453  0.000638669
-1.41442  0.000647214
-1.40432  0.000632061
-1.39422  0.000641068
-1.38418  0.000640489
-1.37402  0.000636506
-1.36398  0.000634315
-1.35389  0.000637723
-1.34385  0.000631399
-1.33367  0.000637509
-1.32368  0.000637509
-1.31348  0.000631808
-1.30341  0.000633885
-1.29329  0.000633507
-1.28331  0.000623732
-1.27317  0.000631056
-1.26314  0.000635024
-1.25304  0.000620231
-1.24293  0.000639261
-1.23277  0.000625792
-1.22273  0.000631048
-1.21257  0.000621758
-1.20254  0.000629186
-1.19253  0.000613109
-1.18244  0.000632936
-1.17238  0.000618398
-1.16225  0.000632361
-1.15212  0.000617534
-1.14203  0.000625984
-1.13198  0.000618765
-1.12183  0.000626624
-1.11175  0.000615809
-1.10169  0.000619949
-1.09165  0.000617265
-1.08147  0.000623209
-1.07142  0.000617564
-1.06129  0.000619248
-1.05119  0.0006138
-1.04112  0.000618715
-1.03104  0.000618468
-1.02085  0.000612519
-1.01081  0.000619399
-1.00072  0.000609585
-0.990626  0.000612702
-0.980519  0.000617809
-0.970467  0.00060929
-0.960347  0.000607574
-0.9503  0.000616142
-0.940216  0.000608809
-0.930063  0.000611161
-0.919958  0.000613093
-0.909879  0.000611721
-0.899706  0.000604852
-0.889604  0.000617387
-0.879519  0.000602626
-0.869402  0.000606892
-0.859297  0.000609713
-0.849224  0.000606855
-0.839131  0.000599705
-0.829022  0.000610374
-0.818936  0.000606531
-0.8088  0.000599812
-0.798764  0.000604291
-0.788631  0.00060873
-0.778575  0.000592302
-0.768497  0.000605755
-0.75802  0.000651879
-0.74748  0.000599648
-0.737442  0.000596641
-0.727285  0.00061194
-0.717205  0.000590281
-0.707142  0.000598837
-0.697069  0.000603296
-0.686967  0.000595476
-0.676916  0.000592747
-0.666821  0.00060475
-0.656701  0.000597111
-0.646588  0.000595442
-0.636443  0.000606777
-0.626283  0.000595235
-0.616166  0.000595143
-0.606068  0.000599982
-0.59596  0.000594255
-0.585866  0.000592216
-0.575736  0.000600798
-0.565655  0.000590954
-0.555133  0.000641813
-0.544618  0.000597902
-0.534543  0.000587354
-0.524482  0.000589524
-0.514419  0.000595708
-0.504287  0.000593771
-0.494197  0.000586348
-0.48414  0.000595059
-0.474028  0.000589448
-0.463949  0.000586921
-0.453941  0.000589334
-0.443809  0.000593857
-0.43374  0.000583236
-0.42367  0.000593257
-0.413555  0.000589422
-0.403476  0.000585764
-0.393445  0.000587209
-0.383351  0.000588654
-0.373299  0.000584327
-0.363272  0.00058403
-0.353127  0.000598029
-0.342987  0.000584198
-0.332923  0.000585957
-0.322834  0.00058874
-0.312742  0.000586007
-0.30267  0.000585121
-0.292512  0.000593744
-0.28243  0.000583268
-0.272347  0.000582589
-0.262256  0.000591921
-0.2522  0.000577737
-0.242163  0.000585787
-0.232031  0.000588793
-0.221978  0.000580499
-0.211932  0.000582807
-0.201898  0.000581081
-0.191912  0.000579455
-0.181833  0.000585642
-0.171743  0.000584656
-0.161699  0.000582031
-0.151544  0.000590104
-0.141412  0.000585489
-0.131326  0.000584175
-0.121202  0.00058581
-0.111097  0.000586028
-0.10099  0.000583194
-0.0908483  0.000590637
-0.08071  0.000584835
-0.0705709  0.00058485
-0.060468  0.000587704
-0.0503265  0.000585944
-0.0402095  0.000582949
-0.0300893  0.000588178
-0.0199773  0.000583229
-0.00996613  0.000573629
-0.00249573  0.000290137
0.00249573  0.000290137
0.00996613  0.000573629
0.0199773  0.000583229
0.0300893  0.000588178
0.0402095  0.000582949
0.0503265  0.000585944
0.060468  0.000587704
0.0705709  0.00058485
0.08071  0.000584835
0.0908483  0.000590637
0.10099  0.000583194
0.111097  0.000586028
0.121202  0.00058581
0.131326  0.000584175
0.141412  0.000585489
0.151544  0.000590104
0.161699  0.000582031
0.171743  0.000584656
0.181833  0.000585642
0.191912  0.000579455
0.201898  0.000581081
0.211932  0.000582807
0.221978  0.000580499
0.232031  0.000588793
0.242163  0.000585787
0.2522  0.000577737
0.262256  0.000591921
0.272347  0.000582589
0.28243  0.000583268
0.292512  0.000593744
0.30267  0.000585121
0.312742  0.000586007
0.322834  0.00058874
0.332923  0.000585957
0.342987  0.000584198
0.353127  0.000598029
0.363272  0.00058403
0.373299  0.000584327
0.383351  0.000588654
0.393445  0.000587209
0.403476  0.000585764
0.413555  0.000589422
0.42367  0.000593257
0.43374  0.000583236
0.443809  0.000593857
0.453941  0.000589334
0.463949  0.000586921
0.474028  0.000589448
0.48414  0.000595059
0.494197  0.000586348
0.504287  0.000593771
0.514419  0.000595708
0.524482  0.000589524
0.534543  0.000587354
0.544618  0.000597902
0.555133  0.000641813
0.565655  0.000590954
0.575736  0.000600798
0.585866  0.000592216
0.59596  0.000594255
0.606068  0.000599982
0.616166  0.000595143
0.626283  0.000595235
0.636443  0.000606777
0.646588  0.000595442
0.656701  0.000597111
0.666821  0.00060475
0.676916  0.000592747
0.686967  0.000595476
0.697069  0.000603296
0.707142  0.000598837
0.717205  0.000590281
0.727285  0.00061194
0.737442  0.000596641
0.74748  0.000599648
0.75802  0.000651879
0.768497  0.000605755
0.778575  0.000592302
0.788631  0.00060873
0.798764  0.000604291
0.8088  0.000599812
0.818936  0.000606531
0.829022  0.000610374
0.839131  0.000599705
0.849224  0.000606855
0.859297  0.000609713
0.869402  0.000606892
0.879519  0.000602626
0.889604  0.000617387
0.899706  0.000604852
0.909879  0.000611721
0.919958  0.000613093
0.930063  0.000611161
0.940216  0.000608809
0.9503  0.000616142
0.960347  0.000607574
0.970467  0.00060929
0.980519  0.000617809
0.990626  0.000612702
1.00072  0.000609585
1.01081  0.000619399
1.02085  0.000612519
1.03104  0.000618468
1.04112  0.000618715
1.05119  0.0006138
1.06129  0.000619248
1.07142  0.000617564
1.08147  0.000623209
1.09165  0.000617265
1.10169  0.000619949
1.11175  0.000615809
1.12183  0.000626624
1.13198  0.000618765
1.14203  0.000625984
1.15212  0.000617534
1.16225  0.000632361
1.17238  0.000618398
1.18244  0.000632936
1.19253  0.000613109
1.20254  0.000629186
1.21257  0.000621758
1.22273  0.000631048
1.23277  0.000625792
1.24293  0.000639261
1.25304  0.000620231
1.26314  0.000635024
1.27317  0.000631056
1.28331  0.000623732
1.29329  0.000633507
1.30341  0.000633885
1.31348  0.000631808
1.32368  0.000637509
1.33367  0.000637509
1.34385  0.000631399
1.35389  0.000637723
1.36398  0.000634315
1.37402  0.000636506
1.38418  0.000640489
1.39422  0.000641068
1.40432  0.000632061
1.41442  0.000647214
1.42453  0.000638669
1.43452  0.000636269
1.44459  0.000638783
1.45474  0.00065472
1.46478  0.000633314
1.47488  0.000645847
1.48494  0.000643046
1.49492  0.000640832
1.50499  0.000644031
1.51513  0.000650623
1.52514  0.000647408
1.53532  0.000649513
1.54545  0.000655678
1.55546  0.000642824
1.56554  0.000649148
1.57571  0.000657629
1.5857  0.000648529
1.59577  0.000647762
1.60595  0.000661727
1.61596  0.000650971
1.62608  0.0006555
1.63625  0.000661729
1.64629  0.000653051
1.65627  0.000647427
1.66639  0.0006582
1.67636  0.000659814
1.68645  0.000652707
1.69659  0.000667032
1.70663  0.000657703
1.71667  0.000659991
1.72678  0.000652254
1.73673  0.000668622
1.74677  0.00065311
1.7569  0.000668996
1.76692  0.000661098
1.77698  0.000666119
1.78703  0.00065948
1.79716  0.00067708
1.8072  0.000664216
1.8174  0.000671938
1.8274  0.00066618
1.83758  0.000683385
1.8477  0.000665425
1.85789  0.000680883
1.86791  0.000673234
1.87805  0.00066224
1.88803  0.000678146
1.89868  0.000744238
1.90924  0.000675566
1.91942  0.0006744
1.92941  0.000684129
1.93956  0.00066779
1.9496  0.000683536
1.95969  0.000673861
1.96965  0.00067619
1.97976  0.000672844
1.98977  0.000692011
1.99986  0.000669005
2.01001  0.000697929
2.02014  0.000677571
2.03014  0.000684671
2.04026  0.000679194
2.05038  0.000699267
2.06042  0.000671048
2.07047  0.000690648
2.08054  0.000683432
2.09061  0.000694143
2.10069  0.0006806
2.11087  0.000703627
2.12083  0.000674052
2.13086  0.000689245
2.14092  0.000690262
2.15099  0.000694911
2.16101  0.000687394
2.17121  0.000697924
2.18119  0.000693648
2.19133  0.00069627
2.20138  0.000688949
2.21146  0.000699854
2.22145  0.000694835
2.23162  0.000692863
2.24166  0.000709819
2.2518  0.000692391
2.26182  0.000697826
2.272  0.000710689
2.28208  0.000703958
2.2923  0.000699431
2.30237  0.000713146
2.3125  0.000701314
2.32257  0.000700265
2.33279  0.000717072
2.34284  0.000706767
2.353  0.000698433
2.36302  0.000709808
2.37316  0.000711639
2.38319  0.000698241
2.39336  0.000718463
2.40346  0.000714511
2.41361  0.00070078
2.42364  0.000718189
2.4338  0.000708221
2.44378  0.000706462
2.45392  0.000709725
2.46393  0.000720747
2.47408  0.000702514
2.48412  0.000720042
2.49431  0.000719724
2.50435  0.000713808
2.51445  0.000702084
2.52451  0.000738713
2.53472  0.000704812
2.54479  0.000727239
2.55494  0.000714359
2.56495  0.000718159
2.575  0.000703643
2.58511  0.000742396
2.59521  0.000702206
2.6053  0.000728456
2.61535  0.000714461
2.62547  0.000734727
2.63557  0.000706466
2.6457  0.000737575
2.65573  0.000714674
2.66589  0.000727025
2.67592  0.000721535
2.6861  0.000732901
2.69613  0.000714469
2.70659  0.000781569
2.71698  0.000725304
2.72717  0.000728565
2.73719  0.000724041
2.74735  0.000733484
2.75743  0.000728303
2.76755  0.000721502
2.77761  0.000742733
2.78782  0.000723353
2.79787  0.000735152
2.80796  0.000719845
2.81802  0.000741694
2.82815  0.0007217
2.83824  0.000737901
2.84831  0.000728377
2.85845  0.000737032
2.8685  0.000725725
2.87865  0.000744975
2.88874  0.000725273
2.89886  0.000735256
2.90884  0.000733315
2.91903  0.000735835
2.92901  0.000724619
2.93912  0.000739487
2.94914  0.000733616
2.95926  0.000724153
2.9692  0.000743059
2.97941  0.000735003
2.98937  0.000726274
2.99944  0.000735999
3.00947  0.000738169
3.01952  0.000723151
3.02958  0.000754258
3.03977  0.000733226
3.04982  0.000734566
3.05989  0.000742482
3.07004  0.000745466
3.08008  0.000722902
3.09017  0.000751929
3.10026  0.000735902
3.11037  0.000738944
3.12041  0.000737305
3.13052  0.000742021
3.14046  0.000724184
3.15058  0.000752184
3.16067  0.000738203
3.17082  0.000742032
3.18088  0.000745594
3.19101  0.000735419
3.20096  0.000736078
3.21109  0.000742163
3.22111  0.000740431
3.23118  0.000737777
3.24122  0.000738528
3.25181  0.000817831
3.2624  0.000746707
3.27253  0.000738199
3.28265  0.000754105
3.29276  0.000734647
3.3029  0.000756101
3.31301  0.000735974
3.32306  0.000742545
3.33315  0.000744111
3.34376  0.000819968
3.3543  0.000735514
3.36441  0.000745738
3.37452  0.000749455
3.38465  0.00074135
3.39467  0.000737373
3.40521  0.000811395
3.41569  0.000742037
3.42577  0.000735591
3.43588  0.000757059
3.44601  0.00073407
3.45605  0.000748683
3.4662  0.000741356
3.47624  0.000746341
3.48631  0.000732086
3.49643  0.000756143
3.50643  0.000727717
3.51654  0.000753653
3.52668  0.000739148
3.53675  0.000745566
3.54674  0.000733022
3.55693  0.000753114
3.56698  0.000744595
3.57724  0.00074982
3.58729  0.000740804
3.59738  0.000733699
3.60731  0.000742092
3.61753  0.000742418
3.6275  0.000743006
3.63761  0.000726941
3.64748  0.000739315
3.65761  0.000737771
3.66762  0.000743906
3.67773  0.000730487
3.68771  0.000747362
3.69786  0.000732032
3.70789  0.000750076
3.718  0.000729326
3.72812  0.000750797
3.73818  0.000733024
3.74834  0.000753359
3.7584  0.00072216
3.76846  0.00074678
3.77846  0.000727846
3.7886  0.000741491
3.79853  0.000730605
3.80877  0.000750104
3.81877  0.000726466
3.82891  0.000740916
3.83885  0.000731376
3.84954  0.000807858
3.85999  0.000740378
3.8703  0.000743486
3.88029  0.000730043
3.89046  0.000735522
3.90041  0.000735598
3.91063  0.000730548
3.92055  0.000732674
3.93069  0.000725722
3.94066  0.00073749
3.9508  0.000723116
3.96079  0.000745573
3.97158  0.000802663
3.98212  0.000738581
3.99224  0.000722253
4.00225  0.000735233
4.01237  0.000719934
4.02241  0.000742607
4.03255  0.000715513
4.04255  0.000735701
4.05265  0.00072253
4.06283  0.00074424
4.07296  0.000718193
4.08309  0.000740493
4.09315  0.000708894
4.10326  0.000744822
4.1133  0.0007062
4.12336  0.00073024
4.13351  0.000731924
4.14414  0.000795856
4.15466  0.000713952
4.16477  0.000729419
4.17486  0.000718095
4.18534  0.000775775
4.19579  0.000726144
4.20595  0.000719495
4.21603  0.00071752
4.22615  0.000726412
4.23627  0.000713162
4.24633  0.000715333
4.25642  0.0007247
4.26655  0.000712011
4.27658  0.000708875
4.28661  0.000717074
4.29672  0.000713752
4.30682  0.000713997
4.31691  0.000716229
4.32707  0.000715787
4.33711  0.00069525
4.34707  0.000719456
4.35762  0.00076434
4.36818  0.000714389
4.37823  0.000703625
4.38832  0.000710793
4.39836  0.000695173
4.40841  0.000712444
4.4185  0.000705728
4.4287  0.000708401
4.43874  0.000703475
4.44885  0.000698965
4.45887  0.000700622
4.46898  0.000701411
4.47893  0.000694283
4.48911  0.000698045
4.49908  0.000702528
4.50931  0.00070532
4.51941  0.000696779
4.52957  0.000696237
4.53952  0.000696849
4.54972  0.000688576
4.55976  0.000704304
4.5699  0.000684656
4.57993  0.00069624
4.59006  0.000684386
4.60009  0.000702749
4.61071  0.000736458
4.62117  0.00070036
4.63125  0.000675382
4.64137  0.000696757
4.65142  0.000667547
4.66145  0.000703868
4.67157  0.000665562
4.68168  0.000697168
4.69171  0.000669749
4.70187  0.000693688
4.71192  0.000668987
4.72203  0.000685126
4.73206  0.000674948
4.74232  0.00068807
4.75224  0.000659162
4.76242  0.000685226
4.77239  0.000667508
4.78258  0.000676207
4.79257  0.000671024
4.80276  0.000668647
4.81312  0.000724244
4.82379  0.000677881
4.83415  0.000708109
4.84478  0.00067774
4.85478  0.00066064
4.86497  0.00067255
4.87502  0.000656422
4.88517  0.000665332
4.89559  0.000715258
4.90621  0.000662602
4.91623  0.000657775
4.9264  0.000661059
4.93648  0.000656168
4.94658  0.000654062
4.95666  0.000661448
4.96689  0.000655272
4.97691  0.000647302
4.98694  0.000647941
4.99704  0.000649681
5.00705  0.000642172
5.01712  0.000654936
5.02724  0.00063799
5.03732  0.000651728
5.04735  0.000636264
5.05745  0.000643585
5.06752  0.00064539
5.07764  0.000636924
5.08766  0.000635357
5.0978  0.00064257
5.10787  0.00064247
5.11803  0.000627338
5.12812  0.000642305
5.13821  0.000628655
5.14829  0.000637117
5.15843  0.000625097
5.16847  0.000636428
5.17847  0.000604786
5.18855  0.000646597
5.19868  0.00061955
5.2087  0.000615692
5.2188  0.000630158
5.22891  0.000622479
5.23885  0.000603469
5.24894  0.000625051
5.25904  0.000626954
5.26912  0.000603241
5.27915  0.000615602
5.28921  0.000616716
5.29929  0.000611901
5.30941  0.000607276
5.31993  0.000675741
5.33044  0.000591189
5.3405  0.000618333
5.35059  0.000602682
5.36067  0.000603245
5.37079  0.00060565
5.38095  0.000611837
5.39097  0.000588548
5.40112  0.000608095
5.41119  0.000595159
5.42134  0.000600314
5.43146  0.000600057
5.4416  0.000590457
5.45158  0.000589152
5.46175  0.000593636
5.47177  0.000592137
5.48191  0.000582936
5.49199  0.000597293
5.5021  0.000572003
5.51205  0.000587323
5.52226  0.000586247
5.53234  0.00058514
5.54243  0.00057048
5.55252  0.000590477
5.56306  0.000615741
5.57355  0.000584099
5.58366  0.00056937
5.59376  0.000578619
5.60381  0.000561039
5.61391  0.00057844
5.62396  0.000563337
5.6341  0.000569991
5.64443  0.000599889
5.655  0.000575761
5.66502  0.000548675
5.6752  0.000580224
5.68529  0.000555059
5.69558  0.000569427
5.70594  0.000588739
5.71655  0.000570762
5.72658  0.000544518
5.73682  0.000565877
5.74686  0.000548519
5.75712  0.000551467
5.76701  0.000542131
5.77727  0.00055699
5.78726  0.000536078
5.79738  0.000541289
5.80772  0.000588302
5.81842  0.000541041
5.82844  0.000547865
5.8387  0.000535329
5.84872  0.000540374
5.85946  0.000586141
5.87039  0.000584924
5.88113  0.00053018
5.89106  0.000531073
5.90122  0.000521741
5.91122  0.000531791
5.92148  0.00053003
5.93138  0.000510304
5.94145  0.000518115
5.95151  0.00053415
5.96157  0.000500225
5.9716  0.000526424
5.98171  0.000512031
5.99179  0.000520616
6.00178  0.000493092
6.01189  0.000531917
6.022  0.000498707
6.03211  0.000513055
6.04209  0.000500019
6.05222  0.000510168
6.06224  0.000501324
6.07237  0.000500927
6.08226  0.000493079
6.09241  0.000499868
6.10243  0.000504559
6.11263  0.000492762
6.12264  0.000497034
6.13279  0.000492285
6.14284  0.000493942
6.153  0.000488817
6.16298  0.000490503
6.17313  0.000483288
6.18324  0.000496018
6.19333  0.000474479
6.20331  0.000481861
6.21345  0.000484532
6.22351  0.000477102
6.2335  0.00047249
6.24362  0.000479445
6.25371  0.000474113
6.26376  0.000474326
6.27386  0.000465355
6.28441  0.000522437
6.29504  0.000468675
6.30524  0.00047145
6.31528  0.000459379
6.32525  0.000462564
6.33539  0.000462839
6.34547  0.000458436
6.3555  0.000462338
6.36563  0.000453837
6.37624  0.000505403
6.38677  0.000452913
6.39692  0.000447995
6.40703  0.000458344
6.41706  0.000446397
6.42717  0.000447008
6.43727  0.000445463
6.44728  0.000446916
6.45746  0.000441174
6.46751  0.000445161
6.4775  0.000430562
6.48753  0.00044151
6.4977  0.000436619
6.50771  0.000434477
6.51769  0.000428466
6.52785  0.000438463
6.5379  0.000427754
6.54797  0.000428479
6.55809  0.000429063
6.56812  0.000422947
6.57815  0.000425101
6.58841  0.000431381
6.59831  0.000404499
6.60836  0.000428818
6.6184  0.000414978
6.62856  0.000420557
6.63854  0.000410608
6.64875  0.000417664
6.65871  0.000411746
6.66891  0.000412949
6.67891  0.000407975
6.68914  0.000411423
6.69912  0.000408732
6.70934  0.000401208
6.71934  0.000409528
6.72956  0.000400216
6.73954  0.000402302
6.74972  0.000392875
6.76008  0.000437672
6.77078  0.000397951
6.78094  0.000401301
6.79095  0.000380012
6.80095  0.000402123
6.81125  0.000386337
6.82123  0.000394732
6.83132  0.000376682
6.84199  0.000436168
6.85249  0.000368665
6.86256  0.000397572
6.8727  0.000364739
6.88277  0.000393417
6.89282  0.000367339
6.90308  0.000388792
6.91356  0.000398513
6.92408  0.000382627
6.93429  0.000364908
6.94445  0.000380733
6.95432  0.000351805
6.9645  0.000378018
6.97457  0.00036022
6.98466  0.000366111
6.99462  0.000354373
7.00535  0.000405881
7.01582  0.000352916
7.02601  0.000361854
7.03659  0.000390841
7.04728  0.000362262
7.05733  0.000342503
7.0675  0.000358906
7.07753  0.000352101
7.08759  0.000336602
7.09753  0.000350366
7.10775  0.00034874
7.11772  0.00034013
7.12793  0.000343725
7.13799  0.000348936
7.14813  0.000331236
7.15855  0.000369948
7.16926  0.000344972
7.1793  0.000328345
7.18945  0.00033568
7.19948  0.000335369
7.20961  0.000323124
7.21961  0.000332156
7.22982  0.000332681
7.23985  0.0003265
7.25  0.000318921
7.25996  0.000325406
7.27009  0.000322456
7.28012  0.000319303
7.29035  0.000324892
7.30042  0.000318859
7.31052  0.000308854
7.32058  0.000325124
7.33082  0.00031229
7.34121  0.000334316
7.35179  0.00031447
7.36178  0.000306227
7.37201  0.000311648
7.38206  0.000306275
7.39253  0.000328836
7.40298  0.000300931
7.41316  0.000304278
7.4231  0.000301433
7.43373  0.000322821
7.44419  0.00029818
7.45431  0.000299404
7.46485  0.000321851
7.47553  0.00029511
7.48549  0.000293204
7.49618  0.000319022
7.50673  0.000290923
7.51687  0.000289111
7.52691  0.00028777
7.5371  0.000282181
7.54751  0.000317495
7.55837  0.000283778
7.56843  0.000283373
7.5785  0.000277572
7.58852  0.000279562
7.59874  0.000277245
7.60878  0.000283953
7.61952  0.00029747
7.63001  0.000274037
7.64019  0.000274852
7.65067  0.000293466
7.66126  0.000270928
7.67129  0.000269641
7.68139  0.000261611
7.69152  0.000273268
7.70164  0.000260461
7.71208  0.000289534
7.72274  0.000258819
7.73324  0.0002893
7.74387  0.000257992
7.75395  0.000259532
7.76403  0.000254205
7.7741  0.000260335
7.78422  0.000250333
7.79432  0.000252903
7.80432  0.000253016
7.81453  0.000256413
7.82462  0.000242595
7.83471  0.000253337
7.84531  0.000268787
7.85598  0.00025085
7.86606  0.000241763
7.87621  0.000246071
7.88682  0.000267393
7.89764  0.000248333
7.90777  0.000236355
7.91787  0.00023774
7.92798  0.000239791
7.93806  0.000233098
7.94802  0.000234021
7.95818  0.000234441
7.96812  0.000226706
7.97816  0.000232415
7.98823  0.000230536
7.99841  0.000228587
8.00835  0.000225176
8.0185  0.000225199
8.02851  0.000223589
8.03854  0.00022456
8.04872  0.000226514
8.0589  0.000219561
8.06887  0.000217883
8.07902  0.000219597
8.08902  0.000219286
8.09909  0.000213151
8.10916  0.000218532
8.11921  0.000207457
8.12925  0.000217955
8.13936  0.000211407
8.14949  0.000212381
8.15952  0.000206987
8.16964  0.000209645
8.17975  0.000209014
8.18984  0.000206274
8.19984  0.000201857
8.20993  0.000206625
8.21992  0.000197876
8.23014  0.000208894
8.24075  0.00021984
8.25144  0.000201769
8.26152  0.000196283
8.27163  0.000198432
8.28163  0.00019371
8.29175  0.000197861
8.30185  0.000193926
8.3119  0.000191781
8.32198  0.000188727
8.33209  0.000196009
8.34223  0.000190374
8.35238  0.000187701
8.36237  0.000186748
8.37301  0.000204713
8.38363  0.000187186
8.39381  0.000186788
8.40455  0.000201571
8.41512  0.000184269
8.4252  0.000178545
8.43529  0.000180919
8.4454  0.000178053
8.45542  0.000180494
8.46556  0.00017485
8.47568  0.000176636
8.48571  0.000175232
8.49587  0.000173733
8.50608  0.000177214
8.51609  0.000168503
8.52619  0.000170029
8.53633  0.000173015
8.54627  0.000165425
8.55645  0.000167323
8.56651  0.000169891
8.57654  0.000164562
8.58723  0.00018158
8.59802  0.000164902
8.60797  0.000166186
8.61848  0.000171174
8.62909  0.000164484
8.63914  0.000157033
8.64918  0.000157235
8.65937  0.000159885
8.66934  0.000160408
8.67954  0.000151406
8.68963  0.000159653
8.69974  0.000150699
8.70978  0.000153849
8.71991  0.000152679
8.72994  0.000154024
8.7401  0.000146308
8.75021  0.000150162
8.76021  0.000148729
8.77023  0.000150498
8.7805  0.000143821
8.79053  0.000149589
8.8009  0.000149448
8.81132  0.000145962
8.82175  0.000154256
8.83282  0.00015889
8.84342  0.000137022
8.85346  0.000144202
8.86371  0.000141618
8.87392  0.000138377
8.88399  0.000138426
8.89417  0.000141377
8.90449  0.000132322
8.91446  0.000135109
8.92438  0.000136298
8.93475  0.000134694
8.94477  0.000130926
8.95493  0.000133493
8.96502  0.000129166
8.97511  0.000131994
8.98524  0.000129962
8.99541  0.000128568
9.00537  0.000125141
9.01543  0.000126721
9.02552  0.000127526
9.03566  0.000122709
9.04555  0.000125977
9.05583  0.000122388
9.06589  0.000122534
9.07596  0.000123613
9.08606  0.000121881
9.09631  0.000122882
9.10707  0.000131557
9.11774  0.000118851
9.12838  0.000132717
9.1392  0.000120693
9.14943  0.000117833
9.1596  0.000112614
9.1697  0.000120215
9.1798  0.000108485
9.18985  0.000115285
9.19999  0.000113951
9.21013  0.000111973
9.22028  0.000109685
9.23038  0.00011268
9.24041  0.000107441
9.25042  0.000108322
9.26057  0.000107677
9.27121  0.000122093
9.28181  0.000101533
9.29188  0.000111492
9.30207  0.000103381
9.31218  0.000102925
9.3223  0.000106333
9.33234  0.000102608
9.34243  9.94137e-05
9.35252  0.000104416
9.36254  9.748e-05
9.37251  0.000101314
9.38282  0.000101939
9.39301  9.89806e-05
9.40283  9.42973e-05
9.41302  0.000101017
9.42334  9.9606e-05
9.43339  9.37733e-05
9.44347  9.61869e-05
9.45364  9.46862e-05
9.46365  9.38906e-05
9.47396  9.67851e-05
9.48405  9.10215e-05
9.49401  9.14732e-05
9.50422  9.52214e-05
9.51453  8.85357e-05
9.52437  9.10145e-05
9.53463  9.1042e-05
9.54491  9.03441e-05
9.55481  8.48547e-05
9.56484  9.15214e-05
9.57538  8.88048e-05
9.58542  8.69466e-05
9.59557  8.48327e-05
9.60564  8.5435e-05
9.61568  8.49895e-05
9.62593  8.65692e-05
9.63612  8.21449e-05
9.64613  8.24405e-05
9.65603  8.117e-05
9.66621  8.34456e-05
9.67645  8.19678e-05
9.68654  7.9257e-05
9.69653  7.91538e-05
9.70647  7.97044e-05
9.71666  7.7241e-05
9.72675  7.96432e-05
9.73686  7.92214e-05
9.74766  8.548e-05
9.75818  7.52501e-05
9.76822  7.51561e-05
9.77843  7.80281e-05
9.78851  7.33004e-05
9.79868  7.56476e-05
9.80882  7.47411e-05
9.81898  7.22406e-05
9.82912  7.32837e-05
9.83926  7.10065e-05
9.84929  7.29803e-05
9.85935  6.99795e-05
9.86956  7.1443e-05
9.87968  6.92771e-05
9.88959  7.07044e-05
9.89999  6.96684e-05
9.90997  6.66572e-05
9.92  6.63901e-05
9.93017  7.2001e-05
9.9404  6.53139e-05
9.9505  6.76311e-05
9.96056  6.42659e-05
9.97052  6.57514e-05
9.98087  6.65046e-05
9.99092  6.36873e-05
10.001  6.33108e-05
10.011  6.46017e-05
10.0211  6.07297e-05
10.0317  7.03154e-05
10.0424  6.27378e-05
10.0525  6.16786e-05
10.0626  6.12859e-05
10.0728  5.83266e-05
10.0826  6.07022e-05
10.0928  5.96815e-05
10.103  6.03458e-05
10.113  5.78516e-05
10.1231  5.72005e-05
10.1332  5.92144e-05
10.1433  5.74247e-05
10.1535  5.6728e-05
10.1636  5.85129e-05
10.1738  5.34039e-05
10.1839  5.80608e-05
10.1943  5.61666e-05
10.2045  5.4554e-05
10.2146  5.41023e-05
10.2247  5.55594e-05
10.235  5.2853e-05
10.245  5.25384e-05
10.2553  5.56712e-05
10.2653  4.96667e-05
10.2753  5.01314e-05
10.2855  5.40856e-05
10.2956  5.04452e-05
10.3058  5.14486e-05
10.316  4.94677e-05
10.3259  4.89741e-05
10.336  4.98957e-05
10.3463  5.00218e-05
10.3564  4.91941e-05
10.3666  4.68572e-05
10.3767  4.83177e-05
10.387  4.81149e-05
10.397  4.58965e-05
10.4073  4.87193e-05
10.4174  4.64199e-05
10.4274  4.34498e-05
10.4375  4.59485e-05
10.4477  4.64347e-05
10.4578  4.52818e-05
10.4681  4.30202e-05
10.4779  4.40845e-05
10.488  4.41893e-05
10.4983  4.40159e-05
10.5085  4.20913e-05
10.5185  4.30674e-05
10.5286  4.14327e-05
10.5389  4.48583e-05
10.549  3.98389e-05
10.5593  4.21013e-05
10.5694  4.05474e-05
10.5794  4.10901e-05
10.5897  3.95311e-05
10.6  4.2386e-05
10.6101  3.95343e-05
10.6203  3.84999e-05
10.6302  3.7613e-05
10.6405  4.06853e-05
10.6509  3.91561e-05
10.6614  3.85911e-05
10.6715  3.8368e-05
10.6818  3.66645e-05
10.6916  3.60833e-05
10.7021  4.03975e-05
10.7128  3.68213e-05
10.723  3.537e-05
10.7331  3.61354e-05
10.7434  3.55761e-05
10.7535  3.50047e-05
10.7637  3.58428e-05
10.7739  3.46349e-05
10.7841  3.2759e-05
10.7941  3.5153e-05
10.8045  3.46072e-05
10.8148  3.23754e-05
10.825  3.49191e-05
10.8355  3.32134e-05
10.8459  3.34473e-05
10.8562  3.34843e-05
10.8664  3.18015e-05
10.8767  3.02668e-05
10.8869  3.2358e-05
10.8971  3.17159e-05
10.9074  3.0448e-05
10.9182  3.52898e-05
10.9288  2.98622e-05
10.939  2.84388e-05
10.9491  3.12569e-05
10.9595  2.98111e-05
10.9697  2.84392e-05
10.9799  3.08822e-05
10.9905  2.90796e-05
11.0009  2.81737e-05
11.0113  2.96632e-05
11.0221  3.08918e-05
11.0329  2.69686e-05
11.0429  2.84058e-05
11.0533  2.73756e-05
11.0637  2.61102e-05
11.0736  2.7457e-05
11.0836  2.62091e-05
11.0942  2.61121e-05
11.1045  2.69061e-05
11.1149  2.63921e-05
11.125  2.51767e-05
11.1351  2.55737e-05
11.1453  2.49592e-05
11.1556  2.43359e-05
11.1656  2.44262e-05
11.1758  2.49627e-05
11.1859  2.26358e-05
11.196  2.5354e-05
11.2063  2.32969e-05
11.2166  2.30884e-05
11.2264  2.3417e-05
11.2368  2.35226e-05
11.2469  2.16679e-05
11.2572  2.38723e-05
11.2675  2.28722e-05
11.2779  2.27058e-05
11.2879  2.10915e-05
11.2984  2.27857e-05
11.3085  2.08758e-05
11.3185  2.1325e-05
11.3285  2.15803e-05
11.3391  2.11158e-05
11.3492  2.08941e-05
11.3595  2.11183e-05
11.3697  1.97299e-05
11.3799  2.07795e-05
11.3902  2.03753e-05
11.4006  1.97809e-05
11.4104  1.94191e-05
11.4208  1.99562e-05
11.4312  1.94664e-05
11.4412  1.86615e-05
11.4516  1.92838e-05
11.4617  1.84818e-05
11.4717  1.85762e-05
11.4819  1.8247e-05
11.4923  1.81485e-05
11.5024  1.89464e-05
11.5127  1.73382e-05
11.5228  1.6692e-05
11.5328  1.79155e-05
11.5429  1.74571e-05
11.5534  1.72873e-05
11.5632  1.67232e-05
11.5735  1.64273e-05
11.5836  1.7775e-05
11.5941  1.61026e-05
11.604  1.55375e-05
11.6142  1.6433e-05
11.6241  1.60268e-05
11.6343  1.63715e-05
11.6447  1.54319e-05
11.6549  1.6083e-05
11.665  1.52093e-05
11.6754  1.47888e-05
11.6852  1.55814e-05
11.6954  1.49634e-05
11.706  1.51971e-05
11.7164  1.49098e-05
11.7266  1.44422e-05
11.7367  1.5032e-05
11.7471  1.40328e-05
11.7577  1.49031e-05
11.7681  1.37707e-05
11.7782  1.4296e-05
11.7885  1.44107e-05
11.7991  1.35875e-05
11.8093  1.2735e-05
11.8194  1.37806e-05
11.83  1.34761e-05
11.84  1.26183e-05
11.8504  1.33457e-05
11.8607  1.2875e-05
11.871  1.26754e-05
11.8814  1.31928e-05
11.8921  1.27482e-05
11.9026  1.17972e-05
11.9126  1.29181e-05
11.9233  1.24984e-05
11.934  1.20927e-05
11.9441  1.1962e-05
11.9543  1.15368e-05
11.9646  1.10194e-05
11.9746  1.2094e-05
11.9851  1.07577e-05
11.9952  1.09577e-05
12.0054  1.14013e-05
12.0155  1.0512e-05
12.0259  1.09838e-05
12.0362  1.1489e-05
12.0467  1.11933e-05
12.0576  1.04894e-05
12.0678  1.06967e-05
12.0783  1.0297e-05
12.0886  1.0304e-05
12.0989  1.00854e-05
12.1092  9.7155e-06
12.1192  1.00192e-05
12.1294  9.98664e-06
12.1397  9.59595e-06
12.1503  9.63869e-06
12.1604  9.50877e-06
12.1708  9.53917e-06
12.1811  9.01686e-06
12.1914  9.17191e-06
12.2015  9.25663e-06
12.2123  9.19544e-06
12.2225  8.81574e-06
12.2327  8.95033e-06
12.2423  8.09201e-06
12.2524  8.87636e-06
12.2629  8.59103e-06
12.2735  8.339e-06
12.2835  8.01038e-06
12.2935  8.70003e-06
12.3038  8.05757e-06
12.3143  8.18254e-06
12.3244  8.02924e-06
12.3347  8.15879e-06
12.3452  7.53284e-06
12.3558  8.35307e-06
12.3664  8.17193e-06
12.3768  7.43747e-06
12.3875  8.02774e-06
12.3981  7.09683e-06
12.4083  7.53151e-06
12.4182  7.39149e-06
12.4292  7.37265e-06
12.44  7.18079e-06
12.4502  7.52079e-06
12.4604  6.34934e-06
12.4704  6.95454e-06
12.4805  6.39845e-06
12.4911  7.1071e-06
12.5012  5.89101e-06
12.5112  7.18837e-06
12.5218  6.84034e-06
12.5321  5.72373e-06
12.5424  6.77832e-06
12.5525  6.57114e-06
12.5634  5.91497e-06
12.5734  6.10102e-06
12.5837  6.1244e-06
12.5941  6.47151e-06
12.6047  6.13622e-06
12.6157  6.67771e-06
12.6266  5.32145e-06
12.6371  5.76143e-06
12.6472  6.16984e-06
12.6576  5.0669e-06
12.6677  5.90254e-06
12.6778  5.21143e-06
12.6882  5.14552e-06
12.6986  5.84475e-06
12.7091  5.28458e-06
12.7197  5.33479e-06
12.7301  5.25528e-06
12.7403  5.56e-06
12.7514  5.51768e-06
12.7623  4.72103e-06
12.772  5.01357e-06
12.783  5.11077e-06
12.7939  5.12267e-06
12.8042  4.69352e-06
12.8147  4.42699e-06
12.825  4.90395e-06
12.8351  4.69479e-06
12.8455  4.65515e-06
12.8553  4.07941e-06
12.8657  4.49421e-06
12.8764  4.50849e-06
12.8868  4.53324e-06
12.8969  4.04009e-06
12.9074  4.44968e-06
12.9181  4.56768e-06
12.9285  4.19024e-06
12.9388  3.75257e-06
12.9491  4.37628e-06
12.9597  4.35786e-06
12.9713  4.38925e-06
12.9818  3.77538e-06
12.9921  3.67151e-06
13.0025  3.81195e-06
13.0127  4.09364e-06
13.0231  3.55917e-06
13.0333  3.68872e-06
13.0435  3.57535e-06
13.0541  3.85814e-06
13.0646  3.47027e-06
13.0756  3.6507e-06
13.0869  4.0442e-06
13.098  3.50025e-06
13.1085  3.75433e-06
13.1194  3.50356e-06
13.13  3.34846e-06
13.1403  2.96508e-06
13.1514  3.23127e-06
13.1617  3.7555e-06
13.1728  3.24524e-06
13.1838  3.26147e-06
13.1945  2.95558e-06
13.2048  3.08012e-06
13.2149  3.10118e-06
13.2253  3.00681e-06
13.2358  2.94267e-06
13.2461  2.82915e-06
13.2567  2.84493e-06
13.267  2.7466e-06
13.2774  2.9351e-06
13.2878  2.59647e-06
13.2989  2.97563e-06
13.3095  2.98654e-06
13.3203  2.73347e-06
13.3313  2.60081e-06
13.341  2.57448e-06
13.3511  2.42196e-06
13.362  2.22114e-06
13.3719  2.48689e-06
13.3823  2.78523e-06
13.3925  2.41565e-06
13.4029  2.2975e-06
13.4129  2.37911e-06
13.4235  2.5272e-06
13.434  2.19344e-06
13.4452  2.42513e-06
13.4554  2.22419e-06
13.4646  1.87681e-06
13.4753  2.5401e-06
13.4871  2.46896e-06
13.4983  2.15479e-06
13.5082  2.10008e-06
13.5189  2.18723e-06
13.5294  1.88456e-06
13.5396  2.13289e-06
13.5506  1.98644e-06
13.5618  2.39434e-06
13.5732  2.16131e-06
13.584  1.95135e-06
13.5952  1.9972e-06
13.6049  1.83644e-06
13.6146  1.44673e-06
13.6253  2.097e-06
13.6357  2.06121e-06
13.6469  1.62965e-06
13.6571  1.83513e-06
13.6671  1.60268e-06
13.6778  1.71512e-06
13.6897  1.99534e-06
13.7009  2.00553e-06
13.7117  1.52497e-06
13.7215  1.57989e-06
13.7318  1.55808e-06
13.7421  1.55923e-06
13.7529  1.64635e-06
13.763  1.52135e-06
13.7743  1.70964e-06
13.7848  1.46549e-06
13.7945  1.48624e-06
13.8063  1.72694e-06
13.8171  1.41503e-06
13.8281  1.44777e-06
13.8386  1.46485e-06
13.849  1.37463e-06
13.8586  1.28263e-06
13.8693  1.28402e-06
13.8802  1.5793e-06
13.8907  1.3811e-06
13.9017  1.14047e-06
13.9115  1.23723e-06
13.9225  1.55184e-06
13.9336  1.3584e-06
13.9451  1.20223e-06
13.9551  1.03588e-06
13.966  1.29412e-06
13.9763  1.33637e-06
13.9868  1.16738e-06
13.9967  9.66077e-07
14.0066  1.09892e-06
14.0172  1.1282e-06
14.0277  1.232e-06
14.0382  1.20839e-06
14.0488  9.98147e-07
14.0599  9.99979e-07
14.0699  1.29362e-06
14.0814  9.2087e-07
14.0924  1.07511e-06
14.1026  1.17598e-06
14.1135  8.74896e-07
14.1237  9.82435e-07
14.1334  1.04429e-06
14.1444  8.76584e-07
14.1543  7.7477e-07
14.1647  9.93795e-07
14.1763  1.14653e-06
14.1877  8.21904e-07
14.1975  9.31587e-07
14.2081  9.42363e-07
14.2193  1.05011e-06
14.2305  6.51956e-07
14.2417  9.73584e-07
14.2529  9.24365e-07
14.2642  7.79879e-07
14.2744  8.59746e-07
14.2847  7.34401e-07
14.2954  8.57188e-07
14.3055  8.71581e-07
14.3167  8.00134e-07
14.3271  6.14577e-07
14.3388  8.126e-07
14.3504  7.55961e-07
14.3602  7.58808e-07
14.371  7.35709e-07
14.3823  6.76666e-07
14.3921  7.95191e-07
14.4028  6.73283e-07
14.4124  4.68893e-07
14.423  7.66083e-07
14.4326  7.13648e-07
14.4446  6.88227e-07
14.456  6.36097e-07
14.4675  6.74149e-07
14.4787  5.36932e-07
14.4886  7.29407e-07
14.4997  7.14886e-07
14.5109  6.58192e-07
14.522  4.32651e-07
14.5326  6.40166e-07
14.5436  5.2079e-07
14.5529  4.28211e-07
14.5625  6.50883e-07
14.5737  5.52088e-07
14.5844  6.34683e-07
14.5958  5.80688e-07
14.6077  5.57364e-07
14.6184  4.47321e-07
14.6296  4.23783e-07
14.6395  5.21042e-07
14.6497  5.134e-07
14.66  4.67717e-07
14.6699  5.19909e-07
14.6822  5.12285e-07
14.6931  4.31193e-07
14.7046  4.35821e-07
14.7141  5.40638e-07
14.7246  4.22768e-07
14.736  4.14431e-07
14.7465  4.57524e-07
14.7588  4.94055e-07
14.7698  4.20479e-07
14.7806  4.54856e-07
14.7915  3.85178e-07
14.803  3.42631e-07
14.8132  4.15529e-07
14.8222  3.12575e-07
14.8335  4.31696e-07
14.843  3.93203e-07
14.8561  4.55562e-07
14.8663  3.38858e-07
14.8785  2.98913e-07
14.8885  4.23558e-07
14.899  3.89771e-07
14.91  2.80475e-07
14.9193  3.06733e-07
14.9285  3.39992e-07
14.9396  3.38877e-07
14.9497  1.61458e-07
14.9608  4.42169e-07
14.972  3.15913e-07
14.9829  3.57942e-07
14.9947  3.29148e-07
15.0049  2.53076e-07
15.0156  2.60625e-07
15.0259  3.03787e-07
15.0375  3.76659e-07
15.0485  2.29229e-07
15.0601  2.91486e-07
15.0713  2.56773e-07
15.0807  3.16805e-07
15.0915  2.32109e-07
15.1031  3.06474e-07
15.1147  3.31247e-07
15.1246  1.89213e-07
15.1355  2.37099e-07
15.1471  2.62208e-07
15.1575  2.28401e-07
15.1689  2.71037e-07
15.1794  2.12289e-07
15.1893  2.32341e-07
15.2005  2.12248e-07
15.2129  2.7408e-07
15.224  2.61755e-07
15.2352  2.04817e-07
15.247  2.10999e-07
15.2573  2.43869e-07
15.2682  1.86966e-07
15.2803  1.96388e-07
15.2916  2.37118e-07
15.3017  2.04429e-07
15.3116  1.77953e-07
15.322  1.84712e-07
15.3342  1.18164e-07
15.3446  1.32088e-07
15.3547  2.3525e-07
15.3658  2.39736e-07
15.3785  1.96393e-07
15.3897  1.8043e-07
15.3999  1.90609e-07
15.4096  1.44631e-07
15.4194  1.07274e-07
15.4313  9.98168e-08
15.4416  1.88376e-07
15.4512  1.55569e-07
15.4628  1.75526e-07
15.4743  1.97536e-07
15.4858  1.34993e-07
15.496  1.00523e-07
15.5067  1.8245e-07
15.5174  1.67084e-07
15.5283  1.38278e-07
15.5403  1.47568e-07
15.551  1.28116e-07
15.564  1.03262e-07
15.5745  1.97136e-07
15.5841  1.54529e-07
15.5959  9.9765e-08
15.6072  9.56728e-08
15.6186  9.06738e-08
15.6282  1.40761e-07
15.6392  1.26882e-07
15.6512  1.3117e-07
15.6625  8.57436e-08
15.6745  1.40704e-07
15.6856  1.32673e-07
15.6964  1.68862e-07
15.7081  3.42587e-08
15.7187  9.8854e-08
15.7291  1.32132e-07
15.7384  2.67221e-08
15.7497  1.38048e-07
15.7601  1.15546e-07
15.7704  8.82814e-08
15.7797  1.00095e-07
15.7918  1.0984e-07
15.8024  6.91818e-08
15.8146  7.63957e-08
15.8259  1.06681e-07
15.8369  7.80934e-08
15.8481  1.09198e-07
15.8578  8.30647e-08
15.8702  7.3967e-08
15.8805  8.34997e-08
15.8947  6.465e-08
15.9048  1.30745e-07
15.9169  5.54342e-08
15.9278  6.7208e-08
15.9357  7.36267e-08
15.947  9.25194e-08
15.9569  4.57578e-08
15.9684  7.71718e-08
15.9789  7.97098e-08
15.9899  5.0639e-08
16.0041  5.7322e-08
16.0144  6.07825e-08
16.0255  9.37149e-08
16.0387  5.9252e-08
16.0481  7.53879e-08
16.0591  5.9917e-08
16.072  6.4212e-08
16.0836  8.56565e-08
16.0957  5.51813e-08
16.1073  6.12932e-08
16.121  5.76664e-08
16.1279  4.01246e-08
16.1414  5.05876e-08
16.1532  4.33914e-08
16.1639  7.83897e-08
16.1742  5.54076e-08
16.1856  5.8331e-08
16.194  5.11458e-08
16.2063  3.94448e-08
16.2193  5.45893e-08
16.2318  5.11478e-08
16.2406  3.72495e-08
16.2534  3.89536e-08
16.2638  6.02374e-08
16.2755  2.74117e-08
16.2877  3.30267e-08
16.298  4.14938e-08
16.3091  6.07826e-08
16.3199  4.74963e-08
16.3342  1.86319e-08
16.3418  5.03412e-08
16.3523  3.14326e-08
16.3669  6.31421e-08
16.3793  3.30017e-08
16.3869  2.30427e-08
16.399  5.54876e-08
16.413  2.82171e-08
16.4277  2.5876e-08
16.4386  4.30299e-08
16.4491  4.2119e-08
16.463  4.48262e-08
16.4776  2.60487e-08
16.4883  4.62655e-08
16.4979  2.84996e-08
16.5127  2.06787e-08
16.5241  1.16858e-08
16.5356  2.19915e-08
16.5476  4.61086e-08
16.5608  5.60661e-08
16.5726  2.57162e-08
16.5852  3.94547e-08
16.5989  2.11808e-08
16.6164  1.32721e-08
16.6278  3.47491e-08
16.6407  3.70189e-08
16.6536  1.88251e-08
16.6609  2.45314e-08
16.6726  1.91669e-08
16.686  2.24446e-08
16.6972  1.11286e-08
16.7066  1.67174e-08
16.7175  1.97995e-08
16.7284  2.84721e-08
16.7381  2.75132e-08
16.7533  1.76702e-08
16.7644  1.81455e-08
16.775  3.77928e-08
16.7839  1.2509e-08
16.8025  1.4569e-08
16.8131  1.77885e-08
16.8221  2.51514e-09
16.8341  2.47926e-08
16.843  2.88835e-08
16.857  2.30143e-08
16.8715  1.12283e-08
16.8808  1.10838e-08
16.8936  8.33288e-09
16.9037  1.75414e-08
16.9149  1.50098e-08
16.9246  1.13726e-08
16.9378  1.65811e-08
16.9495  1.0674e-08
16.9593  2.86637e-08
16.9787  1.75998e-08
16.9912  5.78712e-09
16.9954  8.78729e-09
17.0135  2.51868e-08
17.0278  1.47571e-08
17.0337  9.4778e-09
17.0493  1.13184e-08
17.0576  1.86582e-08
17.0742  4.40429e-09
17.0889  2.99618e-09
17.1001  1.55717e-08
17.115  1.7573e-08
17.1308  1.68037e-08
17.1429  1.07411e-08
17.1592  9.15665e-09
17.1703  1.85527e-08
17.1819  4.84977e-09
17.1977  6.4377e-09
17.2118  1.33806e-08
17.2256  5.45072e-09
17.2349  1.5641e-08
17.2537  1.32098e-08
17.27  9.40448e-09
17.2782  1.01507e-08
17.2906  5.78172e-09
17.3068  1.32481e-08
17.3227  5.37444e-10
17.3299  5.30112e-09
17.3419  6.30516e-09
17.3536  1.39591e-08
17.3865  1.30815e-08
17.4007  7.47959e-09
17.4109  2.69639e-09
17.4273  1.4149e-08
17.4349  2.00356e-09
17.4495  1.46673e-08
17.4696  3.83503e-09
17.4907  7.85221e-09
17.5031  4.02191e-09
17.5123  7.38609e-09
17.5295  7.30355e-09
17.5466  2.68577e-09
17.5586  6.48356e-09
17.5716  2.10178e-09
17.5822  7.24591e-09
17.5951  3.27452e-09
17.6065  3.18346e-09
17.6299  1.01487e-08
17.6446  1.06437e-08
17.6648  7.15882e-09
17.6814  2.02766e-09
17.7026  1.97249e-09
17.7146  3.37249e-09
17.7242  3.43167e-09
17.743  4.99066e-09
17.7574  5.54834e-09
17.7721  5.62297e-09
17.7963  8.69063e-10
17.8239  1.05648e-08
17.8452  6.46731e-09
17.8705  2.56906e-09
17.8899  6.42202e-09
17.9209  6.39661e-09
17.9409  2.63487e-09
17.9672  4.72221e-09
18.0014  4.16677e-09
18.0189  2.63134e-09
18.0401  6.10225e-09
18.0481  4.52107e-10
18.1016  6.19469e-09
18.1203  4.48215e-09
18.1449  2.29071e-09
18.1867  3.85865e-10
18.1996  3.79494e-10
18.2085  3.07283e-09
18.2193  2.16107e-09
18.2455  2.11302e-09
18.2577  2.90725e-09
18.2818  4.51542e-10
18.2959  2.78891e-09
18.3147  3.46171e-09
18.3754  6.15745e-10
18.3871  3.37862e-09
18.4359  2.80013e-09
18.4623  3.06105e-10
18.4728  1.177e-09
18.489  1.13889e-09
18.5  1.84083e-09
18.5347  1.74485e-09
18.5751  3.80939e-10
18.59  1.1968e-09
18.6182  1.87851e-09
18.6519  1.29625e-09
18.6892  1.04444e-09
18.7115  1.5954e-09
18.7318  3.72705e-10
18.7575  1.31401e-09
18.8219  7.2089e-10
18.837  2.11919e-10
18.8637  3.94229e-10
18.9094  1.56026e-09
18.9279  1.41572e-09
18.9647  8.28552e-10
19.006  3.47352e-10
19.0862  1.1045e-09
19.1079  6.03539e-10
19.2034  5.61542e-10
19.2336  3.43189e-10
19.3026  9.8011e-10
19.3394  1.91204e-10
19.3709  3.08268e-10
19.4771  1.84973e-10
19.5228  2.83392e-10
19.5781  7.77518e-10
19.6996  2.59118e-10
19.916  2.29935e-10
19.9528  2.6914e-10
20.1916  1.82407e-10
20.5662  1.26281e-10
