-20.3946  1.28896e-10
-20.0278  1.82136e-10
-19.788  2.70202e-10
-19.7614  2.23756e-10
-19.5491  2.61975e-10
-19.4212  7.63619e-10
-19.3716  2.89894e-10
-19.3055  1.88803e-10
-19.2191  3.14082e-10
-19.1813  1.88807e-10
-19.1548  9.38114e-10
-19.0873  3.21024e-10
-19.0544  5.39516e-10
-18.9701  3.43022e-10
-18.9418  1.36514e-09
-18.8634  3.51553e-10
-18.8142  8.37226e-10
-18.788  1.3256e-09
-18.7655  1.56906e-09
-18.6989  3.95784e-10
-18.6769  6.73776e-10
-18.6654  2.16306e-10
-18.6125  1.31681e-09
-18.5998  3.77294e-10
-18.5757  1.55202e-09
-18.5481  9.83277e-10
-18.5206  1.22282e-09
-18.4807  1.34591e-09
-18.46  3.83734e-10
-18.4463  1.55278e-09
-18.3981  1.71742e-09
-18.3653  1.84874e-09
-18.334  2.26975e-09
-18.3088  2.27967e-09
-18.2986  3.05651e-10
-18.2825  4.24628e-10
-18.2568  1.47391e-09
-18.2456  2.25931e-09
-18.2015  2.31709e-10
-18.1817  3.19369e-09
-18.1595  2.75666e-09
-18.1315  2.60795e-09
-18.1156  2.33813e-09
-18.0961  1.39273e-09
-18.0762  1.98344e-09
-18.0646  2.21422e-09
-18.0322  3.75496e-10
-18.0164  3.95838e-10
-18.0001  3.8826e-09
-17.9932  1.58183e-09
-17.9793  2.28591e-09
-17.9681  4.45493e-09
-17.9159  6.31606e-09
-17.8882  2.58516e-09
-17.8741  1.44793e-09
-17.8647  4.41947e-10
-17.8499  3.94527e-09
-17.8358  2.17438e-09
-17.8153  2.85943e-09
-17.7924  5.6954e-09
-17.7672  4.91274e-09
-17.7585  1.98213e-09
-17.7419  1.36675e-09
-17.7287  3.66891e-09
-17.7088  2.54213e-09
-17.7011  7.50243e-09
-17.6919  1.28146e-09
-17.6764  2.29831e-09
-17.6678  4.02669e-10
-17.6483  2.0671e-09
-17.6377  8.30724e-09
-17.6251  5.21007e-09
-17.601  2.7844e-09
-17.5895  3.89473e-09
-17.5758  2.14152e-09
-17.5483  6.82485e-09
-17.5255  9.16482e-09
-17.5165  5.6522e-09
-17.5072  3.98681e-09
-17.4886  5.14026e-09
-17.4694  4.58935e-09
-17.4585  6.43958e-09
-17.4378  5.78679e-09
-17.4256  4.71637e-09
-17.4108  4.65524e-09
-17.3928  9.14874e-09
-17.3865  1.65799e-09
-17.3726  4.79192e-09
-17.3584  8.19683e-09
-17.3366  1.1092e-08
-17.3176  4.30049e-09
-17.309  1.45549e-08
-17.2834  6.34553e-09
-17.2744  1.04649e-08
-17.2581  2.25177e-09
-17.2422  7.15976e-09
-17.2305  1.02272e-08
-17.2153  7.64007e-09
-17.2041  5.53589e-09
-17.187  8.41759e-09
-17.1695  4.59886e-09
-17.1585  1.89643e-08
-17.146  8.61647e-09
-17.1351  1.02158e-08
-17.1236  8.53975e-09
-17.1068  2.54339e-09
-17.0957  1.29051e-08
-17.0819  5.39483e-09
-17.0684  1.37032e-08
-17.0561  1.07573e-08
-17.0427  6.72506e-09
-17.0307  1.07293e-08
-17.0203  1.80779e-08
-17.006  1.13072e-08
-16.9867  1.97596e-08
-16.98  2.35368e-09
-16.9683  7.09875e-09
-16.9505  4.76814e-09
-16.9424  2.16854e-08
-16.9212  1.05217e-08
-16.9122  1.61276e-08
-16.9007  9.18888e-09
-16.8885  1.90431e-08
-16.876  1.33183e-08
-16.8636  9.06286e-09
-16.8535  1.93731e-08
-16.8437  5.52459e-09
-16.8305  2.45321e-08
-16.8179  1.53018e-08
-16.8034  1.17351e-08
-16.7915  2.5387e-08
-16.7711  1.25047e-08
-16.7545  2.3128e-08
-16.7425  1.53936e-08
-16.7344  2.19828e-08
-16.7249  1.50771e-08
-16.7083  1.22607e-08
-16.6995  1.64059e-08
-16.682  1.57375e-08
-16.6738  2.78974e-08
-16.6631  2.07621e-08
-16.6508  2.54716e-08
-16.6387  7.1656e-09
-16.6253  2.55731e-08
-16.6151  3.04596e-08
-16.6048  1.86372e-08
-16.5937  1.58997e-08
-16.5768  2.47172e-08
-16.565  1.57887e-08
-16.5525  2.32005e-08
-16.5425  3.5301e-08
-16.529  3.76845e-08
-16.5213  1.15176e-08
-16.5128  7.60966e-09
-16.4989  2.56219e-08
-16.487  2.60392e-08
-16.4738  1.3946e-08
-16.4626  5.60107e-08
-16.4512  2.21633e-08
-16.4389  3.7554e-08
-16.4281  1.85959e-08
-16.416  2.27118e-08
-16.4035  1.40606e-08
-16.3958  2.09779e-08
-16.3832  6.30535e-08
-16.3703  1.08646e-08
-16.3642  3.04887e-08
-16.3502  2.59529e-08
-16.3404  4.73897e-08
-16.332  2.55677e-08
-16.3168  2.52113e-08
-16.307  2.53543e-08
-16.2968  2.31576e-08
-16.2857  5.32803e-08
-16.2753  4.14252e-08
-16.2623  2.48361e-08
-16.2503  4.71164e-08
-16.2369  3.70518e-08
-16.2262  3.67262e-08
-16.2169  4.7865e-08
-16.2073  3.55002e-08
-16.1953  4.4832e-08
-16.1833  4.79944e-08
-16.1714  4.33789e-08
-16.1608  3.59202e-08
-16.1501  2.30633e-08
-16.1367  6.17899e-08
-16.125  4.56145e-08
-16.1167  3.43885e-08
-16.1044  4.20935e-08
-16.0947  3.90934e-08
-16.0817  5.78287e-08
-16.0699  7.95338e-08
-16.0621  3.50054e-08
-16.0501  5.2204e-08
-16.0387  6.24736e-08
-16.0272  3.39292e-08
-16.0148  6.29038e-08
-16.0057  4.84615e-08
-15.9934  6.74546e-08
-15.9815  7.22837e-08
-15.9692  6.04494e-08
-15.9591  6.62929e-08
-15.9475  4.8885e-08
-15.9341  6.33711e-08
-15.9246  5.59404e-08
-15.9132  8.85515e-08
-15.9007  5.47359e-08
-15.8909  7.65635e-08
-15.8808  5.90962e-08
-15.8667  4.04456e-08
-15.8556  1.09347e-07
-15.8448  6.53132e-08
-15.8345  6.02447e-08
-15.8241  7.52127e-08
-15.8128  7.39712e-08
-15.8017  9.81697e-08
-15.7889  4.7061e-08
-15.7782  1.0807e-07
-15.7652  8.05862e-08
-15.7566  7.1234e-08
-15.7458  8.26994e-08
-15.7352  7.38209e-08
-15.7261  8.3957e-08
-15.7128  8.03863e-08
-15.7019  1.10064e-07
-15.6915  5.91433e-08
-15.6804  1.31628e-07
-15.6713  6.55758e-08
-15.6589  1.05506e-07
-15.6474  1.08443e-07
-15.6392  5.92653e-08
-15.6279  1.16714e-07
-15.615  9.38544e-08
-15.6039  1.29161e-07
-15.5935  1.09231e-07
-15.5833  1.03859e-07
-15.5733  1.09491e-07
-15.5618  1.08207e-07
-15.5515  1.09324e-07
-15.5398  8.63671e-08
-15.5296  1.5076e-07
-15.5173  1.03796e-07
-15.5075  1.05175e-07
-15.4967  1.39368e-07
-15.4867  1.39063e-07
-15.4756  9.83673e-08
-15.4654  6.51561e-08
-15.454  1.03675e-07
-15.4429  2.01772e-07
-15.4325  1.91437e-07
-15.4217  9.82491e-08
-15.4105  1.47899e-07
-15.4021  1.01145e-07
-15.3908  1.54508e-07
-15.379  1.55375e-07
-15.3699  1.73398e-07
-15.3592  1.48491e-07
-15.3492  1.37106e-07
-15.336  1.39076e-07
-15.3247  1.3531e-07
-15.3143  1.77556e-07
-15.3045  1.0478e-07
-15.2941  2.27525e-07
-15.284  1.53263e-07
-15.2743  1.79666e-07
-15.2615  1.73485e-07
-15.2521  1.56732e-07
-15.2415  1.30727e-07
-15.2315  1.64155e-07
-15.2208  2.68126e-07
-15.2076  1.56164e-07
-15.1975  2.47185e-07
-15.1863  1.66676e-07
-15.1747  1.97902e-07
-15.1638  2.03317e-07
-15.1537  1.63332e-07
-15.1423  2.80099e-07
-15.1318  1.38214e-07
-15.1215  2.69037e-07
-15.1093  2.68096e-07
-15.0987  1.86208e-07
-15.0872  1.9668e-07
-15.0759  2.90842e-07
-15.0659  2.29273e-07
-15.0546  1.41991e-07
-15.0446  3.03563e-07
-15.0332  2.90992e-07
-15.0219  2.25862e-07
-15.0115  2.48425e-07
-15.002  2.14913e-07
-14.9908  3.25921e-07
-14.98  2.25923e-07
-14.9697  2.2877e-07
-14.9583  3.16272e-07
-14.9499  2.27419e-07
-14.9401  2.27588e-07
-14.9291  3.112e-07
-14.9177  3.05405e-07
-14.9073  2.78835e-07
-14.8964  3.2914e-07
-14.8859  2.66937e-07
-14.8749  3.59792e-07
-14.8644  2.68397e-07
-14.8544  2.53979e-07
-14.8428  2.71508e-07
-14.8326  4.44209e-07
-14.8222  3.33392e-07
-14.8106  3.47e-07
-14.7999  3.29284e-07
-14.7905  2.72617e-07
-14.7792  3.54864e-07
-14.7689  3.115e-07
-14.7579  4.44607e-07
-14.7471  4.57789e-07
-14.7362  3.1004e-07
-14.727  3.05716e-07
-14.7154  5.05259e-07
-14.704  3.79606e-07
-14.6931  2.98976e-07
-14.6833  3.81641e-07
-14.6734  3.39338e-07
-14.6625  4.26969e-07
-14.653  4.98457e-07
-14.6418  4.56368e-07
-14.6307  3.61371e-07
-14.6206  3.84465e-07
-14.6094  4.62845e-07
-14.5989  4.66572e-07
-14.5886  5.62851e-07
-14.5784  4.36076e-07
-14.5671  4.32632e-07
-14.5575  4.54211e-07
-14.546  4.57914e-07
-14.5359  5.75835e-07
-14.5249  4.2126e-07
-14.5139  4.24566e-07
-14.5039  7.08136e-07
-14.4925  4.6935e-07
-14.4822  4.73593e-07
-14.4722  5.5429e-07
-14.4615  4.91687e-07
-14.4506  5.82003e-07
-14.4399  5.29895e-07
-14.4296  6.57558e-07
-14.4189  4.96763e-07
-14.4087  6.94333e-07
-14.3977  5.57865e-07
-14.3877  6.04539e-07
-14.3778  5.63702e-07
-14.367  4.60089e-07
-14.3562  7.00231e-07
-14.3476  6.33504e-07
-14.3367  6.61433e-07
-14.3254  7.74446e-07
-14.3142  5.75094e-07
-14.3039  5.19553e-07
-14.2938  7.97977e-07
-14.2832  6.4809e-07
-14.2723  8.18911e-07
-14.2619  7.23005e-07
-14.2517  6.93525e-07
-14.241  6.79784e-07
-14.2304  7.7868e-07
-14.2204  6.90573e-07
-14.2094  6.48181e-07
-14.2003  8.41566e-07
-14.1894  8.57559e-07
-14.1779  7.72577e-07
-14.1684  9.41418e-07
-14.1559  6.72593e-07
-14.1459  8.72728e-07
-14.1355  8.60661e-07
-14.1245  8.71155e-07
-14.1144  8.64337e-07
-14.1051  7.90053e-07
-14.0947  8.30017e-07
-14.0844  8.52849e-07
-14.0736  9.91503e-07
-14.0627  8.93211e-07
-14.0523  1.0661e-06
-14.0413  9.00288e-07
-14.0303  9.04679e-07
-14.0199  1.20193e-06
-14.0095  8.69956e-07
-13.9983  9.65408e-07
-13.9875  1.11297e-06
-13.9778  1.05888e-06
-13.967  1.0296e-06
-13.9566  1.05753e-06
-13.946  1.13425e-06
-13.9356  1.00006e-06
-13.9256  1.07935e-06
-13.9152  1.06306e-06
-13.9039  1.38816e-06
-13.8944  1.05015e-06
-13.8831  1.1552e-06
-13.8717  1.32733e-06
-13.8619  1.26588e-06
-13.8512  1.05972e-06
-13.841  1.21348e-06
-13.8303  1.12569e-06
-13.8199  1.21807e-06
-13.8092  1.51229e-06
-13.7989  1.34359e-06
-13.7879  1.25186e-06
-13.7775  1.49661e-06
-13.7665  1.16528e-06
-13.7557  1.58417e-06
-13.7454  1.48845e-06
-13.7354  1.18204e-06
-13.7253  1.30555e-06
-13.7151  1.59848e-06
-13.7043  1.44568e-06
-13.6939  1.53199e-06
-13.684  1.3669e-06
-13.673  1.34264e-06
-13.6623  1.83275e-06
-13.6517  1.71402e-06
-13.6409  1.61453e-06
-13.6302  1.48333e-06
-13.6208  1.55137e-06
-13.6097  1.76304e-06
-13.5984  1.75211e-06
-13.5887  1.61461e-06
-13.578  1.76025e-06
-13.5671  1.89666e-06
-13.557  1.69554e-06
-13.5463  1.66301e-06
-13.5355  2.07819e-06
-13.5255  1.51861e-06
-13.5151  1.78212e-06
-13.5046  2.03737e-06
-13.4937  2.09505e-06
-13.483  2.05311e-06
-13.4727  1.95546e-06
-13.4622  1.65782e-06
-13.4519  2.05305e-06
-13.4418  2.03955e-06
-13.4315  1.97121e-06
-13.4208  2.02603e-06
-13.4109  2.3947e-06
-13.4  2.0866e-06
-13.3899  2.10788e-06
-13.3794  2.19024e-06
-13.3686  2.10688e-06
-13.3582  2.33073e-06
-13.3474  2.30612e-06
-13.3373  2.40075e-06
-13.3265  2.49295e-06
-13.3166  2.16177e-06
-13.3048  2.64042e-06
-13.2944  2.65154e-06
-13.284  2.28949e-06
-13.2739  2.28907e-06
-13.2635  2.5498e-06
-13.2531  2.58812e-06
-13.2426  2.6436e-06
-13.2323  2.74157e-06
-13.2211  2.72827e-06
-13.2099  2.91443e-06
-13.1998  2.67335e-06
-13.1887  2.70666e-06
-13.1785  2.7684e-06
-13.1682  2.98848e-06
-13.1576  2.80298e-06
-13.1468  2.99086e-06
-13.1365  2.76611e-06
-13.126  2.96129e-06
-13.1156  3.17968e-06
-13.1053  2.94431e-06
-13.0954  2.92395e-06
-13.0846  3.76665e-06
-13.0739  2.95247e-06
-13.0634  2.74452e-06
-13.053  3.55803e-06
-13.0427  3.27165e-06
-13.0314  3.5743e-06
-13.0213  3.25905e-06
-13.0107  3.42877e-06
-13.0005  3.34414e-06
-12.9902  3.43867e-06
-12.9796  3.43169e-06
-12.9693  3.69589e-06
-12.9591  3.70928e-06
-12.9487  3.52068e-06
-12.938  3.56172e-06
-12.9283  3.90531e-06
-12.9178  3.63715e-06
-12.9074  3.81823e-06
-12.8971  3.86812e-06
-12.8867  3.46719e-06
-12.8763  4.39105e-06
-12.866  4.03187e-06
-12.8552  4.07658e-06
-12.845  4.33995e-06
-12.8344  4.08019e-06
-12.8239  3.75404e-06
-12.8141  4.82809e-06
-12.8038  4.25031e-06
-12.7932  4.19228e-06
-12.7822  4.56638e-06
-12.7725  4.02792e-06
-12.7623  4.61912e-06
-12.7516  4.85599e-06
-12.7418  4.38655e-06
-12.7311  4.25711e-06
-12.7209  5.08745e-06
-12.7109  4.57037e-06
-12.7  5.06896e-06
-12.6898  5.01797e-06
-12.6794  4.52441e-06
-12.6687  4.95313e-06
-12.6589  5.58613e-06
-12.6484  4.49139e-06
-12.6384  5.25016e-06
-12.6278  5.84424e-06
-12.6177  4.65695e-06
-12.6075  5.47154e-06
-12.5972  5.47591e-06
-12.5872  4.92692e-06
-12.577  5.37152e-06
-12.5663  6.16928e-06
-12.5561  5.4861e-06
-12.546  5.85845e-06
-12.5359  5.44346e-06
-12.5253  5.55034e-06
-12.5151  6.05156e-06
-12.505  6.19321e-06
-12.4949  5.80098e-06
-12.4848  5.97882e-06
-12.4744  6.6816e-06
-12.4634  5.94947e-06
-12.4533  6.39738e-06
-12.4431  7.02194e-06
-12.4326  6.17353e-06
-12.4225  6.21283e-06
-12.4123  6.38585e-06
-12.4019  6.78974e-06
-12.3917  7.41581e-06
-12.3812  6.414e-06
-12.3709  6.57242e-06
-12.3609  7.08111e-06
-12.3508  7.08446e-06
-12.3403  7.11406e-06
-12.33  7.14994e-06
-12.3199  7.07922e-06
-12.3098  7.31871e-06
-12.2997  7.53714e-06
-12.2893  7.63449e-06
-12.2787  7.54284e-06
-12.2691  7.45303e-06
-12.2589  7.71833e-06
-12.2485  7.74828e-06
-12.238  9.32326e-06
-12.2274  7.47554e-06
-12.2169  7.993e-06
-12.2068  8.20728e-06
-12.1965  8.11871e-06
-12.1862  8.97617e-06
-12.1758  8.355e-06
-12.1657  8.31456e-06
-12.1554  9.10218e-06
-12.145  8.97559e-06
-12.1344  8.77637e-06
-12.1245  8.59247e-06
-12.1146  9.16285e-06
-12.1039  8.94541e-06
-12.0936  8.93874e-06
-12.0836  9.53283e-06
-12.0734  9.48835e-06
-12.0631  9.50023e-06
-12.0533  8.97695e-06
-12.0427  1.00714e-05
-12.0318  1.11323e-05
-12.0214  9.82143e-06
-12.0111  1.00527e-05
-12.0007  1.01129e-05
-11.9907  9.69081e-06
-11.9807  1.01366e-05
-11.9703  1.11381e-05
-11.9602  1.03501e-05
-11.9496  1.12023e-05
-11.9391  1.11858e-05
-11.9288  1.0139e-05
-11.9186  1.13471e-05
-11.9084  1.15045e-05
-11.8983  1.08716e-05
-11.8876  1.0796e-05
-11.878  1.19109e-05
-11.8676  1.17379e-05
-11.8573  1.14768e-05
-11.8473  1.23466e-05
-11.8371  1.13e-05
-11.8268  1.22309e-05
-11.8166  1.23935e-05
-11.8066  1.19359e-05
-11.7961  1.29479e-05
-11.7853  1.45058e-05
-11.7744  1.16724e-05
-11.7643  1.3355e-05
-11.7543  1.31959e-05
-11.7442  1.22006e-05
-11.7336  1.36577e-05
-11.7236  1.3422e-05
-11.7132  1.34354e-05
-11.7032  1.41961e-05
-11.6931  1.35021e-05
-11.6828  1.31336e-05
-11.6727  1.46948e-05
-11.6624  1.4557e-05
-11.6525  1.41601e-05
-11.642  1.49889e-05
-11.6317  1.42918e-05
-11.6216  1.43038e-05
-11.6112  1.6135e-05
-11.6011  1.46355e-05
-11.591  1.48504e-05
-11.5806  1.60217e-05
-11.5707  1.46347e-05
-11.5604  1.60127e-05
-11.5502  1.64622e-05
-11.5401  1.56183e-05
-11.53  1.54707e-05
-11.5198  1.66529e-05
-11.5097  1.64106e-05
-11.4995  1.71034e-05
-11.4893  1.63656e-05
-11.479  1.6953e-05
-11.4689  1.66142e-05
-11.4587  1.87034e-05
-11.4485  1.67842e-05
-11.4385  1.64208e-05
-11.4285  1.85743e-05
-11.4182  1.76808e-05
-11.4079  1.82654e-05
-11.3977  1.91236e-05
-11.3873  1.87428e-05
-11.3769  1.93538e-05
-11.3662  1.91762e-05
-11.3559  1.91827e-05
-11.3457  1.90962e-05
-11.336  2.00542e-05
-11.3254  1.90802e-05
-11.3152  1.94698e-05
-11.305  2.18055e-05
-11.295  1.86626e-05
-11.2847  2.0774e-05
-11.2746  2.06609e-05
-11.2643  2.11584e-05
-11.2542  1.99488e-05
-11.2441  2.21669e-05
-11.2338  2.13276e-05
-11.2236  2.11648e-05
-11.2136  2.17406e-05
-11.2033  2.23816e-05
-11.1931  2.17262e-05
-11.1831  2.36868e-05
-11.1728  2.14742e-05
-11.1627  2.28875e-05
-11.1525  2.38926e-05
-11.1423  2.20951e-05
-11.132  2.41767e-05
-11.1219  2.44173e-05
-11.1116  2.29324e-05
-11.1016  2.39582e-05
-11.0914  2.48296e-05
-11.0813  2.41837e-05
-11.0711  2.50377e-05
-11.0611  2.48073e-05
-11.0508  2.49845e-05
-11.0406  2.58269e-05
-11.0306  2.60812e-05
-11.0204  2.56444e-05
-11.01  2.68475e-05
-11.0001  2.5969e-05
-10.9898  2.57789e-05
-10.9798  2.75301e-05
-10.9696  2.8382e-05
-10.9592  2.58457e-05
-10.9492  2.77445e-05
-10.9392  2.80826e-05
-10.9291  2.73793e-05
-10.919  2.9019e-05
-10.909  2.78992e-05
-10.8985  2.88778e-05
-10.8884  2.95752e-05
-10.8786  2.86823e-05
-10.8683  2.99565e-05
-10.8575  3.37481e-05
-10.8472  2.97909e-05
-10.8367  3.02819e-05
-10.8267  3.08932e-05
-10.8166  3.1831e-05
-10.8059  3.24466e-05
-10.7952  3.39317e-05
-10.785  3.02191e-05
-10.7749  3.24919e-05
-10.7648  3.43894e-05
-10.7547  3.05962e-05
-10.7446  3.30825e-05
-10.7343  3.4043e-05
-10.7242  3.33333e-05
-10.7141  3.27901e-05
-10.704  3.69415e-05
-10.6938  3.31298e-05
-10.6836  3.38978e-05
-10.6736  3.50088e-05
-10.6635  3.61743e-05
-10.6533  3.50222e-05
-10.6431  3.87748e-05
-10.6324  3.69387e-05
-10.6217  3.85313e-05
-10.6112  4.10614e-05
-10.6007  3.66752e-05
-10.5903  3.71995e-05
-10.5804  3.86859e-05
-10.5701  3.7822e-05
-10.5595  4.20394e-05
-10.5491  4.06094e-05
-10.5384  4.09903e-05
-10.5277  4.05796e-05
-10.5178  3.99342e-05
-10.5074  4.16235e-05
-10.4972  4.02673e-05
-10.4873  4.20087e-05
-10.4772  3.91604e-05
-10.4669  4.20547e-05
-10.457  4.36642e-05
-10.4467  4.16432e-05
-10.4367  4.20554e-05
-10.4266  4.43272e-05
-10.4158  4.65404e-05
-10.4051  4.5835e-05
-10.3951  4.49028e-05
-10.385  4.15313e-05
-10.3749  4.6964e-05
-10.3647  4.59133e-05
-10.3545  4.46805e-05
-10.3443  4.68378e-05
-10.3345  4.78488e-05
-10.3241  4.47339e-05
-10.3139  4.78649e-05
-10.3039  4.8407e-05
-10.2937  4.79525e-05
-10.2831  5.2243e-05
-10.2727  5.01557e-05
-10.2623  4.73699e-05
-10.2523  5.18459e-05
-10.2422  4.96592e-05
-10.2321  5.03256e-05
-10.2218  5.02596e-05
-10.2121  5.27318e-05
-10.2016  5.02396e-05
-10.1915  5.34919e-05
-10.181  5.8306e-05
-10.1704  5.20042e-05
-10.1601  5.32347e-05
-10.1503  5.49858e-05
-10.1398  5.35316e-05
-10.1299  5.49825e-05
-10.12  5.46555e-05
-10.1096  5.55571e-05
-10.0995  5.74188e-05
-10.0894  5.67099e-05
-10.0792  5.55936e-05
-10.0692  5.9522e-05
-10.0586  6.16426e-05
-10.0479  5.8316e-05
-10.0373  6.61358e-05
-10.0268  5.83692e-05
-10.0167  5.93535e-05
-10.0065  6.24728e-05
-9.99651  5.72293e-05
-9.98584  6.90437e-05
-9.97514  6.43486e-05
-9.96501  5.96125e-05
-9.95488  6.28653e-05
-9.94482  6.45159e-05
-9.93473  6.09064e-05
-9.92465  6.68501e-05
-9.91449  6.69811e-05
-9.90416  6.15598e-05
-9.89423  6.5997e-05
-9.88412  6.84161e-05
-9.87394  6.46735e-05
-9.8639  6.903e-05
-9.85383  6.5981e-05
-9.8438  6.74362e-05
-9.83359  6.97347e-05
-9.82348  7.04079e-05
-9.81333  6.82751e-05
-9.80331  7.09588e-05
-9.79335  7.0691e-05
-9.78306  6.94763e-05
-9.77296  7.37494e-05
-9.763  7.28215e-05
-9.75289  6.92286e-05
-9.7428  7.59249e-05
-9.73255  7.55523e-05
-9.72192  7.96405e-05
-9.71136  7.77469e-05
-9.70126  7.49634e-05
-9.69096  7.84208e-05
-9.68029  8.41827e-05
-9.66991  7.66282e-05
-9.65966  7.74275e-05
-9.6492  8.76399e-05
-9.63859  7.82796e-05
-9.62854  7.80198e-05
-9.61836  8.23683e-05
-9.60851  8.07547e-05
-9.59809  8.17429e-05
-9.58814  8.31406e-05
-9.57798  8.09139e-05
-9.56799  8.34957e-05
-9.55784  8.388e-05
-9.54795  8.57864e-05
-9.53765  8.40735e-05
-9.5277  8.61474e-05
-9.51757  8.61609e-05
-9.50754  8.64005e-05
-9.49741  8.89819e-05
-9.48744  8.81657e-05
-9.47719  8.67513e-05
-9.46708  9.3005e-05
-9.45715  8.81722e-05
-9.44686  9.19381e-05
-9.43639  9.91495e-05
-9.42581  9.52867e-05
-9.41502  9.88357e-05
-9.40454  9.50194e-05
-9.39454  9.51653e-05
-9.38436  9.41256e-05
-9.37428  9.4673e-05
-9.3643  9.64149e-05
-9.35411  9.56356e-05
-9.34402  0.000101168
-9.33405  9.56604e-05
-9.32372  9.96556e-05
-9.31368  0.000102194
-9.30358  0.00010045
-9.29332  9.9309e-05
-9.28325  0.000104227
-9.27319  0.000101422
-9.26301  0.000101969
-9.25296  0.000105767
-9.24279  0.000105886
-9.23265  0.000104503
-9.2226  0.00010572
-9.21262  0.000106374
-9.20229  0.000107806
-9.19224  0.000111849
-9.1823  0.00010377
-9.17205  0.000112077
-9.162  0.000110504
-9.15187  0.000112023
-9.14161  0.000112782
-9.13099  0.000126081
-9.12052  0.000109566
-9.11039  0.000115946
-9.10031  0.000115557
-9.0902  0.000113783
-9.08018  0.000118293
-9.06993  0.000121534
-9.05944  0.000122945
-9.04894  0.000121021
-9.03876  0.000123337
-9.02866  0.000116209
-9.01863  0.000124908
-9.00849  0.000121684
-8.99842  0.000118829
-8.98827  0.000128286
-8.97813  0.000124862
-8.96808  0.000123315
-8.95799  0.000128509
-8.94785  0.000126212
-8.93775  0.000124738
-8.92773  0.000132357
-8.91754  0.000131085
-8.90749  0.0001267
-8.89742  0.000132836
-8.88727  0.00013263
-8.87716  0.000131543
-8.86715  0.000135559
-8.85707  0.000134252
-8.84692  0.000132938
-8.83674  0.000141139
-8.82659  0.000137028
-8.81653  0.000136183
-8.80647  0.000141296
-8.7963  0.000139875
-8.7862  0.000138821
-8.77613  0.000144202
-8.76608  0.000139695
-8.75602  0.000145805
-8.74584  0.000144203
-8.73576  0.000143403
-8.7256  0.000148762
-8.71552  0.000149987
-8.70535  0.000146072
-8.69526  0.000148716
-8.68504  0.000152122
-8.67507  0.000148719
-8.66492  0.000152424
-8.65432  0.000169788
-8.64364  0.000151661
-8.6336  0.000156782
-8.6234  0.000156476
-8.61333  0.000153775
-8.60318  0.000163636
-8.59301  0.000158698
-8.58241  0.000168226
-8.57191  0.000164417
-8.56191  0.000160122
-8.55174  0.00016357
-8.54169  0.000160247
-8.53153  0.000169057
-8.52153  0.000160458
-8.51138  0.000169724
-8.50133  0.000166564
-8.4911  0.000169122
-8.48112  0.000168094
-8.47102  0.000171523
-8.46057  0.000181732
-8.44994  0.00017914
-8.43996  0.000170901
-8.42966  0.00017558
-8.41923  0.00018838
-8.40862  0.000184649
-8.39839  0.000173413
-8.38833  0.000178151
-8.37842  0.000182974
-8.36807  0.000180503
-8.35746  0.000200522
-8.34702  0.000182111
-8.33687  0.000184341
-8.32662  0.000187522
-8.31674  0.000182264
-8.30651  0.000187802
-8.29644  0.000192773
-8.28644  0.00018475
-8.27625  0.000193461
-8.26552  0.000213837
-8.25511  0.000189847
-8.24497  0.000190183
-8.23488  0.000202036
-8.22483  0.000191664
-8.2148  0.000195888
-8.20449  0.000203351
-8.19453  0.000198549
-8.18436  0.000197127
-8.1743  0.000210232
-8.1642  0.000194813
-8.15419  0.000202775
-8.14397  0.000213366
-8.13405  0.000199625
-8.12398  0.000202712
-8.11384  0.000221966
-8.10316  0.000221925
-8.09267  0.000209121
-8.08248  0.000219042
-8.07244  0.000212648
-8.06223  0.000211259
-8.05212  0.000225331
-8.04164  0.000222225
-8.03123  0.000221119
-8.02108  0.000226669
-8.01097  0.000216163
-8.00079  0.000219081
-7.99076  0.000232403
-7.98061  0.000212062
-7.97059  0.000231799
-7.96044  0.000229249
-7.9504  0.000222511
-7.94026  0.000227821
-7.93022  0.000236847
-7.92014  0.000224132
-7.91005  0.000235213
-7.89997  0.000237475
-7.88986  0.000231525
-7.87968  0.000237731
-7.86958  0.000240779
-7.85968  0.000232389
-7.84944  0.000242529
-7.83943  0.000243326
-7.82921  0.000237692
-7.81869  0.000269795
-7.80813  0.000248579
-7.79802  0.000243222
-7.78719  0.000275945
-7.77673  0.000247588
-7.76655  0.000249362
-7.7566  0.000249182
-7.74639  0.000257808
-7.73636  0.000247782
-7.72616  0.000256698
-7.71616  0.000261572
-7.706  0.000248676
-7.69604  0.000260957
-7.68592  0.000262158
-7.67591  0.000252675
-7.66577  0.000266957
-7.65567  0.000270474
-7.64563  0.000251371
-7.63511  0.000298676
-7.62446  0.0002679
-7.61436  0.000269043
-7.6042  0.000269414
-7.59419  0.000275575
-7.58406  0.00026515
-7.57394  0.000279235
-7.56388  0.000277866
-7.55372  0.000273962
-7.54368  0.00027245
-7.53359  0.000294236
-7.5234  0.000266035
-7.51336  0.000287167
-7.50339  0.000283365
-7.49328  0.000280034
-7.4832  0.000285546
-7.47315  0.00029446
-7.46304  0.000277994
-7.45302  0.000292305
-7.44301  0.000294585
-7.43284  0.000288233
-7.42276  0.000293174
-7.41226  0.000329144
-7.40161  0.000293468
-7.39145  0.000297727
-7.3815  0.000307151
-7.37121  0.000293707
-7.36116  0.0003046
-7.3511  0.000311236
-7.34093  0.00029783
-7.33087  0.000305202
-7.32104  0.000310545
-7.31077  0.000303475
-7.30073  0.000312997
-7.29068  0.00031719
-7.28056  0.000307468
-7.27048  0.000313301
-7.26051  0.000325307
-7.25023  0.000310466
-7.24021  0.000319752
-7.23025  0.000324511
-7.22011  0.000317937
-7.20991  0.000324892
-7.19996  0.000331728
-7.18973  0.00031466
-7.17974  0.000336307
-7.1697  0.000330064
-7.15952  0.000324477
-7.14952  0.000330451
-7.13949  0.000344446
-7.12924  0.000326279
-7.11921  0.000338776
-7.10928  0.000337328
-7.09913  0.000339637
-7.08895  0.000341991
-7.07837  0.000384909
-7.06719  0.000373021
-7.05656  0.000355716
-7.04613  0.000365932
-7.03558  0.000349952
-7.02547  0.00036092
-7.01538  0.000345724
-7.00531  0.000349777
-6.99514  0.000366991
-6.9851  0.00034755
-6.97503  0.000359387
-6.96486  0.000367891
-6.95472  0.000357501
-6.94475  0.000359629
-6.93455  0.00036963
-6.92461  0.000359241
-6.91447  0.000367958
-6.90438  0.000379245
-6.89424  0.000361923
-6.88418  0.000372567
-6.87364  0.000408921
-6.86323  0.000371932
-6.85295  0.000381846
-6.84299  0.000375696
-6.83293  0.000374075
-6.8228  0.000391224
-6.81267  0.000376623
-6.80264  0.000389465
-6.79248  0.000383732
-6.78241  0.000389801
-6.77237  0.000385059
-6.76207  0.000403223
-6.75211  0.000384793
-6.74203  0.000394797
-6.73173  0.000403359
-6.72166  0.000394433
-6.71172  0.000393461
-6.7015  0.000404786
-6.69151  0.000399839
-6.68143  0.000395442
-6.67128  0.000416946
-6.66119  0.000395941
-6.65124  0.000408025
-6.64101  0.000414675
-6.63101  0.00040371
-6.62096  0.000411626
-6.61075  0.000419402
-6.60073  0.000413326
-6.59078  0.000407425
-6.5805  0.000426444
-6.57054  0.000416403
-6.56055  0.00041555
-6.55033  0.000433824
-6.54034  0.000412094
-6.53033  0.000425211
-6.52009  0.000438527
-6.50954  0.000463326
-6.499  0.000428449
-6.48884  0.000443595
-6.47881  0.000421709
-6.46879  0.000439243
-6.45859  0.000433451
-6.44863  0.000441515
-6.43855  0.00043657
-6.42832  0.000450695
-6.41827  0.000436936
-6.40774  0.000484155
-6.39717  0.000449939
-6.38715  0.000447216
-6.377  0.000443502
-6.36698  0.000460417
-6.35685  0.000446781
-6.34677  0.000452356
-6.33673  0.00045606
-6.32668  0.000459909
-6.31654  0.000455221
-6.30647  0.000465354
-6.29638  0.00045897
-6.28629  0.000464056
-6.27626  0.000463023
-6.26614  0.00047613
-6.25598  0.000455536
-6.24596  0.000481006
-6.23594  0.000464619
-6.22575  0.000473729
-6.21577  0.000478676
-6.2056  0.00047549
-6.19553  0.000472097
-6.18553  0.000483581
-6.17547  0.000481208
-6.16462  0.000541503
-6.15415  0.000475388
-6.14403  0.000492839
-6.1339  0.000486357
-6.12337  0.000533466
-6.11286  0.000497492
-6.10258  0.000487518
-6.09267  0.000496678
-6.08249  0.000496907
-6.07237  0.000493173
-6.06234  0.000507136
-6.05217  0.00050148
-6.04191  0.000499075
-6.03208  0.000502448
-6.02189  0.000505137
-6.0118  0.000505526
-6.0018  0.000504288
-5.99172  0.000513183
-5.98157  0.000505149
-5.97117  0.000561671
-5.96056  0.000511146
-5.95044  0.000515993
-5.94046  0.00051698
-5.93037  0.000517999
-5.92023  0.000512854
-5.9103  0.000529907
-5.90014  0.00051687
-5.89007  0.000521016
-5.88014  0.000527411
-5.86993  0.000530641
-5.8598  0.00052853
-5.8498  0.000534494
-5.83962  0.000529501
-5.82952  0.000535311
-5.81902  0.000588226
-5.80839  0.000537621
-5.79827  0.000534405
-5.78831  0.000545404
-5.77819  0.00053395
-5.76804  0.000547219
-5.75809  0.000545238
-5.74797  0.00053888
-5.73789  0.000549885
-5.7279  0.000550717
-5.71778  0.00054107
-5.70771  0.000557878
-5.69782  0.000545392
-5.68762  0.00056059
-5.67755  0.000550881
-5.66747  0.000569822
-5.65733  0.00055203
-5.64722  0.000565318
-5.63721  0.000565762
-5.62711  0.000552243
-5.61704  0.000567873
-5.60705  0.000570607
-5.59693  0.000561817
-5.58685  0.00056776
-5.57686  0.000580238
-5.56659  0.000567931
-5.55654  0.000579035
-5.54653  0.0005699
-5.53644  0.000574478
-5.52638  0.000577714
-5.51584  0.000644084
-5.50516  0.000570706
-5.4947  0.00064198
-5.4841  0.000592442
-5.47393  0.000580519
-5.46384  0.000587196
-5.4538  0.000599792
-5.4435  0.000583435
-5.43309  0.000653739
-5.42255  0.000582398
-5.41241  0.000597248
-5.40197  0.000648235
-5.39148  0.000594346
-5.38127  0.000599169
-5.37083  0.000660157
-5.36029  0.000590186
-5.35019  0.000608011
-5.34015  0.000602456
-5.33009  0.000609664
-5.31988  0.000606522
-5.30987  0.000610518
-5.29983  0.000603423
-5.28965  0.000611207
-5.27969  0.000621061
-5.26953  0.000607363
-5.2594  0.000612691
-5.24938  0.000630434
-5.23921  0.000608677
-5.22907  0.000621245
-5.21916  0.000617466
-5.20903  0.000622152
-5.19893  0.000617037
-5.1889  0.000629322
-5.17887  0.000617114
-5.16879  0.00062311
-5.15882  0.000630846
-5.14869  0.000629138
-5.13852  0.000625521
-5.12864  0.000632939
-5.11851  0.000633163
-5.10831  0.000633299
-5.09839  0.000634914
-5.0883  0.000632461
-5.07816  0.0006379
-5.06815  0.000644243
-5.05803  0.000638346
-5.04791  0.000641304
-5.03794  0.000636814
-5.02785  0.000650586
-5.0177  0.000640962
-5.00769  0.000651888
-4.99758  0.000645175
-4.98736  0.000656792
-4.97678  0.000724375
-4.96612  0.000645056
-4.95599  0.000653472
-4.94592  0.000670851
-4.93586  0.00062999
-4.92582  0.000665427
-4.91575  0.000658596
-4.90571  0.000646388
-4.89568  0.000663484
-4.88559  0.000659192
-4.87559  0.000651626
-4.86549  0.000672313
-4.85534  0.000672315
-4.84529  0.000649162
-4.83521  0.000668642
-4.82512  0.000684581
-4.81502  0.000648826
-4.80494  0.000677587
-4.79476  0.000688098
-4.78473  0.00064612
-4.7747  0.000683956
-4.76456  0.000678068
-4.75447  0.000664921
-4.74444  0.000683025
-4.73434  0.000679701
-4.72427  0.00066523
-4.71419  0.000684165
-4.7041  0.000691738
-4.69406  0.000659941
-4.68402  0.000685549
-4.67398  0.000688618
-4.6639  0.000673641
-4.65381  0.000686862
-4.64373  0.000700015
-4.63364  0.000665873
-4.62356  0.000700253
-4.61351  0.000689355
-4.60339  0.000682808
-4.59328  0.000697523
-4.58322  0.000697308
-4.57318  0.000674061
-4.56312  0.000696931
-4.55314  0.000698917
-4.54299  0.000687403
-4.53293  0.000697563
-4.52281  0.000714303
-4.51269  0.00068217
-4.50258  0.000700987
-4.49266  0.000706247
-4.48249  0.000687756
-4.47243  0.000708709
-4.46231  0.000715687
-4.4522  0.000684148
-4.4421  0.000713672
-4.43202  0.00072192
-4.42178  0.000694066
-4.4117  0.000711205
-4.4017  0.000712634
-4.39159  0.000694042
-4.38151  0.000712953
-4.37148  0.0007212
-4.36135  0.000692497
-4.35131  0.000716589
-4.34126  0.00072
-4.3311  0.000704607
-4.32104  0.000712032
-4.31101  0.000732635
-4.30078  0.000697961
-4.29069  0.00072777
-4.28024  0.000781407
-4.26962  0.000713452
-4.25948  0.000724408
-4.24949  0.000718124
-4.23939  0.000708988
-4.22923  0.000737681
-4.21919  0.000716143
-4.20906  0.00071348
-4.19897  0.000733613
-4.18889  0.000722998
-4.17883  0.000706349
-4.16872  0.000741881
-4.15871  0.00072246
-4.14856  0.000712418
-4.13859  0.000724964
-4.12853  0.00073649
-4.11838  0.000719986
-4.10822  0.00073725
-4.09818  0.000732005
-4.08804  0.000713633
-4.07802  0.00074409
-4.06787  0.000729714
-4.05779  0.000721577
-4.04771  0.000739221
-4.03764  0.000734293
-4.02751  0.00071936
-4.01751  0.000739421
-4.00743  0.000734145
-3.99735  0.000720997
-3.98732  0.000737758
-3.97726  0.000740937
-3.96711  0.000722501
-3.95712  0.000743524
-3.94699  0.000738169
-3.9369  0.000727342
-3.9269  0.000734697
-3.91683  0.000743889
-3.90675  0.000720827
-3.89672  0.000750447
-3.88662  0.000737238
-3.87654  0.000725006
-3.86648  0.000755589
-3.8563  0.000746229
-3.84622  0.000720815
-3.8362  0.000752536
-3.8261  0.000741656
-3.81598  0.000731449
-3.80594  0.000749418
-3.79585  0.000741258
-3.78577  0.000736734
-3.77568  0.000746809
-3.76561  0.000744514
-3.75498  0.00080971
-3.74442  0.0007547
-3.73432  0.000740464
-3.72418  0.000741784
-3.71408  0.000750144
-3.70409  0.000738371
-3.69394  0.000748432
-3.68376  0.000756558
-3.67371  0.00073564
-3.66368  0.000740772
-3.65355  0.000756382
-3.64347  0.0007423
-3.63338  0.000743462
-3.6232  0.000763165
-3.61312  0.000734562
-3.60309  0.000744042
-3.593  0.00075082
-3.58298  0.00074124
-3.57292  0.000740898
-3.56281  0.00075725
-3.55274  0.000743264
-3.54262  0.000750491
-3.53249  0.000752578
-3.52243  0.000744241
-3.51239  0.00073931
-3.50229  0.000759617
-3.49218  0.000743023
-3.48217  0.000740208
-3.47207  0.000755977
-3.46202  0.000742089
-3.45191  0.00075187
-3.44174  0.000758845
-3.43167  0.000740552
-3.42158  0.00075348
-3.41138  0.00076044
-3.40128  0.000742921
-3.39119  0.000750852
-3.38058  0.000825282
-3.37008  0.000734427
-3.35963  0.000819502
-3.34903  0.000751019
-3.33891  0.000746911
-3.32884  0.000752684
-3.31869  0.000752842
-3.30863  0.000743389
-3.29852  0.000753157
-3.28839  0.000750656
-3.27837  0.000738421
-3.26831  0.00075405
-3.25776  0.000808011
-3.24683  0.000811332
-3.23634  0.000753777
-3.22621  0.000743793
-3.21613  0.000745392
-3.20607  0.000755764
-3.19588  0.000749681
-3.18575  0.000748536
-3.1757  0.000745965
-3.16558  0.000753078
-3.15549  0.000739217
-3.14543  0.000751053
-3.13528  0.000748659
-3.12525  0.000736119
-3.11523  0.000753349
-3.10515  0.000735582
-3.0951  0.000739636
-3.08509  0.0007553
-3.07497  0.00073331
-3.06495  0.000745206
-3.05486  0.00074739
-3.04481  0.000741887
-3.03473  0.000738075
-3.02465  0.00075415
-3.01452  0.000737358
-3.00449  0.000745738
-2.99431  0.000750709
-2.98423  0.000738289
-2.97419  0.000734504
-2.96414  0.000755244
-2.95397  0.000737136
-2.9439  0.000740005
-2.93385  0.000744072
-2.92376  0.000739596
-2.91364  0.000740727
-2.90361  0.000736337
-2.89354  0.000744522
-2.88342  0.000733517
-2.87338  0.000745734
-2.86328  0.00073327
-2.85322  0.000739794
-2.84316  0.000733844
-2.83308  0.000744652
-2.82288  0.000739281
-2.81284  0.000736721
-2.80277  0.000733694
-2.79268  0.00073539
-2.78263  0.000738316
-2.77257  0.000730423
-2.76247  0.000734114
-2.75245  0.000733459
-2.74234  0.00073736
-2.7322  0.000736426
-2.72212  0.000733263
-2.71203  0.00073365
-2.70192  0.000731715
-2.69183  0.000738228
-2.68171  0.000732547
-2.67157  0.000728425
-2.66158  0.000730664
-2.65148  0.000727416
-2.64141  0.000724446
-2.6314  0.000731698
-2.62137  0.000721256
-2.6112  0.000735
-2.60123  0.000717931
-2.59117  0.000726019
-2.58106  0.000732554
-2.57098  0.000722613
-2.56094  0.000725175
-2.5508  0.00071812
-2.54087  0.000728564
-2.53075  0.000715322
-2.52072  0.000722305
-2.51076  0.000713872
-2.50068  0.000731366
-2.49047  0.000718255
-2.48046  0.000730112
-2.47029  0.000714593
-2.46013  0.000735252
-2.45006  0.000712817
-2.43998  0.000719911
-2.42984  0.000715314
-2.41985  0.000723676
-2.40978  0.000704434
-2.39962  0.000729394
-2.38961  0.000708922
-2.37945  0.000725875
-2.36926  0.00071445
-2.35922  0.0007187
-2.34913  0.000707253
-2.33897  0.000720474
-2.32894  0.000713761
-2.31877  0.000710378
-2.3087  0.000711493
-2.29866  0.000709381
-2.28868  0.000697291
-2.27853  0.000717638
-2.26849  0.000714158
-2.25837  0.000694662
-2.24836  0.000710726
-2.23831  0.000702716
-2.22826  0.000706065
-2.2181  0.000705806
-2.20812  0.000702579
-2.19805  0.000698025
-2.18795  0.000710811
-2.17783  0.000702008
-2.1678  0.000698847
-2.1577  0.000696026
-2.14772  0.00070713
-2.13756  0.000692746
-2.12748  0.000706694
-2.11737  0.00070093
-2.10732  0.000690847
-2.09718  0.00070469
-2.0871  0.000697911
-2.07705  0.000684975
-2.067  0.00069987
-2.05694  0.000690338
-2.04693  0.000688293
-2.03681  0.000699231
-2.02672  0.000691312
-2.01667  0.00068825
-2.00653  0.000696451
-1.99648  0.000690548
-1.98639  0.000683605
-1.97632  0.00069133
-1.96622  0.000693807
-1.95613  0.000681847
-1.94598  0.000695613
-1.93585  0.000695561
-1.92562  0.000683898
-1.91558  0.000684809
-1.90548  0.000687881
-1.8954  0.000677867
-1.88529  0.000687647
-1.8752  0.000683886
-1.86512  0.000675038
-1.85505  0.00068003
-1.8446  0.000739942
-1.83402  0.000678108
-1.82387  0.000684394
-1.8138  0.000681387
-1.80368  0.000666433
-1.79364  0.000682638
-1.78359  0.000670047
-1.7735  0.000673112
-1.76347  0.000669657
-1.75294  0.000741318
-1.74231  0.000670406
-1.73227  0.000671574
-1.72223  0.000668256
-1.71214  0.000666956
-1.70204  0.000671864
-1.69201  0.000672792
-1.68188  0.000656989
-1.67136  0.000739904
-1.66089  0.000652412
-1.65076  0.000672392
-1.64067  0.000666182
-1.63061  0.000662278
-1.62054  0.000659398
-1.61039  0.000674986
-1.60032  0.000655305
-1.59024  0.000657186
-1.58013  0.000676297
-1.57002  0.00064737
-1.56001  0.000659427
-1.54986  0.000662988
-1.53987  0.000654775
-1.5297  0.000656207
-1.5196  0.000664627
-1.50955  0.000648362
-1.49942  0.000660111
-1.48928  0.000661158
-1.47918  0.000650687
-1.46907  0.000651765
-1.45902  0.000652838
-1.44902  0.000645366
-1.4389  0.000650863
-1.42878  0.000661254
-1.41868  0.000639736
-1.40869  0.000646552
-1.3985  0.00065798
-1.38847  0.000641968
-1.37837  0.000640672
-1.36834  0.00065321
-1.35825  0.000638954
-1.34817  0.000646574
-1.33803  0.000651631
-1.32795  0.000636065
-1.31786  0.000642104
-1.30782  0.000648307
-1.29768  0.00063787
-1.28762  0.000635489
-1.27757  0.000643721
-1.26749  0.000637884
-1.25742  0.000634153
-1.24693  0.000695423
-1.23638  0.000641433
-1.22623  0.000631514
-1.2162  0.000644023
-1.20602  0.000635907
-1.19593  0.000631608
-1.18588  0.000636124
-1.17579  0.000632993
-1.16564  0.000633884
-1.15567  0.000627496
-1.14554  0.000634905
-1.13546  0.000625405
-1.1254  0.000634903
-1.11528  0.000630889
-1.10519  0.000624973
-1.09515  0.000631218
-1.085  0.000630706
-1.07494  0.000617932
-1.06495  0.00063046
-1.05481  0.000626605
-1.04427  0.000677428
-1.0338  0.00062717
-1.02369  0.000622227
-1.01355  0.000627328
-1.00353  0.000621222
-0.993378  0.000627418
-0.983212  0.000624032
-0.973191  0.00061533
-0.962725  0.000673908
-0.952137  0.000626052
-0.942018  0.000621428
-0.932003  0.000608172
-0.921983  0.00061807
-0.911905  0.000624517
-0.901755  0.000612679
-0.891694  0.000620103
-0.881582  0.000621071
-0.871485  0.000610298
-0.861336  0.000623187
-0.851261  0.00061679
-0.841115  0.000612031
-0.83102  0.000619691
-0.820895  0.00061593
-0.810829  0.000605307
-0.800749  0.000616404
-0.790685  0.000611988
-0.780597  0.000609694
-0.770482  0.000612744
-0.760443  0.000609249
-0.750396  0.000604967
-0.740277  0.00061535
-0.730166  0.000612144
-0.720152  0.000596603
-0.710039  0.000619286
-0.699901  0.000610353
-0.689835  0.000597133
-0.679843  0.000609083
-0.669703  0.00061205
-0.659615  0.00059953
-0.649581  0.000605748
-0.63955  0.000603485
-0.629434  0.000607219
-0.619369  0.000599407
-0.609346  0.000606146
-0.59931  0.000595023
-0.589215  0.000609597
-0.57914  0.000601158
-0.569123  0.000597233
-0.558985  0.000608257
-0.548887  0.000605129
-0.538776  0.000598064
-0.528694  0.000606805
-0.518529  0.000603294
-0.508487  0.000597139
-0.498298  0.000612804
-0.488169  0.000596196
-0.478151  0.000593484
-0.468063  0.000608366
-0.457856  0.000604467
-0.447806  0.000590518
-0.437764  0.00060087
-0.427653  0.000600319
-0.417603  0.000592491
-0.407519  0.000601296
-0.396961  0.000655123
-0.386352  0.00059516
-0.376346  0.00059598
-0.36628  0.000594466
-0.356196  0.000597611
-0.34608  0.000600233
-0.336008  0.000592302
-0.32592  0.000597015
-0.315863  0.00059503
-0.30571  0.000601036
-0.295642  0.000593022
-0.285527  0.000596526
-0.27546  0.00059433
-0.265386  0.000593142
-0.255321  0.000595236
-0.245227  0.000596659
-0.23513  0.000587054
-0.225138  0.000598605
-0.214989  0.000594166
-0.204427  0.000648195
-0.193954  0.000588622
-0.183924  0.000591228
-0.17383  0.000596774
-0.16374  0.000590999
-0.15369  0.000591936
-0.143603  0.000595346
-0.133519  0.0005894
-0.123562  0.000585169
-0.113473  0.000598331
-0.103412  0.000585349
-0.0934505  0.000590304
-0.0833041  0.000595549
-0.0732285  0.000594661
-0.0631147  0.000592239
-0.0529833  0.000598116
-0.0428926  0.000589664
-0.032836  0.000592227
-0.0227266  0.00059362
-0.0127068  0.000586448
-0.0038429  0.000453074
0.0038429  0.000453074
0.0127068  0.000586448
0.0227266  0.00059362
0.032836  0.000592227
0.0428926  0.000589664
0.0529833  0.000598116
0.0631147  0.000592239
0.0732285  0.000594661
0.0833041  0.000595549
0.0934505  0.000590304
0.103412  0.000585349
0.113473  0.000598331
0.123562  0.000585169
0.133519  0.0005894
0.143603  0.000595346
0.15369  0.000591936
0.16374  0.000590999
0.17383  0.000596774
0.183924  0.000591228
0.193954  0.000588622
0.204427  0.000648195
0.214989  0.000594166
0.225138  0.000598605
0.23513  0.000587054
0.245227  0.000596659
0.255321  0.000595236
0.265386  0.000593142
0.27546  0.00059433
0.285527  0.000596526
0.295642  0.000593022
0.30571  0.000601036
0.315863  0.00059503
0.32592  0.000597015
0.336008  0.000592302
0.34608  0.000600233
0.356196  0.000597611
0.36628  0.000594466
0.376346  0.00059598
0.386352  0.00059516
0.396961  0.000655123
0.407519  0.000601296
0.417603  0.000592491
0.427653  0.000600319
0.437764  0.00060087
0.447806  0.000590518
0.457856  0.000604467
0.468063  0.000608366
0.478151  0.000593484
0.488169  0.000596196
0.498298  0.000612804
0.508487  0.000597139
0.518529  0.000603294
0.528694  0.000606805
0.538776  0.000598064
0.548887  0.000605129
0.558985  0.000608257
0.569123  0.000597233
0.57914  0.000601158
0.589215  0.000609597
0.59931  0.000595023
0.609346  0.000606146
0.619369  0.000599407
0.629434  0.000607219
0.63955  0.000603485
0.649581  0.000605748
0.659615  0.00059953
0.669703  0.00061205
0.679843  0.000609083
0.689835  0.000597133
0.699901  0.000610353
0.710039  0.000619286
0.720152  0.000596603
0.730166  0.000612144
0.740277  0.00061535
0.750396  0.000604967
0.760443  0.000609249
0.770482  0.000612744
0.780597  0.000609694
0.790685  0.000611988
0.800749  0.000616404
0.810829  0.000605307
0.820895  0.00061593
0.83102  0.000619691
0.841115  0.000612031
0.851261  0.00061679
0.861336  0.000623187
0.871485  0.000610298
0.881582  0.000621071
0.891694  0.000620103
0.901755  0.000612679
0.911905  0.000624517
0.921983  0.00061807
0.932003  0.000608172
0.942018  0.000621428
0.952137  0.000626052
0.962725  0.000673908
0.973191  0.00061533
0.983212  0.000624032
0.993378  0.000627418
1.00353  0.000621222
1.01355  0.000627328
1.02369  0.000622227
1.0338  0.00062717
1.04427  0.000677428
1.05481  0.000626605
1.06495  0.00063046
1.07494  0.000617932
1.085  0.000630706
1.09515  0.000631218
1.10519  0.000624973
1.11528  0.000630889
1.1254  0.000634903
1.13546  0.000625405
1.14554  0.000634905
1.15567  0.000627496
1.16564  0.000633884
1.17579  0.000632993
1.18588  0.000636124
1.19593  0.000631608
1.20602  0.000635907
1.2162  0.000644023
1.22623  0.000631514
1.23638  0.000641433
1.24693  0.000695423
1.25742  0.000634153
1.26749  0.000637884
1.27757  0.000643721
1.28762  0.000635489
1.29768  0.00063787
1.30782  0.000648307
1.31786  0.000642104
1.32795  0.000636065
1.33803  0.000651631
1.34817  0.000646574
1.35825  0.000638954
1.36834  0.00065321
1.37837  0.000640672
1.38847  0.000641968
1.3985  0.00065798
1.40869  0.000646552
1.41868  0.000639736
1.42878  0.000661254
1.4389  0.000650863
1.44902  0.000645366
1.45902  0.000652838
1.46907  0.000651765
1.47918  0.000650687
1.48928  0.000661158
1.49942  0.000660111
1.50955  0.000648362
1.5196  0.000664627
1.5297  0.000656207
1.53987  0.000654775
1.54986  0.000662988
1.56001  0.000659427
1.57002  0.00064737
1.58013  0.000676297
1.59024  0.000657186
1.60032  0.000655305
1.61039  0.000674986
1.62054  0.000659398
1.63061  0.000662278
1.64067  0.000666182
1.65076  0.000672392
1.66089  0.000652412
1.67136  0.000739904
1.68188  0.000656989
1.69201  0.000672792
1.70204  0.000671864
1.71214  0.000666956
1.72223  0.000668256
1.73227  0.000671574
1.74231  0.000670406
1.75294  0.000741318
1.76347  0.000669657
1.7735  0.000673112
1.78359  0.000670047
1.79364  0.000682638
1.80368  0.000666433
1.8138  0.000681387
1.82387  0.000684394
1.83402  0.000678108
1.8446  0.000739942
1.85505  0.00068003
1.86512  0.000675038
1.8752  0.000683886
1.88529  0.000687647
1.8954  0.000677867
1.90548  0.000687881
1.91558  0.000684809
1.92562  0.000683898
1.93585  0.000695561
1.94598  0.000695613
1.95613  0.000681847
1.96622  0.000693807
1.97632  0.00069133
1.98639  0.000683605
1.99648  0.000690548
2.00653  0.000696451
2.01667  0.00068825
2.02672  0.000691312
2.03681  0.000699231
2.04693  0.000688293
2.05694  0.000690338
2.067  0.00069987
2.07705  0.000684975
2.0871  0.000697911
2.09718  0.00070469
2.10732  0.000690847
2.11737  0.00070093
2.12748  0.000706694
2.13756  0.000692746
2.14772  0.00070713
2.1577  0.000696026
2.1678  0.000698847
2.17783  0.000702008
2.18795  0.000710811
2.19805  0.000698025
2.20812  0.000702579
2.2181  0.000705806
2.22826  0.000706065
2.23831  0.000702716
2.24836  0.000710726
2.25837  0.000694662
2.26849  0.000714158
2.27853  0.000717638
2.28868  0.000697291
2.29866  0.000709381
2.3087  0.000711493
2.31877  0.000710378
2.32894  0.000713761
2.33897  0.000720474
2.34913  0.000707253
2.35922  0.0007187
2.36926  0.00071445
2.37945  0.000725875
2.38961  0.000708922
2.39962  0.000729394
2.40978  0.000704434
2.41985  0.000723676
2.42984  0.000715314
2.43998  0.000719911
2.45006  0.000712817
2.46013  0.000735252
2.47029  0.000714593
2.48046  0.000730112
2.49047  0.000718255
2.50068  0.000731366
2.51076  0.000713872
2.52072  0.000722305
2.53075  0.000715322
2.54087  0.000728564
2.5508  0.00071812
2.56094  0.000725175
2.57098  0.000722613
2.58106  0.000732554
2.59117  0.000726019
2.60123  0.000717931
2.6112  0.000735
2.62137  0.000721256
2.6314  0.000731698
2.64141  0.000724446
2.65148  0.000727416
2.66158  0.000730664
2.67157  0.000728425
2.68171  0.000732547
2.69183  0.000738228
2.70192  0.000731715
2.71203  0.00073365
2.72212  0.000733263
2.7322  0.000736426
2.74234  0.00073736
2.75245  0.000733459
2.76247  0.000734114
2.77257  0.000730423
2.78263  0.000738316
2.79268  0.00073539
2.80277  0.000733694
2.81284  0.000736721
2.82288  0.000739281
2.83308  0.000744652
2.84316  0.000733844
2.85322  0.000739794
2.86328  0.00073327
2.87338  0.000745734
2.88342  0.000733517
2.89354  0.000744522
2.90361  0.000736337
2.91364  0.000740727
2.92376  0.000739596
2.93385  0.000744072
2.9439  0.000740005
2.95397  0.000737136
2.96414  0.000755244
2.97419  0.000734504
2.98423  0.000738289
2.99431  0.000750709
3.00449  0.000745738
3.01452  0.000737358
3.02465  0.00075415
3.03473  0.000738075
3.04481  0.000741887
3.05486  0.00074739
3.06495  0.000745206
3.07497  0.00073331
3.08509  0.0007553
3.0951  0.000739636
3.10515  0.000735582
3.11523  0.000753349
3.12525  0.000736119
3.13528  0.000748659
3.14543  0.000751053
3.15549  0.000739217
3.16558  0.000753078
3.1757  0.000745965
3.18575  0.000748536
3.19588  0.000749681
3.20607  0.000755764
3.21613  0.000745392
3.22621  0.000743793
3.23634  0.000753777
3.24683  0.000811332
3.25776  0.000808011
3.26831  0.00075405
3.27837  0.000738421
3.28839  0.000750656
3.29852  0.000753157
3.30863  0.000743389
3.31869  0.000752842
3.32884  0.000752684
3.33891  0.000746911
3.34903  0.000751019
3.35963  0.000819502
3.37008  0.000734427
3.38058  0.000825282
3.39119  0.000750852
3.40128  0.000742921
3.41138  0.00076044
3.42158  0.00075348
3.43167  0.000740552
3.44174  0.000758845
3.45191  0.00075187
3.46202  0.000742089
3.47207  0.000755977
3.48217  0.000740208
3.49218  0.000743023
3.50229  0.000759617
3.51239  0.00073931
3.52243  0.000744241
3.53249  0.000752578
3.54262  0.000750491
3.55274  0.000743264
3.56281  0.00075725
3.57292  0.000740898
3.58298  0.00074124
3.593  0.00075082
3.60309  0.000744042
3.61312  0.000734562
3.6232  0.000763165
3.63338  0.000743462
3.64347  0.0007423
3.65355  0.000756382
3.66368  0.000740772
3.67371  0.00073564
3.68376  0.000756558
3.69394  0.000748432
3.70409  0.000738371
3.71408  0.000750144
3.72418  0.000741784
3.73432  0.000740464
3.74442  0.0007547
3.75498  0.00080971
3.76561  0.000744514
3.77568  0.000746809
3.78577  0.000736734
3.79585  0.000741258
3.80594  0.000749418
3.81598  0.000731449
3.8261  0.000741656
3.8362  0.000752536
3.84622  0.000720815
3.8563  0.000746229
3.86648  0.000755589
3.87654  0.000725006
3.88662  0.000737238
3.89672  0.000750447
3.90675  0.000720827
3.91683  0.000743889
3.9269  0.000734697
3.9369  0.000727342
3.94699  0.000738169
3.95712  0.000743524
3.96711  0.000722501
3.97726  0.000740937
3.98732  0.000737758
3.99735  0.000720997
4.00743  0.000734145
4.01751  0.000739421
4.02751  0.00071936
4.03764  0.000734293
4.04771  0.000739221
4.05779  0.000721577
4.06787  0.000729714
4.07802  0.00074409
4.08804  0.000713633
4.09818  0.000732005
4.10822  0.00073725
4.11838  0.000719986
4.12853  0.00073649
4.13859  0.000724964
4.14856  0.000712418
4.15871  0.00072246
4.16872  0.000741881
4.17883  0.000706349
4.18889  0.000722998
4.19897  0.000733613
4.20906  0.00071348
4.21919  0.000716143
4.22923  0.000737681
4.23939  0.000708988
4.24949  0.000718124
4.25948  0.000724408
4.26962  0.000713452
4.28024  0.000781407
4.29069  0.00072777
4.30078  0.000697961
4.31101  0.000732635
4.32104  0.000712032
4.3311  0.000704607
4.34126  0.00072
4.35131  0.000716589
4.36135  0.000692497
4.37148  0.0007212
4.38151  0.000712953
4.39159  0.000694042
4.4017  0.000712634
4.4117  0.000711205
4.42178  0.000694066
4.43202  0.00072192
4.4421  0.000713672
4.4522  0.000684148
4.46231  0.000715687
4.47243  0.000708709
4.48249  0.000687756
4.49266  0.000706247
4.50258  0.000700987
4.51269  0.00068217
4.52281  0.000714303
4.53293  0.000697563
4.54299  0.000687403
4.55314  0.000698917
4.56312  0.000696931
4.57318  0.000674061
4.58322  0.000697308
4.59328  0.000697523
4.60339  0.000682808
4.61351  0.000689355
4.62356  0.000700253
4.63364  0.000665873
4.64373  0.000700015
4.65381  0.000686862
4.6639  0.000673641
4.67398  0.000688618
4.68402  0.000685549
4.69406  0.000659941
4.7041  0.000691738
4.71419  0.000684165
4.72427  0.00066523
4.73434  0.000679701
4.74444  0.000683025
4.75447  0.000664921
4.76456  0.000678068
4.7747  0.000683956
4.78473  0.00064612
4.79476  0.000688098
4.80494  0.000677587
4.81502  0.000648826
4.82512  0.000684581
4.83521  0.000668642
4.84529  0.000649162
4.85534  0.000672315
4.86549  0.000672313
4.87559  0.000651626
4.88559  0.000659192
4.89568  0.000663484
4.90571  0.000646388
4.91575  0.000658596
4.92582  0.000665427
4.93586  0.00062999
4.94592  0.000670851
4.95599  0.000653472
4.96612  0.000645056
4.97678  0.000724375
4.98736  0.000656792
4.99758  0.000645175
5.00769  0.000651888
5.0177  0.000640962
5.02785  0.000650586
5.03794  0.000636814
5.04791  0.000641304
5.05803  0.000638346
5.06815  0.000644243
5.07816  0.0006379
5.0883  0.000632461
5.09839  0.000634914
5.10831  0.000633299
5.11851  0.000633163
5.12864  0.000632939
5.13852  0.000625521
5.14869  0.000629138
5.15882  0.000630846
5.16879  0.00062311
5.17887  0.000617114
5.1889  0.000629322
5.19893  0.000617037
5.20903  0.000622152
5.21916  0.000617466
5.22907  0.000621245
5.23921  0.000608677
5.24938  0.000630434
5.2594  0.000612691
5.26953  0.000607363
5.27969  0.000621061
5.28965  0.000611207
5.29983  0.000603423
5.30987  0.000610518
5.31988  0.000606522
5.33009  0.000609664
5.34015  0.000602456
5.35019  0.000608011
5.36029  0.000590186
5.37083  0.000660157
5.38127  0.000599169
5.39148  0.000594346
5.40197  0.000648235
5.41241  0.000597248
5.42255  0.000582398
5.43309  0.000653739
5.4435  0.000583435
5.4538  0.000599792
5.46384  0.000587196
5.47393  0.000580519
5.4841  0.000592442
5.4947  0.00064198
5.50516  0.000570706
5.51584  0.000644084
5.52638  0.000577714
5.53644  0.000574478
5.54653  0.0005699
5.55654  0.000579035
5.56659  0.000567931
5.57686  0.000580238
5.58685  0.00056776
5.59693  0.000561817
5.60705  0.000570607
5.61704  0.000567873
5.62711  0.000552243
5.63721  0.000565762
5.64722  0.000565318
5.65733  0.00055203
5.66747  0.000569822
5.67755  0.000550881
5.68762  0.00056059
5.69782  0.000545392
5.70771  0.000557878
5.71778  0.00054107
5.7279  0.000550717
5.73789  0.000549885
5.74797  0.00053888
5.75809  0.000545238
5.76804  0.000547219
5.77819  0.00053395
5.78831  0.000545404
5.79827  0.000534405
5.80839  0.000537621
5.81902  0.000588226
5.82952  0.000535311
5.83962  0.000529501
5.8498  0.000534494
5.8598  0.00052853
5.86993  0.000530641
5.88014  0.000527411
5.89007  0.000521016
5.90014  0.00051687
5.9103  0.000529907
5.92023  0.000512854
5.93037  0.000517999
5.94046  0.00051698
5.95044  0.000515993
5.96056  0.000511146
5.97117  0.000561671
5.98157  0.000505149
5.99172  0.000513183
6.0018  0.000504288
6.0118  0.000505526
6.02189  0.000505137
6.03208  0.000502448
6.04191  0.000499075
6.05217  0.00050148
6.06234  0.000507136
6.07237  0.000493173
6.08249  0.000496907
6.09267  0.000496678
6.10258  0.000487518
6.11286  0.000497492
6.12337  0.000533466
6.1339  0.000486357
6.14403  0.000492839
6.15415  0.000475388
6.16462  0.000541503
6.17547  0.000481208
6.18553  0.000483581
6.19553  0.000472097
6.2056  0.00047549
6.21577  0.000478676
6.22575  0.000473729
6.23594  0.000464619
6.24596  0.000481006
6.25598  0.000455536
6.26614  0.00047613
6.27626  0.000463023
6.28629  0.000464056
6.29638  0.00045897
6.30647  0.000465354
6.31654  0.000455221
6.32668  0.000459909
6.33673  0.00045606
6.34677  0.000452356
6.35685  0.000446781
6.36698  0.000460417
6.377  0.000443502
6.38715  0.000447216
6.39717  0.000449939
6.40774  0.000484155
6.41827  0.000436936
6.42832  0.000450695
6.43855  0.00043657
6.44863  0.000441515
6.45859  0.000433451
6.46879  0.000439243
6.47881  0.000421709
6.48884  0.000443595
6.499  0.000428449
6.50954  0.000463326
6.52009  0.000438527
6.53033  0.000425211
6.54034  0.000412094
6.55033  0.000433824
6.56055  0.00041555
6.57054  0.000416403
6.5805  0.000426444
6.59078  0.000407425
6.60073  0.000413326
6.61075  0.000419402
6.62096  0.000411626
6.63101  0.00040371
6.64101  0.000414675
6.65124  0.000408025
6.66119  0.000395941
6.67128  0.000416946
6.68143  0.000395442
6.69151  0.000399839
6.7015  0.000404786
6.71172  0.000393461
6.72166  0.000394433
6.73173  0.000403359
6.74203  0.000394797
6.75211  0.000384793
6.76207  0.000403223
6.77237  0.000385059
6.78241  0.000389801
6.79248  0.000383732
6.80264  0.000389465
6.81267  0.000376623
6.8228  0.000391224
6.83293  0.000374075
6.84299  0.000375696
6.85295  0.000381846
6.86323  0.000371932
6.87364  0.000408921
6.88418  0.000372567
6.89424  0.000361923
6.90438  0.000379245
6.91447  0.000367958
6.92461  0.000359241
6.93455  0.00036963
6.94475  0.000359629
6.95472  0.000357501
6.96486  0.000367891
6.97503  0.000359387
6.9851  0.00034755
6.99514  0.000366991
7.00531  0.000349777
7.01538  0.000345724
7.02547  0.00036092
7.03558  0.000349952
7.04613  0.000365932
7.05656  0.000355716
7.06719  0.000373021
7.07837  0.000384909
7.08895  0.000341991
7.09913  0.000339637
7.10928  0.000337328
7.11921  0.000338776
7.12924  0.000326279
7.13949  0.000344446
7.14952  0.000330451
7.15952  0.000324477
7.1697  0.000330064
7.17974  0.000336307
7.18973  0.00031466
7.19996  0.000331728
7.20991  0.000324892
7.22011  0.000317937
7.23025  0.000324511
7.24021  0.000319752
7.25023  0.000310466
7.26051  0.000325307
7.27048  0.000313301
7.28056  0.000307468
7.29068  0.00031719
7.30073  0.000312997
7.31077  0.000303475
7.32104  0.000310545
7.33087  0.000305202
7.34093  0.00029783
7.3511  0.000311236
7.36116  0.0003046
7.37121  0.000293707
7.3815  0.000307151
7.39145  0.000297727
7.40161  0.000293468
7.41226  0.000329144
7.42276  0.000293174
7.43284  0.000288233
7.44301  0.000294585
7.45302  0.000292305
7.46304  0.000277994
7.47315  0.00029446
7.4832  0.000285546
7.49328  0.000280034
7.50339  0.000283365
7.51336  0.000287167
7.5234  0.000266035
7.53359  0.000294236
7.54368  0.00027245
7.55372  0.000273962
7.56388  0.000277866
7.57394  0.000279235
7.58406  0.00026515
7.59419  0.000275575
7.6042  0.000269414
7.61436  0.000269043
7.62446  0.0002679
7.63511  0.000298676
7.64563  0.000251371
7.65567  0.000270474
7.66577  0.000266957
7.67591  0.000252675
7.68592  0.000262158
7.69604  0.000260957
7.706  0.000248676
7.71616  0.000261572
7.72616  0.000256698
7.73636  0.000247782
7.74639  0.000257808
7.7566  0.000249182
7.76655  0.000249362
7.77673  0.000247588
7.78719  0.000275945
7.79802  0.000243222
7.80813  0.000248579
7.81869  0.000269795
7.82921  0.000237692
7.83943  0.000243326
7.84944  0.000242529
7.85968  0.000232389
7.86958  0.000240779
7.87968  0.000237731
7.88986  0.000231525
7.89997  0.000237475
7.91005  0.000235213
7.92014  0.000224132
7.93022  0.000236847
7.94026  0.000227821
7.9504  0.000222511
7.96044  0.000229249
7.97059  0.000231799
7.98061  0.000212062
7.99076  0.000232403
8.00079  0.000219081
8.01097  0.000216163
8.02108  0.000226669
8.03123  0.000221119
8.04164  0.000222225
8.05212  0.000225331
8.06223  0.000211259
8.07244  0.000212648
8.08248  0.000219042
8.09267  0.000209121
8.10316  0.000221925
8.11384  0.000221966
8.12398  0.000202712
8.13405  0.000199625
8.14397  0.000213366
8.15419  0.000202775
8.1642  0.000194813
8.1743  0.000210232
8.18436  0.000197127
8.19453  0.000198549
8.20449  0.000203351
8.2148  0.000195888
8.22483  0.000191664
8.23488  0.000202036
8.24497  0.000190183
8.25511  0.000189847
8.26552  0.000213837
8.27625  0.000193461
8.28644  0.00018475
8.29644  0.000192773
8.30651  0.000187802
8.31674  0.000182264
8.32662  0.000187522
8.33687  0.000184341
8.34702  0.000182111
8.35746  0.000200522
8.36807  0.000180503
8.37842  0.000182974
8.38833  0.000178151
8.39839  0.000173413
8.40862  0.000184649
8.41923  0.00018838
8.42966  0.00017558
8.43996  0.000170901
8.44994  0.00017914
8.46057  0.000181732
8.47102  0.000171523
8.48112  0.000168094
8.4911  0.000169122
8.50133  0.000166564
8.51138  0.000169724
8.52153  0.000160458
8.53153  0.000169057
8.54169  0.000160247
8.55174  0.00016357
8.56191  0.000160122
8.57191  0.000164417
8.58241  0.000168226
8.59301  0.000158698
8.60318  0.000163636
8.61333  0.000153775
8.6234  0.000156476
8.6336  0.000156782
8.64364  0.000151661
8.65432  0.000169788
8.66492  0.000152424
8.67507  0.000148719
8.68504  0.000152122
8.69526  0.000148716
8.70535  0.000146072
8.71552  0.000149987
8.7256  0.000148762
8.73576  0.000143403
8.74584  0.000144203
8.75602  0.000145805
8.76608  0.000139695
8.77613  0.000144202
8.7862  0.000138821
8.7963  0.000139875
8.80647  0.000141296
8.81653  0.000136183
8.82659  0.000137028
8.83674  0.000141139
8.84692  0.000132938
8.85707  0.000134252
8.86715  0.000135559
8.87716  0.000131543
8.88727  0.00013263
8.89742  0.000132836
8.90749  0.0001267
8.91754  0.000131085
8.92773  0.000132357
8.93775  0.000124738
8.94785  0.000126212
8.95799  0.000128509
8.96808  0.000123315
8.97813  0.000124862
8.98827  0.000128286
8.99842  0.000118829
9.00849  0.000121684
9.01863  0.000124908
9.02866  0.000116209
9.03876  0.000123337
9.04894  0.000121021
9.05944  0.000122945
9.06993  0.000121534
9.08018  0.000118293
9.0902  0.000113783
9.10031  0.000115557
9.11039  0.000115946
9.12052  0.000109566
9.13099  0.000126081
9.14161  0.000112782
9.15187  0.000112023
9.162  0.000110504
9.17205  0.000112077
9.1823  0.00010377
9.19224  0.000111849
9.20229  0.000107806
9.21262  0.000106374
9.2226  0.00010572
9.23265  0.000104503
9.24279  0.000105886
9.25296  0.000105767
9.26301  0.000101969
9.27319  0.000101422
9.28325  0.000104227
9.29332  9.9309e-05
9.30358  0.00010045
9.31368  0.000102194
9.32372  9.96556e-05
9.33405  9.56604e-05
9.34402  0.000101168
9.35411  9.56356e-05
9.3643  9.64149e-05
9.37428  9.4673e-05
9.38436  9.41256e-05
9.39454  9.51653e-05
9.40454  9.50194e-05
9.41502  9.88357e-05
9.42581  9.52867e-05
9.43639  9.91495e-05
9.44686  9.19381e-05
9.45715  8.81722e-05
9.46708  9.3005e-05
9.47719  8.67513e-05
9.48744  8.81657e-05
9.49741  8.89819e-05
9.50754  8.64005e-05
9.51757  8.61609e-05
9.5277  8.61474e-05
9.53765  8.40735e-05
9.54795  8.57864e-05
9.55784  8.388e-05
9.56799  8.34957e-05
9.57798  8.09139e-05
9.58814  8.31406e-05
9.59809  8.17429e-05
9.60851  8.07547e-05
9.61836  8.23683e-05
9.62854  7.80198e-05
9.63859  7.82796e-05
9.6492  8.76399e-05
9.65966  7.74275e-05
9.66991  7.66282e-05
9.68029  8.41827e-05
9.69096  7.84208e-05
9.70126  7.49634e-05
9.71136  7.77469e-05
9.72192  7.96405e-05
9.73255  7.55523e-05
9.7428  7.59249e-05
9.75289  6.92286e-05
9.763  7.28215e-05
9.77296  7.37494e-05
9.78306  6.94763e-05
9.79335  7.0691e-05
9.80331  7.09588e-05
9.81333  6.82751e-05
9.82348  7.04079e-05
9.83359  6.97347e-05
9.8438  6.74362e-05
9.85383  6.5981e-05
9.8639  6.903e-05
9.87394  6.46735e-05
9.88412  6.84161e-05
9.89423  6.5997e-05
9.90416  6.15598e-05
9.91449  6.69811e-05
9.92465  6.68501e-05
9.93473  6.09064e-05
9.94482  6.45159e-05
9.95488  6.28653e-05
9.96501  5.96125e-05
9.97514  6.43486e-05
9.98584  6.90437e-05
9.99651  5.72293e-05
10.0065  6.24728e-05
10.0167  5.93535e-05
10.0268  5.83692e-05
10.0373  6.61358e-05
10.0479  5.8316e-05
10.0586  6.16426e-05
10.0692  5.9522e-05
10.0792  5.55936e-05
10.0894  5.67099e-05
10.0995  5.74188e-05
10.1096  5.55571e-05
10.12  5.46555e-05
10.1299  5.49825e-05
10.1398  5.35316e-05
10.1503  5.49858e-05
10.1601  5.32347e-05
10.1704  5.20042e-05
10.181  5.8306e-05
10.1915  5.34919e-05
10.2016  5.02396e-05
10.2121  5.27318e-05
10.2218  5.02596e-05
10.2321  5.03256e-05
10.2422  4.96592e-05
10.2523  5.18459e-05
10.2623  4.73699e-05
10.2727  5.01557e-05
10.2831  5.2243e-05
10.2937  4.79525e-05
10.3039  4.8407e-05
10.3139  4.78649e-05
10.3241  4.47339e-05
10.3345  4.78488e-05
10.3443  4.68378e-05
10.3545  4.46805e-05
10.3647  4.59133e-05
10.3749  4.6964e-05
10.385  4.15313e-05
10.3951  4.49028e-05
10.4051  4.5835e-05
10.4158  4.65404e-05
10.4266  4.43272e-05
10.4367  4.20554e-05
10.4467  4.16432e-05
10.457  4.36642e-05
10.4669  4.20547e-05
10.4772  3.91604e-05
10.4873  4.20087e-05
10.4972  4.02673e-05
10.5074  4.16235e-05
10.5178  3.99342e-05
10.5277  4.05796e-05
10.5384  4.09903e-05
10.5491  4.06094e-05
10.5595  4.20394e-05
10.5701  3.7822e-05
10.5804  3.86859e-05
10.5903  3.71995e-05
10.6007  3.66752e-05
10.6112  4.10614e-05
10.6217  3.85313e-05
10.6324  3.69387e-05
10.6431  3.87748e-05
10.6533  3.50222e-05
10.6635  3.61743e-05
10.6736  3.50088e-05
10.6836  3.38978e-05
10.6938  3.31298e-05
10.704  3.69415e-05
10.7141  3.27901e-05
10.7242  3.33333e-05
10.7343  3.4043e-05
10.7446  3.30825e-05
10.7547  3.05962e-05
10.7648  3.43894e-05
10.7749  3.24919e-05
10.785  3.02191e-05
10.7952  3.39317e-05
10.8059  3.24466e-05
10.8166  3.1831e-05
10.8267  3.08932e-05
10.8367  3.02819e-05
10.8472  2.97909e-05
10.8575  3.37481e-05
10.8683  2.99565e-05
10.8786  2.86823e-05
10.8884  2.95752e-05
10.8985  2.88778e-05
10.909  2.78992e-05
10.919  2.9019e-05
10.9291  2.73793e-05
10.9392  2.80826e-05
10.9492  2.77445e-05
10.9592  2.58457e-05
10.9696  2.8382e-05
10.9798  2.75301e-05
10.9898  2.57789e-05
11.0001  2.5969e-05
11.01  2.68475e-05
11.0204  2.56444e-05
11.0306  2.60812e-05
11.0406  2.58269e-05
11.0508  2.49845e-05
11.0611  2.48073e-05
11.0711  2.50377e-05
11.0813  2.41837e-05
11.0914  2.48296e-05
11.1016  2.39582e-05
11.1116  2.29324e-05
11.1219  2.44173e-05
11.132  2.41767e-05
11.1423  2.20951e-05
11.1525  2.38926e-05
11.1627  2.28875e-05
11.1728  2.14742e-05
11.1831  2.36868e-05
11.1931  2.17262e-05
11.2033  2.23816e-05
11.2136  2.17406e-05
11.2236  2.11648e-05
11.2338  2.13276e-05
11.2441  2.21669e-05
11.2542  1.99488e-05
11.2643  2.11584e-05
11.2746  2.06609e-05
11.2847  2.0774e-05
11.295  1.86626e-05
11.305  2.18055e-05
11.3152  1.94698e-05
11.3254  1.90802e-05
11.336  2.00542e-05
11.3457  1.90962e-05
11.3559  1.91827e-05
11.3662  1.91762e-05
11.3769  1.93538e-05
11.3873  1.87428e-05
11.3977  1.91236e-05
11.4079  1.82654e-05
11.4182  1.76808e-05
11.4285  1.85743e-05
11.4385  1.64208e-05
11.4485  1.67842e-05
11.4587  1.87034e-05
11.4689  1.66142e-05
11.479  1.6953e-05
11.4893  1.63656e-05
11.4995  1.71034e-05
11.5097  1.64106e-05
11.5198  1.66529e-05
11.53  1.54707e-05
11.5401  1.56183e-05
11.5502  1.64622e-05
11.5604  1.60127e-05
11.5707  1.46347e-05
11.5806  1.60217e-05
11.591  1.48504e-05
11.6011  1.46355e-05
11.6112  1.6135e-05
11.6216  1.43038e-05
11.6317  1.42918e-05
11.642  1.49889e-05
11.6525  1.41601e-05
11.6624  1.4557e-05
11.6727  1.46948e-05
11.6828  1.31336e-05
11.6931  1.35021e-05
11.7032  1.41961e-05
11.7132  1.34354e-05
11.7236  1.3422e-05
11.7336  1.36577e-05
11.7442  1.22006e-05
11.7543  1.31959e-05
11.7643  1.3355e-05
11.7744  1.16724e-05
11.7853  1.45058e-05
11.7961  1.29479e-05
11.8066  1.19359e-05
11.8166  1.23935e-05
11.8268  1.22309e-05
11.8371  1.13e-05
11.8473  1.23466e-05
11.8573  1.14768e-05
11.8676  1.17379e-05
11.878  1.19109e-05
11.8876  1.0796e-05
11.8983  1.08716e-05
11.9084  1.15045e-05
11.9186  1.13471e-05
11.9288  1.0139e-05
11.9391  1.11858e-05
11.9496  1.12023e-05
11.9602  1.03501e-05
11.9703  1.11381e-05
11.9807  1.01366e-05
11.9907  9.69081e-06
12.0007  1.01129e-05
12.0111  1.00527e-05
12.0214  9.82143e-06
12.0318  1.11323e-05
12.0427  1.00714e-05
12.0533  8.97695e-06
12.0631  9.50023e-06
12.0734  9.48835e-06
12.0836  9.53283e-06
12.0936  8.93874e-06
12.1039  8.94541e-06
12.1146  9.16285e-06
12.1245  8.59247e-06
12.1344  8.77637e-06
12.145  8.97559e-06
12.1554  9.10218e-06
12.1657  8.31456e-06
12.1758  8.355e-06
12.1862  8.97617e-06
12.1965  8.11871e-06
12.2068  8.20728e-06
12.2169  7.993e-06
12.2274  7.47554e-06
12.238  9.32326e-06
12.2485  7.74828e-06
12.2589  7.71833e-06
12.2691  7.45303e-06
12.2787  7.54284e-06
12.2893  7.63449e-06
12.2997  7.53714e-06
12.3098  7.31871e-06
12.3199  7.07922e-06
12.33  7.14994e-06
12.3403  7.11406e-06
12.3508  7.08446e-06
12.3609  7.08111e-06
12.3709  6.57242e-06
12.3812  6.414e-06
12.3917  7.41581e-06
12.4019  6.78974e-06
12.4123  6.38585e-06
12.4225  6.21283e-06
12.4326  6.17353e-06
12.4431  7.02194e-06
12.4533  6.39738e-06
12.4634  5.94947e-06
12.4744  6.6816e-06
12.4848  5.97882e-06
12.4949  5.80098e-06
12.505  6.19321e-06
12.5151  6.05156e-06
12.5253  5.55034e-06
12.5359  5.44346e-06
12.546  5.85845e-06
12.5561  5.4861e-06
12.5663  6.16928e-06
12.577  5.37152e-06
12.5872  4.92692e-06
12.5972  5.47591e-06
12.6075  5.47154e-06
12.6177  4.65695e-06
12.6278  5.84424e-06
12.6384  5.25016e-06
12.6484  4.49139e-06
12.6589  5.58613e-06
12.6687  4.95313e-06
12.6794  4.52441e-06
12.6898  5.01797e-06
12.7  5.06896e-06
12.7109  4.57037e-06
12.7209  5.08745e-06
12.7311  4.25711e-06
12.7418  4.38655e-06
12.7516  4.85599e-06
12.7623  4.61912e-06
12.7725  4.02792e-06
12.7822  4.56638e-06
12.7932  4.19228e-06
12.8038  4.25031e-06
12.8141  4.82809e-06
12.8239  3.75404e-06
12.8344  4.08019e-06
12.845  4.33995e-06
12.8552  4.07658e-06
12.866  4.03187e-06
12.8763  4.39105e-06
12.8867  3.46719e-06
12.8971  3.86812e-06
12.9074  3.81823e-06
12.9178  3.63715e-06
12.9283  3.90531e-06
12.938  3.56172e-06
12.9487  3.52068e-06
12.9591  3.70928e-06
12.9693  3.69589e-06
12.9796  3.43169e-06
12.9902  3.43867e-06
13.0005  3.34414e-06
13.0107  3.42877e-06
13.0213  3.25905e-06
13.0314  3.5743e-06
13.0427  3.27165e-06
13.053  3.55803e-06
13.0634  2.74452e-06
13.0739  2.95247e-06
13.0846  3.76665e-06
13.0954  2.92395e-06
13.1053  2.94431e-06
13.1156  3.17968e-06
13.126  2.96129e-06
13.1365  2.76611e-06
13.1468  2.99086e-06
13.1576  2.80298e-06
13.1682  2.98848e-06
13.1785  2.7684e-06
13.1887  2.70666e-06
13.1998  2.67335e-06
13.2099  2.91443e-06
13.2211  2.72827e-06
13.2323  2.74157e-06
13.2426  2.6436e-06
13.2531  2.58812e-06
13.2635  2.5498e-06
13.2739  2.28907e-06
13.284  2.28949e-06
13.2944  2.65154e-06
13.3048  2.64042e-06
13.3166  2.16177e-06
13.3265  2.49295e-06
13.3373  2.40075e-06
13.3474  2.30612e-06
13.3582  2.33073e-06
13.3686  2.10688e-06
13.3794  2.19024e-06
13.3899  2.10788e-06
13.4  2.0866e-06
13.4109  2.3947e-06
13.4208  2.02603e-06
13.4315  1.97121e-06
13.4418  2.03955e-06
13.4519  2.05305e-06
13.4622  1.65782e-06
13.4727  1.95546e-06
13.483  2.05311e-06
13.4937  2.09505e-06
13.5046  2.03737e-06
13.5151  1.78212e-06
13.5255  1.51861e-06
13.5355  2.07819e-06
13.5463  1.66301e-06
13.557  1.69554e-06
13.5671  1.89666e-06
13.578  1.76025e-06
13.5887  1.61461e-06
13.5984  1.75211e-06
13.6097  1.76304e-06
13.6208  1.55137e-06
13.6302  1.48333e-06
13.6409  1.61453e-06
13.6517  1.71402e-06
13.6623  1.83275e-06
13.673  1.34264e-06
13.684  1.3669e-06
13.6939  1.53199e-06
13.7043  1.44568e-06
13.7151  1.59848e-06
13.7253  1.30555e-06
13.7354  1.18204e-06
13.7454  1.48845e-06
13.7557  1.58417e-06
13.7665  1.16528e-06
13.7775  1.49661e-06
13.7879  1.25186e-06
13.7989  1.34359e-06
13.8092  1.51229e-06
13.8199  1.21807e-06
13.8303  1.12569e-06
13.841  1.21348e-06
13.8512  1.05972e-06
13.8619  1.26588e-06
13.8717  1.32733e-06
13.8831  1.1552e-06
13.8944  1.05015e-06
13.9039  1.38816e-06
13.9152  1.06306e-06
13.9256  1.07935e-06
13.9356  1.00006e-06
13.946  1.13425e-06
13.9566  1.05753e-06
13.967  1.0296e-06
13.9778  1.05888e-06
13.9875  1.11297e-06
13.9983  9.65408e-07
14.0095  8.69956e-07
14.0199  1.20193e-06
14.0303  9.04679e-07
14.0413  9.00288e-07
14.0523  1.0661e-06
14.0627  8.93211e-07
14.0736  9.91503e-07
14.0844  8.52849e-07
14.0947  8.30017e-07
14.1051  7.90053e-07
14.1144  8.64337e-07
14.1245  8.71155e-07
14.1355  8.60661e-07
14.1459  8.72728e-07
14.1559  6.72593e-07
14.1684  9.41418e-07
14.1779  7.72577e-07
14.1894  8.57559e-07
14.2003  8.41566e-07
14.2094  6.48181e-07
14.2204  6.90573e-07
14.2304  7.7868e-07
14.241  6.79784e-07
14.2517  6.93525e-07
14.2619  7.23005e-07
14.2723  8.18911e-07
14.2832  6.4809e-07
14.2938  7.97977e-07
14.3039  5.19553e-07
14.3142  5.75094e-07
14.3254  7.74446e-07
14.3367  6.61433e-07
14.3476  6.33504e-07
14.3562  7.00231e-07
14.367  4.60089e-07
14.3778  5.63702e-07
14.3877  6.04539e-07
14.3977  5.57865e-07
14.4087  6.94333e-07
14.4189  4.96763e-07
14.4296  6.57558e-07
14.4399  5.29895e-07
14.4506  5.82003e-07
14.4615  4.91687e-07
14.4722  5.5429e-07
14.4822  4.73593e-07
14.4925  4.6935e-07
14.5039  7.08136e-07
14.5139  4.24566e-07
14.5249  4.2126e-07
14.5359  5.75835e-07
14.546  4.57914e-07
14.5575  4.54211e-07
14.5671  4.32632e-07
14.5784  4.36076e-07
14.5886  5.62851e-07
14.5989  4.66572e-07
14.6094  4.62845e-07
14.6206  3.84465e-07
14.6307  3.61371e-07
14.6418  4.56368e-07
14.653  4.98457e-07
14.6625  4.26969e-07
14.6734  3.39338e-07
14.6833  3.81641e-07
14.6931  2.98976e-07
14.704  3.79606e-07
14.7154  5.05259e-07
14.727  3.05716e-07
14.7362  3.1004e-07
14.7471  4.57789e-07
14.7579  4.44607e-07
14.7689  3.115e-07
14.7792  3.54864e-07
14.7905  2.72617e-07
14.7999  3.29284e-07
14.8106  3.47e-07
14.8222  3.33392e-07
14.8326  4.44209e-07
14.8428  2.71508e-07
14.8544  2.53979e-07
14.8644  2.68397e-07
14.8749  3.59792e-07
14.8859  2.66937e-07
14.8964  3.2914e-07
14.9073  2.78835e-07
14.9177  3.05405e-07
14.9291  3.112e-07
14.9401  2.27588e-07
14.9499  2.27419e-07
14.9583  3.16272e-07
14.9697  2.2877e-07
14.98  2.25923e-07
14.9908  3.25921e-07
15.002  2.14913e-07
15.0115  2.48425e-07
15.0219  2.25862e-07
15.0332  2.90992e-07
15.0446  3.03563e-07
15.0546  1.41991e-07
15.0659  2.29273e-07
15.0759  2.90842e-07
15.0872  1.9668e-07
15.0987  1.86208e-07
15.1093  2.68096e-07
15.1215  2.69037e-07
15.1318  1.38214e-07
15.1423  2.80099e-07
15.1537  1.63332e-07
15.1638  2.03317e-07
15.1747  1.97902e-07
15.1863  1.66676e-07
15.1975  2.47185e-07
15.2076  1.56164e-07
15.2208  2.68126e-07
15.2315  1.64155e-07
15.2415  1.30727e-07
15.2521  1.56732e-07
15.2615  1.73485e-07
15.2743  1.79666e-07
15.284  1.53263e-07
15.2941  2.27525e-07
15.3045  1.0478e-07
15.3143  1.77556e-07
15.3247  1.3531e-07
15.336  1.39076e-07
15.3492  1.37106e-07
15.3592  1.48491e-07
15.3699  1.73398e-07
15.379  1.55375e-07
15.3908  1.54508e-07
15.4021  1.01145e-07
15.4105  1.47899e-07
15.4217  9.82491e-08
15.4325  1.91437e-07
15.4429  2.01772e-07
15.454  1.03675e-07
15.4654  6.51561e-08
15.4756  9.83673e-08
15.4867  1.39063e-07
15.4967  1.39368e-07
15.5075  1.05175e-07
15.5173  1.03796e-07
15.5296  1.5076e-07
15.5398  8.63671e-08
15.5515  1.09324e-07
15.5618  1.08207e-07
15.5733  1.09491e-07
15.5833  1.03859e-07
15.5935  1.09231e-07
15.6039  1.29161e-07
15.615  9.38544e-08
15.6279  1.16714e-07
15.6392  5.92653e-08
15.6474  1.08443e-07
15.6589  1.05506e-07
15.6713  6.55758e-08
15.6804  1.31628e-07
15.6915  5.91433e-08
15.7019  1.10064e-07
15.7128  8.03863e-08
15.7261  8.3957e-08
15.7352  7.38209e-08
15.7458  8.26994e-08
15.7566  7.1234e-08
15.7652  8.05862e-08
15.7782  1.0807e-07
15.7889  4.7061e-08
15.8017  9.81697e-08
15.8128  7.39712e-08
15.8241  7.52127e-08
15.8345  6.02447e-08
15.8448  6.53132e-08
15.8556  1.09347e-07
15.8667  4.04456e-08
15.8808  5.90962e-08
15.8909  7.65635e-08
15.9007  5.47359e-08
15.9132  8.85515e-08
15.9246  5.59404e-08
15.9341  6.33711e-08
15.9475  4.8885e-08
15.9591  6.62929e-08
15.9692  6.04494e-08
15.9815  7.22837e-08
15.9934  6.74546e-08
16.0057  4.84615e-08
16.0148  6.29038e-08
16.0272  3.39292e-08
16.0387  6.24736e-08
16.0501  5.2204e-08
16.0621  3.50054e-08
16.0699  7.95338e-08
16.0817  5.78287e-08
16.0947  3.90934e-08
16.1044  4.20935e-08
16.1167  3.43885e-08
16.125  4.56145e-08
16.1367  6.17899e-08
16.1501  2.30633e-08
16.1608  3.59202e-08
16.1714  4.33789e-08
16.1833  4.79944e-08
16.1953  4.4832e-08
16.2073  3.55002e-08
16.2169  4.7865e-08
16.2262  3.67262e-08
16.2369  3.70518e-08
16.2503  4.71164e-08
16.2623  2.48361e-08
16.2753  4.14252e-08
16.2857  5.32803e-08
16.2968  2.31576e-08
16.307  2.53543e-08
16.3168  2.52113e-08
16.332  2.55677e-08
16.3404  4.73897e-08
16.3502  2.59529e-08
16.3642  3.04887e-08
16.3703  1.08646e-08
16.3832  6.30535e-08
16.3958  2.09779e-08
16.4035  1.40606e-08
16.416  2.27118e-08
16.4281  1.85959e-08
16.4389  3.7554e-08
16.4512  2.21633e-08
16.4626  5.60107e-08
16.4738  1.3946e-08
16.487  2.60392e-08
16.4989  2.56219e-08
16.5128  7.60966e-09
16.5213  1.15176e-08
16.529  3.76845e-08
16.5425  3.5301e-08
16.5525  2.32005e-08
16.565  1.57887e-08
16.5768  2.47172e-08
16.5937  1.58997e-08
16.6048  1.86372e-08
16.6151  3.04596e-08
16.6253  2.55731e-08
16.6387  7.1656e-09
16.6508  2.54716e-08
16.6631  2.07621e-08
16.6738  2.78974e-08
16.682  1.57375e-08
16.6995  1.64059e-08
16.7083  1.22607e-08
16.7249  1.50771e-08
16.7344  2.19828e-08
16.7425  1.53936e-08
16.7545  2.3128e-08
16.7711  1.25047e-08
16.7915  2.5387e-08
16.8034  1.17351e-08
16.8179  1.53018e-08
16.8305  2.45321e-08
16.8437  5.52459e-09
16.8535  1.93731e-08
16.8636  9.06286e-09
16.876  1.33183e-08
16.8885  1.90431e-08
16.9007  9.18888e-09
16.9122  1.61276e-08
16.9212  1.05217e-08
16.9424  2.16854e-08
16.9505  4.76814e-09
16.9683  7.09875e-09
16.98  2.35368e-09
16.9867  1.97596e-08
17.006  1.13072e-08
17.0203  1.80779e-08
17.0307  1.07293e-08
17.0427  6.72506e-09
17.0561  1.07573e-08
17.0684  1.37032e-08
17.0819  5.39483e-09
17.0957  1.29051e-08
17.1068  2.54339e-09
17.1236  8.53975e-09
17.1351  1.02158e-08
17.146  8.61647e-09
17.1585  1.89643e-08
17.1695  4.59886e-09
17.187  8.41759e-09
17.2041  5.53589e-09
17.2153  7.64007e-09
17.2305  1.02272e-08
17.2422  7.15976e-09
17.2581  2.25177e-09
17.2744  1.04649e-08
17.2834  6.34553e-09
17.309  1.45549e-08
17.3176  4.30049e-09
17.3366  1.1092e-08
17.3584  8.19683e-09
17.3726  4.79192e-09
17.3865  1.65799e-09
17.3928  9.14874e-09
17.4108  4.65524e-09
17.4256  4.71637e-09
17.4378  5.78679e-09
17.4585  6.43958e-09
17.4694  4.58935e-09
17.4886  5.14026e-09
17.5072  3.98681e-09
17.5165  5.6522e-09
17.5255  9.16482e-09
17.5483  6.82485e-09
17.5758  2.14152e-09
17.5895  3.89473e-09
17.601  2.7844e-09
17.6251  5.21007e-09
17.6377  8.30724e-09
17.6483  2.0671e-09
17.6678  4.02669e-10
17.6764  2.29831e-09
17.6919  1.28146e-09
17.7011  7.50243e-09
17.7088  2.54213e-09
17.7287  3.66891e-09
17.7419  1.36675e-09
17.7585  1.98213e-09
17.7672  4.91274e-09
17.7924  5.6954e-09
17.8153  2.85943e-09
17.8358  2.17438e-09
17.8499  3.94527e-09
17.8647  4.41947e-10
17.8741  1.44793e-09
17.8882  2.58516e-09
17.9159  6.31606e-09
17.9681  4.45493e-09
17.9793  2.28591e-09
17.9932  1.58183e-09
18.0001  3.8826e-09
18.0164  3.95838e-10
18.0322  3.75496e-10
18.0646  2.21422e-09
18.0762  1.98344e-09
18.0961  1.39273e-09
18.1156  2.33813e-09
18.1315  2.60795e-09
18.1595  2.75666e-09
18.1817  3.19369e-09
18.2015  2.31709e-10
18.2456  2.25931e-09
18.2568  1.47391e-09
18.2825  4.24628e-10
18.2986  3.05651e-10
18.3088  2.27967e-09
18.334  2.26975e-09
18.3653  1.84874e-09
18.3981  1.71742e-09
18.4463  1.55278e-09
18.46  3.83734e-10
18.4807  1.34591e-09
18.5206  1.22282e-09
18.5481  9.83277e-10
18.5757  1.55202e-09
18.5998  3.77294e-10
18.6125  1.31681e-09
18.6654  2.16306e-10
18.6769  6.73776e-10
18.6989  3.95784e-10
18.7655  1.56906e-09
18.788  1.3256e-09
18.8142  8.37226e-10
18.8634  3.51553e-10
18.9418  1.36514e-09
18.9701  3.43022e-10
19.0544  5.39516e-10
19.0873  3.21024e-10
19.1548  9.38114e-10
19.1813  1.88807e-10
19.2191  3.14082e-10
19.3055  1.88803e-10
19.3716  2.89894e-10
19.4212  7.63619e-10
19.5491  2.61975e-10
19.7614  2.23756e-10
19.788  2.70202e-10
20.0278  1.82136e-10
20.3946  1.28896e-10
