-20.4964  1.38746e-10
-20.1215  2.00022e-10
-19.8825  2.95079e-10
-19.8459  2.51533e-10
-19.6292  2.84253e-10
-19.5076  8.50797e-10
-19.4516  3.11287e-10
-19.4073  2.0323e-10
-19.2995  3.36082e-10
-19.2686  2.09187e-10
-19.232  1.0699e-09
-19.1681  3.41925e-10
-19.1327  6.13273e-10
-19.0513  3.63885e-10
-19.0324  2.92986e-10
-19.0153  1.20908e-09
-18.9447  3.74481e-10
-18.8937  9.04721e-10
-18.8553  1.9217e-09
-18.8377  1.32407e-09
-18.7934  4.32223e-10
-18.7637  5.99132e-10
-18.7568  3.68438e-10
-18.6845  1.82784e-09
-18.6404  1.74306e-09
-18.6181  1.13771e-09
-18.5993  4.3047e-10
-18.5815  9.69816e-10
-18.5541  1.49414e-09
-18.5401  4.16365e-10
-18.5199  1.71002e-09
-18.4628  1.90883e-09
-18.4526  4.3305e-10
-18.4375  1.54779e-09
-18.4185  1.24622e-09
-18.3995  1.62137e-09
-18.3868  3.94311e-10
-18.3644  2.64791e-09
-18.3298  2.00629e-09
-18.3099  2.31029e-09
-18.2653  4.36401e-10
-18.2432  3.3207e-09
-18.2341  1.61328e-09
-18.2239  1.40799e-09
-18.2076  9.48687e-10
-18.1833  4.80353e-09
-18.1487  3.68892e-09
-18.1432  2.19393e-09
-18.1167  4.22109e-10
-18.0986  4.13877e-10
-18.0735  2.02098e-09
-18.0642  3.92559e-09
-18.045  1.32681e-09
-18.03  6.29867e-09
-17.9975  4.45372e-10
-17.9854  1.8705e-09
-17.9685  5.30823e-09
-17.9544  2.75746e-09
-17.9398  1.80019e-09
-17.9266  2.13059e-09
-17.9054  4.83949e-09
-17.8964  4.76231e-10
-17.8638  4.69032e-09
-17.8497  4.60816e-09
-17.8401  2.34568e-09
-17.8203  4.57462e-09
-17.8046  1.32521e-09
-17.7896  4.80246e-09
-17.7743  5.35113e-09
-17.7661  2.85277e-09
-17.7502  7.02104e-09
-17.7182  2.2162e-09
-17.7114  2.2022e-09
-17.6923  1.03356e-08
-17.6791  3.42425e-09
-17.6674  4.44661e-10
-17.6516  4.98054e-09
-17.6402  3.46468e-09
-17.6216  2.17065e-09
-17.6105  2.63967e-09
-17.5927  8.06008e-09
-17.5836  2.92473e-09
-17.5698  1.32993e-08
-17.5621  4.02042e-10
-17.5505  3.02847e-09
-17.5346  8.81919e-09
-17.529  1.66649e-09
-17.5076  6.05884e-09
-17.4936  5.97653e-09
-17.4839  2.14494e-09
-17.4702  5.05661e-09
-17.4637  5.91884e-09
-17.4493  7.06075e-09
-17.4333  5.41225e-09
-17.4193  8.58321e-09
-17.4002  3.97203e-09
-17.3894  5.40251e-09
-17.3729  1.50207e-08
-17.3576  1.04658e-08
-17.344  7.15093e-09
-17.3348  8.23298e-09
-17.3196  7.08526e-09
-17.3123  1.88327e-09
-17.292  8.44172e-09
-17.2838  1.12802e-08
-17.2755  6.32261e-09
-17.2589  4.0594e-09
-17.2425  1.20731e-08
-17.2255  8.94592e-09
-17.2148  3.88384e-09
-17.2008  1.70595e-08
-17.1878  1.23473e-08
-17.1753  1.02302e-08
-17.1598  1.43115e-08
-17.1507  7.88749e-09
-17.1328  1.0295e-08
-17.1194  8.58653e-09
-17.1055  1.68997e-08
-17.0951  1.03444e-08
-17.0784  5.70125e-09
-17.0707  1.68285e-08
-17.0585  1.3822e-08
-17.0421  1.92867e-08
-17.0274  7.9745e-09
-17.0187  6.28446e-09
-17.004  1.06279e-08
-16.9956  8.56399e-09
-16.9785  2.14297e-08
-16.9694  1.40969e-08
-16.9553  1.70407e-08
-16.9428  1.43135e-08
-16.936  8.08979e-09
-16.9189  1.97994e-08
-16.9073  1.45551e-08
-16.8948  1.3673e-08
-16.883  2.54665e-08
-16.8701  1.89451e-08
-16.8607  8.74061e-09
-16.8493  2.00836e-08
-16.8335  5.88541e-09
-16.8256  1.85745e-08
-16.8169  7.70178e-09
-16.8016  2.40777e-08
-16.7874  3.35945e-08
-16.7756  2.25411e-08
-16.7619  1.17834e-08
-16.7521  1.39684e-08
-16.7395  1.74759e-08
-16.7272  2.26507e-08
-16.7181  1.94173e-08
-16.7047  2.6763e-08
-16.6952  2.30366e-08
-16.6825  1.8176e-08
-16.6689  3.37798e-08
-16.6597  2.14644e-08
-16.6483  2.04463e-08
-16.6375  2.02918e-08
-16.6242  2.4037e-08
-16.6122  1.75463e-08
-16.6015  2.36012e-08
-16.594  2.10888e-08
-16.5806  4.3317e-08
-16.571  1.57171e-08
-16.5577  2.28443e-08
-16.5477  1.84882e-08
-16.5361  1.16418e-08
-16.5229  4.13214e-08
-16.5118  3.82586e-08
-16.4994  5.13316e-08
-16.4882  3.4682e-08
-16.4764  3.01809e-08
-16.4605  1.93191e-08
-16.4472  4.11946e-08
-16.4388  1.6044e-08
-16.4245  4.52143e-08
-16.4152  3.1367e-08
-16.4047  3.20541e-08
-16.3911  4.05611e-08
-16.3795  4.00358e-08
-16.3713  2.58454e-08
-16.36  3.56559e-08
-16.3461  2.77768e-08
-16.3357  5.27129e-08
-16.3244  4.7293e-08
-16.3115  1.80314e-08
-16.3015  4.3058e-08
-16.2902  6.55575e-08
-16.2799  1.97318e-08
-16.2688  5.88839e-08
-16.254  4.59197e-08
-16.2457  5.29617e-08
-16.2348  3.65738e-08
-16.224  3.68226e-08
-16.2119  2.25148e-08
-16.202  7.66023e-08
-16.1891  4.32684e-08
-16.1767  4.68857e-08
-16.1694  4.07207e-08
-16.1564  4.91097e-08
-16.1443  4.12836e-08
-16.1321  6.46501e-08
-16.1219  5.84191e-08
-16.1107  7.31758e-08
-16.101  6.01812e-08
-16.0903  7.07307e-08
-16.0815  1.7393e-08
-16.0686  8.31715e-08
-16.0543  5.38172e-08
-16.0435  5.52025e-08
-16.0314  6.99336e-08
-16.0202  7.14867e-08
-16.0101  7.79275e-08
-16  4.23907e-08
-15.9863  7.15834e-08
-15.9789  7.08726e-08
-15.9681  5.52947e-08
-15.9581  8.26631e-08
-15.9479  6.56601e-08
-15.9354  5.84001e-08
-15.9237  6.30043e-08
-15.9135  8.91417e-08
-15.8993  8.50151e-08
-15.8879  6.55453e-08
-15.8784  1.03296e-07
-15.8674  6.64527e-08
-15.8535  1.0275e-07
-15.8424  9.06317e-08
-15.8322  8.90776e-08
-15.8206  7.30396e-08
-15.8068  7.05153e-08
-15.799  1.26357e-07
-15.7895  6.15814e-08
-15.7777  1.17532e-07
-15.768  4.79863e-08
-15.7576  9.14858e-08
-15.7457  9.66644e-08
-15.735  1.20872e-07
-15.7242  8.74352e-08
-15.7125  1.27938e-07
-15.7018  9.26546e-08
-15.6919  1.19684e-07
-15.6799  9.79266e-08
-15.6704  1.05043e-07
-15.6591  6.41243e-08
-15.6492  1.1771e-07
-15.6382  1.24387e-07
-15.6282  1.43734e-07
-15.6176  1.17195e-07
-15.6051  1.48626e-07
-15.5936  1.01274e-07
-15.5831  1.03884e-07
-15.5738  1.27163e-07
-15.5635  8.17117e-08
-15.5538  1.50291e-07
-15.5422  1.23866e-07
-15.5296  1.42432e-07
-15.5202  1.78827e-07
-15.5081  1.19203e-07
-15.4953  1.32332e-07
-15.4863  1.28016e-07
-15.4756  1.44207e-07
-15.4661  1.44082e-07
-15.4548  2.05469e-07
-15.444  1.18886e-07
-15.4323  1.2728e-07
-15.423  2.36719e-07
-15.411  1.28019e-07
-15.4009  2.02756e-07
-15.3884  1.76382e-07
-15.3767  1.56361e-07
-15.3652  1.62233e-07
-15.3535  1.29713e-07
-15.3432  1.95295e-07
-15.3337  1.99111e-07
-15.3231  1.6452e-07
-15.3122  2.15006e-07
-15.3008  2.21072e-07
-15.2904  1.43996e-07
-15.2798  1.96153e-07
-15.2703  1.87189e-07
-15.2586  1.44417e-07
-15.2477  2.76757e-07
-15.2366  2.2491e-07
-15.2249  2.17106e-07
-15.2131  1.7655e-07
-15.2008  3.03848e-07
-15.1895  2.17799e-07
-15.1794  2.14487e-07
-15.1694  2.05089e-07
-15.1586  2.79214e-07
-15.1482  1.72713e-07
-15.1382  2.26542e-07
-15.1287  2.04281e-07
-15.1179  3.24983e-07
-15.1064  2.31119e-07
-15.0959  2.74146e-07
-15.085  1.87023e-07
-15.0744  3.01602e-07
-15.0644  2.24712e-07
-15.0537  3.80181e-07
-15.0429  1.93087e-07
-15.0326  2.62184e-07
-15.0216  3.13731e-07
-15.011  3.04165e-07
-14.9989  3.68978e-07
-14.9862  2.85271e-07
-14.9764  3.03861e-07
-14.9656  3.13548e-07
-14.9539  3.08078e-07
-14.9431  2.90555e-07
-14.9337  3.03785e-07
-14.9236  3.8857e-07
-14.9122  3.27237e-07
-14.9017  2.58429e-07
-14.8914  3.73147e-07
-14.8807  3.11947e-07
-14.8709  3.17416e-07
-14.8595  3.71264e-07
-14.848  4.55539e-07
-14.8378  3.50248e-07
-14.8269  4.38831e-07
-14.8152  2.38285e-07
-14.8066  3.53846e-07
-14.7959  4.32827e-07
-14.7843  4.8894e-07
-14.7733  4.13394e-07
-14.7627  4.17038e-07
-14.7515  3.82475e-07
-14.7415  4.37687e-07
-14.7298  4.34774e-07
-14.7188  3.31666e-07
-14.7084  5.51248e-07
-14.6973  4.31432e-07
-14.6879  3.74634e-07
-14.6774  5.68809e-07
-14.6663  3.83332e-07
-14.656  4.70276e-07
-14.6454  4.70875e-07
-14.6351  4.0905e-07
-14.625  5.67803e-07
-14.6146  5.19474e-07
-14.6046  5.1115e-07
-14.5931  5.26992e-07
-14.5826  5.55662e-07
-14.5722  4.14213e-07
-14.5604  5.76982e-07
-14.55  5.93027e-07
-14.5392  4.8744e-07
-14.5288  5.26439e-07
-14.5185  7.41965e-07
-14.5065  6.23871e-07
-14.4959  5.05203e-07
-14.4857  4.99298e-07
-14.4744  7.19113e-07
-14.4644  5.42833e-07
-14.4541  6.76806e-07
-14.4427  6.16127e-07
-14.433  8.19138e-07
-14.4225  5.44915e-07
-14.4117  5.55574e-07
-14.4003  7.74649e-07
-14.3898  5.87875e-07
-14.3791  7.79182e-07
-14.3688  7.39193e-07
-14.3574  7.28223e-07
-14.347  5.88828e-07
-14.3357  9.06442e-07
-14.3252  6.90926e-07
-14.315  8.18947e-07
-14.3034  7.36395e-07
-14.2928  7.87837e-07
-14.2814  8.89886e-07
-14.2718  7.58274e-07
-14.2614  5.20046e-07
-14.2497  1.22745e-06
-14.2381  6.24337e-07
-14.2281  9.29833e-07
-14.2184  8.52453e-07
-14.2076  9.09238e-07
-14.1964  8.04511e-07
-14.1862  9.88356e-07
-14.1751  7.12619e-07
-14.1646  1.00017e-06
-14.1537  1.06752e-06
-14.1437  8.85145e-07
-14.1315  1.0275e-06
-14.1216  9.31959e-07
-14.1108  9.82097e-07
-14.0993  1.18291e-06
-14.0887  8.4922e-07
-14.0782  9.57117e-07
-14.0676  1.2764e-06
-14.0573  9.00142e-07
-14.0462  1.08087e-06
-14.0361  1.04076e-06
-14.0247  1.26464e-06
-14.0135  1.13517e-06
-14.0035  1.16416e-06
-13.9926  1.05399e-06
-13.9815  1.32592e-06
-13.9716  1.11302e-06
-13.9612  1.10796e-06
-13.9501  1.07903e-06
-13.9399  1.54003e-06
-13.9286  1.21309e-06
-13.9186  1.26606e-06
-13.9075  1.24576e-06
-13.8967  1.39237e-06
-13.8863  1.12283e-06
-13.8759  1.48191e-06
-13.8653  1.16416e-06
-13.8548  1.37456e-06
-13.8431  1.49908e-06
-13.8326  1.57847e-06
-13.8219  1.42369e-06
-13.8108  1.43906e-06
-13.7992  1.53405e-06
-13.7893  1.62585e-06
-13.7778  1.51355e-06
-13.7674  1.33796e-06
-13.7567  1.69338e-06
-13.7461  1.63958e-06
-13.7352  1.66662e-06
-13.7246  1.51126e-06
-13.7149  1.51619e-06
-13.705  1.43195e-06
-13.694  1.78826e-06
-13.6837  1.58257e-06
-13.6736  1.80648e-06
-13.6627  1.69796e-06
-13.6528  1.85588e-06
-13.6421  1.70617e-06
-13.6311  1.77608e-06
-13.6201  1.92655e-06
-13.6099  1.85777e-06
-13.6  1.62985e-06
-13.5894  2.08705e-06
-13.5783  1.872e-06
-13.5684  1.84226e-06
-13.5578  1.88971e-06
-13.5475  2.01252e-06
-13.5368  2.0905e-06
-13.5268  2.03745e-06
-13.5162  2.20671e-06
-13.5053  2.1231e-06
-13.4941  2.24572e-06
-13.4832  2.01444e-06
-13.4721  2.40051e-06
-13.4622  2.06618e-06
-13.4519  2.2233e-06
-13.441  2.24523e-06
-13.4308  2.49236e-06
-13.4206  2.19726e-06
-13.4099  2.16662e-06
-13.3999  2.44935e-06
-13.3882  2.28749e-06
-13.3786  2.7309e-06
-13.3673  2.6643e-06
-13.3562  2.35007e-06
-13.3455  2.94595e-06
-13.3352  2.4678e-06
-13.3247  2.49854e-06
-13.315  2.47455e-06
-13.3042  2.63963e-06
-13.2936  2.67998e-06
-13.2829  2.96418e-06
-13.2729  2.46243e-06
-13.2626  2.72195e-06
-13.2526  2.99838e-06
-13.2416  2.8459e-06
-13.231  3.07088e-06
-13.2204  3.09751e-06
-13.2092  2.70104e-06
-13.1982  3.2151e-06
-13.1884  3.2161e-06
-13.1776  2.95472e-06
-13.1669  2.98761e-06
-13.1571  3.43103e-06
-13.1465  2.88592e-06
-13.1361  3.38931e-06
-13.126  3.18905e-06
-13.1155  3.52804e-06
-13.1054  2.95782e-06
-13.0954  3.43206e-06
-13.0844  3.07954e-06
-13.0743  3.92957e-06
-13.064  3.33264e-06
-13.0534  3.72647e-06
-13.0422  3.83054e-06
-13.0315  3.8682e-06
-13.0212  3.2649e-06
-13.0105  4.21133e-06
-13.0002  3.40971e-06
-12.9901  3.55471e-06
-12.9794  4.21275e-06
-12.9697  4.14421e-06
-12.9587  3.62984e-06
-12.9481  4.31279e-06
-12.9378  3.67577e-06
-12.9276  4.36449e-06
-12.917  4.20351e-06
-12.9068  3.82695e-06
-12.8956  4.57971e-06
-12.8855  4.61474e-06
-12.8747  4.44948e-06
-12.8644  3.88879e-06
-12.8541  5.03906e-06
-12.8433  4.48132e-06
-12.8329  4.41894e-06
-12.8231  4.70685e-06
-12.8126  4.2119e-06
-12.8024  4.5114e-06
-12.7922  5.05955e-06
-12.7818  4.8116e-06
-12.7712  5.01786e-06
-12.7614  4.66591e-06
-12.7508  4.65193e-06
-12.7406  5.37481e-06
-12.7303  4.88902e-06
-12.7203  5.03928e-06
-12.7094  5.18497e-06
-12.7  5.22133e-06
-12.6893  5.36632e-06
-12.6789  5.33121e-06
-12.6688  5.45411e-06
-12.6585  5.63079e-06
-12.6478  5.8788e-06
-12.6373  5.65762e-06
-12.6266  5.53438e-06
-12.6165  6.17413e-06
-12.6058  5.69631e-06
-12.5958  5.35765e-06
-12.5852  6.60251e-06
-12.5751  5.94805e-06
-12.5647  5.88407e-06
-12.5544  6.39305e-06
-12.5436  6.2656e-06
-12.5341  5.96701e-06
-12.5232  6.70534e-06
-12.5136  6.08226e-06
-12.5028  6.71767e-06
-12.4927  6.2865e-06
-12.4824  6.99545e-06
-12.4721  6.76702e-06
-12.4619  6.72971e-06
-12.4517  6.74285e-06
-12.4411  6.55486e-06
-12.4313  7.42159e-06
-12.4212  6.67203e-06
-12.411  7.23926e-06
-12.4003  7.38692e-06
-12.3902  7.47058e-06
-12.3796  7.33054e-06
-12.3694  7.8795e-06
-12.359  6.96016e-06
-12.3491  7.65313e-06
-12.3386  7.83946e-06
-12.3286  8.35004e-06
-12.3179  7.40713e-06
-12.3083  7.95333e-06
-12.2974  7.71325e-06
-12.2874  9.25899e-06
-12.2769  8.00432e-06
-12.2668  8.18056e-06
-12.2563  8.38912e-06
-12.2464  9.02205e-06
-12.2357  7.80474e-06
-12.2258  9.18191e-06
-12.215  8.66524e-06
-12.2052  8.92015e-06
-12.1947  9.06113e-06
-12.1847  9.32704e-06
-12.1742  8.90358e-06
-12.1639  1.00822e-05
-12.1536  8.54491e-06
-12.1436  9.22024e-06
-12.1334  9.71713e-06
-12.1234  9.48071e-06
-12.1126  9.31234e-06
-12.103  1.06807e-05
-12.0926  9.17692e-06
-12.0824  9.98494e-06
-12.0721  1.0882e-05
-12.0619  1.02597e-05
-12.0515  9.87652e-06
-12.0417  1.05797e-05
-12.0313  1.03534e-05
-12.0211  1.07921e-05
-12.0109  1.09943e-05
-12.0005  1.09818e-05
-11.9901  1.07643e-05
-11.9801  1.20147e-05
-11.97  1.04589e-05
-11.9596  1.16929e-05
-11.9494  1.09023e-05
-11.9392  1.22304e-05
-11.9288  1.14939e-05
-11.9188  1.27105e-05
-11.9083  1.03302e-05
-11.8982  1.29456e-05
-11.888  1.23515e-05
-11.8772  1.41172e-05
-11.8663  1.17342e-05
-11.8564  1.31161e-05
-11.8457  1.22911e-05
-11.8357  1.32882e-05
-11.8254  1.34826e-05
-11.8153  1.25334e-05
-11.805  1.25778e-05
-11.7951  1.44638e-05
-11.7847  1.32722e-05
-11.7744  1.30529e-05
-11.7643  1.42536e-05
-11.7536  1.45847e-05
-11.7434  1.32536e-05
-11.7332  1.64478e-05
-11.7222  1.33929e-05
-11.712  1.54729e-05
-11.702  1.42054e-05
-11.6918  1.45161e-05
-11.6816  1.50367e-05
-11.6716  1.61634e-05
-11.6612  1.35452e-05
-11.6508  1.62307e-05
-11.641  1.5518e-05
-11.631  1.53104e-05
-11.6207  1.4753e-05
-11.6109  1.7494e-05
-11.6004  1.55615e-05
-11.5901  1.60177e-05
-11.5804  1.65063e-05
-11.5699  1.7143e-05
-11.5598  1.65482e-05
-11.5496  1.70596e-05
-11.5394  1.57318e-05
-11.5293  1.89534e-05
-11.5194  1.70965e-05
-11.5084  1.84672e-05
-11.4976  1.81226e-05
-11.4875  1.9589e-05
-11.4771  1.69383e-05
-11.4667  1.92346e-05
-11.4569  1.76697e-05
-11.4464  1.92545e-05
-11.4359  1.91059e-05
-11.426  1.91042e-05
-11.4158  1.90704e-05
-11.4055  1.95967e-05
-11.3955  1.9225e-05
-11.385  2.03335e-05
-11.3751  1.96962e-05
-11.3648  2.0707e-05
-11.3545  1.93329e-05
-11.3443  2.16898e-05
-11.3344  2.03735e-05
-11.3241  2.04431e-05
-11.314  2.18452e-05
-11.3039  1.98731e-05
-11.2939  2.25495e-05
-11.2834  2.1799e-05
-11.2736  2.18126e-05
-11.2629  2.2614e-05
-11.2531  2.14788e-05
-11.2429  2.26497e-05
-11.2327  2.33791e-05
-11.2226  2.21779e-05
-11.2126  2.38353e-05
-11.202  2.33991e-05
-11.1922  2.34122e-05
-11.182  2.42213e-05
-11.1716  2.36094e-05
-11.1612  2.55729e-05
-11.1512  2.39102e-05
-11.1412  2.42204e-05
-11.131  2.47987e-05
-11.1208  2.51817e-05
-11.1105  2.64182e-05
-11.1002  2.55396e-05
-11.0905  2.43542e-05
-11.08  2.72675e-05
-11.0699  2.6921e-05
-11.0598  2.55441e-05
-11.0497  2.69006e-05
-11.0395  2.68672e-05
-11.0298  2.70255e-05
-11.0193  2.76199e-05
-11.0092  2.85286e-05
-10.999  2.72288e-05
-10.9889  2.82724e-05
-10.9788  2.85959e-05
-10.9687  2.85017e-05
-10.9586  2.86352e-05
-10.9485  3.05197e-05
-10.9382  2.78379e-05
-10.9282  3.02709e-05
-10.9182  2.99706e-05
-10.9079  3.04328e-05
-10.8975  2.9953e-05
-10.8873  3.55405e-05
-10.8766  2.94247e-05
-10.8664  3.29119e-05
-10.8561  3.08298e-05
-10.8462  3.23274e-05
-10.8359  3.1482e-05
-10.8261  3.35815e-05
-10.8157  3.04409e-05
-10.8056  3.57604e-05
-10.7955  3.29924e-05
-10.7854  3.37896e-05
-10.7751  3.33618e-05
-10.7651  3.46317e-05
-10.7549  3.22738e-05
-10.7447  3.87554e-05
-10.7346  3.42307e-05
-10.7244  3.49651e-05
-10.7143  3.50763e-05
-10.7038  4.01401e-05
-10.6933  3.51432e-05
-10.6829  3.87325e-05
-10.6731  3.46158e-05
-10.6629  3.93027e-05
-10.6526  3.6428e-05
-10.6427  3.92323e-05
-10.6325  3.6747e-05
-10.6224  4.08551e-05
-10.6124  3.77048e-05
-10.6021  3.89475e-05
-10.5919  3.98338e-05
-10.5817  4.28241e-05
-10.5715  3.80837e-05
-10.561  4.41174e-05
-10.5507  4.09079e-05
-10.5404  4.14636e-05
-10.5302  4.25238e-05
-10.5201  4.32239e-05
-10.5101  4.01418e-05
-10.4997  4.36889e-05
-10.4899  4.35801e-05
-10.4795  4.37218e-05
-10.4693  4.46677e-05
-10.4592  4.36451e-05
-10.449  4.28987e-05
-10.439  4.55276e-05
-10.4291  4.80361e-05
-10.4184  4.36772e-05
-10.4081  5.04254e-05
-10.3974  4.68052e-05
-10.3874  4.70813e-05
-10.377  4.74939e-05
-10.3667  5.35873e-05
-10.3557  4.60546e-05
-10.3455  5.0374e-05
-10.3356  4.72844e-05
-10.3254  5.11439e-05
-10.315  4.9718e-05
-10.3053  4.8786e-05
-10.2947  5.06157e-05
-10.2847  5.26711e-05
-10.2746  5.04573e-05
-10.2644  5.22291e-05
-10.2536  5.75073e-05
-10.2433  5.19706e-05
-10.2331  5.08361e-05
-10.2232  5.52321e-05
-10.2127  5.44632e-05
-10.2029  5.29134e-05
-10.1925  5.61516e-05
-10.1827  5.36432e-05
-10.1725  5.50858e-05
-10.1624  5.80399e-05
-10.1522  5.44909e-05
-10.1421  5.79136e-05
-10.1318  5.67955e-05
-10.122  5.76959e-05
-10.1117  5.85292e-05
-10.1015  6.03068e-05
-10.0916  5.64093e-05
-10.0813  6.15026e-05
-10.0711  5.8573e-05
-10.0612  6.32731e-05
-10.0505  6.3223e-05
-10.04  6.30088e-05
-10.0298  6.07396e-05
-10.0199  6.47585e-05
-10.0095  6.19779e-05
-9.9996  6.32616e-05
-9.98938  6.30016e-05
-9.97929  6.61123e-05
-9.96916  6.30617e-05
-9.95899  6.7882e-05
-9.9488  6.4565e-05
-9.93889  6.70975e-05
-9.92867  6.64812e-05
-9.91839  6.80709e-05
-9.9085  6.57445e-05
-9.89837  7.1348e-05
-9.88815  6.77501e-05
-9.8781  7.04706e-05
-9.86796  6.7815e-05
-9.85766  7.31935e-05
-9.84781  6.82104e-05
-9.83757  7.47568e-05
-9.82742  7.13143e-05
-9.81687  7.78027e-05
-9.80636  7.34542e-05
-9.79607  7.61839e-05
-9.78619  7.1108e-05
-9.77596  7.57355e-05
-9.76592  7.50945e-05
-9.75577  7.56709e-05
-9.74579  7.63039e-05
-9.73551  7.86277e-05
-9.72552  7.60905e-05
-9.71481  8.69923e-05
-9.70437  7.81537e-05
-9.6943  7.8275e-05
-9.68423  8.07677e-05
-9.67397  8.17506e-05
-9.66406  7.73954e-05
-9.65371  8.58265e-05
-9.64376  8.04536e-05
-9.6337  8.14124e-05
-9.62365  8.53714e-05
-9.61336  8.41059e-05
-9.60343  8.28097e-05
-9.59311  8.89555e-05
-9.58311  8.30686e-05
-9.57309  8.61769e-05
-9.56285  9.16797e-05
-9.55206  9.43033e-05
-9.54165  8.73331e-05
-9.53136  9.20959e-05
-9.52146  8.83533e-05
-9.51133  8.80716e-05
-9.50113  9.44816e-05
-9.49096  9.11782e-05
-9.48093  9.26406e-05
-9.47086  9.13109e-05
-9.46088  9.41349e-05
-9.45064  9.34988e-05
-9.44053  9.66717e-05
-9.42991  0.000103745
-9.41939  9.75704e-05
-9.40931  9.45504e-05
-9.39926  9.89335e-05
-9.38911  9.54175e-05
-9.37908  0.000102253
-9.36842  0.000108703
-9.35792  9.90652e-05
-9.34757  0.000103336
-9.33771  0.000102167
-9.32744  0.000102037
-9.3174  0.000102498
-9.30731  0.00010383
-9.29732  0.000102972
-9.28708  0.00010752
-9.27705  0.000104507
-9.26699  0.000108112
-9.25665  0.000109608
-9.24613  0.000116712
-9.23555  0.000110136
-9.22517  0.00011318
-9.2153  0.000107803
-9.20516  0.000110129
-9.19488  0.000116134
-9.18489  0.000108946
-9.17476  0.000116089
-9.16445  0.000115834
-9.15455  0.0001131
-9.1446  0.000111748
-9.13441  0.000121898
-9.12369  0.000125503
-9.11326  0.000120335
-9.10302  0.000120291
-9.09257  0.000127723
-9.08216  0.000117334
-9.07195  0.000127704
-9.06184  0.000118971
-9.05141  0.000133826
-9.04069  0.000125733
-9.03062  0.000124926
-9.02003  0.00013449
-9.00947  0.000131824
-8.99924  0.000123208
-8.98922  0.000129266
-8.97906  0.000129471
-8.96891  0.000130361
-8.95886  0.000127548
-8.94873  0.00013651
-8.93856  0.000127574
-8.92813  0.00014705
-8.91747  0.000135688
-8.90722  0.000134639
-8.8973  0.000131598
-8.88718  0.000142165
-8.87699  0.000135465
-8.86692  0.000136891
-8.85684  0.000139163
-8.84628  0.000153878
-8.83582  0.00014116
-8.82549  0.000143802
-8.81543  0.000139157
-8.80544  0.000144196
-8.79539  0.000147645
-8.78506  0.000145039
-8.77512  0.000143496
-8.76486  0.000150705
-8.7548  0.000147436
-8.74474  0.000148517
-8.73464  0.000152672
-8.72443  0.00014721
-8.71459  0.000151449
-8.70375  0.000171582
-8.69327  0.000150578
-8.68316  0.000155182
-8.67307  0.000156222
-8.66235  0.000172825
-8.6519  0.000155906
-8.64163  0.000163177
-8.63144  0.00015916
-8.62132  0.000160999
-8.61129  0.000161626
-8.60107  0.000159803
-8.5912  0.000163597
-8.58099  0.000165997
-8.57099  0.000164164
-8.56081  0.00016533
-8.5508  0.000168273
-8.54058  0.000168401
-8.53073  0.000166826
-8.5205  0.000172518
-8.51042  0.00017019
-8.50032  0.000169187
-8.49042  0.000177153
-8.48015  0.000171659
-8.47018  0.00017857
-8.45992  0.000174846
-8.44995  0.000174859
-8.43988  0.000180162
-8.42978  0.000180598
-8.41965  0.000177536
-8.40959  0.000184381
-8.39942  0.000181764
-8.38943  0.000183476
-8.37935  0.000183899
-8.36926  0.000186726
-8.35915  0.000183935
-8.34861  0.000208637
-8.33784  0.000190297
-8.32787  0.000186629
-8.31786  0.000192494
-8.30759  0.000197196
-8.29754  0.000182312
-8.28767  0.000202336
-8.27733  0.00019482
-8.26729  0.000196475
-8.25716  0.00019925
-8.24693  0.000202656
-8.23695  0.000192079
-8.22699  0.000203212
-8.21678  0.000202807
-8.20678  0.000200214
-8.19683  0.000205259
-8.18655  0.000208141
-8.17655  0.000200182
-8.16655  0.000213771
-8.15629  0.000208318
-8.14631  0.000206857
-8.1362  0.00021587
-8.126  0.000210459
-8.11602  0.000213055
-8.10579  0.000218374
-8.09563  0.000218187
-8.08557  0.000211488
-8.07521  0.000236084
-8.06453  0.00022467
-8.05455  0.000214748
-8.04442  0.000226425
-8.03428  0.000220753
-8.02435  0.000221603
-8.01428  0.000226665
-8.00406  0.000227564
-7.99411  0.000223174
-7.98403  0.000231655
-7.97393  0.000230071
-7.96391  0.000227183
-7.95378  0.000235341
-7.94368  0.000234425
-7.93366  0.000234772
-7.92354  0.000234064
-7.91346  0.000240562
-7.90342  0.000233624
-7.89326  0.000248019
-7.88305  0.00023944
-7.87308  0.00024073
-7.86293  0.000244351
-7.85285  0.00024243
-7.8428  0.000249234
-7.83258  0.000249254
-7.82259  0.000245001
-7.81255  0.000246911
-7.80244  0.000250926
-7.79243  0.000253366
-7.78234  0.000256178
-7.77213  0.000249383
-7.76216  0.000258913
-7.75207  0.000252827
-7.74201  0.000261935
-7.73192  0.00025554
-7.72188  0.000263059
-7.71168  0.000261413
-7.7017  0.000264374
-7.69117  0.000283242
-7.68058  0.000274997
-7.6704  0.000260799
-7.66047  0.000270438
-7.65022  0.000270018
-7.64019  0.000273257
-7.63014  0.00026861
-7.61994  0.000279228
-7.60981  0.000273468
-7.59969  0.000279927
-7.58959  0.000271812
-7.57958  0.000283517
-7.56954  0.000272614
-7.55945  0.000286627
-7.54939  0.000277263
-7.53928  0.00028864
-7.5292  0.000282323
-7.51913  0.000290648
-7.50901  0.00028186
-7.49901  0.000288877
-7.48897  0.000292711
-7.47875  0.000300514
-7.46861  0.000283652
-7.45865  0.000296903
-7.44858  0.000293883
-7.43846  0.000300687
-7.42788  0.000328622
-7.41716  0.000307529
-7.40696  0.000295302
-7.39707  0.000303713
-7.3869  0.000306928
-7.37676  0.000306186
-7.36631  0.000329518
-7.35575  0.000317573
-7.34505  0.000332994
-7.33471  0.000312583
-7.32452  0.000314559
-7.31442  0.000310717
-7.30437  0.000319695
-7.29429  0.000316881
-7.28421  0.000314215
-7.27419  0.00032289
-7.26407  0.000319488
-7.25403  0.000323199
-7.24398  0.000322913
-7.23387  0.00033007
-7.22372  0.000322018
-7.21372  0.000334064
-7.20344  0.000333629
-7.19297  0.000354102
-7.18257  0.000332742
-7.17248  0.000337429
-7.16232  0.000329759
-7.15234  0.00034592
-7.14214  0.00033278
-7.13212  0.000343957
-7.12203  0.00033884
-7.11189  0.000352252
-7.10171  0.000338278
-7.09174  0.000351131
-7.08161  0.000344973
-7.07151  0.000350804
-7.06139  0.000354088
-7.05115  0.000358748
-7.04111  0.000343654
-7.03112  0.00035992
-7.02091  0.000362705
-7.01024  0.000390128
-6.9998  0.00035535
-6.98973  0.00036639
-6.97954  0.000362804
-6.96954  0.000365143
-6.95941  0.000363967
-6.94934  0.000364015
-6.93939  0.000371102
-6.92921  0.00037362
-6.91912  0.000367889
-6.90906  0.000375679
-6.89893  0.000378941
-6.88879  0.000375199
-6.87881  0.000374935
-6.86869  0.000384797
-6.85856  0.000376934
-6.84852  0.000386676
-6.83847  0.000379148
-6.82838  0.000389128
-6.81773  0.000429345
-6.80705  0.000391765
-6.79696  0.000385147
-6.78701  0.00039743
-6.77637  0.000425371
-6.7658  0.000398883
-6.75577  0.000396091
-6.74562  0.000404457
-6.73505  0.000425415
-6.72468  0.000409923
-6.71437  0.000403171
-6.70435  0.000402771
-6.69426  0.000408118
-6.68418  0.000407884
-6.67403  0.000405987
-6.66408  0.000414467
-6.65384  0.000409532
-6.64385  0.00041337
-6.63372  0.000420925
-6.62316  0.000449612
-6.61259  0.000419207
-6.6026  0.000422151
-6.59238  0.000418283
-6.58241  0.00042378
-6.5723  0.000428082
-6.56212  0.000428161
-6.55204  0.000420446
-6.54208  0.000434799
-6.53186  0.000423645
-6.52191  0.000435006
-6.51175  0.00043726
-6.50161  0.000432568
-6.49155  0.000436308
-6.48157  0.000440046
-6.47141  0.000432674
-6.46139  0.00044535
-6.4513  0.000444231
-6.44118  0.000442435
-6.43111  0.000443895
-6.42114  0.00045008
-6.41091  0.000444954
-6.40094  0.000454076
-6.39081  0.000453628
-6.38078  0.000445989
-6.37072  0.000454466
-6.36068  0.00046316
-6.35049  0.000451368
-6.34057  0.000460912
-6.33039  0.000468836
-6.32033  0.000451599
-6.31023  0.000470681
-6.30022  0.000469123
-6.29005  0.000459114
-6.27946  0.000530274
-6.26818  0.000524971
-6.25749  0.000468483
-6.24738  0.000483272
-6.23737  0.000474729
-6.2271  0.00047516
-6.21718  0.000478766
-6.20698  0.00049018
-6.19692  0.000468844
-6.18687  0.000491759
-6.17686  0.000484109
-6.16664  0.000481124
-6.15674  0.000490777
-6.14658  0.000496945
-6.13643  0.000482965
-6.1264  0.00049975
-6.11637  0.000493077
-6.10617  0.00049124
-6.09623  0.00050006
-6.08611  0.000500457
-6.07605  0.000493535
-6.06598  0.000506803
-6.05595  0.000503836
-6.04573  0.000502463
-6.03575  0.00051025
-6.02567  0.000507147
-6.0156  0.000502817
-6.00556  0.000513549
-5.99557  0.00051014
-5.98543  0.00050844
-5.97538  0.000526537
-5.96521  0.000518322
-5.95514  0.000509277
-5.94505  0.000528649
-5.93496  0.000525798
-5.92484  0.000511069
-5.91491  0.000529386
-5.90474  0.000525728
-5.89474  0.00052128
-5.88462  0.000539745
-5.87449  0.000533467
-5.86435  0.000518755
-5.85441  0.000544069
-5.84418  0.000539853
-5.83416  0.000524783
-5.824  0.000550676
-5.81399  0.000536284
-5.80385  0.000534186
-5.79388  0.000547628
-5.7837  0.000549462
-5.77365  0.000536828
-5.76355  0.000552961
-5.75351  0.000550278
-5.74333  0.000545176
-5.73324  0.000566512
-5.72307  0.000546572
-5.71307  0.000552912
-5.70286  0.000566561
-5.69285  0.000556203
-5.68269  0.000547303
-5.67266  0.000576773
-5.66263  0.000549302
-5.65261  0.000562743
-5.64246  0.000562866
-5.63252  0.000572571
-5.62232  0.000558078
-5.61225  0.000583932
-5.60221  0.000554178
-5.59218  0.000577163
-5.58157  0.000629468
-5.57108  0.000572813
-5.56093  0.000572447
-5.55082  0.000593999
-5.54033  0.000612107
-5.52989  0.000580907
-5.51973  0.000594089
-5.50971  0.000571947
-5.49958  0.000583536
-5.48948  0.000604312
-5.47942  0.000566619
-5.46942  0.000593746
-5.45925  0.000595323
-5.44929  0.000583134
-5.43911  0.000597956
-5.42906  0.000601682
-5.41901  0.000578087
-5.40898  0.000605142
-5.39872  0.000612799
-5.38881  0.000578702
-5.37865  0.000608194
-5.36856  0.000617095
-5.3584  0.000592406
-5.34837  0.000607641
-5.33817  0.000617865
-5.32832  0.000589153
-5.31807  0.000621156
-5.30792  0.000622606
-5.29786  0.000595989
-5.28777  0.000628014
-5.27753  0.000619871
-5.26718  0.000651821
-5.25664  0.000621575
-5.24658  0.000626854
-5.23643  0.000613255
-5.22636  0.00062664
-5.21619  0.000628663
-5.20627  0.000605138
-5.19611  0.000634763
-5.18601  0.000633817
-5.17598  0.000612583
-5.16587  0.000642498
-5.15564  0.000632624
-5.14571  0.000619354
-5.13555  0.000638078
-5.12496  0.000708005
-5.11441  0.000610726
-5.10439  0.000653916
-5.09411  0.000644688
-5.08408  0.000629727
-5.07391  0.000650357
-5.06383  0.000647142
-5.05371  0.000625639
-5.0437  0.000655712
-5.03296  0.000720419
-5.02247  0.000626243
-5.0119  0.000722235
-5.0013  0.000646764
-4.99125  0.000638413
-4.98127  0.000655674
-4.97109  0.000664636
-4.96101  0.000631881
-4.95099  0.000668076
-4.94088  0.0006548
-4.93075  0.000651058
-4.92076  0.000659813
-4.9106  0.000664819
-4.90059  0.00064228
-4.89047  0.000676891
-4.8804  0.000660359
-4.86987  0.000709452
-4.85946  0.000668663
-4.84927  0.000672047
-4.8393  0.00064375
-4.8292  0.00069193
-4.81907  0.000660407
-4.809  0.000660515
-4.79905  0.000672789
-4.78891  0.00067486
-4.77894  0.000654331
-4.76877  0.000698843
-4.75866  0.000668596
-4.74857  0.000665126
-4.73855  0.000690878
-4.72837  0.000672469
-4.71841  0.000670158
-4.70821  0.000699968
-4.69815  0.000668472
-4.68806  0.000678688
-4.67802  0.000695448
-4.66787  0.000673124
-4.6579  0.000680589
-4.6477  0.000700533
-4.63771  0.000671535
-4.62764  0.000686698
-4.61748  0.000706749
-4.60684  0.000747138
-4.59639  0.000677777
-4.58626  0.000711326
-4.57615  0.000685868
-4.56604  0.000690233
-4.55595  0.000705872
-4.5458  0.000689036
-4.53573  0.000696297
-4.52559  0.000711794
-4.51548  0.000681772
-4.50541  0.000706811
-4.49525  0.000709864
-4.48518  0.000687794
-4.47468  0.000764549
-4.4641  0.000713216
-4.45402  0.000683776
-4.444  0.000713541
-4.43384  0.000709188
-4.42376  0.000698738
-4.41324  0.000766584
-4.40266  0.000722753
-4.39251  0.000692943
-4.38251  0.000715141
-4.37239  0.000707401
-4.36228  0.000710377
-4.35226  0.000700029
-4.34214  0.000732132
-4.33204  0.000687666
-4.32206  0.000723815
-4.31189  0.000715608
-4.30178  0.000711462
-4.29176  0.000708927
-4.28165  0.000729317
-4.2716  0.000693328
-4.26161  0.000723359
-4.25149  0.000719141
-4.24142  0.000711202
-4.2314  0.000717009
-4.22129  0.000726489
-4.21122  0.000708188
-4.20116  0.000726132
-4.19108  0.000715625
-4.18106  0.000721808
-4.17091  0.000726584
-4.16075  0.000734615
-4.15067  0.000706382
-4.1406  0.000736844
-4.13048  0.000723579
-4.12044  0.000718342
-4.11035  0.00072681
-4.10021  0.000738002
-4.09018  0.000708419
-4.08008  0.000743303
-4.06993  0.000723545
-4.0599  0.000725936
-4.04979  0.00072961
-4.03962  0.000742378
-4.02916  0.000775767
-4.01865  0.000743796
-4.0085  0.000725209
-3.99848  0.000725577
-3.98842  0.00073481
-3.9783  0.000737867
-3.96831  0.000713025
-3.9582  0.000749126
-3.94809  0.000728538
-3.93805  0.000727458
-3.928  0.000737708
-3.91784  0.000739362
-3.90786  0.000719031
-3.8973  0.000814173
-3.88674  0.000732725
-3.87665  0.000734122
-3.86662  0.000737772
-3.85642  0.000744263
-3.84646  0.000715985
-3.83638  0.000757818
-3.82624  0.000728035
-3.81626  0.000727055
-3.80617  0.000754907
-3.79599  0.0007344
-3.786  0.000732565
-3.77582  0.00075142
-3.76575  0.000736485
-3.75569  0.000731149
-3.74559  0.000753227
-3.73547  0.00073113
-3.72552  0.000732848
-3.71543  0.000747195
-3.70532  0.000739965
-3.69531  0.000730686
-3.68517  0.000759313
-3.67507  0.000729246
-3.66504  0.000742308
-3.65496  0.000745062
-3.64487  0.000737894
-3.63484  0.00073895
-3.62468  0.000753217
-3.61468  0.000731283
-3.60457  0.00074382
-3.59404  0.000814944
-3.58304  0.000804478
-3.57257  0.000743542
-3.56243  0.000743842
-3.5524  0.000742786
-3.54232  0.000735934
-3.53223  0.000759887
-3.52214  0.000723072
-3.51217  0.000751508
-3.50202  0.000739616
-3.49202  0.000744591
-3.48192  0.000736024
-3.47183  0.000762377
-3.46176  0.000716749
-3.45175  0.000765486
-3.44152  0.000737727
-3.43154  0.000746122
-3.42137  0.000745102
-3.41119  0.000763512
-3.40111  0.000719681
-3.39109  0.00076369
-3.38041  0.000806724
-3.36996  0.00074458
-3.35983  0.000739658
-3.34979  0.000751299
-3.33964  0.000737146
-3.32957  0.000754549
-3.31944  0.00073848
-3.30939  0.000746285
-3.29927  0.000741033
-3.28916  0.000755258
-3.27911  0.000722553
-3.2691  0.000756319
-3.259  0.000731507
-3.24898  0.000746572
-3.23885  0.000742259
-3.22874  0.000750082
-3.21869  0.000732105
-3.20853  0.000760782
-3.1984  0.000732287
-3.18838  0.000746979
-3.17825  0.000735675
-3.1682  0.000752649
-3.15812  0.00072496
-3.14798  0.000765531
-3.1379  0.00071779
-3.12789  0.000756151
-3.11771  0.000735551
-3.10765  0.000748865
-3.09759  0.000721934
-3.08745  0.000769168
-3.07684  0.000786382
-3.06642  0.000746153
-3.05629  0.000736795
-3.04566  0.000825226
-3.03506  0.000719834
-3.02508  0.000752999
-3.01487  0.000734731
-3.00441  0.000799938
-2.99391  0.000736424
-2.98379  0.000745215
-2.97375  0.000718193
-2.96369  0.000760555
-2.95349  0.000721148
-2.94344  0.000745546
-2.93337  0.000731373
-2.92325  0.000743523
-2.91318  0.000716358
-2.90316  0.000755844
-2.89297  0.000722114
-2.88289  0.000744134
-2.87282  0.000727305
-2.86268  0.000746198
-2.85256  0.000719322
-2.84251  0.000749058
-2.8323  0.000727847
-2.82227  0.000728739
-2.8122  0.000735443
-2.80208  0.000729277
-2.79201  0.000726795
-2.78191  0.000741973
-2.77177  0.000722844
-2.76172  0.000726996
-2.7516  0.000742431
-2.74102  0.000784324
-2.73049  0.000731466
-2.72039  0.000732559
-2.7103  0.000718621
-2.70024  0.000731473
-2.69009  0.00072832
-2.68006  0.000719472
-2.67001  0.000719581
-2.66  0.000729471
-2.64986  0.00071258
-2.63992  0.000726237
-2.62975  0.000727122
-2.61968  0.000720793
-2.60953  0.000721082
-2.59953  0.000726217
-2.58937  0.000710211
-2.57938  0.000730864
-2.56918  0.00071938
-2.55914  0.000719923
-2.54894  0.00071918
-2.53893  0.000724753
-2.52871  0.000716735
-2.51865  0.000723859
-2.50854  0.000707942
-2.49851  0.0007208
-2.48838  0.00070809
-2.47792  0.00078906
-2.46727  0.000703145
-2.45727  0.00072639
-2.44712  0.00070145
-2.43714  0.000716336
-2.42697  0.000707522
-2.41697  0.0007219
-2.4068  0.000694937
-2.39681  0.000723262
-2.3867  0.00069068
-2.37677  0.000717028
-2.36652  0.000707939
-2.35651  0.000713621
-2.34638  0.00069315
-2.33633  0.000724607
-2.32621  0.000685506
-2.31627  0.000711251
-2.30609  0.000702771
-2.29612  0.000702866
-2.28601  0.000692202
-2.276  0.000712907
-2.26592  0.000688329
-2.25591  0.000705625
-2.2457  0.000706791
-2.23564  0.000697188
-2.2256  0.000691353
-2.21549  0.000712408
-2.20538  0.000686735
-2.19481  0.00077392
-2.18418  0.000694292
-2.174  0.000714873
-2.16387  0.000676173
-2.15387  0.000705865
-2.14378  0.000681646
-2.13376  0.000696568
-2.12365  0.000689991
-2.11353  0.00070537
-2.10344  0.000669332
-2.09299  0.000768055
-2.08237  0.000679402
-2.07234  0.000693723
-2.06223  0.00068629
-2.05217  0.000691051
-2.04204  0.000676361
-2.03201  0.000700742
-2.02188  0.000672838
-2.01184  0.000689767
-2.00169  0.000686668
-1.99157  0.000689911
-1.9815  0.000666512
-1.97144  0.000698154
-1.96134  0.000669196
-1.95128  0.000681884
-1.94118  0.000684733
-1.93106  0.000678293
-1.92107  0.000662439
-1.91099  0.000693618
-1.90094  0.00065877
-1.89093  0.000679035
-1.88078  0.000682264
-1.87071  0.000670102
-1.86063  0.000667595
-1.85057  0.000684261
-1.84041  0.000668479
-1.83038  0.000668035
-1.82022  0.000682045
-1.81016  0.000662235
-1.8001  0.000663923
-1.79003  0.000680348
-1.77989  0.000659463
-1.7699  0.000662891
-1.75973  0.000683292
-1.74963  0.000654548
-1.73953  0.000666666
-1.72951  0.000665587
-1.71941  0.000661859
-1.70938  0.00065139
-1.69927  0.000680995
-1.68912  0.000653175
-1.67905  0.00065988
-1.66897  0.000667018
-1.6588  0.00066113
-1.64874  0.000647157
-1.63866  0.000674024
-1.62856  0.0006453
-1.61851  0.000656948
-1.60839  0.000663503
-1.59826  0.000652385
-1.58818  0.000650702
-1.57808  0.000663432
-1.56797  0.00064965
-1.55779  0.000655802
-1.54774  0.000651995
-1.53765  0.000646438
-1.52708  0.000715741
-1.51652  0.000646424
-1.50649  0.000645597
-1.49636  0.000646226
-1.48638  0.000645783
-1.47623  0.000651076
-1.46615  0.000638694
-1.45606  0.000653125
-1.446  0.000634412
-1.43593  0.000644652
-1.42589  0.000641375
-1.41576  0.000647961
-1.40563  0.000639839
-1.39553  0.000643168
-1.38545  0.000638881
-1.37527  0.000646826
-1.36523  0.000633143
-1.35515  0.00063705
-1.34509  0.000633194
-1.33503  0.000639139
-1.32494  0.000636392
-1.3148  0.000633469
-1.30478  0.000637333
-1.29463  0.000631519
-1.28458  0.000633836
-1.27451  0.000627006
-1.26451  0.00063303
-1.25435  0.000630454
-1.24433  0.000630296
-1.23416  0.000633449
-1.22407  0.000629574
-1.21401  0.000628537
-1.20391  0.000625896
-1.1938  0.000628668
-1.18374  0.000627759
-1.17362  0.000627773
-1.16347  0.000625714
-1.15349  0.000622246
-1.14331  0.000627503
-1.13324  0.000619986
-1.12318  0.000625463
-1.11313  0.000616922
-1.10301  0.000624689
-1.09251  0.000675527
-1.08192  0.00062243
-1.07186  0.000615945
-1.06183  0.000621992
-1.05168  0.000616732
-1.04159  0.000620611
-1.03155  0.00061285
-1.0215  0.000615652
-1.01135  0.000619097
-1.00134  0.000614859
-0.991182  0.000614546
-0.981108  0.000615531
-0.971022  0.000617697
-0.960902  0.000610156
-0.950735  0.000623515
-0.94065  0.000608477
-0.930498  0.000617313
-0.920408  0.000606323
-0.910358  0.000618038
-0.900204  0.000602413
-0.890204  0.000610412
-0.88015  0.00060637
-0.870083  0.000606754
-0.860015  0.000605466
-0.849999  0.000608809
-0.83988  0.000603098
-0.829855  0.000603881
-0.819819  0.000607737
-0.809764  0.000595942
-0.79972  0.000609287
-0.789664  0.000600681
-0.779574  0.0006053
-0.769509  0.000599203
-0.759471  0.000608474
-0.749338  0.000595054
-0.739323  0.000606241
-0.729194  0.000601697
-0.719091  0.000605442
-0.708966  0.00059762
-0.698941  0.000603665
-0.688854  0.000590117
-0.678852  0.000603165
-0.668764  0.000597176
-0.658153  0.000662885
-0.647474  0.000601429
-0.637398  0.000599376
-0.627332  0.000591485
-0.617261  0.000600424
-0.607249  0.000589894
-0.597127  0.000602457
-0.587067  0.00058982
-0.576973  0.000603892
-0.566843  0.00059159
-0.556705  0.000603724
-0.546588  0.000593202
-0.53644  0.000600303
-0.526383  0.00058506
-0.516302  0.000606397
-0.506165  0.000581243
-0.496107  0.000605486
-0.486004  0.000580647
-0.475959  0.000602369
-0.465747  0.000592559
-0.455676  0.000597316
-0.445524  0.000585154
-0.435481  0.000600325
-0.425289  0.000590605
-0.415205  0.000592261
-0.405089  0.00059176
-0.395001  0.000592677
-0.384843  0.000590436
-0.374764  0.000593068
-0.364701  0.000584166
-0.354602  0.000592096
-0.344582  0.000583627
-0.334506  0.000589555
-0.324465  0.000584059
-0.314344  0.000597209
-0.304304  0.000576801
-0.294198  0.000595346
-0.284185  0.00057963
-0.274043  0.000598232
-0.263957  0.000577122
-0.253924  0.000593755
-0.243844  0.0005798
-0.233743  0.000593079
-0.223706  0.000579267
-0.213654  0.000589487
-0.203575  0.000580228
-0.193585  0.000586704
-0.183474  0.000585557
-0.173375  0.000588921
-0.163286  0.000586766
-0.153211  0.000581368
-0.143129  0.000589678
-0.133108  0.000577419
-0.122977  0.000599163
-0.112779  0.000582768
-0.102678  0.000594549
-0.0924995  0.000583577
-0.082421  0.000588377
-0.0723052  0.000585501
-0.0618099  0.000636464
-0.051164  0.000592993
-0.0410811  0.000584419
-0.0309322  0.00058873
-0.0208281  0.000585299
-0.0107107  0.000589606
-0.0028053  0.000326557
0.0028053  0.000326557
0.0107107  0.000589606
0.0208281  0.000585299
0.0309322  0.00058873
0.0410811  0.000584419
0.051164  0.000592993
0.0618099  0.000636464
0.0723052  0.000585501
0.082421  0.000588377
0.0924995  0.000583577
0.102678  0.000594549
0.112779  0.000582768
0.122977  0.000599163
0.133108  0.000577419
0.143129  0.000589678
0.153211  0.000581368
0.163286  0.000586766
0.173375  0.000588921
0.183474  0.000585557
0.193585  0.000586704
0.203575  0.000580228
0.213654  0.000589487
0.223706  0.000579267
0.233743  0.000593079
0.243844  0.0005798
0.253924  0.000593755
0.263957  0.000577122
0.274043  0.000598232
0.284185  0.00057963
0.294198  0.000595346
0.304304  0.000576801
0.314344  0.000597209
0.324465  0.000584059
0.334506  0.000589555
0.344582  0.000583627
0.354602  0.000592096
0.364701  0.000584166
0.374764  0.000593068
0.384843  0.000590436
0.395001  0.000592677
0.405089  0.00059176
0.415205  0.000592261
0.425289  0.000590605
0.435481  0.000600325
0.445524  0.000585154
0.455676  0.000597316
0.465747  0.000592559
0.475959  0.000602369
0.486004  0.000580647
0.496107  0.000605486
0.506165  0.000581243
0.516302  0.000606397
0.526383  0.00058506
0.53644  0.000600303
0.546588  0.000593202
0.556705  0.000603724
0.566843  0.00059159
0.576973  0.000603892
0.587067  0.00058982
0.597127  0.000602457
0.607249  0.000589894
0.617261  0.000600424
0.627332  0.000591485
0.637398  0.000599376
0.647474  0.000601429
0.658153  0.000662885
0.668764  0.000597176
0.678852  0.000603165
0.688854  0.000590117
0.698941  0.000603665
0.708966  0.00059762
0.719091  0.000605442
0.729194  0.000601697
0.739323  0.000606241
0.749338  0.000595054
0.759471  0.000608474
0.769509  0.000599203
0.779574  0.0006053
0.789664  0.000600681
0.79972  0.000609287
0.809764  0.000595942
0.819819  0.000607737
0.829855  0.000603881
0.83988  0.000603098
0.849999  0.000608809
0.860015  0.000605466
0.870083  0.000606754
0.88015  0.00060637
0.890204  0.000610412
0.900204  0.000602413
0.910358  0.000618038
0.920408  0.000606323
0.930498  0.000617313
0.94065  0.000608477
0.950735  0.000623515
0.960902  0.000610156
0.971022  0.000617697
0.981108  0.000615531
0.991182  0.000614546
1.00134  0.000614859
1.01135  0.000619097
1.0215  0.000615652
1.03155  0.00061285
1.04159  0.000620611
1.05168  0.000616732
1.06183  0.000621992
1.07186  0.000615945
1.08192  0.00062243
1.09251  0.000675527
1.10301  0.000624689
1.11313  0.000616922
1.12318  0.000625463
1.13324  0.000619986
1.14331  0.000627503
1.15349  0.000622246
1.16347  0.000625714
1.17362  0.000627773
1.18374  0.000627759
1.1938  0.000628668
1.20391  0.000625896
1.21401  0.000628537
1.22407  0.000629574
1.23416  0.000633449
1.24433  0.000630296
1.25435  0.000630454
1.26451  0.00063303
1.27451  0.000627006
1.28458  0.000633836
1.29463  0.000631519
1.30478  0.000637333
1.3148  0.000633469
1.32494  0.000636392
1.33503  0.000639139
1.34509  0.000633194
1.35515  0.00063705
1.36523  0.000633143
1.37527  0.000646826
1.38545  0.000638881
1.39553  0.000643168
1.40563  0.000639839
1.41576  0.000647961
1.42589  0.000641375
1.43593  0.000644652
1.446  0.000634412
1.45606  0.000653125
1.46615  0.000638694
1.47623  0.000651076
1.48638  0.000645783
1.49636  0.000646226
1.50649  0.000645597
1.51652  0.000646424
1.52708  0.000715741
1.53765  0.000646438
1.54774  0.000651995
1.55779  0.000655802
1.56797  0.00064965
1.57808  0.000663432
1.58818  0.000650702
1.59826  0.000652385
1.60839  0.000663503
1.61851  0.000656948
1.62856  0.0006453
1.63866  0.000674024
1.64874  0.000647157
1.6588  0.00066113
1.66897  0.000667018
1.67905  0.00065988
1.68912  0.000653175
1.69927  0.000680995
1.70938  0.00065139
1.71941  0.000661859
1.72951  0.000665587
1.73953  0.000666666
1.74963  0.000654548
1.75973  0.000683292
1.7699  0.000662891
1.77989  0.000659463
1.79003  0.000680348
1.8001  0.000663923
1.81016  0.000662235
1.82022  0.000682045
1.83038  0.000668035
1.84041  0.000668479
1.85057  0.000684261
1.86063  0.000667595
1.87071  0.000670102
1.88078  0.000682264
1.89093  0.000679035
1.90094  0.00065877
1.91099  0.000693618
1.92107  0.000662439
1.93106  0.000678293
1.94118  0.000684733
1.95128  0.000681884
1.96134  0.000669196
1.97144  0.000698154
1.9815  0.000666512
1.99157  0.000689911
2.00169  0.000686668
2.01184  0.000689767
2.02188  0.000672838
2.03201  0.000700742
2.04204  0.000676361
2.05217  0.000691051
2.06223  0.00068629
2.07234  0.000693723
2.08237  0.000679402
2.09299  0.000768055
2.10344  0.000669332
2.11353  0.00070537
2.12365  0.000689991
2.13376  0.000696568
2.14378  0.000681646
2.15387  0.000705865
2.16387  0.000676173
2.174  0.000714873
2.18418  0.000694292
2.19481  0.00077392
2.20538  0.000686735
2.21549  0.000712408
2.2256  0.000691353
2.23564  0.000697188
2.2457  0.000706791
2.25591  0.000705625
2.26592  0.000688329
2.276  0.000712907
2.28601  0.000692202
2.29612  0.000702866
2.30609  0.000702771
2.31627  0.000711251
2.32621  0.000685506
2.33633  0.000724607
2.34638  0.00069315
2.35651  0.000713621
2.36652  0.000707939
2.37677  0.000717028
2.3867  0.00069068
2.39681  0.000723262
2.4068  0.000694937
2.41697  0.0007219
2.42697  0.000707522
2.43714  0.000716336
2.44712  0.00070145
2.45727  0.00072639
2.46727  0.000703145
2.47792  0.00078906
2.48838  0.00070809
2.49851  0.0007208
2.50854  0.000707942
2.51865  0.000723859
2.52871  0.000716735
2.53893  0.000724753
2.54894  0.00071918
2.55914  0.000719923
2.56918  0.00071938
2.57938  0.000730864
2.58937  0.000710211
2.59953  0.000726217
2.60953  0.000721082
2.61968  0.000720793
2.62975  0.000727122
2.63992  0.000726237
2.64986  0.00071258
2.66  0.000729471
2.67001  0.000719581
2.68006  0.000719472
2.69009  0.00072832
2.70024  0.000731473
2.7103  0.000718621
2.72039  0.000732559
2.73049  0.000731466
2.74102  0.000784324
2.7516  0.000742431
2.76172  0.000726996
2.77177  0.000722844
2.78191  0.000741973
2.79201  0.000726795
2.80208  0.000729277
2.8122  0.000735443
2.82227  0.000728739
2.8323  0.000727847
2.84251  0.000749058
2.85256  0.000719322
2.86268  0.000746198
2.87282  0.000727305
2.88289  0.000744134
2.89297  0.000722114
2.90316  0.000755844
2.91318  0.000716358
2.92325  0.000743523
2.93337  0.000731373
2.94344  0.000745546
2.95349  0.000721148
2.96369  0.000760555
2.97375  0.000718193
2.98379  0.000745215
2.99391  0.000736424
3.00441  0.000799938
3.01487  0.000734731
3.02508  0.000752999
3.03506  0.000719834
3.04566  0.000825226
3.05629  0.000736795
3.06642  0.000746153
3.07684  0.000786382
3.08745  0.000769168
3.09759  0.000721934
3.10765  0.000748865
3.11771  0.000735551
3.12789  0.000756151
3.1379  0.00071779
3.14798  0.000765531
3.15812  0.00072496
3.1682  0.000752649
3.17825  0.000735675
3.18838  0.000746979
3.1984  0.000732287
3.20853  0.000760782
3.21869  0.000732105
3.22874  0.000750082
3.23885  0.000742259
3.24898  0.000746572
3.259  0.000731507
3.2691  0.000756319
3.27911  0.000722553
3.28916  0.000755258
3.29927  0.000741033
3.30939  0.000746285
3.31944  0.00073848
3.32957  0.000754549
3.33964  0.000737146
3.34979  0.000751299
3.35983  0.000739658
3.36996  0.00074458
3.38041  0.000806724
3.39109  0.00076369
3.40111  0.000719681
3.41119  0.000763512
3.42137  0.000745102
3.43154  0.000746122
3.44152  0.000737727
3.45175  0.000765486
3.46176  0.000716749
3.47183  0.000762377
3.48192  0.000736024
3.49202  0.000744591
3.50202  0.000739616
3.51217  0.000751508
3.52214  0.000723072
3.53223  0.000759887
3.54232  0.000735934
3.5524  0.000742786
3.56243  0.000743842
3.57257  0.000743542
3.58304  0.000804478
3.59404  0.000814944
3.60457  0.00074382
3.61468  0.000731283
3.62468  0.000753217
3.63484  0.00073895
3.64487  0.000737894
3.65496  0.000745062
3.66504  0.000742308
3.67507  0.000729246
3.68517  0.000759313
3.69531  0.000730686
3.70532  0.000739965
3.71543  0.000747195
3.72552  0.000732848
3.73547  0.00073113
3.74559  0.000753227
3.75569  0.000731149
3.76575  0.000736485
3.77582  0.00075142
3.786  0.000732565
3.79599  0.0007344
3.80617  0.000754907
3.81626  0.000727055
3.82624  0.000728035
3.83638  0.000757818
3.84646  0.000715985
3.85642  0.000744263
3.86662  0.000737772
3.87665  0.000734122
3.88674  0.000732725
3.8973  0.000814173
3.90786  0.000719031
3.91784  0.000739362
3.928  0.000737708
3.93805  0.000727458
3.94809  0.000728538
3.9582  0.000749126
3.96831  0.000713025
3.9783  0.000737867
3.98842  0.00073481
3.99848  0.000725577
4.0085  0.000725209
4.01865  0.000743796
4.02916  0.000775767
4.03962  0.000742378
4.04979  0.00072961
4.0599  0.000725936
4.06993  0.000723545
4.08008  0.000743303
4.09018  0.000708419
4.10021  0.000738002
4.11035  0.00072681
4.12044  0.000718342
4.13048  0.000723579
4.1406  0.000736844
4.15067  0.000706382
4.16075  0.000734615
4.17091  0.000726584
4.18106  0.000721808
4.19108  0.000715625
4.20116  0.000726132
4.21122  0.000708188
4.22129  0.000726489
4.2314  0.000717009
4.24142  0.000711202
4.25149  0.000719141
4.26161  0.000723359
4.2716  0.000693328
4.28165  0.000729317
4.29176  0.000708927
4.30178  0.000711462
4.31189  0.000715608
4.32206  0.000723815
4.33204  0.000687666
4.34214  0.000732132
4.35226  0.000700029
4.36228  0.000710377
4.37239  0.000707401
4.38251  0.000715141
4.39251  0.000692943
4.40266  0.000722753
4.41324  0.000766584
4.42376  0.000698738
4.43384  0.000709188
4.444  0.000713541
4.45402  0.000683776
4.4641  0.000713216
4.47468  0.000764549
4.48518  0.000687794
4.49525  0.000709864
4.50541  0.000706811
4.51548  0.000681772
4.52559  0.000711794
4.53573  0.000696297
4.5458  0.000689036
4.55595  0.000705872
4.56604  0.000690233
4.57615  0.000685868
4.58626  0.000711326
4.59639  0.000677777
4.60684  0.000747138
4.61748  0.000706749
4.62764  0.000686698
4.63771  0.000671535
4.6477  0.000700533
4.6579  0.000680589
4.66787  0.000673124
4.67802  0.000695448
4.68806  0.000678688
4.69815  0.000668472
4.70821  0.000699968
4.71841  0.000670158
4.72837  0.000672469
4.73855  0.000690878
4.74857  0.000665126
4.75866  0.000668596
4.76877  0.000698843
4.77894  0.000654331
4.78891  0.00067486
4.79905  0.000672789
4.809  0.000660515
4.81907  0.000660407
4.8292  0.00069193
4.8393  0.00064375
4.84927  0.000672047
4.85946  0.000668663
4.86987  0.000709452
4.8804  0.000660359
4.89047  0.000676891
4.90059  0.00064228
4.9106  0.000664819
4.92076  0.000659813
4.93075  0.000651058
4.94088  0.0006548
4.95099  0.000668076
4.96101  0.000631881
4.97109  0.000664636
4.98127  0.000655674
4.99125  0.000638413
5.0013  0.000646764
5.0119  0.000722235
5.02247  0.000626243
5.03296  0.000720419
5.0437  0.000655712
5.05371  0.000625639
5.06383  0.000647142
5.07391  0.000650357
5.08408  0.000629727
5.09411  0.000644688
5.10439  0.000653916
5.11441  0.000610726
5.12496  0.000708005
5.13555  0.000638078
5.14571  0.000619354
5.15564  0.000632624
5.16587  0.000642498
5.17598  0.000612583
5.18601  0.000633817
5.19611  0.000634763
5.20627  0.000605138
5.21619  0.000628663
5.22636  0.00062664
5.23643  0.000613255
5.24658  0.000626854
5.25664  0.000621575
5.26718  0.000651821
5.27753  0.000619871
5.28777  0.000628014
5.29786  0.000595989
5.30792  0.000622606
5.31807  0.000621156
5.32832  0.000589153
5.33817  0.000617865
5.34837  0.000607641
5.3584  0.000592406
5.36856  0.000617095
5.37865  0.000608194
5.38881  0.000578702
5.39872  0.000612799
5.40898  0.000605142
5.41901  0.000578087
5.42906  0.000601682
5.43911  0.000597956
5.44929  0.000583134
5.45925  0.000595323
5.46942  0.000593746
5.47942  0.000566619
5.48948  0.000604312
5.49958  0.000583536
5.50971  0.000571947
5.51973  0.000594089
5.52989  0.000580907
5.54033  0.000612107
5.55082  0.000593999
5.56093  0.000572447
5.57108  0.000572813
5.58157  0.000629468
5.59218  0.000577163
5.60221  0.000554178
5.61225  0.000583932
5.62232  0.000558078
5.63252  0.000572571
5.64246  0.000562866
5.65261  0.000562743
5.66263  0.000549302
5.67266  0.000576773
5.68269  0.000547303
5.69285  0.000556203
5.70286  0.000566561
5.71307  0.000552912
5.72307  0.000546572
5.73324  0.000566512
5.74333  0.000545176
5.75351  0.000550278
5.76355  0.000552961
5.77365  0.000536828
5.7837  0.000549462
5.79388  0.000547628
5.80385  0.000534186
5.81399  0.000536284
5.824  0.000550676
5.83416  0.000524783
5.84418  0.000539853
5.85441  0.000544069
5.86435  0.000518755
5.87449  0.000533467
5.88462  0.000539745
5.89474  0.00052128
5.90474  0.000525728
5.91491  0.000529386
5.92484  0.000511069
5.93496  0.000525798
5.94505  0.000528649
5.95514  0.000509277
5.96521  0.000518322
5.97538  0.000526537
5.98543  0.00050844
5.99557  0.00051014
6.00556  0.000513549
6.0156  0.000502817
6.02567  0.000507147
6.03575  0.00051025
6.04573  0.000502463
6.05595  0.000503836
6.06598  0.000506803
6.07605  0.000493535
6.08611  0.000500457
6.09623  0.00050006
6.10617  0.00049124
6.11637  0.000493077
6.1264  0.00049975
6.13643  0.000482965
6.14658  0.000496945
6.15674  0.000490777
6.16664  0.000481124
6.17686  0.000484109
6.18687  0.000491759
6.19692  0.000468844
6.20698  0.00049018
6.21718  0.000478766
6.2271  0.00047516
6.23737  0.000474729
6.24738  0.000483272
6.25749  0.000468483
6.26818  0.000524971
6.27946  0.000530274
6.29005  0.000459114
6.30022  0.000469123
6.31023  0.000470681
6.32033  0.000451599
6.33039  0.000468836
6.34057  0.000460912
6.35049  0.000451368
6.36068  0.00046316
6.37072  0.000454466
6.38078  0.000445989
6.39081  0.000453628
6.40094  0.000454076
6.41091  0.000444954
6.42114  0.00045008
6.43111  0.000443895
6.44118  0.000442435
6.4513  0.000444231
6.46139  0.00044535
6.47141  0.000432674
6.48157  0.000440046
6.49155  0.000436308
6.50161  0.000432568
6.51175  0.00043726
6.52191  0.000435006
6.53186  0.000423645
6.54208  0.000434799
6.55204  0.000420446
6.56212  0.000428161
6.5723  0.000428082
6.58241  0.00042378
6.59238  0.000418283
6.6026  0.000422151
6.61259  0.000419207
6.62316  0.000449612
6.63372  0.000420925
6.64385  0.00041337
6.65384  0.000409532
6.66408  0.000414467
6.67403  0.000405987
6.68418  0.000407884
6.69426  0.000408118
6.70435  0.000402771
6.71437  0.000403171
6.72468  0.000409923
6.73505  0.000425415
6.74562  0.000404457
6.75577  0.000396091
6.7658  0.000398883
6.77637  0.000425371
6.78701  0.00039743
6.79696  0.000385147
6.80705  0.000391765
6.81773  0.000429345
6.82838  0.000389128
6.83847  0.000379148
6.84852  0.000386676
6.85856  0.000376934
6.86869  0.000384797
6.87881  0.000374935
6.88879  0.000375199
6.89893  0.000378941
6.90906  0.000375679
6.91912  0.000367889
6.92921  0.00037362
6.93939  0.000371102
6.94934  0.000364015
6.95941  0.000363967
6.96954  0.000365143
6.97954  0.000362804
6.98973  0.00036639
6.9998  0.00035535
7.01024  0.000390128
7.02091  0.000362705
7.03112  0.00035992
7.04111  0.000343654
7.05115  0.000358748
7.06139  0.000354088
7.07151  0.000350804
7.08161  0.000344973
7.09174  0.000351131
7.10171  0.000338278
7.11189  0.000352252
7.12203  0.00033884
7.13212  0.000343957
7.14214  0.00033278
7.15234  0.00034592
7.16232  0.000329759
7.17248  0.000337429
7.18257  0.000332742
7.19297  0.000354102
7.20344  0.000333629
7.21372  0.000334064
7.22372  0.000322018
7.23387  0.00033007
7.24398  0.000322913
7.25403  0.000323199
7.26407  0.000319488
7.27419  0.00032289
7.28421  0.000314215
7.29429  0.000316881
7.30437  0.000319695
7.31442  0.000310717
7.32452  0.000314559
7.33471  0.000312583
7.34505  0.000332994
7.35575  0.000317573
7.36631  0.000329518
7.37676  0.000306186
7.3869  0.000306928
7.39707  0.000303713
7.40696  0.000295302
7.41716  0.000307529
7.42788  0.000328622
7.43846  0.000300687
7.44858  0.000293883
7.45865  0.000296903
7.46861  0.000283652
7.47875  0.000300514
7.48897  0.000292711
7.49901  0.000288877
7.50901  0.00028186
7.51913  0.000290648
7.5292  0.000282323
7.53928  0.00028864
7.54939  0.000277263
7.55945  0.000286627
7.56954  0.000272614
7.57958  0.000283517
7.58959  0.000271812
7.59969  0.000279927
7.60981  0.000273468
7.61994  0.000279228
7.63014  0.00026861
7.64019  0.000273257
7.65022  0.000270018
7.66047  0.000270438
7.6704  0.000260799
7.68058  0.000274997
7.69117  0.000283242
7.7017  0.000264374
7.71168  0.000261413
7.72188  0.000263059
7.73192  0.00025554
7.74201  0.000261935
7.75207  0.000252827
7.76216  0.000258913
7.77213  0.000249383
7.78234  0.000256178
7.79243  0.000253366
7.80244  0.000250926
7.81255  0.000246911
7.82259  0.000245001
7.83258  0.000249254
7.8428  0.000249234
7.85285  0.00024243
7.86293  0.000244351
7.87308  0.00024073
7.88305  0.00023944
7.89326  0.000248019
7.90342  0.000233624
7.91346  0.000240562
7.92354  0.000234064
7.93366  0.000234772
7.94368  0.000234425
7.95378  0.000235341
7.96391  0.000227183
7.97393  0.000230071
7.98403  0.000231655
7.99411  0.000223174
8.00406  0.000227564
8.01428  0.000226665
8.02435  0.000221603
8.03428  0.000220753
8.04442  0.000226425
8.05455  0.000214748
8.06453  0.00022467
8.07521  0.000236084
8.08557  0.000211488
8.09563  0.000218187
8.10579  0.000218374
8.11602  0.000213055
8.126  0.000210459
8.1362  0.00021587
8.14631  0.000206857
8.15629  0.000208318
8.16655  0.000213771
8.17655  0.000200182
8.18655  0.000208141
8.19683  0.000205259
8.20678  0.000200214
8.21678  0.000202807
8.22699  0.000203212
8.23695  0.000192079
8.24693  0.000202656
8.25716  0.00019925
8.26729  0.000196475
8.27733  0.00019482
8.28767  0.000202336
8.29754  0.000182312
8.30759  0.000197196
8.31786  0.000192494
8.32787  0.000186629
8.33784  0.000190297
8.34861  0.000208637
8.35915  0.000183935
8.36926  0.000186726
8.37935  0.000183899
8.38943  0.000183476
8.39942  0.000181764
8.40959  0.000184381
8.41965  0.000177536
8.42978  0.000180598
8.43988  0.000180162
8.44995  0.000174859
8.45992  0.000174846
8.47018  0.00017857
8.48015  0.000171659
8.49042  0.000177153
8.50032  0.000169187
8.51042  0.00017019
8.5205  0.000172518
8.53073  0.000166826
8.54058  0.000168401
8.5508  0.000168273
8.56081  0.00016533
8.57099  0.000164164
8.58099  0.000165997
8.5912  0.000163597
8.60107  0.000159803
8.61129  0.000161626
8.62132  0.000160999
8.63144  0.00015916
8.64163  0.000163177
8.6519  0.000155906
8.66235  0.000172825
8.67307  0.000156222
8.68316  0.000155182
8.69327  0.000150578
8.70375  0.000171582
8.71459  0.000151449
8.72443  0.00014721
8.73464  0.000152672
8.74474  0.000148517
8.7548  0.000147436
8.76486  0.000150705
8.77512  0.000143496
8.78506  0.000145039
8.79539  0.000147645
8.80544  0.000144196
8.81543  0.000139157
8.82549  0.000143802
8.83582  0.00014116
8.84628  0.000153878
8.85684  0.000139163
8.86692  0.000136891
8.87699  0.000135465
8.88718  0.000142165
8.8973  0.000131598
8.90722  0.000134639
8.91747  0.000135688
8.92813  0.00014705
8.93856  0.000127574
8.94873  0.00013651
8.95886  0.000127548
8.96891  0.000130361
8.97906  0.000129471
8.98922  0.000129266
8.99924  0.000123208
9.00947  0.000131824
9.02003  0.00013449
9.03062  0.000124926
9.04069  0.000125733
9.05141  0.000133826
9.06184  0.000118971
9.07195  0.000127704
9.08216  0.000117334
9.09257  0.000127723
9.10302  0.000120291
9.11326  0.000120335
9.12369  0.000125503
9.13441  0.000121898
9.1446  0.000111748
9.15455  0.0001131
9.16445  0.000115834
9.17476  0.000116089
9.18489  0.000108946
9.19488  0.000116134
9.20516  0.000110129
9.2153  0.000107803
9.22517  0.00011318
9.23555  0.000110136
9.24613  0.000116712
9.25665  0.000109608
9.26699  0.000108112
9.27705  0.000104507
9.28708  0.00010752
9.29732  0.000102972
9.30731  0.00010383
9.3174  0.000102498
9.32744  0.000102037
9.33771  0.000102167
9.34757  0.000103336
9.35792  9.90652e-05
9.36842  0.000108703
9.37908  0.000102253
9.38911  9.54175e-05
9.39926  9.89335e-05
9.40931  9.45504e-05
9.41939  9.75704e-05
9.42991  0.000103745
9.44053  9.66717e-05
9.45064  9.34988e-05
9.46088  9.41349e-05
9.47086  9.13109e-05
9.48093  9.26406e-05
9.49096  9.11782e-05
9.50113  9.44816e-05
9.51133  8.80716e-05
9.52146  8.83533e-05
9.53136  9.20959e-05
9.54165  8.73331e-05
9.55206  9.43033e-05
9.56285  9.16797e-05
9.57309  8.61769e-05
9.58311  8.30686e-05
9.59311  8.89555e-05
9.60343  8.28097e-05
9.61336  8.41059e-05
9.62365  8.53714e-05
9.6337  8.14124e-05
9.64376  8.04536e-05
9.65371  8.58265e-05
9.66406  7.73954e-05
9.67397  8.17506e-05
9.68423  8.07677e-05
9.6943  7.8275e-05
9.70437  7.81537e-05
9.71481  8.69923e-05
9.72552  7.60905e-05
9.73551  7.86277e-05
9.74579  7.63039e-05
9.75577  7.56709e-05
9.76592  7.50945e-05
9.77596  7.57355e-05
9.78619  7.1108e-05
9.79607  7.61839e-05
9.80636  7.34542e-05
9.81687  7.78027e-05
9.82742  7.13143e-05
9.83757  7.47568e-05
9.84781  6.82104e-05
9.85766  7.31935e-05
9.86796  6.7815e-05
9.8781  7.04706e-05
9.88815  6.77501e-05
9.89837  7.1348e-05
9.9085  6.57445e-05
9.91839  6.80709e-05
9.92867  6.64812e-05
9.93889  6.70975e-05
9.9488  6.4565e-05
9.95899  6.7882e-05
9.96916  6.30617e-05
9.97929  6.61123e-05
9.98938  6.30016e-05
9.9996  6.32616e-05
10.0095  6.19779e-05
10.0199  6.47585e-05
10.0298  6.07396e-05
10.04  6.30088e-05
10.0505  6.3223e-05
10.0612  6.32731e-05
10.0711  5.8573e-05
10.0813  6.15026e-05
10.0916  5.64093e-05
10.1015  6.03068e-05
10.1117  5.85292e-05
10.122  5.76959e-05
10.1318  5.67955e-05
10.1421  5.79136e-05
10.1522  5.44909e-05
10.1624  5.80399e-05
10.1725  5.50858e-05
10.1827  5.36432e-05
10.1925  5.61516e-05
10.2029  5.29134e-05
10.2127  5.44632e-05
10.2232  5.52321e-05
10.2331  5.08361e-05
10.2433  5.19706e-05
10.2536  5.75073e-05
10.2644  5.22291e-05
10.2746  5.04573e-05
10.2847  5.26711e-05
10.2947  5.06157e-05
10.3053  4.8786e-05
10.315  4.9718e-05
10.3254  5.11439e-05
10.3356  4.72844e-05
10.3455  5.0374e-05
10.3557  4.60546e-05
10.3667  5.35873e-05
10.377  4.74939e-05
10.3874  4.70813e-05
10.3974  4.68052e-05
10.4081  5.04254e-05
10.4184  4.36772e-05
10.4291  4.80361e-05
10.439  4.55276e-05
10.449  4.28987e-05
10.4592  4.36451e-05
10.4693  4.46677e-05
10.4795  4.37218e-05
10.4899  4.35801e-05
10.4997  4.36889e-05
10.5101  4.01418e-05
10.5201  4.32239e-05
10.5302  4.25238e-05
10.5404  4.14636e-05
10.5507  4.09079e-05
10.561  4.41174e-05
10.5715  3.80837e-05
10.5817  4.28241e-05
10.5919  3.98338e-05
10.6021  3.89475e-05
10.6124  3.77048e-05
10.6224  4.08551e-05
10.6325  3.6747e-05
10.6427  3.92323e-05
10.6526  3.6428e-05
10.6629  3.93027e-05
10.6731  3.46158e-05
10.6829  3.87325e-05
10.6933  3.51432e-05
10.7038  4.01401e-05
10.7143  3.50763e-05
10.7244  3.49651e-05
10.7346  3.42307e-05
10.7447  3.87554e-05
10.7549  3.22738e-05
10.7651  3.46317e-05
10.7751  3.33618e-05
10.7854  3.37896e-05
10.7955  3.29924e-05
10.8056  3.57604e-05
10.8157  3.04409e-05
10.8261  3.35815e-05
10.8359  3.1482e-05
10.8462  3.23274e-05
10.8561  3.08298e-05
10.8664  3.29119e-05
10.8766  2.94247e-05
10.8873  3.55405e-05
10.8975  2.9953e-05
10.9079  3.04328e-05
10.9182  2.99706e-05
10.9282  3.02709e-05
10.9382  2.78379e-05
10.9485  3.05197e-05
10.9586  2.86352e-05
10.9687  2.85017e-05
10.9788  2.85959e-05
10.9889  2.82724e-05
10.999  2.72288e-05
11.0092  2.85286e-05
11.0193  2.76199e-05
11.0298  2.70255e-05
11.0395  2.68672e-05
11.0497  2.69006e-05
11.0598  2.55441e-05
11.0699  2.6921e-05
11.08  2.72675e-05
11.0905  2.43542e-05
11.1002  2.55396e-05
11.1105  2.64182e-05
11.1208  2.51817e-05
11.131  2.47987e-05
11.1412  2.42204e-05
11.1512  2.39102e-05
11.1612  2.55729e-05
11.1716  2.36094e-05
11.182  2.42213e-05
11.1922  2.34122e-05
11.202  2.33991e-05
11.2126  2.38353e-05
11.2226  2.21779e-05
11.2327  2.33791e-05
11.2429  2.26497e-05
11.2531  2.14788e-05
11.2629  2.2614e-05
11.2736  2.18126e-05
11.2834  2.1799e-05
11.2939  2.25495e-05
11.3039  1.98731e-05
11.314  2.18452e-05
11.3241  2.04431e-05
11.3344  2.03735e-05
11.3443  2.16898e-05
11.3545  1.93329e-05
11.3648  2.0707e-05
11.3751  1.96962e-05
11.385  2.03335e-05
11.3955  1.9225e-05
11.4055  1.95967e-05
11.4158  1.90704e-05
11.426  1.91042e-05
11.4359  1.91059e-05
11.4464  1.92545e-05
11.4569  1.76697e-05
11.4667  1.92346e-05
11.4771  1.69383e-05
11.4875  1.9589e-05
11.4976  1.81226e-05
11.5084  1.84672e-05
11.5194  1.70965e-05
11.5293  1.89534e-05
11.5394  1.57318e-05
11.5496  1.70596e-05
11.5598  1.65482e-05
11.5699  1.7143e-05
11.5804  1.65063e-05
11.5901  1.60177e-05
11.6004  1.55615e-05
11.6109  1.7494e-05
11.6207  1.4753e-05
11.631  1.53104e-05
11.641  1.5518e-05
11.6508  1.62307e-05
11.6612  1.35452e-05
11.6716  1.61634e-05
11.6816  1.50367e-05
11.6918  1.45161e-05
11.702  1.42054e-05
11.712  1.54729e-05
11.7222  1.33929e-05
11.7332  1.64478e-05
11.7434  1.32536e-05
11.7536  1.45847e-05
11.7643  1.42536e-05
11.7744  1.30529e-05
11.7847  1.32722e-05
11.7951  1.44638e-05
11.805  1.25778e-05
11.8153  1.25334e-05
11.8254  1.34826e-05
11.8357  1.32882e-05
11.8457  1.22911e-05
11.8564  1.31161e-05
11.8663  1.17342e-05
11.8772  1.41172e-05
11.888  1.23515e-05
11.8982  1.29456e-05
11.9083  1.03302e-05
11.9188  1.27105e-05
11.9288  1.14939e-05
11.9392  1.22304e-05
11.9494  1.09023e-05
11.9596  1.16929e-05
11.97  1.04589e-05
11.9801  1.20147e-05
11.9901  1.07643e-05
12.0005  1.09818e-05
12.0109  1.09943e-05
12.0211  1.07921e-05
12.0313  1.03534e-05
12.0417  1.05797e-05
12.0515  9.87652e-06
12.0619  1.02597e-05
12.0721  1.0882e-05
12.0824  9.98494e-06
12.0926  9.17692e-06
12.103  1.06807e-05
12.1126  9.31234e-06
12.1234  9.48071e-06
12.1334  9.71713e-06
12.1436  9.22024e-06
12.1536  8.54491e-06
12.1639  1.00822e-05
12.1742  8.90358e-06
12.1847  9.32704e-06
12.1947  9.06113e-06
12.2052  8.92015e-06
12.215  8.66524e-06
12.2258  9.18191e-06
12.2357  7.80474e-06
12.2464  9.02205e-06
12.2563  8.38912e-06
12.2668  8.18056e-06
12.2769  8.00432e-06
12.2874  9.25899e-06
12.2974  7.71325e-06
12.3083  7.95333e-06
12.3179  7.40713e-06
12.3286  8.35004e-06
12.3386  7.83946e-06
12.3491  7.65313e-06
12.359  6.96016e-06
12.3694  7.8795e-06
12.3796  7.33054e-06
12.3902  7.47058e-06
12.4003  7.38692e-06
12.411  7.23926e-06
12.4212  6.67203e-06
12.4313  7.42159e-06
12.4411  6.55486e-06
12.4517  6.74285e-06
12.4619  6.72971e-06
12.4721  6.76702e-06
12.4824  6.99545e-06
12.4927  6.2865e-06
12.5028  6.71767e-06
12.5136  6.08226e-06
12.5232  6.70534e-06
12.5341  5.96701e-06
12.5436  6.2656e-06
12.5544  6.39305e-06
12.5647  5.88407e-06
12.5751  5.94805e-06
12.5852  6.60251e-06
12.5958  5.35765e-06
12.6058  5.69631e-06
12.6165  6.17413e-06
12.6266  5.53438e-06
12.6373  5.65762e-06
12.6478  5.8788e-06
12.6585  5.63079e-06
12.6688  5.45411e-06
12.6789  5.33121e-06
12.6893  5.36632e-06
12.7  5.22133e-06
12.7094  5.18497e-06
12.7203  5.03928e-06
12.7303  4.88902e-06
12.7406  5.37481e-06
12.7508  4.65193e-06
12.7614  4.66591e-06
12.7712  5.01786e-06
12.7818  4.8116e-06
12.7922  5.05955e-06
12.8024  4.5114e-06
12.8126  4.2119e-06
12.8231  4.70685e-06
12.8329  4.41894e-06
12.8433  4.48132e-06
12.8541  5.03906e-06
12.8644  3.88879e-06
12.8747  4.44948e-06
12.8855  4.61474e-06
12.8956  4.57971e-06
12.9068  3.82695e-06
12.917  4.20351e-06
12.9276  4.36449e-06
12.9378  3.67577e-06
12.9481  4.31279e-06
12.9587  3.62984e-06
12.9697  4.14421e-06
12.9794  4.21275e-06
12.9901  3.55471e-06
13.0002  3.40971e-06
13.0105  4.21133e-06
13.0212  3.2649e-06
13.0315  3.8682e-06
13.0422  3.83054e-06
13.0534  3.72647e-06
13.064  3.33264e-06
13.0743  3.92957e-06
13.0844  3.07954e-06
13.0954  3.43206e-06
13.1054  2.95782e-06
13.1155  3.52804e-06
13.126  3.18905e-06
13.1361  3.38931e-06
13.1465  2.88592e-06
13.1571  3.43103e-06
13.1669  2.98761e-06
13.1776  2.95472e-06
13.1884  3.2161e-06
13.1982  3.2151e-06
13.2092  2.70104e-06
13.2204  3.09751e-06
13.231  3.07088e-06
13.2416  2.8459e-06
13.2526  2.99838e-06
13.2626  2.72195e-06
13.2729  2.46243e-06
13.2829  2.96418e-06
13.2936  2.67998e-06
13.3042  2.63963e-06
13.315  2.47455e-06
13.3247  2.49854e-06
13.3352  2.4678e-06
13.3455  2.94595e-06
13.3562  2.35007e-06
13.3673  2.6643e-06
13.3786  2.7309e-06
13.3882  2.28749e-06
13.3999  2.44935e-06
13.4099  2.16662e-06
13.4206  2.19726e-06
13.4308  2.49236e-06
13.441  2.24523e-06
13.4519  2.2233e-06
13.4622  2.06618e-06
13.4721  2.40051e-06
13.4832  2.01444e-06
13.4941  2.24572e-06
13.5053  2.1231e-06
13.5162  2.20671e-06
13.5268  2.03745e-06
13.5368  2.0905e-06
13.5475  2.01252e-06
13.5578  1.88971e-06
13.5684  1.84226e-06
13.5783  1.872e-06
13.5894  2.08705e-06
13.6  1.62985e-06
13.6099  1.85777e-06
13.6201  1.92655e-06
13.6311  1.77608e-06
13.6421  1.70617e-06
13.6528  1.85588e-06
13.6627  1.69796e-06
13.6736  1.80648e-06
13.6837  1.58257e-06
13.694  1.78826e-06
13.705  1.43195e-06
13.7149  1.51619e-06
13.7246  1.51126e-06
13.7352  1.66662e-06
13.7461  1.63958e-06
13.7567  1.69338e-06
13.7674  1.33796e-06
13.7778  1.51355e-06
13.7893  1.62585e-06
13.7992  1.53405e-06
13.8108  1.43906e-06
13.8219  1.42369e-06
13.8326  1.57847e-06
13.8431  1.49908e-06
13.8548  1.37456e-06
13.8653  1.16416e-06
13.8759  1.48191e-06
13.8863  1.12283e-06
13.8967  1.39237e-06
13.9075  1.24576e-06
13.9186  1.26606e-06
13.9286  1.21309e-06
13.9399  1.54003e-06
13.9501  1.07903e-06
13.9612  1.10796e-06
13.9716  1.11302e-06
13.9815  1.32592e-06
13.9926  1.05399e-06
14.0035  1.16416e-06
14.0135  1.13517e-06
14.0247  1.26464e-06
14.0361  1.04076e-06
14.0462  1.08087e-06
14.0573  9.00142e-07
14.0676  1.2764e-06
14.0782  9.57117e-07
14.0887  8.4922e-07
14.0993  1.18291e-06
14.1108  9.82097e-07
14.1216  9.31959e-07
14.1315  1.0275e-06
14.1437  8.85145e-07
14.1537  1.06752e-06
14.1646  1.00017e-06
14.1751  7.12619e-07
14.1862  9.88356e-07
14.1964  8.04511e-07
14.2076  9.09238e-07
14.2184  8.52453e-07
14.2281  9.29833e-07
14.2381  6.24337e-07
14.2497  1.22745e-06
14.2614  5.20046e-07
14.2718  7.58274e-07
14.2814  8.89886e-07
14.2928  7.87837e-07
14.3034  7.36395e-07
14.315  8.18947e-07
14.3252  6.90926e-07
14.3357  9.06442e-07
14.347  5.88828e-07
14.3574  7.28223e-07
14.3688  7.39193e-07
14.3791  7.79182e-07
14.3898  5.87875e-07
14.4003  7.74649e-07
14.4117  5.55574e-07
14.4225  5.44915e-07
14.433  8.19138e-07
14.4427  6.16127e-07
14.4541  6.76806e-07
14.4644  5.42833e-07
14.4744  7.19113e-07
14.4857  4.99298e-07
14.4959  5.05203e-07
14.5065  6.23871e-07
14.5185  7.41965e-07
14.5288  5.26439e-07
14.5392  4.8744e-07
14.55  5.93027e-07
14.5604  5.76982e-07
14.5722  4.14213e-07
14.5826  5.55662e-07
14.5931  5.26992e-07
14.6046  5.1115e-07
14.6146  5.19474e-07
14.625  5.67803e-07
14.6351  4.0905e-07
14.6454  4.70875e-07
14.656  4.70276e-07
14.6663  3.83332e-07
14.6774  5.68809e-07
14.6879  3.74634e-07
14.6973  4.31432e-07
14.7084  5.51248e-07
14.7188  3.31666e-07
14.7298  4.34774e-07
14.7415  4.37687e-07
14.7515  3.82475e-07
14.7627  4.17038e-07
14.7733  4.13394e-07
14.7843  4.8894e-07
14.7959  4.32827e-07
14.8066  3.53846e-07
14.8152  2.38285e-07
14.8269  4.38831e-07
14.8378  3.50248e-07
14.848  4.55539e-07
14.8595  3.71264e-07
14.8709  3.17416e-07
14.8807  3.11947e-07
14.8914  3.73147e-07
14.9017  2.58429e-07
14.9122  3.27237e-07
14.9236  3.8857e-07
14.9337  3.03785e-07
14.9431  2.90555e-07
14.9539  3.08078e-07
14.9656  3.13548e-07
14.9764  3.03861e-07
14.9862  2.85271e-07
14.9989  3.68978e-07
15.011  3.04165e-07
15.0216  3.13731e-07
15.0326  2.62184e-07
15.0429  1.93087e-07
15.0537  3.80181e-07
15.0644  2.24712e-07
15.0744  3.01602e-07
15.085  1.87023e-07
15.0959  2.74146e-07
15.1064  2.31119e-07
15.1179  3.24983e-07
15.1287  2.04281e-07
15.1382  2.26542e-07
15.1482  1.72713e-07
15.1586  2.79214e-07
15.1694  2.05089e-07
15.1794  2.14487e-07
15.1895  2.17799e-07
15.2008  3.03848e-07
15.2131  1.7655e-07
15.2249  2.17106e-07
15.2366  2.2491e-07
15.2477  2.76757e-07
15.2586  1.44417e-07
15.2703  1.87189e-07
15.2798  1.96153e-07
15.2904  1.43996e-07
15.3008  2.21072e-07
15.3122  2.15006e-07
15.3231  1.6452e-07
15.3337  1.99111e-07
15.3432  1.95295e-07
15.3535  1.29713e-07
15.3652  1.62233e-07
15.3767  1.56361e-07
15.3884  1.76382e-07
15.4009  2.02756e-07
15.411  1.28019e-07
15.423  2.36719e-07
15.4323  1.2728e-07
15.444  1.18886e-07
15.4548  2.05469e-07
15.4661  1.44082e-07
15.4756  1.44207e-07
15.4863  1.28016e-07
15.4953  1.32332e-07
15.5081  1.19203e-07
15.5202  1.78827e-07
15.5296  1.42432e-07
15.5422  1.23866e-07
15.5538  1.50291e-07
15.5635  8.17117e-08
15.5738  1.27163e-07
15.5831  1.03884e-07
15.5936  1.01274e-07
15.6051  1.48626e-07
15.6176  1.17195e-07
15.6282  1.43734e-07
15.6382  1.24387e-07
15.6492  1.1771e-07
15.6591  6.41243e-08
15.6704  1.05043e-07
15.6799  9.79266e-08
15.6919  1.19684e-07
15.7018  9.26546e-08
15.7125  1.27938e-07
15.7242  8.74352e-08
15.735  1.20872e-07
15.7457  9.66644e-08
15.7576  9.14858e-08
15.768  4.79863e-08
15.7777  1.17532e-07
15.7895  6.15814e-08
15.799  1.26357e-07
15.8068  7.05153e-08
15.8206  7.30396e-08
15.8322  8.90776e-08
15.8424  9.06317e-08
15.8535  1.0275e-07
15.8674  6.64527e-08
15.8784  1.03296e-07
15.8879  6.55453e-08
15.8993  8.50151e-08
15.9135  8.91417e-08
15.9237  6.30043e-08
15.9354  5.84001e-08
15.9479  6.56601e-08
15.9581  8.26631e-08
15.9681  5.52947e-08
15.9789  7.08726e-08
15.9863  7.15834e-08
16  4.23907e-08
16.0101  7.79275e-08
16.0202  7.14867e-08
16.0314  6.99336e-08
16.0435  5.52025e-08
16.0543  5.38172e-08
16.0686  8.31715e-08
16.0815  1.7393e-08
16.0903  7.07307e-08
16.101  6.01812e-08
16.1107  7.31758e-08
16.1219  5.84191e-08
16.1321  6.46501e-08
16.1443  4.12836e-08
16.1564  4.91097e-08
16.1694  4.07207e-08
16.1767  4.68857e-08
16.1891  4.32684e-08
16.202  7.66023e-08
16.2119  2.25148e-08
16.224  3.68226e-08
16.2348  3.65738e-08
16.2457  5.29617e-08
16.254  4.59197e-08
16.2688  5.88839e-08
16.2799  1.97318e-08
16.2902  6.55575e-08
16.3015  4.3058e-08
16.3115  1.80314e-08
16.3244  4.7293e-08
16.3357  5.27129e-08
16.3461  2.77768e-08
16.36  3.56559e-08
16.3713  2.58454e-08
16.3795  4.00358e-08
16.3911  4.05611e-08
16.4047  3.20541e-08
16.4152  3.1367e-08
16.4245  4.52143e-08
16.4388  1.6044e-08
16.4472  4.11946e-08
16.4605  1.93191e-08
16.4764  3.01809e-08
16.4882  3.4682e-08
16.4994  5.13316e-08
16.5118  3.82586e-08
16.5229  4.13214e-08
16.5361  1.16418e-08
16.5477  1.84882e-08
16.5577  2.28443e-08
16.571  1.57171e-08
16.5806  4.3317e-08
16.594  2.10888e-08
16.6015  2.36012e-08
16.6122  1.75463e-08
16.6242  2.4037e-08
16.6375  2.02918e-08
16.6483  2.04463e-08
16.6597  2.14644e-08
16.6689  3.37798e-08
16.6825  1.8176e-08
16.6952  2.30366e-08
16.7047  2.6763e-08
16.7181  1.94173e-08
16.7272  2.26507e-08
16.7395  1.74759e-08
16.7521  1.39684e-08
16.7619  1.17834e-08
16.7756  2.25411e-08
16.7874  3.35945e-08
16.8016  2.40777e-08
16.8169  7.70178e-09
16.8256  1.85745e-08
16.8335  5.88541e-09
16.8493  2.00836e-08
16.8607  8.74061e-09
16.8701  1.89451e-08
16.883  2.54665e-08
16.8948  1.3673e-08
16.9073  1.45551e-08
16.9189  1.97994e-08
16.936  8.08979e-09
16.9428  1.43135e-08
16.9553  1.70407e-08
16.9694  1.40969e-08
16.9785  2.14297e-08
16.9956  8.56399e-09
17.004  1.06279e-08
17.0187  6.28446e-09
17.0274  7.9745e-09
17.0421  1.92867e-08
17.0585  1.3822e-08
17.0707  1.68285e-08
17.0784  5.70125e-09
17.0951  1.03444e-08
17.1055  1.68997e-08
17.1194  8.58653e-09
17.1328  1.0295e-08
17.1507  7.88749e-09
17.1598  1.43115e-08
17.1753  1.02302e-08
17.1878  1.23473e-08
17.2008  1.70595e-08
17.2148  3.88384e-09
17.2255  8.94592e-09
17.2425  1.20731e-08
17.2589  4.0594e-09
17.2755  6.32261e-09
17.2838  1.12802e-08
17.292  8.44172e-09
17.3123  1.88327e-09
17.3196  7.08526e-09
17.3348  8.23298e-09
17.344  7.15093e-09
17.3576  1.04658e-08
17.3729  1.50207e-08
17.3894  5.40251e-09
17.4002  3.97203e-09
17.4193  8.58321e-09
17.4333  5.41225e-09
17.4493  7.06075e-09
17.4637  5.91884e-09
17.4702  5.05661e-09
17.4839  2.14494e-09
17.4936  5.97653e-09
17.5076  6.05884e-09
17.529  1.66649e-09
17.5346  8.81919e-09
17.5505  3.02847e-09
17.5621  4.02042e-10
17.5698  1.32993e-08
17.5836  2.92473e-09
17.5927  8.06008e-09
17.6105  2.63967e-09
17.6216  2.17065e-09
17.6402  3.46468e-09
17.6516  4.98054e-09
17.6674  4.44661e-10
17.6791  3.42425e-09
17.6923  1.03356e-08
17.7114  2.2022e-09
17.7182  2.2162e-09
17.7502  7.02104e-09
17.7661  2.85277e-09
17.7743  5.35113e-09
17.7896  4.80246e-09
17.8046  1.32521e-09
17.8203  4.57462e-09
17.8401  2.34568e-09
17.8497  4.60816e-09
17.8638  4.69032e-09
17.8964  4.76231e-10
17.9054  4.83949e-09
17.9266  2.13059e-09
17.9398  1.80019e-09
17.9544  2.75746e-09
17.9685  5.30823e-09
17.9854  1.8705e-09
17.9975  4.45372e-10
18.03  6.29867e-09
18.045  1.32681e-09
18.0642  3.92559e-09
18.0735  2.02098e-09
18.0986  4.13877e-10
18.1167  4.22109e-10
18.1432  2.19393e-09
18.1487  3.68892e-09
18.1833  4.80353e-09
18.2076  9.48687e-10
18.2239  1.40799e-09
18.2341  1.61328e-09
18.2432  3.3207e-09
18.2653  4.36401e-10
18.3099  2.31029e-09
18.3298  2.00629e-09
18.3644  2.64791e-09
18.3868  3.94311e-10
18.3995  1.62137e-09
18.4185  1.24622e-09
18.4375  1.54779e-09
18.4526  4.3305e-10
18.4628  1.90883e-09
18.5199  1.71002e-09
18.5401  4.16365e-10
18.5541  1.49414e-09
18.5815  9.69816e-10
18.5993  4.3047e-10
18.6181  1.13771e-09
18.6404  1.74306e-09
18.6845  1.82784e-09
18.7568  3.68438e-10
18.7637  5.99132e-10
18.7934  4.32223e-10
18.8377  1.32407e-09
18.8553  1.9217e-09
18.8937  9.04721e-10
18.9447  3.74481e-10
19.0153  1.20908e-09
19.0324  2.92986e-10
19.0513  3.63885e-10
19.1327  6.13273e-10
19.1681  3.41925e-10
19.232  1.0699e-09
19.2686  2.09187e-10
19.2995  3.36082e-10
19.4073  2.0323e-10
19.4516  3.11287e-10
19.5076  8.50797e-10
19.6292  2.84253e-10
19.8459  2.51533e-10
19.8825  2.95079e-10
20.1215  2.00022e-10
20.4964  1.38746e-10
