-144.112  0.00208595
-142.55  0.00190193
-141.239  0.00278957
-139.89  0.00784018
-138.898  0.00111556
-138.273  0.00584233
-137  0.00806917
-135.787  0.010474
-135.234  0.00533232
-134.123  0.00979212
-133.084  0.00922219
-132.289  0.00587087
-131.576  0.00927285
-130.922  0.00827085
-129.901  0.00923882
-128.941  0.009834
-128.092  0.00660808
-127.407  0.00729285
-126.666  0.00747483
-125.724  0.00681688
-125.047  0.00478433
-124.237  0.00677631
-123.472  0.00521204
-122.645  0.00501698
-121.805  0.00453118
-121.034  0.00389188
-120.174  0.00380818
-119.358  0.00348796
-118.51  0.00265017
-117.703  0.00258219
-116.856  0.00209694
-115.991  0.00208847
-115.144  0.00160275
-114.338  0.00122338
-113.549  0.00117354
-112.732  0.000919221
-111.993  0.000736688
-111.239  0.00070195
-110.443  0.000577404
-109.626  0.000498239
-108.827  0.000402163
-108.04  0.000334093
-107.293  0.000254002
-106.488  0.000242294
-105.68  0.000185179
-104.867  0.000157111
-104.036  0.000127192
-103.228  0.000100981
-102.404  8.0046e-05
-101.598  6.4815e-05
-100.788  5.03885e-05
-99.985  4.18116e-05
-99.1649  3.34274e-05
-98.3665  2.40623e-05
-97.598  2.00557e-05
-96.8104  1.59749e-05
-96.005  1.31956e-05
-95.208  9.56953e-06
-94.4139  8.10402e-06
-93.6167  5.91979e-06
-92.8213  4.89918e-06
-92.0215  3.66543e-06
-91.2302  2.90299e-06
-90.4166  2.29046e-06
-89.6146  1.69294e-06
-88.8144  1.35249e-06
-88.0128  1.01179e-06
-87.2115  7.91749e-07
-86.4156  5.81335e-07
-85.6211  4.68713e-07
-84.8067  3.50288e-07
-84.0001  2.69059e-07
-83.1909  2.00574e-07
-82.3899  1.50987e-07
-81.5856  1.1615e-07
-80.7782  8.59157e-08
-79.978  6.57984e-08
-79.1827  4.75986e-08
-78.3935  3.69085e-08
-77.6045  2.69799e-08
-76.8068  2.13339e-08
-76.0022  1.5323e-08
-75.2041  1.1662e-08
-74.4048  8.57628e-09
-73.6049  6.44501e-09
-72.8011  4.78525e-09
-72.009  3.45007e-09
-71.2061  2.69105e-09
-70.402  1.8865e-09
-69.605  1.44333e-09
-68.7981  1.04823e-09
-67.9938  7.79019e-10
-67.1918  5.55469e-10
-66.3897  4.21314e-10
-65.5856  2.9972e-10
-64.7836  2.22933e-10
-63.9795  1.61925e-10
-63.1794  1.16304e-10
-62.3785  8.67395e-11
-61.5779  6.11582e-11
-60.7759  4.6194e-11
-59.9765  3.1975e-11
-59.1828  2.40043e-11
-58.3895  1.68023e-11
-57.5927  1.27437e-11
-56.7885  8.94582e-12
-55.9951  6.42788e-12
-55.1935  4.76219e-12
-54.3893  3.33781e-12
-53.5866  2.44877e-12
-52.7889  1.69268e-12
-51.9873  1.27401e-12
-51.1855  8.64132e-13
-50.3901  6.43178e-13
-49.5861  4.5049e-13
-48.7822  3.27093e-13
-47.9789  2.27725e-13
-47.1841  0.00181232
-46.3704  1.15374e-13
-45.6227  0.00165243
-44.5611  0.00170992
-43.887  0.000713718
-42.9812  0.00338524
-42.2735  0.000335105
-41.4503  0.00240638
-40.8074  0.000160998
-40.0717  0.00241155
-39.2419  0.000992999
-38.4669  0.00163153
-37.6705  0.000745651
-36.9507  0.0011126
-36.0285  0.000843127
-35.1683  0.000814053
-34.3057  0.000495454
-33.3422  0.0167087
-32.7109  0.000368919
-31.778  0.0150743
-31.092  0.000262146
-30.4634  0.0218822
-29.5716  0.00765804
-28.9015  0.0215609
-27.9904  0.00557077
-27.414  0.013563
-26.4689  0.011167
-25.5509  0.0107674
-24.7163  0.00721657
-23.9074  0.00617562
-23.144  0.00480737
-22.3155  0.00408788
-21.4947  0.00323635
-20.676  0.00244715
-19.9428  0.0015744
-19.4455  0.0191638
-18.272  0.000905497
-17.9082  0.0166472
-16.8655  0.0170076
-15.9161  0.0154398
-15.1355  0.0153896
-14.2806  0.00936066
-13.6157  0.00881622
-12.6897  0.00915707
-11.9207  0.00394482
-11.0772  0.0065336
-10.2901  0.00160735
-9.51161  0.00389322
-8.51214  0.001568
-7.87151  0.000900273
-7.24179  0.000783492
-6.464  0.000669679
-5.64836  0.000384681
-4.84805  0.000289503
-3.97024  0.000177865
-3.18007  0.000120459
-2.29181  7.21338e-05
-1.6188  5.31428e-05
-0.73572  4.70961e-05
-0.244131  1.89624e-05
0.244131  1.89624e-05
0.73572  4.70961e-05
1.6188  5.31428e-05
2.29181  7.21338e-05
3.18007  0.000120459
3.97024  0.000177865
4.84805  0.000289503
5.64836  0.000384681
6.464  0.000669679
7.24179  0.000783492
7.87151  0.000900273
8.51214  0.001568
9.51161  0.00389322
10.2901  0.00160735
11.0772  0.0065336
11.9207  0.00394482
12.6897  0.00915707
13.6157  0.00881622
14.2806  0.00936066
15.1355  0.0153896
15.9161  0.0154398
16.8655  0.0170076
17.9082  0.0166472
18.272  0.000905497
19.4455  0.0191638
19.9428  0.0015744
20.676  0.00244715
21.4947  0.00323635
22.3155  0.00408788
23.144  0.00480737
23.9074  0.00617562
24.7163  0.00721657
25.5509  0.0107674
26.4689  0.011167
27.414  0.013563
27.9904  0.00557077
28.9015  0.0215609
29.5716  0.00765804
30.4634  0.0218822
31.092  0.000262146
31.778  0.0150743
32.7109  0.000368919
33.3422  0.0167087
34.3057  0.000495454
35.1683  0.000814053
36.0285  0.000843127
36.9507  0.0011126
37.6705  0.000745651
38.4669  0.00163153
39.2419  0.000992999
40.0717  0.00241155
40.8074  0.000160998
41.4503  0.00240638
42.2735  0.000335105
42.9812  0.00338524
43.887  0.000713718
44.5611  0.00170992
45.6227  0.00165243
46.3704  1.15374e-13
47.1841  0.00181232
47.9789  2.27725e-13
48.7822  3.27093e-13
49.5861  4.5049e-13
50.3901  6.43178e-13
51.1855  8.64132e-13
51.9873  1.27401e-12
52.7889  1.69268e-12
53.5866  2.44877e-12
54.3893  3.33781e-12
55.1935  4.76219e-12
55.9951  6.42788e-12
56.7885  8.94582e-12
57.5927  1.27437e-11
58.3895  1.68023e-11
59.1828  2.40043e-11
59.9765  3.1975e-11
60.7759  4.6194e-11
61.5779  6.11582e-11
62.3785  8.67395e-11
63.1794  1.16304e-10
63.9795  1.61925e-10
64.7836  2.22933e-10
65.5856  2.9972e-10
66.3897  4.21314e-10
67.1918  5.55469e-10
67.9938  7.79019e-10
68.7981  1.04823e-09
69.605  1.44333e-09
70.402  1.8865e-09
71.2061  2.69105e-09
72.009  3.45007e-09
72.8011  4.78525e-09
73.6049  6.44501e-09
74.4048  8.57628e-09
75.2041  1.1662e-08
76.0022  1.5323e-08
76.8068  2.13339e-08
77.6045  2.69799e-08
78.3935  3.69085e-08
79.1827  4.75986e-08
79.978  6.57984e-08
80.7782  8.59157e-08
81.5856  1.1615e-07
82.3899  1.50987e-07
83.1909  2.00574e-07
84.0001  2.69059e-07
84.8067  3.50288e-07
85.6211  4.68713e-07
86.4156  5.81335e-07
87.2115  7.91749e-07
88.0128  1.01179e-06
88.8144  1.35249e-06
89.6146  1.69294e-06
90.4166  2.29046e-06
91.2302  2.90299e-06
92.0215  3.66543e-06
92.8213  4.89918e-06
93.6167  5.91979e-06
94.4139  8.10402e-06
95.208  9.56953e-06
96.005  1.31956e-05
96.8104  1.59749e-05
97.598  2.00557e-05
98.3665  2.40623e-05
99.1649  3.34274e-05
99.985  4.18116e-05
100.788  5.03885e-05
101.598  6.4815e-05
102.404  8.0046e-05
103.228  0.000100981
104.036  0.000127192
104.867  0.000157111
105.68  0.000185179
106.488  0.000242294
107.293  0.000254002
108.04  0.000334093
108.827  0.000402163
109.626  0.000498239
110.443  0.000577404
111.239  0.00070195
111.993  0.000736688
112.732  0.000919221
113.549  0.00117354
114.338  0.00122338
115.144  0.00160275
115.991  0.00208847
116.856  0.00209694
117.703  0.00258219
118.51  0.00265017
119.358  0.00348796
120.174  0.00380818
121.034  0.00389188
121.805  0.00453118
122.645  0.00501698
123.472  0.00521204
124.237  0.00677631
125.047  0.00478433
125.724  0.00681688
126.666  0.00747483
127.407  0.00729285
128.092  0.00660808
128.941  0.009834
129.901  0.00923882
130.922  0.00827085
131.576  0.00927285
132.289  0.00587087
133.084  0.00922219
134.123  0.00979212
135.234  0.00533232
135.787  0.010474
137  0.00806917
138.273  0.00584233
138.898  0.00111556
139.89  0.00784018
141.239  0.00278957
142.55  0.00190193
144.112  0.00208595
