-20.694  1.15632e-10
-20.3187  1.67926e-10
-20.0805  2.45647e-10
-20.0424  2.119e-10
-19.8201  2.52621e-10
-19.7053  7.1348e-10
-19.6331  2.84168e-10
-19.6049  1.69374e-10
-19.4695  4.89012e-10
-19.4289  9.00314e-10
-19.3295  8.4736e-10
-19.2296  2.45973e-10
-19.2067  1.39682e-09
-19.0944  1.09039e-09
-19.0536  1.30748e-09
-19.0196  1.20737e-09
-19.0042  3.33698e-10
-18.9914  3.59817e-10
-18.9648  1.94047e-10
-18.9533  3.10384e-10
-18.9127  3.67314e-10
-18.8573  1.33863e-09
-18.8305  1.91431e-09
-18.8154  9.56308e-10
-18.7772  8.24928e-10
-18.7458  4.19076e-10
-18.731  3.70032e-10
-18.7158  2.49966e-09
-18.6698  3.6093e-10
-18.6443  1.75339e-09
-18.6162  1.04508e-09
-18.5937  3.18207e-09
-18.5549  1.96692e-09
-18.544  4.16241e-10
-18.5334  3.49396e-10
-18.5009  2.07865e-10
-18.4842  3.35688e-09
-18.4727  3.68221e-10
-18.4402  2.81125e-09
-18.4075  1.66947e-09
-18.3885  1.8793e-09
-18.3779  2.54797e-10
-18.3679  2.21254e-09
-18.3513  8.17137e-10
-18.3384  5.05577e-09
-18.3131  3.55598e-10
-18.2974  1.98688e-09
-18.2414  3.03132e-09
-18.217  6.81809e-09
-18.2057  2.45308e-09
-18.1845  4.15771e-10
-18.1637  1.75247e-09
-18.1456  2.63774e-09
-18.1319  2.54968e-09
-18.1147  4.09784e-09
-18.1018  1.48608e-09
-18.0872  8.35227e-10
-18.0622  6.11421e-09
-18.031  4.15043e-09
-18.0147  2.54609e-09
-18.0027  1.11008e-09
-17.982  7.66089e-09
-17.9619  3.43037e-09
-17.9416  6.69716e-09
-17.9273  4.49592e-09
-17.9187  1.9733e-09
-17.9038  4.76876e-10
-17.8867  8.14181e-10
-17.8699  5.63058e-09
-17.8573  1.94541e-09
-17.8396  1.0629e-08
-17.8254  7.52557e-10
-17.7977  5.32567e-09
-17.7885  2.54501e-09
-17.7721  3.46677e-09
-17.7581  3.12345e-09
-17.7544  4.7003e-09
-17.7397  7.94319e-09
-17.7231  1.16239e-08
-17.6996  1.51086e-09
-17.6842  5.51639e-09
-17.6772  1.81102e-09
-17.6528  9.56814e-09
-17.636  2.26047e-09
-17.6254  5.68013e-09
-17.6085  1.01515e-08
-17.5951  8.23799e-09
-17.5736  2.18485e-09
-17.5649  9.38755e-09
-17.5552  2.56832e-09
-17.5437  2.50345e-09
-17.5323  8.98124e-09
-17.5168  9.32708e-09
-17.5052  4.60549e-09
-17.4948  1.11697e-08
-17.4805  8.37007e-09
-17.4674  4.62857e-09
-17.4502  6.14161e-09
-17.4426  2.6515e-09
-17.4241  1.1106e-08
-17.4035  7.69389e-09
-17.3951  4.91706e-09
-17.3793  7.75246e-09
-17.3686  1.78969e-08
-17.348  1.658e-08
-17.3342  9.78833e-09
-17.327  8.11164e-09
-17.3136  9.05629e-09
-17.3029  6.28364e-09
-17.2896  6.27823e-09
-17.2764  6.29107e-09
-17.2651  7.62492e-09
-17.2545  7.7637e-09
-17.2425  9.48661e-09
-17.2295  1.67399e-08
-17.2204  1.86308e-08
-17.2079  5.7773e-09
-17.194  4.78722e-09
-17.1829  1.3095e-08
-17.167  4.33411e-09
-17.1549  1.56537e-08
-17.1444  1.34886e-08
-17.1293  1.11288e-08
-17.1226  2.03415e-08
-17.1063  2.08887e-08
-17.0954  3.69523e-09
-17.0863  5.12925e-09
-17.072  3.0372e-08
-17.0591  6.32246e-09
-17.0433  1.75403e-08
-17.0291  1.90378e-08
-17.0181  1.2215e-08
-17.001  1.27657e-08
-16.9935  2.9044e-08
-16.9819  9.14568e-09
-16.9707  1.39275e-08
-16.9523  1.82036e-08
-16.939  2.26993e-08
-16.9266  1.66929e-08
-16.9179  1.45864e-08
-16.9054  1.77207e-08
-16.8948  1.72604e-08
-16.8795  1.89469e-08
-16.8667  3.06576e-08
-16.8535  3.13709e-08
-16.8462  1.61027e-08
-16.8334  1.23244e-08
-16.8216  1.21043e-08
-16.8095  4.1451e-08
-16.7981  1.64688e-08
-16.7894  8.1682e-09
-16.7786  9.10107e-09
-16.7665  2.2959e-08
-16.7524  4.41179e-08
-16.7402  1.31664e-08
-16.7292  2.52427e-08
-16.7171  3.48982e-08
-16.7053  1.79654e-08
-16.6948  2.83445e-08
-16.6876  8.80991e-09
-16.6743  1.71628e-08
-16.6625  4.26719e-08
-16.6486  4.75373e-08
-16.6351  3.30497e-08
-16.6218  4.231e-08
-16.6123  2.23431e-08
-16.5964  1.56705e-08
-16.5865  1.269e-08
-16.5747  4.58278e-08
-16.5659  2.37759e-08
-16.5542  2.5676e-08
-16.5416  3.5129e-08
-16.5293  4.92974e-08
-16.5175  2.68727e-08
-16.5059  3.5423e-08
-16.4953  5.38707e-08
-16.4854  2.19481e-08
-16.474  3.83698e-08
-16.4603  3.77379e-08
-16.4535  2.6359e-08
-16.4394  5.06315e-08
-16.4311  3.78143e-08
-16.4153  4.00974e-08
-16.4051  2.95643e-08
-16.3926  3.35493e-08
-16.3828  5.43098e-08
-16.3723  4.54281e-08
-16.3581  4.91815e-08
-16.3462  6.20311e-08
-16.3343  3.34156e-08
-16.3224  2.51146e-08
-16.3106  6.88842e-08
-16.2978  4.52964e-08
-16.2848  6.33243e-08
-16.2757  3.85376e-08
-16.2661  4.69874e-08
-16.253  8.57746e-08
-16.2426  5.87186e-08
-16.2309  4.9202e-08
-16.2193  4.18258e-08
-16.2078  6.31219e-08
-16.1968  4.22041e-08
-16.1867  5.45717e-08
-16.1746  4.23952e-08
-16.1623  7.54795e-08
-16.152  7.37574e-08
-16.1412  6.19496e-08
-16.1314  6.66248e-08
-16.1206  5.84958e-08
-16.1078  7.91246e-08
-16.0958  3.86756e-08
-16.0864  7.2275e-08
-16.0784  6.58838e-08
-16.0653  6.23821e-08
-16.0531  7.46544e-08
-16.0396  6.91564e-08
-16.03  7.49949e-08
-16.0178  6.06332e-08
-16.0065  1.11502e-07
-15.9969  9.42584e-08
-15.9853  7.37371e-08
-15.9759  5.7971e-08
-15.9639  7.27115e-08
-15.9543  6.22953e-08
-15.9422  8.70828e-08
-15.9318  1.17427e-07
-15.9209  6.26367e-08
-15.909  9.95453e-08
-15.9003  7.61595e-08
-15.8879  5.54831e-08
-15.88  1.21227e-07
-15.8665  8.6361e-08
-15.855  9.48449e-08
-15.844  1.25781e-07
-15.8324  1.08972e-07
-15.8212  1.09769e-07
-15.81  1.29511e-07
-15.8001  4.51754e-08
-15.7885  9.90042e-08
-15.7772  1.50384e-07
-15.7661  8.30722e-08
-15.7564  1.34341e-07
-15.7445  1.05465e-07
-15.7329  1.34016e-07
-15.7224  1.0792e-07
-15.7115  1.0668e-07
-15.7009  1.36948e-07
-15.6909  6.75722e-08
-15.6791  1.15119e-07
-15.6681  1.1912e-07
-15.6569  1.76689e-07
-15.6448  1.59028e-07
-15.6349  1.55721e-07
-15.6249  1.50521e-07
-15.6133  6.55527e-08
-15.6022  1.44437e-07
-15.5901  1.71125e-07
-15.5801  1.67839e-07
-15.5695  1.25062e-07
-15.5579  1.62849e-07
-15.5477  1.12974e-07
-15.5367  1.6509e-07
-15.529  1.67343e-07
-15.5171  1.20941e-07
-15.5052  2.00339e-07
-15.4951  1.72241e-07
-15.4842  1.28006e-07
-15.4732  1.55187e-07
-15.4638  1.42789e-07
-15.4517  1.90416e-07
-15.4407  1.98651e-07
-15.4307  2.06985e-07
-15.4189  1.9059e-07
-15.4073  2.06002e-07
-15.3965  1.74803e-07
-15.3849  1.38028e-07
-15.3751  2.04101e-07
-15.3656  2.01224e-07
-15.3543  2.07787e-07
-15.3443  2.44721e-07
-15.3333  1.24106e-07
-15.3233  2.15552e-07
-15.3126  2.49661e-07
-15.3016  1.6561e-07
-15.2914  2.09133e-07
-15.2809  2.53992e-07
-15.2701  2.76908e-07
-15.2587  2.28897e-07
-15.2488  2.15401e-07
-15.2369  2.15497e-07
-15.2267  2.03759e-07
-15.2171  2.80072e-07
-15.2062  2.54759e-07
-15.1954  2.07263e-07
-15.1853  2.41555e-07
-15.1757  2.33467e-07
-15.1639  3.68693e-07
-15.153  2.98077e-07
-15.1413  2.48367e-07
-15.1302  2.97451e-07
-15.1196  3.47293e-07
-15.1082  1.97937e-07
-15.096  3.21314e-07
-15.0864  3.21297e-07
-15.0754  2.69321e-07
-15.0639  3.649e-07
-15.0535  2.65638e-07
-15.0431  2.66694e-07
-15.0312  4.17355e-07
-15.0196  3.88352e-07
-15.008  3.28882e-07
-14.9964  3.7533e-07
-14.9857  3.02652e-07
-14.9741  3.49193e-07
-14.9636  4.23298e-07
-14.9525  2.33798e-07
-14.9421  4.82992e-07
-14.9301  3.91847e-07
-14.9191  3.96973e-07
-14.9084  3.93732e-07
-14.8986  2.86797e-07
-14.8887  4.03786e-07
-14.878  3.92482e-07
-14.8667  3.80821e-07
-14.8566  3.71439e-07
-14.8453  5.0299e-07
-14.8363  3.78072e-07
-14.8248  3.67074e-07
-14.8152  4.34131e-07
-14.8043  4.36484e-07
-14.7924  4.81737e-07
-14.782  5.21645e-07
-14.7708  4.544e-07
-14.76  4.61944e-07
-14.7506  4.04117e-07
-14.7399  4.74425e-07
-14.7283  4.85101e-07
-14.7172  6.63077e-07
-14.7055  5.03184e-07
-14.6956  3.6604e-07
-14.6856  5.50189e-07
-14.6744  4.39287e-07
-14.6641  6.1511e-07
-14.6534  6.04801e-07
-14.6423  5.16521e-07
-14.6309  6.0111e-07
-14.62  5.77262e-07
-14.6095  5.86524e-07
-14.5985  5.25796e-07
-14.5895  5.79346e-07
-14.5791  5.00997e-07
-14.5676  6.09989e-07
-14.558  6.48608e-07
-14.5469  6.47571e-07
-14.536  6.19311e-07
-14.5249  7.43292e-07
-14.5132  7.31912e-07
-14.5024  6.63594e-07
-14.4925  5.94292e-07
-14.4817  6.0789e-07
-14.4705  8.15578e-07
-14.4612  6.25533e-07
-14.4499  6.12714e-07
-14.4395  8.75662e-07
-14.4281  7.78876e-07
-14.4169  7.68165e-07
-14.4064  7.74082e-07
-14.3958  6.41204e-07
-14.3847  7.14587e-07
-14.3746  7.98553e-07
-14.3635  8.17858e-07
-14.3542  7.54575e-07
-14.3434  1.00736e-06
-14.3329  7.6815e-07
-14.32  8.85282e-07
-14.3097  7.98515e-07
-14.3  8.56126e-07
-14.2892  8.45281e-07
-14.2787  9.24511e-07
-14.2687  7.90985e-07
-14.2572  1.07143e-06
-14.2465  9.59107e-07
-14.2363  8.4226e-07
-14.2251  9.37602e-07
-14.2147  1.06887e-06
-14.2045  8.08748e-07
-14.1939  1.01361e-06
-14.1836  1.04248e-06
-14.1734  8.46365e-07
-14.1628  1.04791e-06
-14.1526  1.19743e-06
-14.1419  9.54052e-07
-14.1313  1.15597e-06
-14.121  9.12302e-07
-14.1112  1.02605e-06
-14.0999  1.2538e-06
-14.0897  1.24978e-06
-14.0785  1.00531e-06
-14.0682  1.16867e-06
-14.0575  1.32341e-06
-14.0468  1.09258e-06
-14.0367  1.11758e-06
-14.0271  1.26693e-06
-14.0157  1.20063e-06
-14.0048  1.30027e-06
-13.9945  1.35787e-06
-13.9834  1.19653e-06
-13.9733  1.37741e-06
-13.9629  1.26179e-06
-13.9519  1.37979e-06
-13.9408  1.39585e-06
-13.9307  1.46204e-06
-13.9202  1.19586e-06
-13.9098  1.40979e-06
-13.8995  1.64859e-06
-13.8881  1.27942e-06
-13.8774  1.52393e-06
-13.8667  1.73312e-06
-13.8552  1.65245e-06
-13.8443  1.56433e-06
-13.8344  1.36645e-06
-13.8241  1.40826e-06
-13.8133  1.7197e-06
-13.8031  1.68733e-06
-13.7933  1.45673e-06
-13.783  1.7738e-06
-13.7717  1.82182e-06
-13.7607  1.44525e-06
-13.7495  2.1426e-06
-13.7388  1.60052e-06
-13.7282  1.74091e-06
-13.7177  1.86005e-06
-13.7074  1.69816e-06
-13.6958  2.01102e-06
-13.685  2.16085e-06
-13.6745  1.82231e-06
-13.6639  1.78142e-06
-13.6535  2.01772e-06
-13.6425  1.92207e-06
-13.6315  1.99934e-06
-13.622  2.35862e-06
-13.6108  1.78027e-06
-13.6003  2.11666e-06
-13.5901  2.14975e-06
-13.5792  1.97391e-06
-13.5689  2.22898e-06
-13.5588  1.9838e-06
-13.5477  2.27174e-06
-13.5365  2.51516e-06
-13.5259  2.35773e-06
-13.5158  2.02241e-06
-13.505  2.43975e-06
-13.4945  2.38729e-06
-13.4846  2.31315e-06
-13.4735  2.67765e-06
-13.4627  2.15116e-06
-13.4524  2.25457e-06
-13.4421  2.92461e-06
-13.4317  2.60717e-06
-13.4212  2.55543e-06
-13.41  2.31604e-06
-13.3998  2.80547e-06
-13.3892  2.47044e-06
-13.3787  2.65533e-06
-13.3683  3.2197e-06
-13.3571  2.4606e-06
-13.3464  2.96691e-06
-13.3357  2.97224e-06
-13.3249  2.86267e-06
-13.3145  2.83059e-06
-13.3044  3.07712e-06
-13.2938  2.66657e-06
-13.2834  3.22235e-06
-13.2724  3.23523e-06
-13.2622  2.65767e-06
-13.2518  3.28869e-06
-13.2422  3.08112e-06
-13.231  3.20069e-06
-13.2204  3.29551e-06
-13.2108  3.09376e-06
-13.1996  3.37817e-06
-13.1891  3.38793e-06
-13.179  3.38715e-06
-13.1689  3.17349e-06
-13.1582  3.51753e-06
-13.1481  3.51826e-06
-13.1376  3.41873e-06
-13.1268  4.09524e-06
-13.1167  3.54466e-06
-13.1061  3.36425e-06
-13.0953  3.81824e-06
-13.0852  3.57481e-06
-13.075  3.70811e-06
-13.0644  4.17653e-06
-13.0545  3.76451e-06
-13.0436  3.54988e-06
-13.0334  4.39229e-06
-13.0231  4.17647e-06
-13.0124  3.88336e-06
-13.0018  4.09584e-06
-12.9918  4.22509e-06
-12.9812  4.06163e-06
-12.9706  4.81892e-06
-12.96  4.26048e-06
-12.9499  4.12958e-06
-12.9393  4.54189e-06
-12.9294  4.5113e-06
-12.9184  4.32691e-06
-12.9085  4.20368e-06
-12.8983  4.89057e-06
-12.8881  4.21764e-06
-12.8775  4.99062e-06
-12.8674  5.23366e-06
-12.857  4.56189e-06
-12.8467  4.40314e-06
-12.8362  5.21919e-06
-12.8265  4.30241e-06
-12.8159  5.49468e-06
-12.8058  5.50082e-06
-12.7946  5.2697e-06
-12.7836  5.3583e-06
-12.7737  5.35894e-06
-12.7637  5.05801e-06
-12.7532  5.78332e-06
-12.7428  5.28981e-06
-12.7323  5.41442e-06
-12.7218  5.43057e-06
-12.7118  6.1014e-06
-12.7015  5.02642e-06
-12.6912  6.13662e-06
-12.6811  5.89239e-06
-12.6708  5.2435e-06
-12.6601  6.59937e-06
-12.6499  6.00928e-06
-12.64  5.83639e-06
-12.6299  6.18165e-06
-12.6195  6.42906e-06
-12.609  6.16895e-06
-12.5987  6.25322e-06
-12.5881  6.81237e-06
-12.5775  6.72751e-06
-12.567  6.77556e-06
-12.5569  6.56353e-06
-12.5468  6.39622e-06
-12.5363  6.37538e-06
-12.5263  7.49515e-06
-12.5161  6.5956e-06
-12.5057  7.12181e-06
-12.4956  7.21481e-06
-12.485  7.35468e-06
-12.4744  6.6749e-06
-12.4647  7.62049e-06
-12.4544  7.39843e-06
-12.4442  7.37043e-06
-12.4339  7.85918e-06
-12.4234  7.33532e-06
-12.4131  7.54896e-06
-12.4029  8.79672e-06
-12.3926  7.38241e-06
-12.3824  7.98512e-06
-12.3722  8.19572e-06
-12.362  8.25771e-06
-12.3513  7.64765e-06
-12.3417  8.82551e-06
-12.331  8.35121e-06
-12.3211  8.09187e-06
-12.3108  9.1186e-06
-12.3008  8.27952e-06
-12.2904  8.20062e-06
-12.28  1.02898e-05
-12.2691  9.12038e-06
-12.2588  8.69912e-06
-12.2485  9.39583e-06
-12.2387  8.62616e-06
-12.228  9.94316e-06
-12.2179  9.30941e-06
-12.2076  9.90526e-06
-12.1974  8.96737e-06
-12.1868  1.02238e-05
-12.1769  9.85406e-06
-12.1663  9.45611e-06
-12.156  1.09563e-05
-12.1457  1.07561e-05
-12.1353  9.6407e-06
-12.1248  1.07139e-05
-12.1147  9.98765e-06
-12.1047  1.04815e-05
-12.0944  1.09623e-05
-12.0842  1.12253e-05
-12.0739  1.00676e-05
-12.0639  1.11457e-05
-12.0537  1.155e-05
-12.0433  1.08397e-05
-12.0331  1.1302e-05
-12.0229  1.22882e-05
-12.0126  1.03523e-05
-12.0025  1.21152e-05
-11.9922  1.25803e-05
-11.9819  1.11569e-05
-11.9714  1.23764e-05
-11.9613  1.27951e-05
-11.9512  1.16787e-05
-11.9409  1.27423e-05
-11.9309  1.26363e-05
-11.9206  1.22943e-05
-11.9099  1.30298e-05
-11.9  1.36486e-05
-11.8899  1.22676e-05
-11.8795  1.32695e-05
-11.8691  1.3849e-05
-11.8591  1.28391e-05
-11.8487  1.35226e-05
-11.8388  1.47796e-05
-11.8284  1.35865e-05
-11.8181  1.29789e-05
-11.808  1.54065e-05
-11.7976  1.42507e-05
-11.7875  1.38753e-05
-11.7774  1.54996e-05
-11.7671  1.42657e-05
-11.757  1.42378e-05
-11.7466  1.58024e-05
-11.7365  1.56744e-05
-11.7263  1.37291e-05
-11.7164  1.58565e-05
-11.706  1.66182e-05
-11.6956  1.5101e-05
-11.6855  1.61278e-05
-11.6755  1.6246e-05
-11.6651  1.55529e-05
-11.6549  1.75688e-05
-11.6445  1.6886e-05
-11.6342  1.6582e-05
-11.6232  1.81279e-05
-11.6133  1.63066e-05
-11.603  1.68083e-05
-11.5927  1.8767e-05
-11.5823  1.81653e-05
-11.5722  1.64041e-05
-11.5619  1.78187e-05
-11.5521  1.79455e-05
-11.5417  1.86123e-05
-11.5314  1.89921e-05
-11.5213  1.79743e-05
-11.5113  1.80332e-05
-11.5008  1.96447e-05
-11.4909  1.91387e-05
-11.4807  1.84135e-05
-11.47  2.2109e-05
-11.4595  2.01797e-05
-11.4493  1.88668e-05
-11.4389  1.95986e-05
-11.4289  2.12658e-05
-11.4188  2.00503e-05
-11.4085  2.05042e-05
-11.3983  2.16859e-05
-11.3884  1.9593e-05
-11.3781  2.18648e-05
-11.3678  2.13524e-05
-11.3577  2.13554e-05
-11.3473  2.22452e-05
-11.3373  2.28298e-05
-11.3273  2.11108e-05
-11.317  2.17987e-05
-11.3066  2.3934e-05
-11.2966  2.25609e-05
-11.2863  2.31068e-05
-11.2763  2.36523e-05
-11.2662  2.27498e-05
-11.2553  2.60558e-05
-11.2444  2.48299e-05
-11.2346  2.3464e-05
-11.2241  2.55116e-05
-11.214  2.35619e-05
-11.2039  2.54046e-05
-11.1935  2.45831e-05
-11.1833  2.54266e-05
-11.1732  2.63789e-05
-11.1625  2.7204e-05
-11.1519  2.6619e-05
-11.1418  2.59497e-05
-11.1316  2.55454e-05
-11.1215  2.76748e-05
-11.1115  2.65195e-05
-11.1011  2.73055e-05
-11.0909  2.67325e-05
-11.0806  3.0776e-05
-11.0698  2.68037e-05
-11.0597  2.87705e-05
-11.0496  2.80011e-05
-11.0396  2.82609e-05
-11.0295  2.95234e-05
-11.0193  2.90552e-05
-11.0091  2.83807e-05
-10.9988  3.06707e-05
-10.9889  2.96914e-05
-10.9788  2.97905e-05
-10.9683  3.16717e-05
-10.9585  3.00085e-05
-10.9482  3.08764e-05
-10.9378  3.14856e-05
-10.9278  3.21992e-05
-10.9178  3.04065e-05
-10.9076  3.26225e-05
-10.8975  3.12642e-05
-10.8873  3.37698e-05
-10.8769  3.26889e-05
-10.867  3.45446e-05
-10.8567  3.35829e-05
-10.8462  3.37503e-05
-10.8363  3.40026e-05
-10.8256  3.74416e-05
-10.8147  3.54874e-05
-10.8042  3.83473e-05
-10.7937  3.45133e-05
-10.7836  3.53236e-05
-10.7735  3.78113e-05
-10.7633  3.46214e-05
-10.753  3.65098e-05
-10.743  3.7092e-05
-10.7332  3.7258e-05
-10.7226  3.71835e-05
-10.7125  3.94199e-05
-10.7024  3.64563e-05
-10.6922  3.91907e-05
-10.6819  3.92915e-05
-10.6719  4.01213e-05
-10.6614  3.89734e-05
-10.6515  4.02387e-05
-10.6414  3.946e-05
-10.6313  3.90152e-05
-10.621  4.27136e-05
-10.6112  4.19613e-05
-10.6007  3.94542e-05
-10.5907  4.23858e-05
-10.5806  4.2562e-05
-10.5705  4.12977e-05
-10.5602  4.49023e-05
-10.5502  4.288e-05
-10.54  4.16711e-05
-10.53  4.46406e-05
-10.5198  4.47073e-05
-10.5097  4.35794e-05
-10.4995  4.53339e-05
-10.4895  4.65226e-05
-10.4793  4.43012e-05
-10.4693  4.64177e-05
-10.4591  4.78705e-05
-10.449  4.45818e-05
-10.439  4.67659e-05
-10.4289  4.77797e-05
-10.4189  4.69593e-05
-10.4086  4.9974e-05
-10.3984  4.94168e-05
-10.388  5.18433e-05
-10.3769  5.30495e-05
-10.3664  5.27964e-05
-10.3561  5.0631e-05
-10.3459  4.86907e-05
-10.3358  5.25602e-05
-10.3256  5.24615e-05
-10.3156  4.99979e-05
-10.3055  5.64651e-05
-10.2952  5.06485e-05
-10.2851  5.12447e-05
-10.2749  5.70444e-05
-10.2647  5.39066e-05
-10.2546  5.29127e-05
-10.2447  5.59451e-05
-10.2345  5.66051e-05
-10.2242  5.3331e-05
-10.2142  5.73383e-05
-10.2041  5.81633e-05
-10.194  5.4589e-05
-10.1839  5.8122e-05
-10.1738  6.01823e-05
-10.1636  5.55651e-05
-10.1537  6.04081e-05
-10.1435  5.92556e-05
-10.1334  5.94835e-05
-10.1233  6.02375e-05
-10.1131  6.22878e-05
-10.103  6.03854e-05
-10.0931  5.98606e-05
-10.0828  6.29768e-05
-10.0729  6.23367e-05
-10.0627  6.27433e-05
-10.0526  6.6436e-05
-10.0426  6.21646e-05
-10.0322  6.35169e-05
-10.0222  6.59849e-05
-10.0121  6.83114e-05
-10.0019  6.28258e-05
-9.99177  7.11071e-05
-9.98155  6.43623e-05
-9.97148  6.80381e-05
-9.96127  6.81726e-05
-9.95134  6.91893e-05
-9.94129  6.6813e-05
-9.9311  7.34045e-05
-9.92043  7.41898e-05
-9.90926  7.8608e-05
-9.89861  7.20947e-05
-9.88864  7.2467e-05
-9.87833  7.12388e-05
-9.86826  7.37296e-05
-9.85806  7.41975e-05
-9.84793  7.367e-05
-9.83774  7.44869e-05
-9.82773  7.62003e-05
-9.81753  7.47229e-05
-9.80735  7.71536e-05
-9.79737  7.62934e-05
-9.78727  7.67952e-05
-9.77697  7.78451e-05
-9.76716  7.93606e-05
-9.75692  7.70793e-05
-9.74689  8.12333e-05
-9.73662  8.35163e-05
-9.72644  7.67454e-05
-9.71629  8.11582e-05
-9.70641  8.38218e-05
-9.69621  8.12679e-05
-9.68607  8.22465e-05
-9.67616  8.50404e-05
-9.66595  8.50857e-05
-9.65567  8.10793e-05
-9.64574  8.93579e-05
-9.63558  8.62937e-05
-9.62541  8.56424e-05
-9.6154  8.67671e-05
-9.60528  8.82833e-05
-9.59507  8.77168e-05
-9.58517  9.16164e-05
-9.57511  8.72086e-05
-9.56502  8.9295e-05
-9.55487  9.17438e-05
-9.54488  9.35293e-05
-9.53466  8.94624e-05
-9.52463  9.47931e-05
-9.51445  9.48462e-05
-9.50443  9.20056e-05
-9.49418  9.59086e-05
-9.48416  9.72772e-05
-9.47396  9.34089e-05
-9.46395  9.86678e-05
-9.45381  9.79885e-05
-9.44375  9.62815e-05
-9.4335  0.000101362
-9.42351  0.000101434
-9.41337  9.56017e-05
-9.40334  0.000102505
-9.39313  0.000103936
-9.38315  0.000100149
-9.37286  0.000104088
-9.36293  0.000102716
-9.35282  0.000103528
-9.34277  0.000104482
-9.33266  0.000109567
-9.32257  0.0001026
-9.31243  0.000107559
-9.30242  0.000110373
-9.29222  0.000107901
-9.28219  0.00010799
-9.27194  0.000113822
-9.26193  0.000109507
-9.25181  0.000110102
-9.24173  0.000114147
-9.23162  0.000112456
-9.22158  0.000111855
-9.21144  0.000116275
-9.20142  0.000116083
-9.19114  0.000115219
-9.18116  0.000117417
-9.17107  0.000119347
-9.1609  0.000117256
-9.15071  0.000120502
-9.14078  0.000119571
-9.13063  0.000119477
-9.12057  0.000122309
-9.11044  0.0001231
-9.10047  0.000120502
-9.09029  0.000124281
-9.0803  0.000126387
-9.07011  0.000125817
-9.05995  0.000124225
-9.05002  0.000127841
-9.03986  0.000127658
-9.02967  0.00012953
-9.01922  0.00014238
-9.00863  0.000128311
-8.99846  0.000132445
-8.98848  0.000132813
-8.97829  0.000132818
-8.96824  0.000131913
-8.95809  0.000138924
-8.94748  0.000148023
-8.93684  0.000134395
-8.92668  0.000140536
-8.91669  0.000138138
-8.90658  0.000135845
-8.89604  0.000154104
-8.88555  0.000139804
-8.87533  0.000145363
-8.86511  0.000144069
-8.85516  0.00014194
-8.84494  0.000141879
-8.83492  0.000147653
-8.82488  0.000147064
-8.81478  0.000144895
-8.80405  0.00016367
-8.79375  0.000146474
-8.78347  0.000152779
-8.77341  0.000149484
-8.76327  0.000156195
-8.7532  0.000146611
-8.74307  0.000157307
-8.73298  0.000152037
-8.7229  0.000158067
-8.71281  0.000153598
-8.70261  0.000163714
-8.69268  0.000149491
-8.68256  0.000162202
-8.67249  0.000160592
-8.66245  0.000163244
-8.65224  0.0001556
-8.64221  0.000170977
-8.63217  0.000155097
-8.62202  0.000172172
-8.61191  0.000163343
-8.60197  0.000168282
-8.59176  0.000162515
-8.58169  0.00017431
-8.57167  0.000167541
-8.5615  0.000173184
-8.55132  0.000169802
-8.54131  0.000178678
-8.53058  0.000182876
-8.52003  0.000184668
-8.50991  0.000172791
-8.49986  0.0001717
-8.48964  0.000186599
-8.47961  0.000177182
-8.46955  0.000175748
-8.45936  0.000188592
-8.44923  0.00018048
-8.43926  0.000179174
-8.42893  0.000190917
-8.41885  0.000184126
-8.40885  0.000183995
-8.39868  0.000189487
-8.38853  0.00019119
-8.3786  0.000183293
-8.36829  0.000196182
-8.35827  0.000191887
-8.34825  0.000190071
-8.33807  0.00019473
-8.32746  0.000216631
-8.31694  0.000192792
-8.30675  0.000199978
-8.2967  0.000199947
-8.28623  0.000212547
-8.27573  0.000199236
-8.26561  0.00020825
-8.25549  0.000196755
-8.24539  0.000206839
-8.23522  0.000210788
-8.22519  0.000199551
-8.21506  0.000208281
-8.20447  0.000233931
-8.19375  0.000207504
-8.18376  0.000211763
-8.17359  0.000213917
-8.16346  0.000213248
-8.15328  0.000213968
-8.14326  0.000217538
-8.13309  0.000219424
-8.12304  0.000210038
-8.11292  0.000224908
-8.10239  0.000241233
-8.09168  0.000219087
-8.0817  0.000224878
-8.07161  0.0002231
-8.06149  0.000221782
-8.05151  0.000227496
-8.04134  0.000231701
-8.03108  0.000228909
-8.02105  0.000226339
-8.01096  0.000235749
-8.00072  0.000232389
-7.99075  0.000227642
-7.98019  0.000266295
-7.96942  0.00023608
-7.95925  0.000235365
-7.94927  0.000241678
-7.93902  0.000240051
-7.92911  0.000231953
-7.91918  0.000245614
-7.9085  0.000265724
-7.89791  0.000244804
-7.88788  0.000248735
-7.87767  0.000247134
-7.86754  0.000246806
-7.85746  0.000250134
-7.84744  0.000252709
-7.83733  0.000247084
-7.82734  0.000253963
-7.81725  0.000254224
-7.80713  0.000253608
-7.79713  0.000259739
-7.78698  0.000258554
-7.7768  0.000257983
-7.76686  0.000257403
-7.75678  0.000267267
-7.74654  0.000263202
-7.73647  0.000262732
-7.72637  0.000270303
-7.71624  0.000263201
-7.70622  0.000263371
-7.69623  0.000274667
-7.68608  0.000266793
-7.67599  0.00027391
-7.6659  0.000275823
-7.65577  0.00027167
-7.64571  0.000274585
-7.63568  0.0002806
-7.62547  0.000277054
-7.61539  0.00028062
-7.60523  0.000281591
-7.59519  0.000286354
-7.58499  0.000278668
-7.57504  0.000284983
-7.56497  0.000284865
-7.55482  0.000290234
-7.54471  0.000289459
-7.53476  0.000287081
-7.52456  0.000286871
-7.51472  0.000296332
-7.50452  0.000293099
-7.49441  0.000297794
-7.48431  0.000294089
-7.47435  0.000297161
-7.46416  0.000300855
-7.4542  0.000297302
-7.44401  0.000306508
-7.43393  0.000303676
-7.4238  0.000302183
-7.4139  0.000307324
-7.40362  0.000305975
-7.39365  0.000308775
-7.38353  0.000316808
-7.37337  0.000307836
-7.3632  0.00031552
-7.35337  0.000309443
-7.34311  0.000322298
-7.33246  0.000348767
-7.3219  0.00032093
-7.31183  0.000315966
-7.30154  0.000333276
-7.29145  0.000321927
-7.28086  0.000355226
-7.27031  0.000318852
-7.26034  0.000336731
-7.25017  0.000320548
-7.24001  0.000340487
-7.22994  0.000331032
-7.21986  0.000328858
-7.20974  0.000335454
-7.19969  0.000340282
-7.1896  0.00033079
-7.17949  0.000344982
-7.16902  0.000366665
-7.15861  0.000340404
-7.14845  0.000342201
-7.13834  0.000351576
-7.12784  0.000369647
-7.11738  0.000349353
-7.10681  0.000385889
-7.09626  0.000343745
-7.0857  0.000389213
-7.0751  0.000360905
-7.06491  0.000356808
-7.05491  0.000345107
-7.04491  0.000366251
-7.03475  0.000361876
-7.0247  0.000354754
-7.01461  0.000366119
-7.00457  0.000369687
-6.99447  0.000352233
-6.98439  0.00038398
-6.97424  0.000362669
-6.9643  0.000359816
-6.95418  0.000385242
-6.94416  0.000368736
-6.934  0.000369389
-6.92397  0.000386602
-6.91378  0.000375534
-6.90387  0.000374015
-6.89367  0.000386239
-6.88357  0.000387502
-6.87348  0.000374846
-6.86354  0.000388397
-6.85322  0.000397419
-6.84327  0.000378024
-6.83311  0.000393849
-6.82302  0.000400959
-6.81292  0.000381194
-6.80298  0.000397169
-6.79265  0.000408262
-6.78234  0.000415068
-6.77184  0.000409187
-6.76166  0.000397677
-6.75161  0.00041218
-6.74152  0.000389516
-6.7314  0.000418665
-6.7213  0.000402433
-6.71132  0.000402924
-6.70115  0.000417325
-6.69105  0.000419373
-6.68098  0.000393299
-6.67095  0.00043069
-6.66082  0.000407276
-6.65082  0.000420322
-6.64062  0.000419884
-6.63052  0.000428555
-6.62041  0.000412001
-6.6104  0.000430804
-6.60019  0.00042577
-6.58979  0.000459904
-6.57911  0.000430825
-6.56902  0.000441496
-6.55889  0.000418094
-6.54901  0.000432574
-6.53875  0.000442869
-6.52881  0.000422928
-6.51871  0.00044537
-6.50867  0.00043302
-6.49857  0.000442903
-6.48865  0.000433626
-6.47827  0.000463717
-6.46833  0.000428505
-6.45817  0.000457646
-6.44801  0.000445811
-6.438  0.000454988
-6.42796  0.000435444
-6.41767  0.000478526
-6.40761  0.000441514
-6.397  0.000508284
-6.38634  0.000457156
-6.37625  0.000463855
-6.36609  0.000455628
-6.35603  0.000477016
-6.34525  0.000506812
-6.33481  0.000453743
-6.32471  0.000477364
-6.31454  0.000476511
-6.30394  0.000502278
-6.29359  0.000467372
-6.28344  0.000486387
-6.27335  0.00045725
-6.26332  0.000492371
-6.25264  0.000518823
-6.24211  0.000481649
-6.23203  0.000476067
-6.22201  0.000487205
-6.21191  0.000475046
-6.20149  0.000534108
-6.19085  0.000491218
-6.18075  0.000492114
-6.1705  0.000488474
-6.16015  0.000539374
-6.14945  0.000495955
-6.13947  0.000485355
-6.12934  0.000513744
-6.11916  0.00049359
-6.10908  0.000494926
-6.09923  0.000500598
-6.08898  0.000503677
-6.07909  0.000492521
-6.06896  0.000518613
-6.05828  0.000563418
-6.04757  0.000502433
-6.03767  0.000514437
-6.0274  0.000517108
-6.01734  0.00050619
-6.00728  0.000521733
-5.99725  0.000511403
-5.98699  0.000523395
-5.97659  0.000564769
-5.96586  0.000533496
-5.95578  0.000512406
-5.94575  0.000527163
-5.93573  0.000520241
-5.92555  0.000536086
-5.9156  0.000507893
-5.90549  0.000554118
-5.89536  0.00051263
-5.88528  0.000545198
-5.87528  0.000528774
-5.86504  0.000545048
-5.855  0.0005216
-5.84496  0.000558893
-5.83481  0.000523033
-5.82477  0.000553868
-5.81479  0.000525692
-5.80468  0.00056158
-5.79461  0.000524549
-5.78463  0.000562884
-5.77448  0.000540191
-5.76433  0.000566017
-5.75373  0.000594751
-5.74329  0.000554351
-5.73313  0.000545654
-5.72319  0.000572932
-5.71297  0.000543954
-5.70297  0.0005692
-5.6928  0.00055452
-5.6828  0.000569336
-5.67252  0.000570553
-5.66254  0.000558887
-5.65234  0.000572829
-5.64228  0.000570351
-5.63217  0.000560158
-5.62227  0.000574202
-5.612  0.000571691
-5.60204  0.000572907
-5.5919  0.000580361
-5.58183  0.000566485
-5.57168  0.000597926
-5.56156  0.000566059
-5.55155  0.000578282
-5.54151  0.000580121
-5.53143  0.000589884
-5.52133  0.000575849
-5.51129  0.000589881
-5.50115  0.000590128
-5.49105  0.000592977
-5.48085  0.000585112
-5.47093  0.000600388
-5.46067  0.000583849
-5.45074  0.000595333
-5.44052  0.00060781
-5.4305  0.000581052
-5.42041  0.000603096
-5.41043  0.000601907
-5.40016  0.000598946
-5.39025  0.00060066
-5.38003  0.000608663
-5.37011  0.000595341
-5.35995  0.000608775
-5.34993  0.000608506
-5.33977  0.000608627
-5.32984  0.000602408
-5.31964  0.000624021
-5.30964  0.000602404
-5.2995  0.000612622
-5.28951  0.000619031
-5.27941  0.000615144
-5.2694  0.000607005
-5.25922  0.000638147
-5.24917  0.000606784
-5.2391  0.000624654
-5.229  0.000625342
-5.21883  0.000632808
-5.20884  0.000604988
-5.19873  0.000644118
-5.18867  0.000617487
-5.17854  0.000637104
-5.16844  0.000623388
-5.15838  0.000642261
-5.14836  0.000611574
-5.13771  0.000718294
-5.12716  0.000617627
-5.11712  0.000648193
-5.10696  0.000628682
-5.09687  0.000652259
-5.08681  0.000623312
-5.07677  0.000655697
-5.06659  0.000632236
-5.05661  0.000649591
-5.04648  0.000634866
-5.03637  0.000665216
-5.02625  0.000633095
-5.01619  0.000656922
-5.00601  0.000642971
-4.99603  0.000663995
-4.98587  0.000631429
-4.97587  0.000665402
-4.96577  0.000646729
-4.95573  0.000660417
-4.94546  0.00065618
-4.93551  0.000660393
-4.92543  0.000640588
-4.91537  0.000677546
-4.90527  0.000644726
-4.89531  0.000661772
-4.88507  0.000672
-4.87495  0.000673779
-4.86476  0.000657614
-4.85466  0.000675236
-4.84452  0.00066582
-4.83448  0.00066753
-4.82425  0.000677205
-4.81415  0.000669162
-4.80364  0.000731378
-4.79303  0.000673282
-4.78284  0.000685538
-4.77272  0.000674653
-4.76261  0.000671786
-4.75243  0.000688994
-4.7424  0.000666347
-4.73224  0.000684028
-4.72209  0.00069081
-4.71152  0.000732962
-4.70109  0.000671909
-4.69091  0.000696378
-4.68096  0.000669072
-4.67083  0.000682343
-4.66077  0.000688748
-4.65067  0.000690241
-4.64065  0.000671677
-4.63042  0.000703213
-4.62044  0.000680407
-4.61029  0.000690183
-4.60025  0.000690611
-4.5901  0.00069696
-4.58014  0.000668616
-4.57001  0.000710338
-4.56002  0.000677929
-4.54943  0.000769016
-4.53883  0.000691141
-4.52873  0.000707148
-4.5187  0.00067807
-4.5086  0.000712187
-4.49854  0.000681183
-4.48862  0.000702544
-4.47849  0.000689423
-4.4684  0.000721526
-4.45829  0.000678318
-4.44827  0.000718778
-4.4381  0.000692696
-4.42816  0.000707026
-4.41805  0.00068609
-4.40805  0.000723835
-4.39796  0.00068644
-4.38799  0.000710948
-4.37775  0.000706027
-4.36783  0.000717211
-4.3576  0.000693904
-4.34759  0.000727393
-4.33749  0.000694043
-4.32747  0.000716379
-4.31717  0.000721637
-4.30727  0.000705822
-4.29708  0.000705602
-4.28707  0.000723893
-4.27691  0.000712033
-4.26695  0.000706285
-4.25671  0.000724132
-4.2468  0.000707135
-4.23664  0.000721871
-4.22654  0.000717213
-4.21645  0.00071498
-4.20649  0.000714336
-4.1963  0.000718488
-4.18635  0.000720363
-4.17617  0.000721534
-4.16612  0.000719879
-4.15592  0.000728347
-4.14594  0.000714888
-4.13578  0.000728566
-4.1257  0.000716404
-4.11566  0.000730686
-4.10554  0.00071861
-4.09537  0.000729063
-4.08542  0.000724806
-4.07523  0.000721963
-4.0651  0.00073397
-4.05505  0.000726121
-4.04496  0.000718086
-4.03487  0.00073554
-4.02475  0.000734467
-4.01462  0.000718038
-4.00453  0.000736341
-3.99404  0.00079123
-3.98305  0.000788529
-3.97254  0.000735373
-3.96246  0.000726149
-3.95242  0.000728262
-3.94228  0.000730539
-3.93235  0.000727257
-3.9222  0.000733068
-3.91211  0.000732622
-3.90196  0.000739711
-3.89191  0.000728057
-3.88173  0.000743336
-3.87171  0.000718952
-3.86157  0.000754699
-3.85147  0.000713254
-3.84143  0.000744591
-3.83145  0.000723347
-3.82135  0.000735753
-3.81131  0.00072626
-3.80125  0.000754781
-3.79114  0.000708917
-3.7811  0.000755722
-3.771  0.000726659
-3.76087  0.000747895
-3.75075  0.000720449
-3.74076  0.000760176
-3.73056  0.000714035
-3.72055  0.000754004
-3.70996  0.000793409
-3.69948  0.000747485
-3.68927  0.000728082
-3.6794  0.000745564
-3.66916  0.000725304
-3.65927  0.000741425
-3.64914  0.000732338
-3.63908  0.000750218
-3.6288  0.000740774
-3.61889  0.000733594
-3.60867  0.000742025
-3.5987  0.000733952
-3.58861  0.000736278
-3.57866  0.000737125
-3.56843  0.000740413
-3.55846  0.000742519
-3.54828  0.000739946
-3.53823  0.000736942
-3.52811  0.000747059
-3.51805  0.000736405
-3.50738  0.000811407
-3.49697  0.000733767
-3.48684  0.000747555
-3.47681  0.000721047
-3.46678  0.00074708
-3.45671  0.000745402
-3.44651  0.000735482
-3.43649  0.000740532
-3.42638  0.000750013
-3.41576  0.000800121
-3.40514  0.00075536
-3.39524  0.000714918
-3.38508  0.000755523
-3.37494  0.000737367
-3.36495  0.000741466
-3.35475  0.000737169
-3.34463  0.000749464
-3.33465  0.000723877
-3.32459  0.000745848
-3.31449  0.000728716
-3.30457  0.000738596
-3.29444  0.000736111
-3.28436  0.000743196
-3.27432  0.000729726
-3.26428  0.000743798
-3.25409  0.000735564
-3.24418  0.000735548
-3.23407  0.000731324
-3.22401  0.000737663
-3.21402  0.000731547
-3.20399  0.000743552
-3.19379  0.000729629
-3.18384  0.000738259
-3.17366  0.000748955
-3.16355  0.000723625
-3.15354  0.000740061
-3.14348  0.000737644
-3.13332  0.000733342
-3.12331  0.000732357
-3.11325  0.000745884
-3.10305  0.000726443
-3.09301  0.000739833
-3.08297  0.000738122
-3.07283  0.000726013
-3.06279  0.000732285
-3.05274  0.000750445
-3.04258  0.000712494
-3.03258  0.000742043
-3.02251  0.000730234
-3.01245  0.000733723
-3.00234  0.000722058
-2.99231  0.000751949
-2.98211  0.000717069
-2.9721  0.000738604
-2.96195  0.00073381
-2.95191  0.000731033
-2.94176  0.000719821
-2.9318  0.000743451
-2.92156  0.000726444
-2.91157  0.000724002
-2.90146  0.000731301
-2.89105  0.000789625
-2.88038  0.000729774
-2.87039  0.000730336
-2.86026  0.000725952
-2.85025  0.000720448
-2.84011  0.000729524
-2.83019  0.000720406
-2.82001  0.000724272
-2.81004  0.000724079
-2.79984  0.000739661
-2.78979  0.000705709
-2.77965  0.00074075
-2.7696  0.000721518
-2.75944  0.000721104
-2.7494  0.000719615
-2.73928  0.00073598
-2.7292  0.000706927
-2.71907  0.000730245
-2.70902  0.000725023
-2.69888  0.000716051
-2.68883  0.000711776
-2.6788  0.000731291
-2.6687  0.000707282
-2.65863  0.00071688
-2.64865  0.000718646
-2.63851  0.000719325
-2.62839  0.000712351
-2.61831  0.000725079
-2.60822  0.000715019
-2.5981  0.000708849
-2.58807  0.000717346
-2.57798  0.000719706
-2.56788  0.000698593
-2.55785  0.000723967
-2.54774  0.000711866
-2.5376  0.0007104
-2.52753  0.000712097
-2.51748  0.000713091
-2.50737  0.000703219
-2.49725  0.000719282
-2.48714  0.000712574
-2.47708  0.000697184
-2.46701  0.000708379
-2.45695  0.00071459
-2.44683  0.000702664
-2.43673  0.000699925
-2.42674  0.000713185
-2.41664  0.000694617
-2.40651  0.000710857
-2.39645  0.000708308
-2.38635  0.000694335
-2.37625  0.000702838
-2.36615  0.000717259
-2.35604  0.00068655
-2.34599  0.000702121
-2.33592  0.000701461
-2.32584  0.00070125
-2.31573  0.000687468
-2.30567  0.000711207
-2.29559  0.000690474
-2.28552  0.000691053
-2.27545  0.000696636
-2.26543  0.000699066
-2.25535  0.00067838
-2.24531  0.000703728
-2.23521  0.000693658
-2.2251  0.000692155
-2.21497  0.00068378
-2.20499  0.000707298
-2.19437  0.000736844
-2.18386  0.000697209
-2.17374  0.000694935
-2.16368  0.000680454
-2.15307  0.000747175
-2.14272  0.000692391
-2.13253  0.000675355
-2.12252  0.00068858
-2.11238  0.000691049
-2.10233  0.00068129
-2.09215  0.000680793
-2.08216  0.000688952
-2.07198  0.000681211
-2.06191  0.000678638
-2.05175  0.000691433
-2.0417  0.000677478
-2.03153  0.000675728
-2.02108  0.000738739
-2.01056  0.000681977
-2.00048  0.000659641
-1.9904  0.000694226
-1.98033  0.000667637
-1.97019  0.000676782
-1.96013  0.000667629
-1.95008  0.000687415
-1.93996  0.000653144
-1.92994  0.000678808
-1.91995  0.00066528
-1.90986  0.000669036
-1.89971  0.000670019
-1.88969  0.000678988
-1.87956  0.00065326
-1.86942  0.000682445
-1.85934  0.000666909
-1.84924  0.000660513
-1.83913  0.000665868
-1.82905  0.000675397
-1.81887  0.000660876
-1.80877  0.000661808
-1.79872  0.000665565
-1.78862  0.000660874
-1.77852  0.00065631
-1.76848  0.000663441
-1.75843  0.00065465
-1.7479  0.000715098
-1.73729  0.000668763
-1.72725  0.000652253
-1.71715  0.000650256
-1.70659  0.000722882
-1.69602  0.000662315
-1.6859  0.000641587
-1.67583  0.000659364
-1.6658  0.000655793
-1.65557  0.000653801
-1.64546  0.000649403
-1.63546  0.000654837
-1.62524  0.000650904
-1.61516  0.000646798
-1.60514  0.000654215
-1.59496  0.000640516
-1.58485  0.000655839
-1.57482  0.00064429
-1.56468  0.000641334
-1.55464  0.000644658
-1.54455  0.000648628
-1.53447  0.000636946
-1.52434  0.000648853
-1.51429  0.000637461
-1.50412  0.000649634
-1.49402  0.000636835
-1.48394  0.000639963
-1.47388  0.000641321
-1.46371  0.000638192
-1.45362  0.000642403
-1.44347  0.00063963
-1.43339  0.000630101
-1.42331  0.000638281
-1.4132  0.00064522
-1.40307  0.000620375
-1.39302  0.000636726
-1.38296  0.000638813
-1.37288  0.000620473
-1.36278  0.000633628
-1.35283  0.000629759
-1.34272  0.000619135
-1.33264  0.000637452
-1.32259  0.000629723
-1.31254  0.000613133
-1.30244  0.000635679
-1.29244  0.000625911
-1.28221  0.000627729
-1.27216  0.000624542
-1.262  0.000636212
-1.2519  0.000613488
-1.2418  0.000627006
-1.23181  0.000617819
-1.22164  0.000628725
-1.2116  0.000614418
-1.20102  0.000681126
-1.19051  0.000616488
-1.18038  0.000626096
-1.1703  0.0006096
-1.16025  0.000627355
-1.15014  0.000606918
-1.14008  0.000619488
-1.13005  0.000614035
-1.12003  0.00061028
-1.10991  0.000609702
-1.09992  0.000626674
-1.08973  0.000601582
-1.0797  0.000616919
-1.06959  0.000620838
-1.05952  0.000598179
-1.04937  0.00062033
-1.03939  0.000609481
-1.02925  0.000603173
-1.01921  0.00061096
-1.00916  0.000612339
-0.999049  0.000600284
-0.988968  0.000611862
-0.978938  0.000606756
-0.968832  0.000602001
-0.958326  0.000661034
-0.947762  0.00061344
-0.937595  0.000599391
-0.927559  0.000610298
-0.917381  0.000603113
-0.90734  0.000602927
-0.897263  0.000602353
-0.887174  0.000598081
-0.877102  0.000607765
-0.867047  0.00059529
-0.856877  0.000605529
-0.846868  0.000597333
-0.836844  0.000594343
-0.826678  0.000602153
-0.816652  0.000604202
-0.806567  0.000585737
-0.796474  0.000605506
-0.786387  0.0006
-0.776327  0.000587325
-0.766203  0.000602988
-0.756159  0.00059747
-0.74601  0.000590766
-0.735965  0.000597573
-0.725869  0.00059791
-0.71531  0.000639422
-0.70479  0.000603086
-0.694674  0.00058925
-0.684596  0.000591569
-0.674505  0.000595253
-0.664439  0.000591161
-0.65429  0.000591586
-0.644284  0.00059045
-0.634186  0.000586594
-0.624145  0.000590981
-0.614006  0.00059764
-0.603897  0.000582901
-0.593778  0.000597509
-0.583743  0.000582804
-0.57353  0.000598591
-0.563404  0.000589551
-0.553329  0.000587031
-0.543166  0.000587218
-0.533175  0.000587977
-0.523124  0.000576038
-0.51305  0.000593203
-0.502982  0.000584841
-0.492914  0.000582215
-0.482796  0.000585997
-0.472826  0.000584896
-0.462723  0.000573031
-0.452721  0.000594945
-0.442559  0.000583253
-0.432495  0.000579213
-0.422384  0.000592274
-0.412278  0.000580924
-0.402177  0.000581705
-0.392127  0.000586314
-0.382014  0.000580828
-0.371891  0.000584875
-0.361834  0.000582741
-0.351761  0.000576272
-0.341711  0.0005842
-0.331572  0.000586863
-0.321486  0.000575534
-0.311384  0.000585786
-0.301325  0.000581987
-0.29112  0.000582897
-0.281031  0.000585697
-0.270919  0.000579339
-0.260815  0.000577698
-0.25072  0.000589576
-0.240607  0.000573297
-0.23046  0.000587543
-0.220432  0.000572555
-0.210342  0.000584184
-0.200173  0.000580364
-0.190208  0.000574895
-0.180064  0.000580032
-0.170016  0.000577932
-0.159977  0.000576017
-0.149893  0.000578834
-0.139807  0.000578379
-0.129823  0.000574658
-0.119664  0.000578929
-0.109173  0.000634368
-0.0985327  0.000581483
-0.0884841  0.000571682
-0.0784136  0.000586579
-0.0683086  0.000568552
-0.0582354  0.00058595
-0.0481483  0.000577104
-0.0380064  0.000576115
-0.0279376  0.000584515
-0.0178003  0.000580434
-0.00767086  0.000570986
-0.00135576  0.000157145
0.00135576  0.000157145
0.00767086  0.000570986
0.0178003  0.000580434
0.0279376  0.000584515
0.0380064  0.000576115
0.0481483  0.000577104
0.0582354  0.00058595
0.0683086  0.000568552
0.0784136  0.000586579
0.0884841  0.000571682
0.0985327  0.000581483
0.109173  0.000634368
0.119664  0.000578929
0.129823  0.000574658
0.139807  0.000578379
0.149893  0.000578834
0.159977  0.000576017
0.170016  0.000577932
0.180064  0.000580032
0.190208  0.000574895
0.200173  0.000580364
0.210342  0.000584184
0.220432  0.000572555
0.23046  0.000587543
0.240607  0.000573297
0.25072  0.000589576
0.260815  0.000577698
0.270919  0.000579339
0.281031  0.000585697
0.29112  0.000582897
0.301325  0.000581987
0.311384  0.000585786
0.321486  0.000575534
0.331572  0.000586863
0.341711  0.0005842
0.351761  0.000576272
0.361834  0.000582741
0.371891  0.000584875
0.382014  0.000580828
0.392127  0.000586314
0.402177  0.000581705
0.412278  0.000580924
0.422384  0.000592274
0.432495  0.000579213
0.442559  0.000583253
0.452721  0.000594945
0.462723  0.000573031
0.472826  0.000584896
0.482796  0.000585997
0.492914  0.000582215
0.502982  0.000584841
0.51305  0.000593203
0.523124  0.000576038
0.533175  0.000587977
0.543166  0.000587218
0.553329  0.000587031
0.563404  0.000589551
0.57353  0.000598591
0.583743  0.000582804
0.593778  0.000597509
0.603897  0.000582901
0.614006  0.00059764
0.624145  0.000590981
0.634186  0.000586594
0.644284  0.00059045
0.65429  0.000591586
0.664439  0.000591161
0.674505  0.000595253
0.684596  0.000591569
0.694674  0.00058925
0.70479  0.000603086
0.71531  0.000639422
0.725869  0.00059791
0.735965  0.000597573
0.74601  0.000590766
0.756159  0.00059747
0.766203  0.000602988
0.776327  0.000587325
0.786387  0.0006
0.796474  0.000605506
0.806567  0.000585737
0.816652  0.000604202
0.826678  0.000602153
0.836844  0.000594343
0.846868  0.000597333
0.856877  0.000605529
0.867047  0.00059529
0.877102  0.000607765
0.887174  0.000598081
0.897263  0.000602353
0.90734  0.000602927
0.917381  0.000603113
0.927559  0.000610298
0.937595  0.000599391
0.947762  0.00061344
0.958326  0.000661034
0.968832  0.000602001
0.978938  0.000606756
0.988968  0.000611862
0.999049  0.000600284
1.00916  0.000612339
1.01921  0.00061096
1.02925  0.000603173
1.03939  0.000609481
1.04937  0.00062033
1.05952  0.000598179
1.06959  0.000620838
1.0797  0.000616919
1.08973  0.000601582
1.09992  0.000626674
1.10991  0.000609702
1.12003  0.00061028
1.13005  0.000614035
1.14008  0.000619488
1.15014  0.000606918
1.16025  0.000627355
1.1703  0.0006096
1.18038  0.000626096
1.19051  0.000616488
1.20102  0.000681126
1.2116  0.000614418
1.22164  0.000628725
1.23181  0.000617819
1.2418  0.000627006
1.2519  0.000613488
1.262  0.000636212
1.27216  0.000624542
1.28221  0.000627729
1.29244  0.000625911
1.30244  0.000635679
1.31254  0.000613133
1.32259  0.000629723
1.33264  0.000637452
1.34272  0.000619135
1.35283  0.000629759
1.36278  0.000633628
1.37288  0.000620473
1.38296  0.000638813
1.39302  0.000636726
1.40307  0.000620375
1.4132  0.00064522
1.42331  0.000638281
1.43339  0.000630101
1.44347  0.00063963
1.45362  0.000642403
1.46371  0.000638192
1.47388  0.000641321
1.48394  0.000639963
1.49402  0.000636835
1.50412  0.000649634
1.51429  0.000637461
1.52434  0.000648853
1.53447  0.000636946
1.54455  0.000648628
1.55464  0.000644658
1.56468  0.000641334
1.57482  0.00064429
1.58485  0.000655839
1.59496  0.000640516
1.60514  0.000654215
1.61516  0.000646798
1.62524  0.000650904
1.63546  0.000654837
1.64546  0.000649403
1.65557  0.000653801
1.6658  0.000655793
1.67583  0.000659364
1.6859  0.000641587
1.69602  0.000662315
1.70659  0.000722882
1.71715  0.000650256
1.72725  0.000652253
1.73729  0.000668763
1.7479  0.000715098
1.75843  0.00065465
1.76848  0.000663441
1.77852  0.00065631
1.78862  0.000660874
1.79872  0.000665565
1.80877  0.000661808
1.81887  0.000660876
1.82905  0.000675397
1.83913  0.000665868
1.84924  0.000660513
1.85934  0.000666909
1.86942  0.000682445
1.87956  0.00065326
1.88969  0.000678988
1.89971  0.000670019
1.90986  0.000669036
1.91995  0.00066528
1.92994  0.000678808
1.93996  0.000653144
1.95008  0.000687415
1.96013  0.000667629
1.97019  0.000676782
1.98033  0.000667637
1.9904  0.000694226
2.00048  0.000659641
2.01056  0.000681977
2.02108  0.000738739
2.03153  0.000675728
2.0417  0.000677478
2.05175  0.000691433
2.06191  0.000678638
2.07198  0.000681211
2.08216  0.000688952
2.09215  0.000680793
2.10233  0.00068129
2.11238  0.000691049
2.12252  0.00068858
2.13253  0.000675355
2.14272  0.000692391
2.15307  0.000747175
2.16368  0.000680454
2.17374  0.000694935
2.18386  0.000697209
2.19437  0.000736844
2.20499  0.000707298
2.21497  0.00068378
2.2251  0.000692155
2.23521  0.000693658
2.24531  0.000703728
2.25535  0.00067838
2.26543  0.000699066
2.27545  0.000696636
2.28552  0.000691053
2.29559  0.000690474
2.30567  0.000711207
2.31573  0.000687468
2.32584  0.00070125
2.33592  0.000701461
2.34599  0.000702121
2.35604  0.00068655
2.36615  0.000717259
2.37625  0.000702838
2.38635  0.000694335
2.39645  0.000708308
2.40651  0.000710857
2.41664  0.000694617
2.42674  0.000713185
2.43673  0.000699925
2.44683  0.000702664
2.45695  0.00071459
2.46701  0.000708379
2.47708  0.000697184
2.48714  0.000712574
2.49725  0.000719282
2.50737  0.000703219
2.51748  0.000713091
2.52753  0.000712097
2.5376  0.0007104
2.54774  0.000711866
2.55785  0.000723967
2.56788  0.000698593
2.57798  0.000719706
2.58807  0.000717346
2.5981  0.000708849
2.60822  0.000715019
2.61831  0.000725079
2.62839  0.000712351
2.63851  0.000719325
2.64865  0.000718646
2.65863  0.00071688
2.6687  0.000707282
2.6788  0.000731291
2.68883  0.000711776
2.69888  0.000716051
2.70902  0.000725023
2.71907  0.000730245
2.7292  0.000706927
2.73928  0.00073598
2.7494  0.000719615
2.75944  0.000721104
2.7696  0.000721518
2.77965  0.00074075
2.78979  0.000705709
2.79984  0.000739661
2.81004  0.000724079
2.82001  0.000724272
2.83019  0.000720406
2.84011  0.000729524
2.85025  0.000720448
2.86026  0.000725952
2.87039  0.000730336
2.88038  0.000729774
2.89105  0.000789625
2.90146  0.000731301
2.91157  0.000724002
2.92156  0.000726444
2.9318  0.000743451
2.94176  0.000719821
2.95191  0.000731033
2.96195  0.00073381
2.9721  0.000738604
2.98211  0.000717069
2.99231  0.000751949
3.00234  0.000722058
3.01245  0.000733723
3.02251  0.000730234
3.03258  0.000742043
3.04258  0.000712494
3.05274  0.000750445
3.06279  0.000732285
3.07283  0.000726013
3.08297  0.000738122
3.09301  0.000739833
3.10305  0.000726443
3.11325  0.000745884
3.12331  0.000732357
3.13332  0.000733342
3.14348  0.000737644
3.15354  0.000740061
3.16355  0.000723625
3.17366  0.000748955
3.18384  0.000738259
3.19379  0.000729629
3.20399  0.000743552
3.21402  0.000731547
3.22401  0.000737663
3.23407  0.000731324
3.24418  0.000735548
3.25409  0.000735564
3.26428  0.000743798
3.27432  0.000729726
3.28436  0.000743196
3.29444  0.000736111
3.30457  0.000738596
3.31449  0.000728716
3.32459  0.000745848
3.33465  0.000723877
3.34463  0.000749464
3.35475  0.000737169
3.36495  0.000741466
3.37494  0.000737367
3.38508  0.000755523
3.39524  0.000714918
3.40514  0.00075536
3.41576  0.000800121
3.42638  0.000750013
3.43649  0.000740532
3.44651  0.000735482
3.45671  0.000745402
3.46678  0.00074708
3.47681  0.000721047
3.48684  0.000747555
3.49697  0.000733767
3.50738  0.000811407
3.51805  0.000736405
3.52811  0.000747059
3.53823  0.000736942
3.54828  0.000739946
3.55846  0.000742519
3.56843  0.000740413
3.57866  0.000737125
3.58861  0.000736278
3.5987  0.000733952
3.60867  0.000742025
3.61889  0.000733594
3.6288  0.000740774
3.63908  0.000750218
3.64914  0.000732338
3.65927  0.000741425
3.66916  0.000725304
3.6794  0.000745564
3.68927  0.000728082
3.69948  0.000747485
3.70996  0.000793409
3.72055  0.000754004
3.73056  0.000714035
3.74076  0.000760176
3.75075  0.000720449
3.76087  0.000747895
3.771  0.000726659
3.7811  0.000755722
3.79114  0.000708917
3.80125  0.000754781
3.81131  0.00072626
3.82135  0.000735753
3.83145  0.000723347
3.84143  0.000744591
3.85147  0.000713254
3.86157  0.000754699
3.87171  0.000718952
3.88173  0.000743336
3.89191  0.000728057
3.90196  0.000739711
3.91211  0.000732622
3.9222  0.000733068
3.93235  0.000727257
3.94228  0.000730539
3.95242  0.000728262
3.96246  0.000726149
3.97254  0.000735373
3.98305  0.000788529
3.99404  0.00079123
4.00453  0.000736341
4.01462  0.000718038
4.02475  0.000734467
4.03487  0.00073554
4.04496  0.000718086
4.05505  0.000726121
4.0651  0.00073397
4.07523  0.000721963
4.08542  0.000724806
4.09537  0.000729063
4.10554  0.00071861
4.11566  0.000730686
4.1257  0.000716404
4.13578  0.000728566
4.14594  0.000714888
4.15592  0.000728347
4.16612  0.000719879
4.17617  0.000721534
4.18635  0.000720363
4.1963  0.000718488
4.20649  0.000714336
4.21645  0.00071498
4.22654  0.000717213
4.23664  0.000721871
4.2468  0.000707135
4.25671  0.000724132
4.26695  0.000706285
4.27691  0.000712033
4.28707  0.000723893
4.29708  0.000705602
4.30727  0.000705822
4.31717  0.000721637
4.32747  0.000716379
4.33749  0.000694043
4.34759  0.000727393
4.3576  0.000693904
4.36783  0.000717211
4.37775  0.000706027
4.38799  0.000710948
4.39796  0.00068644
4.40805  0.000723835
4.41805  0.00068609
4.42816  0.000707026
4.4381  0.000692696
4.44827  0.000718778
4.45829  0.000678318
4.4684  0.000721526
4.47849  0.000689423
4.48862  0.000702544
4.49854  0.000681183
4.5086  0.000712187
4.5187  0.00067807
4.52873  0.000707148
4.53883  0.000691141
4.54943  0.000769016
4.56002  0.000677929
4.57001  0.000710338
4.58014  0.000668616
4.5901  0.00069696
4.60025  0.000690611
4.61029  0.000690183
4.62044  0.000680407
4.63042  0.000703213
4.64065  0.000671677
4.65067  0.000690241
4.66077  0.000688748
4.67083  0.000682343
4.68096  0.000669072
4.69091  0.000696378
4.70109  0.000671909
4.71152  0.000732962
4.72209  0.00069081
4.73224  0.000684028
4.7424  0.000666347
4.75243  0.000688994
4.76261  0.000671786
4.77272  0.000674653
4.78284  0.000685538
4.79303  0.000673282
4.80364  0.000731378
4.81415  0.000669162
4.82425  0.000677205
4.83448  0.00066753
4.84452  0.00066582
4.85466  0.000675236
4.86476  0.000657614
4.87495  0.000673779
4.88507  0.000672
4.89531  0.000661772
4.90527  0.000644726
4.91537  0.000677546
4.92543  0.000640588
4.93551  0.000660393
4.94546  0.00065618
4.95573  0.000660417
4.96577  0.000646729
4.97587  0.000665402
4.98587  0.000631429
4.99603  0.000663995
5.00601  0.000642971
5.01619  0.000656922
5.02625  0.000633095
5.03637  0.000665216
5.04648  0.000634866
5.05661  0.000649591
5.06659  0.000632236
5.07677  0.000655697
5.08681  0.000623312
5.09687  0.000652259
5.10696  0.000628682
5.11712  0.000648193
5.12716  0.000617627
5.13771  0.000718294
5.14836  0.000611574
5.15838  0.000642261
5.16844  0.000623388
5.17854  0.000637104
5.18867  0.000617487
5.19873  0.000644118
5.20884  0.000604988
5.21883  0.000632808
5.229  0.000625342
5.2391  0.000624654
5.24917  0.000606784
5.25922  0.000638147
5.2694  0.000607005
5.27941  0.000615144
5.28951  0.000619031
5.2995  0.000612622
5.30964  0.000602404
5.31964  0.000624021
5.32984  0.000602408
5.33977  0.000608627
5.34993  0.000608506
5.35995  0.000608775
5.37011  0.000595341
5.38003  0.000608663
5.39025  0.00060066
5.40016  0.000598946
5.41043  0.000601907
5.42041  0.000603096
5.4305  0.000581052
5.44052  0.00060781
5.45074  0.000595333
5.46067  0.000583849
5.47093  0.000600388
5.48085  0.000585112
5.49105  0.000592977
5.50115  0.000590128
5.51129  0.000589881
5.52133  0.000575849
5.53143  0.000589884
5.54151  0.000580121
5.55155  0.000578282
5.56156  0.000566059
5.57168  0.000597926
5.58183  0.000566485
5.5919  0.000580361
5.60204  0.000572907
5.612  0.000571691
5.62227  0.000574202
5.63217  0.000560158
5.64228  0.000570351
5.65234  0.000572829
5.66254  0.000558887
5.67252  0.000570553
5.6828  0.000569336
5.6928  0.00055452
5.70297  0.0005692
5.71297  0.000543954
5.72319  0.000572932
5.73313  0.000545654
5.74329  0.000554351
5.75373  0.000594751
5.76433  0.000566017
5.77448  0.000540191
5.78463  0.000562884
5.79461  0.000524549
5.80468  0.00056158
5.81479  0.000525692
5.82477  0.000553868
5.83481  0.000523033
5.84496  0.000558893
5.855  0.0005216
5.86504  0.000545048
5.87528  0.000528774
5.88528  0.000545198
5.89536  0.00051263
5.90549  0.000554118
5.9156  0.000507893
5.92555  0.000536086
5.93573  0.000520241
5.94575  0.000527163
5.95578  0.000512406
5.96586  0.000533496
5.97659  0.000564769
5.98699  0.000523395
5.99725  0.000511403
6.00728  0.000521733
6.01734  0.00050619
6.0274  0.000517108
6.03767  0.000514437
6.04757  0.000502433
6.05828  0.000563418
6.06896  0.000518613
6.07909  0.000492521
6.08898  0.000503677
6.09923  0.000500598
6.10908  0.000494926
6.11916  0.00049359
6.12934  0.000513744
6.13947  0.000485355
6.14945  0.000495955
6.16015  0.000539374
6.1705  0.000488474
6.18075  0.000492114
6.19085  0.000491218
6.20149  0.000534108
6.21191  0.000475046
6.22201  0.000487205
6.23203  0.000476067
6.24211  0.000481649
6.25264  0.000518823
6.26332  0.000492371
6.27335  0.00045725
6.28344  0.000486387
6.29359  0.000467372
6.30394  0.000502278
6.31454  0.000476511
6.32471  0.000477364
6.33481  0.000453743
6.34525  0.000506812
6.35603  0.000477016
6.36609  0.000455628
6.37625  0.000463855
6.38634  0.000457156
6.397  0.000508284
6.40761  0.000441514
6.41767  0.000478526
6.42796  0.000435444
6.438  0.000454988
6.44801  0.000445811
6.45817  0.000457646
6.46833  0.000428505
6.47827  0.000463717
6.48865  0.000433626
6.49857  0.000442903
6.50867  0.00043302
6.51871  0.00044537
6.52881  0.000422928
6.53875  0.000442869
6.54901  0.000432574
6.55889  0.000418094
6.56902  0.000441496
6.57911  0.000430825
6.58979  0.000459904
6.60019  0.00042577
6.6104  0.000430804
6.62041  0.000412001
6.63052  0.000428555
6.64062  0.000419884
6.65082  0.000420322
6.66082  0.000407276
6.67095  0.00043069
6.68098  0.000393299
6.69105  0.000419373
6.70115  0.000417325
6.71132  0.000402924
6.7213  0.000402433
6.7314  0.000418665
6.74152  0.000389516
6.75161  0.00041218
6.76166  0.000397677
6.77184  0.000409187
6.78234  0.000415068
6.79265  0.000408262
6.80298  0.000397169
6.81292  0.000381194
6.82302  0.000400959
6.83311  0.000393849
6.84327  0.000378024
6.85322  0.000397419
6.86354  0.000388397
6.87348  0.000374846
6.88357  0.000387502
6.89367  0.000386239
6.90387  0.000374015
6.91378  0.000375534
6.92397  0.000386602
6.934  0.000369389
6.94416  0.000368736
6.95418  0.000385242
6.9643  0.000359816
6.97424  0.000362669
6.98439  0.00038398
6.99447  0.000352233
7.00457  0.000369687
7.01461  0.000366119
7.0247  0.000354754
7.03475  0.000361876
7.04491  0.000366251
7.05491  0.000345107
7.06491  0.000356808
7.0751  0.000360905
7.0857  0.000389213
7.09626  0.000343745
7.10681  0.000385889
7.11738  0.000349353
7.12784  0.000369647
7.13834  0.000351576
7.14845  0.000342201
7.15861  0.000340404
7.16902  0.000366665
7.17949  0.000344982
7.1896  0.00033079
7.19969  0.000340282
7.20974  0.000335454
7.21986  0.000328858
7.22994  0.000331032
7.24001  0.000340487
7.25017  0.000320548
7.26034  0.000336731
7.27031  0.000318852
7.28086  0.000355226
7.29145  0.000321927
7.30154  0.000333276
7.31183  0.000315966
7.3219  0.00032093
7.33246  0.000348767
7.34311  0.000322298
7.35337  0.000309443
7.3632  0.00031552
7.37337  0.000307836
7.38353  0.000316808
7.39365  0.000308775
7.40362  0.000305975
7.4139  0.000307324
7.4238  0.000302183
7.43393  0.000303676
7.44401  0.000306508
7.4542  0.000297302
7.46416  0.000300855
7.47435  0.000297161
7.48431  0.000294089
7.49441  0.000297794
7.50452  0.000293099
7.51472  0.000296332
7.52456  0.000286871
7.53476  0.000287081
7.54471  0.000289459
7.55482  0.000290234
7.56497  0.000284865
7.57504  0.000284983
7.58499  0.000278668
7.59519  0.000286354
7.60523  0.000281591
7.61539  0.00028062
7.62547  0.000277054
7.63568  0.0002806
7.64571  0.000274585
7.65577  0.00027167
7.6659  0.000275823
7.67599  0.00027391
7.68608  0.000266793
7.69623  0.000274667
7.70622  0.000263371
7.71624  0.000263201
7.72637  0.000270303
7.73647  0.000262732
7.74654  0.000263202
7.75678  0.000267267
7.76686  0.000257403
7.7768  0.000257983
7.78698  0.000258554
7.79713  0.000259739
7.80713  0.000253608
7.81725  0.000254224
7.82734  0.000253963
7.83733  0.000247084
7.84744  0.000252709
7.85746  0.000250134
7.86754  0.000246806
7.87767  0.000247134
7.88788  0.000248735
7.89791  0.000244804
7.9085  0.000265724
7.91918  0.000245614
7.92911  0.000231953
7.93902  0.000240051
7.94927  0.000241678
7.95925  0.000235365
7.96942  0.00023608
7.98019  0.000266295
7.99075  0.000227642
8.00072  0.000232389
8.01096  0.000235749
8.02105  0.000226339
8.03108  0.000228909
8.04134  0.000231701
8.05151  0.000227496
8.06149  0.000221782
8.07161  0.0002231
8.0817  0.000224878
8.09168  0.000219087
8.10239  0.000241233
8.11292  0.000224908
8.12304  0.000210038
8.13309  0.000219424
8.14326  0.000217538
8.15328  0.000213968
8.16346  0.000213248
8.17359  0.000213917
8.18376  0.000211763
8.19375  0.000207504
8.20447  0.000233931
8.21506  0.000208281
8.22519  0.000199551
8.23522  0.000210788
8.24539  0.000206839
8.25549  0.000196755
8.26561  0.00020825
8.27573  0.000199236
8.28623  0.000212547
8.2967  0.000199947
8.30675  0.000199978
8.31694  0.000192792
8.32746  0.000216631
8.33807  0.00019473
8.34825  0.000190071
8.35827  0.000191887
8.36829  0.000196182
8.3786  0.000183293
8.38853  0.00019119
8.39868  0.000189487
8.40885  0.000183995
8.41885  0.000184126
8.42893  0.000190917
8.43926  0.000179174
8.44923  0.00018048
8.45936  0.000188592
8.46955  0.000175748
8.47961  0.000177182
8.48964  0.000186599
8.49986  0.0001717
8.50991  0.000172791
8.52003  0.000184668
8.53058  0.000182876
8.54131  0.000178678
8.55132  0.000169802
8.5615  0.000173184
8.57167  0.000167541
8.58169  0.00017431
8.59176  0.000162515
8.60197  0.000168282
8.61191  0.000163343
8.62202  0.000172172
8.63217  0.000155097
8.64221  0.000170977
8.65224  0.0001556
8.66245  0.000163244
8.67249  0.000160592
8.68256  0.000162202
8.69268  0.000149491
8.70261  0.000163714
8.71281  0.000153598
8.7229  0.000158067
8.73298  0.000152037
8.74307  0.000157307
8.7532  0.000146611
8.76327  0.000156195
8.77341  0.000149484
8.78347  0.000152779
8.79375  0.000146474
8.80405  0.00016367
8.81478  0.000144895
8.82488  0.000147064
8.83492  0.000147653
8.84494  0.000141879
8.85516  0.00014194
8.86511  0.000144069
8.87533  0.000145363
8.88555  0.000139804
8.89604  0.000154104
8.90658  0.000135845
8.91669  0.000138138
8.92668  0.000140536
8.93684  0.000134395
8.94748  0.000148023
8.95809  0.000138924
8.96824  0.000131913
8.97829  0.000132818
8.98848  0.000132813
8.99846  0.000132445
9.00863  0.000128311
9.01922  0.00014238
9.02967  0.00012953
9.03986  0.000127658
9.05002  0.000127841
9.05995  0.000124225
9.07011  0.000125817
9.0803  0.000126387
9.09029  0.000124281
9.10047  0.000120502
9.11044  0.0001231
9.12057  0.000122309
9.13063  0.000119477
9.14078  0.000119571
9.15071  0.000120502
9.1609  0.000117256
9.17107  0.000119347
9.18116  0.000117417
9.19114  0.000115219
9.20142  0.000116083
9.21144  0.000116275
9.22158  0.000111855
9.23162  0.000112456
9.24173  0.000114147
9.25181  0.000110102
9.26193  0.000109507
9.27194  0.000113822
9.28219  0.00010799
9.29222  0.000107901
9.30242  0.000110373
9.31243  0.000107559
9.32257  0.0001026
9.33266  0.000109567
9.34277  0.000104482
9.35282  0.000103528
9.36293  0.000102716
9.37286  0.000104088
9.38315  0.000100149
9.39313  0.000103936
9.40334  0.000102505
9.41337  9.56017e-05
9.42351  0.000101434
9.4335  0.000101362
9.44375  9.62815e-05
9.45381  9.79885e-05
9.46395  9.86678e-05
9.47396  9.34089e-05
9.48416  9.72772e-05
9.49418  9.59086e-05
9.50443  9.20056e-05
9.51445  9.48462e-05
9.52463  9.47931e-05
9.53466  8.94624e-05
9.54488  9.35293e-05
9.55487  9.17438e-05
9.56502  8.9295e-05
9.57511  8.72086e-05
9.58517  9.16164e-05
9.59507  8.77168e-05
9.60528  8.82833e-05
9.6154  8.67671e-05
9.62541  8.56424e-05
9.63558  8.62937e-05
9.64574  8.93579e-05
9.65567  8.10793e-05
9.66595  8.50857e-05
9.67616  8.50404e-05
9.68607  8.22465e-05
9.69621  8.12679e-05
9.70641  8.38218e-05
9.71629  8.11582e-05
9.72644  7.67454e-05
9.73662  8.35163e-05
9.74689  8.12333e-05
9.75692  7.70793e-05
9.76716  7.93606e-05
9.77697  7.78451e-05
9.78727  7.67952e-05
9.79737  7.62934e-05
9.80735  7.71536e-05
9.81753  7.47229e-05
9.82773  7.62003e-05
9.83774  7.44869e-05
9.84793  7.367e-05
9.85806  7.41975e-05
9.86826  7.37296e-05
9.87833  7.12388e-05
9.88864  7.2467e-05
9.89861  7.20947e-05
9.90926  7.8608e-05
9.92043  7.41898e-05
9.9311  7.34045e-05
9.94129  6.6813e-05
9.95134  6.91893e-05
9.96127  6.81726e-05
9.97148  6.80381e-05
9.98155  6.43623e-05
9.99177  7.11071e-05
10.0019  6.28258e-05
10.0121  6.83114e-05
10.0222  6.59849e-05
10.0322  6.35169e-05
10.0426  6.21646e-05
10.0526  6.6436e-05
10.0627  6.27433e-05
10.0729  6.23367e-05
10.0828  6.29768e-05
10.0931  5.98606e-05
10.103  6.03854e-05
10.1131  6.22878e-05
10.1233  6.02375e-05
10.1334  5.94835e-05
10.1435  5.92556e-05
10.1537  6.04081e-05
10.1636  5.55651e-05
10.1738  6.01823e-05
10.1839  5.8122e-05
10.194  5.4589e-05
10.2041  5.81633e-05
10.2142  5.73383e-05
10.2242  5.3331e-05
10.2345  5.66051e-05
10.2447  5.59451e-05
10.2546  5.29127e-05
10.2647  5.39066e-05
10.2749  5.70444e-05
10.2851  5.12447e-05
10.2952  5.06485e-05
10.3055  5.64651e-05
10.3156  4.99979e-05
10.3256  5.24615e-05
10.3358  5.25602e-05
10.3459  4.86907e-05
10.3561  5.0631e-05
10.3664  5.27964e-05
10.3769  5.30495e-05
10.388  5.18433e-05
10.3984  4.94168e-05
10.4086  4.9974e-05
10.4189  4.69593e-05
10.4289  4.77797e-05
10.439  4.67659e-05
10.449  4.45818e-05
10.4591  4.78705e-05
10.4693  4.64177e-05
10.4793  4.43012e-05
10.4895  4.65226e-05
10.4995  4.53339e-05
10.5097  4.35794e-05
10.5198  4.47073e-05
10.53  4.46406e-05
10.54  4.16711e-05
10.5502  4.288e-05
10.5602  4.49023e-05
10.5705  4.12977e-05
10.5806  4.2562e-05
10.5907  4.23858e-05
10.6007  3.94542e-05
10.6112  4.19613e-05
10.621  4.27136e-05
10.6313  3.90152e-05
10.6414  3.946e-05
10.6515  4.02387e-05
10.6614  3.89734e-05
10.6719  4.01213e-05
10.6819  3.92915e-05
10.6922  3.91907e-05
10.7024  3.64563e-05
10.7125  3.94199e-05
10.7226  3.71835e-05
10.7332  3.7258e-05
10.743  3.7092e-05
10.753  3.65098e-05
10.7633  3.46214e-05
10.7735  3.78113e-05
10.7836  3.53236e-05
10.7937  3.45133e-05
10.8042  3.83473e-05
10.8147  3.54874e-05
10.8256  3.74416e-05
10.8363  3.40026e-05
10.8462  3.37503e-05
10.8567  3.35829e-05
10.867  3.45446e-05
10.8769  3.26889e-05
10.8873  3.37698e-05
10.8975  3.12642e-05
10.9076  3.26225e-05
10.9178  3.04065e-05
10.9278  3.21992e-05
10.9378  3.14856e-05
10.9482  3.08764e-05
10.9585  3.00085e-05
10.9683  3.16717e-05
10.9788  2.97905e-05
10.9889  2.96914e-05
10.9988  3.06707e-05
11.0091  2.83807e-05
11.0193  2.90552e-05
11.0295  2.95234e-05
11.0396  2.82609e-05
11.0496  2.80011e-05
11.0597  2.87705e-05
11.0698  2.68037e-05
11.0806  3.0776e-05
11.0909  2.67325e-05
11.1011  2.73055e-05
11.1115  2.65195e-05
11.1215  2.76748e-05
11.1316  2.55454e-05
11.1418  2.59497e-05
11.1519  2.6619e-05
11.1625  2.7204e-05
11.1732  2.63789e-05
11.1833  2.54266e-05
11.1935  2.45831e-05
11.2039  2.54046e-05
11.214  2.35619e-05
11.2241  2.55116e-05
11.2346  2.3464e-05
11.2444  2.48299e-05
11.2553  2.60558e-05
11.2662  2.27498e-05
11.2763  2.36523e-05
11.2863  2.31068e-05
11.2966  2.25609e-05
11.3066  2.3934e-05
11.317  2.17987e-05
11.3273  2.11108e-05
11.3373  2.28298e-05
11.3473  2.22452e-05
11.3577  2.13554e-05
11.3678  2.13524e-05
11.3781  2.18648e-05
11.3884  1.9593e-05
11.3983  2.16859e-05
11.4085  2.05042e-05
11.4188  2.00503e-05
11.4289  2.12658e-05
11.4389  1.95986e-05
11.4493  1.88668e-05
11.4595  2.01797e-05
11.47  2.2109e-05
11.4807  1.84135e-05
11.4909  1.91387e-05
11.5008  1.96447e-05
11.5113  1.80332e-05
11.5213  1.79743e-05
11.5314  1.89921e-05
11.5417  1.86123e-05
11.5521  1.79455e-05
11.5619  1.78187e-05
11.5722  1.64041e-05
11.5823  1.81653e-05
11.5927  1.8767e-05
11.603  1.68083e-05
11.6133  1.63066e-05
11.6232  1.81279e-05
11.6342  1.6582e-05
11.6445  1.6886e-05
11.6549  1.75688e-05
11.6651  1.55529e-05
11.6755  1.6246e-05
11.6855  1.61278e-05
11.6956  1.5101e-05
11.706  1.66182e-05
11.7164  1.58565e-05
11.7263  1.37291e-05
11.7365  1.56744e-05
11.7466  1.58024e-05
11.757  1.42378e-05
11.7671  1.42657e-05
11.7774  1.54996e-05
11.7875  1.38753e-05
11.7976  1.42507e-05
11.808  1.54065e-05
11.8181  1.29789e-05
11.8284  1.35865e-05
11.8388  1.47796e-05
11.8487  1.35226e-05
11.8591  1.28391e-05
11.8691  1.3849e-05
11.8795  1.32695e-05
11.8899  1.22676e-05
11.9  1.36486e-05
11.9099  1.30298e-05
11.9206  1.22943e-05
11.9309  1.26363e-05
11.9409  1.27423e-05
11.9512  1.16787e-05
11.9613  1.27951e-05
11.9714  1.23764e-05
11.9819  1.11569e-05
11.9922  1.25803e-05
12.0025  1.21152e-05
12.0126  1.03523e-05
12.0229  1.22882e-05
12.0331  1.1302e-05
12.0433  1.08397e-05
12.0537  1.155e-05
12.0639  1.11457e-05
12.0739  1.00676e-05
12.0842  1.12253e-05
12.0944  1.09623e-05
12.1047  1.04815e-05
12.1147  9.98765e-06
12.1248  1.07139e-05
12.1353  9.6407e-06
12.1457  1.07561e-05
12.156  1.09563e-05
12.1663  9.45611e-06
12.1769  9.85406e-06
12.1868  1.02238e-05
12.1974  8.96737e-06
12.2076  9.90526e-06
12.2179  9.30941e-06
12.228  9.94316e-06
12.2387  8.62616e-06
12.2485  9.39583e-06
12.2588  8.69912e-06
12.2691  9.12038e-06
12.28  1.02898e-05
12.2904  8.20062e-06
12.3008  8.27952e-06
12.3108  9.1186e-06
12.3211  8.09187e-06
12.331  8.35121e-06
12.3417  8.82551e-06
12.3513  7.64765e-06
12.362  8.25771e-06
12.3722  8.19572e-06
12.3824  7.98512e-06
12.3926  7.38241e-06
12.4029  8.79672e-06
12.4131  7.54896e-06
12.4234  7.33532e-06
12.4339  7.85918e-06
12.4442  7.37043e-06
12.4544  7.39843e-06
12.4647  7.62049e-06
12.4744  6.6749e-06
12.485  7.35468e-06
12.4956  7.21481e-06
12.5057  7.12181e-06
12.5161  6.5956e-06
12.5263  7.49515e-06
12.5363  6.37538e-06
12.5468  6.39622e-06
12.5569  6.56353e-06
12.567  6.77556e-06
12.5775  6.72751e-06
12.5881  6.81237e-06
12.5987  6.25322e-06
12.609  6.16895e-06
12.6195  6.42906e-06
12.6299  6.18165e-06
12.64  5.83639e-06
12.6499  6.00928e-06
12.6601  6.59937e-06
12.6708  5.2435e-06
12.6811  5.89239e-06
12.6912  6.13662e-06
12.7015  5.02642e-06
12.7118  6.1014e-06
12.7218  5.43057e-06
12.7323  5.41442e-06
12.7428  5.28981e-06
12.7532  5.78332e-06
12.7637  5.05801e-06
12.7737  5.35894e-06
12.7836  5.3583e-06
12.7946  5.2697e-06
12.8058  5.50082e-06
12.8159  5.49468e-06
12.8265  4.30241e-06
12.8362  5.21919e-06
12.8467  4.40314e-06
12.857  4.56189e-06
12.8674  5.23366e-06
12.8775  4.99062e-06
12.8881  4.21764e-06
12.8983  4.89057e-06
12.9085  4.20368e-06
12.9184  4.32691e-06
12.9294  4.5113e-06
12.9393  4.54189e-06
12.9499  4.12958e-06
12.96  4.26048e-06
12.9706  4.81892e-06
12.9812  4.06163e-06
12.9918  4.22509e-06
13.0018  4.09584e-06
13.0124  3.88336e-06
13.0231  4.17647e-06
13.0334  4.39229e-06
13.0436  3.54988e-06
13.0545  3.76451e-06
13.0644  4.17653e-06
13.075  3.70811e-06
13.0852  3.57481e-06
13.0953  3.81824e-06
13.1061  3.36425e-06
13.1167  3.54466e-06
13.1268  4.09524e-06
13.1376  3.41873e-06
13.1481  3.51826e-06
13.1582  3.51753e-06
13.1689  3.17349e-06
13.179  3.38715e-06
13.1891  3.38793e-06
13.1996  3.37817e-06
13.2108  3.09376e-06
13.2204  3.29551e-06
13.231  3.20069e-06
13.2422  3.08112e-06
13.2518  3.28869e-06
13.2622  2.65767e-06
13.2724  3.23523e-06
13.2834  3.22235e-06
13.2938  2.66657e-06
13.3044  3.07712e-06
13.3145  2.83059e-06
13.3249  2.86267e-06
13.3357  2.97224e-06
13.3464  2.96691e-06
13.3571  2.4606e-06
13.3683  3.2197e-06
13.3787  2.65533e-06
13.3892  2.47044e-06
13.3998  2.80547e-06
13.41  2.31604e-06
13.4212  2.55543e-06
13.4317  2.60717e-06
13.4421  2.92461e-06
13.4524  2.25457e-06
13.4627  2.15116e-06
13.4735  2.67765e-06
13.4846  2.31315e-06
13.4945  2.38729e-06
13.505  2.43975e-06
13.5158  2.02241e-06
13.5259  2.35773e-06
13.5365  2.51516e-06
13.5477  2.27174e-06
13.5588  1.9838e-06
13.5689  2.22898e-06
13.5792  1.97391e-06
13.5901  2.14975e-06
13.6003  2.11666e-06
13.6108  1.78027e-06
13.622  2.35862e-06
13.6315  1.99934e-06
13.6425  1.92207e-06
13.6535  2.01772e-06
13.6639  1.78142e-06
13.6745  1.82231e-06
13.685  2.16085e-06
13.6958  2.01102e-06
13.7074  1.69816e-06
13.7177  1.86005e-06
13.7282  1.74091e-06
13.7388  1.60052e-06
13.7495  2.1426e-06
13.7607  1.44525e-06
13.7717  1.82182e-06
13.783  1.7738e-06
13.7933  1.45673e-06
13.8031  1.68733e-06
13.8133  1.7197e-06
13.8241  1.40826e-06
13.8344  1.36645e-06
13.8443  1.56433e-06
13.8552  1.65245e-06
13.8667  1.73312e-06
13.8774  1.52393e-06
13.8881  1.27942e-06
13.8995  1.64859e-06
13.9098  1.40979e-06
13.9202  1.19586e-06
13.9307  1.46204e-06
13.9408  1.39585e-06
13.9519  1.37979e-06
13.9629  1.26179e-06
13.9733  1.37741e-06
13.9834  1.19653e-06
13.9945  1.35787e-06
14.0048  1.30027e-06
14.0157  1.20063e-06
14.0271  1.26693e-06
14.0367  1.11758e-06
14.0468  1.09258e-06
14.0575  1.32341e-06
14.0682  1.16867e-06
14.0785  1.00531e-06
14.0897  1.24978e-06
14.0999  1.2538e-06
14.1112  1.02605e-06
14.121  9.12302e-07
14.1313  1.15597e-06
14.1419  9.54052e-07
14.1526  1.19743e-06
14.1628  1.04791e-06
14.1734  8.46365e-07
14.1836  1.04248e-06
14.1939  1.01361e-06
14.2045  8.08748e-07
14.2147  1.06887e-06
14.2251  9.37602e-07
14.2363  8.4226e-07
14.2465  9.59107e-07
14.2572  1.07143e-06
14.2687  7.90985e-07
14.2787  9.24511e-07
14.2892  8.45281e-07
14.3  8.56126e-07
14.3097  7.98515e-07
14.32  8.85282e-07
14.3329  7.6815e-07
14.3434  1.00736e-06
14.3542  7.54575e-07
14.3635  8.17858e-07
14.3746  7.98553e-07
14.3847  7.14587e-07
14.3958  6.41204e-07
14.4064  7.74082e-07
14.4169  7.68165e-07
14.4281  7.78876e-07
14.4395  8.75662e-07
14.4499  6.12714e-07
14.4612  6.25533e-07
14.4705  8.15578e-07
14.4817  6.0789e-07
14.4925  5.94292e-07
14.5024  6.63594e-07
14.5132  7.31912e-07
14.5249  7.43292e-07
14.536  6.19311e-07
14.5469  6.47571e-07
14.558  6.48608e-07
14.5676  6.09989e-07
14.5791  5.00997e-07
14.5895  5.79346e-07
14.5985  5.25796e-07
14.6095  5.86524e-07
14.62  5.77262e-07
14.6309  6.0111e-07
14.6423  5.16521e-07
14.6534  6.04801e-07
14.6641  6.1511e-07
14.6744  4.39287e-07
14.6856  5.50189e-07
14.6956  3.6604e-07
14.7055  5.03184e-07
14.7172  6.63077e-07
14.7283  4.85101e-07
14.7399  4.74425e-07
14.7506  4.04117e-07
14.76  4.61944e-07
14.7708  4.544e-07
14.782  5.21645e-07
14.7924  4.81737e-07
14.8043  4.36484e-07
14.8152  4.34131e-07
14.8248  3.67074e-07
14.8363  3.78072e-07
14.8453  5.0299e-07
14.8566  3.71439e-07
14.8667  3.80821e-07
14.878  3.92482e-07
14.8887  4.03786e-07
14.8986  2.86797e-07
14.9084  3.93732e-07
14.9191  3.96973e-07
14.9301  3.91847e-07
14.9421  4.82992e-07
14.9525  2.33798e-07
14.9636  4.23298e-07
14.9741  3.49193e-07
14.9857  3.02652e-07
14.9964  3.7533e-07
15.008  3.28882e-07
15.0196  3.88352e-07
15.0312  4.17355e-07
15.0431  2.66694e-07
15.0535  2.65638e-07
15.0639  3.649e-07
15.0754  2.69321e-07
15.0864  3.21297e-07
15.096  3.21314e-07
15.1082  1.97937e-07
15.1196  3.47293e-07
15.1302  2.97451e-07
15.1413  2.48367e-07
15.153  2.98077e-07
15.1639  3.68693e-07
15.1757  2.33467e-07
15.1853  2.41555e-07
15.1954  2.07263e-07
15.2062  2.54759e-07
15.2171  2.80072e-07
15.2267  2.03759e-07
15.2369  2.15497e-07
15.2488  2.15401e-07
15.2587  2.28897e-07
15.2701  2.76908e-07
15.2809  2.53992e-07
15.2914  2.09133e-07
15.3016  1.6561e-07
15.3126  2.49661e-07
15.3233  2.15552e-07
15.3333  1.24106e-07
15.3443  2.44721e-07
15.3543  2.07787e-07
15.3656  2.01224e-07
15.3751  2.04101e-07
15.3849  1.38028e-07
15.3965  1.74803e-07
15.4073  2.06002e-07
15.4189  1.9059e-07
15.4307  2.06985e-07
15.4407  1.98651e-07
15.4517  1.90416e-07
15.4638  1.42789e-07
15.4732  1.55187e-07
15.4842  1.28006e-07
15.4951  1.72241e-07
15.5052  2.00339e-07
15.5171  1.20941e-07
15.529  1.67343e-07
15.5367  1.6509e-07
15.5477  1.12974e-07
15.5579  1.62849e-07
15.5695  1.25062e-07
15.5801  1.67839e-07
15.5901  1.71125e-07
15.6022  1.44437e-07
15.6133  6.55527e-08
15.6249  1.50521e-07
15.6349  1.55721e-07
15.6448  1.59028e-07
15.6569  1.76689e-07
15.6681  1.1912e-07
15.6791  1.15119e-07
15.6909  6.75722e-08
15.7009  1.36948e-07
15.7115  1.0668e-07
15.7224  1.0792e-07
15.7329  1.34016e-07
15.7445  1.05465e-07
15.7564  1.34341e-07
15.7661  8.30722e-08
15.7772  1.50384e-07
15.7885  9.90042e-08
15.8001  4.51754e-08
15.81  1.29511e-07
15.8212  1.09769e-07
15.8324  1.08972e-07
15.844  1.25781e-07
15.855  9.48449e-08
15.8665  8.6361e-08
15.88  1.21227e-07
15.8879  5.54831e-08
15.9003  7.61595e-08
15.909  9.95453e-08
15.9209  6.26367e-08
15.9318  1.17427e-07
15.9422  8.70828e-08
15.9543  6.22953e-08
15.9639  7.27115e-08
15.9759  5.7971e-08
15.9853  7.37371e-08
15.9969  9.42584e-08
16.0065  1.11502e-07
16.0178  6.06332e-08
16.03  7.49949e-08
16.0396  6.91564e-08
16.0531  7.46544e-08
16.0653  6.23821e-08
16.0784  6.58838e-08
16.0864  7.2275e-08
16.0958  3.86756e-08
16.1078  7.91246e-08
16.1206  5.84958e-08
16.1314  6.66248e-08
16.1412  6.19496e-08
16.152  7.37574e-08
16.1623  7.54795e-08
16.1746  4.23952e-08
16.1867  5.45717e-08
16.1968  4.22041e-08
16.2078  6.31219e-08
16.2193  4.18258e-08
16.2309  4.9202e-08
16.2426  5.87186e-08
16.253  8.57746e-08
16.2661  4.69874e-08
16.2757  3.85376e-08
16.2848  6.33243e-08
16.2978  4.52964e-08
16.3106  6.88842e-08
16.3224  2.51146e-08
16.3343  3.34156e-08
16.3462  6.20311e-08
16.3581  4.91815e-08
16.3723  4.54281e-08
16.3828  5.43098e-08
16.3926  3.35493e-08
16.4051  2.95643e-08
16.4153  4.00974e-08
16.4311  3.78143e-08
16.4394  5.06315e-08
16.4535  2.6359e-08
16.4603  3.77379e-08
16.474  3.83698e-08
16.4854  2.19481e-08
16.4953  5.38707e-08
16.5059  3.5423e-08
16.5175  2.68727e-08
16.5293  4.92974e-08
16.5416  3.5129e-08
16.5542  2.5676e-08
16.5659  2.37759e-08
16.5747  4.58278e-08
16.5865  1.269e-08
16.5964  1.56705e-08
16.6123  2.23431e-08
16.6218  4.231e-08
16.6351  3.30497e-08
16.6486  4.75373e-08
16.6625  4.26719e-08
16.6743  1.71628e-08
16.6876  8.80991e-09
16.6948  2.83445e-08
16.7053  1.79654e-08
16.7171  3.48982e-08
16.7292  2.52427e-08
16.7402  1.31664e-08
16.7524  4.41179e-08
16.7665  2.2959e-08
16.7786  9.10107e-09
16.7894  8.1682e-09
16.7981  1.64688e-08
16.8095  4.1451e-08
16.8216  1.21043e-08
16.8334  1.23244e-08
16.8462  1.61027e-08
16.8535  3.13709e-08
16.8667  3.06576e-08
16.8795  1.89469e-08
16.8948  1.72604e-08
16.9054  1.77207e-08
16.9179  1.45864e-08
16.9266  1.66929e-08
16.939  2.26993e-08
16.9523  1.82036e-08
16.9707  1.39275e-08
16.9819  9.14568e-09
16.9935  2.9044e-08
17.001  1.27657e-08
17.0181  1.2215e-08
17.0291  1.90378e-08
17.0433  1.75403e-08
17.0591  6.32246e-09
17.072  3.0372e-08
17.0863  5.12925e-09
17.0954  3.69523e-09
17.1063  2.08887e-08
17.1226  2.03415e-08
17.1293  1.11288e-08
17.1444  1.34886e-08
17.1549  1.56537e-08
17.167  4.33411e-09
17.1829  1.3095e-08
17.194  4.78722e-09
17.2079  5.7773e-09
17.2204  1.86308e-08
17.2295  1.67399e-08
17.2425  9.48661e-09
17.2545  7.7637e-09
17.2651  7.62492e-09
17.2764  6.29107e-09
17.2896  6.27823e-09
17.3029  6.28364e-09
17.3136  9.05629e-09
17.327  8.11164e-09
17.3342  9.78833e-09
17.348  1.658e-08
17.3686  1.78969e-08
17.3793  7.75246e-09
17.3951  4.91706e-09
17.4035  7.69389e-09
17.4241  1.1106e-08
17.4426  2.6515e-09
17.4502  6.14161e-09
17.4674  4.62857e-09
17.4805  8.37007e-09
17.4948  1.11697e-08
17.5052  4.60549e-09
17.5168  9.32708e-09
17.5323  8.98124e-09
17.5437  2.50345e-09
17.5552  2.56832e-09
17.5649  9.38755e-09
17.5736  2.18485e-09
17.5951  8.23799e-09
17.6085  1.01515e-08
17.6254  5.68013e-09
17.636  2.26047e-09
17.6528  9.56814e-09
17.6772  1.81102e-09
17.6842  5.51639e-09
17.6996  1.51086e-09
17.7231  1.16239e-08
17.7397  7.94319e-09
17.7544  4.7003e-09
17.7581  3.12345e-09
17.7721  3.46677e-09
17.7885  2.54501e-09
17.7977  5.32567e-09
17.8254  7.52557e-10
17.8396  1.0629e-08
17.8573  1.94541e-09
17.8699  5.63058e-09
17.8867  8.14181e-10
17.9038  4.76876e-10
17.9187  1.9733e-09
17.9273  4.49592e-09
17.9416  6.69716e-09
17.9619  3.43037e-09
17.982  7.66089e-09
18.0027  1.11008e-09
18.0147  2.54609e-09
18.031  4.15043e-09
18.0622  6.11421e-09
18.0872  8.35227e-10
18.1018  1.48608e-09
18.1147  4.09784e-09
18.1319  2.54968e-09
18.1456  2.63774e-09
18.1637  1.75247e-09
18.1845  4.15771e-10
18.2057  2.45308e-09
18.217  6.81809e-09
18.2414  3.03132e-09
18.2974  1.98688e-09
18.3131  3.55598e-10
18.3384  5.05577e-09
18.3513  8.17137e-10
18.3679  2.21254e-09
18.3779  2.54797e-10
18.3885  1.8793e-09
18.4075  1.66947e-09
18.4402  2.81125e-09
18.4727  3.68221e-10
18.4842  3.35688e-09
18.5009  2.07865e-10
18.5334  3.49396e-10
18.544  4.16241e-10
18.5549  1.96692e-09
18.5937  3.18207e-09
18.6162  1.04508e-09
18.6443  1.75339e-09
18.6698  3.6093e-10
18.7158  2.49966e-09
18.731  3.70032e-10
18.7458  4.19076e-10
18.7772  8.24928e-10
18.8154  9.56308e-10
18.8305  1.91431e-09
18.8573  1.33863e-09
18.9127  3.67314e-10
18.9533  3.10384e-10
18.9648  1.94047e-10
18.9914  3.59817e-10
19.0042  3.33698e-10
19.0196  1.20737e-09
19.0536  1.30748e-09
19.0944  1.09039e-09
19.2067  1.39682e-09
19.2296  2.45973e-10
19.3295  8.4736e-10
19.4289  9.00314e-10
19.4695  4.89012e-10
19.6049  1.69374e-10
19.6331  2.84168e-10
19.7053  7.1348e-10
19.8201  2.52621e-10
20.0424  2.119e-10
20.0805  2.45647e-10
20.3187  1.67926e-10
20.694  1.15632e-10
