-15.5123  0.082827
-15.1393  0.00516535
-12.9273  0.160724
-12.672  0.00981527
-12.4324  0.0472415
-12.1657  0.00284188
-10.6506  0.028066
-10.4776  0.00100814
-10.3527  0.00155448
-10.0478  6.86504e-05
-10.0179  0.021322
-9.39037  0.00119666
-9.30902  0.0443314
-9.08008  0.0020342
-8.4823  0.000170057
-8.38414  0.00523806
-8.38261  0.000451301
-8.34552  0.00198674
-7.64881  0.000143689
-7.26083  1.10181e-05
-7.14821  0.000250559
-7.02565  0.00292477
-6.69941  0.0031942
-6.48085  0.000722631
-6.45966  0.00834468
-6.40553  7.39921e-05
-6.2491  0.000628606
-6.22578  0.000112945
-6.198  0.000219952
-6.10343  0.00106513
-5.59107  3.31976e-05
-5.29355  0.000118488
-5.23488  2.84697e-06
-5.15433  0.00694295
-5.15093  0.00116586
-4.90376  0.00144077
-4.81795  0.00573041
-4.69097  5.6762e-05
-4.68041  0.0001039
-4.66843  0.000484075
-4.62752  3.09673e-05
-4.55573  0.000516703
-4.53454  0.000289051
-3.95325  1.24649e-05
-3.88557  7.04924e-05
-3.83414  0.000524305
-3.75808  0.000625652
-3.74488  9.75536e-07
-3.70263  0.00687981
-3.6217  0.00288639
-3.51588  0.000235333
-3.42752  9.33085e-05
-3.4037  1.21943e-05
-3.24839  3.28901e-05
-3.18273  0.000251094
-3.17111  0.000123253
-3.09603  0.000467554
-2.8562  3.50427e-05
-2.81621  0.00607132
-2.71007  0.000198911
-2.67911  5.4948e-06
-2.6511  0.00220985
-2.63744  0.000313988
-2.56514  5.56098e-07
-2.49925  8.09996e-06
-2.37161  4.58983e-05
-2.27539  0.000396401
-2.1848  5.65285e-05
-2.14596  0.00525634
-2.04899  1.38565e-05
-2.01602  0.000141265
-2.00529  2.78928e-05
-1.9265  0.000189211
-1.84698  0.000199067
-1.81841  0.00133698
-1.59302  6.20696e-06
-1.58772  0.00465975
-1.58229  3.86323e-05
-1.54451  3.11285e-07
-1.5244  3.32955e-06
-1.50257  0.000287029
-1.43596  4.51303e-05
-1.31823  5.97117e-06
-1.18895  2.2932e-05
-1.14799  0.00109725
-1.13373  0.000171862
-1.09473  0.00419731
-1.05119  0.000168872
-0.979998  8.99991e-05
-0.795548  3.39106e-05
-0.642065  0.00390545
-0.548164  6.59779e-06
-0.536609  2.86943e-07
-0.533107  0.000379652
-0.530506  1.10007e-05
-0.503119  5.06004e-05
-0.500485  2.42744e-06
-0.403274  0.0012916
-0.399529  2.0109e-05
-0.380039  0.000150126
-0.379648  0.000163774
-0.243989  4.48609e-05
-0.211554  0.00375373
-0.129341  1.77379e-05
0.129341  1.77379e-05
0.211554  0.00375373
0.243989  4.48609e-05
0.379648  0.000163774
0.380039  0.000150126
0.399529  2.0109e-05
0.403274  0.0012916
0.500485  2.42744e-06
0.503119  5.06004e-05
0.530506  1.10007e-05
0.533107  0.000379652
0.536609  2.86943e-07
0.548164  6.59779e-06
0.642065  0.00390545
0.795548  3.39106e-05
0.979998  8.99991e-05
1.05119  0.000168872
1.09473  0.00419731
1.13373  0.000171862
1.14799  0.00109725
1.18895  2.2932e-05
1.31823  5.97117e-06
1.43596  4.51303e-05
1.50257  0.000287029
1.5244  3.32955e-06
1.54451  3.11285e-07
1.58229  3.86323e-05
1.58772  0.00465975
1.59302  6.20696e-06
1.81841  0.00133698
1.84698  0.000199067
1.9265  0.000189211
2.00529  2.78928e-05
2.01602  0.000141265
2.04899  1.38565e-05
2.14596  0.00525634
2.1848  5.65285e-05
2.27539  0.000396401
2.37161  4.58983e-05
2.49925  8.09996e-06
2.56514  5.56098e-07
2.63744  0.000313988
2.6511  0.00220985
2.67911  5.4948e-06
2.71007  0.000198911
2.81621  0.00607132
2.8562  3.50427e-05
3.09603  0.000467554
3.17111  0.000123253
3.18273  0.000251094
3.24839  3.28901e-05
3.4037  1.21943e-05
3.42752  9.33085e-05
3.51588  0.000235333
3.6217  0.00288639
3.70263  0.00687981
3.74488  9.75536e-07
3.75808  0.000625652
3.83414  0.000524305
3.88557  7.04924e-05
3.95325  1.24649e-05
4.53454  0.000289051
4.55573  0.000516703
4.62752  3.09673e-05
4.66843  0.000484075
4.68041  0.0001039
4.69097  5.6762e-05
4.81795  0.00573041
4.90376  0.00144077
5.15093  0.00116586
5.15433  0.00694295
5.23488  2.84697e-06
5.29355  0.000118488
5.59107  3.31976e-05
6.10343  0.00106513
6.198  0.000219952
6.22578  0.000112945
6.2491  0.000628606
6.40553  7.39921e-05
6.45966  0.00834468
6.48085  0.000722631
6.69941  0.0031942
7.02565  0.00292477
7.14821  0.000250559
7.26083  1.10181e-05
7.64881  0.000143689
8.34552  0.00198674
8.38261  0.000451301
8.38414  0.00523806
8.4823  0.000170057
9.08008  0.0020342
9.30902  0.0443314
9.39037  0.00119666
10.0179  0.021322
10.0478  6.86504e-05
10.3527  0.00155448
10.4776  0.00100814
10.6506  0.028066
12.1657  0.00284188
12.4324  0.0472415
12.672  0.00981527
12.9273  0.160724
15.1393  0.00516535
15.5123  0.082827
