-20.5831  1.3526e-10
-20.2079  1.93152e-10
-19.9666  2.8949e-10
-19.9328  2.43132e-10
-19.7166  2.73378e-10
-19.5914  8.26792e-10
-19.5391  3.01325e-10
-19.494  1.98124e-10
-19.3868  3.24922e-10
-19.3501  2.06528e-10
-19.3162  1.04073e-09
-19.2551  3.31122e-10
-19.2162  5.90334e-10
-19.1385  3.50083e-10
-19.1188  2.82924e-10
-19.1  1.1702e-09
-19.0321  3.61099e-10
-18.9749  8.84774e-10
-18.9399  1.85315e-09
-18.9226  1.28983e-09
-18.8775  4.24037e-10
-18.8539  2.26985e-10
-18.8433  7.61131e-10
-18.7702  1.39083e-09
-18.7563  3.8957e-10
-18.7248  1.67106e-09
-18.6997  1.11371e-09
-18.6687  1.35693e-09
-18.6386  1.45588e-09
-18.6275  4.00436e-10
-18.5996  1.65923e-09
-18.5474  1.84189e-09
-18.5234  1.92056e-09
-18.5023  1.21106e-09
-18.4825  1.5764e-09
-18.4628  3.83988e-10
-18.4497  2.54482e-09
-18.4156  1.54569e-09
-18.3962  2.39034e-09
-18.39  2.43149e-10
-18.3408  4.63013e-10
-18.3226  4.75165e-09
-18.3039  1.85622e-09
-18.2736  2.76393e-09
-18.263  2.32654e-09
-18.2346  1.66837e-09
-18.2257  4.32589e-09
-18.2035  4.0801e-10
-18.1653  8.8943e-10
-18.1496  3.6283e-09
-18.1398  1.66756e-09
-18.1217  3.36475e-09
-18.1089  3.9969e-09
-18.0577  4.84872e-09
-18.0451  4.72197e-09
-18.021  2.11124e-09
-18.0113  2.16579e-09
-17.9861  4.7006e-09
-17.9624  4.67342e-10
-17.9461  5.04324e-09
-17.9309  3.94211e-09
-17.9069  6.7058e-09
-17.882  2.7327e-09
-17.8676  4.58054e-09
-17.8498  6.87046e-09
-17.8332  6.39122e-09
-17.8126  9.16099e-10
-17.7991  1.65409e-09
-17.7802  6.40342e-09
-17.7678  8.54479e-09
-17.7538  5.93231e-10
-17.7342  3.42375e-09
-17.7254  5.16401e-09
-17.7007  2.13436e-09
-17.6792  7.47291e-09
-17.6668  5.30099e-09
-17.6555  9.27716e-09
-17.6468  4.33193e-09
-17.6357  2.44771e-09
-17.6181  3.34214e-09
-17.6077  7.9023e-09
-17.5912  5.52155e-09
-17.5761  6.63329e-09
-17.5508  9.74595e-09
-17.5375  3.0663e-09
-17.5277  7.41161e-09
-17.5056  8.15772e-09
-17.4925  4.79703e-09
-17.48  4.32904e-09
-17.4718  2.77364e-09
-17.4565  1.25473e-08
-17.4415  1.3929e-08
-17.4267  6.91912e-09
-17.4072  9.86628e-09
-17.397  6.98903e-09
-17.3708  1.40927e-08
-17.3602  6.58492e-09
-17.3475  5.49181e-09
-17.328  1.41304e-08
-17.3079  5.70359e-09
-17.2963  4.61368e-09
-17.2845  1.58252e-08
-17.2733  1.04021e-08
-17.2583  1.27081e-08
-17.2434  7.68982e-09
-17.2326  1.71046e-08
-17.2163  8.68941e-09
-17.2012  2.3727e-09
-17.1936  1.36713e-08
-17.1811  1.47484e-08
-17.1712  4.32361e-09
-17.1559  1.25992e-08
-17.1478  1.27753e-08
-17.1317  1.48546e-08
-17.1202  1.46786e-08
-17.109  9.11042e-09
-17.0917  8.01736e-09
-17.0764  8.08475e-09
-17.066  1.99247e-08
-17.0522  1.49935e-08
-17.042  1.60174e-08
-17.0303  1.13921e-08
-17.0175  1.65406e-08
-16.9998  1.76292e-08
-16.9902  1.11598e-08
-16.9747  2.14913e-08
-16.9638  2.17715e-08
-16.9535  1.38254e-08
-16.9421  9.55151e-09
-16.9327  1.27629e-08
-16.9208  1.47254e-08
-16.9105  1.35538e-08
-16.8968  1.51809e-08
-16.8823  1.50831e-08
-16.8707  2.35843e-08
-16.858  3.81188e-08
-16.8434  1.08084e-08
-16.8341  9.39214e-09
-16.8227  2.14581e-08
-16.8123  9.26168e-09
-16.7973  1.68763e-08
-16.7871  4.19077e-08
-16.7764  2.36868e-08
-16.7651  9.06894e-09
-16.7531  2.11337e-08
-16.7426  2.87658e-08
-16.732  2.76191e-08
-16.718  2.10866e-08
-16.7079  1.34892e-08
-16.692  3.07956e-08
-16.6781  3.53324e-08
-16.6673  2.39535e-08
-16.6557  2.68094e-08
-16.6409  3.08776e-08
-16.6307  1.38029e-08
-16.6141  2.79233e-08
-16.6028  2.58274e-08
-16.5918  2.79732e-08
-16.58  6.83965e-08
-16.5675  2.92374e-08
-16.5566  2.93543e-08
-16.5443  1.57678e-08
-16.5321  2.55513e-08
-16.518  2.27705e-08
-16.5058  4.97481e-08
-16.497  3.17574e-08
-16.4832  3.96675e-08
-16.4695  2.98709e-08
-16.4596  4.71803e-08
-16.4506  3.50294e-08
-16.4367  1.45239e-08
-16.426  2.60864e-08
-16.4141  5.32246e-08
-16.4013  5.30727e-08
-16.3912  3.7776e-08
-16.3804  3.13097e-08
-16.3703  3.13565e-08
-16.3581  5.01538e-08
-16.3516  2.84995e-08
-16.3367  5.62647e-08
-16.3262  4.46888e-08
-16.3159  3.86559e-08
-16.305  4.1844e-08
-16.2938  1.93465e-08
-16.2826  7.68647e-08
-16.2724  3.26432e-08
-16.2591  2.89756e-08
-16.2503  5.00467e-08
-16.24  6.18924e-08
-16.2272  3.7877e-08
-16.2187  2.22356e-08
-16.2063  7.20267e-08
-16.1958  7.26797e-08
-16.1837  6.15405e-08
-16.173  6.73022e-08
-16.165  4.25156e-08
-16.152  4.30912e-08
-16.1418  4.57212e-08
-16.1288  7.76561e-08
-16.1168  4.22638e-08
-16.1064  8.02378e-08
-16.0962  6.39955e-08
-16.0861  4.29674e-08
-16.0759  6.58408e-08
-16.0628  1.05125e-07
-16.052  4.79389e-08
-16.0407  7.05406e-08
-16.0318  5.94351e-08
-16.0194  6.72683e-08
-16.0063  6.83462e-08
-15.9971  7.52833e-08
-15.986  4.06551e-08
-15.9758  8.1398e-08
-15.9641  7.84924e-08
-15.9546  9.92013e-08
-15.945  4.56532e-08
-15.9335  5.18871e-08
-15.9251  1.04408e-07
-15.9151  8.12019e-08
-15.9033  8.33882e-08
-15.8902  8.17401e-08
-15.8783  1.05361e-07
-15.8667  1.0836e-07
-15.8546  7.66491e-08
-15.8461  1.01062e-07
-15.8325  8.21159e-08
-15.8213  8.30505e-08
-15.8099  1.11157e-07
-15.7988  5.57279e-08
-15.7907  1.45644e-07
-15.7792  1.13538e-07
-15.7698  7.31055e-08
-15.7589  9.63905e-08
-15.7474  1.02285e-07
-15.7374  1.14617e-07
-15.7254  8.77564e-08
-15.7138  1.29475e-07
-15.7031  1.50882e-07
-15.6933  1.05694e-07
-15.6811  1.42362e-07
-15.6693  1.05164e-07
-15.6588  1.07628e-07
-15.6488  9.88461e-08
-15.6379  1.38847e-07
-15.6277  1.16807e-07
-15.6165  9.66956e-08
-15.6047  1.46381e-07
-15.5948  1.83219e-07
-15.5843  1.40206e-07
-15.571  9.15432e-08
-15.5599  1.2402e-07
-15.5506  1.5437e-07
-15.5404  1.48662e-07
-15.5305  1.52869e-07
-15.5177  2.14642e-07
-15.5086  7.01061e-08
-15.4975  1.83968e-07
-15.4872  1.82904e-07
-15.4773  1.1787e-07
-15.4653  1.95081e-07
-15.4565  1.64214e-07
-15.4436  8.91408e-08
-15.4324  1.60542e-07
-15.4215  1.78841e-07
-15.4122  2.51937e-07
-15.4011  1.40935e-07
-15.3895  1.75404e-07
-15.3805  2.1334e-07
-15.3688  1.97689e-07
-15.3591  1.52406e-07
-15.3461  1.51395e-07
-15.3384  1.60682e-07
-15.326  2.25538e-07
-15.3154  1.90744e-07
-15.306  2.84919e-07
-15.295  1.35324e-07
-15.2837  2.09152e-07
-15.274  1.72973e-07
-15.2626  2.75509e-07
-15.2499  2.2417e-07
-15.2409  2.59345e-07
-15.2296  2.13271e-07
-15.2181  1.90106e-07
-15.209  2.48701e-07
-15.1986  1.99732e-07
-15.1888  2.69806e-07
-15.1783  2.46754e-07
-15.1656  2.4559e-07
-15.1554  2.46592e-07
-15.1434  2.59767e-07
-15.1338  3.19566e-07
-15.1226  2.70435e-07
-15.1114  2.21532e-07
-15.102  2.69103e-07
-15.0921  2.39888e-07
-15.0813  3.93122e-07
-15.0682  2.2608e-07
-15.0579  3.47565e-07
-15.047  3.16359e-07
-15.0358  2.67439e-07
-15.0256  2.83505e-07
-15.0157  2.8345e-07
-15.006  3.46039e-07
-14.9953  2.46717e-07
-14.985  3.79845e-07
-14.9731  3.4585e-07
-14.9636  2.79483e-07
-14.9521  3.44658e-07
-14.9419  2.43421e-07
-14.9301  5.15935e-07
-14.9191  3.8521e-07
-14.9084  3.54892e-07
-14.8994  2.62822e-07
-14.8884  2.65208e-07
-14.8786  4.2803e-07
-14.8677  4.8238e-07
-14.8561  3.97742e-07
-14.846  3.43185e-07
-14.8361  4.22876e-07
-14.8253  3.61993e-07
-14.8142  3.51935e-07
-14.8036  5.38625e-07
-14.7939  2.84087e-07
-14.7828  4.5044e-07
-14.7722  4.46523e-07
-14.7621  4.70035e-07
-14.7507  4.23039e-07
-14.7399  5.17846e-07
-14.7286  4.48757e-07
-14.7194  4.75272e-07
-14.7074  3.63026e-07
-14.6988  4.55589e-07
-14.6877  6.03657e-07
-14.6759  5.59063e-07
-14.6656  4.3991e-07
-14.6548  5.66232e-07
-14.645  3.99949e-07
-14.6335  5.72253e-07
-14.6234  4.58413e-07
-14.6135  5.37301e-07
-14.6023  5.55997e-07
-14.5915  7.2845e-07
-14.5805  4.93267e-07
-14.5702  5.47543e-07
-14.5599  5.41972e-07
-14.5487  6.27641e-07
-14.5377  5.74766e-07
-14.5261  6.74225e-07
-14.5161  6.50609e-07
-14.505  7.69957e-07
-14.4934  6.03979e-07
-14.4828  5.49157e-07
-14.472  7.22361e-07
-14.4618  5.85337e-07
-14.4505  7.38331e-07
-14.4405  6.90738e-07
-14.4292  7.34254e-07
-14.4186  6.89036e-07
-14.4086  7.13322e-07
-14.3981  6.7648e-07
-14.3872  8.48711e-07
-14.375  8.24283e-07
-14.3651  7.03541e-07
-14.3545  6.03683e-07
-14.3446  7.42283e-07
-14.3344  8.41004e-07
-14.3231  8.93397e-07
-14.3128  7.2518e-07
-14.3021  8.06912e-07
-14.2927  8.11492e-07
-14.2822  8.22136e-07
-14.2719  7.67412e-07
-14.2614  9.36582e-07
-14.2512  8.17621e-07
-14.24  7.27478e-07
-14.2303  9.36569e-07
-14.2193  1.20479e-06
-14.2078  8.68361e-07
-14.1967  9.42477e-07
-14.1864  1.08729e-06
-14.1755  7.11093e-07
-14.1659  9.36803e-07
-14.1553  1.00104e-06
-14.1456  1.0549e-06
-14.1347  9.66769e-07
-14.1239  1.05087e-06
-14.1125  1.15873e-06
-14.1028  9.28265e-07
-14.0913  1.32395e-06
-14.0804  9.13602e-07
-14.07  1.18821e-06
-14.059  1.14002e-06
-14.0485  1.27144e-06
-14.0379  1.1427e-06
-14.0275  1.05742e-06
-14.0166  1.09954e-06
-14.0066  1.36208e-06
-13.9953  1.26373e-06
-13.984  1.44048e-06
-13.9738  1.14918e-06
-13.9625  1.24734e-06
-13.9514  1.21322e-06
-13.9403  1.69312e-06
-13.9297  1.16866e-06
-13.9196  1.26528e-06
-13.908  1.47247e-06
-13.8977  1.23688e-06
-13.8876  1.55011e-06
-13.8773  1.31534e-06
-13.8666  1.47526e-06
-13.8565  1.39307e-06
-13.8457  1.26915e-06
-13.8353  1.5859e-06
-13.8251  1.63063e-06
-13.8131  1.66799e-06
-13.8028  1.3937e-06
-13.7922  1.68286e-06
-13.7817  1.7411e-06
-13.7706  1.53628e-06
-13.7602  1.58392e-06
-13.75  1.6268e-06
-13.7391  1.56865e-06
-13.7294  1.91033e-06
-13.7177  1.80054e-06
-13.708  1.7282e-06
-13.6963  1.69579e-06
-13.6856  1.8542e-06
-13.6755  1.87086e-06
-13.6644  1.76339e-06
-13.6537  1.99821e-06
-13.6439  1.89997e-06
-13.633  1.79267e-06
-13.622  1.78103e-06
-13.6119  2.08188e-06
-13.6017  2.06697e-06
-13.5909  2.10935e-06
-13.581  1.85827e-06
-13.5698  2.16613e-06
-13.5586  2.08269e-06
-13.5481  2.25793e-06
-13.5379  2.00919e-06
-13.5278  2.21174e-06
-13.5169  2.01543e-06
-13.5067  2.34934e-06
-13.4963  2.34923e-06
-13.4856  2.10128e-06
-13.4747  2.63463e-06
-13.4641  1.98223e-06
-13.454  2.36335e-06
-13.4428  2.45939e-06
-13.4327  2.85684e-06
-13.4218  2.08759e-06
-13.412  2.46535e-06
-13.4012  2.75697e-06
-13.3917  2.47648e-06
-13.3802  2.51987e-06
-13.3702  2.31677e-06
-13.3597  2.77802e-06
-13.3497  2.66964e-06
-13.3388  2.63239e-06
-13.3285  2.80174e-06
-13.318  3.25681e-06
-13.3069  2.4132e-06
-13.2969  2.8826e-06
-13.2862  2.92616e-06
-13.2757  2.83671e-06
-13.2652  2.92403e-06
-13.2545  2.91487e-06
-13.2443  3.30572e-06
-13.2335  2.9818e-06
-13.2233  3.06187e-06
-13.2133  3.08207e-06
-13.2029  3.03517e-06
-13.1923  3.63629e-06
-13.1812  3.02182e-06
-13.171  3.36867e-06
-13.1607  3.1281e-06
-13.1501  3.408e-06
-13.1392  3.63524e-06
-13.1287  3.39923e-06
-13.1184  3.79477e-06
-13.1079  3.32022e-06
-13.0982  3.57451e-06
-13.0877  3.07094e-06
-13.0772  3.8973e-06
-13.0668  3.85093e-06
-13.0565  3.67865e-06
-13.0459  3.67786e-06
-13.0361  3.86795e-06
-13.0251  3.67359e-06
-13.0156  3.96779e-06
-13.005  3.86598e-06
-12.9952  3.73069e-06
-12.9846  4.13324e-06
-12.9744  4.05969e-06
-12.964  4.15778e-06
-12.9537  4.26827e-06
-12.9436  4.01687e-06
-12.9334  4.38137e-06
-12.9226  4.55651e-06
-12.9126  4.30261e-06
-12.9013  4.50593e-06
-12.8912  4.65225e-06
-12.8808  4.48219e-06
-12.8702  4.50636e-06
-12.8599  4.73176e-06
-12.8501  4.80898e-06
-12.8394  4.48361e-06
-12.8296  4.5655e-06
-12.8189  5.30472e-06
-12.8089  4.44559e-06
-12.7983  5.06891e-06
-12.7882  4.82968e-06
-12.778  5.10535e-06
-12.7676  4.89883e-06
-12.7576  5.3507e-06
-12.7469  5.3926e-06
-12.7367  5.76594e-06
-12.7258  5.3688e-06
-12.7159  5.24635e-06
-12.705  5.62733e-06
-12.6948  5.43735e-06
-12.6845  5.68617e-06
-12.6743  5.51702e-06
-12.664  6.05648e-06
-12.6538  5.5597e-06
-12.6432  5.94861e-06
-12.6332  5.53613e-06
-12.6229  6.22408e-06
-12.6126  6.22044e-06
-12.6025  6.09895e-06
-12.5924  5.8114e-06
-12.5819  6.16418e-06
-12.572  6.39915e-06
-12.5614  7.05347e-06
-12.5516  5.63585e-06
-12.5411  7.14184e-06
-12.5306  6.30076e-06
-12.5202  7.03153e-06
-12.5103  6.40844e-06
-12.5001  6.95927e-06
-12.4897  6.7202e-06
-12.4793  7.29333e-06
-12.4689  6.73422e-06
-12.4588  7.68021e-06
-12.4486  6.93938e-06
-12.4382  7.40802e-06
-12.4274  7.13675e-06
-12.4175  7.73197e-06
-12.4072  7.80801e-06
-12.3967  7.25335e-06
-12.3863  8.2151e-06
-12.376  7.63209e-06
-12.3658  7.85167e-06
-12.3555  7.65378e-06
-12.3452  8.74448e-06
-12.3349  7.99555e-06
-12.3247  8.11763e-06
-12.3143  8.16696e-06
-12.3047  8.6505e-06
-12.2939  8.05942e-06
-12.2836  8.70274e-06
-12.2737  8.71819e-06
-12.2632  9.12813e-06
-12.253  8.48871e-06
-12.243  8.98967e-06
-12.2323  9.81285e-06
-12.2216  9.03744e-06
-12.2114  8.93104e-06
-12.2013  9.75564e-06
-12.1906  9.34903e-06
-12.1802  9.87208e-06
-12.1701  8.98463e-06
-12.1598  1.04417e-05
-12.1496  9.57743e-06
-12.1393  9.81367e-06
-12.1288  1.05527e-05
-12.1186  1.035e-05
-12.1081  9.65288e-06
-12.0984  1.00634e-05
-12.0881  1.04307e-05
-12.0779  1.06791e-05
-12.0672  1.11007e-05
-12.0572  1.12462e-05
-12.0472  1.01029e-05
-12.0367  1.12382e-05
-12.0268  1.09127e-05
-12.0167  1.09812e-05
-12.0062  1.14119e-05
-11.9958  1.25347e-05
-11.9849  1.12978e-05
-11.9749  1.15958e-05
-11.9647  1.17906e-05
-11.9546  1.204e-05
-11.9443  1.20254e-05
-11.9343  1.22312e-05
-11.9238  1.23197e-05
-11.9137  1.23924e-05
-11.9033  1.315e-05
-11.8929  1.18555e-05
-11.8825  1.38387e-05
-11.8728  1.25954e-05
-11.8622  1.35679e-05
-11.8517  1.24653e-05
-11.8419  1.39798e-05
-11.8314  1.28229e-05
-11.8212  1.38612e-05
-11.8108  1.37272e-05
-11.8008  1.41315e-05
-11.7904  1.42615e-05
-11.7806  1.39905e-05
-11.7699  1.43957e-05
-11.7598  1.44151e-05
-11.7497  1.39288e-05
-11.7399  1.51936e-05
-11.7292  1.53505e-05
-11.7192  1.46621e-05
-11.7088  1.46032e-05
-11.6987  1.6402e-05
-11.6882  1.56926e-05
-11.6782  1.46273e-05
-11.668  1.63815e-05
-11.658  1.56322e-05
-11.6477  1.59817e-05
-11.6374  1.64441e-05
-11.6272  1.68533e-05
-11.6172  1.58832e-05
-11.6069  1.63004e-05
-11.5969  1.72086e-05
-11.5867  1.73553e-05
-11.5764  1.71981e-05
-11.566  1.78168e-05
-11.5558  1.7207e-05
-11.5456  1.77124e-05
-11.5356  1.75557e-05
-11.5252  1.83726e-05
-11.5152  1.79004e-05
-11.5049  1.86809e-05
-11.4949  1.71053e-05
-11.4849  2.00541e-05
-11.4748  1.85262e-05
-11.4647  1.88848e-05
-11.4541  1.8783e-05
-11.4443  1.97332e-05
-11.4341  1.90036e-05
-11.4239  2.03023e-05
-11.4133  2.24266e-05
-11.4028  1.92246e-05
-11.3927  2.01919e-05
-11.3825  2.13013e-05
-11.3719  2.21551e-05
-11.3612  2.1333e-05
-11.351  2.09889e-05
-11.3409  2.17461e-05
-11.3305  2.12316e-05
-11.3202  2.46047e-05
-11.3093  2.05987e-05
-11.2992  2.32224e-05
-11.2888  2.36894e-05
-11.279  2.05602e-05
-11.2687  2.32103e-05
-11.2588  2.37023e-05
-11.2483  2.23472e-05
-11.2382  2.50611e-05
-11.2278  2.32676e-05
-11.2181  2.31579e-05
-11.2074  2.51621e-05
-11.1976  2.37611e-05
-11.1874  2.44717e-05
-11.1772  2.4248e-05
-11.167  2.65024e-05
-11.1568  2.35786e-05
-11.1463  2.85421e-05
-11.1354  2.7245e-05
-11.1247  2.68904e-05
-11.1144  2.64594e-05
-11.1043  2.60612e-05
-11.094  2.62767e-05
-11.0838  2.93892e-05
-11.0729  2.86735e-05
-11.0625  2.66872e-05
-11.0521  2.8227e-05
-11.0423  2.79758e-05
-11.0319  2.77942e-05
-11.022  2.88476e-05
-11.0118  2.85614e-05
-11.0016  2.84329e-05
-10.9913  2.93288e-05
-10.9814  2.93403e-05
-10.9709  3.02718e-05
-10.9611  2.99205e-05
-10.9505  2.98744e-05
-10.9407  3.03646e-05
-10.9303  3.2767e-05
-10.9201  2.98995e-05
-10.9098  3.2835e-05
-10.8997  3.0715e-05
-10.8889  3.41135e-05
-10.8786  3.15879e-05
-10.8684  3.49224e-05
-10.8583  3.01092e-05
-10.8482  3.40431e-05
-10.8381  3.23801e-05
-10.8281  3.41932e-05
-10.8176  3.36295e-05
-10.8076  3.59299e-05
-10.7973  3.21828e-05
-10.7875  3.56289e-05
-10.7772  3.45573e-05
-10.7671  3.5853e-05
-10.7568  3.55039e-05
-10.7469  3.60547e-05
-10.7366  3.68303e-05
-10.7263  3.66888e-05
-10.7162  3.64443e-05
-10.7063  3.72115e-05
-10.6961  3.71002e-05
-10.686  3.94039e-05
-10.6758  3.65614e-05
-10.6658  3.82084e-05
-10.6555  4.03559e-05
-10.6455  3.80026e-05
-10.635  4.00952e-05
-10.6251  4.06658e-05
-10.6149  3.94982e-05
-10.6049  4.08042e-05
-10.5945  4.12645e-05
-10.5845  4.13066e-05
-10.5743  4.00013e-05
-10.5644  4.24874e-05
-10.5541  4.30285e-05
-10.544  4.19037e-05
-10.5337  4.40169e-05
-10.5238  4.30391e-05
-10.5135  4.15647e-05
-10.5034  4.61618e-05
-10.4934  4.32847e-05
-10.4833  4.37595e-05
-10.4732  4.58168e-05
-10.463  4.58665e-05
-10.4528  4.49485e-05
-10.4428  4.63697e-05
-10.4326  4.78544e-05
-10.4223  4.82662e-05
-10.4117  4.81742e-05
-10.4016  4.84764e-05
-10.3912  4.72121e-05
-10.3812  4.87685e-05
-10.3709  5.03368e-05
-10.3608  4.77903e-05
-10.3508  5.06666e-05
-10.3402  5.33109e-05
-10.3294  5.25116e-05
-10.3193  4.95377e-05
-10.3092  5.35914e-05
-10.2991  4.95256e-05
-10.2889  5.36029e-05
-10.2788  5.06838e-05
-10.2689  5.27598e-05
-10.2587  5.3736e-05
-10.2487  5.69836e-05
-10.2382  5.09746e-05
-10.2283  5.68666e-05
-10.218  5.44081e-05
-10.208  5.60147e-05
-10.1977  5.52662e-05
-10.1878  5.76542e-05
-10.1774  5.51667e-05
-10.1674  5.98394e-05
-10.1572  5.54994e-05
-10.1474  5.86578e-05
-10.137  5.90897e-05
-10.1272  5.84749e-05
-10.1168  5.87818e-05
-10.1068  6.18767e-05
-10.0966  5.98314e-05
-10.0866  5.93529e-05
-10.0764  6.27358e-05
-10.0665  6.29224e-05
-10.0561  6.1373e-05
-10.0461  6.43387e-05
-10.0358  6.26708e-05
-10.0258  6.32231e-05
-10.0154  6.6715e-05
-10.0056  6.30548e-05
-9.9952  6.65965e-05
-9.98511  6.58666e-05
-9.97499  6.58604e-05
-9.96493  6.47597e-05
-9.95473  7.14689e-05
-9.94476  6.70091e-05
-9.93445  6.78662e-05
-9.92424  7.02753e-05
-9.91419  6.85382e-05
-9.90413  6.65991e-05
-9.894  7.61897e-05
-9.88385  6.84126e-05
-9.87365  7.1933e-05
-9.86304  7.89157e-05
-9.85254  7.33206e-05
-9.84232  7.14903e-05
-9.83232  7.43498e-05
-9.82221  7.25176e-05
-9.81221  7.4161e-05
-9.80202  7.73494e-05
-9.79188  7.54304e-05
-9.78185  7.41118e-05
-9.77175  7.96428e-05
-9.76163  7.52684e-05
-9.75162  7.97481e-05
-9.74154  7.79203e-05
-9.73153  7.69571e-05
-9.72139  7.85802e-05
-9.71139  8.31675e-05
-9.70119  7.97426e-05
-9.6912  8.11314e-05
-9.68115  8.04321e-05
-9.67113  8.38147e-05
-9.66106  7.9671e-05
-9.65096  8.81385e-05
-9.64017  9.2439e-05
-9.62968  8.50202e-05
-9.61941  8.48934e-05
-9.60937  8.93563e-05
-9.59909  8.3962e-05
-9.58936  8.81117e-05
-9.57885  9.05027e-05
-9.56886  8.77508e-05
-9.55872  9.03564e-05
-9.54863  9.05986e-05
-9.53843  8.97868e-05
-9.52854  9.05097e-05
-9.5178  0.000102741
-9.50728  9.16502e-05
-9.49652  0.000103296
-9.48628  9.19863e-05
-9.47594  9.66462e-05
-9.46598  9.22621e-05
-9.45582  0.000100439
-9.44571  9.05816e-05
-9.43569  0.000102093
-9.42569  9.49046e-05
-9.41538  0.000102609
-9.40537  9.50131e-05
-9.39527  0.000104188
-9.38515  9.76839e-05
-9.37501  0.000104447
-9.36505  9.94698e-05
-9.35472  0.000105821
-9.34455  0.000100463
-9.33466  0.000109196
-9.32436  9.78998e-05
-9.3143  0.000114078
-9.30413  0.000102054
-9.29366  0.000116291
-9.28289  0.00011113
-9.27295  0.000109948
-9.26265  0.000104892
-9.2528  0.00011238
-9.24268  0.000107152
-9.23278  0.000111888
-9.22242  0.000115673
-9.21254  0.000111422
-9.20228  0.000112336
-9.19214  0.00011693
-9.18209  0.000113402
-9.17212  0.000114954
-9.1618  0.000121666
-9.15186  0.000115782
-9.14162  0.00011648
-9.13156  0.000120637
-9.12161  0.000119196
-9.11158  0.000118029
-9.10134  0.000125311
-9.09133  0.000121036
-9.08119  0.000122548
-9.07116  0.000124023
-9.06094  0.000127892
-9.05037  0.000132724
-9.03968  0.000130988
-9.0295  0.00012954
-9.01935  0.000124936
-9.00927  0.000128973
-8.99915  0.000134198
-8.98906  0.00012493
-8.9789  0.000135067
-8.96892  0.000130165
-8.95879  0.000132907
-8.94877  0.000130789
-8.93861  0.000139026
-8.92856  0.000132385
-8.91843  0.00014059
-8.9082  0.000136803
-8.89802  0.000137996
-8.88798  0.000137143
-8.87791  0.000145255
-8.86781  0.00013508
-8.8576  0.000144099
-8.84773  0.000141917
-8.83754  0.000142088
-8.82748  0.000145363
-8.8168  0.000163263
-8.80616  0.000142395
-8.79602  0.000149021
-8.78601  0.000145362
-8.77586  0.000154948
-8.76578  0.000142971
-8.75579  0.000155926
-8.74564  0.000144724
-8.73557  0.000157863
-8.72554  0.000150052
-8.71542  0.000156696
-8.70525  0.000151013
-8.69536  0.000162318
-8.68503  0.000152069
-8.67511  0.000160462
-8.66502  0.000156777
-8.65501  0.000160742
-8.64481  0.000156566
-8.63487  0.000167467
-8.62457  0.000161704
-8.61461  0.000163987
-8.60451  0.000164041
-8.59451  0.00016277
-8.58429  0.00016944
-8.57431  0.000170204
-8.56406  0.000163271
-8.5541  0.000174534
-8.54394  0.000170821
-8.53391  0.000168009
-8.52368  0.000174155
-8.5138  0.000175556
-8.5036  0.000172126
-8.49352  0.000177924
-8.48279  0.000196849
-8.47231  0.000173994
-8.46215  0.000178718
-8.4522  0.000183301
-8.44203  0.00017981
-8.43195  0.000180467
-8.42182  0.000187822
-8.41169  0.000180996
-8.40161  0.000184511
-8.39152  0.000191027
-8.38134  0.000184553
-8.37133  0.000184091
-8.36125  0.000197691
-8.35109  0.000185037
-8.34106  0.00019201
-8.3309  0.000195797
-8.32084  0.000191893
-8.31078  0.000191218
-8.30068  0.000204107
-8.29056  0.000190142
-8.28058  0.000198702
-8.27032  0.000203593
-8.26023  0.000199326
-8.25014  0.000198177
-8.23962  0.000228459
-8.22898  0.000199681
-8.21894  0.000203341
-8.20886  0.000210257
-8.1987  0.000205517
-8.18867  0.000205482
-8.17807  0.000235543
-8.16755  0.000203526
-8.15748  0.000215407
-8.14735  0.00021124
-8.13727  0.000220784
-8.12707  0.000207197
-8.11707  0.000225285
-8.10692  0.000207818
-8.09691  0.000224908
-8.08674  0.000219816
-8.07675  0.000219207
-8.06663  0.000216834
-8.05661  0.000234993
-8.04636  0.000214477
-8.03642  0.000232343
-8.02616  0.000224791
-8.01621  0.000230004
-8.00606  0.000221909
-7.99608  0.000240446
-7.98574  0.00022891
-7.9758  0.000233842
-7.9656  0.000233759
-7.95559  0.000239099
-7.9449  0.000252107
-7.93471  0.000242833
-7.92431  0.000234328
-7.91398  0.000262266
-7.90333  0.000245812
-7.89339  0.000239175
-7.88306  0.000249102
-7.87315  0.000240451
-7.86286  0.000256637
-7.8524  0.000257095
-7.84188  0.000261226
-7.83183  0.000241468
-7.82167  0.000257813
-7.81166  0.000246607
-7.80154  0.000260485
-7.79148  0.000245554
-7.78145  0.000268727
-7.77132  0.000243694
-7.76127  0.000272199
-7.75053  0.000283745
-7.73993  0.000266674
-7.72968  0.000255744
-7.71977  0.000273853
-7.70956  0.000256924
-7.69955  0.000271974
-7.68932  0.000266165
-7.67945  0.000271441
-7.66914  0.000267837
-7.65869  0.000303118
-7.64796  0.000271953
-7.63758  0.000295218
-7.62694  0.00028165
-7.61691  0.000272535
-7.60673  0.000280521
-7.59686  0.00027646
-7.58667  0.000283322
-7.57667  0.000274532
-7.56657  0.000293456
-7.55653  0.000280286
-7.54586  0.000311856
-7.53542  0.000289853
-7.52532  0.000289221
-7.51528  0.000283283
-7.50467  0.000329081
-7.49412  0.000287497
-7.48398  0.000299858
-7.47397  0.00029023
-7.46383  0.000304298
-7.45369  0.000290917
-7.44371  0.000310688
-7.43349  0.000290063
-7.42352  0.000310546
-7.4134  0.000300199
-7.40326  0.000310377
-7.3931  0.00030086
-7.38309  0.000320555
-7.37291  0.000300698
-7.36274  0.000320351
-7.35268  0.000304563
-7.3426  0.000323785
-7.33241  0.000304587
-7.32239  0.000332103
-7.31218  0.000303541
-7.30174  0.000360147
-7.29117  0.00031221
-7.28102  0.000334527
-7.27079  0.000316697
-7.26077  0.00033932
-7.24989  0.000350122
-7.23953  0.000335901
-7.22925  0.000327662
-7.21935  0.000329029
-7.20916  0.000326552
-7.19929  0.000341142
-7.18891  0.000333527
-7.17899  0.000342399
-7.16826  0.000366451
-7.15788  0.00033699
-7.14769  0.00034582
-7.13783  0.000338293
-7.12742  0.000352131
-7.11754  0.000339499
-7.10737  0.000351967
-7.09736  0.00034283
-7.08718  0.000353268
-7.07728  0.000353009
-7.06705  0.000349548
-7.05714  0.000350352
-7.04646  0.000402263
-7.03585  0.000351033
-7.02576  0.000360552
-7.01579  0.000358866
-7.00556  0.000368652
-6.99558  0.000353288
-6.98556  0.000371758
-6.97538  0.000368412
-6.96488  0.00039397
-6.95446  0.0003754
-6.9442  0.000372938
-6.93413  0.000367123
-6.92411  0.000383878
-6.91353  0.000405751
-6.90297  0.000374282
-6.89301  0.000381704
-6.88288  0.00038101
-6.87273  0.000379544
-6.86277  0.000384136
-6.85267  0.000389092
-6.84247  0.000382881
-6.8325  0.000390245
-6.8224  0.000389784
-6.8122  0.000395778
-6.80218  0.000390093
-6.79209  0.000397499
-6.78192  0.000390341
-6.77195  0.000406704
-6.7618  0.000393188
-6.75165  0.000406296
-6.74159  0.000399687
-6.73156  0.000407315
-6.72126  0.000401098
-6.71133  0.000412396
-6.70116  0.000407983
-6.69057  0.000448412
-6.68003  0.000409448
-6.66996  0.000415692
-6.6597  0.000419191
-6.64974  0.00040968
-6.63969  0.000416542
-6.62951  0.000424942
-6.61932  0.000426558
-6.60924  0.000417013
-6.59913  0.000423875
-6.58915  0.000423555
-6.57909  0.000424334
-6.5689  0.000431453
-6.5589  0.000427129
-6.5488  0.000429402
-6.53866  0.000437336
-6.52859  0.000432503
-6.51853  0.000433274
-6.50835  0.000445224
-6.49834  0.000432555
-6.48821  0.000440793
-6.47766  0.000482098
-6.46709  0.000450007
-6.45708  0.00043209
-6.44703  0.000454361
-6.43695  0.000442232
-6.42694  0.000446445
-6.41681  0.000453068
-6.40677  0.000457765
-6.39669  0.000438301
-6.3867  0.00046967
-6.37643  0.000455026
-6.36639  0.000460463
-6.35627  0.000459986
-6.34622  0.00046681
-6.33607  0.000449244
-6.32619  0.000473287
-6.31588  0.000473135
-6.30585  0.000465494
-6.29567  0.000466996
-6.28571  0.000479252
-6.27555  0.000455803
-6.26569  0.000483009
-6.25531  0.000483312
-6.2454  0.000468234
-6.23527  0.000477971
-6.22529  0.000488364
-6.21502  0.000470334
-6.2052  0.000492285
-6.19483  0.000487378
-6.18489  0.00048749
-6.17456  0.000492379
-6.16462  0.000492261
-6.15446  0.000477495
-6.14467  0.000495975
-6.13429  0.000504217
-6.12438  0.000490473
-6.11364  0.000546944
-6.10322  0.000497402
-6.09303  0.000500384
-6.08316  0.000498121
-6.07283  0.000514533
-6.06289  0.000493133
-6.05281  0.000510086
-6.04281  0.000507779
-6.03256  0.000509341
-6.02276  0.000503533
-6.01243  0.000527482
-6.00244  0.000500571
-5.99231  0.000523263
-5.98185  0.000561243
-5.97111  0.000529926
-5.96117  0.000503514
-5.95095  0.000543464
-5.94092  0.000508435
-5.93083  0.000529775
-5.92082  0.000521161
-5.91055  0.000542744
-5.90063  0.000510488
-5.89039  0.000554213
-5.88035  0.000512124
-5.8702  0.000552833
-5.86005  0.000531143
-5.84979  0.000548685
-5.8399  0.000519726
-5.82971  0.000558162
-5.81974  0.000520315
-5.80963  0.000554644
-5.7996  0.000537642
-5.78938  0.000559496
-5.77939  0.000529328
-5.7692  0.000568304
-5.75918  0.000534689
-5.74905  0.000564218
-5.73899  0.000542958
-5.72882  0.000566786
-5.71888  0.000541303
-5.70863  0.000576382
-5.69865  0.000538976
-5.68852  0.000578055
-5.67842  0.000552644
-5.6678  0.000631161
-5.65725  0.000546518
-5.64719  0.000582735
-5.63714  0.000551632
-5.62703  0.000579859
-5.617  0.000557766
-5.60693  0.000587334
-5.59689  0.000547347
-5.58686  0.000592772
-5.57671  0.00057107
-5.56661  0.000582431
-5.55658  0.000563743
-5.54657  0.000590601
-5.53648  0.000571328
-5.52631  0.000597104
-5.51625  0.000577814
-5.50615  0.000584361
-5.49611  0.000590071
-5.48593  0.000591257
-5.47592  0.000583281
-5.46582  0.000591319
-5.45591  0.000588112
-5.44571  0.000593324
-5.43569  0.000599002
-5.42553  0.000596949
-5.41558  0.000589761
-5.40544  0.000598357
-5.39552  0.000601198
-5.38526  0.000604784
-5.37527  0.000604335
-5.36511  0.000603973
-5.35509  0.000603486
-5.34493  0.00061118
-5.33506  0.000597714
-5.32485  0.000613892
-5.31479  0.000621943
-5.30451  0.000612988
-5.29456  0.00060955
-5.28438  0.000618031
-5.27449  0.000607017
-5.26427  0.000625661
-5.25425  0.00062202
-5.24402  0.000618449
-5.23406  0.000619141
-5.22387  0.000630063
-5.21398  0.000606834
-5.20376  0.000635981
-5.19379  0.000622712
-5.18364  0.000627325
-5.17359  0.000630777
-5.16343  0.000631032
-5.15356  0.000616711
-5.14333  0.000646638
-5.13336  0.000627442
-5.1232  0.000633733
-5.11316  0.000641328
-5.10297  0.00063913
-5.09301  0.000629851
-5.08283  0.000644799
-5.07288  0.000640077
-5.06274  0.000636094
-5.05272  0.000647383
-5.04254  0.00064729
-5.03253  0.000644929
-5.02229  0.000650473
-5.01235  0.000642814
-5.00167  0.000717096
-4.99118  0.000649537
-4.98101  0.000651913
-4.971  0.000654145
-4.96025  0.000727465
-4.94977  0.00064824
-4.93954  0.000659182
-4.92962  0.00065787
-4.9193  0.000669011
-4.90926  0.000656779
-4.89905  0.000666665
-4.88861  0.000718287
-4.87746  0.000731651
-4.86698  0.000660838
-4.85682  0.000664416
-4.84684  0.000661772
-4.83663  0.00068272
-4.8262  0.000704634
-4.81571  0.000675709
-4.80576  0.000663514
-4.79554  0.000678927
-4.7855  0.000666391
-4.77536  0.000685818
-4.76536  0.000655503
-4.75523  0.000691219
-4.7452  0.00066517
-4.73505  0.000686328
-4.72503  0.000667376
-4.71488  0.00069802
-4.70481  0.000661346
-4.69467  0.000701376
-4.6846  0.000670326
-4.6745  0.000688445
-4.66441  0.000680996
-4.65425  0.000703649
-4.64422  0.000658487
-4.63413  0.000704958
-4.62407  0.000676946
-4.61393  0.000703102
-4.60385  0.000676933
-4.59371  0.000707931
-4.58363  0.000676986
-4.57346  0.000712415
-4.56331  0.000685682
-4.55322  0.000703146
-4.54314  0.000680667
-4.53303  0.000714535
-4.52253  0.000738786
-4.512  0.000716224
-4.50179  0.000691953
-4.49175  0.00071015
-4.48163  0.000678893
-4.47156  0.000729668
-4.46139  0.000681717
-4.45137  0.000715572
-4.44117  0.000695688
-4.43119  0.000714362
-4.42104  0.000684781
-4.41097  0.000732423
-4.40087  0.000678633
-4.39089  0.000723416
-4.38069  0.000692982
-4.37079  0.000718328
-4.36059  0.000695216
-4.35052  0.00073402
-4.34042  0.000684955
-4.33046  0.000723561
-4.32022  0.000704683
-4.31033  0.00071809
-4.30013  0.000698164
-4.29011  0.000733577
-4.27995  0.000703642
-4.26999  0.00071596
-4.25974  0.000713471
-4.24988  0.000717378
-4.23967  0.000713653
-4.22956  0.000731471
-4.21942  0.000709513
-4.20942  0.000723045
-4.19914  0.000722247
-4.18926  0.000716846
-4.1791  0.000714552
-4.16909  0.000721533
-4.15903  0.000718502
-4.14862  0.000776359
-4.138  0.000731691
-4.12803  0.000722741
-4.11785  0.000716908
-4.10775  0.00073836
-4.09767  0.000718125
-4.08764  0.00072401
-4.07744  0.000729736
-4.06743  0.000730806
-4.05729  0.000719331
-4.04717  0.000738284
-4.03712  0.000723582
-4.0266  0.000788387
-4.01604  0.000732245
-4.00596  0.0007351
-3.99586  0.000721296
-3.98527  0.000812272
-3.97465  0.000731732
-3.96452  0.000727136
-3.9545  0.000729728
-3.94444  0.000739665
-3.93434  0.000716914
-3.92423  0.000748911
-3.91418  0.000725214
-3.90402  0.000736873
-3.89403  0.000722457
-3.88399  0.000744987
-3.87388  0.000720294
-3.86372  0.000757553
-3.85368  0.000718036
-3.84351  0.000752466
-3.83345  0.00072015
-3.82335  0.000757928
-3.81324  0.000709194
-3.8032  0.000762036
-3.79314  0.000716666
-3.78297  0.000754559
-3.77294  0.000716693
-3.76288  0.000762898
-3.75273  0.000710409
-3.74266  0.000769692
-3.73254  0.000718889
-3.72241  0.000753165
-3.71239  0.000717519
-3.70227  0.000773452
-3.69203  0.000715277
-3.682  0.0007624
-3.67191  0.000722773
-3.66181  0.000751695
-3.65178  0.000717697
-3.64172  0.000768905
-3.63151  0.000717439
-3.62153  0.000757064
-3.6114  0.000728783
-3.6013  0.000753489
-3.59124  0.000720592
-3.58121  0.000765175
-3.57102  0.000715819
-3.56108  0.000757707
-3.55089  0.000732891
-3.54082  0.000751178
-3.5307  0.000731665
-3.52061  0.000763715
-3.51045  0.000715109
-3.50051  0.000756784
-3.49034  0.000734158
-3.48029  0.000750198
-3.47015  0.000730504
-3.46006  0.000766747
-3.44986  0.000721266
-3.43989  0.000754639
-3.42968  0.000736134
-3.41971  0.000744519
-3.40962  0.000725128
-3.39913  0.000831802
-3.38842  0.000725461
-3.37855  0.000744637
-3.36833  0.000743351
-3.35832  0.000745356
-3.34818  0.000722291
-3.33825  0.000761405
-3.32802  0.000724959
-3.31814  0.000739576
-3.30793  0.00074664
-3.29789  0.000749528
-3.2877  0.000723132
-3.27774  0.000760318
-3.26755  0.000722827
-3.25765  0.000741332
-3.24742  0.000747555
-3.2374  0.000742746
-3.22719  0.000730252
-3.2172  0.000759062
-3.20696  0.000730938
-3.19704  0.000730397
-3.18686  0.000751796
-3.17685  0.000735645
-3.1667  0.00072612
-3.15671  0.000757796
-3.14648  0.000730972
-3.13605  0.000797907
-3.1255  0.000745759
-3.11542  0.000741138
-3.10522  0.000725009
-3.09522  0.000765792
-3.08489  0.000726597
-3.07492  0.000735536
-3.06475  0.000748421
-3.05474  0.000727109
-3.04455  0.000733517
-3.03462  0.00074206
-3.02441  0.000732598
-3.01437  0.000734663
-3.00419  0.000745943
-2.99418  0.000724051
-2.98406  0.000727354
-2.97411  0.000746914
-2.96391  0.000719458
-2.95396  0.000733679
-2.94383  0.000738041
-2.9338  0.000727022
-2.92368  0.000722781
-2.91367  0.000751801
-2.90348  0.000714735
-2.89351  0.000734108
-2.88337  0.00073267
-2.87335  0.000731076
-2.86318  0.000721391
-2.85319  0.00074385
-2.843  0.000715778
-2.833  0.00073784
-2.82281  0.000730197
-2.81276  0.000727413
-2.8026  0.000725405
-2.79259  0.000734511
-2.78242  0.000718106
-2.77242  0.000727465
-2.76228  0.000733019
-2.75221  0.000718248
-2.74212  0.00072384
-2.73206  0.000730379
-2.72201  0.00070838
-2.712  0.000729802
-2.70186  0.000722591
-2.69179  0.000722365
-2.68166  0.000725997
-2.67148  0.000733084
-2.66138  0.000708304
-2.65137  0.000726917
-2.64124  0.000717461
-2.63119  0.000715931
-2.6211  0.00072255
-2.61094  0.000726222
-2.60085  0.000710302
-2.59079  0.000721808
-2.58069  0.000713662
-2.57062  0.000716921
-2.5606  0.000707967
-2.55044  0.000727898
-2.54041  0.000700311
-2.53029  0.000730171
-2.52015  0.00070377
-2.51008  0.000721582
-2.50006  0.000696362
-2.48993  0.00072889
-2.47991  0.00068891
-2.4698  0.000735186
-2.45963  0.000693796
-2.44955  0.00072473
-2.43951  0.000694469
-2.42932  0.000728705
-2.41884  0.000744726
-2.40841  0.000722203
-2.3983  0.000687568
-2.38825  0.000724545
-2.37815  0.000686032
-2.36803  0.000725928
-2.35801  0.00067696
-2.34801  0.000717946
-2.33794  0.000680306
-2.3279  0.000723679
-2.31777  0.000683673
-2.30765  0.000719163
-2.29762  0.000678135
-2.28755  0.000719444
-2.27741  0.000677859
-2.2674  0.000716996
-2.25731  0.000677361
-2.2472  0.000715663
-2.23711  0.000682856
-2.22699  0.000712032
-2.21686  0.000676152
-2.20684  0.000714088
-2.19674  0.000670535
-2.18667  0.000712139
-2.17657  0.000675816
-2.16653  0.000703997
-2.15637  0.000676663
-2.14636  0.000707825
-2.13573  0.000735401
-2.12528  0.000697372
-2.11517  0.000675977
-2.10522  0.000691874
-2.09497  0.000687001
-2.08504  0.000681794
-2.07447  0.000738625
-2.06404  0.000687234
-2.05386  0.000687593
-2.0438  0.000680781
-2.03364  0.000684653
-2.02365  0.000678438
-2.0135  0.000679699
-2.00345  0.000684069
-1.99324  0.000686519
-1.98323  0.000664879
-1.97315  0.000683636
-1.96314  0.00067109
-1.95299  0.000678996
-1.94302  0.000667929
-1.93293  0.000675433
-1.9229  0.000671867
-1.91274  0.000679753
-1.90273  0.000664372
-1.89261  0.000674333
-1.88261  0.000666366
-1.87251  0.000670446
-1.86244  0.000671812
-1.85228  0.000674855
-1.84219  0.000664544
-1.83205  0.000673228
-1.82195  0.000670894
-1.81177  0.000668925
-1.80163  0.000670199
-1.79153  0.000663183
-1.78144  0.000665556
-1.77129  0.000665752
-1.76125  0.000660328
-1.75119  0.000656156
-1.74109  0.000666302
-1.73104  0.000656044
-1.721  0.000653449
-1.71087  0.000669584
-1.70076  0.000653547
-1.69074  0.000651608
-1.68022  0.000714864
-1.66973  0.000658672
-1.65961  0.00064735
-1.64959  0.000658246
-1.63945  0.000655538
-1.62935  0.000652372
-1.61924  0.000652644
-1.6092  0.000652255
-1.59904  0.000650823
-1.58896  0.000652521
-1.57888  0.000647352
-1.56831  0.000710568
-1.55773  0.000646461
-1.54772  0.000644512
-1.53761  0.000645615
-1.52761  0.00063985
-1.51755  0.000644371
-1.50743  0.000649663
-1.49731  0.000640151
-1.48726  0.000645342
-1.47709  0.00064638
-1.46702  0.000637385
-1.45696  0.000639834
-1.44691  0.000634724
-1.43684  0.000643034
-1.42677  0.000632945
-1.41665  0.000645476
-1.40657  0.000629988
-1.39648  0.000644781
-1.38636  0.000627759
-1.37631  0.000643303
-1.36622  0.00062172
-1.35619  0.00064216
-1.34608  0.000624034
-1.33606  0.000635142
-1.326  0.000622894
-1.31598  0.00063725
-1.30589  0.000617583
-1.29585  0.000639736
-1.28575  0.000617945
-1.27576  0.000632876
-1.26566  0.000616502
-1.25563  0.000638564
-1.24547  0.000616109
-1.23543  0.000636216
-1.22529  0.00061525
-1.21526  0.000634301
-1.20512  0.000611823
-1.19512  0.000630938
-1.18496  0.000614824
-1.17493  0.000633834
-1.16474  0.000612081
-1.15474  0.000624054
-1.14464  0.000613379
-1.1346  0.000626265
-1.1245  0.000606772
-1.11452  0.000622999
-1.10443  0.000606783
-1.09396  0.000679368
-1.08338  0.000608928
-1.07337  0.00061724
-1.06321  0.000617149
-1.05314  0.000616821
-1.04299  0.00060995
-1.03292  0.000622552
-1.02281  0.000604584
-1.01273  0.000618837
-1.00257  0.000610307
-0.99251  0.000615302
-0.982409  0.000600266
-0.972333  0.000622292
-0.96222  0.000599885
-0.952168  0.000612292
-0.942033  0.000608957
-0.931963  0.000609667
-0.921869  0.00059884
-0.91134  0.000672114
-0.900788  0.000595603
-0.890766  0.000606791
-0.880631  0.000608332
-0.870565  0.000604033
-0.860425  0.000600827
-0.850409  0.000606206
-0.840363  0.000593021
-0.830344  0.000601676
-0.820258  0.000601782
-0.810239  0.000599141
-0.800112  0.000600435
-0.790028  0.000605871
-0.779927  0.000594911
-0.769857  0.000599243
-0.759766  0.000602616
-0.74967  0.000596547
-0.739616  0.000593509
-0.729525  0.000604724
-0.719456  0.000588242
-0.709354  0.000604452
-0.699254  0.000594288
-0.689164  0.000597429
-0.679092  0.000589454
-0.668964  0.000608444
-0.658822  0.000588641
-0.648706  0.000600008
-0.638578  0.00059712
-0.628463  0.000591119
-0.618403  0.000591504
-0.608325  0.000594577
-0.598251  0.000590481
-0.588107  0.000595542
-0.578034  0.000592846
-0.567423  0.000646685
-0.556845  0.000594457
-0.546698  0.000595034
-0.536686  0.000576623
-0.526642  0.00059446
-0.516578  0.000587982
-0.506504  0.00058617
-0.496453  0.000588461
-0.486358  0.000589428
-0.476331  0.000581478
-0.466254  0.00059047
-0.456166  0.000589802
-0.446054  0.000584749
-0.436004  0.000587614
-0.425835  0.00059352
-0.415774  0.000580861
-0.405604  0.000596683
-0.395493  0.000583208
-0.385398  0.000587201
-0.375319  0.000583296
-0.365173  0.000593711
-0.355103  0.000577041
-0.344998  0.000592566
-0.334866  0.000583469
-0.324789  0.000584939
-0.314689  0.000583687
-0.304579  0.00058779
-0.294478  0.000582586
-0.284381  0.000585259
-0.274248  0.000586275
-0.264198  0.000579263
-0.254122  0.000583079
-0.244062  0.000580657
-0.233623  0.000627152
-0.223155  0.000581
-0.213054  0.000584453
-0.202992  0.000581019
-0.192922  0.000579107
-0.182386  0.000637087
-0.17187  0.000577721
-0.161834  0.000579936
-0.151696  0.000587651
-0.141633  0.000577577
-0.131517  0.000584917
-0.121365  0.000587353
-0.111307  0.000573215
-0.101221  0.000587915
-0.0910887  0.000579954
-0.0810272  0.000581785
-0.070932  0.000579773
-0.0607897  0.000588767
-0.0507446  0.000570595
-0.0406387  0.000591733
-0.0304639  0.000580906
-0.0203923  0.000581013
-0.0103538  0.000574936
-0.00266977  0.000308834
0.00266977  0.000308834
0.0103538  0.000574936
0.0203923  0.000581013
0.0304639  0.000580906
0.0406387  0.000591733
0.0507446  0.000570595
0.0607897  0.000588767
0.070932  0.000579773
0.0810272  0.000581785
0.0910887  0.000579954
0.101221  0.000587915
0.111307  0.000573215
0.121365  0.000587353
0.131517  0.000584917
0.141633  0.000577577
0.151696  0.000587651
0.161834  0.000579936
0.17187  0.000577721
0.182386  0.000637087
0.192922  0.000579107
0.202992  0.000581019
0.213054  0.000584453
0.223155  0.000581
0.233623  0.000627152
0.244062  0.000580657
0.254122  0.000583079
0.264198  0.000579263
0.274248  0.000586275
0.284381  0.000585259
0.294478  0.000582586
0.304579  0.00058779
0.314689  0.000583687
0.324789  0.000584939
0.334866  0.000583469
0.344998  0.000592566
0.355103  0.000577041
0.365173  0.000593711
0.375319  0.000583296
0.385398  0.000587201
0.395493  0.000583208
0.405604  0.000596683
0.415774  0.000580861
0.425835  0.00059352
0.436004  0.000587614
0.446054  0.000584749
0.456166  0.000589802
0.466254  0.00059047
0.476331  0.000581478
0.486358  0.000589428
0.496453  0.000588461
0.506504  0.00058617
0.516578  0.000587982
0.526642  0.00059446
0.536686  0.000576623
0.546698  0.000595034
0.556845  0.000594457
0.567423  0.000646685
0.578034  0.000592846
0.588107  0.000595542
0.598251  0.000590481
0.608325  0.000594577
0.618403  0.000591504
0.628463  0.000591119
0.638578  0.00059712
0.648706  0.000600008
0.658822  0.000588641
0.668964  0.000608444
0.679092  0.000589454
0.689164  0.000597429
0.699254  0.000594288
0.709354  0.000604452
0.719456  0.000588242
0.729525  0.000604724
0.739616  0.000593509
0.74967  0.000596547
0.759766  0.000602616
0.769857  0.000599243
0.779927  0.000594911
0.790028  0.000605871
0.800112  0.000600435
0.810239  0.000599141
0.820258  0.000601782
0.830344  0.000601676
0.840363  0.000593021
0.850409  0.000606206
0.860425  0.000600827
0.870565  0.000604033
0.880631  0.000608332
0.890766  0.000606791
0.900788  0.000595603
0.91134  0.000672114
0.921869  0.00059884
0.931963  0.000609667
0.942033  0.000608957
0.952168  0.000612292
0.96222  0.000599885
0.972333  0.000622292
0.982409  0.000600266
0.99251  0.000615302
1.00257  0.000610307
1.01273  0.000618837
1.02281  0.000604584
1.03292  0.000622552
1.04299  0.00060995
1.05314  0.000616821
1.06321  0.000617149
1.07337  0.00061724
1.08338  0.000608928
1.09396  0.000679368
1.10443  0.000606783
1.11452  0.000622999
1.1245  0.000606772
1.1346  0.000626265
1.14464  0.000613379
1.15474  0.000624054
1.16474  0.000612081
1.17493  0.000633834
1.18496  0.000614824
1.19512  0.000630938
1.20512  0.000611823
1.21526  0.000634301
1.22529  0.00061525
1.23543  0.000636216
1.24547  0.000616109
1.25563  0.000638564
1.26566  0.000616502
1.27576  0.000632876
1.28575  0.000617945
1.29585  0.000639736
1.30589  0.000617583
1.31598  0.00063725
1.326  0.000622894
1.33606  0.000635142
1.34608  0.000624034
1.35619  0.00064216
1.36622  0.00062172
1.37631  0.000643303
1.38636  0.000627759
1.39648  0.000644781
1.40657  0.000629988
1.41665  0.000645476
1.42677  0.000632945
1.43684  0.000643034
1.44691  0.000634724
1.45696  0.000639834
1.46702  0.000637385
1.47709  0.00064638
1.48726  0.000645342
1.49731  0.000640151
1.50743  0.000649663
1.51755  0.000644371
1.52761  0.00063985
1.53761  0.000645615
1.54772  0.000644512
1.55773  0.000646461
1.56831  0.000710568
1.57888  0.000647352
1.58896  0.000652521
1.59904  0.000650823
1.6092  0.000652255
1.61924  0.000652644
1.62935  0.000652372
1.63945  0.000655538
1.64959  0.000658246
1.65961  0.00064735
1.66973  0.000658672
1.68022  0.000714864
1.69074  0.000651608
1.70076  0.000653547
1.71087  0.000669584
1.721  0.000653449
1.73104  0.000656044
1.74109  0.000666302
1.75119  0.000656156
1.76125  0.000660328
1.77129  0.000665752
1.78144  0.000665556
1.79153  0.000663183
1.80163  0.000670199
1.81177  0.000668925
1.82195  0.000670894
1.83205  0.000673228
1.84219  0.000664544
1.85228  0.000674855
1.86244  0.000671812
1.87251  0.000670446
1.88261  0.000666366
1.89261  0.000674333
1.90273  0.000664372
1.91274  0.000679753
1.9229  0.000671867
1.93293  0.000675433
1.94302  0.000667929
1.95299  0.000678996
1.96314  0.00067109
1.97315  0.000683636
1.98323  0.000664879
1.99324  0.000686519
2.00345  0.000684069
2.0135  0.000679699
2.02365  0.000678438
2.03364  0.000684653
2.0438  0.000680781
2.05386  0.000687593
2.06404  0.000687234
2.07447  0.000738625
2.08504  0.000681794
2.09497  0.000687001
2.10522  0.000691874
2.11517  0.000675977
2.12528  0.000697372
2.13573  0.000735401
2.14636  0.000707825
2.15637  0.000676663
2.16653  0.000703997
2.17657  0.000675816
2.18667  0.000712139
2.19674  0.000670535
2.20684  0.000714088
2.21686  0.000676152
2.22699  0.000712032
2.23711  0.000682856
2.2472  0.000715663
2.25731  0.000677361
2.2674  0.000716996
2.27741  0.000677859
2.28755  0.000719444
2.29762  0.000678135
2.30765  0.000719163
2.31777  0.000683673
2.3279  0.000723679
2.33794  0.000680306
2.34801  0.000717946
2.35801  0.00067696
2.36803  0.000725928
2.37815  0.000686032
2.38825  0.000724545
2.3983  0.000687568
2.40841  0.000722203
2.41884  0.000744726
2.42932  0.000728705
2.43951  0.000694469
2.44955  0.00072473
2.45963  0.000693796
2.4698  0.000735186
2.47991  0.00068891
2.48993  0.00072889
2.50006  0.000696362
2.51008  0.000721582
2.52015  0.00070377
2.53029  0.000730171
2.54041  0.000700311
2.55044  0.000727898
2.5606  0.000707967
2.57062  0.000716921
2.58069  0.000713662
2.59079  0.000721808
2.60085  0.000710302
2.61094  0.000726222
2.6211  0.00072255
2.63119  0.000715931
2.64124  0.000717461
2.65137  0.000726917
2.66138  0.000708304
2.67148  0.000733084
2.68166  0.000725997
2.69179  0.000722365
2.70186  0.000722591
2.712  0.000729802
2.72201  0.00070838
2.73206  0.000730379
2.74212  0.00072384
2.75221  0.000718248
2.76228  0.000733019
2.77242  0.000727465
2.78242  0.000718106
2.79259  0.000734511
2.8026  0.000725405
2.81276  0.000727413
2.82281  0.000730197
2.833  0.00073784
2.843  0.000715778
2.85319  0.00074385
2.86318  0.000721391
2.87335  0.000731076
2.88337  0.00073267
2.89351  0.000734108
2.90348  0.000714735
2.91367  0.000751801
2.92368  0.000722781
2.9338  0.000727022
2.94383  0.000738041
2.95396  0.000733679
2.96391  0.000719458
2.97411  0.000746914
2.98406  0.000727354
2.99418  0.000724051
3.00419  0.000745943
3.01437  0.000734663
3.02441  0.000732598
3.03462  0.00074206
3.04455  0.000733517
3.05474  0.000727109
3.06475  0.000748421
3.07492  0.000735536
3.08489  0.000726597
3.09522  0.000765792
3.10522  0.000725009
3.11542  0.000741138
3.1255  0.000745759
3.13605  0.000797907
3.14648  0.000730972
3.15671  0.000757796
3.1667  0.00072612
3.17685  0.000735645
3.18686  0.000751796
3.19704  0.000730397
3.20696  0.000730938
3.2172  0.000759062
3.22719  0.000730252
3.2374  0.000742746
3.24742  0.000747555
3.25765  0.000741332
3.26755  0.000722827
3.27774  0.000760318
3.2877  0.000723132
3.29789  0.000749528
3.30793  0.00074664
3.31814  0.000739576
3.32802  0.000724959
3.33825  0.000761405
3.34818  0.000722291
3.35832  0.000745356
3.36833  0.000743351
3.37855  0.000744637
3.38842  0.000725461
3.39913  0.000831802
3.40962  0.000725128
3.41971  0.000744519
3.42968  0.000736134
3.43989  0.000754639
3.44986  0.000721266
3.46006  0.000766747
3.47015  0.000730504
3.48029  0.000750198
3.49034  0.000734158
3.50051  0.000756784
3.51045  0.000715109
3.52061  0.000763715
3.5307  0.000731665
3.54082  0.000751178
3.55089  0.000732891
3.56108  0.000757707
3.57102  0.000715819
3.58121  0.000765175
3.59124  0.000720592
3.6013  0.000753489
3.6114  0.000728783
3.62153  0.000757064
3.63151  0.000717439
3.64172  0.000768905
3.65178  0.000717697
3.66181  0.000751695
3.67191  0.000722773
3.682  0.0007624
3.69203  0.000715277
3.70227  0.000773452
3.71239  0.000717519
3.72241  0.000753165
3.73254  0.000718889
3.74266  0.000769692
3.75273  0.000710409
3.76288  0.000762898
3.77294  0.000716693
3.78297  0.000754559
3.79314  0.000716666
3.8032  0.000762036
3.81324  0.000709194
3.82335  0.000757928
3.83345  0.00072015
3.84351  0.000752466
3.85368  0.000718036
3.86372  0.000757553
3.87388  0.000720294
3.88399  0.000744987
3.89403  0.000722457
3.90402  0.000736873
3.91418  0.000725214
3.92423  0.000748911
3.93434  0.000716914
3.94444  0.000739665
3.9545  0.000729728
3.96452  0.000727136
3.97465  0.000731732
3.98527  0.000812272
3.99586  0.000721296
4.00596  0.0007351
4.01604  0.000732245
4.0266  0.000788387
4.03712  0.000723582
4.04717  0.000738284
4.05729  0.000719331
4.06743  0.000730806
4.07744  0.000729736
4.08764  0.00072401
4.09767  0.000718125
4.10775  0.00073836
4.11785  0.000716908
4.12803  0.000722741
4.138  0.000731691
4.14862  0.000776359
4.15903  0.000718502
4.16909  0.000721533
4.1791  0.000714552
4.18926  0.000716846
4.19914  0.000722247
4.20942  0.000723045
4.21942  0.000709513
4.22956  0.000731471
4.23967  0.000713653
4.24988  0.000717378
4.25974  0.000713471
4.26999  0.00071596
4.27995  0.000703642
4.29011  0.000733577
4.30013  0.000698164
4.31033  0.00071809
4.32022  0.000704683
4.33046  0.000723561
4.34042  0.000684955
4.35052  0.00073402
4.36059  0.000695216
4.37079  0.000718328
4.38069  0.000692982
4.39089  0.000723416
4.40087  0.000678633
4.41097  0.000732423
4.42104  0.000684781
4.43119  0.000714362
4.44117  0.000695688
4.45137  0.000715572
4.46139  0.000681717
4.47156  0.000729668
4.48163  0.000678893
4.49175  0.00071015
4.50179  0.000691953
4.512  0.000716224
4.52253  0.000738786
4.53303  0.000714535
4.54314  0.000680667
4.55322  0.000703146
4.56331  0.000685682
4.57346  0.000712415
4.58363  0.000676986
4.59371  0.000707931
4.60385  0.000676933
4.61393  0.000703102
4.62407  0.000676946
4.63413  0.000704958
4.64422  0.000658487
4.65425  0.000703649
4.66441  0.000680996
4.6745  0.000688445
4.6846  0.000670326
4.69467  0.000701376
4.70481  0.000661346
4.71488  0.00069802
4.72503  0.000667376
4.73505  0.000686328
4.7452  0.00066517
4.75523  0.000691219
4.76536  0.000655503
4.77536  0.000685818
4.7855  0.000666391
4.79554  0.000678927
4.80576  0.000663514
4.81571  0.000675709
4.8262  0.000704634
4.83663  0.00068272
4.84684  0.000661772
4.85682  0.000664416
4.86698  0.000660838
4.87746  0.000731651
4.88861  0.000718287
4.89905  0.000666665
4.90926  0.000656779
4.9193  0.000669011
4.92962  0.00065787
4.93954  0.000659182
4.94977  0.00064824
4.96025  0.000727465
4.971  0.000654145
4.98101  0.000651913
4.99118  0.000649537
5.00167  0.000717096
5.01235  0.000642814
5.02229  0.000650473
5.03253  0.000644929
5.04254  0.00064729
5.05272  0.000647383
5.06274  0.000636094
5.07288  0.000640077
5.08283  0.000644799
5.09301  0.000629851
5.10297  0.00063913
5.11316  0.000641328
5.1232  0.000633733
5.13336  0.000627442
5.14333  0.000646638
5.15356  0.000616711
5.16343  0.000631032
5.17359  0.000630777
5.18364  0.000627325
5.19379  0.000622712
5.20376  0.000635981
5.21398  0.000606834
5.22387  0.000630063
5.23406  0.000619141
5.24402  0.000618449
5.25425  0.00062202
5.26427  0.000625661
5.27449  0.000607017
5.28438  0.000618031
5.29456  0.00060955
5.30451  0.000612988
5.31479  0.000621943
5.32485  0.000613892
5.33506  0.000597714
5.34493  0.00061118
5.35509  0.000603486
5.36511  0.000603973
5.37527  0.000604335
5.38526  0.000604784
5.39552  0.000601198
5.40544  0.000598357
5.41558  0.000589761
5.42553  0.000596949
5.43569  0.000599002
5.44571  0.000593324
5.45591  0.000588112
5.46582  0.000591319
5.47592  0.000583281
5.48593  0.000591257
5.49611  0.000590071
5.50615  0.000584361
5.51625  0.000577814
5.52631  0.000597104
5.53648  0.000571328
5.54657  0.000590601
5.55658  0.000563743
5.56661  0.000582431
5.57671  0.00057107
5.58686  0.000592772
5.59689  0.000547347
5.60693  0.000587334
5.617  0.000557766
5.62703  0.000579859
5.63714  0.000551632
5.64719  0.000582735
5.65725  0.000546518
5.6678  0.000631161
5.67842  0.000552644
5.68852  0.000578055
5.69865  0.000538976
5.70863  0.000576382
5.71888  0.000541303
5.72882  0.000566786
5.73899  0.000542958
5.74905  0.000564218
5.75918  0.000534689
5.7692  0.000568304
5.77939  0.000529328
5.78938  0.000559496
5.7996  0.000537642
5.80963  0.000554644
5.81974  0.000520315
5.82971  0.000558162
5.8399  0.000519726
5.84979  0.000548685
5.86005  0.000531143
5.8702  0.000552833
5.88035  0.000512124
5.89039  0.000554213
5.90063  0.000510488
5.91055  0.000542744
5.92082  0.000521161
5.93083  0.000529775
5.94092  0.000508435
5.95095  0.000543464
5.96117  0.000503514
5.97111  0.000529926
5.98185  0.000561243
5.99231  0.000523263
6.00244  0.000500571
6.01243  0.000527482
6.02276  0.000503533
6.03256  0.000509341
6.04281  0.000507779
6.05281  0.000510086
6.06289  0.000493133
6.07283  0.000514533
6.08316  0.000498121
6.09303  0.000500384
6.10322  0.000497402
6.11364  0.000546944
6.12438  0.000490473
6.13429  0.000504217
6.14467  0.000495975
6.15446  0.000477495
6.16462  0.000492261
6.17456  0.000492379
6.18489  0.00048749
6.19483  0.000487378
6.2052  0.000492285
6.21502  0.000470334
6.22529  0.000488364
6.23527  0.000477971
6.2454  0.000468234
6.25531  0.000483312
6.26569  0.000483009
6.27555  0.000455803
6.28571  0.000479252
6.29567  0.000466996
6.30585  0.000465494
6.31588  0.000473135
6.32619  0.000473287
6.33607  0.000449244
6.34622  0.00046681
6.35627  0.000459986
6.36639  0.000460463
6.37643  0.000455026
6.3867  0.00046967
6.39669  0.000438301
6.40677  0.000457765
6.41681  0.000453068
6.42694  0.000446445
6.43695  0.000442232
6.44703  0.000454361
6.45708  0.00043209
6.46709  0.000450007
6.47766  0.000482098
6.48821  0.000440793
6.49834  0.000432555
6.50835  0.000445224
6.51853  0.000433274
6.52859  0.000432503
6.53866  0.000437336
6.5488  0.000429402
6.5589  0.000427129
6.5689  0.000431453
6.57909  0.000424334
6.58915  0.000423555
6.59913  0.000423875
6.60924  0.000417013
6.61932  0.000426558
6.62951  0.000424942
6.63969  0.000416542
6.64974  0.00040968
6.6597  0.000419191
6.66996  0.000415692
6.68003  0.000409448
6.69057  0.000448412
6.70116  0.000407983
6.71133  0.000412396
6.72126  0.000401098
6.73156  0.000407315
6.74159  0.000399687
6.75165  0.000406296
6.7618  0.000393188
6.77195  0.000406704
6.78192  0.000390341
6.79209  0.000397499
6.80218  0.000390093
6.8122  0.000395778
6.8224  0.000389784
6.8325  0.000390245
6.84247  0.000382881
6.85267  0.000389092
6.86277  0.000384136
6.87273  0.000379544
6.88288  0.00038101
6.89301  0.000381704
6.90297  0.000374282
6.91353  0.000405751
6.92411  0.000383878
6.93413  0.000367123
6.9442  0.000372938
6.95446  0.0003754
6.96488  0.00039397
6.97538  0.000368412
6.98556  0.000371758
6.99558  0.000353288
7.00556  0.000368652
7.01579  0.000358866
7.02576  0.000360552
7.03585  0.000351033
7.04646  0.000402263
7.05714  0.000350352
7.06705  0.000349548
7.07728  0.000353009
7.08718  0.000353268
7.09736  0.00034283
7.10737  0.000351967
7.11754  0.000339499
7.12742  0.000352131
7.13783  0.000338293
7.14769  0.00034582
7.15788  0.00033699
7.16826  0.000366451
7.17899  0.000342399
7.18891  0.000333527
7.19929  0.000341142
7.20916  0.000326552
7.21935  0.000329029
7.22925  0.000327662
7.23953  0.000335901
7.24989  0.000350122
7.26077  0.00033932
7.27079  0.000316697
7.28102  0.000334527
7.29117  0.00031221
7.30174  0.000360147
7.31218  0.000303541
7.32239  0.000332103
7.33241  0.000304587
7.3426  0.000323785
7.35268  0.000304563
7.36274  0.000320351
7.37291  0.000300698
7.38309  0.000320555
7.3931  0.00030086
7.40326  0.000310377
7.4134  0.000300199
7.42352  0.000310546
7.43349  0.000290063
7.44371  0.000310688
7.45369  0.000290917
7.46383  0.000304298
7.47397  0.00029023
7.48398  0.000299858
7.49412  0.000287497
7.50467  0.000329081
7.51528  0.000283283
7.52532  0.000289221
7.53542  0.000289853
7.54586  0.000311856
7.55653  0.000280286
7.56657  0.000293456
7.57667  0.000274532
7.58667  0.000283322
7.59686  0.00027646
7.60673  0.000280521
7.61691  0.000272535
7.62694  0.00028165
7.63758  0.000295218
7.64796  0.000271953
7.65869  0.000303118
7.66914  0.000267837
7.67945  0.000271441
7.68932  0.000266165
7.69955  0.000271974
7.70956  0.000256924
7.71977  0.000273853
7.72968  0.000255744
7.73993  0.000266674
7.75053  0.000283745
7.76127  0.000272199
7.77132  0.000243694
7.78145  0.000268727
7.79148  0.000245554
7.80154  0.000260485
7.81166  0.000246607
7.82167  0.000257813
7.83183  0.000241468
7.84188  0.000261226
7.8524  0.000257095
7.86286  0.000256637
7.87315  0.000240451
7.88306  0.000249102
7.89339  0.000239175
7.90333  0.000245812
7.91398  0.000262266
7.92431  0.000234328
7.93471  0.000242833
7.9449  0.000252107
7.95559  0.000239099
7.9656  0.000233759
7.9758  0.000233842
7.98574  0.00022891
7.99608  0.000240446
8.00606  0.000221909
8.01621  0.000230004
8.02616  0.000224791
8.03642  0.000232343
8.04636  0.000214477
8.05661  0.000234993
8.06663  0.000216834
8.07675  0.000219207
8.08674  0.000219816
8.09691  0.000224908
8.10692  0.000207818
8.11707  0.000225285
8.12707  0.000207197
8.13727  0.000220784
8.14735  0.00021124
8.15748  0.000215407
8.16755  0.000203526
8.17807  0.000235543
8.18867  0.000205482
8.1987  0.000205517
8.20886  0.000210257
8.21894  0.000203341
8.22898  0.000199681
8.23962  0.000228459
8.25014  0.000198177
8.26023  0.000199326
8.27032  0.000203593
8.28058  0.000198702
8.29056  0.000190142
8.30068  0.000204107
8.31078  0.000191218
8.32084  0.000191893
8.3309  0.000195797
8.34106  0.00019201
8.35109  0.000185037
8.36125  0.000197691
8.37133  0.000184091
8.38134  0.000184553
8.39152  0.000191027
8.40161  0.000184511
8.41169  0.000180996
8.42182  0.000187822
8.43195  0.000180467
8.44203  0.00017981
8.4522  0.000183301
8.46215  0.000178718
8.47231  0.000173994
8.48279  0.000196849
8.49352  0.000177924
8.5036  0.000172126
8.5138  0.000175556
8.52368  0.000174155
8.53391  0.000168009
8.54394  0.000170821
8.5541  0.000174534
8.56406  0.000163271
8.57431  0.000170204
8.58429  0.00016944
8.59451  0.00016277
8.60451  0.000164041
8.61461  0.000163987
8.62457  0.000161704
8.63487  0.000167467
8.64481  0.000156566
8.65501  0.000160742
8.66502  0.000156777
8.67511  0.000160462
8.68503  0.000152069
8.69536  0.000162318
8.70525  0.000151013
8.71542  0.000156696
8.72554  0.000150052
8.73557  0.000157863
8.74564  0.000144724
8.75579  0.000155926
8.76578  0.000142971
8.77586  0.000154948
8.78601  0.000145362
8.79602  0.000149021
8.80616  0.000142395
8.8168  0.000163263
8.82748  0.000145363
8.83754  0.000142088
8.84773  0.000141917
8.8576  0.000144099
8.86781  0.00013508
8.87791  0.000145255
8.88798  0.000137143
8.89802  0.000137996
8.9082  0.000136803
8.91843  0.00014059
8.92856  0.000132385
8.93861  0.000139026
8.94877  0.000130789
8.95879  0.000132907
8.96892  0.000130165
8.9789  0.000135067
8.98906  0.00012493
8.99915  0.000134198
9.00927  0.000128973
9.01935  0.000124936
9.0295  0.00012954
9.03968  0.000130988
9.05037  0.000132724
9.06094  0.000127892
9.07116  0.000124023
9.08119  0.000122548
9.09133  0.000121036
9.10134  0.000125311
9.11158  0.000118029
9.12161  0.000119196
9.13156  0.000120637
9.14162  0.00011648
9.15186  0.000115782
9.1618  0.000121666
9.17212  0.000114954
9.18209  0.000113402
9.19214  0.00011693
9.20228  0.000112336
9.21254  0.000111422
9.22242  0.000115673
9.23278  0.000111888
9.24268  0.000107152
9.2528  0.00011238
9.26265  0.000104892
9.27295  0.000109948
9.28289  0.00011113
9.29366  0.000116291
9.30413  0.000102054
9.3143  0.000114078
9.32436  9.78998e-05
9.33466  0.000109196
9.34455  0.000100463
9.35472  0.000105821
9.36505  9.94698e-05
9.37501  0.000104447
9.38515  9.76839e-05
9.39527  0.000104188
9.40537  9.50131e-05
9.41538  0.000102609
9.42569  9.49046e-05
9.43569  0.000102093
9.44571  9.05816e-05
9.45582  0.000100439
9.46598  9.22621e-05
9.47594  9.66462e-05
9.48628  9.19863e-05
9.49652  0.000103296
9.50728  9.16502e-05
9.5178  0.000102741
9.52854  9.05097e-05
9.53843  8.97868e-05
9.54863  9.05986e-05
9.55872  9.03564e-05
9.56886  8.77508e-05
9.57885  9.05027e-05
9.58936  8.81117e-05
9.59909  8.3962e-05
9.60937  8.93563e-05
9.61941  8.48934e-05
9.62968  8.50202e-05
9.64017  9.2439e-05
9.65096  8.81385e-05
9.66106  7.9671e-05
9.67113  8.38147e-05
9.68115  8.04321e-05
9.6912  8.11314e-05
9.70119  7.97426e-05
9.71139  8.31675e-05
9.72139  7.85802e-05
9.73153  7.69571e-05
9.74154  7.79203e-05
9.75162  7.97481e-05
9.76163  7.52684e-05
9.77175  7.96428e-05
9.78185  7.41118e-05
9.79188  7.54304e-05
9.80202  7.73494e-05
9.81221  7.4161e-05
9.82221  7.25176e-05
9.83232  7.43498e-05
9.84232  7.14903e-05
9.85254  7.33206e-05
9.86304  7.89157e-05
9.87365  7.1933e-05
9.88385  6.84126e-05
9.894  7.61897e-05
9.90413  6.65991e-05
9.91419  6.85382e-05
9.92424  7.02753e-05
9.93445  6.78662e-05
9.94476  6.70091e-05
9.95473  7.14689e-05
9.96493  6.47597e-05
9.97499  6.58604e-05
9.98511  6.58666e-05
9.9952  6.65965e-05
10.0056  6.30548e-05
10.0154  6.6715e-05
10.0258  6.32231e-05
10.0358  6.26708e-05
10.0461  6.43387e-05
10.0561  6.1373e-05
10.0665  6.29224e-05
10.0764  6.27358e-05
10.0866  5.93529e-05
10.0966  5.98314e-05
10.1068  6.18767e-05
10.1168  5.87818e-05
10.1272  5.84749e-05
10.137  5.90897e-05
10.1474  5.86578e-05
10.1572  5.54994e-05
10.1674  5.98394e-05
10.1774  5.51667e-05
10.1878  5.76542e-05
10.1977  5.52662e-05
10.208  5.60147e-05
10.218  5.44081e-05
10.2283  5.68666e-05
10.2382  5.09746e-05
10.2487  5.69836e-05
10.2587  5.3736e-05
10.2689  5.27598e-05
10.2788  5.06838e-05
10.2889  5.36029e-05
10.2991  4.95256e-05
10.3092  5.35914e-05
10.3193  4.95377e-05
10.3294  5.25116e-05
10.3402  5.33109e-05
10.3508  5.06666e-05
10.3608  4.77903e-05
10.3709  5.03368e-05
10.3812  4.87685e-05
10.3912  4.72121e-05
10.4016  4.84764e-05
10.4117  4.81742e-05
10.4223  4.82662e-05
10.4326  4.78544e-05
10.4428  4.63697e-05
10.4528  4.49485e-05
10.463  4.58665e-05
10.4732  4.58168e-05
10.4833  4.37595e-05
10.4934  4.32847e-05
10.5034  4.61618e-05
10.5135  4.15647e-05
10.5238  4.30391e-05
10.5337  4.40169e-05
10.544  4.19037e-05
10.5541  4.30285e-05
10.5644  4.24874e-05
10.5743  4.00013e-05
10.5845  4.13066e-05
10.5945  4.12645e-05
10.6049  4.08042e-05
10.6149  3.94982e-05
10.6251  4.06658e-05
10.635  4.00952e-05
10.6455  3.80026e-05
10.6555  4.03559e-05
10.6658  3.82084e-05
10.6758  3.65614e-05
10.686  3.94039e-05
10.6961  3.71002e-05
10.7063  3.72115e-05
10.7162  3.64443e-05
10.7263  3.66888e-05
10.7366  3.68303e-05
10.7469  3.60547e-05
10.7568  3.55039e-05
10.7671  3.5853e-05
10.7772  3.45573e-05
10.7875  3.56289e-05
10.7973  3.21828e-05
10.8076  3.59299e-05
10.8176  3.36295e-05
10.8281  3.41932e-05
10.8381  3.23801e-05
10.8482  3.40431e-05
10.8583  3.01092e-05
10.8684  3.49224e-05
10.8786  3.15879e-05
10.8889  3.41135e-05
10.8997  3.0715e-05
10.9098  3.2835e-05
10.9201  2.98995e-05
10.9303  3.2767e-05
10.9407  3.03646e-05
10.9505  2.98744e-05
10.9611  2.99205e-05
10.9709  3.02718e-05
10.9814  2.93403e-05
10.9913  2.93288e-05
11.0016  2.84329e-05
11.0118  2.85614e-05
11.022  2.88476e-05
11.0319  2.77942e-05
11.0423  2.79758e-05
11.0521  2.8227e-05
11.0625  2.66872e-05
11.0729  2.86735e-05
11.0838  2.93892e-05
11.094  2.62767e-05
11.1043  2.60612e-05
11.1144  2.64594e-05
11.1247  2.68904e-05
11.1354  2.7245e-05
11.1463  2.85421e-05
11.1568  2.35786e-05
11.167  2.65024e-05
11.1772  2.4248e-05
11.1874  2.44717e-05
11.1976  2.37611e-05
11.2074  2.51621e-05
11.2181  2.31579e-05
11.2278  2.32676e-05
11.2382  2.50611e-05
11.2483  2.23472e-05
11.2588  2.37023e-05
11.2687  2.32103e-05
11.279  2.05602e-05
11.2888  2.36894e-05
11.2992  2.32224e-05
11.3093  2.05987e-05
11.3202  2.46047e-05
11.3305  2.12316e-05
11.3409  2.17461e-05
11.351  2.09889e-05
11.3612  2.1333e-05
11.3719  2.21551e-05
11.3825  2.13013e-05
11.3927  2.01919e-05
11.4028  1.92246e-05
11.4133  2.24266e-05
11.4239  2.03023e-05
11.4341  1.90036e-05
11.4443  1.97332e-05
11.4541  1.8783e-05
11.4647  1.88848e-05
11.4748  1.85262e-05
11.4849  2.00541e-05
11.4949  1.71053e-05
11.5049  1.86809e-05
11.5152  1.79004e-05
11.5252  1.83726e-05
11.5356  1.75557e-05
11.5456  1.77124e-05
11.5558  1.7207e-05
11.566  1.78168e-05
11.5764  1.71981e-05
11.5867  1.73553e-05
11.5969  1.72086e-05
11.6069  1.63004e-05
11.6172  1.58832e-05
11.6272  1.68533e-05
11.6374  1.64441e-05
11.6477  1.59817e-05
11.658  1.56322e-05
11.668  1.63815e-05
11.6782  1.46273e-05
11.6882  1.56926e-05
11.6987  1.6402e-05
11.7088  1.46032e-05
11.7192  1.46621e-05
11.7292  1.53505e-05
11.7399  1.51936e-05
11.7497  1.39288e-05
11.7598  1.44151e-05
11.7699  1.43957e-05
11.7806  1.39905e-05
11.7904  1.42615e-05
11.8008  1.41315e-05
11.8108  1.37272e-05
11.8212  1.38612e-05
11.8314  1.28229e-05
11.8419  1.39798e-05
11.8517  1.24653e-05
11.8622  1.35679e-05
11.8728  1.25954e-05
11.8825  1.38387e-05
11.8929  1.18555e-05
11.9033  1.315e-05
11.9137  1.23924e-05
11.9238  1.23197e-05
11.9343  1.22312e-05
11.9443  1.20254e-05
11.9546  1.204e-05
11.9647  1.17906e-05
11.9749  1.15958e-05
11.9849  1.12978e-05
11.9958  1.25347e-05
12.0062  1.14119e-05
12.0167  1.09812e-05
12.0268  1.09127e-05
12.0367  1.12382e-05
12.0472  1.01029e-05
12.0572  1.12462e-05
12.0672  1.11007e-05
12.0779  1.06791e-05
12.0881  1.04307e-05
12.0984  1.00634e-05
12.1081  9.65288e-06
12.1186  1.035e-05
12.1288  1.05527e-05
12.1393  9.81367e-06
12.1496  9.57743e-06
12.1598  1.04417e-05
12.1701  8.98463e-06
12.1802  9.87208e-06
12.1906  9.34903e-06
12.2013  9.75564e-06
12.2114  8.93104e-06
12.2216  9.03744e-06
12.2323  9.81285e-06
12.243  8.98967e-06
12.253  8.48871e-06
12.2632  9.12813e-06
12.2737  8.71819e-06
12.2836  8.70274e-06
12.2939  8.05942e-06
12.3047  8.6505e-06
12.3143  8.16696e-06
12.3247  8.11763e-06
12.3349  7.99555e-06
12.3452  8.74448e-06
12.3555  7.65378e-06
12.3658  7.85167e-06
12.376  7.63209e-06
12.3863  8.2151e-06
12.3967  7.25335e-06
12.4072  7.80801e-06
12.4175  7.73197e-06
12.4274  7.13675e-06
12.4382  7.40802e-06
12.4486  6.93938e-06
12.4588  7.68021e-06
12.4689  6.73422e-06
12.4793  7.29333e-06
12.4897  6.7202e-06
12.5001  6.95927e-06
12.5103  6.40844e-06
12.5202  7.03153e-06
12.5306  6.30076e-06
12.5411  7.14184e-06
12.5516  5.63585e-06
12.5614  7.05347e-06
12.572  6.39915e-06
12.5819  6.16418e-06
12.5924  5.8114e-06
12.6025  6.09895e-06
12.6126  6.22044e-06
12.6229  6.22408e-06
12.6332  5.53613e-06
12.6432  5.94861e-06
12.6538  5.5597e-06
12.664  6.05648e-06
12.6743  5.51702e-06
12.6845  5.68617e-06
12.6948  5.43735e-06
12.705  5.62733e-06
12.7159  5.24635e-06
12.7258  5.3688e-06
12.7367  5.76594e-06
12.7469  5.3926e-06
12.7576  5.3507e-06
12.7676  4.89883e-06
12.778  5.10535e-06
12.7882  4.82968e-06
12.7983  5.06891e-06
12.8089  4.44559e-06
12.8189  5.30472e-06
12.8296  4.5655e-06
12.8394  4.48361e-06
12.8501  4.80898e-06
12.8599  4.73176e-06
12.8702  4.50636e-06
12.8808  4.48219e-06
12.8912  4.65225e-06
12.9013  4.50593e-06
12.9126  4.30261e-06
12.9226  4.55651e-06
12.9334  4.38137e-06
12.9436  4.01687e-06
12.9537  4.26827e-06
12.964  4.15778e-06
12.9744  4.05969e-06
12.9846  4.13324e-06
12.9952  3.73069e-06
13.005  3.86598e-06
13.0156  3.96779e-06
13.0251  3.67359e-06
13.0361  3.86795e-06
13.0459  3.67786e-06
13.0565  3.67865e-06
13.0668  3.85093e-06
13.0772  3.8973e-06
13.0877  3.07094e-06
13.0982  3.57451e-06
13.1079  3.32022e-06
13.1184  3.79477e-06
13.1287  3.39923e-06
13.1392  3.63524e-06
13.1501  3.408e-06
13.1607  3.1281e-06
13.171  3.36867e-06
13.1812  3.02182e-06
13.1923  3.63629e-06
13.2029  3.03517e-06
13.2133  3.08207e-06
13.2233  3.06187e-06
13.2335  2.9818e-06
13.2443  3.30572e-06
13.2545  2.91487e-06
13.2652  2.92403e-06
13.2757  2.83671e-06
13.2862  2.92616e-06
13.2969  2.8826e-06
13.3069  2.4132e-06
13.318  3.25681e-06
13.3285  2.80174e-06
13.3388  2.63239e-06
13.3497  2.66964e-06
13.3597  2.77802e-06
13.3702  2.31677e-06
13.3802  2.51987e-06
13.3917  2.47648e-06
13.4012  2.75697e-06
13.412  2.46535e-06
13.4218  2.08759e-06
13.4327  2.85684e-06
13.4428  2.45939e-06
13.454  2.36335e-06
13.4641  1.98223e-06
13.4747  2.63463e-06
13.4856  2.10128e-06
13.4963  2.34923e-06
13.5067  2.34934e-06
13.5169  2.01543e-06
13.5278  2.21174e-06
13.5379  2.00919e-06
13.5481  2.25793e-06
13.5586  2.08269e-06
13.5698  2.16613e-06
13.581  1.85827e-06
13.5909  2.10935e-06
13.6017  2.06697e-06
13.6119  2.08188e-06
13.622  1.78103e-06
13.633  1.79267e-06
13.6439  1.89997e-06
13.6537  1.99821e-06
13.6644  1.76339e-06
13.6755  1.87086e-06
13.6856  1.8542e-06
13.6963  1.69579e-06
13.708  1.7282e-06
13.7177  1.80054e-06
13.7294  1.91033e-06
13.7391  1.56865e-06
13.75  1.6268e-06
13.7602  1.58392e-06
13.7706  1.53628e-06
13.7817  1.7411e-06
13.7922  1.68286e-06
13.8028  1.3937e-06
13.8131  1.66799e-06
13.8251  1.63063e-06
13.8353  1.5859e-06
13.8457  1.26915e-06
13.8565  1.39307e-06
13.8666  1.47526e-06
13.8773  1.31534e-06
13.8876  1.55011e-06
13.8977  1.23688e-06
13.908  1.47247e-06
13.9196  1.26528e-06
13.9297  1.16866e-06
13.9403  1.69312e-06
13.9514  1.21322e-06
13.9625  1.24734e-06
13.9738  1.14918e-06
13.984  1.44048e-06
13.9953  1.26373e-06
14.0066  1.36208e-06
14.0166  1.09954e-06
14.0275  1.05742e-06
14.0379  1.1427e-06
14.0485  1.27144e-06
14.059  1.14002e-06
14.07  1.18821e-06
14.0804  9.13602e-07
14.0913  1.32395e-06
14.1028  9.28265e-07
14.1125  1.15873e-06
14.1239  1.05087e-06
14.1347  9.66769e-07
14.1456  1.0549e-06
14.1553  1.00104e-06
14.1659  9.36803e-07
14.1755  7.11093e-07
14.1864  1.08729e-06
14.1967  9.42477e-07
14.2078  8.68361e-07
14.2193  1.20479e-06
14.2303  9.36569e-07
14.24  7.27478e-07
14.2512  8.17621e-07
14.2614  9.36582e-07
14.2719  7.67412e-07
14.2822  8.22136e-07
14.2927  8.11492e-07
14.3021  8.06912e-07
14.3128  7.2518e-07
14.3231  8.93397e-07
14.3344  8.41004e-07
14.3446  7.42283e-07
14.3545  6.03683e-07
14.3651  7.03541e-07
14.375  8.24283e-07
14.3872  8.48711e-07
14.3981  6.7648e-07
14.4086  7.13322e-07
14.4186  6.89036e-07
14.4292  7.34254e-07
14.4405  6.90738e-07
14.4505  7.38331e-07
14.4618  5.85337e-07
14.472  7.22361e-07
14.4828  5.49157e-07
14.4934  6.03979e-07
14.505  7.69957e-07
14.5161  6.50609e-07
14.5261  6.74225e-07
14.5377  5.74766e-07
14.5487  6.27641e-07
14.5599  5.41972e-07
14.5702  5.47543e-07
14.5805  4.93267e-07
14.5915  7.2845e-07
14.6023  5.55997e-07
14.6135  5.37301e-07
14.6234  4.58413e-07
14.6335  5.72253e-07
14.645  3.99949e-07
14.6548  5.66232e-07
14.6656  4.3991e-07
14.6759  5.59063e-07
14.6877  6.03657e-07
14.6988  4.55589e-07
14.7074  3.63026e-07
14.7194  4.75272e-07
14.7286  4.48757e-07
14.7399  5.17846e-07
14.7507  4.23039e-07
14.7621  4.70035e-07
14.7722  4.46523e-07
14.7828  4.5044e-07
14.7939  2.84087e-07
14.8036  5.38625e-07
14.8142  3.51935e-07
14.8253  3.61993e-07
14.8361  4.22876e-07
14.846  3.43185e-07
14.8561  3.97742e-07
14.8677  4.8238e-07
14.8786  4.2803e-07
14.8884  2.65208e-07
14.8994  2.62822e-07
14.9084  3.54892e-07
14.9191  3.8521e-07
14.9301  5.15935e-07
14.9419  2.43421e-07
14.9521  3.44658e-07
14.9636  2.79483e-07
14.9731  3.4585e-07
14.985  3.79845e-07
14.9953  2.46717e-07
15.006  3.46039e-07
15.0157  2.8345e-07
15.0256  2.83505e-07
15.0358  2.67439e-07
15.047  3.16359e-07
15.0579  3.47565e-07
15.0682  2.2608e-07
15.0813  3.93122e-07
15.0921  2.39888e-07
15.102  2.69103e-07
15.1114  2.21532e-07
15.1226  2.70435e-07
15.1338  3.19566e-07
15.1434  2.59767e-07
15.1554  2.46592e-07
15.1656  2.4559e-07
15.1783  2.46754e-07
15.1888  2.69806e-07
15.1986  1.99732e-07
15.209  2.48701e-07
15.2181  1.90106e-07
15.2296  2.13271e-07
15.2409  2.59345e-07
15.2499  2.2417e-07
15.2626  2.75509e-07
15.274  1.72973e-07
15.2837  2.09152e-07
15.295  1.35324e-07
15.306  2.84919e-07
15.3154  1.90744e-07
15.326  2.25538e-07
15.3384  1.60682e-07
15.3461  1.51395e-07
15.3591  1.52406e-07
15.3688  1.97689e-07
15.3805  2.1334e-07
15.3895  1.75404e-07
15.4011  1.40935e-07
15.4122  2.51937e-07
15.4215  1.78841e-07
15.4324  1.60542e-07
15.4436  8.91408e-08
15.4565  1.64214e-07
15.4653  1.95081e-07
15.4773  1.1787e-07
15.4872  1.82904e-07
15.4975  1.83968e-07
15.5086  7.01061e-08
15.5177  2.14642e-07
15.5305  1.52869e-07
15.5404  1.48662e-07
15.5506  1.5437e-07
15.5599  1.2402e-07
15.571  9.15432e-08
15.5843  1.40206e-07
15.5948  1.83219e-07
15.6047  1.46381e-07
15.6165  9.66956e-08
15.6277  1.16807e-07
15.6379  1.38847e-07
15.6488  9.88461e-08
15.6588  1.07628e-07
15.6693  1.05164e-07
15.6811  1.42362e-07
15.6933  1.05694e-07
15.7031  1.50882e-07
15.7138  1.29475e-07
15.7254  8.77564e-08
15.7374  1.14617e-07
15.7474  1.02285e-07
15.7589  9.63905e-08
15.7698  7.31055e-08
15.7792  1.13538e-07
15.7907  1.45644e-07
15.7988  5.57279e-08
15.8099  1.11157e-07
15.8213  8.30505e-08
15.8325  8.21159e-08
15.8461  1.01062e-07
15.8546  7.66491e-08
15.8667  1.0836e-07
15.8783  1.05361e-07
15.8902  8.17401e-08
15.9033  8.33882e-08
15.9151  8.12019e-08
15.9251  1.04408e-07
15.9335  5.18871e-08
15.945  4.56532e-08
15.9546  9.92013e-08
15.9641  7.84924e-08
15.9758  8.1398e-08
15.986  4.06551e-08
15.9971  7.52833e-08
16.0063  6.83462e-08
16.0194  6.72683e-08
16.0318  5.94351e-08
16.0407  7.05406e-08
16.052  4.79389e-08
16.0628  1.05125e-07
16.0759  6.58408e-08
16.0861  4.29674e-08
16.0962  6.39955e-08
16.1064  8.02378e-08
16.1168  4.22638e-08
16.1288  7.76561e-08
16.1418  4.57212e-08
16.152  4.30912e-08
16.165  4.25156e-08
16.173  6.73022e-08
16.1837  6.15405e-08
16.1958  7.26797e-08
16.2063  7.20267e-08
16.2187  2.22356e-08
16.2272  3.7877e-08
16.24  6.18924e-08
16.2503  5.00467e-08
16.2591  2.89756e-08
16.2724  3.26432e-08
16.2826  7.68647e-08
16.2938  1.93465e-08
16.305  4.1844e-08
16.3159  3.86559e-08
16.3262  4.46888e-08
16.3367  5.62647e-08
16.3516  2.84995e-08
16.3581  5.01538e-08
16.3703  3.13565e-08
16.3804  3.13097e-08
16.3912  3.7776e-08
16.4013  5.30727e-08
16.4141  5.32246e-08
16.426  2.60864e-08
16.4367  1.45239e-08
16.4506  3.50294e-08
16.4596  4.71803e-08
16.4695  2.98709e-08
16.4832  3.96675e-08
16.497  3.17574e-08
16.5058  4.97481e-08
16.518  2.27705e-08
16.5321  2.55513e-08
16.5443  1.57678e-08
16.5566  2.93543e-08
16.5675  2.92374e-08
16.58  6.83965e-08
16.5918  2.79732e-08
16.6028  2.58274e-08
16.6141  2.79233e-08
16.6307  1.38029e-08
16.6409  3.08776e-08
16.6557  2.68094e-08
16.6673  2.39535e-08
16.6781  3.53324e-08
16.692  3.07956e-08
16.7079  1.34892e-08
16.718  2.10866e-08
16.732  2.76191e-08
16.7426  2.87658e-08
16.7531  2.11337e-08
16.7651  9.06894e-09
16.7764  2.36868e-08
16.7871  4.19077e-08
16.7973  1.68763e-08
16.8123  9.26168e-09
16.8227  2.14581e-08
16.8341  9.39214e-09
16.8434  1.08084e-08
16.858  3.81188e-08
16.8707  2.35843e-08
16.8823  1.50831e-08
16.8968  1.51809e-08
16.9105  1.35538e-08
16.9208  1.47254e-08
16.9327  1.27629e-08
16.9421  9.55151e-09
16.9535  1.38254e-08
16.9638  2.17715e-08
16.9747  2.14913e-08
16.9902  1.11598e-08
16.9998  1.76292e-08
17.0175  1.65406e-08
17.0303  1.13921e-08
17.042  1.60174e-08
17.0522  1.49935e-08
17.066  1.99247e-08
17.0764  8.08475e-09
17.0917  8.01736e-09
17.109  9.11042e-09
17.1202  1.46786e-08
17.1317  1.48546e-08
17.1478  1.27753e-08
17.1559  1.25992e-08
17.1712  4.32361e-09
17.1811  1.47484e-08
17.1936  1.36713e-08
17.2012  2.3727e-09
17.2163  8.68941e-09
17.2326  1.71046e-08
17.2434  7.68982e-09
17.2583  1.27081e-08
17.2733  1.04021e-08
17.2845  1.58252e-08
17.2963  4.61368e-09
17.3079  5.70359e-09
17.328  1.41304e-08
17.3475  5.49181e-09
17.3602  6.58492e-09
17.3708  1.40927e-08
17.397  6.98903e-09
17.4072  9.86628e-09
17.4267  6.91912e-09
17.4415  1.3929e-08
17.4565  1.25473e-08
17.4718  2.77364e-09
17.48  4.32904e-09
17.4925  4.79703e-09
17.5056  8.15772e-09
17.5277  7.41161e-09
17.5375  3.0663e-09
17.5508  9.74595e-09
17.5761  6.63329e-09
17.5912  5.52155e-09
17.6077  7.9023e-09
17.6181  3.34214e-09
17.6357  2.44771e-09
17.6468  4.33193e-09
17.6555  9.27716e-09
17.6668  5.30099e-09
17.6792  7.47291e-09
17.7007  2.13436e-09
17.7254  5.16401e-09
17.7342  3.42375e-09
17.7538  5.93231e-10
17.7678  8.54479e-09
17.7802  6.40342e-09
17.7991  1.65409e-09
17.8126  9.16099e-10
17.8332  6.39122e-09
17.8498  6.87046e-09
17.8676  4.58054e-09
17.882  2.7327e-09
17.9069  6.7058e-09
17.9309  3.94211e-09
17.9461  5.04324e-09
17.9624  4.67342e-10
17.9861  4.7006e-09
18.0113  2.16579e-09
18.021  2.11124e-09
18.0451  4.72197e-09
18.0577  4.84872e-09
18.1089  3.9969e-09
18.1217  3.36475e-09
18.1398  1.66756e-09
18.1496  3.6283e-09
18.1653  8.8943e-10
18.2035  4.0801e-10
18.2257  4.32589e-09
18.2346  1.66837e-09
18.263  2.32654e-09
18.2736  2.76393e-09
18.3039  1.85622e-09
18.3226  4.75165e-09
18.3408  4.63013e-10
18.39  2.43149e-10
18.3962  2.39034e-09
18.4156  1.54569e-09
18.4497  2.54482e-09
18.4628  3.83988e-10
18.4825  1.5764e-09
18.5023  1.21106e-09
18.5234  1.92056e-09
18.5474  1.84189e-09
18.5996  1.65923e-09
18.6275  4.00436e-10
18.6386  1.45588e-09
18.6687  1.35693e-09
18.6997  1.11371e-09
18.7248  1.67106e-09
18.7563  3.8957e-10
18.7702  1.39083e-09
18.8433  7.61131e-10
18.8539  2.26985e-10
18.8775  4.24037e-10
18.9226  1.28983e-09
18.9399  1.85315e-09
18.9749  8.84774e-10
19.0321  3.61099e-10
19.1  1.1702e-09
19.1188  2.82924e-10
19.1385  3.50083e-10
19.2162  5.90334e-10
19.2551  3.31122e-10
19.3162  1.04073e-09
19.3501  2.06528e-10
19.3868  3.24922e-10
19.494  1.98124e-10
19.5391  3.01325e-10
19.5914  8.26792e-10
19.7166  2.73378e-10
19.9328  2.43132e-10
19.9666  2.8949e-10
20.2079  1.93152e-10
20.5831  1.3526e-10
