-20.5854  1.42532e-10
-20.2109  2.05508e-10
-19.9718  2.98175e-10
-19.9351  2.57719e-10
-19.7187  2.89846e-10
-19.5972  8.5984e-10
-19.541  3.19464e-10
-19.4963  2.08776e-10
-19.3884  3.43802e-10
-19.3581  2.07926e-10
-19.3215  1.07829e-09
-19.2569  3.49077e-10
-19.2227  6.19875e-10
-19.1402  3.71074e-10
-19.1218  3.01022e-10
-19.105  1.21271e-09
-19.0334  3.82986e-10
-18.9836  8.99387e-10
-18.9449  1.93801e-09
-18.9273  1.33663e-09
-18.8827  4.36758e-10
-18.8562  2.39189e-10
-18.8458  7.98797e-10
-18.7747  1.43846e-09
-18.7596  4.10767e-10
-18.7305  1.74853e-09
-18.7078  1.12789e-09
-18.6734  1.41816e-09
-18.6431  1.50204e-09
-18.6296  4.24557e-10
-18.6074  1.71379e-09
-18.5527  1.9272e-09
-18.5277  1.9966e-09
-18.5081  1.25947e-09
-18.4893  1.61336e-09
-18.466  4.04813e-10
-18.4542  2.6607e-09
-18.4198  1.6024e-09
-18.401  2.505e-09
-18.3923  2.56222e-10
-18.3429  4.88941e-10
-18.33  4.85614e-09
-18.3136  1.39811e-09
-18.2993  5.03591e-10
-18.278  2.88537e-09
-18.2687  2.41041e-09
-18.2382  2.35667e-09
-18.2309  3.83327e-09
-18.2059  4.32491e-10
-18.1635  2.44216e-09
-18.1493  3.95718e-09
-18.1268  3.50893e-09
-18.1168  4.10045e-09
-18.0651  2.35403e-09
-18.0584  5.30103e-09
-18.0452  2.31041e-09
-18.029  1.78825e-09
-18.0161  2.62003e-09
-17.9911  4.87204e-09
-17.9598  2.83651e-09
-17.9427  6.90492e-09
-17.9154  3.99057e-09
-17.908  2.92518e-09
-17.8945  1.3174e-09
-17.8785  4.3052e-09
-17.8668  1.97012e-09
-17.8555  7.11361e-09
-17.8402  6.54508e-09
-17.8146  9.67064e-10
-17.8061  1.6761e-09
-17.7879  6.14204e-09
-17.7731  9.32482e-09
-17.7565  6.17104e-10
-17.7416  3.55452e-09
-17.7297  5.35795e-09
-17.7097  1.67744e-09
-17.6912  3.15281e-09
-17.6841  5.04748e-09
-17.6675  1.05177e-08
-17.6568  9.03318e-09
-17.6414  2.56119e-09
-17.6251  2.92845e-09
-17.6147  8.55517e-09
-17.5956  5.73242e-09
-17.5803  6.85356e-09
-17.5645  2.90652e-09
-17.5534  7.1812e-09
-17.5398  7.87861e-09
-17.5301  2.90453e-09
-17.5132  7.95147e-09
-17.4972  6.5279e-09
-17.4802  5.959e-09
-17.4631  1.33651e-08
-17.4478  1.37161e-08
-17.4332  7.5196e-09
-17.4132  1.14785e-08
-17.4023  5.81421e-09
-17.377  1.40404e-08
-17.3656  7.22728e-09
-17.3525  5.70843e-09
-17.3338  1.45263e-08
-17.3124  5.94462e-09
-17.2973  1.36606e-08
-17.2833  1.75552e-08
-17.2703  3.59172e-09
-17.2644  9.23203e-09
-17.251  8.56733e-09
-17.2403  1.74129e-08
-17.2214  9.00118e-09
-17.2  1.5326e-08
-17.1893  1.34471e-08
-17.1787  7.54194e-09
-17.16  2.41361e-08
-17.1437  8.56146e-09
-17.1315  1.7575e-08
-17.1188  1.48556e-08
-17.1022  4.40526e-09
-17.0918  4.46208e-09
-17.0789  1.67587e-08
-17.0696  1.53572e-08
-17.0564  1.78965e-08
-17.0442  1.28372e-08
-17.0311  1.93287e-08
-17.0172  1.23073e-08
-17.0008  2.49055e-08
-16.9812  1.97566e-08
-16.9712  2.24722e-08
-16.9601  1.63229e-08
-16.943  2.27108e-08
-16.9263  1.51972e-08
-16.9175  1.3909e-08
-16.9007  1.90041e-08
-16.8846  2.18553e-08
-16.8712  3.41136e-08
-16.8616  1.88748e-08
-16.8473  1.83253e-08
-16.8345  1.07142e-08
-16.8265  1.23077e-08
-16.8175  1.13493e-08
-16.8027  2.54881e-08
-16.7913  4.33164e-08
-16.7819  1.54755e-08
-16.7703  8.80409e-09
-16.76  2.1349e-08
-16.7468  4.56901e-08
-16.7334  1.81867e-08
-16.721  2.69004e-08
-16.7094  3.51912e-09
-16.6996  2.83377e-08
-16.6843  4.34227e-08
-16.6729  1.86537e-08
-16.6646  2.5393e-08
-16.6532  2.07245e-08
-16.6406  2.66315e-08
-16.6262  1.16041e-08
-16.6159  3.6054e-08
-16.6046  2.41548e-08
-16.5887  7.91307e-08
-16.5766  2.96994e-08
-16.5659  3.29016e-08
-16.5505  1.96382e-08
-16.5388  2.16659e-08
-16.5275  2.32491e-08
-16.5133  4.41075e-08
-16.5072  3.92144e-08
-16.4919  3.78842e-08
-16.4806  1.82657e-08
-16.4695  5.78595e-08
-16.4601  3.82827e-08
-16.4486  1.56781e-08
-16.436  2.62673e-08
-16.4244  4.76479e-08
-16.4102  6.16484e-08
-16.3997  3.46735e-08
-16.3884  4.3531e-08
-16.3773  3.92218e-08
-16.3641  4.0612e-08
-16.355  4.30737e-08
-16.3427  4.31433e-08
-16.3339  4.78121e-08
-16.3248  3.34499e-08
-16.3136  3.973e-08
-16.3033  3.06729e-08
-16.2899  7.8639e-08
-16.2798  2.66021e-08
-16.2667  3.17782e-08
-16.258  5.58802e-08
-16.2473  5.55852e-08
-16.2346  4.88144e-08
-16.2219  3.77416e-08
-16.2118  6.19056e-08
-16.2021  7.24685e-08
-16.1904  6.27419e-08
-16.1792  6.61841e-08
-16.171  4.08262e-08
-16.1586  5.09626e-08
-16.1485  3.96403e-08
-16.1364  7.66177e-08
-16.1258  3.42637e-08
-16.115  8.23232e-08
-16.1041  7.73912e-08
-16.0928  5.27374e-08
-16.0833  5.04489e-08
-16.073  7.74231e-08
-16.0627  7.44949e-08
-16.0491  8.7277e-08
-16.039  5.52125e-08
-16.03  4.74679e-08
-16.0165  7.79245e-08
-16.0055  8.42229e-08
-15.9969  3.39439e-08
-15.9867  7.0447e-08
-15.9766  6.76917e-08
-15.9659  1.01262e-07
-15.9552  8.91017e-08
-15.9404  6.09141e-08
-15.9316  1.062e-07
-15.9195  1.10239e-07
-15.9081  5.16755e-08
-15.8961  8.93806e-08
-15.8862  8.76983e-08
-15.8746  1.21966e-07
-15.861  1.05515e-07
-15.8507  8.35132e-08
-15.8391  7.69754e-08
-15.8299  7.12174e-08
-15.8183  1.22855e-07
-15.8049  8.91885e-08
-15.7963  1.44956e-07
-15.7838  1.23065e-07
-15.7723  7.66478e-08
-15.763  8.4328e-08
-15.7525  1.1892e-07
-15.7413  1.11172e-07
-15.7286  1.01619e-07
-15.7178  1.19183e-07
-15.7089  1.60592e-07
-15.6958  1.34814e-07
-15.6842  1.15473e-07
-15.6737  1.1061e-07
-15.6633  9.70239e-08
-15.6523  1.25275e-07
-15.6428  1.26083e-07
-15.6331  1.04031e-07
-15.621  1.09677e-07
-15.61  1.76386e-07
-15.5992  1.70443e-07
-15.59  1.08456e-07
-15.5781  1.01431e-07
-15.5666  1.17778e-07
-15.5567  1.73807e-07
-15.5475  1.4669e-07
-15.5369  1.62705e-07
-15.5242  1.95699e-07
-15.5139  1.1516e-07
-15.5027  1.77261e-07
-15.4927  1.75714e-07
-15.481  1.70966e-07
-15.4695  2.02933e-07
-15.4602  1.20065e-07
-15.446  1.2888e-07
-15.436  1.58806e-07
-15.4248  2.39602e-07
-15.4157  1.88723e-07
-15.4036  1.57077e-07
-15.3942  1.89206e-07
-15.3842  1.93984e-07
-15.373  2.26411e-07
-15.3616  1.26643e-07
-15.3507  1.79529e-07
-15.3395  2.24904e-07
-15.3294  1.54195e-07
-15.3189  2.77154e-07
-15.309  1.90485e-07
-15.2986  1.44355e-07
-15.2886  2.29655e-07
-15.2765  2.17942e-07
-15.2658  2.45208e-07
-15.2547  2.53921e-07
-15.2448  2.43939e-07
-15.2343  1.77184e-07
-15.2226  2.39474e-07
-15.2127  2.7807e-07
-15.2012  2.36747e-07
-15.1914  2.23829e-07
-15.1817  2.22008e-07
-15.171  2.71594e-07
-15.16  1.95615e-07
-15.149  3.02431e-07
-15.1385  3.5189e-07
-15.1277  2.32195e-07
-15.1164  2.66692e-07
-15.1055  3.0074e-07
-15.0946  2.94566e-07
-15.0859  2.53969e-07
-15.0731  2.99221e-07
-15.0631  3.42463e-07
-15.0522  3.02149e-07
-15.0414  2.56843e-07
-15.031  3.19429e-07
-15.0198  3.60102e-07
-15.0088  3.26193e-07
-14.9983  3.08745e-07
-14.9871  3.74417e-07
-14.9763  3.17899e-07
-14.9664  2.4718e-07
-14.9577  3.4423e-07
-14.9446  3.08181e-07
-14.9352  4.45108e-07
-14.925  3.74628e-07
-14.9145  3.58351e-07
-14.9034  3.14668e-07
-14.8933  3.11938e-07
-14.8828  4.33368e-07
-14.8724  4.13811e-07
-14.862  3.97871e-07
-14.8521  3.95587e-07
-14.8404  4.79865e-07
-14.8286  3.39561e-07
-14.8177  4.49182e-07
-14.8082  4.29746e-07
-14.7966  3.88465e-07
-14.785  4.86352e-07
-14.7749  5.12729e-07
-14.7635  3.57519e-07
-14.7544  4.77095e-07
-14.7436  4.40973e-07
-14.7332  5.22172e-07
-14.7231  4.19297e-07
-14.7113  4.89353e-07
-14.6998  5.44423e-07
-14.6896  5.02161e-07
-14.6799  5.65628e-07
-14.6686  4.68112e-07
-14.6583  5.12456e-07
-14.6466  5.23357e-07
-14.6363  5.4204e-07
-14.6248  5.82465e-07
-14.615  4.18202e-07
-14.6048  6.85214e-07
-14.5946  6.01038e-07
-14.5831  5.54325e-07
-14.5712  6.74721e-07
-14.5607  5.60838e-07
-14.5498  5.3479e-07
-14.5401  5.20773e-07
-14.5302  6.8885e-07
-14.5204  6.45083e-07
-14.5096  7.15569e-07
-14.4988  5.93288e-07
-14.4873  6.16567e-07
-14.4767  7.15737e-07
-14.4659  6.19926e-07
-14.4558  7.05225e-07
-14.4457  6.70805e-07
-14.4355  7.10705e-07
-14.4241  7.66419e-07
-14.4142  6.78096e-07
-14.4033  7.63616e-07
-14.3926  8.16466e-07
-14.3813  8.02315e-07
-14.3714  6.23944e-07
-14.3608  7.22537e-07
-14.3506  8.39278e-07
-14.3406  6.27688e-07
-14.3302  9.29983e-07
-14.3193  8.82954e-07
-14.3081  8.55026e-07
-14.2973  8.7673e-07
-14.2856  9.64123e-07
-14.2748  8.4338e-07
-14.265  8.6782e-07
-14.2541  6.75539e-07
-14.2437  1.03098e-06
-14.2314  1.17581e-06
-14.2217  8.24044e-07
-14.2112  8.98013e-07
-14.2009  9.6815e-07
-14.1901  1.03251e-06
-14.179  8.87789e-07
-14.1679  1.12774e-06
-14.1567  1.02499e-06
-14.1464  1.06196e-06
-14.1357  1.04152e-06
-14.1252  9.46522e-07
-14.1148  1.16616e-06
-14.1036  1.14815e-06
-14.0937  9.80874e-07
-14.0828  1.13455e-06
-14.0715  1.23726e-06
-14.0609  1.28468e-06
-14.0496  1.24472e-06
-14.0387  1.10557e-06
-14.0283  1.08491e-06
-14.018  1.33074e-06
-14.0068  1.23011e-06
-13.9963  1.39063e-06
-13.986  1.2609e-06
-13.9756  1.06433e-06
-13.9649  1.26014e-06
-13.9537  1.47295e-06
-13.9435  1.42572e-06
-13.9325  1.31122e-06
-13.9213  1.32287e-06
-13.9111  1.47808e-06
-13.9  1.36364e-06
-13.8897  1.65127e-06
-13.8778  1.38609e-06
-13.8678  1.60836e-06
-13.8557  1.4631e-06
-13.845  1.51715e-06
-13.835  1.49327e-06
-13.8241  1.58968e-06
-13.8132  1.80049e-06
-13.8026  1.35277e-06
-13.7918  1.83468e-06
-13.7809  1.73152e-06
-13.7692  1.77331e-06
-13.7588  1.47474e-06
-13.7482  1.69383e-06
-13.7383  1.90428e-06
-13.7273  1.77521e-06
-13.717  1.70041e-06
-13.7059  1.72159e-06
-13.6953  1.76384e-06
-13.6856  1.89314e-06
-13.6742  1.81749e-06
-13.664  1.97288e-06
-13.6535  2.00414e-06
-13.6425  1.83511e-06
-13.6325  1.74306e-06
-13.6217  2.01493e-06
-13.6111  2.16564e-06
-13.6009  2.13348e-06
-13.5908  2.05353e-06
-13.5795  1.80546e-06
-13.5698  2.108e-06
-13.5591  2.141e-06
-13.5489  2.15192e-06
-13.538  2.37786e-06
-13.5273  2.17575e-06
-13.5166  2.24492e-06
-13.5066  2.20779e-06
-13.4955  2.52634e-06
-13.4848  2.21188e-06
-13.4752  2.25022e-06
-13.4642  2.10466e-06
-13.4539  2.55032e-06
-13.4436  2.68356e-06
-13.433  2.38445e-06
-13.4219  2.60784e-06
-13.412  2.57033e-06
-13.4018  2.62481e-06
-13.3909  2.51511e-06
-13.381  2.27021e-06
-13.3705  2.76295e-06
-13.3598  2.82029e-06
-13.3496  2.78011e-06
-13.3389  2.42323e-06
-13.3287  3.44901e-06
-13.3178  2.57055e-06
-13.3073  2.87671e-06
-13.2968  2.86166e-06
-13.2861  2.89914e-06
-13.2756  3.02412e-06
-13.2652  2.88364e-06
-13.2547  3.23322e-06
-13.2436  3.27285e-06
-13.2333  3.24739e-06
-13.2226  3.17327e-06
-13.2121  2.74783e-06
-13.2025  3.64723e-06
-13.1916  3.29915e-06
-13.1808  3.13912e-06
-13.171  3.13188e-06
-13.1602  3.59164e-06
-13.1499  3.1653e-06
-13.1397  3.6068e-06
-13.1294  3.57886e-06
-13.1188  3.90862e-06
-13.108  3.45547e-06
-13.0978  3.35268e-06
-13.0871  3.82443e-06
-13.0767  3.95524e-06
-13.0665  3.40106e-06
-13.0557  4.17689e-06
-13.0455  3.87947e-06
-13.0346  3.79428e-06
-13.0246  4.03358e-06
-13.0139  4.1264e-06
-13.0035  3.74996e-06
-12.993  4.31996e-06
-12.9825  3.99791e-06
-12.9723  4.35872e-06
-12.9621  3.93435e-06
-12.9518  4.69926e-06
-12.9414  4.05836e-06
-12.9309  4.50182e-06
-12.9205  4.46672e-06
-12.9098  4.65852e-06
-12.8994  4.4481e-06
-12.889  4.54741e-06
-12.8785  4.59693e-06
-12.8681  5.02982e-06
-12.8578  4.77738e-06
-12.8473  4.72245e-06
-12.8373  4.56541e-06
-12.8263  5.64028e-06
-12.8156  4.55751e-06
-12.8054  5.14909e-06
-12.7954  4.82171e-06
-12.7844  5.45028e-06
-12.774  4.95791e-06
-12.7641  5.48724e-06
-12.7536  5.1992e-06
-12.7431  5.77582e-06
-12.7328  5.4702e-06
-12.7227  5.17973e-06
-12.7124  5.35202e-06
-12.702  5.7814e-06
-12.692  5.71821e-06
-12.6811  5.62975e-06
-12.6714  5.89026e-06
-12.6609  5.77951e-06
-12.6504  6.37729e-06
-12.6394  5.71856e-06
-12.6298  5.74452e-06
-12.6194  6.82947e-06
-12.6097  5.62048e-06
-12.599  6.24636e-06
-12.5886  6.13485e-06
-12.5788  6.63656e-06
-12.5681  7.0933e-06
-12.5572  6.47232e-06
-12.5474  6.46546e-06
-12.5368  6.80076e-06
-12.5264  6.83308e-06
-12.5162  6.76475e-06
-12.5062  6.63372e-06
-12.4958  7.22068e-06
-12.4856  6.99425e-06
-12.4752  6.83959e-06
-12.4652  7.84436e-06
-12.4545  7.17752e-06
-12.4447  6.75117e-06
-12.4342  7.72296e-06
-12.4239  7.57073e-06
-12.4138  7.48465e-06
-12.4038  7.99871e-06
-12.3931  7.52914e-06
-12.383  7.76105e-06
-12.3728  8.21497e-06
-12.3627  7.92772e-06
-12.352  7.84348e-06
-12.3418  9.21256e-06
-12.3315  7.9379e-06
-12.3212  8.20733e-06
-12.3111  8.67998e-06
-12.3006  8.67812e-06
-12.2899  8.71903e-06
-12.2799  9.04763e-06
-12.269  9.03551e-06
-12.259  9.16725e-06
-12.249  8.5021e-06
-12.2387  9.20398e-06
-12.2285  8.84822e-06
-12.2183  1.01806e-05
-12.2078  9.13006e-06
-12.1972  9.48981e-06
-12.187  1.01759e-05
-12.1765  9.05817e-06
-12.1664  1.01115e-05
-12.1565  1.0058e-05
-12.1464  9.11555e-06
-12.1358  1.1125e-05
-12.1259  9.80726e-06
-12.1154  1.03352e-05
-12.1053  9.95921e-06
-12.0952  1.06117e-05
-12.0851  1.05353e-05
-12.0745  1.11976e-05
-12.0646  1.13224e-05
-12.0543  1.00827e-05
-12.0442  1.13078e-05
-12.0342  1.10178e-05
-12.024  1.07794e-05
-12.0134  1.22739e-05
-12.0035  1.16199e-05
-11.9931  1.06017e-05
-11.983  1.26292e-05
-11.9725  1.17864e-05
-11.9624  1.22219e-05
-11.9519  1.19873e-05
-11.9422  1.2637e-05
-11.9318  1.14196e-05
-11.9216  1.33848e-05
-11.9111  1.29181e-05
-11.901  1.22013e-05
-11.8903  1.36126e-05
-11.8805  1.33552e-05
-11.8702  1.24746e-05
-11.8601  1.32674e-05
-11.8498  1.33836e-05
-11.8396  1.34807e-05
-11.8292  1.40355e-05
-11.819  1.37309e-05
-11.8089  1.29759e-05
-11.7989  1.57771e-05
-11.7884  1.4019e-05
-11.7784  1.35039e-05
-11.7683  1.41849e-05
-11.7579  1.61761e-05
-11.7479  1.36382e-05
-11.7374  1.60025e-05
-11.7271  1.45703e-05
-11.7171  1.54974e-05
-11.7068  1.52287e-05
-11.6965  1.66019e-05
-11.6863  1.44423e-05
-11.6763  1.64886e-05
-11.6662  1.57023e-05
-11.6559  1.6169e-05
-11.6456  1.64491e-05
-11.6353  1.73235e-05
-11.6253  1.58911e-05
-11.615  1.66314e-05
-11.605  1.69304e-05
-11.5946  1.79055e-05
-11.5844  1.73683e-05
-11.5742  1.73832e-05
-11.5643  1.62702e-05
-11.554  1.84362e-05
-11.5442  1.83628e-05
-11.5336  1.72202e-05
-11.5238  1.79638e-05
-11.5134  1.95912e-05
-11.5034  1.78086e-05
-11.493  1.88479e-05
-11.4831  1.98722e-05
-11.4728  1.90184e-05
-11.4623  1.93883e-05
-11.4522  1.88563e-05
-11.4424  1.97391e-05
-11.4319  2.0469e-05
-11.4218  2.10958e-05
-11.4114  1.91299e-05
-11.4014  2.11446e-05
-11.3912  2.04969e-05
-11.381  2.14865e-05
-11.3707  2.0303e-05
-11.3606  2.23906e-05
-11.3498  2.26651e-05
-11.3392  2.21562e-05
-11.3288  2.3296e-05
-11.3186  2.0573e-05
-11.3087  2.16659e-05
-11.2987  2.37822e-05
-11.2884  2.24571e-05
-11.2781  2.33568e-05
-11.268  2.25632e-05
-11.2577  2.29637e-05
-11.2478  2.42165e-05
-11.2376  2.4061e-05
-11.2275  2.31538e-05
-11.2172  2.49198e-05
-11.2073  2.40259e-05
-11.1969  2.48559e-05
-11.187  2.40763e-05
-11.1767  2.61148e-05
-11.1666  2.41852e-05
-11.1564  2.63982e-05
-11.1463  2.57315e-05
-11.1358  2.64398e-05
-11.1258  2.7031e-05
-11.1157  2.54175e-05
-11.1054  2.67121e-05
-11.0951  2.79724e-05
-11.0853  2.71197e-05
-11.0749  2.72082e-05
-11.0648  2.75754e-05
-11.0544  2.78035e-05
-11.0443  3.01008e-05
-11.0337  2.89969e-05
-11.0238  2.78025e-05
-11.0134  2.88843e-05
-11.0034  3.01845e-05
-10.9933  2.73511e-05
-10.983  3.15898e-05
-10.9728  3.05284e-05
-10.9627  2.92302e-05
-10.9526  3.00471e-05
-10.9424  3.27628e-05
-10.9322  2.98909e-05
-10.922  3.31657e-05
-10.912  2.95787e-05
-10.9017  3.19676e-05
-10.8916  3.21508e-05
-10.8815  3.39063e-05
-10.8715  3.14016e-05
-10.861  3.40326e-05
-10.8511  3.24897e-05
-10.8408  3.38818e-05
-10.8308  3.3772e-05
-10.8205  3.47218e-05
-10.8106  3.35541e-05
-10.8002  3.55176e-05
-10.7905  3.41472e-05
-10.7799  3.64082e-05
-10.7695  3.77158e-05
-10.759  3.6643e-05
-10.7488  3.68665e-05
-10.7384  3.64054e-05
-10.7286  3.70404e-05
-10.718  3.86001e-05
-10.708  3.6938e-05
-10.6977  3.83636e-05
-10.6877  3.89341e-05
-10.6775  3.67614e-05
-10.6675  3.97199e-05
-10.6571  3.93091e-05
-10.6471  3.96659e-05
-10.637  3.9145e-05
-10.6269  4.1777e-05
-10.6166  3.93711e-05
-10.6068  4.10582e-05
-10.5965  4.09746e-05
-10.5863  4.22563e-05
-10.5763  3.98759e-05
-10.5661  4.56472e-05
-10.556  3.97578e-05
-10.546  4.38389e-05
-10.536  4.27362e-05
-10.5257  4.42264e-05
-10.5157  4.17459e-05
-10.5054  4.89873e-05
-10.4952  4.08524e-05
-10.4852  4.69739e-05
-10.4751  4.50086e-05
-10.4646  4.67023e-05
-10.4549  4.40059e-05
-10.4445  5.07286e-05
-10.4345  4.32929e-05
-10.4243  4.86433e-05
-10.4142  4.84952e-05
-10.4041  4.64862e-05
-10.3942  4.6805e-05
-10.3839  5.23474e-05
-10.3737  4.70185e-05
-10.3637  4.86687e-05
-10.3538  5.24474e-05
-10.3435  4.76496e-05
-10.3335  5.19151e-05
-10.3232  5.30768e-05
-10.3127  5.52265e-05
-10.3021  5.05338e-05
-10.2921  5.61289e-05
-10.2817  4.8808e-05
-10.2718  5.50917e-05
-10.2612  6.08141e-05
-10.2505  5.32159e-05
-10.2401  5.52246e-05
-10.2303  5.58436e-05
-10.22  5.40648e-05
-10.2095  6.13351e-05
-10.1991  5.75059e-05
-10.1887  5.64627e-05
-10.1786  5.54673e-05
-10.169  5.90484e-05
-10.1585  5.80464e-05
-10.1482  6.00282e-05
-10.1386  5.72186e-05
-10.1283  5.9639e-05
-10.1181  5.92356e-05
-10.1082  6.34019e-05
-10.0979  5.80543e-05
-10.0878  6.17435e-05
-10.078  6.21428e-05
-10.0677  6.28685e-05
-10.0576  6.23249e-05
-10.0476  6.39896e-05
-10.0374  6.24548e-05
-10.0271  6.50218e-05
-10.0174  6.63506e-05
-10.007  6.38351e-05
-9.99699  6.48523e-05
-9.98702  6.68486e-05
-9.97667  6.80725e-05
-9.96642  6.53572e-05
-9.95668  7.22216e-05
-9.94616  6.70516e-05
-9.9361  6.83295e-05
-9.92611  6.89309e-05
-9.91576  7.14222e-05
-9.90554  7.03931e-05
-9.89577  7.24177e-05
-9.88539  6.8693e-05
-9.87526  7.36422e-05
-9.8654  7.20722e-05
-9.85493  7.66471e-05
-9.84473  6.96685e-05
-9.8349  7.61332e-05
-9.82454  7.39963e-05
-9.8144  7.58268e-05
-9.80461  7.53327e-05
-9.79401  7.8516e-05
-9.78411  7.23801e-05
-9.77422  8.13502e-05
-9.76404  7.60202e-05
-9.75388  7.92549e-05
-9.74408  7.82131e-05
-9.73362  7.98651e-05
-9.72378  7.77354e-05
-9.71332  9.00194e-05
-9.70262  8.29478e-05
-9.69231  8.17385e-05
-9.68252  8.19813e-05
-9.67222  8.32341e-05
-9.66213  8.29514e-05
-9.65204  8.76446e-05
-9.64193  8.47471e-05
-9.63159  8.41016e-05
-9.62174  8.86462e-05
-9.61131  8.62415e-05
-9.60142  8.59843e-05
-9.5914  9.03865e-05
-9.58111  8.86776e-05
-9.57096  8.68296e-05
-9.56131  9.17744e-05
-9.55085  9.27381e-05
-9.54073  8.77366e-05
-9.53071  9.436e-05
-9.52054  9.45992e-05
-9.51031  8.95676e-05
-9.50052  9.52223e-05
-9.49026  9.59495e-05
-9.48003  9.33499e-05
-9.46973  0.000104829
-9.45917  9.46043e-05
-9.44902  9.70349e-05
-9.4391  9.95094e-05
-9.42902  9.73396e-05
-9.41881  9.64739e-05
-9.40899  0.000102291
-9.39875  0.000101163
-9.38861  0.000100366
-9.37855  0.000101648
-9.36855  0.000103972
-9.35824  9.98973e-05
-9.34836  0.000109011
-9.33808  0.000102453
-9.32786  0.000105747
-9.31788  0.000108036
-9.30784  0.00010689
-9.29745  0.000104443
-9.28759  0.000112956
-9.27748  0.000107027
-9.26726  0.000110199
-9.25721  0.000110059
-9.24712  0.000114295
-9.23629  0.00011906
-9.22596  0.000118019
-9.21576  0.000110348
-9.20546  0.000116203
-9.19544  0.000113517
-9.18558  0.000117022
-9.17459  0.000127392
-9.16415  0.00012309
-9.15347  0.000125915
-9.14277  0.000120939
-9.13262  0.000121847
-9.12268  0.000118434
-9.1124  0.000121158
-9.10237  0.000127579
-9.09219  0.000119727
-9.08157  0.000137013
-9.071  0.000125781
-9.06098  0.000122983
-9.05078  0.000125836
-9.04062  0.000134648
-9.0305  0.000121611
-9.02031  0.000131836
-9.01026  0.000130899
-9.00023  0.000128156
-8.98998  0.00013086
-8.97952  0.000148327
-8.96907  0.000126042
-8.95895  0.000135775
-8.94893  0.00013558
-8.93875  0.000134268
-8.92871  0.000137799
-8.91852  0.000139588
-8.90855  0.000134031
-8.89825  0.000138912
-8.88832  0.000145763
-8.8782  0.000134344
-8.86821  0.000141353
-8.85791  0.00014796
-8.84797  0.000140115
-8.83761  0.00014768
-8.82767  0.000145088
-8.81754  0.000141931
-8.80754  0.000149238
-8.7973  0.000149104
-8.78731  0.000147483
-8.77719  0.000147929
-8.76713  0.000156818
-8.75706  0.000144137
-8.74701  0.000153045
-8.73677  0.000157195
-8.72678  0.000154282
-8.71659  0.000153821
-8.70635  0.000161392
-8.6964  0.000149059
-8.6863  0.000164176
-8.67616  0.000158732
-8.66608  0.000158091
-8.65597  0.000159132
-8.64587  0.000164074
-8.63593  0.000161158
-8.62575  0.000164885
-8.61566  0.000163906
-8.60567  0.000165591
-8.59557  0.000163934
-8.58546  0.000169176
-8.57549  0.000168468
-8.56533  0.000169193
-8.55523  0.000172178
-8.54515  0.000169524
-8.53511  0.000171869
-8.52496  0.000176317
-8.51487  0.000176451
-8.50468  0.00017427
-8.49446  0.000179579
-8.48444  0.000176747
-8.47436  0.000178252
-8.4642  0.000180351
-8.45419  0.00018313
-8.44409  0.000177991
-8.43396  0.000184645
-8.42395  0.000184158
-8.41379  0.000187036
-8.40356  0.000184622
-8.39361  0.000186675
-8.38363  0.000185725
-8.37336  0.000191797
-8.36343  0.00018998
-8.35276  0.000208968
-8.34218  0.000192435
-8.33208  0.000196893
-8.32207  0.0001894
-8.31182  0.000200518
-8.30187  0.000196697
-8.29123  0.000215735
-8.28064  0.000197333
-8.27059  0.00020391
-8.26046  0.000198707
-8.25023  0.00020785
-8.24023  0.000204315
-8.22952  0.00022227
-8.21897  0.000207105
-8.20883  0.00021105
-8.19873  0.000204516
-8.18815  0.000228167
-8.17776  0.000212659
-8.16761  0.000207796
-8.15755  0.000214471
-8.14741  0.000218486
-8.13733  0.000211286
-8.12712  0.000218414
-8.11722  0.000216924
-8.10706  0.000214994
-8.09701  0.000221863
-8.08698  0.000223539
-8.07686  0.000216718
-8.0667  0.000225639
-8.05673  0.000228051
-8.04655  0.000221781
-8.03601  0.000247637
-8.02551  0.000232422
-8.01534  0.000224604
-8.0052  0.000234852
-7.9952  0.000231993
-7.98508  0.000230736
-7.97487  0.000237186
-7.96494  0.000236948
-7.95473  0.0002319
-7.94465  0.000243504
-7.93455  0.000240416
-7.92445  0.000235131
-7.91431  0.000245304
-7.90435  0.000242566
-7.89424  0.000239265
-7.88418  0.000250077
-7.87405  0.000244903
-7.86407  0.000243525
-7.85378  0.000255873
-7.84382  0.000251187
-7.83377  0.000240279
-7.8236  0.000265327
-7.81345  0.000249796
-7.8034  0.00025504
-7.79314  0.000258153
-7.78325  0.000259895
-7.77311  0.000249036
-7.76307  0.000268798
-7.75293  0.00025996
-7.74285  0.000262353
-7.73258  0.000267604
-7.72203  0.000293095
-7.71132  0.000264482
-7.70119  0.000273832
-7.69122  0.000262986
-7.68105  0.000274275
-7.67084  0.000273643
-7.66081  0.000273401
-7.65071  0.000271575
-7.64045  0.000283655
-7.63053  0.000267376
-7.62041  0.000280917
-7.61025  0.000282772
-7.60019  0.00027754
-7.59013  0.00028227
-7.57987  0.000289162
-7.56992  0.000278606
-7.5598  0.000286245
-7.5497  0.000289652
-7.53964  0.00028623
-7.52967  0.000285434
-7.51946  0.000296518
-7.50947  0.000290397
-7.49926  0.00029613
-7.48916  0.000297124
-7.47916  0.000292935
-7.46864  0.000323023
-7.45788  0.000309459
-7.44739  0.000324094
-7.43685  0.000300435
-7.42674  0.0003114
-7.41651  0.000298145
-7.40622  0.000328869
-7.39565  0.000314771
-7.38553  0.000306479
-7.3755  0.000307663
-7.36538  0.000319071
-7.35518  0.000309308
-7.34528  0.000311338
-7.33511  0.000320441
-7.325  0.000318569
-7.31446  0.000344372
-7.30395  0.000324755
-7.29376  0.000319494
-7.28376  0.000325737
-7.27357  0.000327564
-7.26345  0.0003235
-7.25343  0.000326573
-7.2434  0.000331087
-7.23319  0.000331694
-7.22324  0.000326067
-7.21315  0.000332936
-7.20302  0.000340991
-7.19294  0.000329943
-7.1824  0.000375381
-7.17162  0.000343409
-7.16163  0.000336187
-7.15154  0.000344566
-7.14141  0.000343512
-7.13139  0.00034291
-7.12136  0.000346225
-7.11117  0.000350594
-7.10124  0.000343806
-7.09056  0.000389758
-7.08001  0.000352145
-7.06997  0.000352132
-7.05989  0.000353691
-7.04971  0.000364123
-7.03971  0.000350595
-7.02956  0.000366726
-7.01941  0.000363339
-7.00927  0.000363052
-6.99879  0.000393386
-6.98818  0.000376477
-6.97818  0.000355236
-6.96809  0.000374288
-6.95801  0.000371711
-6.94788  0.000370068
-6.93793  0.000367261
-6.92768  0.000391521
-6.91767  0.000365598
-6.90748  0.00038479
-6.89745  0.000377243
-6.88729  0.000384125
-6.87721  0.000383067
-6.86695  0.000395453
-6.85703  0.000369689
-6.84689  0.000396442
-6.83673  0.000393445
-6.82661  0.00038414
-6.81664  0.000393032
-6.80642  0.000400868
-6.79609  0.000413759
-6.7855  0.000406339
-6.77539  0.00040231
-6.7653  0.000389777
-6.75533  0.00040565
-6.74516  0.00040255
-6.73521  0.000397703
-6.72501  0.000410923
-6.71493  0.000415653
-6.70484  0.000392631
-6.69485  0.000421829
-6.68458  0.000414046
-6.6746  0.000401585
-6.66454  0.0004205
-6.65437  0.000424797
-6.64431  0.00040532
-6.63422  0.000428183
-6.62403  0.000423074
-6.61404  0.00041566
-6.60393  0.000428291
-6.59372  0.000432651
-6.58333  0.000445848
-6.57284  0.00044149
-6.56267  0.000430514
-6.55254  0.000427187
-6.54251  0.000432044
-6.53237  0.00044503
-6.52227  0.000425509
-6.51223  0.000444879
-6.50201  0.000443128
-6.49195  0.000434974
-6.48193  0.000440499
-6.47174  0.000454645
-6.46121  0.000474121
-6.45071  0.000459698
-6.44045  0.000448506
-6.43039  0.000445173
-6.42035  0.000451636
-6.41024  0.000462213
-6.40012  0.000443057
-6.39015  0.000460946
-6.38  0.000452962
-6.36999  0.000462185
-6.35987  0.000464086
-6.3492  0.000509405
-6.33862  0.000459344
-6.32858  0.000471047
-6.31842  0.000468265
-6.30831  0.000471735
-6.29824  0.000461909
-6.28813  0.000486622
-6.27799  0.000460712
-6.26802  0.000478576
-6.25752  0.000510878
-6.24701  0.000489284
-6.23639  0.000514086
-6.22585  0.00049211
-6.21571  0.000475947
-6.20576  0.00048552
-6.19555  0.000492203
-6.185  0.000531143
-6.17445  0.00048187
-6.16439  0.00050675
-6.15416  0.000487312
-6.14417  0.000487579
-6.1335  0.000562188
-6.12232  0.000544419
-6.11166  0.000493405
-6.1017  0.000507444
-6.09151  0.000502492
-6.0814  0.00050032
-6.0714  0.000503831
-6.06136  0.000508908
-6.05112  0.00050544
-6.04117  0.000516158
-6.03097  0.000508372
-6.0209  0.000505385
-6.01087  0.000523119
-6.00074  0.000518091
-5.99049  0.00050981
-5.98055  0.000528821
-5.97034  0.000518738
-5.9603  0.000510695
-5.95021  0.000539511
-5.93974  0.000555029
-5.92919  0.000523234
-5.91928  0.000532757
-5.90904  0.000530399
-5.89897  0.000521796
-5.8885  0.00059162
-5.87782  0.000538293
-5.86707  0.000579452
-5.8567  0.000546749
-5.84653  0.000531268
-5.83637  0.000541073
-5.82638  0.000544414
-5.81634  0.00053585
-5.80617  0.000538352
-5.79631  0.000553224
-5.78608  0.000543473
-5.77543  0.000605214
-5.76499  0.000546851
-5.75489  0.000555759
-5.74466  0.000541249
-5.73484  0.000565511
-5.72459  0.000555911
-5.71445  0.000548843
-5.7046  0.000559323
-5.69444  0.000567852
-5.68419  0.000552185
-5.67428  0.000579385
-5.66409  0.000551466
-5.65407  0.00055664
-5.64422  0.000573526
-5.63393  0.000577168
-5.62378  0.000555575
-5.61389  0.000584213
-5.60364  0.000574241
-5.59352  0.000563415
-5.58365  0.000579694
-5.57343  0.000586891
-5.56326  0.00056268
-5.55346  0.000582257
-5.54323  0.000586965
-5.5332  0.000562776
-5.52334  0.000592352
-5.51307  0.000594995
-5.50291  0.0005716
-5.49315  0.000584826
-5.48283  0.00060966
-5.47279  0.000565675
-5.46285  0.000605757
-5.45257  0.000601808
-5.44253  0.000573215
-5.4327  0.000599686
-5.42238  0.000613759
-5.41236  0.000576597
-5.40242  0.000606284
-5.39216  0.000617644
-5.38206  0.00058451
-5.37216  0.000609226
-5.36188  0.000615623
-5.35189  0.000589772
-5.34197  0.000605356
-5.33171  0.000633568
-5.32161  0.000588371
-5.31164  0.000623291
-5.3008  0.000693271
-5.29005  0.000614086
-5.28007  0.000607268
-5.26985  0.000645711
-5.25965  0.000597957
-5.2498  0.000615208
-5.23963  0.000638338
-5.22954  0.000602007
-5.2197  0.000617938
-5.20945  0.000650548
-5.19932  0.000605095
-5.18941  0.000622671
-5.17925  0.000651121
-5.16907  0.000615878
-5.15917  0.000620653
-5.1489  0.000663826
-5.13884  0.000606245
-5.12891  0.00063318
-5.11876  0.000655404
-5.10856  0.000625971
-5.09863  0.000626369
-5.08839  0.000675552
-5.07831  0.000610805
-5.06833  0.000642856
-5.0582  0.000662021
-5.04764  0.000684394
-5.03727  0.000631859
-5.02706  0.00068661
-5.01688  0.00062015
-5.00692  0.00065146
-4.9968  0.000665182
-4.98658  0.000647771
-4.9766  0.000638154
-4.96643  0.000689508
-4.95628  0.000624773
-4.9463  0.000656652
-4.93614  0.000683745
-4.92593  0.000642799
-4.91606  0.000637474
-4.90593  0.000696437
-4.89577  0.000634418
-4.88575  0.000668455
-4.87568  0.00067073
-4.86554  0.00065774
-4.85564  0.000642193
-4.84552  0.000703721
-4.83541  0.000631284
-4.82552  0.00066766
-4.81541  0.000687756
-4.8052  0.000666043
-4.79521  0.000651972
-4.78505  0.000713104
-4.77485  0.000650401
-4.76483  0.000677742
-4.75467  0.00069514
-4.74448  0.000664016
-4.73457  0.000665401
-4.72444  0.000703394
-4.71431  0.000661537
-4.70428  0.000676943
-4.69416  0.000705782
-4.68396  0.000666272
-4.67406  0.000671639
-4.66387  0.00071349
-4.65374  0.000667743
-4.64371  0.000680039
-4.63362  0.000709256
-4.62337  0.000676295
-4.61349  0.000678392
-4.60333  0.000710754
-4.59319  0.000678407
-4.58316  0.000684724
-4.57306  0.000711678
-4.56289  0.000680403
-4.55297  0.000685863
-4.54279  0.000711628
-4.53273  0.000681968
-4.52278  0.000689153
-4.5126  0.000715932
-4.50248  0.000682641
-4.49256  0.000698152
-4.4824  0.000704361
-4.47231  0.000698948
-4.46234  0.000686373
-4.45221  0.000721669
-4.44207  0.000693571
-4.43212  0.000695313
-4.42201  0.000709487
-4.41186  0.000711431
-4.40189  0.000687876
-4.39177  0.00072312
-4.38162  0.000699188
-4.37163  0.000709327
-4.36146  0.000713052
-4.35089  0.000773632
-4.3404  0.000708093
-4.33027  0.000712623
-4.32016  0.000716974
-4.31016  0.000697694
-4.30003  0.000725146
-4.28991  0.000713983
-4.27949  0.000764404
-4.26898  0.000710251
-4.25883  0.000740062
-4.24875  0.000694512
-4.23874  0.000717612
-4.22861  0.000727856
-4.21854  0.000708895
-4.20851  0.000707533
-4.19841  0.000742981
-4.18832  0.000700236
-4.17823  0.000724509
-4.1681  0.000737638
-4.15795  0.00071189
-4.14798  0.000703223
-4.13791  0.000748947
-4.12784  0.000703143
-4.11773  0.000728021
-4.10762  0.00073363
-4.09755  0.000719741
-4.08748  0.000712716
-4.07741  0.000743068
-4.06738  0.000707876
-4.05725  0.000731469
-4.04715  0.000741232
-4.03713  0.000709069
-4.02705  0.000725458
-4.01695  0.000744739
-4.00684  0.000722119
-3.99674  0.000722096
-3.98673  0.000738009
-3.97666  0.000721709
-3.96661  0.000721066
-3.95654  0.000745743
-3.9465  0.000719431
-3.93644  0.000721076
-3.92638  0.000750381
-3.91629  0.000718487
-3.90624  0.000728521
-3.89611  0.000750325
-3.88602  0.000726411
-3.87597  0.000717107
-3.86591  0.000757008
-3.85579  0.000721526
-3.84571  0.000737156
-3.83562  0.000736304
-3.82559  0.000736189
-3.8155  0.000719128
-3.80499  0.000823709
-3.79438  0.000729472
-3.7843  0.000731452
-3.77421  0.000747122
-3.76412  0.000734789
-3.75402  0.000726157
-3.74399  0.000753123
-3.7339  0.000722799
-3.72388  0.000735931
-3.71379  0.0007417
-3.70366  0.000748588
-3.69362  0.000715098
-3.68354  0.000762472
-3.67339  0.000727686
-3.6633  0.000747728
-3.65317  0.00073478
-3.64313  0.000746271
-3.63306  0.000722907
-3.62297  0.000757149
-3.61286  0.00072973
-3.60282  0.000741335
-3.59273  0.000733958
-3.58264  0.000755083
-3.57256  0.000722673
-3.56248  0.000752273
-3.55233  0.000740278
-3.5423  0.000736169
-3.53225  0.000733747
-3.52218  0.000749119
-3.51217  0.000722012
-3.50207  0.000754651
-3.49192  0.000741468
-3.48188  0.000737528
-3.47172  0.000743153
-3.46151  0.000764839
-3.4514  0.000725183
-3.44123  0.000756474
-3.43108  0.000738766
-3.42108  0.000739308
-3.41094  0.000735146
-3.40088  0.000753654
-3.39083  0.000720998
-3.38075  0.000753427
-3.37056  0.000746889
-3.36052  0.000735415
-3.3504  0.000732336
-3.34026  0.000767228
-3.33024  0.000712552
-3.3202  0.000747054
-3.31005  0.000742574
-3.30009  0.000731028
-3.29007  0.000727614
-3.27991  0.000763105
-3.26994  0.000713755
-3.2598  0.000752761
-3.24967  0.000745677
-3.2396  0.000732663
-3.22956  0.000728971
-3.21938  0.000761177
-3.20942  0.000719976
-3.19924  0.000744926
-3.18912  0.000747112
-3.179  0.000737734
-3.16901  0.000721891
-3.15883  0.000759325
-3.14883  0.000722676
-3.13869  0.000735309
-3.12862  0.00075338
-3.11852  0.000720655
-3.10857  0.000729827
-3.09837  0.00075221
-3.0884  0.000723859
-3.07834  0.000725571
-3.06819  0.000761027
-3.05812  0.000711956
-3.04819  0.000734383
-3.03795  0.000745631
-3.02797  0.000727413
-3.01795  0.000715777
-3.00782  0.000763923
-2.99772  0.000710394
-2.98772  0.000738001
-2.97748  0.000746622
-2.96742  0.000727085
-2.95739  0.000721001
-2.94718  0.000758895
-2.93714  0.000705509
-2.92716  0.000737126
-2.91696  0.000738091
-2.90688  0.000727755
-2.89687  0.000721494
-2.88662  0.000755766
-2.8766  0.000701699
-2.86659  0.000739903
-2.85638  0.00073539
-2.84631  0.000719373
-2.83636  0.000722877
-2.82612  0.000741874
-2.81616  0.000705354
-2.80616  0.000733093
-2.79592  0.00073686
-2.7859  0.000704307
-2.776  0.000727825
-2.76576  0.000735489
-2.75574  0.000706752
-2.74577  0.000727954
-2.73555  0.000731751
-2.72552  0.000707151
-2.71556  0.000727498
-2.70538  0.000723211
-2.69535  0.000710182
-2.68539  0.000725266
-2.67509  0.000731073
-2.66506  0.000707765
-2.65507  0.000724347
-2.64485  0.00072537
-2.63479  0.000703444
-2.62485  0.000727116
-2.61451  0.000729027
-2.60443  0.000706258
-2.59451  0.000716262
-2.58428  0.000721089
-2.57425  0.000701974
-2.5643  0.00072272
-2.55409  0.000709174
-2.54405  0.000708682
-2.53413  0.000713411
-2.52387  0.000718495
-2.51385  0.0006982
-2.50389  0.000717197
-2.49374  0.000707618
-2.48364  0.000705281
-2.47373  0.000711231
-2.46347  0.000710005
-2.45352  0.000693919
-2.44352  0.000719373
-2.43331  0.000705362
-2.42321  0.000697263
-2.41332  0.000715247
-2.40297  0.000709533
-2.39296  0.000695368
-2.38293  0.000711625
-2.37275  0.000704985
-2.36263  0.000694743
-2.35269  0.00071464
-2.34237  0.000696417
-2.33239  0.000699723
-2.32233  0.000703731
-2.31222  0.000695974
-2.30211  0.000691604
-2.29219  0.000709335
-2.2819  0.000692445
-2.27186  0.000697803
-2.26186  0.000694757
-2.25171  0.000699234
-2.24156  0.000690728
-2.23161  0.000699915
-2.22141  0.00068594
-2.21138  0.000693264
-2.20135  0.000698491
-2.19115  0.000688732
-2.18108  0.00068535
-2.17111  0.000696754
-2.16092  0.000686064
-2.15083  0.000687272
-2.14084  0.000692552
-2.13064  0.000686394
-2.12054  0.000686302
-2.11052  0.000689525
-2.10041  0.000678775
-2.09033  0.000683776
-2.08033  0.000686141
-2.0702  0.000677213
-2.06014  0.000681278
-2.05013  0.000681635
-2.04003  0.000681631
-2.02992  0.000674015
-2.01994  0.000684811
-2.00978  0.000675717
-1.99967  0.000681042
-1.98963  0.000676064
-1.97947  0.000686682
-1.96932  0.000665714
-1.95895  0.000734264
-1.94834  0.000679684
-1.93828  0.000664928
-1.92824  0.000676533
-1.91812  0.000678305
-1.908  0.000658296
-1.89804  0.000678332
-1.8879  0.000665284
-1.87786  0.000665226
-1.86782  0.000669256
-1.85773  0.000673322
-1.8476  0.000657102
-1.83756  0.000675656
-1.82742  0.000666072
-1.81731  0.000661238
-1.80728  0.000663888
-1.79718  0.000670134
-1.78707  0.000649279
-1.77706  0.000670192
-1.76695  0.000663147
-1.75678  0.000657831
-1.74674  0.000660677
-1.7366  0.000670821
-1.72643  0.000650664
-1.71637  0.00065986
-1.70629  0.000662822
-1.69615  0.000648579
-1.68609  0.000660545
-1.67597  0.000660976
-1.66586  0.000642678
-1.65533  0.000721406
-1.6448  0.000653149
-1.63463  0.000648575
-1.62462  0.000644787
-1.61466  0.000653008
-1.60451  0.000642534
-1.59451  0.000645615
-1.5845  0.000647779
-1.5744  0.000644476
-1.56433  0.000644062
-1.55427  0.000657406
-1.54401  0.000638906
-1.53404  0.000644502
-1.52396  0.000648691
-1.51378  0.000642396
-1.50366  0.000640932
-1.49363  0.000653712
-1.48329  0.000644708
-1.47321  0.000642204
-1.46315  0.000634805
-1.45303  0.000644735
-1.44289  0.000634179
-1.4329  0.000642044
-1.42274  0.000626489
-1.41269  0.000647933
-1.4026  0.000629256
-1.39244  0.000640229
-1.38241  0.000620714
-1.37246  0.000641299
-1.3623  0.000622486
-1.35226  0.000634703
-1.34224  0.000629996
-1.33153  0.000699236
-1.32104  0.00061455
-1.31107  0.000632714
-1.30089  0.000631118
-1.29075  0.000629772
-1.28077  0.000623505
-1.2705  0.000640972
-1.26042  0.000613081
-1.25041  0.000629478
-1.24027  0.000626741
-1.23012  0.00062521
-1.22014  0.000614657
-1.20997  0.000633772
-1.19984  0.00061954
-1.18977  0.000620707
-1.17965  0.000626072
-1.1695  0.00061854
-1.15951  0.000613597
-1.14937  0.000625414
-1.13923  0.000618922
-1.12922  0.000608976
-1.11912  0.000626229
-1.10895  0.000613973
-1.09899  0.000605371
-1.08887  0.000624711
-1.07879  0.000608643
-1.06881  0.000603635
-1.05871  0.000625994
-1.04856  0.000604941
-1.0386  0.000606375
-1.02845  0.000621046
-1.01836  0.00060512
-1.00836  0.000603559
-0.998207  0.000624051
-0.988045  0.000603832
-0.978017  0.000606639
-0.967865  0.000617739
-0.957733  0.000603247
-0.94776  0.000595733
-0.937645  0.000621387
-0.927555  0.000592698
-0.917571  0.000601891
-0.90747  0.000613647
-0.897342  0.000598047
-0.887369  0.000596104
-0.877216  0.000617835
-0.867162  0.000587443
-0.857151  0.000602333
-0.84703  0.000609978
-0.836915  0.000595627
-0.826927  0.000591241
-0.816815  0.000613562
-0.806767  0.000585261
-0.796772  0.000597167
-0.786607  0.000612562
-0.776488  0.000588969
-0.766431  0.000599826
-0.756274  0.000607304
-0.746161  0.00058787
-0.736196  0.000590297
-0.726081  0.000607252
-0.715433  0.000649662
-0.704923  0.000586945
-0.694896  0.000601974
-0.684753  0.000590017
-0.674741  0.000586851
-0.664711  0.000598625
-0.654608  0.000585779
-0.644606  0.000589313
-0.634526  0.000597958
-0.624408  0.000587137
-0.614364  0.000589359
-0.60428  0.000596818
-0.594134  0.00058827
-0.584091  0.000587673
-0.573987  0.000597051
-0.563847  0.00058725
-0.553795  0.000585169
-0.543742  0.000592913
-0.533604  0.000587026
-0.523556  0.000584384
-0.51352  0.000590772
-0.50339  0.000584812
-0.493392  0.000580071
-0.483358  0.000592121
-0.473204  0.000583945
-0.463142  0.000586494
-0.453042  0.000592347
-0.442861  0.000586126
-0.432789  0.000581573
-0.422733  0.000591538
-0.412592  0.000579067
-0.402587  0.000583145
-0.392553  0.000581101
-0.382482  0.000584754
-0.372393  0.000580691
-0.36234  0.000589172
-0.352181  0.000578967
-0.342158  0.000584847
-0.332029  0.000587315
-0.321871  0.000583756
-0.311791  0.000579684
-0.301721  0.000589316
-0.2916  0.000572485
-0.281609  0.000583074
-0.271562  0.000579187
-0.261449  0.000582644
-0.251452  0.000572875
-0.241391  0.000588577
-0.231261  0.000575091
-0.221237  0.000579902
-0.211196  0.000582795
-0.201004  0.000583442
-0.190952  0.000578753
-0.18081  0.000587452
-0.17069  0.000577034
-0.160627  0.000580276
-0.150532  0.000583509
-0.140412  0.000578356
-0.130389  0.000575933
-0.1203  0.000584324
-0.110211  0.000573711
-0.100193  0.000578907
-0.0901365  0.000580119
-0.080037  0.000577416
-0.0699675  0.000580461
-0.0598839  0.000579736
-0.049766  0.000580581
-0.0397296  0.000574698
-0.0296628  0.000581865
-0.0195403  0.000580156
-0.00949789  0.000574606
-0.00223923  0.000258198
0.00223923  0.000258198
0.00949789  0.000574606
0.0195403  0.000580156
0.0296628  0.000581865
0.0397296  0.000574698
0.049766  0.000580581
0.0598839  0.000579736
0.0699675  0.000580461
0.080037  0.000577416
0.0901365  0.000580119
0.100193  0.000578907
0.110211  0.000573711
0.1203  0.000584324
0.130389  0.000575933
0.140412  0.000578356
0.150532  0.000583509
0.160627  0.000580276
0.17069  0.000577034
0.18081  0.000587452
0.190952  0.000578753
0.201004  0.000583442
0.211196  0.000582795
0.221237  0.000579902
0.231261  0.000575091
0.241391  0.000588577
0.251452  0.000572875
0.261449  0.000582644
0.271562  0.000579187
0.281609  0.000583074
0.2916  0.000572485
0.301721  0.000589316
0.311791  0.000579684
0.321871  0.000583756
0.332029  0.000587315
0.342158  0.000584847
0.352181  0.000578967
0.36234  0.000589172
0.372393  0.000580691
0.382482  0.000584754
0.392553  0.000581101
0.402587  0.000583145
0.412592  0.000579067
0.422733  0.000591538
0.432789  0.000581573
0.442861  0.000586126
0.453042  0.000592347
0.463142  0.000586494
0.473204  0.000583945
0.483358  0.000592121
0.493392  0.000580071
0.50339  0.000584812
0.51352  0.000590772
0.523556  0.000584384
0.533604  0.000587026
0.543742  0.000592913
0.553795  0.000585169
0.563847  0.00058725
0.573987  0.000597051
0.584091  0.000587673
0.594134  0.00058827
0.60428  0.000596818
0.614364  0.000589359
0.624408  0.000587137
0.634526  0.000597958
0.644606  0.000589313
0.654608  0.000585779
0.664711  0.000598625
0.674741  0.000586851
0.684753  0.000590017
0.694896  0.000601974
0.704923  0.000586945
0.715433  0.000649662
0.726081  0.000607252
0.736196  0.000590297
0.746161  0.00058787
0.756274  0.000607304
0.766431  0.000599826
0.776488  0.000588969
0.786607  0.000612562
0.796772  0.000597167
0.806767  0.000585261
0.816815  0.000613562
0.826927  0.000591241
0.836915  0.000595627
0.84703  0.000609978
0.857151  0.000602333
0.867162  0.000587443
0.877216  0.000617835
0.887369  0.000596104
0.897342  0.000598047
0.90747  0.000613647
0.917571  0.000601891
0.927555  0.000592698
0.937645  0.000621387
0.94776  0.000595733
0.957733  0.000603247
0.967865  0.000617739
0.978017  0.000606639
0.988045  0.000603832
0.998207  0.000624051
1.00836  0.000603559
1.01836  0.00060512
1.02845  0.000621046
1.0386  0.000606375
1.04856  0.000604941
1.05871  0.000625994
1.06881  0.000603635
1.07879  0.000608643
1.08887  0.000624711
1.09899  0.000605371
1.10895  0.000613973
1.11912  0.000626229
1.12922  0.000608976
1.13923  0.000618922
1.14937  0.000625414
1.15951  0.000613597
1.1695  0.00061854
1.17965  0.000626072
1.18977  0.000620707
1.19984  0.00061954
1.20997  0.000633772
1.22014  0.000614657
1.23012  0.00062521
1.24027  0.000626741
1.25041  0.000629478
1.26042  0.000613081
1.2705  0.000640972
1.28077  0.000623505
1.29075  0.000629772
1.30089  0.000631118
1.31107  0.000632714
1.32104  0.00061455
1.33153  0.000699236
1.34224  0.000629996
1.35226  0.000634703
1.3623  0.000622486
1.37246  0.000641299
1.38241  0.000620714
1.39244  0.000640229
1.4026  0.000629256
1.41269  0.000647933
1.42274  0.000626489
1.4329  0.000642044
1.44289  0.000634179
1.45303  0.000644735
1.46315  0.000634805
1.47321  0.000642204
1.48329  0.000644708
1.49363  0.000653712
1.50366  0.000640932
1.51378  0.000642396
1.52396  0.000648691
1.53404  0.000644502
1.54401  0.000638906
1.55427  0.000657406
1.56433  0.000644062
1.5744  0.000644476
1.5845  0.000647779
1.59451  0.000645615
1.60451  0.000642534
1.61466  0.000653008
1.62462  0.000644787
1.63463  0.000648575
1.6448  0.000653149
1.65533  0.000721406
1.66586  0.000642678
1.67597  0.000660976
1.68609  0.000660545
1.69615  0.000648579
1.70629  0.000662822
1.71637  0.00065986
1.72643  0.000650664
1.7366  0.000670821
1.74674  0.000660677
1.75678  0.000657831
1.76695  0.000663147
1.77706  0.000670192
1.78707  0.000649279
1.79718  0.000670134
1.80728  0.000663888
1.81731  0.000661238
1.82742  0.000666072
1.83756  0.000675656
1.8476  0.000657102
1.85773  0.000673322
1.86782  0.000669256
1.87786  0.000665226
1.8879  0.000665284
1.89804  0.000678332
1.908  0.000658296
1.91812  0.000678305
1.92824  0.000676533
1.93828  0.000664928
1.94834  0.000679684
1.95895  0.000734264
1.96932  0.000665714
1.97947  0.000686682
1.98963  0.000676064
1.99967  0.000681042
2.00978  0.000675717
2.01994  0.000684811
2.02992  0.000674015
2.04003  0.000681631
2.05013  0.000681635
2.06014  0.000681278
2.0702  0.000677213
2.08033  0.000686141
2.09033  0.000683776
2.10041  0.000678775
2.11052  0.000689525
2.12054  0.000686302
2.13064  0.000686394
2.14084  0.000692552
2.15083  0.000687272
2.16092  0.000686064
2.17111  0.000696754
2.18108  0.00068535
2.19115  0.000688732
2.20135  0.000698491
2.21138  0.000693264
2.22141  0.00068594
2.23161  0.000699915
2.24156  0.000690728
2.25171  0.000699234
2.26186  0.000694757
2.27186  0.000697803
2.2819  0.000692445
2.29219  0.000709335
2.30211  0.000691604
2.31222  0.000695974
2.32233  0.000703731
2.33239  0.000699723
2.34237  0.000696417
2.35269  0.00071464
2.36263  0.000694743
2.37275  0.000704985
2.38293  0.000711625
2.39296  0.000695368
2.40297  0.000709533
2.41332  0.000715247
2.42321  0.000697263
2.43331  0.000705362
2.44352  0.000719373
2.45352  0.000693919
2.46347  0.000710005
2.47373  0.000711231
2.48364  0.000705281
2.49374  0.000707618
2.50389  0.000717197
2.51385  0.0006982
2.52387  0.000718495
2.53413  0.000713411
2.54405  0.000708682
2.55409  0.000709174
2.5643  0.00072272
2.57425  0.000701974
2.58428  0.000721089
2.59451  0.000716262
2.60443  0.000706258
2.61451  0.000729027
2.62485  0.000727116
2.63479  0.000703444
2.64485  0.00072537
2.65507  0.000724347
2.66506  0.000707765
2.67509  0.000731073
2.68539  0.000725266
2.69535  0.000710182
2.70538  0.000723211
2.71556  0.000727498
2.72552  0.000707151
2.73555  0.000731751
2.74577  0.000727954
2.75574  0.000706752
2.76576  0.000735489
2.776  0.000727825
2.7859  0.000704307
2.79592  0.00073686
2.80616  0.000733093
2.81616  0.000705354
2.82612  0.000741874
2.83636  0.000722877
2.84631  0.000719373
2.85638  0.00073539
2.86659  0.000739903
2.8766  0.000701699
2.88662  0.000755766
2.89687  0.000721494
2.90688  0.000727755
2.91696  0.000738091
2.92716  0.000737126
2.93714  0.000705509
2.94718  0.000758895
2.95739  0.000721001
2.96742  0.000727085
2.97748  0.000746622
2.98772  0.000738001
2.99772  0.000710394
3.00782  0.000763923
3.01795  0.000715777
3.02797  0.000727413
3.03795  0.000745631
3.04819  0.000734383
3.05812  0.000711956
3.06819  0.000761027
3.07834  0.000725571
3.0884  0.000723859
3.09837  0.00075221
3.10857  0.000729827
3.11852  0.000720655
3.12862  0.00075338
3.13869  0.000735309
3.14883  0.000722676
3.15883  0.000759325
3.16901  0.000721891
3.179  0.000737734
3.18912  0.000747112
3.19924  0.000744926
3.20942  0.000719976
3.21938  0.000761177
3.22956  0.000728971
3.2396  0.000732663
3.24967  0.000745677
3.2598  0.000752761
3.26994  0.000713755
3.27991  0.000763105
3.29007  0.000727614
3.30009  0.000731028
3.31005  0.000742574
3.3202  0.000747054
3.33024  0.000712552
3.34026  0.000767228
3.3504  0.000732336
3.36052  0.000735415
3.37056  0.000746889
3.38075  0.000753427
3.39083  0.000720998
3.40088  0.000753654
3.41094  0.000735146
3.42108  0.000739308
3.43108  0.000738766
3.44123  0.000756474
3.4514  0.000725183
3.46151  0.000764839
3.47172  0.000743153
3.48188  0.000737528
3.49192  0.000741468
3.50207  0.000754651
3.51217  0.000722012
3.52218  0.000749119
3.53225  0.000733747
3.5423  0.000736169
3.55233  0.000740278
3.56248  0.000752273
3.57256  0.000722673
3.58264  0.000755083
3.59273  0.000733958
3.60282  0.000741335
3.61286  0.00072973
3.62297  0.000757149
3.63306  0.000722907
3.64313  0.000746271
3.65317  0.00073478
3.6633  0.000747728
3.67339  0.000727686
3.68354  0.000762472
3.69362  0.000715098
3.70366  0.000748588
3.71379  0.0007417
3.72388  0.000735931
3.7339  0.000722799
3.74399  0.000753123
3.75402  0.000726157
3.76412  0.000734789
3.77421  0.000747122
3.7843  0.000731452
3.79438  0.000729472
3.80499  0.000823709
3.8155  0.000719128
3.82559  0.000736189
3.83562  0.000736304
3.84571  0.000737156
3.85579  0.000721526
3.86591  0.000757008
3.87597  0.000717107
3.88602  0.000726411
3.89611  0.000750325
3.90624  0.000728521
3.91629  0.000718487
3.92638  0.000750381
3.93644  0.000721076
3.9465  0.000719431
3.95654  0.000745743
3.96661  0.000721066
3.97666  0.000721709
3.98673  0.000738009
3.99674  0.000722096
4.00684  0.000722119
4.01695  0.000744739
4.02705  0.000725458
4.03713  0.000709069
4.04715  0.000741232
4.05725  0.000731469
4.06738  0.000707876
4.07741  0.000743068
4.08748  0.000712716
4.09755  0.000719741
4.10762  0.00073363
4.11773  0.000728021
4.12784  0.000703143
4.13791  0.000748947
4.14798  0.000703223
4.15795  0.00071189
4.1681  0.000737638
4.17823  0.000724509
4.18832  0.000700236
4.19841  0.000742981
4.20851  0.000707533
4.21854  0.000708895
4.22861  0.000727856
4.23874  0.000717612
4.24875  0.000694512
4.25883  0.000740062
4.26898  0.000710251
4.27949  0.000764404
4.28991  0.000713983
4.30003  0.000725146
4.31016  0.000697694
4.32016  0.000716974
4.33027  0.000712623
4.3404  0.000708093
4.35089  0.000773632
4.36146  0.000713052
4.37163  0.000709327
4.38162  0.000699188
4.39177  0.00072312
4.40189  0.000687876
4.41186  0.000711431
4.42201  0.000709487
4.43212  0.000695313
4.44207  0.000693571
4.45221  0.000721669
4.46234  0.000686373
4.47231  0.000698948
4.4824  0.000704361
4.49256  0.000698152
4.50248  0.000682641
4.5126  0.000715932
4.52278  0.000689153
4.53273  0.000681968
4.54279  0.000711628
4.55297  0.000685863
4.56289  0.000680403
4.57306  0.000711678
4.58316  0.000684724
4.59319  0.000678407
4.60333  0.000710754
4.61349  0.000678392
4.62337  0.000676295
4.63362  0.000709256
4.64371  0.000680039
4.65374  0.000667743
4.66387  0.00071349
4.67406  0.000671639
4.68396  0.000666272
4.69416  0.000705782
4.70428  0.000676943
4.71431  0.000661537
4.72444  0.000703394
4.73457  0.000665401
4.74448  0.000664016
4.75467  0.00069514
4.76483  0.000677742
4.77485  0.000650401
4.78505  0.000713104
4.79521  0.000651972
4.8052  0.000666043
4.81541  0.000687756
4.82552  0.00066766
4.83541  0.000631284
4.84552  0.000703721
4.85564  0.000642193
4.86554  0.00065774
4.87568  0.00067073
4.88575  0.000668455
4.89577  0.000634418
4.90593  0.000696437
4.91606  0.000637474
4.92593  0.000642799
4.93614  0.000683745
4.9463  0.000656652
4.95628  0.000624773
4.96643  0.000689508
4.9766  0.000638154
4.98658  0.000647771
4.9968  0.000665182
5.00692  0.00065146
5.01688  0.00062015
5.02706  0.00068661
5.03727  0.000631859
5.04764  0.000684394
5.0582  0.000662021
5.06833  0.000642856
5.07831  0.000610805
5.08839  0.000675552
5.09863  0.000626369
5.10856  0.000625971
5.11876  0.000655404
5.12891  0.00063318
5.13884  0.000606245
5.1489  0.000663826
5.15917  0.000620653
5.16907  0.000615878
5.17925  0.000651121
5.18941  0.000622671
5.19932  0.000605095
5.20945  0.000650548
5.2197  0.000617938
5.22954  0.000602007
5.23963  0.000638338
5.2498  0.000615208
5.25965  0.000597957
5.26985  0.000645711
5.28007  0.000607268
5.29005  0.000614086
5.3008  0.000693271
5.31164  0.000623291
5.32161  0.000588371
5.33171  0.000633568
5.34197  0.000605356
5.35189  0.000589772
5.36188  0.000615623
5.37216  0.000609226
5.38206  0.00058451
5.39216  0.000617644
5.40242  0.000606284
5.41236  0.000576597
5.42238  0.000613759
5.4327  0.000599686
5.44253  0.000573215
5.45257  0.000601808
5.46285  0.000605757
5.47279  0.000565675
5.48283  0.00060966
5.49315  0.000584826
5.50291  0.0005716
5.51307  0.000594995
5.52334  0.000592352
5.5332  0.000562776
5.54323  0.000586965
5.55346  0.000582257
5.56326  0.00056268
5.57343  0.000586891
5.58365  0.000579694
5.59352  0.000563415
5.60364  0.000574241
5.61389  0.000584213
5.62378  0.000555575
5.63393  0.000577168
5.64422  0.000573526
5.65407  0.00055664
5.66409  0.000551466
5.67428  0.000579385
5.68419  0.000552185
5.69444  0.000567852
5.7046  0.000559323
5.71445  0.000548843
5.72459  0.000555911
5.73484  0.000565511
5.74466  0.000541249
5.75489  0.000555759
5.76499  0.000546851
5.77543  0.000605214
5.78608  0.000543473
5.79631  0.000553224
5.80617  0.000538352
5.81634  0.00053585
5.82638  0.000544414
5.83637  0.000541073
5.84653  0.000531268
5.8567  0.000546749
5.86707  0.000579452
5.87782  0.000538293
5.8885  0.00059162
5.89897  0.000521796
5.90904  0.000530399
5.91928  0.000532757
5.92919  0.000523234
5.93974  0.000555029
5.95021  0.000539511
5.9603  0.000510695
5.97034  0.000518738
5.98055  0.000528821
5.99049  0.00050981
6.00074  0.000518091
6.01087  0.000523119
6.0209  0.000505385
6.03097  0.000508372
6.04117  0.000516158
6.05112  0.00050544
6.06136  0.000508908
6.0714  0.000503831
6.0814  0.00050032
6.09151  0.000502492
6.1017  0.000507444
6.11166  0.000493405
6.12232  0.000544419
6.1335  0.000562188
6.14417  0.000487579
6.15416  0.000487312
6.16439  0.00050675
6.17445  0.00048187
6.185  0.000531143
6.19555  0.000492203
6.20576  0.00048552
6.21571  0.000475947
6.22585  0.00049211
6.23639  0.000514086
6.24701  0.000489284
6.25752  0.000510878
6.26802  0.000478576
6.27799  0.000460712
6.28813  0.000486622
6.29824  0.000461909
6.30831  0.000471735
6.31842  0.000468265
6.32858  0.000471047
6.33862  0.000459344
6.3492  0.000509405
6.35987  0.000464086
6.36999  0.000462185
6.38  0.000452962
6.39015  0.000460946
6.40012  0.000443057
6.41024  0.000462213
6.42035  0.000451636
6.43039  0.000445173
6.44045  0.000448506
6.45071  0.000459698
6.46121  0.000474121
6.47174  0.000454645
6.48193  0.000440499
6.49195  0.000434974
6.50201  0.000443128
6.51223  0.000444879
6.52227  0.000425509
6.53237  0.00044503
6.54251  0.000432044
6.55254  0.000427187
6.56267  0.000430514
6.57284  0.00044149
6.58333  0.000445848
6.59372  0.000432651
6.60393  0.000428291
6.61404  0.00041566
6.62403  0.000423074
6.63422  0.000428183
6.64431  0.00040532
6.65437  0.000424797
6.66454  0.0004205
6.6746  0.000401585
6.68458  0.000414046
6.69485  0.000421829
6.70484  0.000392631
6.71493  0.000415653
6.72501  0.000410923
6.73521  0.000397703
6.74516  0.00040255
6.75533  0.00040565
6.7653  0.000389777
6.77539  0.00040231
6.7855  0.000406339
6.79609  0.000413759
6.80642  0.000400868
6.81664  0.000393032
6.82661  0.00038414
6.83673  0.000393445
6.84689  0.000396442
6.85703  0.000369689
6.86695  0.000395453
6.87721  0.000383067
6.88729  0.000384125
6.89745  0.000377243
6.90748  0.00038479
6.91767  0.000365598
6.92768  0.000391521
6.93793  0.000367261
6.94788  0.000370068
6.95801  0.000371711
6.96809  0.000374288
6.97818  0.000355236
6.98818  0.000376477
6.99879  0.000393386
7.00927  0.000363052
7.01941  0.000363339
7.02956  0.000366726
7.03971  0.000350595
7.04971  0.000364123
7.05989  0.000353691
7.06997  0.000352132
7.08001  0.000352145
7.09056  0.000389758
7.10124  0.000343806
7.11117  0.000350594
7.12136  0.000346225
7.13139  0.00034291
7.14141  0.000343512
7.15154  0.000344566
7.16163  0.000336187
7.17162  0.000343409
7.1824  0.000375381
7.19294  0.000329943
7.20302  0.000340991
7.21315  0.000332936
7.22324  0.000326067
7.23319  0.000331694
7.2434  0.000331087
7.25343  0.000326573
7.26345  0.0003235
7.27357  0.000327564
7.28376  0.000325737
7.29376  0.000319494
7.30395  0.000324755
7.31446  0.000344372
7.325  0.000318569
7.33511  0.000320441
7.34528  0.000311338
7.35518  0.000309308
7.36538  0.000319071
7.3755  0.000307663
7.38553  0.000306479
7.39565  0.000314771
7.40622  0.000328869
7.41651  0.000298145
7.42674  0.0003114
7.43685  0.000300435
7.44739  0.000324094
7.45788  0.000309459
7.46864  0.000323023
7.47916  0.000292935
7.48916  0.000297124
7.49926  0.00029613
7.50947  0.000290397
7.51946  0.000296518
7.52967  0.000285434
7.53964  0.00028623
7.5497  0.000289652
7.5598  0.000286245
7.56992  0.000278606
7.57987  0.000289162
7.59013  0.00028227
7.60019  0.00027754
7.61025  0.000282772
7.62041  0.000280917
7.63053  0.000267376
7.64045  0.000283655
7.65071  0.000271575
7.66081  0.000273401
7.67084  0.000273643
7.68105  0.000274275
7.69122  0.000262986
7.70119  0.000273832
7.71132  0.000264482
7.72203  0.000293095
7.73258  0.000267604
7.74285  0.000262353
7.75293  0.00025996
7.76307  0.000268798
7.77311  0.000249036
7.78325  0.000259895
7.79314  0.000258153
7.8034  0.00025504
7.81345  0.000249796
7.8236  0.000265327
7.83377  0.000240279
7.84382  0.000251187
7.85378  0.000255873
7.86407  0.000243525
7.87405  0.000244903
7.88418  0.000250077
7.89424  0.000239265
7.90435  0.000242566
7.91431  0.000245304
7.92445  0.000235131
7.93455  0.000240416
7.94465  0.000243504
7.95473  0.0002319
7.96494  0.000236948
7.97487  0.000237186
7.98508  0.000230736
7.9952  0.000231993
8.0052  0.000234852
8.01534  0.000224604
8.02551  0.000232422
8.03601  0.000247637
8.04655  0.000221781
8.05673  0.000228051
8.0667  0.000225639
8.07686  0.000216718
8.08698  0.000223539
8.09701  0.000221863
8.10706  0.000214994
8.11722  0.000216924
8.12712  0.000218414
8.13733  0.000211286
8.14741  0.000218486
8.15755  0.000214471
8.16761  0.000207796
8.17776  0.000212659
8.18815  0.000228167
8.19873  0.000204516
8.20883  0.00021105
8.21897  0.000207105
8.22952  0.00022227
8.24023  0.000204315
8.25023  0.00020785
8.26046  0.000198707
8.27059  0.00020391
8.28064  0.000197333
8.29123  0.000215735
8.30187  0.000196697
8.31182  0.000200518
8.32207  0.0001894
8.33208  0.000196893
8.34218  0.000192435
8.35276  0.000208968
8.36343  0.00018998
8.37336  0.000191797
8.38363  0.000185725
8.39361  0.000186675
8.40356  0.000184622
8.41379  0.000187036
8.42395  0.000184158
8.43396  0.000184645
8.44409  0.000177991
8.45419  0.00018313
8.4642  0.000180351
8.47436  0.000178252
8.48444  0.000176747
8.49446  0.000179579
8.50468  0.00017427
8.51487  0.000176451
8.52496  0.000176317
8.53511  0.000171869
8.54515  0.000169524
8.55523  0.000172178
8.56533  0.000169193
8.57549  0.000168468
8.58546  0.000169176
8.59557  0.000163934
8.60567  0.000165591
8.61566  0.000163906
8.62575  0.000164885
8.63593  0.000161158
8.64587  0.000164074
8.65597  0.000159132
8.66608  0.000158091
8.67616  0.000158732
8.6863  0.000164176
8.6964  0.000149059
8.70635  0.000161392
8.71659  0.000153821
8.72678  0.000154282
8.73677  0.000157195
8.74701  0.000153045
8.75706  0.000144137
8.76713  0.000156818
8.77719  0.000147929
8.78731  0.000147483
8.7973  0.000149104
8.80754  0.000149238
8.81754  0.000141931
8.82767  0.000145088
8.83761  0.00014768
8.84797  0.000140115
8.85791  0.00014796
8.86821  0.000141353
8.8782  0.000134344
8.88832  0.000145763
8.89825  0.000138912
8.90855  0.000134031
8.91852  0.000139588
8.92871  0.000137799
8.93875  0.000134268
8.94893  0.00013558
8.95895  0.000135775
8.96907  0.000126042
8.97952  0.000148327
8.98998  0.00013086
9.00023  0.000128156
9.01026  0.000130899
9.02031  0.000131836
9.0305  0.000121611
9.04062  0.000134648
9.05078  0.000125836
9.06098  0.000122983
9.071  0.000125781
9.08157  0.000137013
9.09219  0.000119727
9.10237  0.000127579
9.1124  0.000121158
9.12268  0.000118434
9.13262  0.000121847
9.14277  0.000120939
9.15347  0.000125915
9.16415  0.00012309
9.17459  0.000127392
9.18558  0.000117022
9.19544  0.000113517
9.20546  0.000116203
9.21576  0.000110348
9.22596  0.000118019
9.23629  0.00011906
9.24712  0.000114295
9.25721  0.000110059
9.26726  0.000110199
9.27748  0.000107027
9.28759  0.000112956
9.29745  0.000104443
9.30784  0.00010689
9.31788  0.000108036
9.32786  0.000105747
9.33808  0.000102453
9.34836  0.000109011
9.35824  9.98973e-05
9.36855  0.000103972
9.37855  0.000101648
9.38861  0.000100366
9.39875  0.000101163
9.40899  0.000102291
9.41881  9.64739e-05
9.42902  9.73396e-05
9.4391  9.95094e-05
9.44902  9.70349e-05
9.45917  9.46043e-05
9.46973  0.000104829
9.48003  9.33499e-05
9.49026  9.59495e-05
9.50052  9.52223e-05
9.51031  8.95676e-05
9.52054  9.45992e-05
9.53071  9.436e-05
9.54073  8.77366e-05
9.55085  9.27381e-05
9.56131  9.17744e-05
9.57096  8.68296e-05
9.58111  8.86776e-05
9.5914  9.03865e-05
9.60142  8.59843e-05
9.61131  8.62415e-05
9.62174  8.86462e-05
9.63159  8.41016e-05
9.64193  8.47471e-05
9.65204  8.76446e-05
9.66213  8.29514e-05
9.67222  8.32341e-05
9.68252  8.19813e-05
9.69231  8.17385e-05
9.70262  8.29478e-05
9.71332  9.00194e-05
9.72378  7.77354e-05
9.73362  7.98651e-05
9.74408  7.82131e-05
9.75388  7.92549e-05
9.76404  7.60202e-05
9.77422  8.13502e-05
9.78411  7.23801e-05
9.79401  7.8516e-05
9.80461  7.53327e-05
9.8144  7.58268e-05
9.82454  7.39963e-05
9.8349  7.61332e-05
9.84473  6.96685e-05
9.85493  7.66471e-05
9.8654  7.20722e-05
9.87526  7.36422e-05
9.88539  6.8693e-05
9.89577  7.24177e-05
9.90554  7.03931e-05
9.91576  7.14222e-05
9.92611  6.89309e-05
9.9361  6.83295e-05
9.94616  6.70516e-05
9.95668  7.22216e-05
9.96642  6.53572e-05
9.97667  6.80725e-05
9.98702  6.68486e-05
9.99699  6.48523e-05
10.007  6.38351e-05
10.0174  6.63506e-05
10.0271  6.50218e-05
10.0374  6.24548e-05
10.0476  6.39896e-05
10.0576  6.23249e-05
10.0677  6.28685e-05
10.078  6.21428e-05
10.0878  6.17435e-05
10.0979  5.80543e-05
10.1082  6.34019e-05
10.1181  5.92356e-05
10.1283  5.9639e-05
10.1386  5.72186e-05
10.1482  6.00282e-05
10.1585  5.80464e-05
10.169  5.90484e-05
10.1786  5.54673e-05
10.1887  5.64627e-05
10.1991  5.75059e-05
10.2095  6.13351e-05
10.22  5.40648e-05
10.2303  5.58436e-05
10.2401  5.52246e-05
10.2505  5.32159e-05
10.2612  6.08141e-05
10.2718  5.50917e-05
10.2817  4.8808e-05
10.2921  5.61289e-05
10.3021  5.05338e-05
10.3127  5.52265e-05
10.3232  5.30768e-05
10.3335  5.19151e-05
10.3435  4.76496e-05
10.3538  5.24474e-05
10.3637  4.86687e-05
10.3737  4.70185e-05
10.3839  5.23474e-05
10.3942  4.6805e-05
10.4041  4.64862e-05
10.4142  4.84952e-05
10.4243  4.86433e-05
10.4345  4.32929e-05
10.4445  5.07286e-05
10.4549  4.40059e-05
10.4646  4.67023e-05
10.4751  4.50086e-05
10.4852  4.69739e-05
10.4952  4.08524e-05
10.5054  4.89873e-05
10.5157  4.17459e-05
10.5257  4.42264e-05
10.536  4.27362e-05
10.546  4.38389e-05
10.556  3.97578e-05
10.5661  4.56472e-05
10.5763  3.98759e-05
10.5863  4.22563e-05
10.5965  4.09746e-05
10.6068  4.10582e-05
10.6166  3.93711e-05
10.6269  4.1777e-05
10.637  3.9145e-05
10.6471  3.96659e-05
10.6571  3.93091e-05
10.6675  3.97199e-05
10.6775  3.67614e-05
10.6877  3.89341e-05
10.6977  3.83636e-05
10.708  3.6938e-05
10.718  3.86001e-05
10.7286  3.70404e-05
10.7384  3.64054e-05
10.7488  3.68665e-05
10.759  3.6643e-05
10.7695  3.77158e-05
10.7799  3.64082e-05
10.7905  3.41472e-05
10.8002  3.55176e-05
10.8106  3.35541e-05
10.8205  3.47218e-05
10.8308  3.3772e-05
10.8408  3.38818e-05
10.8511  3.24897e-05
10.861  3.40326e-05
10.8715  3.14016e-05
10.8815  3.39063e-05
10.8916  3.21508e-05
10.9017  3.19676e-05
10.912  2.95787e-05
10.922  3.31657e-05
10.9322  2.98909e-05
10.9424  3.27628e-05
10.9526  3.00471e-05
10.9627  2.92302e-05
10.9728  3.05284e-05
10.983  3.15898e-05
10.9933  2.73511e-05
11.0034  3.01845e-05
11.0134  2.88843e-05
11.0238  2.78025e-05
11.0337  2.89969e-05
11.0443  3.01008e-05
11.0544  2.78035e-05
11.0648  2.75754e-05
11.0749  2.72082e-05
11.0853  2.71197e-05
11.0951  2.79724e-05
11.1054  2.67121e-05
11.1157  2.54175e-05
11.1258  2.7031e-05
11.1358  2.64398e-05
11.1463  2.57315e-05
11.1564  2.63982e-05
11.1666  2.41852e-05
11.1767  2.61148e-05
11.187  2.40763e-05
11.1969  2.48559e-05
11.2073  2.40259e-05
11.2172  2.49198e-05
11.2275  2.31538e-05
11.2376  2.4061e-05
11.2478  2.42165e-05
11.2577  2.29637e-05
11.268  2.25632e-05
11.2781  2.33568e-05
11.2884  2.24571e-05
11.2987  2.37822e-05
11.3087  2.16659e-05
11.3186  2.0573e-05
11.3288  2.3296e-05
11.3392  2.21562e-05
11.3498  2.26651e-05
11.3606  2.23906e-05
11.3707  2.0303e-05
11.381  2.14865e-05
11.3912  2.04969e-05
11.4014  2.11446e-05
11.4114  1.91299e-05
11.4218  2.10958e-05
11.4319  2.0469e-05
11.4424  1.97391e-05
11.4522  1.88563e-05
11.4623  1.93883e-05
11.4728  1.90184e-05
11.4831  1.98722e-05
11.493  1.88479e-05
11.5034  1.78086e-05
11.5134  1.95912e-05
11.5238  1.79638e-05
11.5336  1.72202e-05
11.5442  1.83628e-05
11.554  1.84362e-05
11.5643  1.62702e-05
11.5742  1.73832e-05
11.5844  1.73683e-05
11.5946  1.79055e-05
11.605  1.69304e-05
11.615  1.66314e-05
11.6253  1.58911e-05
11.6353  1.73235e-05
11.6456  1.64491e-05
11.6559  1.6169e-05
11.6662  1.57023e-05
11.6763  1.64886e-05
11.6863  1.44423e-05
11.6965  1.66019e-05
11.7068  1.52287e-05
11.7171  1.54974e-05
11.7271  1.45703e-05
11.7374  1.60025e-05
11.7479  1.36382e-05
11.7579  1.61761e-05
11.7683  1.41849e-05
11.7784  1.35039e-05
11.7884  1.4019e-05
11.7989  1.57771e-05
11.8089  1.29759e-05
11.819  1.37309e-05
11.8292  1.40355e-05
11.8396  1.34807e-05
11.8498  1.33836e-05
11.8601  1.32674e-05
11.8702  1.24746e-05
11.8805  1.33552e-05
11.8903  1.36126e-05
11.901  1.22013e-05
11.9111  1.29181e-05
11.9216  1.33848e-05
11.9318  1.14196e-05
11.9422  1.2637e-05
11.9519  1.19873e-05
11.9624  1.22219e-05
11.9725  1.17864e-05
11.983  1.26292e-05
11.9931  1.06017e-05
12.0035  1.16199e-05
12.0134  1.22739e-05
12.024  1.07794e-05
12.0342  1.10178e-05
12.0442  1.13078e-05
12.0543  1.00827e-05
12.0646  1.13224e-05
12.0745  1.11976e-05
12.0851  1.05353e-05
12.0952  1.06117e-05
12.1053  9.95921e-06
12.1154  1.03352e-05
12.1259  9.80726e-06
12.1358  1.1125e-05
12.1464  9.11555e-06
12.1565  1.0058e-05
12.1664  1.01115e-05
12.1765  9.05817e-06
12.187  1.01759e-05
12.1972  9.48981e-06
12.2078  9.13006e-06
12.2183  1.01806e-05
12.2285  8.84822e-06
12.2387  9.20398e-06
12.249  8.5021e-06
12.259  9.16725e-06
12.269  9.03551e-06
12.2799  9.04763e-06
12.2899  8.71903e-06
12.3006  8.67812e-06
12.3111  8.67998e-06
12.3212  8.20733e-06
12.3315  7.9379e-06
12.3418  9.21256e-06
12.352  7.84348e-06
12.3627  7.92772e-06
12.3728  8.21497e-06
12.383  7.76105e-06
12.3931  7.52914e-06
12.4038  7.99871e-06
12.4138  7.48465e-06
12.4239  7.57073e-06
12.4342  7.72296e-06
12.4447  6.75117e-06
12.4545  7.17752e-06
12.4652  7.84436e-06
12.4752  6.83959e-06
12.4856  6.99425e-06
12.4958  7.22068e-06
12.5062  6.63372e-06
12.5162  6.76475e-06
12.5264  6.83308e-06
12.5368  6.80076e-06
12.5474  6.46546e-06
12.5572  6.47232e-06
12.5681  7.0933e-06
12.5788  6.63656e-06
12.5886  6.13485e-06
12.599  6.24636e-06
12.6097  5.62048e-06
12.6194  6.82947e-06
12.6298  5.74452e-06
12.6394  5.71856e-06
12.6504  6.37729e-06
12.6609  5.77951e-06
12.6714  5.89026e-06
12.6811  5.62975e-06
12.692  5.71821e-06
12.702  5.7814e-06
12.7124  5.35202e-06
12.7227  5.17973e-06
12.7328  5.4702e-06
12.7431  5.77582e-06
12.7536  5.1992e-06
12.7641  5.48724e-06
12.774  4.95791e-06
12.7844  5.45028e-06
12.7954  4.82171e-06
12.8054  5.14909e-06
12.8156  4.55751e-06
12.8263  5.64028e-06
12.8373  4.56541e-06
12.8473  4.72245e-06
12.8578  4.77738e-06
12.8681  5.02982e-06
12.8785  4.59693e-06
12.889  4.54741e-06
12.8994  4.4481e-06
12.9098  4.65852e-06
12.9205  4.46672e-06
12.9309  4.50182e-06
12.9414  4.05836e-06
12.9518  4.69926e-06
12.9621  3.93435e-06
12.9723  4.35872e-06
12.9825  3.99791e-06
12.993  4.31996e-06
13.0035  3.74996e-06
13.0139  4.1264e-06
13.0246  4.03358e-06
13.0346  3.79428e-06
13.0455  3.87947e-06
13.0557  4.17689e-06
13.0665  3.40106e-06
13.0767  3.95524e-06
13.0871  3.82443e-06
13.0978  3.35268e-06
13.108  3.45547e-06
13.1188  3.90862e-06
13.1294  3.57886e-06
13.1397  3.6068e-06
13.1499  3.1653e-06
13.1602  3.59164e-06
13.171  3.13188e-06
13.1808  3.13912e-06
13.1916  3.29915e-06
13.2025  3.64723e-06
13.2121  2.74783e-06
13.2226  3.17327e-06
13.2333  3.24739e-06
13.2436  3.27285e-06
13.2547  3.23322e-06
13.2652  2.88364e-06
13.2756  3.02412e-06
13.2861  2.89914e-06
13.2968  2.86166e-06
13.3073  2.87671e-06
13.3178  2.57055e-06
13.3287  3.44901e-06
13.3389  2.42323e-06
13.3496  2.78011e-06
13.3598  2.82029e-06
13.3705  2.76295e-06
13.381  2.27021e-06
13.3909  2.51511e-06
13.4018  2.62481e-06
13.412  2.57033e-06
13.4219  2.60784e-06
13.433  2.38445e-06
13.4436  2.68356e-06
13.4539  2.55032e-06
13.4642  2.10466e-06
13.4752  2.25022e-06
13.4848  2.21188e-06
13.4955  2.52634e-06
13.5066  2.20779e-06
13.5166  2.24492e-06
13.5273  2.17575e-06
13.538  2.37786e-06
13.5489  2.15192e-06
13.5591  2.141e-06
13.5698  2.108e-06
13.5795  1.80546e-06
13.5908  2.05353e-06
13.6009  2.13348e-06
13.6111  2.16564e-06
13.6217  2.01493e-06
13.6325  1.74306e-06
13.6425  1.83511e-06
13.6535  2.00414e-06
13.664  1.97288e-06
13.6742  1.81749e-06
13.6856  1.89314e-06
13.6953  1.76384e-06
13.7059  1.72159e-06
13.717  1.70041e-06
13.7273  1.77521e-06
13.7383  1.90428e-06
13.7482  1.69383e-06
13.7588  1.47474e-06
13.7692  1.77331e-06
13.7809  1.73152e-06
13.7918  1.83468e-06
13.8026  1.35277e-06
13.8132  1.80049e-06
13.8241  1.58968e-06
13.835  1.49327e-06
13.845  1.51715e-06
13.8557  1.4631e-06
13.8678  1.60836e-06
13.8778  1.38609e-06
13.8897  1.65127e-06
13.9  1.36364e-06
13.9111  1.47808e-06
13.9213  1.32287e-06
13.9325  1.31122e-06
13.9435  1.42572e-06
13.9537  1.47295e-06
13.9649  1.26014e-06
13.9756  1.06433e-06
13.986  1.2609e-06
13.9963  1.39063e-06
14.0068  1.23011e-06
14.018  1.33074e-06
14.0283  1.08491e-06
14.0387  1.10557e-06
14.0496  1.24472e-06
14.0609  1.28468e-06
14.0715  1.23726e-06
14.0828  1.13455e-06
14.0937  9.80874e-07
14.1036  1.14815e-06
14.1148  1.16616e-06
14.1252  9.46522e-07
14.1357  1.04152e-06
14.1464  1.06196e-06
14.1567  1.02499e-06
14.1679  1.12774e-06
14.179  8.87789e-07
14.1901  1.03251e-06
14.2009  9.6815e-07
14.2112  8.98013e-07
14.2217  8.24044e-07
14.2314  1.17581e-06
14.2437  1.03098e-06
14.2541  6.75539e-07
14.265  8.6782e-07
14.2748  8.4338e-07
14.2856  9.64123e-07
14.2973  8.7673e-07
14.3081  8.55026e-07
14.3193  8.82954e-07
14.3302  9.29983e-07
14.3406  6.27688e-07
14.3506  8.39278e-07
14.3608  7.22537e-07
14.3714  6.23944e-07
14.3813  8.02315e-07
14.3926  8.16466e-07
14.4033  7.63616e-07
14.4142  6.78096e-07
14.4241  7.66419e-07
14.4355  7.10705e-07
14.4457  6.70805e-07
14.4558  7.05225e-07
14.4659  6.19926e-07
14.4767  7.15737e-07
14.4873  6.16567e-07
14.4988  5.93288e-07
14.5096  7.15569e-07
14.5204  6.45083e-07
14.5302  6.8885e-07
14.5401  5.20773e-07
14.5498  5.3479e-07
14.5607  5.60838e-07
14.5712  6.74721e-07
14.5831  5.54325e-07
14.5946  6.01038e-07
14.6048  6.85214e-07
14.615  4.18202e-07
14.6248  5.82465e-07
14.6363  5.4204e-07
14.6466  5.23357e-07
14.6583  5.12456e-07
14.6686  4.68112e-07
14.6799  5.65628e-07
14.6896  5.02161e-07
14.6998  5.44423e-07
14.7113  4.89353e-07
14.7231  4.19297e-07
14.7332  5.22172e-07
14.7436  4.40973e-07
14.7544  4.77095e-07
14.7635  3.57519e-07
14.7749  5.12729e-07
14.785  4.86352e-07
14.7966  3.88465e-07
14.8082  4.29746e-07
14.8177  4.49182e-07
14.8286  3.39561e-07
14.8404  4.79865e-07
14.8521  3.95587e-07
14.862  3.97871e-07
14.8724  4.13811e-07
14.8828  4.33368e-07
14.8933  3.11938e-07
14.9034  3.14668e-07
14.9145  3.58351e-07
14.925  3.74628e-07
14.9352  4.45108e-07
14.9446  3.08181e-07
14.9577  3.4423e-07
14.9664  2.4718e-07
14.9763  3.17899e-07
14.9871  3.74417e-07
14.9983  3.08745e-07
15.0088  3.26193e-07
15.0198  3.60102e-07
15.031  3.19429e-07
15.0414  2.56843e-07
15.0522  3.02149e-07
15.0631  3.42463e-07
15.0731  2.99221e-07
15.0859  2.53969e-07
15.0946  2.94566e-07
15.1055  3.0074e-07
15.1164  2.66692e-07
15.1277  2.32195e-07
15.1385  3.5189e-07
15.149  3.02431e-07
15.16  1.95615e-07
15.171  2.71594e-07
15.1817  2.22008e-07
15.1914  2.23829e-07
15.2012  2.36747e-07
15.2127  2.7807e-07
15.2226  2.39474e-07
15.2343  1.77184e-07
15.2448  2.43939e-07
15.2547  2.53921e-07
15.2658  2.45208e-07
15.2765  2.17942e-07
15.2886  2.29655e-07
15.2986  1.44355e-07
15.309  1.90485e-07
15.3189  2.77154e-07
15.3294  1.54195e-07
15.3395  2.24904e-07
15.3507  1.79529e-07
15.3616  1.26643e-07
15.373  2.26411e-07
15.3842  1.93984e-07
15.3942  1.89206e-07
15.4036  1.57077e-07
15.4157  1.88723e-07
15.4248  2.39602e-07
15.436  1.58806e-07
15.446  1.2888e-07
15.4602  1.20065e-07
15.4695  2.02933e-07
15.481  1.70966e-07
15.4927  1.75714e-07
15.5027  1.77261e-07
15.5139  1.1516e-07
15.5242  1.95699e-07
15.5369  1.62705e-07
15.5475  1.4669e-07
15.5567  1.73807e-07
15.5666  1.17778e-07
15.5781  1.01431e-07
15.59  1.08456e-07
15.5992  1.70443e-07
15.61  1.76386e-07
15.621  1.09677e-07
15.6331  1.04031e-07
15.6428  1.26083e-07
15.6523  1.25275e-07
15.6633  9.70239e-08
15.6737  1.1061e-07
15.6842  1.15473e-07
15.6958  1.34814e-07
15.7089  1.60592e-07
15.7178  1.19183e-07
15.7286  1.01619e-07
15.7413  1.11172e-07
15.7525  1.1892e-07
15.763  8.4328e-08
15.7723  7.66478e-08
15.7838  1.23065e-07
15.7963  1.44956e-07
15.8049  8.91885e-08
15.8183  1.22855e-07
15.8299  7.12174e-08
15.8391  7.69754e-08
15.8507  8.35132e-08
15.861  1.05515e-07
15.8746  1.21966e-07
15.8862  8.76983e-08
15.8961  8.93806e-08
15.9081  5.16755e-08
15.9195  1.10239e-07
15.9316  1.062e-07
15.9404  6.09141e-08
15.9552  8.91017e-08
15.9659  1.01262e-07
15.9766  6.76917e-08
15.9867  7.0447e-08
15.9969  3.39439e-08
16.0055  8.42229e-08
16.0165  7.79245e-08
16.03  4.74679e-08
16.039  5.52125e-08
16.0491  8.7277e-08
16.0627  7.44949e-08
16.073  7.74231e-08
16.0833  5.04489e-08
16.0928  5.27374e-08
16.1041  7.73912e-08
16.115  8.23232e-08
16.1258  3.42637e-08
16.1364  7.66177e-08
16.1485  3.96403e-08
16.1586  5.09626e-08
16.171  4.08262e-08
16.1792  6.61841e-08
16.1904  6.27419e-08
16.2021  7.24685e-08
16.2118  6.19056e-08
16.2219  3.77416e-08
16.2346  4.88144e-08
16.2473  5.55852e-08
16.258  5.58802e-08
16.2667  3.17782e-08
16.2798  2.66021e-08
16.2899  7.8639e-08
16.3033  3.06729e-08
16.3136  3.973e-08
16.3248  3.34499e-08
16.3339  4.78121e-08
16.3427  4.31433e-08
16.355  4.30737e-08
16.3641  4.0612e-08
16.3773  3.92218e-08
16.3884  4.3531e-08
16.3997  3.46735e-08
16.4102  6.16484e-08
16.4244  4.76479e-08
16.436  2.62673e-08
16.4486  1.56781e-08
16.4601  3.82827e-08
16.4695  5.78595e-08
16.4806  1.82657e-08
16.4919  3.78842e-08
16.5072  3.92144e-08
16.5133  4.41075e-08
16.5275  2.32491e-08
16.5388  2.16659e-08
16.5505  1.96382e-08
16.5659  3.29016e-08
16.5766  2.96994e-08
16.5887  7.91307e-08
16.6046  2.41548e-08
16.6159  3.6054e-08
16.6262  1.16041e-08
16.6406  2.66315e-08
16.6532  2.07245e-08
16.6646  2.5393e-08
16.6729  1.86537e-08
16.6843  4.34227e-08
16.6996  2.83377e-08
16.7094  3.51912e-09
16.721  2.69004e-08
16.7334  1.81867e-08
16.7468  4.56901e-08
16.76  2.1349e-08
16.7703  8.80409e-09
16.7819  1.54755e-08
16.7913  4.33164e-08
16.8027  2.54881e-08
16.8175  1.13493e-08
16.8265  1.23077e-08
16.8345  1.07142e-08
16.8473  1.83253e-08
16.8616  1.88748e-08
16.8712  3.41136e-08
16.8846  2.18553e-08
16.9007  1.90041e-08
16.9175  1.3909e-08
16.9263  1.51972e-08
16.943  2.27108e-08
16.9601  1.63229e-08
16.9712  2.24722e-08
16.9812  1.97566e-08
17.0008  2.49055e-08
17.0172  1.23073e-08
17.0311  1.93287e-08
17.0442  1.28372e-08
17.0564  1.78965e-08
17.0696  1.53572e-08
17.0789  1.67587e-08
17.0918  4.46208e-09
17.1022  4.40526e-09
17.1188  1.48556e-08
17.1315  1.7575e-08
17.1437  8.56146e-09
17.16  2.41361e-08
17.1787  7.54194e-09
17.1893  1.34471e-08
17.2  1.5326e-08
17.2214  9.00118e-09
17.2403  1.74129e-08
17.251  8.56733e-09
17.2644  9.23203e-09
17.2703  3.59172e-09
17.2833  1.75552e-08
17.2973  1.36606e-08
17.3124  5.94462e-09
17.3338  1.45263e-08
17.3525  5.70843e-09
17.3656  7.22728e-09
17.377  1.40404e-08
17.4023  5.81421e-09
17.4132  1.14785e-08
17.4332  7.5196e-09
17.4478  1.37161e-08
17.4631  1.33651e-08
17.4802  5.959e-09
17.4972  6.5279e-09
17.5132  7.95147e-09
17.5301  2.90453e-09
17.5398  7.87861e-09
17.5534  7.1812e-09
17.5645  2.90652e-09
17.5803  6.85356e-09
17.5956  5.73242e-09
17.6147  8.55517e-09
17.6251  2.92845e-09
17.6414  2.56119e-09
17.6568  9.03318e-09
17.6675  1.05177e-08
17.6841  5.04748e-09
17.6912  3.15281e-09
17.7097  1.67744e-09
17.7297  5.35795e-09
17.7416  3.55452e-09
17.7565  6.17104e-10
17.7731  9.32482e-09
17.7879  6.14204e-09
17.8061  1.6761e-09
17.8146  9.67064e-10
17.8402  6.54508e-09
17.8555  7.11361e-09
17.8668  1.97012e-09
17.8785  4.3052e-09
17.8945  1.3174e-09
17.908  2.92518e-09
17.9154  3.99057e-09
17.9427  6.90492e-09
17.9598  2.83651e-09
17.9911  4.87204e-09
18.0161  2.62003e-09
18.029  1.78825e-09
18.0452  2.31041e-09
18.0584  5.30103e-09
18.0651  2.35403e-09
18.1168  4.10045e-09
18.1268  3.50893e-09
18.1493  3.95718e-09
18.1635  2.44216e-09
18.2059  4.32491e-10
18.2309  3.83327e-09
18.2382  2.35667e-09
18.2687  2.41041e-09
18.278  2.88537e-09
18.2993  5.03591e-10
18.3136  1.39811e-09
18.33  4.85614e-09
18.3429  4.88941e-10
18.3923  2.56222e-10
18.401  2.505e-09
18.4198  1.6024e-09
18.4542  2.6607e-09
18.466  4.04813e-10
18.4893  1.61336e-09
18.5081  1.25947e-09
18.5277  1.9966e-09
18.5527  1.9272e-09
18.6074  1.71379e-09
18.6296  4.24557e-10
18.6431  1.50204e-09
18.6734  1.41816e-09
18.7078  1.12789e-09
18.7305  1.74853e-09
18.7596  4.10767e-10
18.7747  1.43846e-09
18.8458  7.98797e-10
18.8562  2.39189e-10
18.8827  4.36758e-10
18.9273  1.33663e-09
18.9449  1.93801e-09
18.9836  8.99387e-10
19.0334  3.82986e-10
19.105  1.21271e-09
19.1218  3.01022e-10
19.1402  3.71074e-10
19.2227  6.19875e-10
19.2569  3.49077e-10
19.3215  1.07829e-09
19.3581  2.07926e-10
19.3884  3.43802e-10
19.4963  2.08776e-10
19.541  3.19464e-10
19.5972  8.5984e-10
19.7187  2.89846e-10
19.9351  2.57719e-10
19.9718  2.98175e-10
20.2109  2.05508e-10
20.5854  1.42532e-10
