-20.6198  1.09806e-10
-20.2546  1.53943e-10
-20.0131  2.28964e-10
-19.9822  2.01769e-10
-19.7593  2.41482e-10
-19.6478  6.41993e-10
-19.5721  2.71713e-10
-19.5307  1.60841e-10
-19.4087  4.61432e-10
-19.3755  8.41439e-10
-19.2826  4.50022e-10
-19.2681  3.15521e-10
-19.1655  2.25492e-10
-19.1511  1.3183e-09
-19.0404  1.02385e-09
-19.0103  1.17966e-09
-18.9654  1.13313e-09
-18.943  3.22199e-10
-18.924  3.35379e-10
-18.8921  4.79816e-10
-18.8518  3.53909e-10
-18.8032  1.26064e-09
-18.7873  1.41184e-09
-18.7679  1.22221e-09
-18.7379  7.73069e-10
-18.6784  1.31124e-09
-18.6633  1.70163e-09
-18.6018  1.93955e-09
-18.5587  9.40373e-10
-18.5419  2.72187e-09
-18.5253  2.5834e-10
-18.515  1.85046e-09
-18.483  3.97998e-10
-18.4725  3.39745e-10
-18.4358  3.11424e-09
-18.4267  1.97393e-10
-18.4046  2.82354e-09
-18.3588  1.21395e-09
-18.3503  3.76101e-10
-18.3311  3.42579e-09
-18.3196  6.75891e-10
-18.3107  4.38516e-10
-18.292  4.57993e-09
-18.2838  3.84235e-10
-18.2465  1.81451e-09
-18.2289  4.1427e-10
-18.1955  1.9735e-09
-18.1781  5.58466e-09
-18.1631  3.75496e-09
-18.1295  1.99339e-09
-18.1048  2.52381e-09
-18.0767  1.94198e-09
-18.0653  3.84083e-09
-18.0554  1.82774e-09
-18.0367  2.12949e-09
-18.0234  2.81995e-09
-17.9961  4.77606e-09
-17.971  2.29864e-09
-17.9457  4.22584e-09
-17.9322  2.91281e-09
-17.9194  4.63706e-09
-17.906  6.24351e-09
-17.8782  3.75956e-09
-17.8667  1.86112e-09
-17.8539  4.71947e-10
-17.8429  4.55975e-10
-17.8295  5.45496e-09
-17.8161  2.47522e-09
-17.7997  6.88561e-09
-17.7932  2.37946e-09
-17.7839  3.76043e-10
-17.7654  2.77831e-09
-17.7555  3.32315e-09
-17.7435  1.95361e-09
-17.7232  5.74244e-09
-17.7134  4.02656e-09
-17.6987  5.21215e-09
-17.6841  1.2451e-08
-17.6769  8.01712e-10
-17.6629  4.07184e-10
-17.6474  2.54443e-09
-17.6376  3.59064e-09
-17.6254  4.46419e-09
-17.6109  5.96795e-09
-17.5912  3.65589e-09
-17.5732  5.31666e-09
-17.564  1.27416e-08
-17.5459  7.66442e-09
-17.5402  9.67054e-10
-17.5194  4.74801e-09
-17.5095  2.77471e-09
-17.4965  1.16096e-08
-17.471  7.5069e-09
-17.4609  7.08914e-09
-17.4518  7.644e-09
-17.4398  5.33611e-09
-17.4206  1.03331e-08
-17.4127  2.03666e-09
-17.3947  1.81151e-09
-17.3828  1.01325e-08
-17.3608  1.44341e-08
-17.3466  4.94822e-09
-17.3337  9.38141e-09
-17.3214  1.04037e-08
-17.3123  1.22598e-08
-17.2943  1.43273e-08
-17.2815  2.37358e-09
-17.2715  9.7815e-09
-17.2592  6.70679e-09
-17.242  5.018e-09
-17.2316  4.505e-09
-17.2195  1.10774e-08
-17.2014  1.53363e-08
-17.191  2.63535e-08
-17.1797  3.08082e-09
-17.1665  3.22536e-09
-17.1505  1.13212e-08
-17.136  1.4803e-08
-17.1261  4.57248e-09
-17.1121  3.93395e-09
-17.1049  1.20835e-08
-17.0926  1.58449e-08
-17.081  1.65009e-08
-17.0715  1.61949e-08
-17.0529  1.3979e-08
-17.0448  1.11323e-08
-17.0322  1.33269e-08
-17.0159  8.20211e-09
-17.0033  2.20364e-08
-16.986  1.40371e-08
-16.9731  1.26522e-08
-16.9621  2.05181e-08
-16.9495  1.94787e-08
-16.9383  9.09302e-09
-16.9305  1.25193e-08
-16.9169  1.25634e-08
-16.9062  9.80331e-09
-16.8944  1.43412e-08
-16.883  2.08843e-08
-16.8693  1.35676e-08
-16.8587  2.34537e-08
-16.8459  1.6584e-08
-16.8306  2.65313e-08
-16.8206  3.00796e-08
-16.8103  1.49696e-08
-16.7931  9.57513e-09
-16.7819  2.40244e-08
-16.7743  2.95022e-08
-16.7578  1.99115e-08
-16.7423  9.73377e-09
-16.735  7.24412e-09
-16.7249  3.04544e-08
-16.7089  3.4851e-08
-16.7  2.36596e-08
-16.6893  2.00952e-08
-16.677  2.5705e-08
-16.6654  1.23327e-08
-16.6542  3.14472e-08
-16.6408  1.89679e-08
-16.6337  2.15259e-08
-16.6204  2.71843e-08
-16.6086  2.82211e-08
-16.5956  5.15069e-08
-16.5812  2.30249e-08
-16.5708  1.86882e-08
-16.5576  2.53935e-08
-16.5481  2.46235e-08
-16.5339  2.88909e-08
-16.5216  3.61606e-08
-16.5124  2.00611e-08
-16.5013  4.09935e-08
-16.4921  7.72593e-09
-16.4781  5.49462e-08
-16.4673  4.04968e-08
-16.4541  4.63943e-08
-16.4446  1.34029e-08
-16.4351  2.98674e-08
-16.4244  2.70852e-08
-16.4124  4.45174e-08
-16.4027  3.48737e-08
-16.3907  3.418e-08
-16.3777  3.10604e-08
-16.3678  3.72516e-08
-16.3532  5.41476e-08
-16.3423  4.03265e-08
-16.331  4.48932e-08
-16.3241  3.60029e-08
-16.3139  3.0038e-08
-16.3031  1.35086e-08
-16.2899  5.78253e-08
-16.2778  3.95378e-08
-16.2698  3.76798e-08
-16.2585  4.60309e-08
-16.2477  6.34563e-08
-16.2353  4.24815e-08
-16.2243  5.49836e-08
-16.2132  6.2485e-08
-16.2045  5.62483e-08
-16.1926  3.62207e-08
-16.182  3.24597e-08
-16.1706  3.56229e-08
-16.1635  4.16103e-08
-16.1505  7.76035e-08
-16.1403  4.83897e-08
-16.1297  6.04871e-08
-16.1167  4.8261e-08
-16.1045  8.83379e-08
-16.0979  5.47979e-08
-16.085  5.07801e-08
-16.0736  4.50984e-08
-16.0623  7.65523e-08
-16.0509  6.49491e-08
-16.0414  7.41145e-08
-16.0277  4.68784e-08
-16.0158  5.30959e-08
-16.0073  5.91309e-08
-15.9953  5.31354e-08
-15.9839  1.16377e-07
-15.9724  1.02409e-07
-15.9609  6.82221e-08
-15.9515  5.67951e-08
-15.9413  6.33037e-08
-15.9285  4.07223e-08
-15.9196  9.5061e-08
-15.9098  8.61368e-08
-15.8962  6.34601e-08
-15.8866  1.04376e-07
-15.8762  5.17513e-08
-15.8654  9.29057e-08
-15.8545  7.74275e-08
-15.842  1.37528e-07
-15.8302  7.97265e-08
-15.8212  5.90004e-08
-15.8098  8.00626e-08
-15.7994  1.06143e-07
-15.7883  1.48478e-07
-15.7794  5.67762e-08
-15.7683  7.0885e-08
-15.7567  8.6993e-08
-15.7452  1.43446e-07
-15.7334  1.20885e-07
-15.7222  1.09368e-07
-15.7123  8.81187e-08
-15.702  9.75179e-08
-15.6894  1.19972e-07
-15.6795  1.16072e-07
-15.6668  9.65779e-08
-15.658  8.5827e-08
-15.6476  1.0078e-07
-15.6357  1.67694e-07
-15.6249  9.28229e-08
-15.6148  1.4515e-07
-15.6047  1.65873e-07
-15.5944  1.0633e-07
-15.5826  1.08089e-07
-15.5698  1.30012e-07
-15.5602  1.61893e-07
-15.5493  1.27906e-07
-15.5392  1.51251e-07
-15.5276  1.44868e-07
-15.5163  1.3319e-07
-15.5059  1.2944e-07
-15.494  1.70211e-07
-15.4833  1.81034e-07
-15.4719  1.53323e-07
-15.461  1.57502e-07
-15.4485  1.24036e-07
-15.4388  1.26617e-07
-15.429  1.60888e-07
-15.4179  2.19812e-07
-15.4073  1.9208e-07
-15.3975  1.10298e-07
-15.3856  1.99044e-07
-15.3757  1.67409e-07
-15.3642  1.70296e-07
-15.3543  1.73477e-07
-15.3441  1.46654e-07
-15.3343  1.93433e-07
-15.3243  2.07437e-07
-15.3122  1.66181e-07
-15.3023  2.21494e-07
-15.2909  1.75852e-07
-15.2814  2.19724e-07
-15.2703  1.27859e-07
-15.2604  2.27839e-07
-15.2503  2.18786e-07
-15.2385  3.03092e-07
-15.2282  2.07389e-07
-15.2174  2.0374e-07
-15.2053  1.89585e-07
-15.1954  2.24588e-07
-15.1847  2.37618e-07
-15.1747  2.1131e-07
-15.1642  2.74732e-07
-15.1547  1.86925e-07
-15.1417  3.02789e-07
-15.1314  2.46894e-07
-15.1218  2.91012e-07
-15.1115  2.43359e-07
-15.1014  2.48905e-07
-15.0912  2.0064e-07
-15.0789  3.01425e-07
-15.068  2.89186e-07
-15.058  2.82544e-07
-15.048  2.57996e-07
-15.0369  2.94871e-07
-15.0269  2.93592e-07
-15.0142  2.88574e-07
-15.0038  3.30832e-07
-14.9931  3.73778e-07
-14.9807  2.88229e-07
-14.9718  2.95355e-07
-14.9613  2.4284e-07
-14.9512  3.81639e-07
-14.9394  3.40426e-07
-14.928  3.36405e-07
-14.9184  3.66893e-07
-14.9083  3.18278e-07
-14.898  3.13779e-07
-14.8867  4.02982e-07
-14.8762  3.40278e-07
-14.8661  3.56627e-07
-14.8557  3.72977e-07
-14.8453  3.28458e-07
-14.8348  3.45823e-07
-14.8233  4.72648e-07
-14.8132  3.46758e-07
-14.8024  5.02038e-07
-14.7916  3.55723e-07
-14.7804  2.53917e-07
-14.7709  4.76509e-07
-14.7608  4.9411e-07
-14.7493  5.38782e-07
-14.7387  3.6693e-07
-14.7285  3.68733e-07
-14.7182  3.79061e-07
-14.7084  4.03825e-07
-14.698  5.82584e-07
-14.6884  4.2321e-07
-14.6776  5.00184e-07
-14.6664  4.36729e-07
-14.6559  4.84731e-07
-14.6442  4.75448e-07
-14.6342  5.72538e-07
-14.6242  5.00994e-07
-14.6132  5.2076e-07
-14.603  4.58686e-07
-14.5937  5.20903e-07
-14.5832  5.04435e-07
-14.5717  7.01373e-07
-14.5612  4.76293e-07
-14.5516  4.35298e-07
-14.5409  6.23529e-07
-14.5306  5.46695e-07
-14.5191  6.91781e-07
-14.5089  5.42974e-07
-14.4983  6.86915e-07
-14.4885  5.58644e-07
-14.4769  7.00807e-07
-14.4669  5.09637e-07
-14.4561  6.34496e-07
-14.4451  7.40725e-07
-14.4353  6.2571e-07
-14.4233  7.0097e-07
-14.4128  8.05935e-07
-14.4015  6.19862e-07
-14.3918  7.54178e-07
-14.382  6.35353e-07
-14.3708  7.12012e-07
-14.3594  6.5125e-07
-14.3496  7.207e-07
-14.3388  8.17611e-07
-14.3281  8.43427e-07
-14.317  8.55311e-07
-14.3085  6.79144e-07
-14.2963  7.92789e-07
-14.2852  7.87484e-07
-14.2747  8.0319e-07
-14.2643  9.04586e-07
-14.2537  8.3621e-07
-14.2438  7.26109e-07
-14.2329  1.01116e-06
-14.2221  7.56003e-07
-14.2125  8.12356e-07
-14.2019  9.47114e-07
-14.1914  1.0982e-06
-14.1795  8.2744e-07
-14.1682  1.01513e-06
-14.1576  9.1245e-07
-14.1466  1.04479e-06
-14.1362  1.00626e-06
-14.1253  1.12278e-06
-14.1149  8.7647e-07
-14.1049  1.0355e-06
-14.0933  1.00101e-06
-14.0826  1.15714e-06
-14.0711  1.2036e-06
-14.0611  1.0108e-06
-14.0511  1.05738e-06
-14.0399  1.07003e-06
-14.0298  1.09115e-06
-14.0193  1.31095e-06
-14.0078  1.17609e-06
-13.9965  1.26452e-06
-13.9858  1.05969e-06
-13.9757  1.22641e-06
-13.9646  1.31636e-06
-13.9543  1.25703e-06
-13.9435  1.22545e-06
-13.9327  1.34732e-06
-13.9222  1.11444e-06
-13.9118  1.44419e-06
-13.9006  1.39524e-06
-13.89  1.29586e-06
-13.8795  1.46672e-06
-13.8687  1.21544e-06
-13.8579  1.46465e-06
-13.8473  1.52014e-06
-13.836  1.63031e-06
-13.8254  1.47236e-06
-13.815  1.53865e-06
-13.8048  1.02842e-06
-13.7943  1.68923e-06
-13.7831  1.69756e-06
-13.7731  1.50432e-06
-13.7628  1.68478e-06
-13.7525  1.49463e-06
-13.7416  1.41017e-06
-13.7307  1.79983e-06
-13.7209  1.60048e-06
-13.7102  1.68463e-06
-13.6996  1.82627e-06
-13.689  1.59592e-06
-13.6774  1.92878e-06
-13.6669  1.7506e-06
-13.6559  2.05638e-06
-13.6457  1.70452e-06
-13.6346  1.9146e-06
-13.6239  1.79113e-06
-13.6132  1.65262e-06
-13.6031  2.27889e-06
-13.5919  2.27531e-06
-13.5815  1.72316e-06
-13.5712  1.94001e-06
-13.5602  2.01188e-06
-13.5501  2.11088e-06
-13.5389  1.9167e-06
-13.5291  2.04088e-06
-13.5185  2.15585e-06
-13.5077  2.396e-06
-13.4972  2.09639e-06
-13.4864  2.16621e-06
-13.4752  2.5775e-06
-13.4646  2.34348e-06
-13.4533  2.37439e-06
-13.4435  2.19645e-06
-13.4325  2.12278e-06
-13.4223  2.48058e-06
-13.4119  2.58883e-06
-13.4017  2.52938e-06
-13.3907  2.33342e-06
-13.3807  2.27979e-06
-13.3704  2.49414e-06
-13.36  2.39602e-06
-13.3492  3.16998e-06
-13.3384  2.42453e-06
-13.3275  2.94987e-06
-13.3169  2.45217e-06
-13.3063  2.79427e-06
-13.2958  2.82946e-06
-13.2854  2.95728e-06
-13.2749  2.64329e-06
-13.2642  2.96508e-06
-13.2537  2.88572e-06
-13.244  2.74696e-06
-13.2336  2.71707e-06
-13.2234  3.52845e-06
-13.2123  2.79798e-06
-13.2027  2.87123e-06
-13.192  3.36335e-06
-13.1818  2.84124e-06
-13.171  3.40498e-06
-13.1609  3.24903e-06
-13.1501  3.01767e-06
-13.14  3.38406e-06
-13.1299  3.25858e-06
-13.1196  3.43382e-06
-13.1089  3.30586e-06
-13.0991  3.68634e-06
-13.0886  3.46563e-06
-13.0778  3.34107e-06
-13.0679  3.3013e-06
-13.0576  3.61943e-06
-13.0466  4.1704e-06
-13.0361  3.76575e-06
-13.026  3.33607e-06
-13.0158  4.08021e-06
-13.0052  3.70684e-06
-12.9949  3.89584e-06
-12.9844  3.87355e-06
-12.9744  4.12661e-06
-12.9641  3.7043e-06
-12.9535  4.38963e-06
-12.9438  3.79226e-06
-12.9331  4.28938e-06
-12.9225  4.52733e-06
-12.912  4.36354e-06
-12.9017  3.92542e-06
-12.8913  4.42419e-06
-12.8812  4.02258e-06
-12.8707  4.86857e-06
-12.8603  4.32563e-06
-12.8501  4.73482e-06
-12.84  4.83014e-06
-12.8296  4.50361e-06
-12.8189  4.1538e-06
-12.8088  5.08069e-06
-12.7983  4.6137e-06
-12.788  5.62401e-06
-12.7774  4.70818e-06
-12.7674  4.92234e-06
-12.7565  5.42525e-06
-12.7457  5.47406e-06
-12.735  5.26297e-06
-12.7245  5.39583e-06
-12.7144  4.9756e-06
-12.7043  5.10899e-06
-12.6936  5.43632e-06
-12.6835  5.71094e-06
-12.6734  5.28098e-06
-12.6631  5.97905e-06
-12.6525  5.34239e-06
-12.6424  5.50906e-06
-12.6321  5.81141e-06
-12.6218  6.34184e-06
-12.6115  5.88166e-06
-12.6014  6.03835e-06
-12.591  5.46802e-06
-12.5809  6.52284e-06
-12.5699  6.35029e-06
-12.5596  6.33995e-06
-12.5495  6.20665e-06
-12.5393  6.37358e-06
-12.529  6.64743e-06
-12.5185  6.19995e-06
-12.5079  6.95235e-06
-12.4982  6.28956e-06
-12.4877  6.99566e-06
-12.4778  6.90046e-06
-12.4672  6.7653e-06
-12.4572  6.55171e-06
-12.4464  7.48688e-06
-12.4363  7.01947e-06
-12.4261  7.42885e-06
-12.4158  7.59347e-06
-12.4051  7.27926e-06
-12.3947  6.98248e-06
-12.3846  7.97073e-06
-12.3746  7.87773e-06
-12.3641  7.69442e-06
-12.354  7.6867e-06
-12.3433  8.28693e-06
-12.3331  7.20456e-06
-12.3229  8.4014e-06
-12.3125  7.99015e-06
-12.3025  8.68979e-06
-12.292  7.8412e-06
-12.2816  9.16359e-06
-12.2714  7.60607e-06
-12.2611  8.74883e-06
-12.251  9.02842e-06
-12.2407  8.63483e-06
-12.2305  8.54629e-06
-12.2202  9.23786e-06
-12.2098  8.45234e-06
-12.2  9.5751e-06
-12.1894  9.40084e-06
-12.1793  8.9236e-06
-12.1688  9.10114e-06
-12.1587  1.01566e-05
-12.1486  9.26494e-06
-12.1384  9.29775e-06
-12.1281  1.02108e-05
-12.118  1.04206e-05
-12.1075  9.28846e-06
-12.0975  1.05586e-05
-12.0869  9.8342e-06
-12.0767  1.05934e-05
-12.0664  1.06776e-05
-12.0565  1.03298e-05
-12.0459  1.05295e-05
-12.036  1.13985e-05
-12.0254  9.93444e-06
-12.0153  1.13426e-05
-12.0052  1.12857e-05
-11.9953  1.05509e-05
-11.9841  1.27492e-05
-11.9738  1.17118e-05
-11.9629  1.14589e-05
-11.9531  1.12707e-05
-11.9429  1.24944e-05
-11.9326  1.14553e-05
-11.9221  1.35064e-05
-11.9116  1.1293e-05
-11.9011  1.2967e-05
-11.891  1.15065e-05
-11.8811  1.31974e-05
-11.8709  1.21281e-05
-11.8605  1.37378e-05
-11.8501  1.21255e-05
-11.8399  1.33274e-05
-11.8299  1.26353e-05
-11.8197  1.39775e-05
-11.8094  1.3453e-05
-11.7992  1.347e-05
-11.789  1.33675e-05
-11.7787  1.45735e-05
-11.7686  1.37677e-05
-11.7586  1.40904e-05
-11.7482  1.44112e-05
-11.738  1.47332e-05
-11.7276  1.39071e-05
-11.7175  1.56489e-05
-11.7071  1.43227e-05
-11.6971  1.47233e-05
-11.687  1.55019e-05
-11.6769  1.50547e-05
-11.6669  1.4827e-05
-11.6566  1.63427e-05
-11.6463  1.57238e-05
-11.6362  1.57965e-05
-11.6261  1.58619e-05
-11.6161  1.62872e-05
-11.6056  1.59583e-05
-11.5954  1.75125e-05
-11.585  1.59627e-05
-11.5747  1.81007e-05
-11.5643  1.70919e-05
-11.5543  1.72975e-05
-11.544  1.61319e-05
-11.5339  1.83969e-05
-11.5235  1.69739e-05
-11.5135  1.92722e-05
-11.5034  1.66508e-05
-11.4934  1.83999e-05
-11.483  1.78647e-05
-11.4732  1.90907e-05
-11.4627  1.80978e-05
-11.4527  1.93366e-05
-11.4425  1.90238e-05
-11.4325  2.01739e-05
-11.4221  1.7574e-05
-11.4121  2.05731e-05
-11.4017  1.94339e-05
-11.3923  1.99777e-05
-11.3818  1.97368e-05
-11.3715  2.12963e-05
-11.3614  1.9685e-05
-11.3513  2.13248e-05
-11.3409  2.09777e-05
-11.3309  2.06853e-05
-11.3205  2.27164e-05
-11.3106  2.10585e-05
-11.3004  2.08821e-05
-11.2901  2.22601e-05
-11.2799  2.25662e-05
-11.2693  2.49588e-05
-11.2586  2.22773e-05
-11.2485  2.2993e-05
-11.2381  2.27756e-05
-11.2276  2.55226e-05
-11.2168  2.37629e-05
-11.2069  2.36472e-05
-11.1966  2.3724e-05
-11.1867  2.32751e-05
-11.1766  2.43253e-05
-11.1664  2.49426e-05
-11.156  2.47185e-05
-11.1462  2.44076e-05
-11.1361  2.5629e-05
-11.126  2.50019e-05
-11.1158  2.54894e-05
-11.1058  2.63124e-05
-11.0954  2.59892e-05
-11.0855  2.59172e-05
-11.0753  2.6898e-05
-11.065  2.69199e-05
-11.0551  2.71645e-05
-11.0447  2.72573e-05
-11.0346  2.72144e-05
-11.0242  2.98723e-05
-11.0137  2.90772e-05
-11.0035  2.73919e-05
-10.9932  2.96043e-05
-10.983  2.73154e-05
-10.9729  3.06081e-05
-10.9628  2.90738e-05
-10.9526  3.0525e-05
-10.9423  2.87274e-05
-10.9325  3.10041e-05
-10.9222  2.87319e-05
-10.9121  3.1691e-05
-10.902  3.11408e-05
-10.8918  3.14593e-05
-10.8816  3.00607e-05
-10.8716  3.25957e-05
-10.8614  3.0674e-05
-10.8514  3.4902e-05
-10.8411  3.10182e-05
-10.8311  3.34122e-05
-10.8209  3.18728e-05
-10.8108  3.51319e-05
-10.8006  3.26585e-05
-10.7904  3.52627e-05
-10.7803  3.28009e-05
-10.7703  3.60065e-05
-10.7594  3.85834e-05
-10.7489  3.52137e-05
-10.7387  3.49206e-05
-10.7284  3.74114e-05
-10.7176  3.93345e-05
-10.7073  3.71727e-05
-10.697  3.52726e-05
-10.687  3.82871e-05
-10.6767  3.69098e-05
-10.6665  3.87384e-05
-10.6564  3.78224e-05
-10.6463  3.96226e-05
-10.6362  3.68315e-05
-10.6261  4.06224e-05
-10.6159  3.81567e-05
-10.6058  4.04913e-05
-10.5957  4.01397e-05
-10.5856  4.17271e-05
-10.5749  4.24751e-05
-10.5645  4.22794e-05
-10.5538  4.37426e-05
-10.5434  4.22825e-05
-10.5333  4.22191e-05
-10.5233  4.30094e-05
-10.5128  4.2294e-05
-10.5029  4.37686e-05
-10.4927  4.33752e-05
-10.4826  4.46873e-05
-10.4718  4.91819e-05
-10.4612  4.45116e-05
-10.451  4.57276e-05
-10.4408  4.51365e-05
-10.4308  4.55936e-05
-10.4207  4.63615e-05
-10.4105  4.65642e-05
-10.4004  4.6257e-05
-10.3903  4.81905e-05
-10.3801  4.78498e-05
-10.37  4.82764e-05
-10.3598  4.78441e-05
-10.3497  4.96251e-05
-10.3396  4.88503e-05
-10.3295  5.06531e-05
-10.3193  4.92716e-05
-10.3092  4.98621e-05
-10.2985  5.81342e-05
-10.2879  5.19278e-05
-10.2777  5.07464e-05
-10.2677  5.15444e-05
-10.2575  5.31537e-05
-10.2474  5.25573e-05
-10.2373  5.41929e-05
-10.2272  5.4923e-05
-10.217  5.32155e-05
-10.207  5.42546e-05
-10.1968  5.58258e-05
-10.1866  5.58336e-05
-10.1766  5.58955e-05
-10.1664  5.65623e-05
-10.1563  5.57247e-05
-10.1463  5.93206e-05
-10.1359  5.79758e-05
-10.1255  6.33535e-05
-10.1149  5.85082e-05
-10.1048  5.93204e-05
-10.0947  5.86302e-05
-10.0847  6.13649e-05
-10.0744  6.00629e-05
-10.0645  5.99144e-05
-10.0537  6.79947e-05
-10.0431  6.35225e-05
-10.0329  6.32563e-05
-10.023  6.24437e-05
-10.0126  6.32466e-05
-10.0025  6.39954e-05
-9.99241  6.5044e-05
-9.98257  6.43973e-05
-9.97223  6.65614e-05
-9.9623  6.39532e-05
-9.95201  6.92149e-05
-9.94197  6.51116e-05
-9.93172  6.86524e-05
-9.92176  6.79034e-05
-9.91149  6.92613e-05
-9.90164  6.68401e-05
-9.89125  7.12484e-05
-9.88126  6.87689e-05
-9.87064  7.95209e-05
-9.86006  7.02733e-05
-9.84971  7.27417e-05
-9.83991  6.80091e-05
-9.82962  7.81946e-05
-9.81946  7.15014e-05
-9.80879  8.14668e-05
-9.79819  7.52799e-05
-9.78803  7.40308e-05
-9.77822  7.41346e-05
-9.76781  8.03381e-05
-9.75763  7.47427e-05
-9.74752  7.7376e-05
-9.7375  7.87288e-05
-9.72732  7.86554e-05
-9.71733  7.69577e-05
-9.70664  8.95983e-05
-9.69608  7.7079e-05
-9.68579  8.49361e-05
-9.67579  7.82422e-05
-9.66523  9.14502e-05
-9.6547  8.04729e-05
-9.64455  8.71804e-05
-9.63441  7.72479e-05
-9.6238  9.90134e-05
-9.61344  7.95288e-05
-9.6033  8.93853e-05
-9.593  8.35965e-05
-9.58298  9.08759e-05
-9.57267  8.39385e-05
-9.56279  9.30561e-05
-9.55265  8.29577e-05
-9.54213  0.000100221
-9.53151  8.78726e-05
-9.52161  9.36708e-05
-9.51105  8.97014e-05
-9.50123  9.45286e-05
-9.49102  9.03127e-05
-9.48106  9.38044e-05
-9.47081  9.23882e-05
-9.46096  9.5748e-05
-9.45058  9.46389e-05
-9.44063  9.73798e-05
-9.4298  0.000106248
-9.41919  9.82169e-05
-9.40908  9.9254e-05
-9.39859  0.000106988
-9.38769  0.000100989
-9.37786  9.7807e-05
-9.36762  0.000102248
-9.35755  0.000102315
-9.34737  0.000101325
-9.3369  0.000109554
-9.32631  0.000106653
-9.31632  0.00010354
-9.3061  0.000104665
-9.29609  0.000104452
-9.28595  0.000109072
-9.27581  0.000106507
-9.26517  0.000119781
-9.25469  0.000104371
-9.24455  0.000112456
-9.23458  0.000109184
-9.22435  0.000110747
-9.21434  0.000110403
-9.20421  0.000115629
-9.19414  0.000108443
-9.18407  0.000116529
-9.17412  0.000109981
-9.16394  0.000119791
-9.15392  0.000116929
-9.1436  0.000116938
-9.13348  0.000115555
-9.12352  0.000122106
-9.1134  0.000116708
-9.10317  0.000121722
-9.09324  0.000118318
-9.08302  0.00012405
-9.073  0.00012111
-9.06233  0.000136564
-9.05187  0.000120186
-9.04169  0.000129265
-9.03169  0.000122726
-9.02093  0.000139778
-9.0104  0.000128199
-9.00028  0.000130199
-8.99018  0.000125052
-8.97999  0.000133495
-8.96994  0.000128815
-8.95969  0.000136193
-8.94955  0.000131229
-8.93951  0.000130389
-8.92956  0.000134073
-8.91941  0.000135453
-8.90951  0.000132408
-8.89917  0.000141147
-8.88912  0.000137864
-8.87899  0.000137072
-8.86896  0.00013711
-8.85871  0.000143911
-8.84892  0.000137767
-8.8386  0.00014374
-8.82867  0.000140345
-8.81856  0.000142244
-8.80853  0.000145334
-8.79827  0.000150896
-8.78832  0.000139948
-8.77794  0.000152114
-8.76807  0.000146971
-8.75782  0.000147941
-8.74781  0.000152262
-8.73759  0.000150986
-8.72772  0.000146821
-8.71743  0.000156727
-8.70753  0.000150625
-8.69736  0.000154171
-8.68739  0.000157094
-8.67711  0.000158584
-8.66722  0.000150673
-8.65702  0.00016436
-8.64695  0.000156634
-8.63686  0.000160182
-8.6264  0.000173888
-8.61575  0.000165127
-8.60573  0.000159226
-8.59552  0.000172218
-8.58549  0.000158573
-8.57543  0.000168099
-8.56522  0.000167927
-8.5551  0.00016864
-8.54519  0.000165894
-8.53498  0.000174867
-8.52485  0.000166701
-8.51489  0.000174403
-8.50468  0.000171815
-8.49466  0.000175745
-8.48471  0.000168981
-8.47452  0.000182726
-8.4644  0.000174887
-8.45434  0.000179905
-8.44406  0.000179518
-8.43408  0.000181214
-8.42405  0.000176505
-8.4139  0.000187803
-8.40382  0.000179316
-8.39377  0.000186357
-8.38351  0.000186589
-8.37349  0.00018717
-8.3635  0.000182687
-8.35332  0.000193797
-8.34322  0.000186358
-8.33325  0.000192931
-8.32299  0.000192023
-8.31292  0.000192403
-8.30292  0.000193308
-8.29267  0.000200953
-8.28263  0.000191491
-8.27263  0.000195864
-8.2624  0.000203821
-8.25232  0.000197869
-8.24232  0.000199069
-8.23158  0.000223813
-8.22112  0.000199884
-8.21109  0.00020856
-8.20086  0.000201742
-8.19084  0.000207611
-8.1808  0.00020325
-8.17065  0.000217376
-8.16064  0.00020281
-8.1505  0.000211998
-8.1404  0.000212261
-8.13038  0.000215638
-8.12033  0.000206486
-8.11018  0.00022415
-8.10021  0.000209942
-8.09001  0.000221481
-8.07996  0.000216951
-8.06989  0.000220991
-8.05978  0.000221101
-8.04961  0.00022797
-8.03961  0.000217247
-8.02945  0.000226482
-8.01945  0.000226598
-8.00931  0.000229215
-7.99922  0.000224651
-7.98902  0.00023725
-7.97895  0.000226668
-7.96884  0.000234844
-7.95833  0.000252415
-7.94782  0.00023577
-7.93775  0.000234467
-7.92757  0.000241258
-7.91764  0.00022895
-7.90748  0.000249658
-7.89732  0.00023411
-7.8874  0.000242047
-7.87724  0.00024477
-7.86708  0.000249347
-7.85707  0.000236681
-7.84695  0.00025413
-7.83682  0.000243509
-7.82683  0.000254266
-7.81668  0.000243841
-7.80663  0.000257797
-7.7966  0.000244567
-7.78656  0.000261148
-7.77633  0.000254708
-7.76624  0.000259418
-7.75601  0.000256523
-7.74604  0.000264208
-7.73533  0.000280203
-7.72487  0.000266937
-7.71462  0.000259973
-7.70476  0.000264156
-7.69451  0.000266004
-7.68449  0.000267019
-7.67433  0.00026761
-7.66439  0.000271142
-7.65413  0.000269086
-7.64419  0.000271215
-7.63393  0.000279161
-7.62337  0.000300235
-7.61266  0.000279301
-7.60266  0.000271194
-7.59253  0.000281501
-7.5826  0.000276486
-7.57238  0.000289208
-7.56231  0.00027286
-7.55226  0.000288128
-7.54217  0.000286904
-7.532  0.000285669
-7.52203  0.000285452
-7.51138  0.000320936
-7.50075  0.000290375
-7.49068  0.000294102
-7.48054  0.00029265
-7.47047  0.000293919
-7.4604  0.000296461
-7.45031  0.000298113
-7.44006  0.000301383
-7.43006  0.000298445
-7.41996  0.000302565
-7.40991  0.000299479
-7.39987  0.000302728
-7.38982  0.000306096
-7.37918  0.000337419
-7.36885  0.000302319
-7.35866  0.000311613
-7.34856  0.000313555
-7.33847  0.000311679
-7.32848  0.000313284
-7.31817  0.000320204
-7.30824  0.000314906
-7.29763  0.00034492
-7.28715  0.000320883
-7.27696  0.000321914
-7.26699  0.00032229
-7.2567  0.000332064
-7.2462  0.000349288
-7.23548  0.000335483
-7.2253  0.000336126
-7.21512  0.000323491
-7.20523  0.000329887
-7.19492  0.000340578
-7.185  0.000324776
-7.17484  0.000340009
-7.16483  0.000339823
-7.15455  0.000336668
-7.14469  0.00034137
-7.13443  0.00034194
-7.12453  0.000339303
-7.11425  0.000347459
-7.10428  0.000352201
-7.09401  0.000341596
-7.08406  0.000354632
-7.07374  0.000350267
-7.06391  0.000348236
-7.05311  0.00039392
-7.04265  0.000352466
-7.03243  0.000355544
-7.02257  0.000360041
-7.01221  0.000360117
-7.00246  0.000352261
-6.99219  0.000371256
-6.98215  0.000363676
-6.97199  0.000358857
-6.96218  0.000370845
-6.95174  0.000371893
-6.94197  0.000362453
-6.93177  0.000374962
-6.92175  0.000374153
-6.91153  0.000373827
-6.90162  0.000377684
-6.89135  0.000371824
-6.88163  0.000380501
-6.87126  0.000382617
-6.86126  0.000382428
-6.85112  0.000382416
-6.84116  0.000389868
-6.83086  0.000379821
-6.82109  0.000391325
-6.81082  0.000386202
-6.80083  0.000398385
-6.79067  0.00038585
-6.78072  0.000397537
-6.77044  0.000398949
-6.7605  0.000403697
-6.74961  0.000437319
-6.73911  0.000402322
-6.72897  0.000404862
-6.71897  0.000400214
-6.70875  0.000405298
-6.69895  0.00040059
-6.68862  0.000418574
-6.67863  0.000405437
-6.6685  0.000413347
-6.65795  0.000450338
-6.64722  0.000424173
-6.63726  0.00040742
-6.62668  0.000456159
-6.61629  0.000411344
-6.60617  0.000432199
-6.59559  0.000448156
-6.58506  0.000439478
-6.57489  0.000416317
-6.56481  0.000432555
-6.55474  0.000424071
-6.54462  0.000437384
-6.53454  0.000420539
-6.5245  0.000444567
-6.51433  0.000426405
-6.50426  0.000447097
-6.49415  0.000426586
-6.48409  0.000446908
-6.47407  0.000428599
-6.46397  0.000458719
-6.45379  0.000430919
-6.44327  0.000500153
-6.43255  0.000444562
-6.42249  0.000451931
-6.41241  0.000447506
-6.40228  0.000457742
-6.39218  0.000444443
-6.38219  0.000464864
-6.37204  0.000442722
-6.36202  0.000465337
-6.35202  0.000454694
-6.34179  0.000471307
-6.33176  0.000448768
-6.32175  0.000474534
-6.3116  0.000454186
-6.30159  0.000478166
-6.29155  0.000457694
-6.28127  0.000488281
-6.27129  0.000456393
-6.26117  0.000485135
-6.25104  0.000467674
-6.24092  0.000490881
-6.23093  0.000458239
-6.22071  0.000498434
-6.21078  0.000467372
-6.20053  0.000498896
-6.19044  0.000474345
-6.18028  0.000505097
-6.17023  0.000468693
-6.15999  0.000508407
-6.15004  0.000479938
-6.13936  0.000546906
-6.12902  0.000468873
-6.11897  0.000520633
-6.10884  0.000469545
-6.09874  0.000526699
-6.08877  0.000477522
-6.07855  0.000519168
-6.06854  0.000480479
-6.05803  0.00057687
-6.0474  0.000480718
-6.03734  0.000537693
-6.02726  0.000479562
-6.0167  0.000582281
-6.00599  0.000502207
-5.9961  0.00051946
-5.98585  0.000500402
-5.97588  0.000543497
-5.96578  0.000487269
-5.95574  0.00054277
-5.94551  0.000507749
-5.93566  0.000530718
-5.92537  0.000515748
-5.91543  0.000539838
-5.90535  0.00049716
-5.89535  0.000556078
-5.88511  0.000518701
-5.87525  0.00052871
-5.86451  0.000584808
-5.85409  0.000545402
-5.84378  0.000526906
-5.83388  0.000545511
-5.82359  0.000533354
-5.81377  0.000541215
-5.80354  0.000540424
-5.79358  0.000549915
-5.78332  0.000536874
-5.77346  0.000553761
-5.76317  0.000543072
-5.75329  0.000554389
-5.74299  0.00054854
-5.73305  0.000557269
-5.72286  0.00054673
-5.71292  0.00056703
-5.70261  0.000545335
-5.6928  0.000567927
-5.68245  0.000558472
-5.67255  0.000558306
-5.66244  0.000557574
-5.65242  0.000579415
-5.64209  0.000555709
-5.63224  0.000575738
-5.6215  0.000613584
-5.61111  0.000578614
-5.60088  0.000560806
-5.59092  0.000588773
-5.58015  0.000616349
-5.56945  0.000629753
-5.55872  0.000572174
-5.54884  0.000585924
-5.53852  0.000575508
-5.52861  0.000588598
-5.5183  0.000576737
-5.50852  0.000587994
-5.49821  0.000575616
-5.48833  0.000599999
-5.47806  0.000576909
-5.46814  0.000603672
-5.45783  0.000579038
-5.44807  0.00059774
-5.43779  0.000580325
-5.4279  0.000612976
-5.4176  0.000582965
-5.40767  0.000614112
-5.39734  0.000590319
-5.38751  0.000609442
-5.37715  0.000591871
-5.36731  0.000617555
-5.35706  0.000587003
-5.34711  0.000628655
-5.33676  0.000593113
-5.32696  0.000618713
-5.31654  0.000609909
-5.30615  0.000681989
-5.29537  0.000593515
-5.28555  0.000633135
-5.27456  0.000683923
-5.26424  0.000601209
-5.25393  0.000634707
-5.24408  0.000607446
-5.23371  0.000634679
-5.22383  0.00061391
-5.21347  0.000639935
-5.20357  0.000606827
-5.19323  0.000649869
-5.18279  0.000679356
-5.17202  0.000633208
-5.16214  0.000620407
-5.15187  0.000646942
-5.142  0.000609122
-5.13173  0.000656353
-5.12178  0.000618155
-5.11158  0.000644163
-5.10167  0.000629825
-5.09136  0.000655308
-5.0814  0.000619955
-5.07118  0.000661318
-5.06129  0.000624094
-5.05106  0.000653224
-5.04108  0.000637189
-5.03085  0.000657808
-5.02095  0.000632112
-5.01062  0.000672443
-5.00068  0.000623431
-4.99053  0.000663595
-4.98057  0.000647276
-4.9703  0.000660589
-4.96044  0.000632754
-4.95017  0.000681237
-4.94022  0.000637269
-4.93001  0.0006654
-4.9201  0.000646079
-4.90986  0.000672381
-4.90003  0.000640388
-4.88971  0.000683043
-4.87982  0.00064229
-4.8696  0.0006732
-4.8597  0.000659472
-4.84936  0.000677476
-4.83952  0.000646965
-4.82923  0.000689462
-4.81933  0.000655286
-4.80906  0.000671557
-4.79916  0.000673228
-4.78886  0.000674655
-4.77903  0.000663372
-4.76866  0.000691841
-4.75884  0.000656923
-4.74855  0.000683067
-4.73871  0.0006738
-4.72789  0.000751406
-4.71755  0.000662414
-4.70724  0.000702723
-4.69696  0.000715983
-4.68619  0.000706363
-4.67627  0.000670442
-4.66597  0.000694975
-4.65608  0.000670098
-4.64579  0.000709098
-4.6359  0.000663444
-4.62557  0.000709408
-4.61567  0.000674588
-4.60543  0.000697615
-4.59554  0.000681833
-4.58517  0.000709395
-4.57495  0.000722578
-4.56427  0.000716553
-4.55434  0.000676646
-4.54408  0.000711246
-4.53418  0.000676865
-4.52389  0.000724005
-4.51398  0.000668774
-4.50378  0.000713409
-4.49388  0.000689353
-4.48361  0.000711722
-4.47369  0.000683146
-4.46349  0.000716501
-4.4536  0.000683245
-4.44329  0.000727749
-4.43331  0.000693469
-4.42305  0.000714752
-4.41314  0.000687877
-4.40289  0.000731129
-4.39293  0.000684738
-4.38271  0.000727207
-4.37271  0.000696034
-4.36243  0.000730416
-4.35244  0.000692022
-4.34222  0.000737611
-4.33219  0.000684618
-4.32205  0.000734772
-4.31205  0.000694823
-4.30184  0.000733592
-4.29186  0.000687329
-4.28176  0.000740391
-4.27172  0.000693147
-4.26156  0.000736198
-4.25156  0.000694004
-4.24139  0.000741105
-4.23097  0.000751914
-4.22048  0.000742588
-4.21042  0.000687687
-4.2003  0.000755131
-4.19019  0.000695838
-4.1801  0.000743029
-4.17001  0.00069666
-4.15993  0.000752805
-4.14987  0.000687589
-4.1393  0.000827409
-4.12877  0.000678708
-4.11879  0.000765234
-4.10856  0.000699293
-4.09801  0.000823814
-4.0873  0.000700969
-4.07736  0.000760003
-4.06701  0.000704582
-4.05708  0.00075045
-4.04684  0.000707145
-4.03687  0.000750251
-4.02676  0.000699596
-4.01677  0.000762369
-4.00646  0.000703751
-3.99653  0.000758252
-3.9864  0.000698556
-3.97641  0.000754981
-3.96637  0.000695224
-3.95637  0.000768266
-3.9462  0.000696472
-3.93615  0.00077458
-3.92596  0.000701591
-3.91587  0.000769805
-3.90576  0.000699202
-3.89566  0.000773546
-3.88551  0.000701547
-3.87545  0.000772121
-3.86539  0.000690425
-3.85538  0.000772978
-3.84536  0.000691083
-3.83528  0.000777472
-3.82521  0.000697407
-3.81508  0.000780881
-3.80502  0.000695838
-3.79493  0.000774553
-3.78491  0.000699995
-3.77476  0.000774769
-3.76479  0.000697366
-3.75465  0.000781338
-3.74454  0.000701752
-3.73442  0.000780847
-3.72436  0.00070198
-3.71419  0.00077695
-3.7042  0.000703571
-3.69363  0.000843485
-3.68305  0.000698169
-3.67314  0.000773425
-3.66302  0.000705498
-3.65247  0.000848272
-3.64182  0.000711419
-3.6319  0.000758549
-3.62167  0.000723577
-3.61175  0.000765464
-3.60154  0.000712791
-3.59162  0.000762982
-3.58142  0.000722994
-3.57147  0.000760006
-3.56123  0.000726977
-3.55124  0.000766231
-3.54094  0.000725952
-3.531  0.000763532
-3.52083  0.000712923
-3.51096  0.000756981
-3.5008  0.000723192
-3.49082  0.00076736
-3.48054  0.000723913
-3.47065  0.000758313
-3.46046  0.000719682
-3.4505  0.000768012
-3.44031  0.000719107
-3.43034  0.000762681
-3.42013  0.000721766
-3.41023  0.000763098
-3.40004  0.000717312
-3.39004  0.00077125
-3.37989  0.000710603
-3.3699  0.000774819
-3.35963  0.000725919
-3.34965  0.000759442
-3.33947  0.000720159
-3.32941  0.000778522
-3.31919  0.000718916
-3.30918  0.000761215
-3.29901  0.000722467
-3.28904  0.000764148
-3.27887  0.00071699
-3.26882  0.000771815
-3.25809  0.000798383
-3.24759  0.000758607
-3.23736  0.000733077
-3.22747  0.000738398
-3.21724  0.000742131
-3.20721  0.000756064
-3.19709  0.00071916
-3.18708  0.000757265
-3.17683  0.000736217
-3.1669  0.000742082
-3.15679  0.000725168
-3.14681  0.000754083
-3.13671  0.000712278
-3.12677  0.000759264
-3.11658  0.000727991
-3.1066  0.000743414
-3.09647  0.000728258
-3.08641  0.000761224
-3.07628  0.00070958
-3.06624  0.000771918
-3.05601  0.000715546
-3.04601  0.000756088
-3.0359  0.000715976
-3.02583  0.000764437
-3.01568  0.000705602
-3.00572  0.000765454
-2.99551  0.000717167
-2.98547  0.000751259
-2.97543  0.000707933
-2.96545  0.000759442
-2.95533  0.000702636
-2.94535  0.000761439
-2.93529  0.000701519
-2.92522  0.000764034
-2.91506  0.000710852
-2.90503  0.000758718
-2.89489  0.000702162
-2.8849  0.000758744
-2.87482  0.000703337
-2.86476  0.00075606
-2.85471  0.000700848
-2.84471  0.000755139
-2.8346  0.000700432
-2.82456  0.000763659
-2.81442  0.000699236
-2.8044  0.000750029
-2.79438  0.000701351
-2.78429  0.00075915
-2.77358  0.000775266
-2.76317  0.000745438
-2.75303  0.000702034
-2.74306  0.000746559
-2.73285  0.000715698
-2.72281  0.000737527
-2.71268  0.00070845
-2.70269  0.00074521
-2.69247  0.000705657
-2.68247  0.000745781
-2.67217  0.000717956
-2.66208  0.000742074
-2.65189  0.000707486
-2.64189  0.000736218
-2.63162  0.000717688
-2.62117  0.000795089
-2.60986  0.000803752
-2.59928  0.000724319
-2.58908  0.000712944
-2.57913  0.000724641
-2.56889  0.000716509
-2.5589  0.000721478
-2.54873  0.000706295
-2.53883  0.000722788
-2.52856  0.000716456
-2.51859  0.00071437
-2.50841  0.00071366
-2.4984  0.000722304
-2.48816  0.000707721
-2.47818  0.000722922
-2.46797  0.000703399
-2.45805  0.000713969
-2.44785  0.000709688
-2.43788  0.000712486
-2.42773  0.000698692
-2.41779  0.000720571
-2.4076  0.000695654
-2.3976  0.000720746
-2.38741  0.000699277
-2.37746  0.000710191
-2.36729  0.000698776
-2.35726  0.000722616
-2.34703  0.000692417
-2.33699  0.000724224
-2.32685  0.000683867
-2.31685  0.000719407
-2.30667  0.000684989
-2.29677  0.000712056
-2.2866  0.000688285
-2.27658  0.000715203
-2.26644  0.000683562
-2.25642  0.000715357
-2.24626  0.00068554
-2.23627  0.000707365
-2.22612  0.00068378
-2.21615  0.000710137
-2.20602  0.000674701
-2.196  0.000714189
-2.18588  0.000679714
-2.17581  0.000711694
-2.16562  0.000678374
-2.15562  0.000709119
-2.14545  0.000675554
-2.13545  0.000705309
-2.12531  0.000679777
-2.11524  0.000700278
-2.10513  0.000675198
-2.09513  0.000703256
-2.08499  0.000669373
-2.07505  0.000694241
-2.06492  0.000678235
-2.05485  0.000698888
-2.04468  0.000674252
-2.03468  0.000692976
-2.02456  0.000671015
-2.01456  0.000691058
-2.00442  0.000674126
-1.9944  0.000688605
-1.98426  0.000672066
-1.97427  0.000684169
-1.96418  0.00067037
-1.95416  0.000682963
-1.94402  0.000674294
-1.93394  0.000690034
-1.92369  0.000673798
-1.91366  0.000679488
-1.90352  0.000674695
-1.89345  0.000676349
-1.88326  0.000675396
-1.87326  0.000672967
-1.86316  0.000661752
-1.85319  0.000672527
-1.84306  0.00067233
-1.83301  0.00067053
-1.82286  0.000665434
-1.81291  0.00066585
-1.80282  0.000660844
-1.79278  0.000673143
-1.78267  0.000662917
-1.77262  0.000665411
-1.76247  0.000664991
-1.7525  0.000661552
-1.74238  0.000658505
-1.73234  0.000666942
-1.72226  0.000657657
-1.71217  0.000665801
-1.70201  0.000659928
-1.692  0.000658202
-1.68189  0.000655689
-1.67185  0.000661438
-1.66179  0.000649545
-1.65169  0.000662326
-1.64153  0.000661882
-1.63144  0.000654971
-1.62135  0.000648424
-1.61132  0.000659433
-1.60124  0.000640912
-1.59116  0.000663276
-1.58111  0.000641436
-1.57106  0.000655157
-1.56096  0.000641388
-1.55092  0.000660094
-1.54082  0.000638071
-1.5307  0.000661016
-1.52058  0.000641421
-1.51047  0.000653487
-1.50038  0.000640014
-1.49025  0.000657954
-1.48013  0.000632152
-1.47004  0.000659865
-1.45996  0.000629432
-1.44988  0.000648632
-1.43982  0.000634368
-1.4297  0.000654581
-1.41965  0.000619655
-1.40963  0.000651789
-1.39961  0.000622796
-1.3895  0.000650444
-1.37943  0.000627894
-1.36932  0.000648833
-1.35929  0.000616565
-1.34918  0.000656037
-1.33914  0.000614076
-1.32904  0.000648437
-1.319  0.000619486
-1.3089  0.000644431
-1.29889  0.000615162
-1.28875  0.00065117
-1.27863  0.000616429
-1.26848  0.000650705
-1.25837  0.00061809
-1.24824  0.00063565
-1.23824  0.000616386
-1.22814  0.000638667
-1.21807  0.000616448
-1.20795  0.00063918
-1.19788  0.000612451
-1.18773  0.000637256
-1.17771  0.00061534
-1.16759  0.000629367
-1.15755  0.00061241
-1.14751  0.000630336
-1.13746  0.000606758
-1.12741  0.000626364
-1.11749  0.000607783
-1.10735  0.000628243
-1.09727  0.000611983
-1.08723  0.000624674
-1.07713  0.000611116
-1.06699  0.000627088
-1.05697  0.000607841
-1.04687  0.000618988
-1.03679  0.000615508
-1.02668  0.000617596
-1.01663  0.000607204
-1.00656  0.000619457
-0.996539  0.000603407
-0.986471  0.000613997
-0.97641  0.000613307
-0.966262  0.000616869
-0.956171  0.000604638
-0.945621  0.000675081
-0.935079  0.000600691
-0.924955  0.00062154
-0.914881  0.000599026
-0.904877  0.000605622
-0.894769  0.000613087
-0.884644  0.000610085
-0.874555  0.000601111
-0.864429  0.000616795
-0.854266  0.000607951
-0.84415  0.000602899
-0.83409  0.000605747
-0.823942  0.000612612
-0.813807  0.000597765
-0.803769  0.000604876
-0.793748  0.000598001
-0.783643  0.000602796
-0.773606  0.000598095
-0.763556  0.000603536
-0.753451  0.000599321
-0.743352  0.000601824
-0.733283  0.000600233
-0.723183  0.000598933
-0.713149  0.000595299
-0.703058  0.000601655
-0.693025  0.00059132
-0.682949  0.000601789
-0.672411  0.000648265
-0.661854  0.000601791
-0.651773  0.000592937
-0.641161  0.000660122
-0.63056  0.000594072
-0.620472  0.000596481
-0.610383  0.000594871
-0.600269  0.000600527
-0.590148  0.000588992
-0.58016  0.000589503
-0.57017  0.000588835
-0.560059  0.000596872
-0.55  0.000588092
-0.539935  0.000597393
-0.529339  0.000642597
-0.518817  0.000595579
-0.508772  0.000584564
-0.498662  0.000598164
-0.488529  0.000590706
-0.478423  0.000593642
-0.468375  0.000580751
-0.458295  0.000602235
-0.448143  0.000582799
-0.4381  0.000591049
-0.428056  0.000586554
-0.417928  0.000592635
-0.407849  0.000583343
-0.397814  0.000593019
-0.387727  0.000579373
-0.377687  0.000590853
-0.367643  0.000583805
-0.357536  0.000590003
-0.347463  0.000584177
-0.337445  0.000583845
-0.327361  0.000587744
-0.317236  0.000591128
-0.307116  0.000586043
-0.297004  0.000587181
-0.286902  0.000590878
-0.276764  0.000584454
-0.266697  0.000583069
-0.256659  0.000586723
-0.246545  0.000585737
-0.236405  0.00058829
-0.226345  0.000583699
-0.216234  0.000585144
-0.206066  0.000593713
-0.195981  0.000579157
-0.185968  0.000579641
-0.175804  0.000597032
-0.165635  0.000583825
-0.155572  0.000577636
-0.145521  0.000589766
-0.135401  0.000583403
-0.125314  0.000580405
-0.115275  0.000584011
-0.105205  0.000583833
-0.0951203  0.000577798
-0.0851123  0.00058559
-0.0750724  0.00057599
-0.0650079  0.000583756
-0.0549311  0.000586206
-0.044836  0.000583089
-0.0347057  0.000584076
-0.0246249  0.000585728
-0.0145439  0.000579269
-0.00476024  0.000551632
0.00476024  0.000551632
0.0145439  0.000579269
0.0246249  0.000585728
0.0347057  0.000584076
0.044836  0.000583089
0.0549311  0.000586206
0.0650079  0.000583756
0.0750724  0.00057599
0.0851123  0.00058559
0.0951203  0.000577798
0.105205  0.000583833
0.115275  0.000584011
0.125314  0.000580405
0.135401  0.000583403
0.145521  0.000589766
0.155572  0.000577636
0.165635  0.000583825
0.175804  0.000597032
0.185968  0.000579641
0.195981  0.000579157
0.206066  0.000593713
0.216234  0.000585144
0.226345  0.000583699
0.236405  0.00058829
0.246545  0.000585737
0.256659  0.000586723
0.266697  0.000583069
0.276764  0.000584454
0.286902  0.000590878
0.297004  0.000587181
0.307116  0.000586043
0.317236  0.000591128
0.327361  0.000587744
0.337445  0.000583845
0.347463  0.000584177
0.357536  0.000590003
0.367643  0.000583805
0.377687  0.000590853
0.387727  0.000579373
0.397814  0.000593019
0.407849  0.000583343
0.417928  0.000592635
0.428056  0.000586554
0.4381  0.000591049
0.448143  0.000582799
0.458295  0.000602235
0.468375  0.000580751
0.478423  0.000593642
0.488529  0.000590706
0.498662  0.000598164
0.508772  0.000584564
0.518817  0.000595579
0.529339  0.000642597
0.539935  0.000597393
0.55  0.000588092
0.560059  0.000596872
0.57017  0.000588835
0.58016  0.000589503
0.590148  0.000588992
0.600269  0.000600527
0.610383  0.000594871
0.620472  0.000596481
0.63056  0.000594072
0.641161  0.000660122
0.651773  0.000592937
0.661854  0.000601791
0.672411  0.000648265
0.682949  0.000601789
0.693025  0.00059132
0.703058  0.000601655
0.713149  0.000595299
0.723183  0.000598933
0.733283  0.000600233
0.743352  0.000601824
0.753451  0.000599321
0.763556  0.000603536
0.773606  0.000598095
0.783643  0.000602796
0.793748  0.000598001
0.803769  0.000604876
0.813807  0.000597765
0.823942  0.000612612
0.83409  0.000605747
0.84415  0.000602899
0.854266  0.000607951
0.864429  0.000616795
0.874555  0.000601111
0.884644  0.000610085
0.894769  0.000613087
0.904877  0.000605622
0.914881  0.000599026
0.924955  0.00062154
0.935079  0.000600691
0.945621  0.000675081
0.956171  0.000604638
0.966262  0.000616869
0.97641  0.000613307
0.986471  0.000613997
0.996539  0.000603407
1.00656  0.000619457
1.01663  0.000607204
1.02668  0.000617596
1.03679  0.000615508
1.04687  0.000618988
1.05697  0.000607841
1.06699  0.000627088
1.07713  0.000611116
1.08723  0.000624674
1.09727  0.000611983
1.10735  0.000628243
1.11749  0.000607783
1.12741  0.000626364
1.13746  0.000606758
1.14751  0.000630336
1.15755  0.00061241
1.16759  0.000629367
1.17771  0.00061534
1.18773  0.000637256
1.19788  0.000612451
1.20795  0.00063918
1.21807  0.000616448
1.22814  0.000638667
1.23824  0.000616386
1.24824  0.00063565
1.25837  0.00061809
1.26848  0.000650705
1.27863  0.000616429
1.28875  0.00065117
1.29889  0.000615162
1.3089  0.000644431
1.319  0.000619486
1.32904  0.000648437
1.33914  0.000614076
1.34918  0.000656037
1.35929  0.000616565
1.36932  0.000648833
1.37943  0.000627894
1.3895  0.000650444
1.39961  0.000622796
1.40963  0.000651789
1.41965  0.000619655
1.4297  0.000654581
1.43982  0.000634368
1.44988  0.000648632
1.45996  0.000629432
1.47004  0.000659865
1.48013  0.000632152
1.49025  0.000657954
1.50038  0.000640014
1.51047  0.000653487
1.52058  0.000641421
1.5307  0.000661016
1.54082  0.000638071
1.55092  0.000660094
1.56096  0.000641388
1.57106  0.000655157
1.58111  0.000641436
1.59116  0.000663276
1.60124  0.000640912
1.61132  0.000659433
1.62135  0.000648424
1.63144  0.000654971
1.64153  0.000661882
1.65169  0.000662326
1.66179  0.000649545
1.67185  0.000661438
1.68189  0.000655689
1.692  0.000658202
1.70201  0.000659928
1.71217  0.000665801
1.72226  0.000657657
1.73234  0.000666942
1.74238  0.000658505
1.7525  0.000661552
1.76247  0.000664991
1.77262  0.000665411
1.78267  0.000662917
1.79278  0.000673143
1.80282  0.000660844
1.81291  0.00066585
1.82286  0.000665434
1.83301  0.00067053
1.84306  0.00067233
1.85319  0.000672527
1.86316  0.000661752
1.87326  0.000672967
1.88326  0.000675396
1.89345  0.000676349
1.90352  0.000674695
1.91366  0.000679488
1.92369  0.000673798
1.93394  0.000690034
1.94402  0.000674294
1.95416  0.000682963
1.96418  0.00067037
1.97427  0.000684169
1.98426  0.000672066
1.9944  0.000688605
2.00442  0.000674126
2.01456  0.000691058
2.02456  0.000671015
2.03468  0.000692976
2.04468  0.000674252
2.05485  0.000698888
2.06492  0.000678235
2.07505  0.000694241
2.08499  0.000669373
2.09513  0.000703256
2.10513  0.000675198
2.11524  0.000700278
2.12531  0.000679777
2.13545  0.000705309
2.14545  0.000675554
2.15562  0.000709119
2.16562  0.000678374
2.17581  0.000711694
2.18588  0.000679714
2.196  0.000714189
2.20602  0.000674701
2.21615  0.000710137
2.22612  0.00068378
2.23627  0.000707365
2.24626  0.00068554
2.25642  0.000715357
2.26644  0.000683562
2.27658  0.000715203
2.2866  0.000688285
2.29677  0.000712056
2.30667  0.000684989
2.31685  0.000719407
2.32685  0.000683867
2.33699  0.000724224
2.34703  0.000692417
2.35726  0.000722616
2.36729  0.000698776
2.37746  0.000710191
2.38741  0.000699277
2.3976  0.000720746
2.4076  0.000695654
2.41779  0.000720571
2.42773  0.000698692
2.43788  0.000712486
2.44785  0.000709688
2.45805  0.000713969
2.46797  0.000703399
2.47818  0.000722922
2.48816  0.000707721
2.4984  0.000722304
2.50841  0.00071366
2.51859  0.00071437
2.52856  0.000716456
2.53883  0.000722788
2.54873  0.000706295
2.5589  0.000721478
2.56889  0.000716509
2.57913  0.000724641
2.58908  0.000712944
2.59928  0.000724319
2.60986  0.000803752
2.62117  0.000795089
2.63162  0.000717688
2.64189  0.000736218
2.65189  0.000707486
2.66208  0.000742074
2.67217  0.000717956
2.68247  0.000745781
2.69247  0.000705657
2.70269  0.00074521
2.71268  0.00070845
2.72281  0.000737527
2.73285  0.000715698
2.74306  0.000746559
2.75303  0.000702034
2.76317  0.000745438
2.77358  0.000775266
2.78429  0.00075915
2.79438  0.000701351
2.8044  0.000750029
2.81442  0.000699236
2.82456  0.000763659
2.8346  0.000700432
2.84471  0.000755139
2.85471  0.000700848
2.86476  0.00075606
2.87482  0.000703337
2.8849  0.000758744
2.89489  0.000702162
2.90503  0.000758718
2.91506  0.000710852
2.92522  0.000764034
2.93529  0.000701519
2.94535  0.000761439
2.95533  0.000702636
2.96545  0.000759442
2.97543  0.000707933
2.98547  0.000751259
2.99551  0.000717167
3.00572  0.000765454
3.01568  0.000705602
3.02583  0.000764437
3.0359  0.000715976
3.04601  0.000756088
3.05601  0.000715546
3.06624  0.000771918
3.07628  0.00070958
3.08641  0.000761224
3.09647  0.000728258
3.1066  0.000743414
3.11658  0.000727991
3.12677  0.000759264
3.13671  0.000712278
3.14681  0.000754083
3.15679  0.000725168
3.1669  0.000742082
3.17683  0.000736217
3.18708  0.000757265
3.19709  0.00071916
3.20721  0.000756064
3.21724  0.000742131
3.22747  0.000738398
3.23736  0.000733077
3.24759  0.000758607
3.25809  0.000798383
3.26882  0.000771815
3.27887  0.00071699
3.28904  0.000764148
3.29901  0.000722467
3.30918  0.000761215
3.31919  0.000718916
3.32941  0.000778522
3.33947  0.000720159
3.34965  0.000759442
3.35963  0.000725919
3.3699  0.000774819
3.37989  0.000710603
3.39004  0.00077125
3.40004  0.000717312
3.41023  0.000763098
3.42013  0.000721766
3.43034  0.000762681
3.44031  0.000719107
3.4505  0.000768012
3.46046  0.000719682
3.47065  0.000758313
3.48054  0.000723913
3.49082  0.00076736
3.5008  0.000723192
3.51096  0.000756981
3.52083  0.000712923
3.531  0.000763532
3.54094  0.000725952
3.55124  0.000766231
3.56123  0.000726977
3.57147  0.000760006
3.58142  0.000722994
3.59162  0.000762982
3.60154  0.000712791
3.61175  0.000765464
3.62167  0.000723577
3.6319  0.000758549
3.64182  0.000711419
3.65247  0.000848272
3.66302  0.000705498
3.67314  0.000773425
3.68305  0.000698169
3.69363  0.000843485
3.7042  0.000703571
3.71419  0.00077695
3.72436  0.00070198
3.73442  0.000780847
3.74454  0.000701752
3.75465  0.000781338
3.76479  0.000697366
3.77476  0.000774769
3.78491  0.000699995
3.79493  0.000774553
3.80502  0.000695838
3.81508  0.000780881
3.82521  0.000697407
3.83528  0.000777472
3.84536  0.000691083
3.85538  0.000772978
3.86539  0.000690425
3.87545  0.000772121
3.88551  0.000701547
3.89566  0.000773546
3.90576  0.000699202
3.91587  0.000769805
3.92596  0.000701591
3.93615  0.00077458
3.9462  0.000696472
3.95637  0.000768266
3.96637  0.000695224
3.97641  0.000754981
3.9864  0.000698556
3.99653  0.000758252
4.00646  0.000703751
4.01677  0.000762369
4.02676  0.000699596
4.03687  0.000750251
4.04684  0.000707145
4.05708  0.00075045
4.06701  0.000704582
4.07736  0.000760003
4.0873  0.000700969
4.09801  0.000823814
4.10856  0.000699293
4.11879  0.000765234
4.12877  0.000678708
4.1393  0.000827409
4.14987  0.000687589
4.15993  0.000752805
4.17001  0.00069666
4.1801  0.000743029
4.19019  0.000695838
4.2003  0.000755131
4.21042  0.000687687
4.22048  0.000742588
4.23097  0.000751914
4.24139  0.000741105
4.25156  0.000694004
4.26156  0.000736198
4.27172  0.000693147
4.28176  0.000740391
4.29186  0.000687329
4.30184  0.000733592
4.31205  0.000694823
4.32205  0.000734772
4.33219  0.000684618
4.34222  0.000737611
4.35244  0.000692022
4.36243  0.000730416
4.37271  0.000696034
4.38271  0.000727207
4.39293  0.000684738
4.40289  0.000731129
4.41314  0.000687877
4.42305  0.000714752
4.43331  0.000693469
4.44329  0.000727749
4.4536  0.000683245
4.46349  0.000716501
4.47369  0.000683146
4.48361  0.000711722
4.49388  0.000689353
4.50378  0.000713409
4.51398  0.000668774
4.52389  0.000724005
4.53418  0.000676865
4.54408  0.000711246
4.55434  0.000676646
4.56427  0.000716553
4.57495  0.000722578
4.58517  0.000709395
4.59554  0.000681833
4.60543  0.000697615
4.61567  0.000674588
4.62557  0.000709408
4.6359  0.000663444
4.64579  0.000709098
4.65608  0.000670098
4.66597  0.000694975
4.67627  0.000670442
4.68619  0.000706363
4.69696  0.000715983
4.70724  0.000702723
4.71755  0.000662414
4.72789  0.000751406
4.73871  0.0006738
4.74855  0.000683067
4.75884  0.000656923
4.76866  0.000691841
4.77903  0.000663372
4.78886  0.000674655
4.79916  0.000673228
4.80906  0.000671557
4.81933  0.000655286
4.82923  0.000689462
4.83952  0.000646965
4.84936  0.000677476
4.8597  0.000659472
4.8696  0.0006732
4.87982  0.00064229
4.88971  0.000683043
4.90003  0.000640388
4.90986  0.000672381
4.9201  0.000646079
4.93001  0.0006654
4.94022  0.000637269
4.95017  0.000681237
4.96044  0.000632754
4.9703  0.000660589
4.98057  0.000647276
4.99053  0.000663595
5.00068  0.000623431
5.01062  0.000672443
5.02095  0.000632112
5.03085  0.000657808
5.04108  0.000637189
5.05106  0.000653224
5.06129  0.000624094
5.07118  0.000661318
5.0814  0.000619955
5.09136  0.000655308
5.10167  0.000629825
5.11158  0.000644163
5.12178  0.000618155
5.13173  0.000656353
5.142  0.000609122
5.15187  0.000646942
5.16214  0.000620407
5.17202  0.000633208
5.18279  0.000679356
5.19323  0.000649869
5.20357  0.000606827
5.21347  0.000639935
5.22383  0.00061391
5.23371  0.000634679
5.24408  0.000607446
5.25393  0.000634707
5.26424  0.000601209
5.27456  0.000683923
5.28555  0.000633135
5.29537  0.000593515
5.30615  0.000681989
5.31654  0.000609909
5.32696  0.000618713
5.33676  0.000593113
5.34711  0.000628655
5.35706  0.000587003
5.36731  0.000617555
5.37715  0.000591871
5.38751  0.000609442
5.39734  0.000590319
5.40767  0.000614112
5.4176  0.000582965
5.4279  0.000612976
5.43779  0.000580325
5.44807  0.00059774
5.45783  0.000579038
5.46814  0.000603672
5.47806  0.000576909
5.48833  0.000599999
5.49821  0.000575616
5.50852  0.000587994
5.5183  0.000576737
5.52861  0.000588598
5.53852  0.000575508
5.54884  0.000585924
5.55872  0.000572174
5.56945  0.000629753
5.58015  0.000616349
5.59092  0.000588773
5.60088  0.000560806
5.61111  0.000578614
5.6215  0.000613584
5.63224  0.000575738
5.64209  0.000555709
5.65242  0.000579415
5.66244  0.000557574
5.67255  0.000558306
5.68245  0.000558472
5.6928  0.000567927
5.70261  0.000545335
5.71292  0.00056703
5.72286  0.00054673
5.73305  0.000557269
5.74299  0.00054854
5.75329  0.000554389
5.76317  0.000543072
5.77346  0.000553761
5.78332  0.000536874
5.79358  0.000549915
5.80354  0.000540424
5.81377  0.000541215
5.82359  0.000533354
5.83388  0.000545511
5.84378  0.000526906
5.85409  0.000545402
5.86451  0.000584808
5.87525  0.00052871
5.88511  0.000518701
5.89535  0.000556078
5.90535  0.00049716
5.91543  0.000539838
5.92537  0.000515748
5.93566  0.000530718
5.94551  0.000507749
5.95574  0.00054277
5.96578  0.000487269
5.97588  0.000543497
5.98585  0.000500402
5.9961  0.00051946
6.00599  0.000502207
6.0167  0.000582281
6.02726  0.000479562
6.03734  0.000537693
6.0474  0.000480718
6.05803  0.00057687
6.06854  0.000480479
6.07855  0.000519168
6.08877  0.000477522
6.09874  0.000526699
6.10884  0.000469545
6.11897  0.000520633
6.12902  0.000468873
6.13936  0.000546906
6.15004  0.000479938
6.15999  0.000508407
6.17023  0.000468693
6.18028  0.000505097
6.19044  0.000474345
6.20053  0.000498896
6.21078  0.000467372
6.22071  0.000498434
6.23093  0.000458239
6.24092  0.000490881
6.25104  0.000467674
6.26117  0.000485135
6.27129  0.000456393
6.28127  0.000488281
6.29155  0.000457694
6.30159  0.000478166
6.3116  0.000454186
6.32175  0.000474534
6.33176  0.000448768
6.34179  0.000471307
6.35202  0.000454694
6.36202  0.000465337
6.37204  0.000442722
6.38219  0.000464864
6.39218  0.000444443
6.40228  0.000457742
6.41241  0.000447506
6.42249  0.000451931
6.43255  0.000444562
6.44327  0.000500153
6.45379  0.000430919
6.46397  0.000458719
6.47407  0.000428599
6.48409  0.000446908
6.49415  0.000426586
6.50426  0.000447097
6.51433  0.000426405
6.5245  0.000444567
6.53454  0.000420539
6.54462  0.000437384
6.55474  0.000424071
6.56481  0.000432555
6.57489  0.000416317
6.58506  0.000439478
6.59559  0.000448156
6.60617  0.000432199
6.61629  0.000411344
6.62668  0.000456159
6.63726  0.00040742
6.64722  0.000424173
6.65795  0.000450338
6.6685  0.000413347
6.67863  0.000405437
6.68862  0.000418574
6.69895  0.00040059
6.70875  0.000405298
6.71897  0.000400214
6.72897  0.000404862
6.73911  0.000402322
6.74961  0.000437319
6.7605  0.000403697
6.77044  0.000398949
6.78072  0.000397537
6.79067  0.00038585
6.80083  0.000398385
6.81082  0.000386202
6.82109  0.000391325
6.83086  0.000379821
6.84116  0.000389868
6.85112  0.000382416
6.86126  0.000382428
6.87126  0.000382617
6.88163  0.000380501
6.89135  0.000371824
6.90162  0.000377684
6.91153  0.000373827
6.92175  0.000374153
6.93177  0.000374962
6.94197  0.000362453
6.95174  0.000371893
6.96218  0.000370845
6.97199  0.000358857
6.98215  0.000363676
6.99219  0.000371256
7.00246  0.000352261
7.01221  0.000360117
7.02257  0.000360041
7.03243  0.000355544
7.04265  0.000352466
7.05311  0.00039392
7.06391  0.000348236
7.07374  0.000350267
7.08406  0.000354632
7.09401  0.000341596
7.10428  0.000352201
7.11425  0.000347459
7.12453  0.000339303
7.13443  0.00034194
7.14469  0.00034137
7.15455  0.000336668
7.16483  0.000339823
7.17484  0.000340009
7.185  0.000324776
7.19492  0.000340578
7.20523  0.000329887
7.21512  0.000323491
7.2253  0.000336126
7.23548  0.000335483
7.2462  0.000349288
7.2567  0.000332064
7.26699  0.00032229
7.27696  0.000321914
7.28715  0.000320883
7.29763  0.00034492
7.30824  0.000314906
7.31817  0.000320204
7.32848  0.000313284
7.33847  0.000311679
7.34856  0.000313555
7.35866  0.000311613
7.36885  0.000302319
7.37918  0.000337419
7.38982  0.000306096
7.39987  0.000302728
7.40991  0.000299479
7.41996  0.000302565
7.43006  0.000298445
7.44006  0.000301383
7.45031  0.000298113
7.4604  0.000296461
7.47047  0.000293919
7.48054  0.00029265
7.49068  0.000294102
7.50075  0.000290375
7.51138  0.000320936
7.52203  0.000285452
7.532  0.000285669
7.54217  0.000286904
7.55226  0.000288128
7.56231  0.00027286
7.57238  0.000289208
7.5826  0.000276486
7.59253  0.000281501
7.60266  0.000271194
7.61266  0.000279301
7.62337  0.000300235
7.63393  0.000279161
7.64419  0.000271215
7.65413  0.000269086
7.66439  0.000271142
7.67433  0.00026761
7.68449  0.000267019
7.69451  0.000266004
7.70476  0.000264156
7.71462  0.000259973
7.72487  0.000266937
7.73533  0.000280203
7.74604  0.000264208
7.75601  0.000256523
7.76624  0.000259418
7.77633  0.000254708
7.78656  0.000261148
7.7966  0.000244567
7.80663  0.000257797
7.81668  0.000243841
7.82683  0.000254266
7.83682  0.000243509
7.84695  0.00025413
7.85707  0.000236681
7.86708  0.000249347
7.87724  0.00024477
7.8874  0.000242047
7.89732  0.00023411
7.90748  0.000249658
7.91764  0.00022895
7.92757  0.000241258
7.93775  0.000234467
7.94782  0.00023577
7.95833  0.000252415
7.96884  0.000234844
7.97895  0.000226668
7.98902  0.00023725
7.99922  0.000224651
8.00931  0.000229215
8.01945  0.000226598
8.02945  0.000226482
8.03961  0.000217247
8.04961  0.00022797
8.05978  0.000221101
8.06989  0.000220991
8.07996  0.000216951
8.09001  0.000221481
8.10021  0.000209942
8.11018  0.00022415
8.12033  0.000206486
8.13038  0.000215638
8.1404  0.000212261
8.1505  0.000211998
8.16064  0.00020281
8.17065  0.000217376
8.1808  0.00020325
8.19084  0.000207611
8.20086  0.000201742
8.21109  0.00020856
8.22112  0.000199884
8.23158  0.000223813
8.24232  0.000199069
8.25232  0.000197869
8.2624  0.000203821
8.27263  0.000195864
8.28263  0.000191491
8.29267  0.000200953
8.30292  0.000193308
8.31292  0.000192403
8.32299  0.000192023
8.33325  0.000192931
8.34322  0.000186358
8.35332  0.000193797
8.3635  0.000182687
8.37349  0.00018717
8.38351  0.000186589
8.39377  0.000186357
8.40382  0.000179316
8.4139  0.000187803
8.42405  0.000176505
8.43408  0.000181214
8.44406  0.000179518
8.45434  0.000179905
8.4644  0.000174887
8.47452  0.000182726
8.48471  0.000168981
8.49466  0.000175745
8.50468  0.000171815
8.51489  0.000174403
8.52485  0.000166701
8.53498  0.000174867
8.54519  0.000165894
8.5551  0.00016864
8.56522  0.000167927
8.57543  0.000168099
8.58549  0.000158573
8.59552  0.000172218
8.60573  0.000159226
8.61575  0.000165127
8.6264  0.000173888
8.63686  0.000160182
8.64695  0.000156634
8.65702  0.00016436
8.66722  0.000150673
8.67711  0.000158584
8.68739  0.000157094
8.69736  0.000154171
8.70753  0.000150625
8.71743  0.000156727
8.72772  0.000146821
8.73759  0.000150986
8.74781  0.000152262
8.75782  0.000147941
8.76807  0.000146971
8.77794  0.000152114
8.78832  0.000139948
8.79827  0.000150896
8.80853  0.000145334
8.81856  0.000142244
8.82867  0.000140345
8.8386  0.00014374
8.84892  0.000137767
8.85871  0.000143911
8.86896  0.00013711
8.87899  0.000137072
8.88912  0.000137864
8.89917  0.000141147
8.90951  0.000132408
8.91941  0.000135453
8.92956  0.000134073
8.93951  0.000130389
8.94955  0.000131229
8.95969  0.000136193
8.96994  0.000128815
8.97999  0.000133495
8.99018  0.000125052
9.00028  0.000130199
9.0104  0.000128199
9.02093  0.000139778
9.03169  0.000122726
9.04169  0.000129265
9.05187  0.000120186
9.06233  0.000136564
9.073  0.00012111
9.08302  0.00012405
9.09324  0.000118318
9.10317  0.000121722
9.1134  0.000116708
9.12352  0.000122106
9.13348  0.000115555
9.1436  0.000116938
9.15392  0.000116929
9.16394  0.000119791
9.17412  0.000109981
9.18407  0.000116529
9.19414  0.000108443
9.20421  0.000115629
9.21434  0.000110403
9.22435  0.000110747
9.23458  0.000109184
9.24455  0.000112456
9.25469  0.000104371
9.26517  0.000119781
9.27581  0.000106507
9.28595  0.000109072
9.29609  0.000104452
9.3061  0.000104665
9.31632  0.00010354
9.32631  0.000106653
9.3369  0.000109554
9.34737  0.000101325
9.35755  0.000102315
9.36762  0.000102248
9.37786  9.7807e-05
9.38769  0.000100989
9.39859  0.000106988
9.40908  9.9254e-05
9.41919  9.82169e-05
9.4298  0.000106248
9.44063  9.73798e-05
9.45058  9.46389e-05
9.46096  9.5748e-05
9.47081  9.23882e-05
9.48106  9.38044e-05
9.49102  9.03127e-05
9.50123  9.45286e-05
9.51105  8.97014e-05
9.52161  9.36708e-05
9.53151  8.78726e-05
9.54213  0.000100221
9.55265  8.29577e-05
9.56279  9.30561e-05
9.57267  8.39385e-05
9.58298  9.08759e-05
9.593  8.35965e-05
9.6033  8.93853e-05
9.61344  7.95288e-05
9.6238  9.90134e-05
9.63441  7.72479e-05
9.64455  8.71804e-05
9.6547  8.04729e-05
9.66523  9.14502e-05
9.67579  7.82422e-05
9.68579  8.49361e-05
9.69608  7.7079e-05
9.70664  8.95983e-05
9.71733  7.69577e-05
9.72732  7.86554e-05
9.7375  7.87288e-05
9.74752  7.7376e-05
9.75763  7.47427e-05
9.76781  8.03381e-05
9.77822  7.41346e-05
9.78803  7.40308e-05
9.79819  7.52799e-05
9.80879  8.14668e-05
9.81946  7.15014e-05
9.82962  7.81946e-05
9.83991  6.80091e-05
9.84971  7.27417e-05
9.86006  7.02733e-05
9.87064  7.95209e-05
9.88126  6.87689e-05
9.89125  7.12484e-05
9.90164  6.68401e-05
9.91149  6.92613e-05
9.92176  6.79034e-05
9.93172  6.86524e-05
9.94197  6.51116e-05
9.95201  6.92149e-05
9.9623  6.39532e-05
9.97223  6.65614e-05
9.98257  6.43973e-05
9.99241  6.5044e-05
10.0025  6.39954e-05
10.0126  6.32466e-05
10.023  6.24437e-05
10.0329  6.32563e-05
10.0431  6.35225e-05
10.0537  6.79947e-05
10.0645  5.99144e-05
10.0744  6.00629e-05
10.0847  6.13649e-05
10.0947  5.86302e-05
10.1048  5.93204e-05
10.1149  5.85082e-05
10.1255  6.33535e-05
10.1359  5.79758e-05
10.1463  5.93206e-05
10.1563  5.57247e-05
10.1664  5.65623e-05
10.1766  5.58955e-05
10.1866  5.58336e-05
10.1968  5.58258e-05
10.207  5.42546e-05
10.217  5.32155e-05
10.2272  5.4923e-05
10.2373  5.41929e-05
10.2474  5.25573e-05
10.2575  5.31537e-05
10.2677  5.15444e-05
10.2777  5.07464e-05
10.2879  5.19278e-05
10.2985  5.81342e-05
10.3092  4.98621e-05
10.3193  4.92716e-05
10.3295  5.06531e-05
10.3396  4.88503e-05
10.3497  4.96251e-05
10.3598  4.78441e-05
10.37  4.82764e-05
10.3801  4.78498e-05
10.3903  4.81905e-05
10.4004  4.6257e-05
10.4105  4.65642e-05
10.4207  4.63615e-05
10.4308  4.55936e-05
10.4408  4.51365e-05
10.451  4.57276e-05
10.4612  4.45116e-05
10.4718  4.91819e-05
10.4826  4.46873e-05
10.4927  4.33752e-05
10.5029  4.37686e-05
10.5128  4.2294e-05
10.5233  4.30094e-05
10.5333  4.22191e-05
10.5434  4.22825e-05
10.5538  4.37426e-05
10.5645  4.22794e-05
10.5749  4.24751e-05
10.5856  4.17271e-05
10.5957  4.01397e-05
10.6058  4.04913e-05
10.6159  3.81567e-05
10.6261  4.06224e-05
10.6362  3.68315e-05
10.6463  3.96226e-05
10.6564  3.78224e-05
10.6665  3.87384e-05
10.6767  3.69098e-05
10.687  3.82871e-05
10.697  3.52726e-05
10.7073  3.71727e-05
10.7176  3.93345e-05
10.7284  3.74114e-05
10.7387  3.49206e-05
10.7489  3.52137e-05
10.7594  3.85834e-05
10.7703  3.60065e-05
10.7803  3.28009e-05
10.7904  3.52627e-05
10.8006  3.26585e-05
10.8108  3.51319e-05
10.8209  3.18728e-05
10.8311  3.34122e-05
10.8411  3.10182e-05
10.8514  3.4902e-05
10.8614  3.0674e-05
10.8716  3.25957e-05
10.8816  3.00607e-05
10.8918  3.14593e-05
10.902  3.11408e-05
10.9121  3.1691e-05
10.9222  2.87319e-05
10.9325  3.10041e-05
10.9423  2.87274e-05
10.9526  3.0525e-05
10.9628  2.90738e-05
10.9729  3.06081e-05
10.983  2.73154e-05
10.9932  2.96043e-05
11.0035  2.73919e-05
11.0137  2.90772e-05
11.0242  2.98723e-05
11.0346  2.72144e-05
11.0447  2.72573e-05
11.0551  2.71645e-05
11.065  2.69199e-05
11.0753  2.6898e-05
11.0855  2.59172e-05
11.0954  2.59892e-05
11.1058  2.63124e-05
11.1158  2.54894e-05
11.126  2.50019e-05
11.1361  2.5629e-05
11.1462  2.44076e-05
11.156  2.47185e-05
11.1664  2.49426e-05
11.1766  2.43253e-05
11.1867  2.32751e-05
11.1966  2.3724e-05
11.2069  2.36472e-05
11.2168  2.37629e-05
11.2276  2.55226e-05
11.2381  2.27756e-05
11.2485  2.2993e-05
11.2586  2.22773e-05
11.2693  2.49588e-05
11.2799  2.25662e-05
11.2901  2.22601e-05
11.3004  2.08821e-05
11.3106  2.10585e-05
11.3205  2.27164e-05
11.3309  2.06853e-05
11.3409  2.09777e-05
11.3513  2.13248e-05
11.3614  1.9685e-05
11.3715  2.12963e-05
11.3818  1.97368e-05
11.3923  1.99777e-05
11.4017  1.94339e-05
11.4121  2.05731e-05
11.4221  1.7574e-05
11.4325  2.01739e-05
11.4425  1.90238e-05
11.4527  1.93366e-05
11.4627  1.80978e-05
11.4732  1.90907e-05
11.483  1.78647e-05
11.4934  1.83999e-05
11.5034  1.66508e-05
11.5135  1.92722e-05
11.5235  1.69739e-05
11.5339  1.83969e-05
11.544  1.61319e-05
11.5543  1.72975e-05
11.5643  1.70919e-05
11.5747  1.81007e-05
11.585  1.59627e-05
11.5954  1.75125e-05
11.6056  1.59583e-05
11.6161  1.62872e-05
11.6261  1.58619e-05
11.6362  1.57965e-05
11.6463  1.57238e-05
11.6566  1.63427e-05
11.6669  1.4827e-05
11.6769  1.50547e-05
11.687  1.55019e-05
11.6971  1.47233e-05
11.7071  1.43227e-05
11.7175  1.56489e-05
11.7276  1.39071e-05
11.738  1.47332e-05
11.7482  1.44112e-05
11.7586  1.40904e-05
11.7686  1.37677e-05
11.7787  1.45735e-05
11.789  1.33675e-05
11.7992  1.347e-05
11.8094  1.3453e-05
11.8197  1.39775e-05
11.8299  1.26353e-05
11.8399  1.33274e-05
11.8501  1.21255e-05
11.8605  1.37378e-05
11.8709  1.21281e-05
11.8811  1.31974e-05
11.891  1.15065e-05
11.9011  1.2967e-05
11.9116  1.1293e-05
11.9221  1.35064e-05
11.9326  1.14553e-05
11.9429  1.24944e-05
11.9531  1.12707e-05
11.9629  1.14589e-05
11.9738  1.17118e-05
11.9841  1.27492e-05
11.9953  1.05509e-05
12.0052  1.12857e-05
12.0153  1.13426e-05
12.0254  9.93444e-06
12.036  1.13985e-05
12.0459  1.05295e-05
12.0565  1.03298e-05
12.0664  1.06776e-05
12.0767  1.05934e-05
12.0869  9.8342e-06
12.0975  1.05586e-05
12.1075  9.28846e-06
12.118  1.04206e-05
12.1281  1.02108e-05
12.1384  9.29775e-06
12.1486  9.26494e-06
12.1587  1.01566e-05
12.1688  9.10114e-06
12.1793  8.9236e-06
12.1894  9.40084e-06
12.2  9.5751e-06
12.2098  8.45234e-06
12.2202  9.23786e-06
12.2305  8.54629e-06
12.2407  8.63483e-06
12.251  9.02842e-06
12.2611  8.74883e-06
12.2714  7.60607e-06
12.2816  9.16359e-06
12.292  7.8412e-06
12.3025  8.68979e-06
12.3125  7.99015e-06
12.3229  8.4014e-06
12.3331  7.20456e-06
12.3433  8.28693e-06
12.354  7.6867e-06
12.3641  7.69442e-06
12.3746  7.87773e-06
12.3846  7.97073e-06
12.3947  6.98248e-06
12.4051  7.27926e-06
12.4158  7.59347e-06
12.4261  7.42885e-06
12.4363  7.01947e-06
12.4464  7.48688e-06
12.4572  6.55171e-06
12.4672  6.7653e-06
12.4778  6.90046e-06
12.4877  6.99566e-06
12.4982  6.28956e-06
12.5079  6.95235e-06
12.5185  6.19995e-06
12.529  6.64743e-06
12.5393  6.37358e-06
12.5495  6.20665e-06
12.5596  6.33995e-06
12.5699  6.35029e-06
12.5809  6.52284e-06
12.591  5.46802e-06
12.6014  6.03835e-06
12.6115  5.88166e-06
12.6218  6.34184e-06
12.6321  5.81141e-06
12.6424  5.50906e-06
12.6525  5.34239e-06
12.6631  5.97905e-06
12.6734  5.28098e-06
12.6835  5.71094e-06
12.6936  5.43632e-06
12.7043  5.10899e-06
12.7144  4.9756e-06
12.7245  5.39583e-06
12.735  5.26297e-06
12.7457  5.47406e-06
12.7565  5.42525e-06
12.7674  4.92234e-06
12.7774  4.70818e-06
12.788  5.62401e-06
12.7983  4.6137e-06
12.8088  5.08069e-06
12.8189  4.1538e-06
12.8296  4.50361e-06
12.84  4.83014e-06
12.8501  4.73482e-06
12.8603  4.32563e-06
12.8707  4.86857e-06
12.8812  4.02258e-06
12.8913  4.42419e-06
12.9017  3.92542e-06
12.912  4.36354e-06
12.9225  4.52733e-06
12.9331  4.28938e-06
12.9438  3.79226e-06
12.9535  4.38963e-06
12.9641  3.7043e-06
12.9744  4.12661e-06
12.9844  3.87355e-06
12.9949  3.89584e-06
13.0052  3.70684e-06
13.0158  4.08021e-06
13.026  3.33607e-06
13.0361  3.76575e-06
13.0466  4.1704e-06
13.0576  3.61943e-06
13.0679  3.3013e-06
13.0778  3.34107e-06
13.0886  3.46563e-06
13.0991  3.68634e-06
13.1089  3.30586e-06
13.1196  3.43382e-06
13.1299  3.25858e-06
13.14  3.38406e-06
13.1501  3.01767e-06
13.1609  3.24903e-06
13.171  3.40498e-06
13.1818  2.84124e-06
13.192  3.36335e-06
13.2027  2.87123e-06
13.2123  2.79798e-06
13.2234  3.52845e-06
13.2336  2.71707e-06
13.244  2.74696e-06
13.2537  2.88572e-06
13.2642  2.96508e-06
13.2749  2.64329e-06
13.2854  2.95728e-06
13.2958  2.82946e-06
13.3063  2.79427e-06
13.3169  2.45217e-06
13.3275  2.94987e-06
13.3384  2.42453e-06
13.3492  3.16998e-06
13.36  2.39602e-06
13.3704  2.49414e-06
13.3807  2.27979e-06
13.3907  2.33342e-06
13.4017  2.52938e-06
13.4119  2.58883e-06
13.4223  2.48058e-06
13.4325  2.12278e-06
13.4435  2.19645e-06
13.4533  2.37439e-06
13.4646  2.34348e-06
13.4752  2.5775e-06
13.4864  2.16621e-06
13.4972  2.09639e-06
13.5077  2.396e-06
13.5185  2.15585e-06
13.5291  2.04088e-06
13.5389  1.9167e-06
13.5501  2.11088e-06
13.5602  2.01188e-06
13.5712  1.94001e-06
13.5815  1.72316e-06
13.5919  2.27531e-06
13.6031  2.27889e-06
13.6132  1.65262e-06
13.6239  1.79113e-06
13.6346  1.9146e-06
13.6457  1.70452e-06
13.6559  2.05638e-06
13.6669  1.7506e-06
13.6774  1.92878e-06
13.689  1.59592e-06
13.6996  1.82627e-06
13.7102  1.68463e-06
13.7209  1.60048e-06
13.7307  1.79983e-06
13.7416  1.41017e-06
13.7525  1.49463e-06
13.7628  1.68478e-06
13.7731  1.50432e-06
13.7831  1.69756e-06
13.7943  1.68923e-06
13.8048  1.02842e-06
13.815  1.53865e-06
13.8254  1.47236e-06
13.836  1.63031e-06
13.8473  1.52014e-06
13.8579  1.46465e-06
13.8687  1.21544e-06
13.8795  1.46672e-06
13.89  1.29586e-06
13.9006  1.39524e-06
13.9118  1.44419e-06
13.9222  1.11444e-06
13.9327  1.34732e-06
13.9435  1.22545e-06
13.9543  1.25703e-06
13.9646  1.31636e-06
13.9757  1.22641e-06
13.9858  1.05969e-06
13.9965  1.26452e-06
14.0078  1.17609e-06
14.0193  1.31095e-06
14.0298  1.09115e-06
14.0399  1.07003e-06
14.0511  1.05738e-06
14.0611  1.0108e-06
14.0711  1.2036e-06
14.0826  1.15714e-06
14.0933  1.00101e-06
14.1049  1.0355e-06
14.1149  8.7647e-07
14.1253  1.12278e-06
14.1362  1.00626e-06
14.1466  1.04479e-06
14.1576  9.1245e-07
14.1682  1.01513e-06
14.1795  8.2744e-07
14.1914  1.0982e-06
14.2019  9.47114e-07
14.2125  8.12356e-07
14.2221  7.56003e-07
14.2329  1.01116e-06
14.2438  7.26109e-07
14.2537  8.3621e-07
14.2643  9.04586e-07
14.2747  8.0319e-07
14.2852  7.87484e-07
14.2963  7.92789e-07
14.3085  6.79144e-07
14.317  8.55311e-07
14.3281  8.43427e-07
14.3388  8.17611e-07
14.3496  7.207e-07
14.3594  6.5125e-07
14.3708  7.12012e-07
14.382  6.35353e-07
14.3918  7.54178e-07
14.4015  6.19862e-07
14.4128  8.05935e-07
14.4233  7.0097e-07
14.4353  6.2571e-07
14.4451  7.40725e-07
14.4561  6.34496e-07
14.4669  5.09637e-07
14.4769  7.00807e-07
14.4885  5.58644e-07
14.4983  6.86915e-07
14.5089  5.42974e-07
14.5191  6.91781e-07
14.5306  5.46695e-07
14.5409  6.23529e-07
14.5516  4.35298e-07
14.5612  4.76293e-07
14.5717  7.01373e-07
14.5832  5.04435e-07
14.5937  5.20903e-07
14.603  4.58686e-07
14.6132  5.2076e-07
14.6242  5.00994e-07
14.6342  5.72538e-07
14.6442  4.75448e-07
14.6559  4.84731e-07
14.6664  4.36729e-07
14.6776  5.00184e-07
14.6884  4.2321e-07
14.698  5.82584e-07
14.7084  4.03825e-07
14.7182  3.79061e-07
14.7285  3.68733e-07
14.7387  3.6693e-07
14.7493  5.38782e-07
14.7608  4.9411e-07
14.7709  4.76509e-07
14.7804  2.53917e-07
14.7916  3.55723e-07
14.8024  5.02038e-07
14.8132  3.46758e-07
14.8233  4.72648e-07
14.8348  3.45823e-07
14.8453  3.28458e-07
14.8557  3.72977e-07
14.8661  3.56627e-07
14.8762  3.40278e-07
14.8867  4.02982e-07
14.898  3.13779e-07
14.9083  3.18278e-07
14.9184  3.66893e-07
14.928  3.36405e-07
14.9394  3.40426e-07
14.9512  3.81639e-07
14.9613  2.4284e-07
14.9718  2.95355e-07
14.9807  2.88229e-07
14.9931  3.73778e-07
15.0038  3.30832e-07
15.0142  2.88574e-07
15.0269  2.93592e-07
15.0369  2.94871e-07
15.048  2.57996e-07
15.058  2.82544e-07
15.068  2.89186e-07
15.0789  3.01425e-07
15.0912  2.0064e-07
15.1014  2.48905e-07
15.1115  2.43359e-07
15.1218  2.91012e-07
15.1314  2.46894e-07
15.1417  3.02789e-07
15.1547  1.86925e-07
15.1642  2.74732e-07
15.1747  2.1131e-07
15.1847  2.37618e-07
15.1954  2.24588e-07
15.2053  1.89585e-07
15.2174  2.0374e-07
15.2282  2.07389e-07
15.2385  3.03092e-07
15.2503  2.18786e-07
15.2604  2.27839e-07
15.2703  1.27859e-07
15.2814  2.19724e-07
15.2909  1.75852e-07
15.3023  2.21494e-07
15.3122  1.66181e-07
15.3243  2.07437e-07
15.3343  1.93433e-07
15.3441  1.46654e-07
15.3543  1.73477e-07
15.3642  1.70296e-07
15.3757  1.67409e-07
15.3856  1.99044e-07
15.3975  1.10298e-07
15.4073  1.9208e-07
15.4179  2.19812e-07
15.429  1.60888e-07
15.4388  1.26617e-07
15.4485  1.24036e-07
15.461  1.57502e-07
15.4719  1.53323e-07
15.4833  1.81034e-07
15.494  1.70211e-07
15.5059  1.2944e-07
15.5163  1.3319e-07
15.5276  1.44868e-07
15.5392  1.51251e-07
15.5493  1.27906e-07
15.5602  1.61893e-07
15.5698  1.30012e-07
15.5826  1.08089e-07
15.5944  1.0633e-07
15.6047  1.65873e-07
15.6148  1.4515e-07
15.6249  9.28229e-08
15.6357  1.67694e-07
15.6476  1.0078e-07
15.658  8.5827e-08
15.6668  9.65779e-08
15.6795  1.16072e-07
15.6894  1.19972e-07
15.702  9.75179e-08
15.7123  8.81187e-08
15.7222  1.09368e-07
15.7334  1.20885e-07
15.7452  1.43446e-07
15.7567  8.6993e-08
15.7683  7.0885e-08
15.7794  5.67762e-08
15.7883  1.48478e-07
15.7994  1.06143e-07
15.8098  8.00626e-08
15.8212  5.90004e-08
15.8302  7.97265e-08
15.842  1.37528e-07
15.8545  7.74275e-08
15.8654  9.29057e-08
15.8762  5.17513e-08
15.8866  1.04376e-07
15.8962  6.34601e-08
15.9098  8.61368e-08
15.9196  9.5061e-08
15.9285  4.07223e-08
15.9413  6.33037e-08
15.9515  5.67951e-08
15.9609  6.82221e-08
15.9724  1.02409e-07
15.9839  1.16377e-07
15.9953  5.31354e-08
16.0073  5.91309e-08
16.0158  5.30959e-08
16.0277  4.68784e-08
16.0414  7.41145e-08
16.0509  6.49491e-08
16.0623  7.65523e-08
16.0736  4.50984e-08
16.085  5.07801e-08
16.0979  5.47979e-08
16.1045  8.83379e-08
16.1167  4.8261e-08
16.1297  6.04871e-08
16.1403  4.83897e-08
16.1505  7.76035e-08
16.1635  4.16103e-08
16.1706  3.56229e-08
16.182  3.24597e-08
16.1926  3.62207e-08
16.2045  5.62483e-08
16.2132  6.2485e-08
16.2243  5.49836e-08
16.2353  4.24815e-08
16.2477  6.34563e-08
16.2585  4.60309e-08
16.2698  3.76798e-08
16.2778  3.95378e-08
16.2899  5.78253e-08
16.3031  1.35086e-08
16.3139  3.0038e-08
16.3241  3.60029e-08
16.331  4.48932e-08
16.3423  4.03265e-08
16.3532  5.41476e-08
16.3678  3.72516e-08
16.3777  3.10604e-08
16.3907  3.418e-08
16.4027  3.48737e-08
16.4124  4.45174e-08
16.4244  2.70852e-08
16.4351  2.98674e-08
16.4446  1.34029e-08
16.4541  4.63943e-08
16.4673  4.04968e-08
16.4781  5.49462e-08
16.4921  7.72593e-09
16.5013  4.09935e-08
16.5124  2.00611e-08
16.5216  3.61606e-08
16.5339  2.88909e-08
16.5481  2.46235e-08
16.5576  2.53935e-08
16.5708  1.86882e-08
16.5812  2.30249e-08
16.5956  5.15069e-08
16.6086  2.82211e-08
16.6204  2.71843e-08
16.6337  2.15259e-08
16.6408  1.89679e-08
16.6542  3.14472e-08
16.6654  1.23327e-08
16.677  2.5705e-08
16.6893  2.00952e-08
16.7  2.36596e-08
16.7089  3.4851e-08
16.7249  3.04544e-08
16.735  7.24412e-09
16.7423  9.73377e-09
16.7578  1.99115e-08
16.7743  2.95022e-08
16.7819  2.40244e-08
16.7931  9.57513e-09
16.8103  1.49696e-08
16.8206  3.00796e-08
16.8306  2.65313e-08
16.8459  1.6584e-08
16.8587  2.34537e-08
16.8693  1.35676e-08
16.883  2.08843e-08
16.8944  1.43412e-08
16.9062  9.80331e-09
16.9169  1.25634e-08
16.9305  1.25193e-08
16.9383  9.09302e-09
16.9495  1.94787e-08
16.9621  2.05181e-08
16.9731  1.26522e-08
16.986  1.40371e-08
17.0033  2.20364e-08
17.0159  8.20211e-09
17.0322  1.33269e-08
17.0448  1.11323e-08
17.0529  1.3979e-08
17.0715  1.61949e-08
17.081  1.65009e-08
17.0926  1.58449e-08
17.1049  1.20835e-08
17.1121  3.93395e-09
17.1261  4.57248e-09
17.136  1.4803e-08
17.1505  1.13212e-08
17.1665  3.22536e-09
17.1797  3.08082e-09
17.191  2.63535e-08
17.2014  1.53363e-08
17.2195  1.10774e-08
17.2316  4.505e-09
17.242  5.018e-09
17.2592  6.70679e-09
17.2715  9.7815e-09
17.2815  2.37358e-09
17.2943  1.43273e-08
17.3123  1.22598e-08
17.3214  1.04037e-08
17.3337  9.38141e-09
17.3466  4.94822e-09
17.3608  1.44341e-08
17.3828  1.01325e-08
17.3947  1.81151e-09
17.4127  2.03666e-09
17.4206  1.03331e-08
17.4398  5.33611e-09
17.4518  7.644e-09
17.4609  7.08914e-09
17.471  7.5069e-09
17.4965  1.16096e-08
17.5095  2.77471e-09
17.5194  4.74801e-09
17.5402  9.67054e-10
17.5459  7.66442e-09
17.564  1.27416e-08
17.5732  5.31666e-09
17.5912  3.65589e-09
17.6109  5.96795e-09
17.6254  4.46419e-09
17.6376  3.59064e-09
17.6474  2.54443e-09
17.6629  4.07184e-10
17.6769  8.01712e-10
17.6841  1.2451e-08
17.6987  5.21215e-09
17.7134  4.02656e-09
17.7232  5.74244e-09
17.7435  1.95361e-09
17.7555  3.32315e-09
17.7654  2.77831e-09
17.7839  3.76043e-10
17.7932  2.37946e-09
17.7997  6.88561e-09
17.8161  2.47522e-09
17.8295  5.45496e-09
17.8429  4.55975e-10
17.8539  4.71947e-10
17.8667  1.86112e-09
17.8782  3.75956e-09
17.906  6.24351e-09
17.9194  4.63706e-09
17.9322  2.91281e-09
17.9457  4.22584e-09
17.971  2.29864e-09
17.9961  4.77606e-09
18.0234  2.81995e-09
18.0367  2.12949e-09
18.0554  1.82774e-09
18.0653  3.84083e-09
18.0767  1.94198e-09
18.1048  2.52381e-09
18.1295  1.99339e-09
18.1631  3.75496e-09
18.1781  5.58466e-09
18.1955  1.9735e-09
18.2289  4.1427e-10
18.2465  1.81451e-09
18.2838  3.84235e-10
18.292  4.57993e-09
18.3107  4.38516e-10
18.3196  6.75891e-10
18.3311  3.42579e-09
18.3503  3.76101e-10
18.3588  1.21395e-09
18.4046  2.82354e-09
18.4267  1.97393e-10
18.4358  3.11424e-09
18.4725  3.39745e-10
18.483  3.97998e-10
18.515  1.85046e-09
18.5253  2.5834e-10
18.5419  2.72187e-09
18.5587  9.40373e-10
18.6018  1.93955e-09
18.6633  1.70163e-09
18.6784  1.31124e-09
18.7379  7.73069e-10
18.7679  1.22221e-09
18.7873  1.41184e-09
18.8032  1.26064e-09
18.8518  3.53909e-10
18.8921  4.79816e-10
18.924  3.35379e-10
18.943  3.22199e-10
18.9654  1.13313e-09
19.0103  1.17966e-09
19.0404  1.02385e-09
19.1511  1.3183e-09
19.1655  2.25492e-10
19.2681  3.15521e-10
19.2826  4.50022e-10
19.3755  8.41439e-10
19.4087  4.61432e-10
19.5307  1.60841e-10
19.5721  2.71713e-10
19.6478  6.41993e-10
19.7593  2.41482e-10
19.9822  2.01769e-10
20.0131  2.28964e-10
20.2546  1.53943e-10
20.6198  1.09806e-10
