-20.5966  1.42837e-10
-20.2206  2.04476e-10
-19.9795  3.03569e-10
-19.9442  2.57926e-10
-19.7267  2.90415e-10
-19.6036  8.69138e-10
-19.5484  3.18924e-10
-19.5075  2.09224e-10
-19.396  3.41664e-10
-19.3625  2.15057e-10
-19.3272  1.09633e-09
-19.2643  3.49436e-10
-19.2277  6.22099e-10
-19.1474  3.69677e-10
-19.1315  2.9951e-10
-19.1097  1.23443e-09
-19.0407  3.81113e-10
-18.9866  9.23582e-10
-18.9499  1.95117e-09
-18.9314  1.35561e-09
-18.8904  4.4466e-10
-18.8673  2.39702e-10
-18.8539  7.98052e-10
-18.779  1.45227e-09
-18.7663  4.12119e-10
-18.7337  1.76712e-09
-18.7102  1.16501e-09
-18.6779  1.43239e-09
-18.6475  1.52625e-09
-18.6376  4.25392e-10
-18.6102  1.73695e-09
-18.5555  1.94059e-09
-18.532  2.01477e-09
-18.5145  1.27309e-09
-18.4924  1.6549e-09
-18.4722  4.01268e-10
-18.4577  2.6962e-09
-18.4237  1.61994e-09
-18.4044  2.75909e-09
-18.3505  4.8599e-10
-18.3319  4.95811e-09
-18.3125  1.94098e-09
-18.2899  4.66983e-10
-18.2753  4.88912e-09
-18.2503  5.09434e-10
-18.2373  5.27798e-09
-18.2291  4.88497e-10
-18.215  4.32837e-10
-18.1745  9.33806e-10
-18.1575  3.79266e-09
-18.1493  1.75174e-09
-18.1386  9.11232e-10
-18.1209  6.81917e-09
-18.0686  2.33691e-09
-18.0597  5.40138e-09
-18.0477  2.319e-09
-18.0306  2.20702e-09
-18.0209  2.27778e-09
-17.9941  4.9326e-09
-17.9718  4.86878e-10
-17.9545  5.26851e-09
-17.9385  4.12431e-09
-17.9178  4.05987e-09
-17.9091  2.95273e-09
-17.8975  1.35284e-09
-17.8785  5.80934e-09
-17.8637  2.85944e-09
-17.8576  4.82193e-09
-17.8409  6.72301e-09
-17.822  9.62266e-10
-17.8066  1.72142e-09
-17.7881  7.20499e-09
-17.7741  8.45275e-09
-17.7637  6.1557e-10
-17.748  9.15569e-10
-17.7348  8.08481e-09
-17.709  2.18756e-09
-17.6874  7.83155e-09
-17.6744  5.51863e-09
-17.6619  9.85724e-09
-17.6508  7.10732e-09
-17.6278  8.46896e-10
-17.6196  8.79577e-09
-17.6121  2.07639e-09
-17.5984  5.80438e-09
-17.5826  6.91041e-09
-17.5578  1.02149e-08
-17.5453  3.08138e-09
-17.5357  7.75059e-09
-17.5207  2.94791e-09
-17.5087  7.44839e-09
-17.4973  4.20714e-09
-17.4814  6.39471e-09
-17.4651  9.88355e-09
-17.4543  8.43157e-09
-17.4445  1.17122e-08
-17.4307  4.92853e-09
-17.4144  1.22887e-08
-17.4046  5.18381e-09
-17.3779  1.47773e-08
-17.367  6.89693e-09
-17.3555  6.30868e-09
-17.3343  1.4252e-08
-17.3225  6.55078e-10
-17.3139  5.95303e-09
-17.3012  6.99201e-09
-17.2886  1.41797e-08
-17.279  1.0419e-08
-17.2642  1.33012e-08
-17.2549  4.23994e-09
-17.2432  1.85767e-08
-17.2362  2.97242e-09
-17.2232  9.09815e-09
-17.2103  2.45589e-09
-17.2  1.43217e-08
-17.1873  1.54617e-08
-17.1793  4.51448e-09
-17.1624  1.31572e-08
-17.1533  1.6001e-08
-17.1424  4.8891e-09
-17.1311  1.89647e-08
-17.1169  1.37522e-08
-17.0964  8.78671e-09
-17.0821  1.1284e-08
-17.0704  2.06861e-08
-17.0559  1.82622e-08
-17.0455  1.36471e-08
-17.0326  1.89628e-08
-17.0199  8.39515e-09
-17.005  1.78882e-08
-16.9968  1.15404e-08
-16.9833  1.43327e-08
-16.9743  1.87637e-08
-16.9645  1.94945e-08
-16.955  1.32174e-08
-16.9402  1.68157e-08
-16.9279  1.52423e-08
-16.9164  1.418e-08
-16.9038  1.58689e-08
-16.8874  1.57631e-08
-16.878  2.24624e-08
-16.8655  3.67996e-08
-16.8529  1.62906e-08
-16.8363  1.87987e-08
-16.8259  1.75782e-08
-16.8167  5.43235e-09
-16.8033  2.05918e-08
-16.7931  3.76004e-08
-16.7822  2.72891e-08
-16.7696  1.57284e-08
-16.7591  1.38821e-08
-16.7502  2.7524e-08
-16.7388  3.29383e-08
-16.7256  1.81286e-08
-16.7153  1.84845e-08
-16.7024  1.17682e-08
-16.6971  2.03504e-08
-16.6833  4.40954e-08
-16.6697  2.16911e-08
-16.6602  2.55868e-08
-16.6487  2.25657e-08
-16.6373  2.29384e-08
-16.6211  2.36767e-08
-16.6083  3.0256e-08
-16.6025  1.92205e-08
-16.5889  5.89885e-08
-16.5799  3.27394e-08
-16.5686  3.87983e-08
-16.5575  2.14037e-08
-16.5451  2.17473e-08
-16.532  2.03071e-08
-16.5221  2.20583e-08
-16.5085  6.75935e-08
-16.4965  2.32077e-08
-16.4861  3.46596e-08
-16.4735  2.95121e-08
-16.4626  6.35833e-08
-16.4526  2.47233e-08
-16.4379  1.17244e-08
-16.4307  3.05464e-08
-16.4199  5.11195e-08
-16.4065  5.17336e-08
-16.3971  2.97311e-08
-16.3877  4.61861e-08
-16.373  4.75565e-08
-16.361  4.52197e-08
-16.3522  3.20797e-08
-16.3403  5.53387e-08
-16.3281  5.8923e-08
-16.316  3.88009e-08
-16.3049  3.90028e-08
-16.2914  2.44823e-08
-16.285  7.53537e-08
-16.2734  2.75623e-08
-16.2601  5.38e-08
-16.2491  5.35513e-08
-16.2404  4.52012e-08
-16.2273  4.44681e-08
-16.2137  6.40872e-08
-16.2037  6.58383e-08
-16.1918  7.10858e-08
-16.1803  6.97021e-08
-16.1727  5.53998e-08
-16.1599  3.29864e-08
-16.1505  6.045e-08
-16.1368  6.34093e-08
-16.1266  4.95096e-08
-16.1147  6.18885e-08
-16.1041  8.84391e-08
-16.0916  7.21794e-08
-16.0815  5.88345e-08
-16.0679  9.0274e-08
-16.0573  7.64165e-08
-16.0444  8.36411e-08
-16.0361  4.37988e-08
-16.0242  6.86317e-08
-16.01  7.4336e-08
-15.9997  8.6852e-08
-15.9882  5.91152e-08
-15.9769  7.53711e-08
-15.9664  9.18966e-08
-15.9553  1.05563e-07
-15.9445  3.73334e-08
-15.9335  8.20731e-08
-15.9259  9.11924e-08
-15.9143  9.72181e-08
-15.9036  5.82767e-08
-15.8926  7.81067e-08
-15.8816  1.05375e-07
-15.8715  1.05313e-07
-15.8604  6.70646e-08
-15.8516  1.03783e-07
-15.8404  8.20404e-08
-15.8279  7.51892e-08
-15.8177  1.04212e-07
-15.8081  8.54938e-08
-15.7964  1.32402e-07
-15.7857  1.18733e-07
-15.7774  1.01849e-07
-15.7639  1.09211e-07
-15.751  1.14116e-07
-15.7418  8.94059e-08
-15.7315  8.54881e-08
-15.7221  1.02712e-07
-15.7115  1.47706e-07
-15.701  1.43692e-07
-15.6893  1.24257e-07
-15.6782  1.28889e-07
-15.6646  1.44809e-07
-15.6538  8.18412e-08
-15.6442  1.32454e-07
-15.6335  1.43373e-07
-15.6229  8.21426e-08
-15.6096  1.78922e-07
-15.5987  1.96276e-07
-15.5894  1.31957e-07
-15.5774  8.63033e-08
-15.5658  1.25401e-07
-15.5578  1.26968e-07
-15.5465  1.93888e-07
-15.534  1.94028e-07
-15.5225  1.34067e-07
-15.5143  1.42929e-07
-15.5022  1.67204e-07
-15.4932  1.71683e-07
-15.4831  1.4418e-07
-15.4718  1.64478e-07
-15.4624  2.06284e-07
-15.4505  7.22598e-08
-15.4392  1.66479e-07
-15.4284  1.87882e-07
-15.4171  2.5952e-07
-15.4064  1.7656e-07
-15.3942  1.83289e-07
-15.3838  2.25803e-07
-15.3733  1.9586e-07
-15.364  1.42578e-07
-15.3494  2.54746e-07
-15.3407  1.09684e-07
-15.3288  2.32223e-07
-15.3173  2.58415e-07
-15.3077  2.29467e-07
-15.2978  1.48059e-07
-15.2863  2.28684e-07
-15.2754  2.06104e-07
-15.2651  2.25598e-07
-15.2543  2.43655e-07
-15.244  2.6291e-07
-15.2329  2.33369e-07
-15.2218  2.03067e-07
-15.2119  2.44347e-07
-15.2008  2.54599e-07
-15.1903  2.66831e-07
-15.1804  2.38458e-07
-15.1681  2.82179e-07
-15.1581  1.92281e-07
-15.1469  2.99755e-07
-15.1358  3.49275e-07
-15.1256  2.5469e-07
-15.114  2.57659e-07
-15.1035  2.82271e-07
-15.0956  1.96218e-07
-15.0853  3.87671e-07
-15.0717  3.0476e-07
-15.0598  3.67376e-07
-15.0496  2.99181e-07
-15.0386  2.59029e-07
-15.0284  2.91073e-07
-15.0177  3.52582e-07
-15.0081  3.14233e-07
-14.9971  3.22781e-07
-14.9871  3.20656e-07
-14.9773  2.7798e-07
-14.9675  3.7428e-07
-14.9541  3.68478e-07
-14.9448  2.60276e-07
-14.9347  3.59076e-07
-14.9244  4.36646e-07
-14.9144  3.4876e-07
-14.9044  3.94402e-07
-14.8914  3.15659e-07
-14.8809  4.41192e-07
-14.8706  4.0706e-07
-14.8604  3.98894e-07
-14.85  4.22774e-07
-14.8392  3.9803e-07
-14.8292  3.61566e-07
-14.8183  3.75358e-07
-14.8077  5.53563e-07
-14.7964  3.45532e-07
-14.7859  4.53734e-07
-14.7752  4.54565e-07
-14.7654  4.91748e-07
-14.753  4.96984e-07
-14.7427  3.40478e-07
-14.733  6.03089e-07
-14.7225  4.77311e-07
-14.7107  3.95319e-07
-14.701  4.55323e-07
-14.6902  6.68521e-07
-14.6776  6.32191e-07
-14.6679  3.94289e-07
-14.657  5.7454e-07
-14.6464  4.22956e-07
-14.6357  5.94011e-07
-14.6256  4.60425e-07
-14.615  6.18905e-07
-14.6033  6.02358e-07
-14.5936  6.12298e-07
-14.5834  5.49607e-07
-14.5728  5.47954e-07
-14.5625  5.61288e-07
-14.5523  5.92174e-07
-14.5413  5.75191e-07
-14.5309  5.81234e-07
-14.5208  7.21715e-07
-14.5101  8.16046e-07
-14.4988  5.52854e-07
-14.4889  5.70372e-07
-14.4776  7.34794e-07
-14.4679  5.75729e-07
-14.4568  7.21647e-07
-14.4456  8.39394e-07
-14.4342  7.38814e-07
-14.4242  6.17544e-07
-14.4141  7.78197e-07
-14.4037  7.4198e-07
-14.3931  7.38231e-07
-14.3837  6.27672e-07
-14.3736  8.30961e-07
-14.3626  7.11665e-07
-14.3524  7.21325e-07
-14.3414  8.34854e-07
-14.3308  8.45833e-07
-14.3209  8.71917e-07
-14.3097  8.04943e-07
-14.2991  8.81476e-07
-14.2891  8.75751e-07
-14.277  9.27991e-07
-14.2663  9.2576e-07
-14.2568  8.18324e-07
-14.2455  6.89411e-07
-14.2362  9.17504e-07
-14.2261  1.10072e-06
-14.2153  1.00793e-06
-14.205  7.14393e-07
-14.1954  9.54626e-07
-14.1852  1.10132e-06
-14.174  8.81616e-07
-14.163  1.00533e-06
-14.1529  1.13666e-06
-14.1411  1.14631e-06
-14.13  1.04034e-06
-14.1201  9.59924e-07
-14.1105  1.08522e-06
-14.0987  1.2266e-06
-14.0888  1.00812e-06
-14.0777  1.2083e-06
-14.0668  1.09193e-06
-14.0568  1.20947e-06
-14.046  1.33077e-06
-14.0348  1.20884e-06
-14.024  1.08722e-06
-14.0129  1.3786e-06
-14.0027  1.19264e-06
-13.9919  1.42028e-06
-13.9808  1.41197e-06
-13.97  1.09237e-06
-13.9597  1.22596e-06
-13.9486  1.46468e-06
-13.9385  1.40655e-06
-13.9284  1.30671e-06
-13.9176  1.17218e-06
-13.9068  1.66139e-06
-13.8958  1.42569e-06
-13.8853  1.48067e-06
-13.8746  1.43965e-06
-13.864  1.60729e-06
-13.8532  1.39632e-06
-13.8423  1.42908e-06
-13.8317  1.75752e-06
-13.8206  1.54431e-06
-13.8106  1.60407e-06
-13.7995  1.62479e-06
-13.7893  1.58196e-06
-13.7796  1.56759e-06
-13.769  1.64615e-06
-13.7578  1.86962e-06
-13.7466  1.64182e-06
-13.7361  1.72257e-06
-13.7259  2.01983e-06
-13.7151  1.86641e-06
-13.7041  1.46979e-06
-13.6937  1.87476e-06
-13.6829  2.1262e-06
-13.6726  1.5808e-06
-13.662  1.94348e-06
-13.6512  2.20697e-06
-13.6408  1.757e-06
-13.6303  1.8964e-06
-13.6194  1.95492e-06
-13.6092  2.15965e-06
-13.5987  2.09542e-06
-13.5885  2.17068e-06
-13.5773  2.07293e-06
-13.5671  1.90939e-06
-13.5563  2.2178e-06
-13.5461  2.30122e-06
-13.5354  2.23389e-06
-13.5252  2.10598e-06
-13.5141  2.38853e-06
-13.5034  2.4014e-06
-13.4935  2.15509e-06
-13.4825  2.41817e-06
-13.4728  2.34898e-06
-13.4615  2.29989e-06
-13.4507  2.49743e-06
-13.4396  2.89291e-06
-13.4297  2.2481e-06
-13.4188  2.80764e-06
-13.4077  2.56558e-06
-13.3976  2.89289e-06
-13.3873  2.37626e-06
-13.3764  2.40825e-06
-13.3663  2.63028e-06
-13.3557  3.10956e-06
-13.3446  2.6852e-06
-13.3343  2.75517e-06
-13.3242  2.92266e-06
-13.314  2.90934e-06
-13.3028  2.92064e-06
-13.2929  2.70793e-06
-13.282  3.03719e-06
-13.2718  2.87602e-06
-13.2615  2.83698e-06
-13.2513  3.40134e-06
-13.2403  3.18034e-06
-13.2304  2.9088e-06
-13.2197  3.64232e-06
-13.2092  2.81509e-06
-13.1988  3.41649e-06
-13.1886  3.42882e-06
-13.1775  3.43233e-06
-13.1674  2.92833e-06
-13.1575  3.47123e-06
-13.1469  3.37208e-06
-13.1367  3.65744e-06
-13.126  3.58447e-06
-13.1158  3.73521e-06
-13.1051  3.75849e-06
-13.0949  3.37572e-06
-13.0841  3.68792e-06
-13.0736  4.06797e-06
-13.0632  3.6776e-06
-13.053  3.71027e-06
-13.0421  4.43804e-06
-13.0319  3.51251e-06
-13.0215  4.13881e-06
-13.0106  4.12255e-06
-13.0004  4.14425e-06
-12.9899  3.97711e-06
-12.9797  4.02872e-06
-12.9697  4.12416e-06
-12.9593  4.63429e-06
-12.9486  4.19717e-06
-12.9383  4.62065e-06
-12.9278  4.17367e-06
-12.9175  4.73089e-06
-12.9068  4.36109e-06
-12.8969  4.48903e-06
-12.8865  4.78911e-06
-12.8762  4.18767e-06
-12.866  4.91856e-06
-12.8559  5.17544e-06
-12.845  4.68279e-06
-12.8352  4.51569e-06
-12.8243  5.41882e-06
-12.8139  5.03786e-06
-12.8035  4.8044e-06
-12.7934  5.031e-06
-12.783  5.18082e-06
-12.7731  4.63413e-06
-12.7628  6.00262e-06
-12.7519  5.35351e-06
-12.7419  5.47733e-06
-12.7315  5.52704e-06
-12.7214  5.36972e-06
-12.7109  5.61366e-06
-12.7008  5.47996e-06
-12.6902  6.09499e-06
-12.6801  5.37851e-06
-12.6697  6.0344e-06
-12.6597  5.72767e-06
-12.6494  5.80841e-06
-12.6392  6.03665e-06
-12.6283  6.70717e-06
-12.6183  5.51904e-06
-12.6082  7.03105e-06
-12.5977  5.75527e-06
-12.5877  5.85521e-06
-12.5771  7.02586e-06
-12.567  6.72325e-06
-12.5571  6.41848e-06
-12.5462  6.66578e-06
-12.5362  6.79515e-06
-12.5258  6.72476e-06
-12.5159  6.49716e-06
-12.5056  7.42284e-06
-12.4954  6.35629e-06
-12.4854  7.4996e-06
-12.4747  7.22309e-06
-12.4642  7.1574e-06
-12.4543  7.81653e-06
-12.4438  7.22037e-06
-12.4338  6.59344e-06
-12.4238  8.10834e-06
-12.4131  7.77068e-06
-12.4033  7.63963e-06
-12.393  7.72034e-06
-12.3826  7.93057e-06
-12.3724  8.27847e-06
-12.362  7.71391e-06
-12.3519  7.86897e-06
-12.3422  8.47666e-06
-12.3316  8.6506e-06
-12.3211  8.25049e-06
-12.3112  8.68985e-06
-12.3009  8.56353e-06
-12.2904  8.38648e-06
-12.2804  8.96023e-06
-12.2704  8.5116e-06
-12.26  9.2764e-06
-12.2499  9.26311e-06
-12.2397  8.86075e-06
-12.2292  9.57658e-06
-12.2192  8.75683e-06
-12.209  9.88899e-06
-12.1989  9.12637e-06
-12.1888  9.37181e-06
-12.1783  1.00817e-05
-12.1679  1.00863e-05
-12.1579  9.66042e-06
-12.1476  1.02795e-05
-12.1371  9.98794e-06
-12.1271  1.07172e-05
-12.1168  1.01559e-05
-12.1063  1.0515e-05
-12.0961  1.01845e-05
-12.0859  1.12443e-05
-12.0753  1.05436e-05
-12.0655  1.11998e-05
-12.0553  1.16231e-05
-12.0448  1.01906e-05
-12.0349  1.14546e-05
-12.0244  1.18204e-05
-12.0142  1.10742e-05
-12.004  1.13003e-05
-11.9942  1.2012e-05
-11.9835  1.17408e-05
-11.9735  1.15413e-05
-11.9632  1.25322e-05
-11.9529  1.25354e-05
-11.9424  1.24889e-05
-11.9325  1.21022e-05
-11.9218  1.27235e-05
-11.9123  1.24056e-05
-11.9018  1.29328e-05
-11.8917  1.22907e-05
-11.8814  1.42108e-05
-11.8714  1.29475e-05
-11.8609  1.33094e-05
-11.8507  1.2977e-05
-11.8407  1.37816e-05
-11.8306  1.32049e-05
-11.8204  1.41532e-05
-11.8103  1.35451e-05
-11.7999  1.46883e-05
-11.7901  1.39629e-05
-11.78  1.47937e-05
-11.7693  1.48046e-05
-11.7593  1.38865e-05
-11.7493  1.51404e-05
-11.7389  1.56996e-05
-11.7287  1.4567e-05
-11.7187  1.5158e-05
-11.7082  1.5682e-05
-11.6985  1.56486e-05
-11.6881  1.55235e-05
-11.6778  1.61036e-05
-11.6675  1.66808e-05
-11.6576  1.57367e-05
-11.6471  1.603e-05
-11.6372  1.67909e-05
-11.6262  1.89246e-05
-11.616  1.62206e-05
-11.6052  1.71684e-05
-11.5955  1.68018e-05
-11.5847  2.01695e-05
-11.5739  1.66965e-05
-11.5637  1.83475e-05
-11.5534  1.77867e-05
-11.5432  1.78299e-05
-11.5329  1.93709e-05
-11.522  2.01055e-05
-11.5116  1.70968e-05
-11.5018  1.88674e-05
-11.4913  1.94089e-05
-11.4813  1.9376e-05
-11.4711  1.92655e-05
-11.461  1.87086e-05
-11.4508  1.98228e-05
-11.4406  2.00275e-05
-11.4303  2.04767e-05
-11.42  2.03264e-05
-11.4101  2.06e-05
-11.3997  2.07272e-05
-11.3893  2.07993e-05
-11.3795  2.07173e-05
-11.3692  2.19604e-05
-11.3588  2.06475e-05
-11.3489  2.18642e-05
-11.3388  2.15413e-05
-11.328  2.46661e-05
-11.3176  2.1478e-05
-11.3073  2.28568e-05
-11.2969  2.24254e-05
-11.2872  2.3424e-05
-11.2769  2.20237e-05
-11.2667  2.41749e-05
-11.2566  2.28859e-05
-11.2462  2.42797e-05
-11.2361  2.36646e-05
-11.2262  2.48009e-05
-11.2159  2.26972e-05
-11.2058  2.63491e-05
-11.1956  2.35046e-05
-11.1856  2.56943e-05
-11.1751  2.47759e-05
-11.1654  2.50755e-05
-11.155  2.6295e-05
-11.1449  2.58605e-05
-11.1348  2.57149e-05
-11.1247  2.7017e-05
-11.1143  2.80533e-05
-11.1036  2.70104e-05
-11.0933  2.67149e-05
-11.0834  2.93881e-05
-11.0731  2.58294e-05
-11.0631  2.7715e-05
-11.0527  2.93271e-05
-11.0427  2.76881e-05
-11.0326  2.86973e-05
-11.0224  2.9248e-05
-11.0123  2.84779e-05
-11.002  2.96465e-05
-10.9919  2.96833e-05
-10.9819  2.88463e-05
-10.9717  3.14378e-05
-10.9611  3.27484e-05
-10.9503  3.07378e-05
-10.9403  3.10912e-05
-10.9301  3.18054e-05
-10.9194  3.46972e-05
-10.9089  3.24529e-05
-10.8986  2.99752e-05
-10.8886  3.28551e-05
-10.8783  3.37883e-05
-10.8682  3.29741e-05
-10.858  3.2921e-05
-10.8479  3.3677e-05
-10.8378  3.26359e-05
-10.8278  3.54246e-05
-10.8175  3.32255e-05
-10.8076  3.60836e-05
-10.7965  3.79489e-05
-10.7862  3.50363e-05
-10.776  3.50259e-05
-10.766  3.62971e-05
-10.7558  3.58136e-05
-10.7457  3.80182e-05
-10.7354  3.53796e-05
-10.7255  3.77959e-05
-10.7148  4.03719e-05
-10.7043  3.78915e-05
-10.6935  4.27185e-05
-10.6829  3.92563e-05
-10.6729  3.66473e-05
-10.6628  4.02983e-05
-10.6523  4.04796e-05
-10.6423  3.926e-05
-10.632  4.12491e-05
-10.6218  4.03384e-05
-10.6119  4.04196e-05
-10.6018  4.12731e-05
-10.5916  4.15792e-05
-10.5813  4.28872e-05
-10.5712  4.08213e-05
-10.5612  4.29137e-05
-10.551  4.38334e-05
-10.541  4.19743e-05
-10.5308  4.53974e-05
-10.5207  4.16274e-05
-10.5107  4.50499e-05
-10.5002  4.61815e-05
-10.4904  4.31058e-05
-10.4802  4.60133e-05
-10.4696  4.94908e-05
-10.4591  4.70981e-05
-10.4488  4.6691e-05
-10.4387  4.72215e-05
-10.4286  4.77604e-05
-10.4184  4.64871e-05
-10.4085  4.81669e-05
-10.3985  4.77701e-05
-10.3882  4.95082e-05
-10.3779  4.90918e-05
-10.3679  5.01794e-05
-10.3577  4.9936e-05
-10.3476  5.11149e-05
-10.3376  4.85694e-05
-10.3274  5.43541e-05
-10.3171  4.99677e-05
-10.3071  5.34043e-05
-10.297  5.14109e-05
-10.2864  5.86971e-05
-10.2753  5.67256e-05
-10.2646  5.62954e-05
-10.2543  5.55946e-05
-10.2444  5.23893e-05
-10.2343  5.62326e-05
-10.2239  5.6904e-05
-10.2139  5.35031e-05
-10.2038  5.90834e-05
-10.1935  5.5524e-05
-10.1836  5.77307e-05
-10.1734  5.68408e-05
-10.1634  5.9287e-05
-10.1531  5.81844e-05
-10.143  6.05913e-05
-10.1328  5.91338e-05
-10.1229  5.99283e-05
-10.1126  5.9215e-05
-10.1025  6.36312e-05
-10.0924  5.96705e-05
-10.0823  6.18864e-05
-10.072  6.42471e-05
-10.0621  6.20655e-05
-10.0517  6.45238e-05
-10.0418  6.26813e-05
-10.0317  6.39439e-05
-10.0214  6.50207e-05
-10.0114  6.68691e-05
-10.0013  6.48308e-05
-9.99109  6.72436e-05
-9.98097  6.51546e-05
-9.97092  6.74946e-05
-9.96068  6.95963e-05
-9.9507  6.87984e-05
-9.94062  6.65007e-05
-9.93053  7.07337e-05
-9.92039  6.91778e-05
-9.91021  6.94682e-05
-9.90012  7.2666e-05
-9.8897  7.83491e-05
-9.87903  6.89334e-05
-9.86902  7.52685e-05
-9.85873  7.2662e-05
-9.84882  7.27597e-05
-9.83865  7.43984e-05
-9.82852  7.4488e-05
-9.81844  7.35617e-05
-9.80845  7.76645e-05
-9.79825  7.5209e-05
-9.78776  8.38358e-05
-9.77711  7.79447e-05
-9.76703  7.87791e-05
-9.75693  7.77065e-05
-9.74687  8.2884e-05
-9.73659  7.57738e-05
-9.72668  8.02212e-05
-9.71642  8.34487e-05
-9.70626  8.06352e-05
-9.69629  8.16923e-05
-9.68612  8.5001e-05
-9.67589  8.14564e-05
-9.66597  8.40281e-05
-9.65516  9.35136e-05
-9.64454  8.62227e-05
-9.63455  8.51613e-05
-9.62447  8.54537e-05
-9.6143  8.68296e-05
-9.60429  8.75276e-05
-9.59413  9.0318e-05
-9.58402  8.62849e-05
-9.57403  8.9576e-05
-9.56394  9.10341e-05
-9.55378  9.0725e-05
-9.54365  9.2746e-05
-9.53343  9.22014e-05
-9.5234  9.05529e-05
-9.51329  9.59294e-05
-9.50328  9.09406e-05
-9.49311  9.84196e-05
-9.4829  9.37558e-05
-9.47288  9.56107e-05
-9.46279  9.47018e-05
-9.45283  9.93715e-05
-9.44245  9.83253e-05
-9.43242  9.83342e-05
-9.42243  9.88769e-05
-9.41182  0.000110077
-9.4012  9.6837e-05
-9.39086  0.000116266
-9.37996  9.97018e-05
-9.37011  0.000102144
-9.35989  0.000105282
-9.34987  0.000102536
-9.33963  0.000105755
-9.32974  0.000105082
-9.31933  0.000108973
-9.30903  0.000112851
-9.29842  0.000110358
-9.28833  0.0001058
-9.27822  0.000114745
-9.26811  0.000105703
-9.25794  0.000113072
-9.24798  0.00010894
-9.23795  0.000112246
-9.22771  0.00011424
-9.21766  0.000116125
-9.20756  0.000110718
-9.19736  0.000117325
-9.18737  0.000114816
-9.17723  0.000118195
-9.1669  0.00011924
-9.15698  0.000119266
-9.14683  0.000115318
-9.13685  0.000120397
-9.1268  0.000121122
-9.11651  0.000125382
-9.10621  0.000120656
-9.09635  0.00012386
-9.08622  0.000120926
-9.07622  0.000127749
-9.066  0.000122613
-9.05596  0.000130112
-9.04561  0.000124805
-9.03575  0.000128262
-9.02551  0.000129731
-9.01558  0.000127213
-9.00537  0.000131588
-8.99527  0.000132953
-8.98505  0.000131704
-8.97505  0.000133048
-8.96472  0.000135909
-8.95478  0.000132495
-8.94463  0.000133626
-8.93459  0.000137422
-8.92449  0.000140191
-8.91387  0.000148373
-8.90324  0.000140425
-8.89311  0.000138887
-8.88304  0.000142252
-8.87296  0.000140706
-8.86289  0.000142566
-8.85225  0.000156954
-8.84175  0.000142505
-8.83169  0.000146891
-8.8216  0.000145799
-8.81155  0.00014437
-8.80144  0.000150386
-8.79132  0.000145787
-8.78129  0.000152182
-8.77114  0.000149613
-8.76116  0.000152244
-8.75101  0.000150874
-8.741  0.000150135
-8.73088  0.000157752
-8.72087  0.000154068
-8.71079  0.000154028
-8.70067  0.00015865
-8.69061  0.00015659
-8.68051  0.000159847
-8.67042  0.000160114
-8.66038  0.000159128
-8.65023  0.000164088
-8.64009  0.00016005
-8.63008  0.000164303
-8.61996  0.000167284
-8.60942  0.000179748
-8.59881  0.000165419
-8.58879  0.000168011
-8.57866  0.000168815
-8.56856  0.00017139
-8.5584  0.000169623
-8.54845  0.000170827
-8.5383  0.000172186
-8.52824  0.000174071
-8.51815  0.000176021
-8.50799  0.000177128
-8.49789  0.000171967
-8.48793  0.000181493
-8.47771  0.000177242
-8.46774  0.000177939
-8.45765  0.00018149
-8.44715  0.000199954
-8.43644  0.000184087
-8.42649  0.000181191
-8.41639  0.000185619
-8.40629  0.000187554
-8.39621  0.00018307
-8.38626  0.000189069
-8.37601  0.000189736
-8.36612  0.000188676
-8.35596  0.000192221
-8.3459  0.000192456
-8.33571  0.000194916
-8.3257  0.000192418
-8.31556  0.000197755
-8.30556  0.000195409
-8.29538  0.000198458
-8.28543  0.000198618
-8.27516  0.000200938
-8.26523  0.000197737
-8.25505  0.000207107
-8.24447  0.000222315
-8.23382  0.000205016
-8.22393  0.000203579
-8.21373  0.000208433
-8.20367  0.000205456
-8.19357  0.000212192
-8.18359  0.000206998
-8.17342  0.000214072
-8.16337  0.000210445
-8.15329  0.000216272
-8.14315  0.000212407
-8.13317  0.000217321
-8.12291  0.000219997
-8.11281  0.000218138
-8.10279  0.000215046
-8.09264  0.000228488
-8.08201  0.000240826
-8.07144  0.000222597
-8.06131  0.000223256
-8.0514  0.000228363
-8.04108  0.000226637
-8.03112  0.00022561
-8.02095  0.000233224
-8.01092  0.00022508
-8.0008  0.000234817
-7.99071  0.000232547
-7.98063  0.00023412
-7.97059  0.000233683
-7.96038  0.000240372
-7.95039  0.000235126
-7.93974  0.000264141
-7.92923  0.000237604
-7.91912  0.000243001
-7.909  0.000241637
-7.89884  0.000249461
-7.88877  0.000241371
-7.87873  0.00024774
-7.86854  0.00024572
-7.8585  0.000250975
-7.84831  0.000253231
-7.83822  0.000249966
-7.82814  0.000250777
-7.81816  0.000254887
-7.80793  0.000250973
-7.79799  0.000260891
-7.78772  0.000258561
-7.77769  0.000257582
-7.76751  0.000258748
-7.75719  0.000285736
-7.74637  0.000265524
-7.7364  0.000262594
-7.72615  0.000268604
-7.7158  0.000282577
-7.70513  0.000273296
-7.69511  0.000268562
-7.6849  0.000270281
-7.67502  0.000267672
-7.66473  0.000279313
-7.65469  0.000271748
-7.64448  0.000279978
-7.63398  0.00029683
-7.62338  0.000284477
-7.61338  0.000269964
-7.60314  0.000292629
-7.59309  0.000275435
-7.58295  0.000289022
-7.57278  0.000280747
-7.56272  0.000293336
-7.55263  0.000277506
-7.54252  0.000298299
-7.53234  0.000285524
-7.52233  0.000294396
-7.51221  0.000285629
-7.50214  0.000302704
-7.49204  0.000289871
-7.48188  0.000304286
-7.47173  0.000292471
-7.46128  0.00033082
-7.45058  0.000298215
-7.44066  0.000300965
-7.43055  0.000304049
-7.4204  0.000311209
-7.41022  0.000297022
-7.39984  0.000340855
-7.38922  0.00030639
-7.37912  0.000316748
-7.36896  0.000305298
-7.35903  0.000317735
-7.34882  0.000309405
-7.33883  0.000322048
-7.32855  0.00031742
-7.31858  0.000317234
-7.30845  0.000319778
-7.2979  0.000355951
-7.28731  0.000317505
-7.27735  0.000327229
-7.26717  0.000323597
-7.25725  0.000326412
-7.24704  0.000330298
-7.23699  0.000333977
-7.22684  0.000330058
-7.21667  0.000339417
-7.2065  0.000330515
-7.1961  0.000365667
-7.18541  0.000343437
-7.17531  0.000341832
-7.16461  0.000374956
-7.15411  0.000335625
-7.14401  0.000353392
-7.13383  0.000341381
-7.1238  0.000345891
-7.11375  0.00034902
-7.10311  0.000383754
-7.0926  0.000348693
-7.0825  0.00035491
-7.07238  0.000353618
-7.06186  0.000390645
-7.05129  0.000353723
-7.04114  0.000362163
-7.03112  0.000363266
-7.02086  0.000361182
-7.01084  0.00036104
-7.00043  0.000394869
-6.98986  0.000367268
-6.97973  0.000369875
-6.9697  0.00037102
-6.95949  0.000367352
-6.9496  0.000369098
-6.93941  0.00038113
-6.92914  0.000379789
-6.91905  0.000378337
-6.90903  0.000376552
-6.89883  0.000378642
-6.88885  0.000384089
-6.87869  0.000382342
-6.86857  0.000387446
-6.85798  0.000423101
-6.84756  0.000380826
-6.83738  0.000390718
-6.82741  0.00039436
-6.81717  0.000393462
-6.80711  0.000394023
-6.79698  0.000395537
-6.78698  0.000394796
-6.77667  0.000412087
-6.76666  0.000391055
-6.75647  0.000408104
-6.746  0.000434933
-6.73539  0.000412304
-6.72524  0.000399418
-6.71514  0.000419935
-6.70501  0.000399817
-6.69451  0.000454017
-6.68396  0.000406415
-6.67379  0.000424515
-6.6637  0.000402385
-6.65373  0.000427362
-6.64348  0.000415661
-6.63299  0.000458998
-6.62241  0.00041842
-6.6124  0.000429309
-6.60224  0.000415183
-6.59219  0.000438397
-6.58206  0.000415785
-6.57211  0.000429599
-6.56194  0.000435961
-6.55182  0.000436379
-6.54165  0.000422453
-6.53172  0.00044329
-6.52151  0.000436056
-6.51152  0.000433818
-6.50088  0.000487206
-6.49038  0.000437733
-6.4802  0.000444427
-6.4697  0.00048314
-6.45914  0.000451843
-6.44903  0.000443304
-6.43894  0.000455979
-6.42829  0.000488253
-6.41772  0.000460379
-6.4071  0.000496359
-6.3966  0.000450571
-6.38649  0.000460908
-6.37649  0.000451461
-6.36626  0.000473314
-6.35624  0.000452576
-6.34622  0.000465382
-6.33614  0.000453383
-6.3261  0.000480844
-6.31603  0.000454684
-6.30588  0.000481084
-6.29534  0.000507553
-6.28486  0.000478634
-6.27462  0.000463762
-6.26474  0.0004892
-6.25452  0.00046269
-6.24447  0.000496452
-6.23426  0.00047291
-6.22429  0.000485718
-6.21404  0.000477356
-6.20413  0.000497
-6.19391  0.000473221
-6.18401  0.000495871
-6.17328  0.000531056
-6.16289  0.000495822
-6.15257  0.000496726
-6.14269  0.00048618
-6.13244  0.0005041
-6.12254  0.00049055
-6.11239  0.00049568
-6.10244  0.000501335
-6.09223  0.000506769
-6.08175  0.000545043
-6.07104  0.000516476
-6.06108  0.000498219
-6.05085  0.000517427
-6.04036  0.000551339
-6.02967  0.000524961
-6.01963  0.000499276
-6.00951  0.000527477
-5.99948  0.000500006
-5.98937  0.000530259
-5.97929  0.000512692
-5.96914  0.000525552
-5.9587  0.000560505
-5.94806  0.000537133
-5.938  0.000511437
-5.92792  0.000539361
-5.91776  0.000519666
-5.90762  0.000545485
-5.89757  0.000512711
-5.88754  0.000543539
-5.87739  0.000527533
-5.86729  0.000546383
-5.8572  0.000519668
-5.84715  0.000556804
-5.83708  0.000521543
-5.82704  0.000549834
-5.81693  0.000537669
-5.80687  0.000551402
-5.79672  0.000538351
-5.78664  0.000559167
-5.77655  0.000535768
-5.76649  0.000559402
-5.75637  0.000546213
-5.74629  0.000558751
-5.7362  0.000544083
-5.7262  0.000568242
-5.71556  0.000598727
-5.70511  0.000560455
-5.69499  0.000560237
-5.68494  0.000562113
-5.67474  0.000571021
-5.66466  0.000566959
-5.65439  0.000572038
-5.64435  0.000566458
-5.63426  0.000564361
-5.62427  0.000569407
-5.61413  0.000574161
-5.60416  0.000565717
-5.59389  0.000591241
-5.58388  0.000561373
-5.57387  0.000580366
-5.56375  0.000575342
-5.55367  0.000589199
-5.54358  0.00056828
-5.53349  0.000596292
-5.5233  0.000583922
-5.51325  0.000585868
-5.50312  0.000582304
-5.49312  0.000593581
-5.483  0.000576614
-5.47305  0.000601322
-5.46281  0.000587441
-5.45286  0.000598238
-5.44262  0.000591938
-5.4327  0.000594589
-5.42254  0.000594691
-5.41264  0.000596215
-5.40241  0.000602468
-5.39238  0.000610138
-5.38208  0.000606566
-5.37211  0.000600765
-5.36195  0.000606166
-5.35202  0.000600912
-5.34183  0.000611566
-5.33193  0.000601803
-5.32166  0.000628089
-5.31169  0.000595547
-5.30154  0.000621356
-5.2915  0.000613188
-5.28137  0.000620218
-5.27142  0.000599733
-5.26126  0.000637981
-5.25122  0.000610085
-5.24101  0.000630385
-5.23098  0.000613918
-5.22085  0.000638384
-5.21086  0.000599934
-5.20076  0.000645724
-5.19067  0.000617404
-5.18051  0.000640536
-5.17043  0.000619043
-5.16041  0.000637772
-5.14987  0.000678053
-5.1393  0.000650332
-5.12922  0.000620155
-5.11914  0.000645362
-5.10906  0.000629152
-5.09896  0.00065249
-5.08869  0.000637868
-5.07866  0.000646036
-5.06854  0.00063777
-5.05847  0.000644798
-5.04839  0.000643052
-5.03829  0.000652488
-5.02814  0.000639711
-5.01806  0.000661739
-5.00747  0.000693738
-4.99701  0.000662396
-4.98686  0.000641978
-4.97684  0.00065353
-4.96674  0.000656768
-4.95664  0.000656935
-4.94657  0.000639532
-4.93657  0.000670773
-4.92644  0.000652551
-4.91639  0.000653373
-4.90632  0.000662698
-4.89621  0.000670224
-4.88607  0.000651257
-4.876  0.000674073
-4.86582  0.000671589
-4.85568  0.000661644
-4.84567  0.000659005
-4.83559  0.000674065
-4.8255  0.000665472
-4.81536  0.000673452
-4.80536  0.000663427
-4.79527  0.000672614
-4.78521  0.000670829
-4.7751  0.000676898
-4.76507  0.000670191
-4.75491  0.000683663
-4.74488  0.000667338
-4.73476  0.000681083
-4.72478  0.000671976
-4.71468  0.000681893
-4.70472  0.000667969
-4.69453  0.000697244
-4.68453  0.000667294
-4.67435  0.000697532
-4.66428  0.000678487
-4.65418  0.000686098
-4.6442  0.000677889
-4.63399  0.000702467
-4.62398  0.000668942
-4.61383  0.000705042
-4.60387  0.000676095
-4.59371  0.000695752
-4.5837  0.000683022
-4.57354  0.000707874
-4.56355  0.000671466
-4.5534  0.000707364
-4.54342  0.000685383
-4.53325  0.000705219
-4.52314  0.000694609
-4.51294  0.000711063
-4.50299  0.000675762
-4.49283  0.000714584
-4.48284  0.000686837
-4.47269  0.000713275
-4.46268  0.000681017
-4.45213  0.000784134
-4.44158  0.00068689
-4.43151  0.000716433
-4.42147  0.000685781
-4.41142  0.000718234
-4.40133  0.00069389
-4.3912  0.000726474
-4.381  0.000693565
-4.37097  0.000725022
-4.36086  0.000688455
-4.35083  0.000724533
-4.34072  0.000697151
-4.33069  0.000719756
-4.32053  0.000703663
-4.3105  0.00072496
-4.30037  0.000694732
-4.29037  0.000726261
-4.28021  0.000706389
-4.27023  0.000718303
-4.26007  0.000704553
-4.2501  0.000725462
-4.23998  0.000705678
-4.22998  0.000719095
-4.21992  0.000706704
-4.20991  0.000726328
-4.19969  0.00071729
-4.18967  0.000730057
-4.17945  0.000713875
-4.16944  0.000723797
-4.15931  0.000719239
-4.14921  0.000731732
-4.13898  0.000723913
-4.12898  0.000722064
-4.11885  0.000721513
-4.10878  0.00072492
-4.09869  0.000724258
-4.08861  0.000728475
-4.07846  0.000724196
-4.06837  0.000732021
-4.05821  0.000729474
-4.04808  0.000729177
-4.03801  0.000725436
-4.02793  0.000726868
-4.01786  0.000725884
-4.00785  0.000721343
-3.99779  0.000732854
-3.98767  0.000730053
-3.97763  0.000727326
-3.96754  0.000725042
-3.95752  0.000732703
-3.94738  0.000737566
-3.93729  0.000723378
-3.92727  0.000726561
-3.91723  0.000741397
-3.90705  0.00072364
-3.89709  0.000733108
-3.8869  0.000745611
-3.8768  0.000728198
-3.86668  0.000729468
-3.85674  0.000737034
-3.84653  0.000733069
-3.83655  0.000734367
-3.82639  0.000737288
-3.81635  0.000732066
-3.80624  0.000733338
-3.79626  0.00074226
-3.78595  0.000740015
-3.776  0.000729913
-3.76589  0.000737084
-3.75589  0.000727923
-3.74577  0.000743421
-3.73575  0.000742649
-3.72549  0.000735335
-3.71503  0.000803937
-3.70449  0.000738788
-3.69446  0.000730612
-3.68429  0.000754
-3.67419  0.000732179
-3.66407  0.000744147
-3.65405  0.000728961
-3.64394  0.000744977
-3.63388  0.000735564
-3.62379  0.000747746
-3.61366  0.00072942
-3.60361  0.000743546
-3.5936  0.000736328
-3.58339  0.00074905
-3.57326  0.000739765
-3.56317  0.000750476
-3.55303  0.00072498
-3.54302  0.000746828
-3.53303  0.000731842
-3.52292  0.00073907
-3.51282  0.000744926
-3.50268  0.000748528
-3.49258  0.000733247
-3.48248  0.000747097
-3.47246  0.000728147
-3.46231  0.000755039
-3.45224  0.000734015
-3.44212  0.000745127
-3.43207  0.000728781
-3.42196  0.000759927
-3.41182  0.000729807
-3.40175  0.000745667
-3.39171  0.000729578
-3.3816  0.000755218
-3.371  0.000797476
-3.36047  0.000753608
-3.35033  0.000728381
-3.34026  0.000752902
-3.33012  0.000735238
-3.32006  0.000742726
-3.30987  0.000743578
-3.29935  0.000811332
-3.28877  0.000730837
-3.27874  0.000742591
-3.26867  0.000739925
-3.25853  0.000738544
-3.24799  0.000807698
-3.23746  0.000739761
-3.22737  0.000729421
-3.21732  0.000746819
-3.20722  0.00073843
-3.1971  0.000732402
-3.18703  0.000745407
-3.17692  0.000738187
-3.16682  0.00073471
-3.15667  0.00074709
-3.14662  0.000730252
-3.13646  0.000745986
-3.12636  0.000731401
-3.11635  0.000737075
-3.10625  0.00073047
-3.09616  0.000740665
-3.08618  0.00072388
-3.0761  0.000737433
-3.06603  0.000734839
-3.05594  0.000739505
-3.04587  0.000720903
-3.03574  0.000755259
-3.02563  0.000721549
-3.01557  0.000734361
-3.00556  0.00073085
-2.99544  0.000736893
-2.98538  0.00071753
-2.97532  0.000753523
-2.96468  0.000787967
-2.95421  0.000729159
-2.94419  0.000729348
-2.9341  0.000734868
-2.92393  0.000726696
-2.91392  0.000739747
-2.90372  0.000723423
-2.89367  0.000736255
-2.88357  0.00072594
-2.87348  0.00073133
-2.86328  0.000733343
-2.85334  0.000721934
-2.84321  0.00071889
-2.83317  0.000740273
-2.823  0.000725426
-2.81291  0.000726137
-2.80272  0.00073362
-2.79273  0.00072196
-2.78252  0.000725556
-2.7725  0.000726188
-2.7624  0.000724747
-2.75234  0.000716956
-2.74218  0.000734873
-2.73214  0.000714181
-2.72201  0.000727059
-2.71194  0.000721975
-2.70182  0.000722669
-2.69174  0.000716099
-2.6817  0.00072241
-2.67162  0.000715014
-2.66153  0.000721707
-2.65146  0.000720361
-2.6414  0.000711079
-2.6313  0.000719239
-2.62122  0.000723415
-2.61111  0.000709273
-2.60107  0.000715094
-2.59102  0.000717274
-2.58092  0.000713209
-2.57083  0.00071335
-2.56075  0.000721036
-2.55062  0.000702703
-2.54064  0.00071625
-2.5305  0.00071478
-2.52047  0.000698579
-2.51044  0.000714178
-2.50038  0.000712952
-2.49026  0.000701576
-2.47977  0.000780623
-2.46914  0.000714273
-2.45906  0.00069819
-2.44895  0.000716723
-2.43892  0.000703102
-2.42869  0.000717658
-2.41858  0.000700095
-2.40847  0.000717785
-2.39836  0.00069453
-2.38822  0.000714935
-2.37818  0.000692985
-2.36805  0.000716023
-2.35796  0.00068909
-2.34792  0.000705634
-2.3379  0.000691194
-2.32784  0.000704293
-2.31777  0.000691016
-2.30767  0.000707508
-2.29759  0.000694014
-2.28748  0.000699929
-2.27748  0.000682504
-2.26742  0.000708856
-2.25733  0.000682769
-2.24724  0.000705508
-2.23714  0.000689001
-2.22703  0.000698724
-2.21697  0.000681445
-2.20689  0.000708063
-2.19678  0.000677727
-2.18668  0.000701586
-2.17616  0.000741658
-2.16569  0.000693135
-2.15558  0.000675221
-2.14561  0.000701623
-2.13548  0.000671682
-2.12541  0.000696201
-2.11525  0.000688681
-2.10518  0.000687915
-2.095  0.000677788
-2.08493  0.000706694
-2.07468  0.000667847
-2.06468  0.000690932
-2.05448  0.000684326
-2.04445  0.00067958
-2.03431  0.000677197
-2.02423  0.000691438
-2.01407  0.000665728
-2.00416  0.000678719
-1.99402  0.000673617
-1.98404  0.000673416
-1.97394  0.000675821
-1.96387  0.00067997
-1.95367  0.000671366
-1.94368  0.000678397
-1.93354  0.000666032
-1.92349  0.000674084
-1.91341  0.000672754
-1.90331  0.000672174
-1.89317  0.000665852
-1.88317  0.00067453
-1.87303  0.000662479
-1.86298  0.000668329
-1.85285  0.000676279
-1.84273  0.000662426
-1.83262  0.000665659
-1.82253  0.000671156
-1.81241  0.000661137
-1.80193  0.000717039
-1.7914  0.000665604
-1.78135  0.000658025
-1.77122  0.000667269
-1.76113  0.000655437
-1.75112  0.000655752
-1.74105  0.000658964
-1.73095  0.000658765
-1.72092  0.000651886
-1.71083  0.000661812
-1.70071  0.000652695
-1.69065  0.000659189
-1.68054  0.000651055
-1.6705  0.000652076
-1.66045  0.000649761
-1.65035  0.000656888
-1.64026  0.000646266
-1.63023  0.000651525
-1.62012  0.000647686
-1.6101  0.000648624
-1.60007  0.000640051
-1.58957  0.000707566
-1.57905  0.000646889
-1.56901  0.000638328
-1.55889  0.000656335
-1.54878  0.000643342
-1.53865  0.000642441
-1.52856  0.000651794
-1.51846  0.0006411
-1.50837  0.000631616
-1.49832  0.000652677
-1.48826  0.00063389
-1.47811  0.000640609
-1.4681  0.000638591
-1.45803  0.00063869
-1.4479  0.000633343
-1.43785  0.000642292
-1.42779  0.000633086
-1.41761  0.000638324
-1.40762  0.00063501
-1.39748  0.00063218
-1.38743  0.000630066
-1.37741  0.000633679
-1.36735  0.000625887
-1.35724  0.000637778
-1.34724  0.000622311
-1.33712  0.000631507
-1.32708  0.000629491
-1.31701  0.000628891
-1.30688  0.000625506
-1.29681  0.000635142
-1.28673  0.000616678
-1.27664  0.000634151
-1.26654  0.000622122
-1.25653  0.000619203
-1.24638  0.00062828
-1.23636  0.00062604
-1.22633  0.000603875
-1.21628  0.000636523
-1.20611  0.000621902
-1.19604  0.00061935
-1.18585  0.000624079
-1.17587  0.000619599
-1.16575  0.000609016
-1.15575  0.000626365
-1.14556  0.000614296
-1.13557  0.000615792
-1.12542  0.000623761
-1.11531  0.000612236
-1.10516  0.000621294
-1.09512  0.000614426
-1.08488  0.000617612
-1.07486  0.000613056
-1.06477  0.000615117
-1.05467  0.000601997
-1.04463  0.000620262
-1.03464  0.000598382
-1.02453  0.00061412
-1.01452  0.000604919
-1.00448  0.000609423
-0.994389  0.00060201
-0.984381  0.00061374
-0.974257  0.000601782
-0.964167  0.000613374
-0.954075  0.00060712
-0.943927  0.000603937
-0.933842  0.000612201
-0.923779  0.000599161
-0.913632  0.000607418
-0.903522  0.000612622
-0.893388  0.000601632
-0.883222  0.000600412
-0.873212  0.000612351
-0.86307  0.000591652
-0.852964  0.000606272
-0.842929  0.000602525
-0.832891  0.000589129
-0.822756  0.00060546
-0.812753  0.000601732
-0.802616  0.000590787
-0.792524  0.000605451
-0.782483  0.000597609
-0.772326  0.000594373
-0.762218  0.000604936
-0.752185  0.000588794
-0.742098  0.000594456
-0.731592  0.000652876
-0.721085  0.000588475
-0.71097  0.000594969
-0.700985  0.000596927
-0.690876  0.000582856
-0.680815  0.000601896
-0.670702  0.000596239
-0.660636  0.000578924
-0.650544  0.000604855
-0.640498  0.000586909
-0.630315  0.000592793
-0.620213  0.000597481
-0.610146  0.000587925
-0.600045  0.000583202
-0.589988  0.000601013
-0.579895  0.000581398
-0.569743  0.000595934
-0.559646  0.000590536
-0.549142  0.000635658
-0.538572  0.000591173
-0.528521  0.000588314
-0.518382  0.000585813
-0.508299  0.000592335
-0.498254  0.000580663
-0.488154  0.000585192
-0.478123  0.000587547
-0.468084  0.000578611
-0.458006  0.000586241
-0.447973  0.000586408
-0.437955  0.000574246
-0.427823  0.000592547
-0.417741  0.000588915
-0.407579  0.000578864
-0.397513  0.000589299
-0.387401  0.00058717
-0.377323  0.000571362
-0.367264  0.000593783
-0.357198  0.000575512
-0.347099  0.000582919
-0.337101  0.000579719
-0.327068  0.000578988
-0.316944  0.000581192
-0.306892  0.000589929
-0.296782  0.000570462
-0.286762  0.000584351
-0.276725  0.000576922
-0.266681  0.000578123
-0.256571  0.00058511
-0.246538  0.000580134
-0.236373  0.000575714
-0.226365  0.000586449
-0.216306  0.000572449
-0.206262  0.00057584
-0.1962  0.00058699
-0.18614  0.000574314
-0.175972  0.000582502
-0.16593  0.00058431
-0.155816  0.000574194
-0.145714  0.000582685
-0.135638  0.000583324
-0.125546  0.000571097
-0.115457  0.000585927
-0.105443  0.000572091
-0.09539  0.000575161
-0.0853322  0.000582575
-0.0752981  0.000574657
-0.0651141  0.000583804
-0.0550015  0.000586462
-0.0449058  0.000572735
-0.0347817  0.000579611
-0.0247423  0.000584261
-0.0146007  0.000577644
-0.00471005  0.00054815
0.00471005  0.00054815
0.0146007  0.000577644
0.0247423  0.000584261
0.0347817  0.000579611
0.0449058  0.000572735
0.0550015  0.000586462
0.0651141  0.000583804
0.0752981  0.000574657
0.0853322  0.000582575
0.09539  0.000575161
0.105443  0.000572091
0.115457  0.000585927
0.125546  0.000571097
0.135638  0.000583324
0.145714  0.000582685
0.155816  0.000574194
0.16593  0.00058431
0.175972  0.000582502
0.18614  0.000574314
0.1962  0.00058699
0.206262  0.00057584
0.216306  0.000572449
0.226365  0.000586449
0.236373  0.000575714
0.246538  0.000580134
0.256571  0.00058511
0.266681  0.000578123
0.276725  0.000576922
0.286762  0.000584351
0.296782  0.000570462
0.306892  0.000589929
0.316944  0.000581192
0.327068  0.000578988
0.337101  0.000579719
0.347099  0.000582919
0.357198  0.000575512
0.367264  0.000593783
0.377323  0.000571362
0.387401  0.00058717
0.397513  0.000589299
0.407579  0.000578864
0.417741  0.000588915
0.427823  0.000592547
0.437955  0.000574246
0.447973  0.000586408
0.458006  0.000586241
0.468084  0.000578611
0.478123  0.000587547
0.488154  0.000585192
0.498254  0.000580663
0.508299  0.000592335
0.518382  0.000585813
0.528521  0.000588314
0.538572  0.000591173
0.549142  0.000635658
0.559646  0.000590536
0.569743  0.000595934
0.579895  0.000581398
0.589988  0.000601013
0.600045  0.000583202
0.610146  0.000587925
0.620213  0.000597481
0.630315  0.000592793
0.640498  0.000586909
0.650544  0.000604855
0.660636  0.000578924
0.670702  0.000596239
0.680815  0.000601896
0.690876  0.000582856
0.700985  0.000596927
0.71097  0.000594969
0.721085  0.000588475
0.731592  0.000652876
0.742098  0.000594456
0.752185  0.000588794
0.762218  0.000604936
0.772326  0.000594373
0.782483  0.000597609
0.792524  0.000605451
0.802616  0.000590787
0.812753  0.000601732
0.822756  0.00060546
0.832891  0.000589129
0.842929  0.000602525
0.852964  0.000606272
0.86307  0.000591652
0.873212  0.000612351
0.883222  0.000600412
0.893388  0.000601632
0.903522  0.000612622
0.913632  0.000607418
0.923779  0.000599161
0.933842  0.000612201
0.943927  0.000603937
0.954075  0.00060712
0.964167  0.000613374
0.974257  0.000601782
0.984381  0.00061374
0.994389  0.00060201
1.00448  0.000609423
1.01452  0.000604919
1.02453  0.00061412
1.03464  0.000598382
1.04463  0.000620262
1.05467  0.000601997
1.06477  0.000615117
1.07486  0.000613056
1.08488  0.000617612
1.09512  0.000614426
1.10516  0.000621294
1.11531  0.000612236
1.12542  0.000623761
1.13557  0.000615792
1.14556  0.000614296
1.15575  0.000626365
1.16575  0.000609016
1.17587  0.000619599
1.18585  0.000624079
1.19604  0.00061935
1.20611  0.000621902
1.21628  0.000636523
1.22633  0.000603875
1.23636  0.00062604
1.24638  0.00062828
1.25653  0.000619203
1.26654  0.000622122
1.27664  0.000634151
1.28673  0.000616678
1.29681  0.000635142
1.30688  0.000625506
1.31701  0.000628891
1.32708  0.000629491
1.33712  0.000631507
1.34724  0.000622311
1.35724  0.000637778
1.36735  0.000625887
1.37741  0.000633679
1.38743  0.000630066
1.39748  0.00063218
1.40762  0.00063501
1.41761  0.000638324
1.42779  0.000633086
1.43785  0.000642292
1.4479  0.000633343
1.45803  0.00063869
1.4681  0.000638591
1.47811  0.000640609
1.48826  0.00063389
1.49832  0.000652677
1.50837  0.000631616
1.51846  0.0006411
1.52856  0.000651794
1.53865  0.000642441
1.54878  0.000643342
1.55889  0.000656335
1.56901  0.000638328
1.57905  0.000646889
1.58957  0.000707566
1.60007  0.000640051
1.6101  0.000648624
1.62012  0.000647686
1.63023  0.000651525
1.64026  0.000646266
1.65035  0.000656888
1.66045  0.000649761
1.6705  0.000652076
1.68054  0.000651055
1.69065  0.000659189
1.70071  0.000652695
1.71083  0.000661812
1.72092  0.000651886
1.73095  0.000658765
1.74105  0.000658964
1.75112  0.000655752
1.76113  0.000655437
1.77122  0.000667269
1.78135  0.000658025
1.7914  0.000665604
1.80193  0.000717039
1.81241  0.000661137
1.82253  0.000671156
1.83262  0.000665659
1.84273  0.000662426
1.85285  0.000676279
1.86298  0.000668329
1.87303  0.000662479
1.88317  0.00067453
1.89317  0.000665852
1.90331  0.000672174
1.91341  0.000672754
1.92349  0.000674084
1.93354  0.000666032
1.94368  0.000678397
1.95367  0.000671366
1.96387  0.00067997
1.97394  0.000675821
1.98404  0.000673416
1.99402  0.000673617
2.00416  0.000678719
2.01407  0.000665728
2.02423  0.000691438
2.03431  0.000677197
2.04445  0.00067958
2.05448  0.000684326
2.06468  0.000690932
2.07468  0.000667847
2.08493  0.000706694
2.095  0.000677788
2.10518  0.000687915
2.11525  0.000688681
2.12541  0.000696201
2.13548  0.000671682
2.14561  0.000701623
2.15558  0.000675221
2.16569  0.000693135
2.17616  0.000741658
2.18668  0.000701586
2.19678  0.000677727
2.20689  0.000708063
2.21697  0.000681445
2.22703  0.000698724
2.23714  0.000689001
2.24724  0.000705508
2.25733  0.000682769
2.26742  0.000708856
2.27748  0.000682504
2.28748  0.000699929
2.29759  0.000694014
2.30767  0.000707508
2.31777  0.000691016
2.32784  0.000704293
2.3379  0.000691194
2.34792  0.000705634
2.35796  0.00068909
2.36805  0.000716023
2.37818  0.000692985
2.38822  0.000714935
2.39836  0.00069453
2.40847  0.000717785
2.41858  0.000700095
2.42869  0.000717658
2.43892  0.000703102
2.44895  0.000716723
2.45906  0.00069819
2.46914  0.000714273
2.47977  0.000780623
2.49026  0.000701576
2.50038  0.000712952
2.51044  0.000714178
2.52047  0.000698579
2.5305  0.00071478
2.54064  0.00071625
2.55062  0.000702703
2.56075  0.000721036
2.57083  0.00071335
2.58092  0.000713209
2.59102  0.000717274
2.60107  0.000715094
2.61111  0.000709273
2.62122  0.000723415
2.6313  0.000719239
2.6414  0.000711079
2.65146  0.000720361
2.66153  0.000721707
2.67162  0.000715014
2.6817  0.00072241
2.69174  0.000716099
2.70182  0.000722669
2.71194  0.000721975
2.72201  0.000727059
2.73214  0.000714181
2.74218  0.000734873
2.75234  0.000716956
2.7624  0.000724747
2.7725  0.000726188
2.78252  0.000725556
2.79273  0.00072196
2.80272  0.00073362
2.81291  0.000726137
2.823  0.000725426
2.83317  0.000740273
2.84321  0.00071889
2.85334  0.000721934
2.86328  0.000733343
2.87348  0.00073133
2.88357  0.00072594
2.89367  0.000736255
2.90372  0.000723423
2.91392  0.000739747
2.92393  0.000726696
2.9341  0.000734868
2.94419  0.000729348
2.95421  0.000729159
2.96468  0.000787967
2.97532  0.000753523
2.98538  0.00071753
2.99544  0.000736893
3.00556  0.00073085
3.01557  0.000734361
3.02563  0.000721549
3.03574  0.000755259
3.04587  0.000720903
3.05594  0.000739505
3.06603  0.000734839
3.0761  0.000737433
3.08618  0.00072388
3.09616  0.000740665
3.10625  0.00073047
3.11635  0.000737075
3.12636  0.000731401
3.13646  0.000745986
3.14662  0.000730252
3.15667  0.00074709
3.16682  0.00073471
3.17692  0.000738187
3.18703  0.000745407
3.1971  0.000732402
3.20722  0.00073843
3.21732  0.000746819
3.22737  0.000729421
3.23746  0.000739761
3.24799  0.000807698
3.25853  0.000738544
3.26867  0.000739925
3.27874  0.000742591
3.28877  0.000730837
3.29935  0.000811332
3.30987  0.000743578
3.32006  0.000742726
3.33012  0.000735238
3.34026  0.000752902
3.35033  0.000728381
3.36047  0.000753608
3.371  0.000797476
3.3816  0.000755218
3.39171  0.000729578
3.40175  0.000745667
3.41182  0.000729807
3.42196  0.000759927
3.43207  0.000728781
3.44212  0.000745127
3.45224  0.000734015
3.46231  0.000755039
3.47246  0.000728147
3.48248  0.000747097
3.49258  0.000733247
3.50268  0.000748528
3.51282  0.000744926
3.52292  0.00073907
3.53303  0.000731842
3.54302  0.000746828
3.55303  0.00072498
3.56317  0.000750476
3.57326  0.000739765
3.58339  0.00074905
3.5936  0.000736328
3.60361  0.000743546
3.61366  0.00072942
3.62379  0.000747746
3.63388  0.000735564
3.64394  0.000744977
3.65405  0.000728961
3.66407  0.000744147
3.67419  0.000732179
3.68429  0.000754
3.69446  0.000730612
3.70449  0.000738788
3.71503  0.000803937
3.72549  0.000735335
3.73575  0.000742649
3.74577  0.000743421
3.75589  0.000727923
3.76589  0.000737084
3.776  0.000729913
3.78595  0.000740015
3.79626  0.00074226
3.80624  0.000733338
3.81635  0.000732066
3.82639  0.000737288
3.83655  0.000734367
3.84653  0.000733069
3.85674  0.000737034
3.86668  0.000729468
3.8768  0.000728198
3.8869  0.000745611
3.89709  0.000733108
3.90705  0.00072364
3.91723  0.000741397
3.92727  0.000726561
3.93729  0.000723378
3.94738  0.000737566
3.95752  0.000732703
3.96754  0.000725042
3.97763  0.000727326
3.98767  0.000730053
3.99779  0.000732854
4.00785  0.000721343
4.01786  0.000725884
4.02793  0.000726868
4.03801  0.000725436
4.04808  0.000729177
4.05821  0.000729474
4.06837  0.000732021
4.07846  0.000724196
4.08861  0.000728475
4.09869  0.000724258
4.10878  0.00072492
4.11885  0.000721513
4.12898  0.000722064
4.13898  0.000723913
4.14921  0.000731732
4.15931  0.000719239
4.16944  0.000723797
4.17945  0.000713875
4.18967  0.000730057
4.19969  0.00071729
4.20991  0.000726328
4.21992  0.000706704
4.22998  0.000719095
4.23998  0.000705678
4.2501  0.000725462
4.26007  0.000704553
4.27023  0.000718303
4.28021  0.000706389
4.29037  0.000726261
4.30037  0.000694732
4.3105  0.00072496
4.32053  0.000703663
4.33069  0.000719756
4.34072  0.000697151
4.35083  0.000724533
4.36086  0.000688455
4.37097  0.000725022
4.381  0.000693565
4.3912  0.000726474
4.40133  0.00069389
4.41142  0.000718234
4.42147  0.000685781
4.43151  0.000716433
4.44158  0.00068689
4.45213  0.000784134
4.46268  0.000681017
4.47269  0.000713275
4.48284  0.000686837
4.49283  0.000714584
4.50299  0.000675762
4.51294  0.000711063
4.52314  0.000694609
4.53325  0.000705219
4.54342  0.000685383
4.5534  0.000707364
4.56355  0.000671466
4.57354  0.000707874
4.5837  0.000683022
4.59371  0.000695752
4.60387  0.000676095
4.61383  0.000705042
4.62398  0.000668942
4.63399  0.000702467
4.6442  0.000677889
4.65418  0.000686098
4.66428  0.000678487
4.67435  0.000697532
4.68453  0.000667294
4.69453  0.000697244
4.70472  0.000667969
4.71468  0.000681893
4.72478  0.000671976
4.73476  0.000681083
4.74488  0.000667338
4.75491  0.000683663
4.76507  0.000670191
4.7751  0.000676898
4.78521  0.000670829
4.79527  0.000672614
4.80536  0.000663427
4.81536  0.000673452
4.8255  0.000665472
4.83559  0.000674065
4.84567  0.000659005
4.85568  0.000661644
4.86582  0.000671589
4.876  0.000674073
4.88607  0.000651257
4.89621  0.000670224
4.90632  0.000662698
4.91639  0.000653373
4.92644  0.000652551
4.93657  0.000670773
4.94657  0.000639532
4.95664  0.000656935
4.96674  0.000656768
4.97684  0.00065353
4.98686  0.000641978
4.99701  0.000662396
5.00747  0.000693738
5.01806  0.000661739
5.02814  0.000639711
5.03829  0.000652488
5.04839  0.000643052
5.05847  0.000644798
5.06854  0.00063777
5.07866  0.000646036
5.08869  0.000637868
5.09896  0.00065249
5.10906  0.000629152
5.11914  0.000645362
5.12922  0.000620155
5.1393  0.000650332
5.14987  0.000678053
5.16041  0.000637772
5.17043  0.000619043
5.18051  0.000640536
5.19067  0.000617404
5.20076  0.000645724
5.21086  0.000599934
5.22085  0.000638384
5.23098  0.000613918
5.24101  0.000630385
5.25122  0.000610085
5.26126  0.000637981
5.27142  0.000599733
5.28137  0.000620218
5.2915  0.000613188
5.30154  0.000621356
5.31169  0.000595547
5.32166  0.000628089
5.33193  0.000601803
5.34183  0.000611566
5.35202  0.000600912
5.36195  0.000606166
5.37211  0.000600765
5.38208  0.000606566
5.39238  0.000610138
5.40241  0.000602468
5.41264  0.000596215
5.42254  0.000594691
5.4327  0.000594589
5.44262  0.000591938
5.45286  0.000598238
5.46281  0.000587441
5.47305  0.000601322
5.483  0.000576614
5.49312  0.000593581
5.50312  0.000582304
5.51325  0.000585868
5.5233  0.000583922
5.53349  0.000596292
5.54358  0.00056828
5.55367  0.000589199
5.56375  0.000575342
5.57387  0.000580366
5.58388  0.000561373
5.59389  0.000591241
5.60416  0.000565717
5.61413  0.000574161
5.62427  0.000569407
5.63426  0.000564361
5.64435  0.000566458
5.65439  0.000572038
5.66466  0.000566959
5.67474  0.000571021
5.68494  0.000562113
5.69499  0.000560237
5.70511  0.000560455
5.71556  0.000598727
5.7262  0.000568242
5.7362  0.000544083
5.74629  0.000558751
5.75637  0.000546213
5.76649  0.000559402
5.77655  0.000535768
5.78664  0.000559167
5.79672  0.000538351
5.80687  0.000551402
5.81693  0.000537669
5.82704  0.000549834
5.83708  0.000521543
5.84715  0.000556804
5.8572  0.000519668
5.86729  0.000546383
5.87739  0.000527533
5.88754  0.000543539
5.89757  0.000512711
5.90762  0.000545485
5.91776  0.000519666
5.92792  0.000539361
5.938  0.000511437
5.94806  0.000537133
5.9587  0.000560505
5.96914  0.000525552
5.97929  0.000512692
5.98937  0.000530259
5.99948  0.000500006
6.00951  0.000527477
6.01963  0.000499276
6.02967  0.000524961
6.04036  0.000551339
6.05085  0.000517427
6.06108  0.000498219
6.07104  0.000516476
6.08175  0.000545043
6.09223  0.000506769
6.10244  0.000501335
6.11239  0.00049568
6.12254  0.00049055
6.13244  0.0005041
6.14269  0.00048618
6.15257  0.000496726
6.16289  0.000495822
6.17328  0.000531056
6.18401  0.000495871
6.19391  0.000473221
6.20413  0.000497
6.21404  0.000477356
6.22429  0.000485718
6.23426  0.00047291
6.24447  0.000496452
6.25452  0.00046269
6.26474  0.0004892
6.27462  0.000463762
6.28486  0.000478634
6.29534  0.000507553
6.30588  0.000481084
6.31603  0.000454684
6.3261  0.000480844
6.33614  0.000453383
6.34622  0.000465382
6.35624  0.000452576
6.36626  0.000473314
6.37649  0.000451461
6.38649  0.000460908
6.3966  0.000450571
6.4071  0.000496359
6.41772  0.000460379
6.42829  0.000488253
6.43894  0.000455979
6.44903  0.000443304
6.45914  0.000451843
6.4697  0.00048314
6.4802  0.000444427
6.49038  0.000437733
6.50088  0.000487206
6.51152  0.000433818
6.52151  0.000436056
6.53172  0.00044329
6.54165  0.000422453
6.55182  0.000436379
6.56194  0.000435961
6.57211  0.000429599
6.58206  0.000415785
6.59219  0.000438397
6.60224  0.000415183
6.6124  0.000429309
6.62241  0.00041842
6.63299  0.000458998
6.64348  0.000415661
6.65373  0.000427362
6.6637  0.000402385
6.67379  0.000424515
6.68396  0.000406415
6.69451  0.000454017
6.70501  0.000399817
6.71514  0.000419935
6.72524  0.000399418
6.73539  0.000412304
6.746  0.000434933
6.75647  0.000408104
6.76666  0.000391055
6.77667  0.000412087
6.78698  0.000394796
6.79698  0.000395537
6.80711  0.000394023
6.81717  0.000393462
6.82741  0.00039436
6.83738  0.000390718
6.84756  0.000380826
6.85798  0.000423101
6.86857  0.000387446
6.87869  0.000382342
6.88885  0.000384089
6.89883  0.000378642
6.90903  0.000376552
6.91905  0.000378337
6.92914  0.000379789
6.93941  0.00038113
6.9496  0.000369098
6.95949  0.000367352
6.9697  0.00037102
6.97973  0.000369875
6.98986  0.000367268
7.00043  0.000394869
7.01084  0.00036104
7.02086  0.000361182
7.03112  0.000363266
7.04114  0.000362163
7.05129  0.000353723
7.06186  0.000390645
7.07238  0.000353618
7.0825  0.00035491
7.0926  0.000348693
7.10311  0.000383754
7.11375  0.00034902
7.1238  0.000345891
7.13383  0.000341381
7.14401  0.000353392
7.15411  0.000335625
7.16461  0.000374956
7.17531  0.000341832
7.18541  0.000343437
7.1961  0.000365667
7.2065  0.000330515
7.21667  0.000339417
7.22684  0.000330058
7.23699  0.000333977
7.24704  0.000330298
7.25725  0.000326412
7.26717  0.000323597
7.27735  0.000327229
7.28731  0.000317505
7.2979  0.000355951
7.30845  0.000319778
7.31858  0.000317234
7.32855  0.00031742
7.33883  0.000322048
7.34882  0.000309405
7.35903  0.000317735
7.36896  0.000305298
7.37912  0.000316748
7.38922  0.00030639
7.39984  0.000340855
7.41022  0.000297022
7.4204  0.000311209
7.43055  0.000304049
7.44066  0.000300965
7.45058  0.000298215
7.46128  0.00033082
7.47173  0.000292471
7.48188  0.000304286
7.49204  0.000289871
7.50214  0.000302704
7.51221  0.000285629
7.52233  0.000294396
7.53234  0.000285524
7.54252  0.000298299
7.55263  0.000277506
7.56272  0.000293336
7.57278  0.000280747
7.58295  0.000289022
7.59309  0.000275435
7.60314  0.000292629
7.61338  0.000269964
7.62338  0.000284477
7.63398  0.00029683
7.64448  0.000279978
7.65469  0.000271748
7.66473  0.000279313
7.67502  0.000267672
7.6849  0.000270281
7.69511  0.000268562
7.70513  0.000273296
7.7158  0.000282577
7.72615  0.000268604
7.7364  0.000262594
7.74637  0.000265524
7.75719  0.000285736
7.76751  0.000258748
7.77769  0.000257582
7.78772  0.000258561
7.79799  0.000260891
7.80793  0.000250973
7.81816  0.000254887
7.82814  0.000250777
7.83822  0.000249966
7.84831  0.000253231
7.8585  0.000250975
7.86854  0.00024572
7.87873  0.00024774
7.88877  0.000241371
7.89884  0.000249461
7.909  0.000241637
7.91912  0.000243001
7.92923  0.000237604
7.93974  0.000264141
7.95039  0.000235126
7.96038  0.000240372
7.97059  0.000233683
7.98063  0.00023412
7.99071  0.000232547
8.0008  0.000234817
8.01092  0.00022508
8.02095  0.000233224
8.03112  0.00022561
8.04108  0.000226637
8.0514  0.000228363
8.06131  0.000223256
8.07144  0.000222597
8.08201  0.000240826
8.09264  0.000228488
8.10279  0.000215046
8.11281  0.000218138
8.12291  0.000219997
8.13317  0.000217321
8.14315  0.000212407
8.15329  0.000216272
8.16337  0.000210445
8.17342  0.000214072
8.18359  0.000206998
8.19357  0.000212192
8.20367  0.000205456
8.21373  0.000208433
8.22393  0.000203579
8.23382  0.000205016
8.24447  0.000222315
8.25505  0.000207107
8.26523  0.000197737
8.27516  0.000200938
8.28543  0.000198618
8.29538  0.000198458
8.30556  0.000195409
8.31556  0.000197755
8.3257  0.000192418
8.33571  0.000194916
8.3459  0.000192456
8.35596  0.000192221
8.36612  0.000188676
8.37601  0.000189736
8.38626  0.000189069
8.39621  0.00018307
8.40629  0.000187554
8.41639  0.000185619
8.42649  0.000181191
8.43644  0.000184087
8.44715  0.000199954
8.45765  0.00018149
8.46774  0.000177939
8.47771  0.000177242
8.48793  0.000181493
8.49789  0.000171967
8.50799  0.000177128
8.51815  0.000176021
8.52824  0.000174071
8.5383  0.000172186
8.54845  0.000170827
8.5584  0.000169623
8.56856  0.00017139
8.57866  0.000168815
8.58879  0.000168011
8.59881  0.000165419
8.60942  0.000179748
8.61996  0.000167284
8.63008  0.000164303
8.64009  0.00016005
8.65023  0.000164088
8.66038  0.000159128
8.67042  0.000160114
8.68051  0.000159847
8.69061  0.00015659
8.70067  0.00015865
8.71079  0.000154028
8.72087  0.000154068
8.73088  0.000157752
8.741  0.000150135
8.75101  0.000150874
8.76116  0.000152244
8.77114  0.000149613
8.78129  0.000152182
8.79132  0.000145787
8.80144  0.000150386
8.81155  0.00014437
8.8216  0.000145799
8.83169  0.000146891
8.84175  0.000142505
8.85225  0.000156954
8.86289  0.000142566
8.87296  0.000140706
8.88304  0.000142252
8.89311  0.000138887
8.90324  0.000140425
8.91387  0.000148373
8.92449  0.000140191
8.93459  0.000137422
8.94463  0.000133626
8.95478  0.000132495
8.96472  0.000135909
8.97505  0.000133048
8.98505  0.000131704
8.99527  0.000132953
9.00537  0.000131588
9.01558  0.000127213
9.02551  0.000129731
9.03575  0.000128262
9.04561  0.000124805
9.05596  0.000130112
9.066  0.000122613
9.07622  0.000127749
9.08622  0.000120926
9.09635  0.00012386
9.10621  0.000120656
9.11651  0.000125382
9.1268  0.000121122
9.13685  0.000120397
9.14683  0.000115318
9.15698  0.000119266
9.1669  0.00011924
9.17723  0.000118195
9.18737  0.000114816
9.19736  0.000117325
9.20756  0.000110718
9.21766  0.000116125
9.22771  0.00011424
9.23795  0.000112246
9.24798  0.00010894
9.25794  0.000113072
9.26811  0.000105703
9.27822  0.000114745
9.28833  0.0001058
9.29842  0.000110358
9.30903  0.000112851
9.31933  0.000108973
9.32974  0.000105082
9.33963  0.000105755
9.34987  0.000102536
9.35989  0.000105282
9.37011  0.000102144
9.37996  9.97018e-05
9.39086  0.000116266
9.4012  9.6837e-05
9.41182  0.000110077
9.42243  9.88769e-05
9.43242  9.83342e-05
9.44245  9.83253e-05
9.45283  9.93715e-05
9.46279  9.47018e-05
9.47288  9.56107e-05
9.4829  9.37558e-05
9.49311  9.84196e-05
9.50328  9.09406e-05
9.51329  9.59294e-05
9.5234  9.05529e-05
9.53343  9.22014e-05
9.54365  9.2746e-05
9.55378  9.0725e-05
9.56394  9.10341e-05
9.57403  8.9576e-05
9.58402  8.62849e-05
9.59413  9.0318e-05
9.60429  8.75276e-05
9.6143  8.68296e-05
9.62447  8.54537e-05
9.63455  8.51613e-05
9.64454  8.62227e-05
9.65516  9.35136e-05
9.66597  8.40281e-05
9.67589  8.14564e-05
9.68612  8.5001e-05
9.69629  8.16923e-05
9.70626  8.06352e-05
9.71642  8.34487e-05
9.72668  8.02212e-05
9.73659  7.57738e-05
9.74687  8.2884e-05
9.75693  7.77065e-05
9.76703  7.87791e-05
9.77711  7.79447e-05
9.78776  8.38358e-05
9.79825  7.5209e-05
9.80845  7.76645e-05
9.81844  7.35617e-05
9.82852  7.4488e-05
9.83865  7.43984e-05
9.84882  7.27597e-05
9.85873  7.2662e-05
9.86902  7.52685e-05
9.87903  6.89334e-05
9.8897  7.83491e-05
9.90012  7.2666e-05
9.91021  6.94682e-05
9.92039  6.91778e-05
9.93053  7.07337e-05
9.94062  6.65007e-05
9.9507  6.87984e-05
9.96068  6.95963e-05
9.97092  6.74946e-05
9.98097  6.51546e-05
9.99109  6.72436e-05
10.0013  6.48308e-05
10.0114  6.68691e-05
10.0214  6.50207e-05
10.0317  6.39439e-05
10.0418  6.26813e-05
10.0517  6.45238e-05
10.0621  6.20655e-05
10.072  6.42471e-05
10.0823  6.18864e-05
10.0924  5.96705e-05
10.1025  6.36312e-05
10.1126  5.9215e-05
10.1229  5.99283e-05
10.1328  5.91338e-05
10.143  6.05913e-05
10.1531  5.81844e-05
10.1634  5.9287e-05
10.1734  5.68408e-05
10.1836  5.77307e-05
10.1935  5.5524e-05
10.2038  5.90834e-05
10.2139  5.35031e-05
10.2239  5.6904e-05
10.2343  5.62326e-05
10.2444  5.23893e-05
10.2543  5.55946e-05
10.2646  5.62954e-05
10.2753  5.67256e-05
10.2864  5.86971e-05
10.297  5.14109e-05
10.3071  5.34043e-05
10.3171  4.99677e-05
10.3274  5.43541e-05
10.3376  4.85694e-05
10.3476  5.11149e-05
10.3577  4.9936e-05
10.3679  5.01794e-05
10.3779  4.90918e-05
10.3882  4.95082e-05
10.3985  4.77701e-05
10.4085  4.81669e-05
10.4184  4.64871e-05
10.4286  4.77604e-05
10.4387  4.72215e-05
10.4488  4.6691e-05
10.4591  4.70981e-05
10.4696  4.94908e-05
10.4802  4.60133e-05
10.4904  4.31058e-05
10.5002  4.61815e-05
10.5107  4.50499e-05
10.5207  4.16274e-05
10.5308  4.53974e-05
10.541  4.19743e-05
10.551  4.38334e-05
10.5612  4.29137e-05
10.5712  4.08213e-05
10.5813  4.28872e-05
10.5916  4.15792e-05
10.6018  4.12731e-05
10.6119  4.04196e-05
10.6218  4.03384e-05
10.632  4.12491e-05
10.6423  3.926e-05
10.6523  4.04796e-05
10.6628  4.02983e-05
10.6729  3.66473e-05
10.6829  3.92563e-05
10.6935  4.27185e-05
10.7043  3.78915e-05
10.7148  4.03719e-05
10.7255  3.77959e-05
10.7354  3.53796e-05
10.7457  3.80182e-05
10.7558  3.58136e-05
10.766  3.62971e-05
10.776  3.50259e-05
10.7862  3.50363e-05
10.7965  3.79489e-05
10.8076  3.60836e-05
10.8175  3.32255e-05
10.8278  3.54246e-05
10.8378  3.26359e-05
10.8479  3.3677e-05
10.858  3.2921e-05
10.8682  3.29741e-05
10.8783  3.37883e-05
10.8886  3.28551e-05
10.8986  2.99752e-05
10.9089  3.24529e-05
10.9194  3.46972e-05
10.9301  3.18054e-05
10.9403  3.10912e-05
10.9503  3.07378e-05
10.9611  3.27484e-05
10.9717  3.14378e-05
10.9819  2.88463e-05
10.9919  2.96833e-05
11.002  2.96465e-05
11.0123  2.84779e-05
11.0224  2.9248e-05
11.0326  2.86973e-05
11.0427  2.76881e-05
11.0527  2.93271e-05
11.0631  2.7715e-05
11.0731  2.58294e-05
11.0834  2.93881e-05
11.0933  2.67149e-05
11.1036  2.70104e-05
11.1143  2.80533e-05
11.1247  2.7017e-05
11.1348  2.57149e-05
11.1449  2.58605e-05
11.155  2.6295e-05
11.1654  2.50755e-05
11.1751  2.47759e-05
11.1856  2.56943e-05
11.1956  2.35046e-05
11.2058  2.63491e-05
11.2159  2.26972e-05
11.2262  2.48009e-05
11.2361  2.36646e-05
11.2462  2.42797e-05
11.2566  2.28859e-05
11.2667  2.41749e-05
11.2769  2.20237e-05
11.2872  2.3424e-05
11.2969  2.24254e-05
11.3073  2.28568e-05
11.3176  2.1478e-05
11.328  2.46661e-05
11.3388  2.15413e-05
11.3489  2.18642e-05
11.3588  2.06475e-05
11.3692  2.19604e-05
11.3795  2.07173e-05
11.3893  2.07993e-05
11.3997  2.07272e-05
11.4101  2.06e-05
11.42  2.03264e-05
11.4303  2.04767e-05
11.4406  2.00275e-05
11.4508  1.98228e-05
11.461  1.87086e-05
11.4711  1.92655e-05
11.4813  1.9376e-05
11.4913  1.94089e-05
11.5018  1.88674e-05
11.5116  1.70968e-05
11.522  2.01055e-05
11.5329  1.93709e-05
11.5432  1.78299e-05
11.5534  1.77867e-05
11.5637  1.83475e-05
11.5739  1.66965e-05
11.5847  2.01695e-05
11.5955  1.68018e-05
11.6052  1.71684e-05
11.616  1.62206e-05
11.6262  1.89246e-05
11.6372  1.67909e-05
11.6471  1.603e-05
11.6576  1.57367e-05
11.6675  1.66808e-05
11.6778  1.61036e-05
11.6881  1.55235e-05
11.6985  1.56486e-05
11.7082  1.5682e-05
11.7187  1.5158e-05
11.7287  1.4567e-05
11.7389  1.56996e-05
11.7493  1.51404e-05
11.7593  1.38865e-05
11.7693  1.48046e-05
11.78  1.47937e-05
11.7901  1.39629e-05
11.7999  1.46883e-05
11.8103  1.35451e-05
11.8204  1.41532e-05
11.8306  1.32049e-05
11.8407  1.37816e-05
11.8507  1.2977e-05
11.8609  1.33094e-05
11.8714  1.29475e-05
11.8814  1.42108e-05
11.8917  1.22907e-05
11.9018  1.29328e-05
11.9123  1.24056e-05
11.9218  1.27235e-05
11.9325  1.21022e-05
11.9424  1.24889e-05
11.9529  1.25354e-05
11.9632  1.25322e-05
11.9735  1.15413e-05
11.9835  1.17408e-05
11.9942  1.2012e-05
12.004  1.13003e-05
12.0142  1.10742e-05
12.0244  1.18204e-05
12.0349  1.14546e-05
12.0448  1.01906e-05
12.0553  1.16231e-05
12.0655  1.11998e-05
12.0753  1.05436e-05
12.0859  1.12443e-05
12.0961  1.01845e-05
12.1063  1.0515e-05
12.1168  1.01559e-05
12.1271  1.07172e-05
12.1371  9.98794e-06
12.1476  1.02795e-05
12.1579  9.66042e-06
12.1679  1.00863e-05
12.1783  1.00817e-05
12.1888  9.37181e-06
12.1989  9.12637e-06
12.209  9.88899e-06
12.2192  8.75683e-06
12.2292  9.57658e-06
12.2397  8.86075e-06
12.2499  9.26311e-06
12.26  9.2764e-06
12.2704  8.5116e-06
12.2804  8.96023e-06
12.2904  8.38648e-06
12.3009  8.56353e-06
12.3112  8.68985e-06
12.3211  8.25049e-06
12.3316  8.6506e-06
12.3422  8.47666e-06
12.3519  7.86897e-06
12.362  7.71391e-06
12.3724  8.27847e-06
12.3826  7.93057e-06
12.393  7.72034e-06
12.4033  7.63963e-06
12.4131  7.77068e-06
12.4238  8.10834e-06
12.4338  6.59344e-06
12.4438  7.22037e-06
12.4543  7.81653e-06
12.4642  7.1574e-06
12.4747  7.22309e-06
12.4854  7.4996e-06
12.4954  6.35629e-06
12.5056  7.42284e-06
12.5159  6.49716e-06
12.5258  6.72476e-06
12.5362  6.79515e-06
12.5462  6.66578e-06
12.5571  6.41848e-06
12.567  6.72325e-06
12.5771  7.02586e-06
12.5877  5.85521e-06
12.5977  5.75527e-06
12.6082  7.03105e-06
12.6183  5.51904e-06
12.6283  6.70717e-06
12.6392  6.03665e-06
12.6494  5.80841e-06
12.6597  5.72767e-06
12.6697  6.0344e-06
12.6801  5.37851e-06
12.6902  6.09499e-06
12.7008  5.47996e-06
12.7109  5.61366e-06
12.7214  5.36972e-06
12.7315  5.52704e-06
12.7419  5.47733e-06
12.7519  5.35351e-06
12.7628  6.00262e-06
12.7731  4.63413e-06
12.783  5.18082e-06
12.7934  5.031e-06
12.8035  4.8044e-06
12.8139  5.03786e-06
12.8243  5.41882e-06
12.8352  4.51569e-06
12.845  4.68279e-06
12.8559  5.17544e-06
12.866  4.91856e-06
12.8762  4.18767e-06
12.8865  4.78911e-06
12.8969  4.48903e-06
12.9068  4.36109e-06
12.9175  4.73089e-06
12.9278  4.17367e-06
12.9383  4.62065e-06
12.9486  4.19717e-06
12.9593  4.63429e-06
12.9697  4.12416e-06
12.9797  4.02872e-06
12.9899  3.97711e-06
13.0004  4.14425e-06
13.0106  4.12255e-06
13.0215  4.13881e-06
13.0319  3.51251e-06
13.0421  4.43804e-06
13.053  3.71027e-06
13.0632  3.6776e-06
13.0736  4.06797e-06
13.0841  3.68792e-06
13.0949  3.37572e-06
13.1051  3.75849e-06
13.1158  3.73521e-06
13.126  3.58447e-06
13.1367  3.65744e-06
13.1469  3.37208e-06
13.1575  3.47123e-06
13.1674  2.92833e-06
13.1775  3.43233e-06
13.1886  3.42882e-06
13.1988  3.41649e-06
13.2092  2.81509e-06
13.2197  3.64232e-06
13.2304  2.9088e-06
13.2403  3.18034e-06
13.2513  3.40134e-06
13.2615  2.83698e-06
13.2718  2.87602e-06
13.282  3.03719e-06
13.2929  2.70793e-06
13.3028  2.92064e-06
13.314  2.90934e-06
13.3242  2.92266e-06
13.3343  2.75517e-06
13.3446  2.6852e-06
13.3557  3.10956e-06
13.3663  2.63028e-06
13.3764  2.40825e-06
13.3873  2.37626e-06
13.3976  2.89289e-06
13.4077  2.56558e-06
13.4188  2.80764e-06
13.4297  2.2481e-06
13.4396  2.89291e-06
13.4507  2.49743e-06
13.4615  2.29989e-06
13.4728  2.34898e-06
13.4825  2.41817e-06
13.4935  2.15509e-06
13.5034  2.4014e-06
13.5141  2.38853e-06
13.5252  2.10598e-06
13.5354  2.23389e-06
13.5461  2.30122e-06
13.5563  2.2178e-06
13.5671  1.90939e-06
13.5773  2.07293e-06
13.5885  2.17068e-06
13.5987  2.09542e-06
13.6092  2.15965e-06
13.6194  1.95492e-06
13.6303  1.8964e-06
13.6408  1.757e-06
13.6512  2.20697e-06
13.662  1.94348e-06
13.6726  1.5808e-06
13.6829  2.1262e-06
13.6937  1.87476e-06
13.7041  1.46979e-06
13.7151  1.86641e-06
13.7259  2.01983e-06
13.7361  1.72257e-06
13.7466  1.64182e-06
13.7578  1.86962e-06
13.769  1.64615e-06
13.7796  1.56759e-06
13.7893  1.58196e-06
13.7995  1.62479e-06
13.8106  1.60407e-06
13.8206  1.54431e-06
13.8317  1.75752e-06
13.8423  1.42908e-06
13.8532  1.39632e-06
13.864  1.60729e-06
13.8746  1.43965e-06
13.8853  1.48067e-06
13.8958  1.42569e-06
13.9068  1.66139e-06
13.9176  1.17218e-06
13.9284  1.30671e-06
13.9385  1.40655e-06
13.9486  1.46468e-06
13.9597  1.22596e-06
13.97  1.09237e-06
13.9808  1.41197e-06
13.9919  1.42028e-06
14.0027  1.19264e-06
14.0129  1.3786e-06
14.024  1.08722e-06
14.0348  1.20884e-06
14.046  1.33077e-06
14.0568  1.20947e-06
14.0668  1.09193e-06
14.0777  1.2083e-06
14.0888  1.00812e-06
14.0987  1.2266e-06
14.1105  1.08522e-06
14.1201  9.59924e-07
14.13  1.04034e-06
14.1411  1.14631e-06
14.1529  1.13666e-06
14.163  1.00533e-06
14.174  8.81616e-07
14.1852  1.10132e-06
14.1954  9.54626e-07
14.205  7.14393e-07
14.2153  1.00793e-06
14.2261  1.10072e-06
14.2362  9.17504e-07
14.2455  6.89411e-07
14.2568  8.18324e-07
14.2663  9.2576e-07
14.277  9.27991e-07
14.2891  8.75751e-07
14.2991  8.81476e-07
14.3097  8.04943e-07
14.3209  8.71917e-07
14.3308  8.45833e-07
14.3414  8.34854e-07
14.3524  7.21325e-07
14.3626  7.11665e-07
14.3736  8.30961e-07
14.3837  6.27672e-07
14.3931  7.38231e-07
14.4037  7.4198e-07
14.4141  7.78197e-07
14.4242  6.17544e-07
14.4342  7.38814e-07
14.4456  8.39394e-07
14.4568  7.21647e-07
14.4679  5.75729e-07
14.4776  7.34794e-07
14.4889  5.70372e-07
14.4988  5.52854e-07
14.5101  8.16046e-07
14.5208  7.21715e-07
14.5309  5.81234e-07
14.5413  5.75191e-07
14.5523  5.92174e-07
14.5625  5.61288e-07
14.5728  5.47954e-07
14.5834  5.49607e-07
14.5936  6.12298e-07
14.6033  6.02358e-07
14.615  6.18905e-07
14.6256  4.60425e-07
14.6357  5.94011e-07
14.6464  4.22956e-07
14.657  5.7454e-07
14.6679  3.94289e-07
14.6776  6.32191e-07
14.6902  6.68521e-07
14.701  4.55323e-07
14.7107  3.95319e-07
14.7225  4.77311e-07
14.733  6.03089e-07
14.7427  3.40478e-07
14.753  4.96984e-07
14.7654  4.91748e-07
14.7752  4.54565e-07
14.7859  4.53734e-07
14.7964  3.45532e-07
14.8077  5.53563e-07
14.8183  3.75358e-07
14.8292  3.61566e-07
14.8392  3.9803e-07
14.85  4.22774e-07
14.8604  3.98894e-07
14.8706  4.0706e-07
14.8809  4.41192e-07
14.8914  3.15659e-07
14.9044  3.94402e-07
14.9144  3.4876e-07
14.9244  4.36646e-07
14.9347  3.59076e-07
14.9448  2.60276e-07
14.9541  3.68478e-07
14.9675  3.7428e-07
14.9773  2.7798e-07
14.9871  3.20656e-07
14.9971  3.22781e-07
15.0081  3.14233e-07
15.0177  3.52582e-07
15.0284  2.91073e-07
15.0386  2.59029e-07
15.0496  2.99181e-07
15.0598  3.67376e-07
15.0717  3.0476e-07
15.0853  3.87671e-07
15.0956  1.96218e-07
15.1035  2.82271e-07
15.114  2.57659e-07
15.1256  2.5469e-07
15.1358  3.49275e-07
15.1469  2.99755e-07
15.1581  1.92281e-07
15.1681  2.82179e-07
15.1804  2.38458e-07
15.1903  2.66831e-07
15.2008  2.54599e-07
15.2119  2.44347e-07
15.2218  2.03067e-07
15.2329  2.33369e-07
15.244  2.6291e-07
15.2543  2.43655e-07
15.2651  2.25598e-07
15.2754  2.06104e-07
15.2863  2.28684e-07
15.2978  1.48059e-07
15.3077  2.29467e-07
15.3173  2.58415e-07
15.3288  2.32223e-07
15.3407  1.09684e-07
15.3494  2.54746e-07
15.364  1.42578e-07
15.3733  1.9586e-07
15.3838  2.25803e-07
15.3942  1.83289e-07
15.4064  1.7656e-07
15.4171  2.5952e-07
15.4284  1.87882e-07
15.4392  1.66479e-07
15.4505  7.22598e-08
15.4624  2.06284e-07
15.4718  1.64478e-07
15.4831  1.4418e-07
15.4932  1.71683e-07
15.5022  1.67204e-07
15.5143  1.42929e-07
15.5225  1.34067e-07
15.534  1.94028e-07
15.5465  1.93888e-07
15.5578  1.26968e-07
15.5658  1.25401e-07
15.5774  8.63033e-08
15.5894  1.31957e-07
15.5987  1.96276e-07
15.6096  1.78922e-07
15.6229  8.21426e-08
15.6335  1.43373e-07
15.6442  1.32454e-07
15.6538  8.18412e-08
15.6646  1.44809e-07
15.6782  1.28889e-07
15.6893  1.24257e-07
15.701  1.43692e-07
15.7115  1.47706e-07
15.7221  1.02712e-07
15.7315  8.54881e-08
15.7418  8.94059e-08
15.751  1.14116e-07
15.7639  1.09211e-07
15.7774  1.01849e-07
15.7857  1.18733e-07
15.7964  1.32402e-07
15.8081  8.54938e-08
15.8177  1.04212e-07
15.8279  7.51892e-08
15.8404  8.20404e-08
15.8516  1.03783e-07
15.8604  6.70646e-08
15.8715  1.05313e-07
15.8816  1.05375e-07
15.8926  7.81067e-08
15.9036  5.82767e-08
15.9143  9.72181e-08
15.9259  9.11924e-08
15.9335  8.20731e-08
15.9445  3.73334e-08
15.9553  1.05563e-07
15.9664  9.18966e-08
15.9769  7.53711e-08
15.9882  5.91152e-08
15.9997  8.6852e-08
16.01  7.4336e-08
16.0242  6.86317e-08
16.0361  4.37988e-08
16.0444  8.36411e-08
16.0573  7.64165e-08
16.0679  9.0274e-08
16.0815  5.88345e-08
16.0916  7.21794e-08
16.1041  8.84391e-08
16.1147  6.18885e-08
16.1266  4.95096e-08
16.1368  6.34093e-08
16.1505  6.045e-08
16.1599  3.29864e-08
16.1727  5.53998e-08
16.1803  6.97021e-08
16.1918  7.10858e-08
16.2037  6.58383e-08
16.2137  6.40872e-08
16.2273  4.44681e-08
16.2404  4.52012e-08
16.2491  5.35513e-08
16.2601  5.38e-08
16.2734  2.75623e-08
16.285  7.53537e-08
16.2914  2.44823e-08
16.3049  3.90028e-08
16.316  3.88009e-08
16.3281  5.8923e-08
16.3403  5.53387e-08
16.3522  3.20797e-08
16.361  4.52197e-08
16.373  4.75565e-08
16.3877  4.61861e-08
16.3971  2.97311e-08
16.4065  5.17336e-08
16.4199  5.11195e-08
16.4307  3.05464e-08
16.4379  1.17244e-08
16.4526  2.47233e-08
16.4626  6.35833e-08
16.4735  2.95121e-08
16.4861  3.46596e-08
16.4965  2.32077e-08
16.5085  6.75935e-08
16.5221  2.20583e-08
16.532  2.03071e-08
16.5451  2.17473e-08
16.5575  2.14037e-08
16.5686  3.87983e-08
16.5799  3.27394e-08
16.5889  5.89885e-08
16.6025  1.92205e-08
16.6083  3.0256e-08
16.6211  2.36767e-08
16.6373  2.29384e-08
16.6487  2.25657e-08
16.6602  2.55868e-08
16.6697  2.16911e-08
16.6833  4.40954e-08
16.6971  2.03504e-08
16.7024  1.17682e-08
16.7153  1.84845e-08
16.7256  1.81286e-08
16.7388  3.29383e-08
16.7502  2.7524e-08
16.7591  1.38821e-08
16.7696  1.57284e-08
16.7822  2.72891e-08
16.7931  3.76004e-08
16.8033  2.05918e-08
16.8167  5.43235e-09
16.8259  1.75782e-08
16.8363  1.87987e-08
16.8529  1.62906e-08
16.8655  3.67996e-08
16.878  2.24624e-08
16.8874  1.57631e-08
16.9038  1.58689e-08
16.9164  1.418e-08
16.9279  1.52423e-08
16.9402  1.68157e-08
16.955  1.32174e-08
16.9645  1.94945e-08
16.9743  1.87637e-08
16.9833  1.43327e-08
16.9968  1.15404e-08
17.005  1.78882e-08
17.0199  8.39515e-09
17.0326  1.89628e-08
17.0455  1.36471e-08
17.0559  1.82622e-08
17.0704  2.06861e-08
17.0821  1.1284e-08
17.0964  8.78671e-09
17.1169  1.37522e-08
17.1311  1.89647e-08
17.1424  4.8891e-09
17.1533  1.6001e-08
17.1624  1.31572e-08
17.1793  4.51448e-09
17.1873  1.54617e-08
17.2  1.43217e-08
17.2103  2.45589e-09
17.2232  9.09815e-09
17.2362  2.97242e-09
17.2432  1.85767e-08
17.2549  4.23994e-09
17.2642  1.33012e-08
17.279  1.0419e-08
17.2886  1.41797e-08
17.3012  6.99201e-09
17.3139  5.95303e-09
17.3225  6.55078e-10
17.3343  1.4252e-08
17.3555  6.30868e-09
17.367  6.89693e-09
17.3779  1.47773e-08
17.4046  5.18381e-09
17.4144  1.22887e-08
17.4307  4.92853e-09
17.4445  1.17122e-08
17.4543  8.43157e-09
17.4651  9.88355e-09
17.4814  6.39471e-09
17.4973  4.20714e-09
17.5087  7.44839e-09
17.5207  2.94791e-09
17.5357  7.75059e-09
17.5453  3.08138e-09
17.5578  1.02149e-08
17.5826  6.91041e-09
17.5984  5.80438e-09
17.6121  2.07639e-09
17.6196  8.79577e-09
17.6278  8.46896e-10
17.6508  7.10732e-09
17.6619  9.85724e-09
17.6744  5.51863e-09
17.6874  7.83155e-09
17.709  2.18756e-09
17.7348  8.08481e-09
17.748  9.15569e-10
17.7637  6.1557e-10
17.7741  8.45275e-09
17.7881  7.20499e-09
17.8066  1.72142e-09
17.822  9.62266e-10
17.8409  6.72301e-09
17.8576  4.82193e-09
17.8637  2.85944e-09
17.8785  5.80934e-09
17.8975  1.35284e-09
17.9091  2.95273e-09
17.9178  4.05987e-09
17.9385  4.12431e-09
17.9545  5.26851e-09
17.9718  4.86878e-10
17.9941  4.9326e-09
18.0209  2.27778e-09
18.0306  2.20702e-09
18.0477  2.319e-09
18.0597  5.40138e-09
18.0686  2.33691e-09
18.1209  6.81917e-09
18.1386  9.11232e-10
18.1493  1.75174e-09
18.1575  3.79266e-09
18.1745  9.33806e-10
18.215  4.32837e-10
18.2291  4.88497e-10
18.2373  5.27798e-09
18.2503  5.09434e-10
18.2753  4.88912e-09
18.2899  4.66983e-10
18.3125  1.94098e-09
18.3319  4.95811e-09
18.3505  4.8599e-10
18.4044  2.75909e-09
18.4237  1.61994e-09
18.4577  2.6962e-09
18.4722  4.01268e-10
18.4924  1.6549e-09
18.5145  1.27309e-09
18.532  2.01477e-09
18.5555  1.94059e-09
18.6102  1.73695e-09
18.6376  4.25392e-10
18.6475  1.52625e-09
18.6779  1.43239e-09
18.7102  1.16501e-09
18.7337  1.76712e-09
18.7663  4.12119e-10
18.779  1.45227e-09
18.8539  7.98052e-10
18.8673  2.39702e-10
18.8904  4.4466e-10
18.9314  1.35561e-09
18.9499  1.95117e-09
18.9866  9.23582e-10
19.0407  3.81113e-10
19.1097  1.23443e-09
19.1315  2.9951e-10
19.1474  3.69677e-10
19.2277  6.22099e-10
19.2643  3.49436e-10
19.3272  1.09633e-09
19.3625  2.15057e-10
19.396  3.41664e-10
19.5075  2.09224e-10
19.5484  3.18924e-10
19.6036  8.69138e-10
19.7267  2.90415e-10
19.9442  2.57926e-10
19.9795  3.03569e-10
20.2206  2.04476e-10
20.5966  1.42837e-10
