-20.5745  1.46744e-10
-20.1992  2.10512e-10
-19.9589  3.09251e-10
-19.9231  2.64734e-10
-19.7059  2.98458e-10
-19.5836  8.87279e-10
-19.5282  3.25761e-10
-19.4854  2.14946e-10
-19.3759  3.52154e-10
-19.3432  2.17242e-10
-19.3075  1.11582e-09
-19.2441  3.5842e-10
-19.2084  6.36427e-10
-19.1274  3.78278e-10
-19.1101  3.08352e-10
-19.0903  1.25796e-09
-19.0209  3.90529e-10
-18.968  9.34938e-10
-18.9308  1.9912e-09
-18.9126  1.37304e-09
-18.8698  4.52982e-10
-18.8452  2.46257e-10
-18.8337  8.18915e-10
-18.7603  1.48428e-09
-18.7473  4.18628e-10
-18.715  1.80461e-09
-18.6919  1.17575e-09
-18.6593  1.4598e-09
-18.6285  1.55312e-09
-18.6168  4.37172e-10
-18.5922  1.76522e-09
-18.5373  1.9697e-09
-18.5135  2.04691e-09
-18.4945  1.29966e-09
-18.4737  1.6788e-09
-18.454  4.11867e-10
-18.439  2.7466e-09
-18.4053  1.64602e-09
-18.3864  2.56221e-09
-18.3814  2.63793e-10
-18.332  4.98282e-10
-18.3142  5.01924e-09
-18.297  1.44679e-09
-18.2868  5.15825e-10
-18.2718  4.78611e-10
-18.2573  4.96242e-09
-18.224  1.79823e-09
-18.2172  4.5933e-09
-18.1939  4.44263e-10
-18.1552  9.59011e-10
-18.1398  3.85124e-09
-18.1317  1.76446e-09
-18.1193  9.32219e-10
-18.1034  6.93042e-09
-18.0513  2.37893e-09
-18.0421  5.4678e-09
-18.0301  2.36132e-09
-18.012  2.23851e-09
-18.0018  2.32499e-09
-17.9762  5.0133e-09
-17.9536  5.00076e-10
-17.937  5.35279e-09
-17.9217  4.151e-09
-17.9007  4.10461e-09
-17.8917  3.01883e-09
-17.8789  1.36947e-09
-17.8624  4.4004e-09
-17.8539  2.02398e-09
-17.8412  7.29996e-09
-17.8234  6.79385e-09
-17.8027  9.8595e-10
-17.7897  1.73444e-09
-17.7718  6.31202e-09
-17.7614  4.07882e-09
-17.7551  5.50075e-09
-17.7443  6.31521e-10
-17.7252  3.66599e-09
-17.7148  5.48594e-09
-17.692  2.20751e-09
-17.6703  7.95784e-09
-17.6573  5.59973e-09
-17.6424  1.45345e-08
-17.6259  2.64334e-09
-17.6074  3.44314e-09
-17.5998  8.3095e-09
-17.5799  6.40007e-09
-17.5653  6.5336e-09
-17.5406  1.03673e-08
-17.5296  3.2567e-09
-17.5187  7.81743e-09
-17.5031  2.58564e-09
-17.4925  8.07621e-09
-17.4801  4.25121e-09
-17.4645  6.06767e-09
-17.4484  1.05605e-08
-17.4385  7.33473e-09
-17.4278  1.25088e-08
-17.4148  5.40038e-09
-17.3984  1.04832e-08
-17.3882  7.27628e-09
-17.3606  1.49193e-08
-17.3473  9.77261e-09
-17.3371  3.08391e-09
-17.3206  8.64702e-09
-17.3143  6.23724e-09
-17.2976  6.09441e-09
-17.2884  4.84527e-09
-17.2776  9.25588e-09
-17.266  1.84745e-08
-17.2482  1.33813e-08
-17.2344  8.17575e-09
-17.2246  1.79562e-08
-17.2059  9.26339e-09
-17.1896  5.63856e-09
-17.1818  1.19274e-08
-17.1687  1.96978e-08
-17.146  1.33232e-08
-17.1385  1.34663e-08
-17.127  7.62596e-09
-17.1148  1.92578e-08
-17.1012  1.33239e-08
-17.0864  5.04387e-09
-17.0705  1.04944e-08
-17.0603  1.40235e-08
-17.0515  1.24372e-08
-17.04  1.84163e-08
-17.0281  1.38547e-08
-17.0154  1.93108e-08
-17.0043  8.29878e-09
-16.9891  1.75893e-08
-16.9812  1.20586e-08
-16.9654  1.96751e-08
-16.9543  2.58271e-08
-16.9432  1.53463e-08
-16.9288  1.55381e-08
-16.9167  1.88495e-08
-16.9025  1.61051e-08
-16.8894  1.3992e-08
-16.8818  5.46568e-09
-16.8719  1.53002e-08
-16.8621  2.26578e-08
-16.8486  4.0579e-08
-16.8353  1.2983e-08
-16.8248  9.83671e-09
-16.8137  1.84903e-08
-16.8026  1.41512e-08
-16.7866  2.81304e-08
-16.7735  4.469e-08
-16.7633  1.48234e-08
-16.7525  1.28142e-08
-16.7406  2.41752e-08
-16.7308  3.0328e-08
-16.7216  2.25835e-08
-16.7083  2.29042e-08
-16.6977  1.34653e-08
-16.6837  2.90997e-08
-16.6721  1.81996e-08
-16.6653  3.20516e-08
-16.6506  3.50867e-08
-16.6385  2.56821e-08
-16.6236  3.01796e-08
-16.606  2.34977e-08
-16.5932  3.31875e-08
-16.583  2.92058e-08
-16.5703  7.2352e-08
-16.5568  3.04979e-08
-16.5464  3.46904e-08
-16.5337  1.50132e-08
-16.5223  2.11487e-08
-16.5116  2.23397e-08
-16.5001  2.52965e-08
-16.4915  6.09793e-08
-16.476  3.20965e-08
-16.4676  2.07091e-08
-16.4545  5.28009e-08
-16.4443  5.41712e-08
-16.4306  1.5792e-08
-16.418  3.01461e-08
-16.4052  5.59377e-08
-16.3937  4.07542e-08
-16.3848  4.05453e-08
-16.3721  4.99633e-08
-16.3603  3.29555e-08
-16.3507  3.71743e-08
-16.3415  4.6334e-08
-16.3278  4.57589e-08
-16.317  5.91803e-08
-16.3076  3.6362e-08
-16.2958  4.64041e-08
-16.2854  2.09946e-08
-16.2717  8.80136e-08
-16.2622  2.76141e-08
-16.2481  4.31733e-08
-16.2375  6.02121e-08
-16.2262  6.13829e-08
-16.2128  4.15225e-08
-16.1997  5.21966e-08
-16.1893  8.13518e-08
-16.176  9.00485e-08
-16.1618  7.72275e-08
-16.1528  4.61065e-08
-16.1396  5.40482e-08
-16.1285  4.5228e-08
-16.1186  6.35094e-08
-16.1079  4.47337e-08
-16.097  5.91812e-08
-16.0877  9.57139e-08
-16.0759  4.85383e-08
-16.0676  5.42696e-08
-16.0554  7.68501e-08
-16.0453  8.7227e-08
-16.0316  7.93794e-08
-16.0229  6.23783e-08
-16.01  7.2147e-08
-15.9966  6.38826e-08
-15.9876  6.81565e-08
-15.9781  6.074e-08
-15.9665  8.77259e-08
-15.9536  9.42707e-08
-15.9413  1.18235e-07
-15.929  5.34031e-08
-15.9158  1.31746e-07
-15.9053  7.27905e-08
-15.8946  9.11728e-08
-15.882  6.79906e-08
-15.8725  8.24114e-08
-15.8622  1.17618e-07
-15.8508  8.34499e-08
-15.8407  1.04847e-07
-15.8286  9.92014e-08
-15.816  6.93772e-08
-15.8061  1.00006e-07
-15.7954  1.03867e-07
-15.7826  1.48262e-07
-15.7715  1.17545e-07
-15.7614  1.00404e-07
-15.7498  1.09993e-07
-15.7366  1.23889e-07
-15.7254  1.10727e-07
-15.7129  1.08831e-07
-15.702  9.50117e-08
-15.6924  2.06415e-07
-15.6797  1.03848e-07
-15.6691  1.40359e-07
-15.6578  9.76394e-08
-15.6474  1.30645e-07
-15.634  1.481e-07
-15.6228  1.41619e-07
-15.612  9.69131e-08
-15.6026  8.22448e-08
-15.5918  2.03797e-07
-15.5808  1.72498e-07
-15.5718  1.09494e-07
-15.5594  9.67919e-08
-15.5475  1.66106e-07
-15.536  1.88548e-07
-15.5252  1.564e-07
-15.5155  1.33409e-07
-15.5056  1.85647e-07
-15.4934  1.29874e-07
-15.4845  1.54433e-07
-15.4745  2.07263e-07
-15.4618  1.68662e-07
-15.4505  2.16413e-07
-15.4397  1.06127e-07
-15.4273  1.39085e-07
-15.4163  1.8346e-07
-15.4048  2.82046e-07
-15.3942  1.57905e-07
-15.3839  1.51547e-07
-15.3734  2.28964e-07
-15.3624  2.23696e-07
-15.3529  1.66376e-07
-15.3424  9.66537e-08
-15.3327  2.25573e-07
-15.3201  2.03305e-07
-15.3105  1.85344e-07
-15.2993  3.08472e-07
-15.2886  1.8672e-07
-15.2767  1.80715e-07
-15.2683  1.91882e-07
-15.2559  2.7228e-07
-15.2452  2.09411e-07
-15.2346  2.89874e-07
-15.2233  2.36594e-07
-15.214  1.7934e-07
-15.2027  2.44005e-07
-15.193  2.39983e-07
-15.1823  2.65293e-07
-15.1719  2.78402e-07
-15.1606  2.0288e-07
-15.1516  2.35857e-07
-15.1396  2.75302e-07
-15.1288  3.17827e-07
-15.1179  3.23106e-07
-15.108  1.8776e-07
-15.0975  3.21793e-07
-15.0859  3.02728e-07
-15.0748  3.14228e-07
-15.0664  2.08983e-07
-15.0552  3.26211e-07
-15.0444  3.49085e-07
-15.0341  2.69081e-07
-15.0225  3.03227e-07
-15.0122  3.35505e-07
-15.0006  3.65509e-07
-14.9896  3.37203e-07
-14.9788  3.34435e-07
-14.9697  2.84172e-07
-14.9586  3.98162e-07
-14.9485  2.09945e-07
-14.9387  3.9729e-07
-14.9266  3.15783e-07
-14.9173  4.25117e-07
-14.9066  3.86573e-07
-14.8955  4.23354e-07
-14.8842  3.1065e-07
-14.8738  3.3977e-07
-14.8636  4.26042e-07
-14.8533  4.43425e-07
-14.8419  4.51342e-07
-14.8321  3.21391e-07
-14.8223  4.54495e-07
-14.8104  3.92734e-07
-14.7984  5.33689e-07
-14.7881  3.81168e-07
-14.7771  4.20771e-07
-14.7666  4.53261e-07
-14.7562  5.07455e-07
-14.7443  4.56277e-07
-14.7359  3.78261e-07
-14.7253  4.72107e-07
-14.7147  5.69627e-07
-14.7047  3.87966e-07
-14.6929  5.43884e-07
-14.6813  5.16879e-07
-14.6715  5.68941e-07
-14.6608  5.63254e-07
-14.6504  4.1987e-07
-14.6413  5.21636e-07
-14.6296  4.4508e-07
-14.6202  5.84709e-07
-14.6084  5.42511e-07
-14.5994  5.10629e-07
-14.5879  6.5628e-07
-14.577  7.22189e-07
-14.5651  5.61071e-07
-14.5552  5.49863e-07
-14.5443  6.10579e-07
-14.5339  5.29035e-07
-14.5237  6.02607e-07
-14.5136  6.63293e-07
-14.5022  8.18269e-07
-14.4925  5.43987e-07
-14.4822  7.01465e-07
-14.4703  6.42247e-07
-14.459  7.30472e-07
-14.4481  6.33397e-07
-14.4384  6.82429e-07
-14.4282  7.38773e-07
-14.4177  7.49083e-07
-14.406  7.51865e-07
-14.3957  8.08076e-07
-14.3848  7.00656e-07
-14.3748  7.69986e-07
-14.3634  8.88737e-07
-14.3532  6.2418e-07
-14.3435  6.91725e-07
-14.3323  9.27824e-07
-14.3213  7.75083e-07
-14.3108  9.20149e-07
-14.3012  7.24243e-07
-14.2906  8.57971e-07
-14.2792  1.06744e-06
-14.2679  7.18056e-07
-14.2587  8.6048e-07
-14.2484  9.42106e-07
-14.2378  7.64936e-07
-14.2262  1.02928e-06
-14.2147  1.0757e-06
-14.2054  9.14737e-07
-14.1953  8.85385e-07
-14.1845  9.53647e-07
-14.1747  9.53306e-07
-14.1638  9.87176e-07
-14.153  9.55999e-07
-14.1423  1.2431e-06
-14.131  9.37667e-07
-14.1215  1.02058e-06
-14.1113  9.68931e-07
-14.1005  1.29719e-06
-14.089  1.09388e-06
-14.0786  1.10153e-06
-14.0673  1.18706e-06
-14.0574  1.05623e-06
-14.0472  1.19777e-06
-14.0368  1.20451e-06
-14.0258  1.33516e-06
-14.015  1.09052e-06
-14.0038  1.30766e-06
-13.9937  1.19372e-06
-13.9828  1.45702e-06
-13.9715  1.46835e-06
-13.961  1.11284e-06
-13.9501  1.21815e-06
-13.9392  1.44234e-06
-13.9284  1.5323e-06
-13.9179  1.35289e-06
-13.9075  1.16291e-06
-13.8969  1.492e-06
-13.8856  1.55829e-06
-13.8751  1.54543e-06
-13.8642  1.51777e-06
-13.8533  1.41821e-06
-13.843  1.59035e-06
-13.8313  1.45879e-06
-13.8213  1.69708e-06
-13.8102  1.50017e-06
-13.7999  1.6078e-06
-13.7894  1.65295e-06
-13.7785  1.79073e-06
-13.7675  1.63776e-06
-13.7571  1.59781e-06
-13.7465  1.72289e-06
-13.7359  1.70301e-06
-13.7248  1.83912e-06
-13.7148  1.81596e-06
-13.7039  2.01193e-06
-13.6936  1.36327e-06
-13.6841  1.73487e-06
-13.6735  1.84429e-06
-13.6637  1.94177e-06
-13.6521  1.89092e-06
-13.6422  1.9923e-06
-13.6318  1.84949e-06
-13.6216  1.88078e-06
-13.6108  1.88629e-06
-13.6006  2.2438e-06
-13.5892  2.24791e-06
-13.5789  2.12966e-06
-13.5679  2.14323e-06
-13.5573  1.9774e-06
-13.5467  2.21282e-06
-13.5361  2.25186e-06
-13.5256  2.2231e-06
-13.515  2.37653e-06
-13.5044  2.073e-06
-13.4939  2.43872e-06
-13.4836  2.35005e-06
-13.4722  2.49617e-06
-13.4624  2.29573e-06
-13.4515  2.29154e-06
-13.4415  2.10225e-06
-13.4309  2.91321e-06
-13.4209  2.37023e-06
-13.41  2.73915e-06
-13.399  2.60907e-06
-13.3885  2.96509e-06
-13.3781  2.369e-06
-13.3673  2.71009e-06
-13.3563  2.58511e-06
-13.346  2.85327e-06
-13.336  2.53329e-06
-13.3259  2.93034e-06
-13.3147  3.05275e-06
-13.3048  2.84945e-06
-13.2937  2.92362e-06
-13.2832  3.05255e-06
-13.2722  2.81847e-06
-13.2627  2.7182e-06
-13.2523  3.02481e-06
-13.2419  3.22171e-06
-13.2315  3.1168e-06
-13.2216  3.07635e-06
-13.2108  3.35855e-06
-13.2012  2.80578e-06
-13.1904  3.53456e-06
-13.1804  3.25406e-06
-13.17  3.2254e-06
-13.1594  3.52993e-06
-13.1489  3.30677e-06
-13.1384  3.34242e-06
-13.1281  3.56505e-06
-13.1175  3.74902e-06
-13.1071  3.93075e-06
-13.0964  3.4106e-06
-13.0863  3.6498e-06
-13.0752  3.81325e-06
-13.0648  3.76738e-06
-13.0545  3.92241e-06
-13.0442  3.53532e-06
-13.0335  4.44465e-06
-13.0237  3.4622e-06
-13.0129  4.21047e-06
-13.0028  3.91001e-06
-12.9924  4.27898e-06
-12.9821  3.53109e-06
-12.9718  4.68664e-06
-12.9613  4.01805e-06
-12.9511  4.34886e-06
-12.9406  4.39461e-06
-12.93  4.63854e-06
-12.9194  4.34185e-06
-12.9097  4.34878e-06
-12.8992  4.39062e-06
-12.8888  4.81114e-06
-12.8783  4.63707e-06
-12.8677  4.88047e-06
-12.8566  4.71528e-06
-12.8465  5.19731e-06
-12.8356  5.06846e-06
-12.8255  4.605e-06
-12.8151  4.82767e-06
-12.8048  5.39723e-06
-12.7939  4.93179e-06
-12.7838  5.08486e-06
-12.7735  5.21471e-06
-12.763  5.02726e-06
-12.7525  5.80062e-06
-12.7422  5.14697e-06
-12.7324  5.32119e-06
-12.7219  5.83303e-06
-12.7119  5.2653e-06
-12.7012  5.83513e-06
-12.6909  5.38887e-06
-12.6805  6.03329e-06
-12.6703  5.79135e-06
-12.6597  5.61634e-06
-12.6498  6.16253e-06
-12.6396  5.74391e-06
-12.6291  6.3134e-06
-12.6181  6.2347e-06
-12.6079  6.39865e-06
-12.5978  6.55523e-06
-12.5872  5.96819e-06
-12.5772  5.93652e-06
-12.5668  7.13039e-06
-12.5562  6.8605e-06
-12.5462  6.28918e-06
-12.5354  7.17281e-06
-12.5251  6.50108e-06
-12.5145  7.22476e-06
-12.5045  6.48325e-06
-12.4943  7.38881e-06
-12.4841  6.61944e-06
-12.474  7.1467e-06
-12.4634  7.42023e-06
-12.4527  7.7811e-06
-12.4422  7.93496e-06
-12.4312  7.35001e-06
-12.4212  7.27921e-06
-12.4105  8.50779e-06
-12.3995  8.10259e-06
-12.3891  7.61822e-06
-12.3791  7.82677e-06
-12.3689  7.94394e-06
-12.3585  8.37504e-06
-12.3482  7.67437e-06
-12.3379  8.45466e-06
-12.3276  8.72727e-06
-12.3178  7.88436e-06
-12.3075  8.57037e-06
-12.2968  9.08315e-06
-12.2869  8.40186e-06
-12.2763  8.48657e-06
-12.2663  9.11646e-06
-12.2561  8.72189e-06
-12.2461  9.03579e-06
-12.236  9.64839e-06
-12.2255  8.50301e-06
-12.2155  9.50106e-06
-12.2053  9.77781e-06
-12.1947  9.41896e-06
-12.1843  9.44361e-06
-12.1743  1.02434e-05
-12.1639  9.1861e-06
-12.1536  1.0232e-05
-12.1434  1.02225e-05
-12.1333  1.04017e-05
-12.1223  1.01679e-05
-12.1127  1.03343e-05
-12.1022  1.04444e-05
-12.092  1.05003e-05
-12.0817  1.07585e-05
-12.0712  1.05841e-05
-12.0611  1.09272e-05
-12.0511  1.18631e-05
-12.0409  1.04415e-05
-12.0306  1.12997e-05
-12.0204  1.12994e-05
-12.0106  1.10049e-05
-12.0001  1.15007e-05
-11.9901  1.22805e-05
-11.9798  1.08844e-05
-11.9697  1.21032e-05
-11.9594  1.22735e-05
-11.9494  1.19276e-05
-11.9389  1.24107e-05
-11.929  1.29282e-05
-11.9182  1.27424e-05
-11.9079  1.24758e-05
-11.8976  1.35636e-05
-11.8874  1.23828e-05
-11.8769  1.29764e-05
-11.8674  1.30451e-05
-11.8571  1.40274e-05
-11.8466  1.26744e-05
-11.8364  1.45439e-05
-11.826  1.27579e-05
-11.8161  1.35034e-05
-11.8061  1.44201e-05
-11.7956  1.4485e-05
-11.7851  1.41296e-05
-11.7753  1.53519e-05
-11.7649  1.34582e-05
-11.7547  1.51096e-05
-11.7444  1.4991e-05
-11.7345  1.53668e-05
-11.7239  1.44664e-05
-11.7142  1.57806e-05
-11.7037  1.48494e-05
-11.6936  1.60638e-05
-11.6832  1.59575e-05
-11.6733  1.5981e-05
-11.6625  1.61854e-05
-11.6527  1.61938e-05
-11.6425  1.56902e-05
-11.6321  1.80482e-05
-11.6216  1.63192e-05
-11.612  1.63844e-05
-11.6014  1.70731e-05
-11.5912  1.77251e-05
-11.5809  1.78732e-05
-11.5708  1.63669e-05
-11.5606  1.83829e-05
-11.5507  1.72863e-05
-11.5402  1.87154e-05
-11.53  1.80628e-05
-11.52  1.76641e-05
-11.5099  1.84202e-05
-11.4995  1.99243e-05
-11.4897  1.69614e-05
-11.4793  1.99448e-05
-11.4686  2.20745e-05
-11.458  1.93237e-05
-11.4474  1.85569e-05
-11.4379  1.93538e-05
-11.4276  2.09821e-05
-11.4172  2.00173e-05
-11.4069  2.1636e-05
-11.3969  1.93351e-05
-11.3865  2.15348e-05
-11.3763  2.14334e-05
-11.3661  2.04222e-05
-11.356  2.19808e-05
-11.3456  2.2181e-05
-11.3357  2.01857e-05
-11.3255  2.18049e-05
-11.3154  2.43821e-05
-11.3049  2.11811e-05
-11.2947  2.26122e-05
-11.2846  2.32668e-05
-11.2745  2.33574e-05
-11.2643  2.25323e-05
-11.2542  2.35947e-05
-11.244  2.27411e-05
-11.234  2.47513e-05
-11.2236  2.50633e-05
-11.2136  2.28282e-05
-11.2033  2.47084e-05
-11.1935  2.5396e-05
-11.183  2.42563e-05
-11.1729  2.50613e-05
-11.1628  2.65295e-05
-11.1525  2.50894e-05
-11.1423  2.54984e-05
-11.1325  2.58644e-05
-11.1221  2.70831e-05
-11.112  2.73647e-05
-11.1016  2.69311e-05
-11.0914  2.56707e-05
-11.0812  2.91038e-05
-11.0712  2.75317e-05
-11.061  2.63164e-05
-11.0508  2.83933e-05
-11.0407  2.96205e-05
-11.0303  2.76078e-05
-11.0203  2.90943e-05
-11.0104  2.84262e-05
-11.0001  2.94327e-05
-10.9899  2.98287e-05
-10.9798  2.95633e-05
-10.9696  2.89252e-05
-10.9596  3.22966e-05
-10.9494  3.0042e-05
-10.9393  2.91398e-05
-10.9291  3.30039e-05
-10.9191  3.21031e-05
-10.9088  3.04447e-05
-10.8988  3.23198e-05
-10.8886  3.14313e-05
-10.8786  3.20175e-05
-10.8682  3.39422e-05
-10.8582  3.39585e-05
-10.8479  3.15769e-05
-10.8377  3.76607e-05
-10.8268  3.40644e-05
-10.8167  3.30882e-05
-10.8065  3.585e-05
-10.7967  3.45239e-05
-10.7862  3.49161e-05
-10.7763  3.45085e-05
-10.7662  3.69914e-05
-10.7561  3.54438e-05
-10.7458  3.6781e-05
-10.7358  3.6446e-05
-10.7257  3.616e-05
-10.7157  3.78177e-05
-10.7054  3.87643e-05
-10.6952  3.62762e-05
-10.6851  3.94693e-05
-10.6752  3.87935e-05
-10.6649  3.84656e-05
-10.6547  3.82221e-05
-10.6443  4.52984e-05
-10.6334  3.84845e-05
-10.6233  4.10604e-05
-10.6131  4.17107e-05
-10.6032  4.02921e-05
-10.5929  4.07718e-05
-10.5829  4.30767e-05
-10.5727  3.99151e-05
-10.5626  4.33931e-05
-10.5526  4.28025e-05
-10.5424  4.26738e-05
-10.532  4.42742e-05
-10.5222  4.48232e-05
-10.5118  4.23659e-05
-10.5018  4.33792e-05
-10.4916  4.84437e-05
-10.4813  4.42123e-05
-10.4711  4.48458e-05
-10.461  4.77286e-05
-10.4508  4.47394e-05
-10.4408  4.73365e-05
-10.4306  4.79626e-05
-10.4206  4.55937e-05
-10.4104  4.89397e-05
-10.4004  4.8521e-05
-10.3903  4.67764e-05
-10.3801  4.96235e-05
-10.3699  5.08584e-05
-10.3599  4.83623e-05
-10.3497  4.96263e-05
-10.3396  5.32451e-05
-10.3293  4.9302e-05
-10.3193  5.13203e-05
-10.3091  5.24996e-05
-10.2992  5.12292e-05
-10.289  5.38551e-05
-10.2788  5.35256e-05
-10.2686  5.07394e-05
-10.2588  5.41249e-05
-10.2484  5.83917e-05
-10.2384  5.16559e-05
-10.2281  5.69247e-05
-10.2175  6.15354e-05
-10.2068  5.47259e-05
-10.197  5.55913e-05
-10.1867  5.97914e-05
-10.1766  5.44972e-05
-10.1666  5.90536e-05
-10.1565  5.81799e-05
-10.1462  5.86064e-05
-10.1363  5.92071e-05
-10.1261  6.20931e-05
-10.1159  5.7082e-05
-10.1058  6.19443e-05
-10.0958  6.12734e-05
-10.0851  6.67126e-05
-10.0746  6.08719e-05
-10.0646  6.46965e-05
-10.0543  6.12182e-05
-10.0444  6.53225e-05
-10.0341  6.2992e-05
-10.0239  6.56195e-05
-10.0137  6.39543e-05
-10.004  6.57365e-05
-9.99343  6.70033e-05
-9.98349  6.56245e-05
-9.97358  6.65774e-05
-9.96333  6.66524e-05
-9.95302  6.93808e-05
-9.94308  7.0278e-05
-9.93248  7.44368e-05
-9.92145  7.49087e-05
-9.91086  7.0681e-05
-9.90016  7.6786e-05
-9.88952  7.46736e-05
-9.87958  6.89323e-05
-9.86935  7.24792e-05
-9.85914  7.49641e-05
-9.84873  7.81116e-05
-9.83822  7.17605e-05
-9.82758  8.6214e-05
-9.81646  7.84396e-05
-9.80586  7.61773e-05
-9.79577  7.74766e-05
-9.78581  7.60941e-05
-9.7755  7.74328e-05
-9.7653  8.01463e-05
-9.75518  7.81848e-05
-9.74515  7.71026e-05
-9.73513  8.37533e-05
-9.72498  7.59935e-05
-9.71465  8.1762e-05
-9.70465  8.34971e-05
-9.69471  8.00382e-05
-9.68444  8.19421e-05
-9.67444  8.55343e-05
-9.6644  8.08938e-05
-9.65424  8.45513e-05
-9.64392  8.87362e-05
-9.634  8.30016e-05
-9.6239  8.43656e-05
-9.61382  8.95982e-05
-9.60372  8.6344e-05
-9.59349  8.68092e-05
-9.5835  9.14819e-05
-9.5734  8.80844e-05
-9.56306  8.9741e-05
-9.55306  9.23169e-05
-9.54307  9.14858e-05
-9.53274  8.95602e-05
-9.52259  9.67378e-05
-9.51253  9.1794e-05
-9.50246  9.16033e-05
-9.49205  9.93887e-05
-9.48174  0.000101736
-9.47095  9.66178e-05
-9.4609  9.49719e-05
-9.45089  9.85616e-05
-9.4407  9.45169e-05
-9.43059  0.000103621
-9.42063  9.71278e-05
-9.41018  0.000100024
-9.39972  0.00010913
-9.38939  0.000104039
-9.37914  9.52414e-05
-9.36911  0.000110031
-9.35908  9.78987e-05
-9.34896  0.000104981
-9.33871  0.000104983
-9.32887  0.000107456
-9.31853  0.000101259
-9.30861  0.000111584
-9.29841  0.000106445
-9.28834  0.000106691
-9.27798  0.000113434
-9.26816  0.000108996
-9.25786  0.000105828
-9.24789  0.000116503
-9.2377  0.000110391
-9.22774  0.000109817
-9.21742  0.00011831
-9.20748  0.000113759
-9.19726  0.000111409
-9.18726  0.000117866
-9.17712  0.000117153
-9.16713  0.000111993
-9.15695  0.000123938
-9.14694  0.000118675
-9.13669  0.000116542
-9.12661  0.00012393
-9.11648  0.000122043
-9.10653  0.000115521
-9.09633  0.000128685
-9.08635  0.000120691
-9.07621  0.000124593
-9.06614  0.000126214
-9.05592  0.000127861
-9.046  0.0001191
-9.0359  0.000132228
-9.02582  0.000129524
-9.01561  0.000125827
-9.00564  0.000129941
-8.99555  0.000134999
-8.98546  0.000125006
-8.97531  0.000136827
-8.96535  0.000131701
-8.95529  0.000132984
-8.94505  0.0001366
-8.93442  0.000150541
-8.92396  0.00013096
-8.91384  0.000146241
-8.90365  0.000136142
-8.89361  0.000131757
-8.88369  0.000145176
-8.87349  0.000144079
-8.86346  0.000135947
-8.85331  0.000144389
-8.84342  0.000145965
-8.83316  0.000141069
-8.82318  0.000146648
-8.81301  0.000149495
-8.80309  0.000140671
-8.79291  0.00015192
-8.7828  0.000151395
-8.77202  0.000161379
-8.76163  0.000156273
-8.75146  0.0001525
-8.74132  0.000144159
-8.73119  0.00016283
-8.72116  0.000153448
-8.71104  0.000153695
-8.70073  0.00015852
-8.69084  0.000159471
-8.68066  0.000154144
-8.6705  0.000166736
-8.6604  0.000156448
-8.65048  0.000157126
-8.64026  0.000166519
-8.6303  0.00016445
-8.61958  0.000171915
-8.60914  0.000175962
-8.59905  0.000161801
-8.58902  0.000162455
-8.57876  0.000172843
-8.56888  0.000170886
-8.55862  0.000166523
-8.5485  0.000174251
-8.53845  0.000174952
-8.52832  0.000167655
-8.5181  0.000179959
-8.50821  0.000173136
-8.49803  0.00017398
-8.48781  0.000184787
-8.47781  0.000174481
-8.46776  0.000173119
-8.45758  0.000188569
-8.4476  0.000182379
-8.43743  0.000177302
-8.42723  0.000186807
-8.41734  0.000185937
-8.40717  0.000181904
-8.39701  0.000189335
-8.38694  0.000191038
-8.37688  0.000180318
-8.36622  0.000215428
-8.35575  0.000190858
-8.34564  0.000185691
-8.33555  0.000197421
-8.32542  0.000198219
-8.31532  0.000188059
-8.30509  0.000204869
-8.29511  0.000197057
-8.28494  0.00019491
-8.27488  0.000199452
-8.26487  0.000204768
-8.25474  0.000195761
-8.24452  0.000212018
-8.23439  0.000203484
-8.22438  0.000202684
-8.21417  0.000206554
-8.20411  0.000216947
-8.19353  0.000213352
-8.18304  0.000218549
-8.17292  0.000212984
-8.16284  0.000207808
-8.15263  0.000215382
-8.14264  0.000218514
-8.13249  0.000209194
-8.12245  0.00022214
-8.11224  0.000221008
-8.10224  0.000209069
-8.0921  0.000228754
-8.08162  0.000240901
-8.07108  0.000217991
-8.06088  0.00022679
-8.05091  0.000229311
-8.04077  0.000219891
-8.03015  0.00025453
-8.01958  0.000229918
-8.00953  0.000223672
-7.99942  0.000235806
-7.98942  0.000230347
-7.97931  0.000230897
-7.96927  0.000240632
-7.95898  0.000239741
-7.94896  0.000228902
-7.93882  0.000246011
-7.92884  0.000239699
-7.9186  0.000239363
-7.90847  0.000242402
-7.89842  0.000248752
-7.88849  0.00023311
-7.87825  0.000258421
-7.86814  0.000242039
-7.85808  0.00024872
-7.84783  0.000256068
-7.83771  0.000252054
-7.82761  0.000242553
-7.81758  0.000266436
-7.80751  0.000242083
-7.79696  0.000288736
-7.78609  0.000258068
-7.77608  0.000265569
-7.76586  0.000249894
-7.7559  0.000267385
-7.7452  0.000289193
-7.73476  0.00025752
-7.72458  0.000265349
-7.71461  0.000272524
-7.70424  0.000262394
-7.69436  0.000271868
-7.68413  0.000270836
-7.67416  0.000265086
-7.66392  0.000282722
-7.65352  0.000291817
-7.64273  0.000279454
-7.63278  0.000275066
-7.62262  0.000283029
-7.6126  0.000267315
-7.60243  0.000289521
-7.59242  0.000282009
-7.58221  0.000278253
-7.57226  0.000282502
-7.56222  0.000290861
-7.55215  0.000273729
-7.54205  0.000302931
-7.53154  0.000305265
-7.5209  0.000296506
-7.51083  0.000292501
-7.50069  0.00029874
-7.4905  0.000287287
-7.48051  0.000304993
-7.4704  0.000295911
-7.46025  0.000295453
-7.45016  0.000301335
-7.44012  0.000309856
-7.42995  0.000292698
-7.41991  0.000308264
-7.40948  0.000333839
-7.39867  0.000310197
-7.3886  0.0003095
-7.37865  0.000310032
-7.36844  0.000307612
-7.3583  0.000323813
-7.34826  0.000307956
-7.33759  0.00034654
-7.32703  0.000320133
-7.31703  0.000318689
-7.30681  0.00031509
-7.29672  0.000332403
-7.2867  0.000315321
-7.27618  0.000351496
-7.26553  0.000331611
-7.25555  0.000330423
-7.24526  0.000319275
-7.23533  0.000341114
-7.22523  0.000324681
-7.21516  0.000330428
-7.20506  0.000337258
-7.19508  0.000336875
-7.1848  0.00033255
-7.17491  0.000343805
-7.16478  0.000334417
-7.1547  0.000344678
-7.14452  0.000344604
-7.13463  0.000344501
-7.12434  0.000344004
-7.11426  0.000354909
-7.10367  0.000381002
-7.09318  0.000339962
-7.08314  0.000357099
-7.07319  0.000354687
-7.06287  0.000354462
-7.05292  0.000355771
-7.04234  0.000393389
-7.03161  0.000365605
-7.02154  0.000357289
-7.01155  0.000362657
-7.00136  0.00036646
-6.9913  0.000362045
-6.98133  0.000369616
-6.97108  0.000368034
-6.96114  0.000367208
-6.95104  0.000379586
-6.9408  0.00036897
-6.9307  0.000375255
-6.92026  0.000417114
-6.90951  0.00037936
-6.89948  0.000373366
-6.88943  0.000388708
-6.87926  0.000376069
-6.86923  0.00038924
-6.85872  0.000412682
-6.84817  0.000397071
-6.83799  0.000380722
-6.8281  0.00039667
-6.81775  0.000387299
-6.80776  0.000401772
-6.79763  0.000390443
-6.78762  0.000396182
-6.77737  0.000396027
-6.76757  0.000405294
-6.75721  0.000395234
-6.7473  0.000407109
-6.73703  0.000406697
-6.72703  0.000402722
-6.7168  0.000411831
-6.70687  0.000402348
-6.69655  0.000419947
-6.68617  0.000440447
-6.67558  0.000420971
-6.66497  0.000443293
-6.6544  0.000429446
-6.64433  0.000414453
-6.63419  0.000414385
-6.6241  0.000427118
-6.61401  0.00042604
-6.60385  0.000415205
-6.59332  0.00047954
-6.5827  0.000416589
-6.57257  0.000434425
-6.5624  0.000442072
-6.55226  0.000423409
-6.54224  0.000423083
-6.53229  0.000445316
-6.52214  0.000428481
-6.51212  0.000433843
-6.50152  0.00049376
-6.49095  0.000435612
-6.48081  0.000433392
-6.47083  0.000455048
-6.46071  0.000442983
-6.45055  0.00044004
-6.44057  0.000462845
-6.43038  0.000442323
-6.42025  0.000448473
-6.41026  0.000461955
-6.40018  0.000450754
-6.38989  0.000456492
-6.37996  0.000462284
-6.36981  0.000454964
-6.35976  0.000461176
-6.34959  0.000467762
-6.33966  0.000459001
-6.3294  0.0004602
-6.3195  0.000476017
-6.30933  0.000466525
-6.29927  0.000460939
-6.28909  0.000489116
-6.27914  0.000465546
-6.26879  0.000474877
-6.25893  0.000475037
-6.24876  0.000487397
-6.23864  0.000465657
-6.22856  0.000495287
-6.2186  0.000468829
-6.20831  0.000497925
-6.19835  0.000475545
-6.18825  0.000496436
-6.17766  0.000522712
-6.16714  0.000501063
-6.15717  0.000483358
-6.14688  0.000502662
-6.13675  0.000495001
-6.12687  0.000495644
-6.1166  0.000495707
-6.10651  0.000506458
-6.09654  0.000493411
-6.08637  0.000509773
-6.07623  0.000503991
-6.06621  0.00050253
-6.05612  0.000505433
-6.04608  0.000510447
-6.03609  0.000505777
-6.02585  0.000517276
-6.01581  0.000508242
-6.00582  0.000517319
-5.99561  0.000517222
-5.98529  0.000533627
-5.97539  0.000506742
-5.96472  0.000573627
-5.9542  0.000518239
-5.94415  0.000530236
-5.93403  0.000518569
-5.92392  0.000534871
-5.91384  0.000520031
-5.90369  0.000542685
-5.8936  0.000520057
-5.88362  0.000539272
-5.87344  0.000526666
-5.86342  0.000541033
-5.8534  0.00052486
-5.84334  0.000549902
-5.83308  0.000535483
-5.82316  0.000549105
-5.81293  0.000533019
-5.80296  0.000552684
-5.79284  0.000535334
-5.78279  0.000560067
-5.77263  0.000537425
-5.7627  0.000554924
-5.75239  0.00055898
-5.74241  0.000549352
-5.73227  0.000550725
-5.72224  0.000565205
-5.71209  0.000546979
-5.70218  0.000561886
-5.69199  0.000556614
-5.68199  0.000566612
-5.67185  0.000562421
-5.66178  0.000566581
-5.6516  0.000567887
-5.64163  0.00056701
-5.63143  0.000566114
-5.62147  0.000572763
-5.61132  0.000567944
-5.60132  0.000573847
-5.59121  0.000575457
-5.5812  0.000567962
-5.5711  0.000582292
-5.56102  0.00058022
-5.55091  0.00058062
-5.54081  0.000576384
-5.53077  0.000587649
-5.52072  0.000578698
-5.51068  0.000580683
-5.50056  0.000592373
-5.4905  0.000594302
-5.48028  0.000582405
-5.4703  0.000599297
-5.4602  0.000580736
-5.45022  0.000594228
-5.44005  0.000604291
-5.43006  0.000583158
-5.41998  0.000595835
-5.41002  0.00060245
-5.39979  0.00060304
-5.38984  0.000590692
-5.37966  0.00061807
-5.36965  0.000596279
-5.35949  0.000606494
-5.34943  0.000609012
-5.33933  0.000614489
-5.32936  0.000587011
-5.31928  0.000628745
-5.30922  0.000602411
-5.29909  0.000620489
-5.28849  0.000673201
-5.27795  0.000619492
-5.26726  0.000674763
-5.25681  0.000627537
-5.24664  0.0006114
-5.23663  0.000618432
-5.22653  0.000631587
-5.21639  0.000630108
-5.20623  0.000610425
-5.19583  0.000696779
-5.18516  0.000627473
-5.17505  0.000625185
-5.16498  0.00063581
-5.15487  0.000639527
-5.14466  0.000622194
-5.13482  0.000631015
-5.12422  0.000697197
-5.11357  0.000638332
-5.10357  0.000637341
-5.09347  0.000636142
-5.08327  0.000646278
-5.07329  0.000639027
-5.06318  0.000642505
-5.05306  0.000642938
-5.04303  0.000644592
-5.03302  0.000641579
-5.0228  0.00065245
-5.01277  0.000650859
-5.00266  0.000648885
-4.99245  0.000657855
-4.98241  0.000650701
-4.97188  0.000706595
-4.96128  0.000663007
-4.95127  0.000647766
-4.94117  0.000654473
-4.93094  0.000679077
-4.92089  0.000641851
-4.9109  0.000656964
-4.90029  0.000723877
-4.88982  0.000663861
-4.87971  0.000654162
-4.86961  0.000677125
-4.85947  0.000658073
-4.8495  0.000663279
-4.83926  0.000680014
-4.82924  0.000658456
-4.81918  0.000662666
-4.8091  0.00068483
-4.79896  0.000661909
-4.78897  0.000666874
-4.77875  0.000691006
-4.76869  0.000671652
-4.75856  0.000663112
-4.74808  0.000750726
-4.73747  0.000673747
-4.72753  0.0006629
-4.71746  0.000684382
-4.70739  0.000687254
-4.69724  0.000670126
-4.6872  0.000695123
-4.67703  0.000678036
-4.66708  0.000671849
-4.65693  0.000697643
-4.64688  0.000687785
-4.63666  0.000678836
-4.62659  0.000704995
-4.61638  0.000686665
-4.60636  0.000683835
-4.59572  0.000761951
-4.58528  0.000690393
-4.57507  0.000684435
-4.56509  0.000698097
-4.55489  0.000703625
-4.54489  0.000678905
-4.53477  0.000697073
-4.52481  0.000703638
-4.51456  0.000690888
-4.50458  0.000698424
-4.49442  0.000710948
-4.48436  0.000683718
-4.47417  0.000714336
-4.46424  0.000695567
-4.45405  0.000693132
-4.4441  0.00070588
-4.43391  0.000717045
-4.42387  0.000683991
-4.41371  0.000718283
-4.40328  0.000766512
-4.39266  0.000707637
-4.38256  0.000699925
-4.37246  0.000730871
-4.36234  0.000690485
-4.3517  0.000791619
-4.34125  0.000699893
-4.33107  0.000720104
-4.3209  0.000708882
-4.31092  0.000720692
-4.30075  0.000695251
-4.29062  0.000743945
-4.28044  0.000706235
-4.27036  0.000718383
-4.26009  0.000718928
-4.25013  0.000723633
-4.24001  0.000698693
-4.22993  0.000730184
-4.21983  0.000715028
-4.20985  0.000713508
-4.19961  0.000718954
-4.18975  0.000721767
-4.17956  0.000712136
-4.16944  0.000735564
-4.15931  0.000720342
-4.14933  0.000707607
-4.13903  0.000747971
-4.12909  0.000710523
-4.11897  0.000717678
-4.10893  0.000721372
-4.09889  0.000733281
-4.08888  0.000707469
-4.07872  0.000734641
-4.06875  0.000720166
-4.05862  0.000733333
-4.04846  0.000716648
-4.0385  0.000739733
-4.0284  0.000712399
-4.01778  0.000808469
-4.00729  0.000723086
-3.99684  0.000780849
-3.98623  0.000744875
-3.97623  0.000728521
-3.96609  0.000713852
-3.95604  0.000753044
-3.9458  0.000735046
-3.93579  0.000719152
-3.92561  0.000740633
-3.91564  0.000733184
-3.90551  0.000716549
-3.89544  0.000753953
-3.88526  0.000733975
-3.87529  0.000715474
-3.86513  0.000745535
-3.85511  0.000741261
-3.84497  0.000713112
-3.83453  0.000817416
-3.82386  0.000743238
-3.81385  0.000710653
-3.80377  0.000752464
-3.79376  0.000735552
-3.78357  0.000723852
-3.77363  0.000739836
-3.76351  0.000743386
-3.75352  0.000714321
-3.74336  0.000756554
-3.73335  0.00073633
-3.72323  0.000723974
-3.71321  0.000741537
-3.70309  0.000751366
-3.69307  0.000709611
-3.68302  0.00075676
-3.67246  0.000807387
-3.66181  0.000735946
-3.65177  0.00073881
-3.64165  0.000759506
-3.63148  0.000714147
-3.62146  0.000758159
-3.61133  0.000741742
-3.60118  0.000736278
-3.59108  0.000736512
-3.58105  0.00075679
-3.57095  0.000714474
-3.56087  0.000759603
-3.55075  0.000739049
-3.54066  0.000734553
-3.53059  0.000740595
-3.52055  0.000748703
-3.51049  0.000716712
-3.50044  0.000755117
-3.49036  0.000740925
-3.48029  0.000730988
-3.47025  0.000734725
-3.46013  0.000765824
-3.45004  0.000714779
-3.44  0.000748291
-3.42987  0.000749345
-3.41979  0.00073736
-3.40966  0.000730585
-3.39923  0.000825356
-3.38863  0.000715809
-3.37866  0.000749053
-3.3685  0.000749874
-3.35845  0.000731296
-3.34821  0.000748887
-3.33821  0.000744919
-3.3281  0.000727232
-3.31809  0.000740459
-3.30792  0.000752392
-3.29787  0.000735747
-3.2877  0.00073309
-3.2777  0.000752714
-3.26716  0.000791632
-3.25664  0.000738059
-3.24658  0.000750838
-3.23653  0.000722901
-3.22636  0.000746823
-3.21633  0.000746035
-3.20626  0.000725986
-3.19618  0.000736528
-3.1861  0.00075015
-3.17599  0.000734399
-3.16592  0.000723801
-3.15595  0.000748931
-3.14582  0.000730231
-3.13573  0.000732994
-3.12573  0.000741976
-3.11563  0.000737328
-3.10544  0.00072982
-3.09539  0.000756643
-3.08524  0.000726271
-3.07516  0.0007294
-3.06512  0.000744674
-3.05504  0.000734359
-3.04491  0.000721479
-3.03491  0.00075017
-3.02478  0.000723361
-3.01479  0.000723632
-3.00436  0.000803334
-2.99383  0.00072789
-2.98368  0.000734845
-2.97361  0.000745693
-2.96347  0.000723833
-2.95337  0.000730345
-2.94329  0.000744568
-2.93323  0.00072027
-2.92315  0.000721449
-2.91316  0.000742011
-2.90303  0.000723514
-2.89295  0.000728369
-2.88288  0.000734364
-2.87278  0.000731151
-2.86261  0.000723054
-2.85268  0.000730028
-2.84258  0.000717635
-2.83256  0.000728161
-2.82247  0.000729783
-2.81243  0.000723315
-2.8023  0.000720715
-2.79231  0.000731236
-2.78217  0.00072482
-2.77209  0.00071845
-2.762  0.000736426
-2.75189  0.000720142
-2.7418  0.000716935
-2.73176  0.00072925
-2.72164  0.000723626
-2.71157  0.000711351
-2.70156  0.000729987
-2.69145  0.000711655
-2.68144  0.00071879
-2.67133  0.000726645
-2.6613  0.000710244
-2.65117  0.000723054
-2.64112  0.000719475
-2.631  0.000720695
-2.6209  0.000713682
-2.61078  0.000724048
-2.60077  0.000709984
-2.59059  0.00072305
-2.58051  0.000712379
-2.57046  0.000715293
-2.56034  0.000715117
-2.55022  0.000717198
-2.54018  0.000707898
-2.53007  0.000714726
-2.52002  0.000709858
-2.50996  0.000711629
-2.49986  0.000707106
-2.48978  0.000713678
-2.47975  0.00070806
-2.46959  0.000709466
-2.45959  0.000699434
-2.44952  0.000720201
-2.43936  0.000703171
-2.42924  0.000708979
-2.41926  0.000703223
-2.40905  0.000711796
-2.39907  0.0006901
-2.38901  0.000714835
-2.37896  0.000688137
-2.36889  0.000712637
-2.35886  0.000694981
-2.34869  0.000710828
-2.33869  0.000683728
-2.3286  0.000721281
-2.31849  0.000681548
-2.30844  0.000703768
-2.29843  0.000698705
-2.28822  0.000703083
-2.27823  0.000681453
-2.26818  0.000711659
-2.25807  0.000679456
-2.24799  0.000710246
-2.2379  0.000686744
-2.22777  0.000702198
-2.2177  0.000683169
-2.20764  0.000699927
-2.19759  0.00068315
-2.18753  0.000691362
-2.17751  0.000685756
-2.1674  0.00069514
-2.15729  0.000684087
-2.14728  0.000691811
-2.13715  0.00068264
-2.12706  0.000694741
-2.11701  0.000675479
-2.10696  0.000690224
-2.09681  0.000685619
-2.08628  0.000753373
-2.07571  0.00067033
-2.06579  0.000679516
-2.05567  0.000684565
-2.04559  0.000685414
-2.03547  0.000673876
-2.02548  0.000683434
-2.01523  0.000684113
-2.00523  0.000676195
-1.99512  0.000671518
-1.9851  0.000684471
-1.97493  0.000669059
-1.965  0.000677306
-1.95479  0.000674803
-1.94476  0.000676987
-1.93461  0.000672971
-1.92459  0.000669269
-1.91443  0.000680042
-1.90401  0.000713338
-1.89346  0.000683216
-1.88339  0.000662649
-1.87331  0.000670163
-1.86319  0.00067011
-1.85312  0.000669737
-1.84301  0.000663638
-1.83294  0.000667429
-1.82282  0.000666837
-1.81281  0.00065978
-1.80267  0.00066722
-1.79262  0.000660256
-1.78257  0.000660752
-1.77243  0.00066635
-1.76231  0.000667073
-1.75222  0.000649348
-1.74221  0.000659467
-1.73215  0.00066062
-1.72215  0.000644261
-1.71205  0.000666396
-1.70196  0.000655815
-1.6919  0.000649477
-1.68183  0.000658807
-1.67167  0.000660493
-1.66167  0.00063982
-1.6516  0.000657826
-1.64147  0.000657141
-1.63141  0.000644632
-1.62134  0.000650383
-1.61122  0.000658871
-1.60115  0.000637809
-1.5911  0.000651422
-1.58102  0.000647277
-1.57099  0.000645013
-1.56038  0.000704621
-1.54996  0.000640428
-1.53996  0.000632056
-1.52991  0.000655625
-1.51968  0.00064994
-1.50964  0.000633174
-1.4995  0.000649902
-1.48941  0.000642473
-1.47928  0.00064115
-1.46871  0.000699876
-1.4581  0.000646247
-1.44802  0.00063192
-1.43795  0.000638725
-1.42787  0.000639114
-1.41777  0.0006344
-1.40769  0.00063572
-1.39757  0.000640468
-1.38748  0.0006268
-1.37742  0.000636335
-1.36732  0.000637076
-1.35664  0.000698578
-1.34607  0.000623498
-1.33554  0.000697665
-1.32498  0.000622773
-1.31491  0.00063065
-1.30485  0.000624736
-1.29479  0.000632667
-1.28467  0.000619809
-1.27465  0.000633083
-1.2645  0.000621082
-1.25443  0.00063244
-1.24433  0.000615688
-1.23434  0.000625775
-1.22419  0.000620674
-1.21418  0.000628411
-1.204  0.000614819
-1.19404  0.000621777
-1.18386  0.000621448
-1.17393  0.000616779
-1.16368  0.000626309
-1.15322  0.000670039
-1.14211  0.000683751
-1.13116  0.000660666
-1.12064  0.00062794
-1.11058  0.000601843
-1.10051  0.000625688
-1.09048  0.000599877
-1.08044  0.000624025
-1.07029  0.000608095
-1.06026  0.000618875
-1.05013  0.000606456
-1.04009  0.000613713
-1.02997  0.000613043
-1.01989  0.000613242
-1.00979  0.000602158
-0.999846  0.000607324
-0.989748  0.000609015
-0.979669  0.000606208
-0.969668  0.000604763
-0.959567  0.000609683
-0.949461  0.000605756
-0.939439  0.000603246
-0.929394  0.000602436
-0.919281  0.000606849
-0.90928  0.000603677
-0.899118  0.000605232
-0.889057  0.000602261
-0.878987  0.000603959
-0.868895  0.000602577
-0.85874  0.00060596
-0.848704  0.000599065
-0.838596  0.000602418
-0.828484  0.000598939
-0.818406  0.000607631
-0.808309  0.000590497
-0.798242  0.000602799
-0.788181  0.000598792
-0.778084  0.000595627
-0.767971  0.000599609
-0.757932  0.000599193
-0.747886  0.000583327
-0.737864  0.000601887
-0.727781  0.0005944
-0.717762  0.000588397
-0.707639  0.000601633
-0.697113  0.000646548
-0.686606  0.000589408
-0.676496  0.000597414
-0.666428  0.000595383
-0.656375  0.000582876
-0.646314  0.000597272
-0.636184  0.000598256
-0.626046  0.000588858
-0.615878  0.000600075
-0.605789  0.000590685
-0.595739  0.000582906
-0.585637  0.000596394
-0.575508  0.000595274
-0.565426  0.000580135
-0.555373  0.000594126
-0.545219  0.000593404
-0.535162  0.000582875
-0.525041  0.00058969
-0.514969  0.000594633
-0.504866  0.000577918
-0.494859  0.000587583
-0.484694  0.000595909
-0.474664  0.000574995
-0.464615  0.000585364
-0.454577  0.00058946
-0.444544  0.000574179
-0.434555  0.000582279
-0.423983  0.000649269
-0.413429  0.000572276
-0.40337  0.00059465
-0.393203  0.000584019
-0.383127  0.000587177
-0.372959  0.000581869
-0.362928  0.000587987
-0.352789  0.00057991
-0.342732  0.000586285
-0.332529  0.00058989
-0.322519  0.000575165
-0.312358  0.000587549
-0.302255  0.000587922
-0.292074  0.000585489
-0.282013  0.000572899
-0.271943  0.000593132
-0.261825  0.000572711
-0.251755  0.000587765
-0.241612  0.000582379
-0.2315  0.000585666
-0.220882  0.000631322
-0.210374  0.000585541
-0.200302  0.000573005
-0.19028  0.000578914
-0.180164  0.000586086
-0.170158  0.000570322
-0.160082  0.00058076
-0.150051  0.000580721
-0.139915  0.000583425
-0.129829  0.000574116
-0.119762  0.000586022
-0.109666  0.000575477
-0.0995594  0.000583309
-0.0894844  0.000578054
-0.0794134  0.000580653
-0.0692256  0.000585134
-0.0590986  0.000582696
-0.0490148  0.000578588
-0.0388981  0.000576975
-0.0288725  0.000579762
-0.0187817  0.000580411
-0.00867487  0.000578325
-0.00179559  0.000209817
0.00179559  0.000209817
0.00867487  0.000578325
0.0187817  0.000580411
0.0288725  0.000579762
0.0388981  0.000576975
0.0490148  0.000578588
0.0590986  0.000582696
0.0692256  0.000585134
0.0794134  0.000580653
0.0894844  0.000578054
0.0995594  0.000583309
0.109666  0.000575477
0.119762  0.000586022
0.129829  0.000574116
0.139915  0.000583425
0.150051  0.000580721
0.160082  0.00058076
0.170158  0.000570322
0.180164  0.000586086
0.19028  0.000578914
0.200302  0.000573005
0.210374  0.000585541
0.220882  0.000631322
0.2315  0.000585666
0.241612  0.000582379
0.251755  0.000587765
0.261825  0.000572711
0.271943  0.000593132
0.282013  0.000572899
0.292074  0.000585489
0.302255  0.000587922
0.312358  0.000587549
0.322519  0.000575165
0.332529  0.00058989
0.342732  0.000586285
0.352789  0.00057991
0.362928  0.000587987
0.372959  0.000581869
0.383127  0.000587177
0.393203  0.000584019
0.40337  0.00059465
0.413429  0.000572276
0.423983  0.000649269
0.434555  0.000582279
0.444544  0.000574179
0.454577  0.00058946
0.464615  0.000585364
0.474664  0.000574995
0.484694  0.000595909
0.494859  0.000587583
0.504866  0.000577918
0.514969  0.000594633
0.525041  0.00058969
0.535162  0.000582875
0.545219  0.000593404
0.555373  0.000594126
0.565426  0.000580135
0.575508  0.000595274
0.585637  0.000596394
0.595739  0.000582906
0.605789  0.000590685
0.615878  0.000600075
0.626046  0.000588858
0.636184  0.000598256
0.646314  0.000597272
0.656375  0.000582876
0.666428  0.000595383
0.676496  0.000597414
0.686606  0.000589408
0.697113  0.000646548
0.707639  0.000601633
0.717762  0.000588397
0.727781  0.0005944
0.737864  0.000601887
0.747886  0.000583327
0.757932  0.000599193
0.767971  0.000599609
0.778084  0.000595627
0.788181  0.000598792
0.798242  0.000602799
0.808309  0.000590497
0.818406  0.000607631
0.828484  0.000598939
0.838596  0.000602418
0.848704  0.000599065
0.85874  0.00060596
0.868895  0.000602577
0.878987  0.000603959
0.889057  0.000602261
0.899118  0.000605232
0.90928  0.000603677
0.919281  0.000606849
0.929394  0.000602436
0.939439  0.000603246
0.949461  0.000605756
0.959567  0.000609683
0.969668  0.000604763
0.979669  0.000606208
0.989748  0.000609015
0.999846  0.000607324
1.00979  0.000602158
1.01989  0.000613242
1.02997  0.000613043
1.04009  0.000613713
1.05013  0.000606456
1.06026  0.000618875
1.07029  0.000608095
1.08044  0.000624025
1.09048  0.000599877
1.10051  0.000625688
1.11058  0.000601843
1.12064  0.00062794
1.13116  0.000660666
1.14211  0.000683751
1.15322  0.000670039
1.16368  0.000626309
1.17393  0.000616779
1.18386  0.000621448
1.19404  0.000621777
1.204  0.000614819
1.21418  0.000628411
1.22419  0.000620674
1.23434  0.000625775
1.24433  0.000615688
1.25443  0.00063244
1.2645  0.000621082
1.27465  0.000633083
1.28467  0.000619809
1.29479  0.000632667
1.30485  0.000624736
1.31491  0.00063065
1.32498  0.000622773
1.33554  0.000697665
1.34607  0.000623498
1.35664  0.000698578
1.36732  0.000637076
1.37742  0.000636335
1.38748  0.0006268
1.39757  0.000640468
1.40769  0.00063572
1.41777  0.0006344
1.42787  0.000639114
1.43795  0.000638725
1.44802  0.00063192
1.4581  0.000646247
1.46871  0.000699876
1.47928  0.00064115
1.48941  0.000642473
1.4995  0.000649902
1.50964  0.000633174
1.51968  0.00064994
1.52991  0.000655625
1.53996  0.000632056
1.54996  0.000640428
1.56038  0.000704621
1.57099  0.000645013
1.58102  0.000647277
1.5911  0.000651422
1.60115  0.000637809
1.61122  0.000658871
1.62134  0.000650383
1.63141  0.000644632
1.64147  0.000657141
1.6516  0.000657826
1.66167  0.00063982
1.67167  0.000660493
1.68183  0.000658807
1.6919  0.000649477
1.70196  0.000655815
1.71205  0.000666396
1.72215  0.000644261
1.73215  0.00066062
1.74221  0.000659467
1.75222  0.000649348
1.76231  0.000667073
1.77243  0.00066635
1.78257  0.000660752
1.79262  0.000660256
1.80267  0.00066722
1.81281  0.00065978
1.82282  0.000666837
1.83294  0.000667429
1.84301  0.000663638
1.85312  0.000669737
1.86319  0.00067011
1.87331  0.000670163
1.88339  0.000662649
1.89346  0.000683216
1.90401  0.000713338
1.91443  0.000680042
1.92459  0.000669269
1.93461  0.000672971
1.94476  0.000676987
1.95479  0.000674803
1.965  0.000677306
1.97493  0.000669059
1.9851  0.000684471
1.99512  0.000671518
2.00523  0.000676195
2.01523  0.000684113
2.02548  0.000683434
2.03547  0.000673876
2.04559  0.000685414
2.05567  0.000684565
2.06579  0.000679516
2.07571  0.00067033
2.08628  0.000753373
2.09681  0.000685619
2.10696  0.000690224
2.11701  0.000675479
2.12706  0.000694741
2.13715  0.00068264
2.14728  0.000691811
2.15729  0.000684087
2.1674  0.00069514
2.17751  0.000685756
2.18753  0.000691362
2.19759  0.00068315
2.20764  0.000699927
2.2177  0.000683169
2.22777  0.000702198
2.2379  0.000686744
2.24799  0.000710246
2.25807  0.000679456
2.26818  0.000711659
2.27823  0.000681453
2.28822  0.000703083
2.29843  0.000698705
2.30844  0.000703768
2.31849  0.000681548
2.3286  0.000721281
2.33869  0.000683728
2.34869  0.000710828
2.35886  0.000694981
2.36889  0.000712637
2.37896  0.000688137
2.38901  0.000714835
2.39907  0.0006901
2.40905  0.000711796
2.41926  0.000703223
2.42924  0.000708979
2.43936  0.000703171
2.44952  0.000720201
2.45959  0.000699434
2.46959  0.000709466
2.47975  0.00070806
2.48978  0.000713678
2.49986  0.000707106
2.50996  0.000711629
2.52002  0.000709858
2.53007  0.000714726
2.54018  0.000707898
2.55022  0.000717198
2.56034  0.000715117
2.57046  0.000715293
2.58051  0.000712379
2.59059  0.00072305
2.60077  0.000709984
2.61078  0.000724048
2.6209  0.000713682
2.631  0.000720695
2.64112  0.000719475
2.65117  0.000723054
2.6613  0.000710244
2.67133  0.000726645
2.68144  0.00071879
2.69145  0.000711655
2.70156  0.000729987
2.71157  0.000711351
2.72164  0.000723626
2.73176  0.00072925
2.7418  0.000716935
2.75189  0.000720142
2.762  0.000736426
2.77209  0.00071845
2.78217  0.00072482
2.79231  0.000731236
2.8023  0.000720715
2.81243  0.000723315
2.82247  0.000729783
2.83256  0.000728161
2.84258  0.000717635
2.85268  0.000730028
2.86261  0.000723054
2.87278  0.000731151
2.88288  0.000734364
2.89295  0.000728369
2.90303  0.000723514
2.91316  0.000742011
2.92315  0.000721449
2.93323  0.00072027
2.94329  0.000744568
2.95337  0.000730345
2.96347  0.000723833
2.97361  0.000745693
2.98368  0.000734845
2.99383  0.00072789
3.00436  0.000803334
3.01479  0.000723632
3.02478  0.000723361
3.03491  0.00075017
3.04491  0.000721479
3.05504  0.000734359
3.06512  0.000744674
3.07516  0.0007294
3.08524  0.000726271
3.09539  0.000756643
3.10544  0.00072982
3.11563  0.000737328
3.12573  0.000741976
3.13573  0.000732994
3.14582  0.000730231
3.15595  0.000748931
3.16592  0.000723801
3.17599  0.000734399
3.1861  0.00075015
3.19618  0.000736528
3.20626  0.000725986
3.21633  0.000746035
3.22636  0.000746823
3.23653  0.000722901
3.24658  0.000750838
3.25664  0.000738059
3.26716  0.000791632
3.2777  0.000752714
3.2877  0.00073309
3.29787  0.000735747
3.30792  0.000752392
3.31809  0.000740459
3.3281  0.000727232
3.33821  0.000744919
3.34821  0.000748887
3.35845  0.000731296
3.3685  0.000749874
3.37866  0.000749053
3.38863  0.000715809
3.39923  0.000825356
3.40966  0.000730585
3.41979  0.00073736
3.42987  0.000749345
3.44  0.000748291
3.45004  0.000714779
3.46013  0.000765824
3.47025  0.000734725
3.48029  0.000730988
3.49036  0.000740925
3.50044  0.000755117
3.51049  0.000716712
3.52055  0.000748703
3.53059  0.000740595
3.54066  0.000734553
3.55075  0.000739049
3.56087  0.000759603
3.57095  0.000714474
3.58105  0.00075679
3.59108  0.000736512
3.60118  0.000736278
3.61133  0.000741742
3.62146  0.000758159
3.63148  0.000714147
3.64165  0.000759506
3.65177  0.00073881
3.66181  0.000735946
3.67246  0.000807387
3.68302  0.00075676
3.69307  0.000709611
3.70309  0.000751366
3.71321  0.000741537
3.72323  0.000723974
3.73335  0.00073633
3.74336  0.000756554
3.75352  0.000714321
3.76351  0.000743386
3.77363  0.000739836
3.78357  0.000723852
3.79376  0.000735552
3.80377  0.000752464
3.81385  0.000710653
3.82386  0.000743238
3.83453  0.000817416
3.84497  0.000713112
3.85511  0.000741261
3.86513  0.000745535
3.87529  0.000715474
3.88526  0.000733975
3.89544  0.000753953
3.90551  0.000716549
3.91564  0.000733184
3.92561  0.000740633
3.93579  0.000719152
3.9458  0.000735046
3.95604  0.000753044
3.96609  0.000713852
3.97623  0.000728521
3.98623  0.000744875
3.99684  0.000780849
4.00729  0.000723086
4.01778  0.000808469
4.0284  0.000712399
4.0385  0.000739733
4.04846  0.000716648
4.05862  0.000733333
4.06875  0.000720166
4.07872  0.000734641
4.08888  0.000707469
4.09889  0.000733281
4.10893  0.000721372
4.11897  0.000717678
4.12909  0.000710523
4.13903  0.000747971
4.14933  0.000707607
4.15931  0.000720342
4.16944  0.000735564
4.17956  0.000712136
4.18975  0.000721767
4.19961  0.000718954
4.20985  0.000713508
4.21983  0.000715028
4.22993  0.000730184
4.24001  0.000698693
4.25013  0.000723633
4.26009  0.000718928
4.27036  0.000718383
4.28044  0.000706235
4.29062  0.000743945
4.30075  0.000695251
4.31092  0.000720692
4.3209  0.000708882
4.33107  0.000720104
4.34125  0.000699893
4.3517  0.000791619
4.36234  0.000690485
4.37246  0.000730871
4.38256  0.000699925
4.39266  0.000707637
4.40328  0.000766512
4.41371  0.000718283
4.42387  0.000683991
4.43391  0.000717045
4.4441  0.00070588
4.45405  0.000693132
4.46424  0.000695567
4.47417  0.000714336
4.48436  0.000683718
4.49442  0.000710948
4.50458  0.000698424
4.51456  0.000690888
4.52481  0.000703638
4.53477  0.000697073
4.54489  0.000678905
4.55489  0.000703625
4.56509  0.000698097
4.57507  0.000684435
4.58528  0.000690393
4.59572  0.000761951
4.60636  0.000683835
4.61638  0.000686665
4.62659  0.000704995
4.63666  0.000678836
4.64688  0.000687785
4.65693  0.000697643
4.66708  0.000671849
4.67703  0.000678036
4.6872  0.000695123
4.69724  0.000670126
4.70739  0.000687254
4.71746  0.000684382
4.72753  0.0006629
4.73747  0.000673747
4.74808  0.000750726
4.75856  0.000663112
4.76869  0.000671652
4.77875  0.000691006
4.78897  0.000666874
4.79896  0.000661909
4.8091  0.00068483
4.81918  0.000662666
4.82924  0.000658456
4.83926  0.000680014
4.8495  0.000663279
4.85947  0.000658073
4.86961  0.000677125
4.87971  0.000654162
4.88982  0.000663861
4.90029  0.000723877
4.9109  0.000656964
4.92089  0.000641851
4.93094  0.000679077
4.94117  0.000654473
4.95127  0.000647766
4.96128  0.000663007
4.97188  0.000706595
4.98241  0.000650701
4.99245  0.000657855
5.00266  0.000648885
5.01277  0.000650859
5.0228  0.00065245
5.03302  0.000641579
5.04303  0.000644592
5.05306  0.000642938
5.06318  0.000642505
5.07329  0.000639027
5.08327  0.000646278
5.09347  0.000636142
5.10357  0.000637341
5.11357  0.000638332
5.12422  0.000697197
5.13482  0.000631015
5.14466  0.000622194
5.15487  0.000639527
5.16498  0.00063581
5.17505  0.000625185
5.18516  0.000627473
5.19583  0.000696779
5.20623  0.000610425
5.21639  0.000630108
5.22653  0.000631587
5.23663  0.000618432
5.24664  0.0006114
5.25681  0.000627537
5.26726  0.000674763
5.27795  0.000619492
5.28849  0.000673201
5.29909  0.000620489
5.30922  0.000602411
5.31928  0.000628745
5.32936  0.000587011
5.33933  0.000614489
5.34943  0.000609012
5.35949  0.000606494
5.36965  0.000596279
5.37966  0.00061807
5.38984  0.000590692
5.39979  0.00060304
5.41002  0.00060245
5.41998  0.000595835
5.43006  0.000583158
5.44005  0.000604291
5.45022  0.000594228
5.4602  0.000580736
5.4703  0.000599297
5.48028  0.000582405
5.4905  0.000594302
5.50056  0.000592373
5.51068  0.000580683
5.52072  0.000578698
5.53077  0.000587649
5.54081  0.000576384
5.55091  0.00058062
5.56102  0.00058022
5.5711  0.000582292
5.5812  0.000567962
5.59121  0.000575457
5.60132  0.000573847
5.61132  0.000567944
5.62147  0.000572763
5.63143  0.000566114
5.64163  0.00056701
5.6516  0.000567887
5.66178  0.000566581
5.67185  0.000562421
5.68199  0.000566612
5.69199  0.000556614
5.70218  0.000561886
5.71209  0.000546979
5.72224  0.000565205
5.73227  0.000550725
5.74241  0.000549352
5.75239  0.00055898
5.7627  0.000554924
5.77263  0.000537425
5.78279  0.000560067
5.79284  0.000535334
5.80296  0.000552684
5.81293  0.000533019
5.82316  0.000549105
5.83308  0.000535483
5.84334  0.000549902
5.8534  0.00052486
5.86342  0.000541033
5.87344  0.000526666
5.88362  0.000539272
5.8936  0.000520057
5.90369  0.000542685
5.91384  0.000520031
5.92392  0.000534871
5.93403  0.000518569
5.94415  0.000530236
5.9542  0.000518239
5.96472  0.000573627
5.97539  0.000506742
5.98529  0.000533627
5.99561  0.000517222
6.00582  0.000517319
6.01581  0.000508242
6.02585  0.000517276
6.03609  0.000505777
6.04608  0.000510447
6.05612  0.000505433
6.06621  0.00050253
6.07623  0.000503991
6.08637  0.000509773
6.09654  0.000493411
6.10651  0.000506458
6.1166  0.000495707
6.12687  0.000495644
6.13675  0.000495001
6.14688  0.000502662
6.15717  0.000483358
6.16714  0.000501063
6.17766  0.000522712
6.18825  0.000496436
6.19835  0.000475545
6.20831  0.000497925
6.2186  0.000468829
6.22856  0.000495287
6.23864  0.000465657
6.24876  0.000487397
6.25893  0.000475037
6.26879  0.000474877
6.27914  0.000465546
6.28909  0.000489116
6.29927  0.000460939
6.30933  0.000466525
6.3195  0.000476017
6.3294  0.0004602
6.33966  0.000459001
6.34959  0.000467762
6.35976  0.000461176
6.36981  0.000454964
6.37996  0.000462284
6.38989  0.000456492
6.40018  0.000450754
6.41026  0.000461955
6.42025  0.000448473
6.43038  0.000442323
6.44057  0.000462845
6.45055  0.00044004
6.46071  0.000442983
6.47083  0.000455048
6.48081  0.000433392
6.49095  0.000435612
6.50152  0.00049376
6.51212  0.000433843
6.52214  0.000428481
6.53229  0.000445316
6.54224  0.000423083
6.55226  0.000423409
6.5624  0.000442072
6.57257  0.000434425
6.5827  0.000416589
6.59332  0.00047954
6.60385  0.000415205
6.61401  0.00042604
6.6241  0.000427118
6.63419  0.000414385
6.64433  0.000414453
6.6544  0.000429446
6.66497  0.000443293
6.67558  0.000420971
6.68617  0.000440447
6.69655  0.000419947
6.70687  0.000402348
6.7168  0.000411831
6.72703  0.000402722
6.73703  0.000406697
6.7473  0.000407109
6.75721  0.000395234
6.76757  0.000405294
6.77737  0.000396027
6.78762  0.000396182
6.79763  0.000390443
6.80776  0.000401772
6.81775  0.000387299
6.8281  0.00039667
6.83799  0.000380722
6.84817  0.000397071
6.85872  0.000412682
6.86923  0.00038924
6.87926  0.000376069
6.88943  0.000388708
6.89948  0.000373366
6.90951  0.00037936
6.92026  0.000417114
6.9307  0.000375255
6.9408  0.00036897
6.95104  0.000379586
6.96114  0.000367208
6.97108  0.000368034
6.98133  0.000369616
6.9913  0.000362045
7.00136  0.00036646
7.01155  0.000362657
7.02154  0.000357289
7.03161  0.000365605
7.04234  0.000393389
7.05292  0.000355771
7.06287  0.000354462
7.07319  0.000354687
7.08314  0.000357099
7.09318  0.000339962
7.10367  0.000381002
7.11426  0.000354909
7.12434  0.000344004
7.13463  0.000344501
7.14452  0.000344604
7.1547  0.000344678
7.16478  0.000334417
7.17491  0.000343805
7.1848  0.00033255
7.19508  0.000336875
7.20506  0.000337258
7.21516  0.000330428
7.22523  0.000324681
7.23533  0.000341114
7.24526  0.000319275
7.25555  0.000330423
7.26553  0.000331611
7.27618  0.000351496
7.2867  0.000315321
7.29672  0.000332403
7.30681  0.00031509
7.31703  0.000318689
7.32703  0.000320133
7.33759  0.00034654
7.34826  0.000307956
7.3583  0.000323813
7.36844  0.000307612
7.37865  0.000310032
7.3886  0.0003095
7.39867  0.000310197
7.40948  0.000333839
7.41991  0.000308264
7.42995  0.000292698
7.44012  0.000309856
7.45016  0.000301335
7.46025  0.000295453
7.4704  0.000295911
7.48051  0.000304993
7.4905  0.000287287
7.50069  0.00029874
7.51083  0.000292501
7.5209  0.000296506
7.53154  0.000305265
7.54205  0.000302931
7.55215  0.000273729
7.56222  0.000290861
7.57226  0.000282502
7.58221  0.000278253
7.59242  0.000282009
7.60243  0.000289521
7.6126  0.000267315
7.62262  0.000283029
7.63278  0.000275066
7.64273  0.000279454
7.65352  0.000291817
7.66392  0.000282722
7.67416  0.000265086
7.68413  0.000270836
7.69436  0.000271868
7.70424  0.000262394
7.71461  0.000272524
7.72458  0.000265349
7.73476  0.00025752
7.7452  0.000289193
7.7559  0.000267385
7.76586  0.000249894
7.77608  0.000265569
7.78609  0.000258068
7.79696  0.000288736
7.80751  0.000242083
7.81758  0.000266436
7.82761  0.000242553
7.83771  0.000252054
7.84783  0.000256068
7.85808  0.00024872
7.86814  0.000242039
7.87825  0.000258421
7.88849  0.00023311
7.89842  0.000248752
7.90847  0.000242402
7.9186  0.000239363
7.92884  0.000239699
7.93882  0.000246011
7.94896  0.000228902
7.95898  0.000239741
7.96927  0.000240632
7.97931  0.000230897
7.98942  0.000230347
7.99942  0.000235806
8.00953  0.000223672
8.01958  0.000229918
8.03015  0.00025453
8.04077  0.000219891
8.05091  0.000229311
8.06088  0.00022679
8.07108  0.000217991
8.08162  0.000240901
8.0921  0.000228754
8.10224  0.000209069
8.11224  0.000221008
8.12245  0.00022214
8.13249  0.000209194
8.14264  0.000218514
8.15263  0.000215382
8.16284  0.000207808
8.17292  0.000212984
8.18304  0.000218549
8.19353  0.000213352
8.20411  0.000216947
8.21417  0.000206554
8.22438  0.000202684
8.23439  0.000203484
8.24452  0.000212018
8.25474  0.000195761
8.26487  0.000204768
8.27488  0.000199452
8.28494  0.00019491
8.29511  0.000197057
8.30509  0.000204869
8.31532  0.000188059
8.32542  0.000198219
8.33555  0.000197421
8.34564  0.000185691
8.35575  0.000190858
8.36622  0.000215428
8.37688  0.000180318
8.38694  0.000191038
8.39701  0.000189335
8.40717  0.000181904
8.41734  0.000185937
8.42723  0.000186807
8.43743  0.000177302
8.4476  0.000182379
8.45758  0.000188569
8.46776  0.000173119
8.47781  0.000174481
8.48781  0.000184787
8.49803  0.00017398
8.50821  0.000173136
8.5181  0.000179959
8.52832  0.000167655
8.53845  0.000174952
8.5485  0.000174251
8.55862  0.000166523
8.56888  0.000170886
8.57876  0.000172843
8.58902  0.000162455
8.59905  0.000161801
8.60914  0.000175962
8.61958  0.000171915
8.6303  0.00016445
8.64026  0.000166519
8.65048  0.000157126
8.6604  0.000156448
8.6705  0.000166736
8.68066  0.000154144
8.69084  0.000159471
8.70073  0.00015852
8.71104  0.000153695
8.72116  0.000153448
8.73119  0.00016283
8.74132  0.000144159
8.75146  0.0001525
8.76163  0.000156273
8.77202  0.000161379
8.7828  0.000151395
8.79291  0.00015192
8.80309  0.000140671
8.81301  0.000149495
8.82318  0.000146648
8.83316  0.000141069
8.84342  0.000145965
8.85331  0.000144389
8.86346  0.000135947
8.87349  0.000144079
8.88369  0.000145176
8.89361  0.000131757
8.90365  0.000136142
8.91384  0.000146241
8.92396  0.00013096
8.93442  0.000150541
8.94505  0.0001366
8.95529  0.000132984
8.96535  0.000131701
8.97531  0.000136827
8.98546  0.000125006
8.99555  0.000134999
9.00564  0.000129941
9.01561  0.000125827
9.02582  0.000129524
9.0359  0.000132228
9.046  0.0001191
9.05592  0.000127861
9.06614  0.000126214
9.07621  0.000124593
9.08635  0.000120691
9.09633  0.000128685
9.10653  0.000115521
9.11648  0.000122043
9.12661  0.00012393
9.13669  0.000116542
9.14694  0.000118675
9.15695  0.000123938
9.16713  0.000111993
9.17712  0.000117153
9.18726  0.000117866
9.19726  0.000111409
9.20748  0.000113759
9.21742  0.00011831
9.22774  0.000109817
9.2377  0.000110391
9.24789  0.000116503
9.25786  0.000105828
9.26816  0.000108996
9.27798  0.000113434
9.28834  0.000106691
9.29841  0.000106445
9.30861  0.000111584
9.31853  0.000101259
9.32887  0.000107456
9.33871  0.000104983
9.34896  0.000104981
9.35908  9.78987e-05
9.36911  0.000110031
9.37914  9.52414e-05
9.38939  0.000104039
9.39972  0.00010913
9.41018  0.000100024
9.42063  9.71278e-05
9.43059  0.000103621
9.4407  9.45169e-05
9.45089  9.85616e-05
9.4609  9.49719e-05
9.47095  9.66178e-05
9.48174  0.000101736
9.49205  9.93887e-05
9.50246  9.16033e-05
9.51253  9.1794e-05
9.52259  9.67378e-05
9.53274  8.95602e-05
9.54307  9.14858e-05
9.55306  9.23169e-05
9.56306  8.9741e-05
9.5734  8.80844e-05
9.5835  9.14819e-05
9.59349  8.68092e-05
9.60372  8.6344e-05
9.61382  8.95982e-05
9.6239  8.43656e-05
9.634  8.30016e-05
9.64392  8.87362e-05
9.65424  8.45513e-05
9.6644  8.08938e-05
9.67444  8.55343e-05
9.68444  8.19421e-05
9.69471  8.00382e-05
9.70465  8.34971e-05
9.71465  8.1762e-05
9.72498  7.59935e-05
9.73513  8.37533e-05
9.74515  7.71026e-05
9.75518  7.81848e-05
9.7653  8.01463e-05
9.7755  7.74328e-05
9.78581  7.60941e-05
9.79577  7.74766e-05
9.80586  7.61773e-05
9.81646  7.84396e-05
9.82758  8.6214e-05
9.83822  7.17605e-05
9.84873  7.81116e-05
9.85914  7.49641e-05
9.86935  7.24792e-05
9.87958  6.89323e-05
9.88952  7.46736e-05
9.90016  7.6786e-05
9.91086  7.0681e-05
9.92145  7.49087e-05
9.93248  7.44368e-05
9.94308  7.0278e-05
9.95302  6.93808e-05
9.96333  6.66524e-05
9.97358  6.65774e-05
9.98349  6.56245e-05
9.99343  6.70033e-05
10.004  6.57365e-05
10.0137  6.39543e-05
10.0239  6.56195e-05
10.0341  6.2992e-05
10.0444  6.53225e-05
10.0543  6.12182e-05
10.0646  6.46965e-05
10.0746  6.08719e-05
10.0851  6.67126e-05
10.0958  6.12734e-05
10.1058  6.19443e-05
10.1159  5.7082e-05
10.1261  6.20931e-05
10.1363  5.92071e-05
10.1462  5.86064e-05
10.1565  5.81799e-05
10.1666  5.90536e-05
10.1766  5.44972e-05
10.1867  5.97914e-05
10.197  5.55913e-05
10.2068  5.47259e-05
10.2175  6.15354e-05
10.2281  5.69247e-05
10.2384  5.16559e-05
10.2484  5.83917e-05
10.2588  5.41249e-05
10.2686  5.07394e-05
10.2788  5.35256e-05
10.289  5.38551e-05
10.2992  5.12292e-05
10.3091  5.24996e-05
10.3193  5.13203e-05
10.3293  4.9302e-05
10.3396  5.32451e-05
10.3497  4.96263e-05
10.3599  4.83623e-05
10.3699  5.08584e-05
10.3801  4.96235e-05
10.3903  4.67764e-05
10.4004  4.8521e-05
10.4104  4.89397e-05
10.4206  4.55937e-05
10.4306  4.79626e-05
10.4408  4.73365e-05
10.4508  4.47394e-05
10.461  4.77286e-05
10.4711  4.48458e-05
10.4813  4.42123e-05
10.4916  4.84437e-05
10.5018  4.33792e-05
10.5118  4.23659e-05
10.5222  4.48232e-05
10.532  4.42742e-05
10.5424  4.26738e-05
10.5526  4.28025e-05
10.5626  4.33931e-05
10.5727  3.99151e-05
10.5829  4.30767e-05
10.5929  4.07718e-05
10.6032  4.02921e-05
10.6131  4.17107e-05
10.6233  4.10604e-05
10.6334  3.84845e-05
10.6443  4.52984e-05
10.6547  3.82221e-05
10.6649  3.84656e-05
10.6752  3.87935e-05
10.6851  3.94693e-05
10.6952  3.62762e-05
10.7054  3.87643e-05
10.7157  3.78177e-05
10.7257  3.616e-05
10.7358  3.6446e-05
10.7458  3.6781e-05
10.7561  3.54438e-05
10.7662  3.69914e-05
10.7763  3.45085e-05
10.7862  3.49161e-05
10.7967  3.45239e-05
10.8065  3.585e-05
10.8167  3.30882e-05
10.8268  3.40644e-05
10.8377  3.76607e-05
10.8479  3.15769e-05
10.8582  3.39585e-05
10.8682  3.39422e-05
10.8786  3.20175e-05
10.8886  3.14313e-05
10.8988  3.23198e-05
10.9088  3.04447e-05
10.9191  3.21031e-05
10.9291  3.30039e-05
10.9393  2.91398e-05
10.9494  3.0042e-05
10.9596  3.22966e-05
10.9696  2.89252e-05
10.9798  2.95633e-05
10.9899  2.98287e-05
11.0001  2.94327e-05
11.0104  2.84262e-05
11.0203  2.90943e-05
11.0303  2.76078e-05
11.0407  2.96205e-05
11.0508  2.83933e-05
11.061  2.63164e-05
11.0712  2.75317e-05
11.0812  2.91038e-05
11.0914  2.56707e-05
11.1016  2.69311e-05
11.112  2.73647e-05
11.1221  2.70831e-05
11.1325  2.58644e-05
11.1423  2.54984e-05
11.1525  2.50894e-05
11.1628  2.65295e-05
11.1729  2.50613e-05
11.183  2.42563e-05
11.1935  2.5396e-05
11.2033  2.47084e-05
11.2136  2.28282e-05
11.2236  2.50633e-05
11.234  2.47513e-05
11.244  2.27411e-05
11.2542  2.35947e-05
11.2643  2.25323e-05
11.2745  2.33574e-05
11.2846  2.32668e-05
11.2947  2.26122e-05
11.3049  2.11811e-05
11.3154  2.43821e-05
11.3255  2.18049e-05
11.3357  2.01857e-05
11.3456  2.2181e-05
11.356  2.19808e-05
11.3661  2.04222e-05
11.3763  2.14334e-05
11.3865  2.15348e-05
11.3969  1.93351e-05
11.4069  2.1636e-05
11.4172  2.00173e-05
11.4276  2.09821e-05
11.4379  1.93538e-05
11.4474  1.85569e-05
11.458  1.93237e-05
11.4686  2.20745e-05
11.4793  1.99448e-05
11.4897  1.69614e-05
11.4995  1.99243e-05
11.5099  1.84202e-05
11.52  1.76641e-05
11.53  1.80628e-05
11.5402  1.87154e-05
11.5507  1.72863e-05
11.5606  1.83829e-05
11.5708  1.63669e-05
11.5809  1.78732e-05
11.5912  1.77251e-05
11.6014  1.70731e-05
11.612  1.63844e-05
11.6216  1.63192e-05
11.6321  1.80482e-05
11.6425  1.56902e-05
11.6527  1.61938e-05
11.6625  1.61854e-05
11.6733  1.5981e-05
11.6832  1.59575e-05
11.6936  1.60638e-05
11.7037  1.48494e-05
11.7142  1.57806e-05
11.7239  1.44664e-05
11.7345  1.53668e-05
11.7444  1.4991e-05
11.7547  1.51096e-05
11.7649  1.34582e-05
11.7753  1.53519e-05
11.7851  1.41296e-05
11.7956  1.4485e-05
11.8061  1.44201e-05
11.8161  1.35034e-05
11.826  1.27579e-05
11.8364  1.45439e-05
11.8466  1.26744e-05
11.8571  1.40274e-05
11.8674  1.30451e-05
11.8769  1.29764e-05
11.8874  1.23828e-05
11.8976  1.35636e-05
11.9079  1.24758e-05
11.9182  1.27424e-05
11.929  1.29282e-05
11.9389  1.24107e-05
11.9494  1.19276e-05
11.9594  1.22735e-05
11.9697  1.21032e-05
11.9798  1.08844e-05
11.9901  1.22805e-05
12.0001  1.15007e-05
12.0106  1.10049e-05
12.0204  1.12994e-05
12.0306  1.12997e-05
12.0409  1.04415e-05
12.0511  1.18631e-05
12.0611  1.09272e-05
12.0712  1.05841e-05
12.0817  1.07585e-05
12.092  1.05003e-05
12.1022  1.04444e-05
12.1127  1.03343e-05
12.1223  1.01679e-05
12.1333  1.04017e-05
12.1434  1.02225e-05
12.1536  1.0232e-05
12.1639  9.1861e-06
12.1743  1.02434e-05
12.1843  9.44361e-06
12.1947  9.41896e-06
12.2053  9.77781e-06
12.2155  9.50106e-06
12.2255  8.50301e-06
12.236  9.64839e-06
12.2461  9.03579e-06
12.2561  8.72189e-06
12.2663  9.11646e-06
12.2763  8.48657e-06
12.2869  8.40186e-06
12.2968  9.08315e-06
12.3075  8.57037e-06
12.3178  7.88436e-06
12.3276  8.72727e-06
12.3379  8.45466e-06
12.3482  7.67437e-06
12.3585  8.37504e-06
12.3689  7.94394e-06
12.3791  7.82677e-06
12.3891  7.61822e-06
12.3995  8.10259e-06
12.4105  8.50779e-06
12.4212  7.27921e-06
12.4312  7.35001e-06
12.4422  7.93496e-06
12.4527  7.7811e-06
12.4634  7.42023e-06
12.474  7.1467e-06
12.4841  6.61944e-06
12.4943  7.38881e-06
12.5045  6.48325e-06
12.5145  7.22476e-06
12.5251  6.50108e-06
12.5354  7.17281e-06
12.5462  6.28918e-06
12.5562  6.8605e-06
12.5668  7.13039e-06
12.5772  5.93652e-06
12.5872  5.96819e-06
12.5978  6.55523e-06
12.6079  6.39865e-06
12.6181  6.2347e-06
12.6291  6.3134e-06
12.6396  5.74391e-06
12.6498  6.16253e-06
12.6597  5.61634e-06
12.6703  5.79135e-06
12.6805  6.03329e-06
12.6909  5.38887e-06
12.7012  5.83513e-06
12.7119  5.2653e-06
12.7219  5.83303e-06
12.7324  5.32119e-06
12.7422  5.14697e-06
12.7525  5.80062e-06
12.763  5.02726e-06
12.7735  5.21471e-06
12.7838  5.08486e-06
12.7939  4.93179e-06
12.8048  5.39723e-06
12.8151  4.82767e-06
12.8255  4.605e-06
12.8356  5.06846e-06
12.8465  5.19731e-06
12.8566  4.71528e-06
12.8677  4.88047e-06
12.8783  4.63707e-06
12.8888  4.81114e-06
12.8992  4.39062e-06
12.9097  4.34878e-06
12.9194  4.34185e-06
12.93  4.63854e-06
12.9406  4.39461e-06
12.9511  4.34886e-06
12.9613  4.01805e-06
12.9718  4.68664e-06
12.9821  3.53109e-06
12.9924  4.27898e-06
13.0028  3.91001e-06
13.0129  4.21047e-06
13.0237  3.4622e-06
13.0335  4.44465e-06
13.0442  3.53532e-06
13.0545  3.92241e-06
13.0648  3.76738e-06
13.0752  3.81325e-06
13.0863  3.6498e-06
13.0964  3.4106e-06
13.1071  3.93075e-06
13.1175  3.74902e-06
13.1281  3.56505e-06
13.1384  3.34242e-06
13.1489  3.30677e-06
13.1594  3.52993e-06
13.17  3.2254e-06
13.1804  3.25406e-06
13.1904  3.53456e-06
13.2012  2.80578e-06
13.2108  3.35855e-06
13.2216  3.07635e-06
13.2315  3.1168e-06
13.2419  3.22171e-06
13.2523  3.02481e-06
13.2627  2.7182e-06
13.2722  2.81847e-06
13.2832  3.05255e-06
13.2937  2.92362e-06
13.3048  2.84945e-06
13.3147  3.05275e-06
13.3259  2.93034e-06
13.336  2.53329e-06
13.346  2.85327e-06
13.3563  2.58511e-06
13.3673  2.71009e-06
13.3781  2.369e-06
13.3885  2.96509e-06
13.399  2.60907e-06
13.41  2.73915e-06
13.4209  2.37023e-06
13.4309  2.91321e-06
13.4415  2.10225e-06
13.4515  2.29154e-06
13.4624  2.29573e-06
13.4722  2.49617e-06
13.4836  2.35005e-06
13.4939  2.43872e-06
13.5044  2.073e-06
13.515  2.37653e-06
13.5256  2.2231e-06
13.5361  2.25186e-06
13.5467  2.21282e-06
13.5573  1.9774e-06
13.5679  2.14323e-06
13.5789  2.12966e-06
13.5892  2.24791e-06
13.6006  2.2438e-06
13.6108  1.88629e-06
13.6216  1.88078e-06
13.6318  1.84949e-06
13.6422  1.9923e-06
13.6521  1.89092e-06
13.6637  1.94177e-06
13.6735  1.84429e-06
13.6841  1.73487e-06
13.6936  1.36327e-06
13.7039  2.01193e-06
13.7148  1.81596e-06
13.7248  1.83912e-06
13.7359  1.70301e-06
13.7465  1.72289e-06
13.7571  1.59781e-06
13.7675  1.63776e-06
13.7785  1.79073e-06
13.7894  1.65295e-06
13.7999  1.6078e-06
13.8102  1.50017e-06
13.8213  1.69708e-06
13.8313  1.45879e-06
13.843  1.59035e-06
13.8533  1.41821e-06
13.8642  1.51777e-06
13.8751  1.54543e-06
13.8856  1.55829e-06
13.8969  1.492e-06
13.9075  1.16291e-06
13.9179  1.35289e-06
13.9284  1.5323e-06
13.9392  1.44234e-06
13.9501  1.21815e-06
13.961  1.11284e-06
13.9715  1.46835e-06
13.9828  1.45702e-06
13.9937  1.19372e-06
14.0038  1.30766e-06
14.015  1.09052e-06
14.0258  1.33516e-06
14.0368  1.20451e-06
14.0472  1.19777e-06
14.0574  1.05623e-06
14.0673  1.18706e-06
14.0786  1.10153e-06
14.089  1.09388e-06
14.1005  1.29719e-06
14.1113  9.68931e-07
14.1215  1.02058e-06
14.131  9.37667e-07
14.1423  1.2431e-06
14.153  9.55999e-07
14.1638  9.87176e-07
14.1747  9.53306e-07
14.1845  9.53647e-07
14.1953  8.85385e-07
14.2054  9.14737e-07
14.2147  1.0757e-06
14.2262  1.02928e-06
14.2378  7.64936e-07
14.2484  9.42106e-07
14.2587  8.6048e-07
14.2679  7.18056e-07
14.2792  1.06744e-06
14.2906  8.57971e-07
14.3012  7.24243e-07
14.3108  9.20149e-07
14.3213  7.75083e-07
14.3323  9.27824e-07
14.3435  6.91725e-07
14.3532  6.2418e-07
14.3634  8.88737e-07
14.3748  7.69986e-07
14.3848  7.00656e-07
14.3957  8.08076e-07
14.406  7.51865e-07
14.4177  7.49083e-07
14.4282  7.38773e-07
14.4384  6.82429e-07
14.4481  6.33397e-07
14.459  7.30472e-07
14.4703  6.42247e-07
14.4822  7.01465e-07
14.4925  5.43987e-07
14.5022  8.18269e-07
14.5136  6.63293e-07
14.5237  6.02607e-07
14.5339  5.29035e-07
14.5443  6.10579e-07
14.5552  5.49863e-07
14.5651  5.61071e-07
14.577  7.22189e-07
14.5879  6.5628e-07
14.5994  5.10629e-07
14.6084  5.42511e-07
14.6202  5.84709e-07
14.6296  4.4508e-07
14.6413  5.21636e-07
14.6504  4.1987e-07
14.6608  5.63254e-07
14.6715  5.68941e-07
14.6813  5.16879e-07
14.6929  5.43884e-07
14.7047  3.87966e-07
14.7147  5.69627e-07
14.7253  4.72107e-07
14.7359  3.78261e-07
14.7443  4.56277e-07
14.7562  5.07455e-07
14.7666  4.53261e-07
14.7771  4.20771e-07
14.7881  3.81168e-07
14.7984  5.33689e-07
14.8104  3.92734e-07
14.8223  4.54495e-07
14.8321  3.21391e-07
14.8419  4.51342e-07
14.8533  4.43425e-07
14.8636  4.26042e-07
14.8738  3.3977e-07
14.8842  3.1065e-07
14.8955  4.23354e-07
14.9066  3.86573e-07
14.9173  4.25117e-07
14.9266  3.15783e-07
14.9387  3.9729e-07
14.9485  2.09945e-07
14.9586  3.98162e-07
14.9697  2.84172e-07
14.9788  3.34435e-07
14.9896  3.37203e-07
15.0006  3.65509e-07
15.0122  3.35505e-07
15.0225  3.03227e-07
15.0341  2.69081e-07
15.0444  3.49085e-07
15.0552  3.26211e-07
15.0664  2.08983e-07
15.0748  3.14228e-07
15.0859  3.02728e-07
15.0975  3.21793e-07
15.108  1.8776e-07
15.1179  3.23106e-07
15.1288  3.17827e-07
15.1396  2.75302e-07
15.1516  2.35857e-07
15.1606  2.0288e-07
15.1719  2.78402e-07
15.1823  2.65293e-07
15.193  2.39983e-07
15.2027  2.44005e-07
15.214  1.7934e-07
15.2233  2.36594e-07
15.2346  2.89874e-07
15.2452  2.09411e-07
15.2559  2.7228e-07
15.2683  1.91882e-07
15.2767  1.80715e-07
15.2886  1.8672e-07
15.2993  3.08472e-07
15.3105  1.85344e-07
15.3201  2.03305e-07
15.3327  2.25573e-07
15.3424  9.66537e-08
15.3529  1.66376e-07
15.3624  2.23696e-07
15.3734  2.28964e-07
15.3839  1.51547e-07
15.3942  1.57905e-07
15.4048  2.82046e-07
15.4163  1.8346e-07
15.4273  1.39085e-07
15.4397  1.06127e-07
15.4505  2.16413e-07
15.4618  1.68662e-07
15.4745  2.07263e-07
15.4845  1.54433e-07
15.4934  1.29874e-07
15.5056  1.85647e-07
15.5155  1.33409e-07
15.5252  1.564e-07
15.536  1.88548e-07
15.5475  1.66106e-07
15.5594  9.67919e-08
15.5718  1.09494e-07
15.5808  1.72498e-07
15.5918  2.03797e-07
15.6026  8.22448e-08
15.612  9.69131e-08
15.6228  1.41619e-07
15.634  1.481e-07
15.6474  1.30645e-07
15.6578  9.76394e-08
15.6691  1.40359e-07
15.6797  1.03848e-07
15.6924  2.06415e-07
15.702  9.50117e-08
15.7129  1.08831e-07
15.7254  1.10727e-07
15.7366  1.23889e-07
15.7498  1.09993e-07
15.7614  1.00404e-07
15.7715  1.17545e-07
15.7826  1.48262e-07
15.7954  1.03867e-07
15.8061  1.00006e-07
15.816  6.93772e-08
15.8286  9.92014e-08
15.8407  1.04847e-07
15.8508  8.34499e-08
15.8622  1.17618e-07
15.8725  8.24114e-08
15.882  6.79906e-08
15.8946  9.11728e-08
15.9053  7.27905e-08
15.9158  1.31746e-07
15.929  5.34031e-08
15.9413  1.18235e-07
15.9536  9.42707e-08
15.9665  8.77259e-08
15.9781  6.074e-08
15.9876  6.81565e-08
15.9966  6.38826e-08
16.01  7.2147e-08
16.0229  6.23783e-08
16.0316  7.93794e-08
16.0453  8.7227e-08
16.0554  7.68501e-08
16.0676  5.42696e-08
16.0759  4.85383e-08
16.0877  9.57139e-08
16.097  5.91812e-08
16.1079  4.47337e-08
16.1186  6.35094e-08
16.1285  4.5228e-08
16.1396  5.40482e-08
16.1528  4.61065e-08
16.1618  7.72275e-08
16.176  9.00485e-08
16.1893  8.13518e-08
16.1997  5.21966e-08
16.2128  4.15225e-08
16.2262  6.13829e-08
16.2375  6.02121e-08
16.2481  4.31733e-08
16.2622  2.76141e-08
16.2717  8.80136e-08
16.2854  2.09946e-08
16.2958  4.64041e-08
16.3076  3.6362e-08
16.317  5.91803e-08
16.3278  4.57589e-08
16.3415  4.6334e-08
16.3507  3.71743e-08
16.3603  3.29555e-08
16.3721  4.99633e-08
16.3848  4.05453e-08
16.3937  4.07542e-08
16.4052  5.59377e-08
16.418  3.01461e-08
16.4306  1.5792e-08
16.4443  5.41712e-08
16.4545  5.28009e-08
16.4676  2.07091e-08
16.476  3.20965e-08
16.4915  6.09793e-08
16.5001  2.52965e-08
16.5116  2.23397e-08
16.5223  2.11487e-08
16.5337  1.50132e-08
16.5464  3.46904e-08
16.5568  3.04979e-08
16.5703  7.2352e-08
16.583  2.92058e-08
16.5932  3.31875e-08
16.606  2.34977e-08
16.6236  3.01796e-08
16.6385  2.56821e-08
16.6506  3.50867e-08
16.6653  3.20516e-08
16.6721  1.81996e-08
16.6837  2.90997e-08
16.6977  1.34653e-08
16.7083  2.29042e-08
16.7216  2.25835e-08
16.7308  3.0328e-08
16.7406  2.41752e-08
16.7525  1.28142e-08
16.7633  1.48234e-08
16.7735  4.469e-08
16.7866  2.81304e-08
16.8026  1.41512e-08
16.8137  1.84903e-08
16.8248  9.83671e-09
16.8353  1.2983e-08
16.8486  4.0579e-08
16.8621  2.26578e-08
16.8719  1.53002e-08
16.8818  5.46568e-09
16.8894  1.3992e-08
16.9025  1.61051e-08
16.9167  1.88495e-08
16.9288  1.55381e-08
16.9432  1.53463e-08
16.9543  2.58271e-08
16.9654  1.96751e-08
16.9812  1.20586e-08
16.9891  1.75893e-08
17.0043  8.29878e-09
17.0154  1.93108e-08
17.0281  1.38547e-08
17.04  1.84163e-08
17.0515  1.24372e-08
17.0603  1.40235e-08
17.0705  1.04944e-08
17.0864  5.04387e-09
17.1012  1.33239e-08
17.1148  1.92578e-08
17.127  7.62596e-09
17.1385  1.34663e-08
17.146  1.33232e-08
17.1687  1.96978e-08
17.1818  1.19274e-08
17.1896  5.63856e-09
17.2059  9.26339e-09
17.2246  1.79562e-08
17.2344  8.17575e-09
17.2482  1.33813e-08
17.266  1.84745e-08
17.2776  9.25588e-09
17.2884  4.84527e-09
17.2976  6.09441e-09
17.3143  6.23724e-09
17.3206  8.64702e-09
17.3371  3.08391e-09
17.3473  9.77261e-09
17.3606  1.49193e-08
17.3882  7.27628e-09
17.3984  1.04832e-08
17.4148  5.40038e-09
17.4278  1.25088e-08
17.4385  7.33473e-09
17.4484  1.05605e-08
17.4645  6.06767e-09
17.4801  4.25121e-09
17.4925  8.07621e-09
17.5031  2.58564e-09
17.5187  7.81743e-09
17.5296  3.2567e-09
17.5406  1.03673e-08
17.5653  6.5336e-09
17.5799  6.40007e-09
17.5998  8.3095e-09
17.6074  3.44314e-09
17.6259  2.64334e-09
17.6424  1.45345e-08
17.6573  5.59973e-09
17.6703  7.95784e-09
17.692  2.20751e-09
17.7148  5.48594e-09
17.7252  3.66599e-09
17.7443  6.31521e-10
17.7551  5.50075e-09
17.7614  4.07882e-09
17.7718  6.31202e-09
17.7897  1.73444e-09
17.8027  9.8595e-10
17.8234  6.79385e-09
17.8412  7.29996e-09
17.8539  2.02398e-09
17.8624  4.4004e-09
17.8789  1.36947e-09
17.8917  3.01883e-09
17.9007  4.10461e-09
17.9217  4.151e-09
17.937  5.35279e-09
17.9536  5.00076e-10
17.9762  5.0133e-09
18.0018  2.32499e-09
18.012  2.23851e-09
18.0301  2.36132e-09
18.0421  5.4678e-09
18.0513  2.37893e-09
18.1034  6.93042e-09
18.1193  9.32219e-10
18.1317  1.76446e-09
18.1398  3.85124e-09
18.1552  9.59011e-10
18.1939  4.44263e-10
18.2172  4.5933e-09
18.224  1.79823e-09
18.2573  4.96242e-09
18.2718  4.78611e-10
18.2868  5.15825e-10
18.297  1.44679e-09
18.3142  5.01924e-09
18.332  4.98282e-10
18.3814  2.63793e-10
18.3864  2.56221e-09
18.4053  1.64602e-09
18.439  2.7466e-09
18.454  4.11867e-10
18.4737  1.6788e-09
18.4945  1.29966e-09
18.5135  2.04691e-09
18.5373  1.9697e-09
18.5922  1.76522e-09
18.6168  4.37172e-10
18.6285  1.55312e-09
18.6593  1.4598e-09
18.6919  1.17575e-09
18.715  1.80461e-09
18.7473  4.18628e-10
18.7603  1.48428e-09
18.8337  8.18915e-10
18.8452  2.46257e-10
18.8698  4.52982e-10
18.9126  1.37304e-09
18.9308  1.9912e-09
18.968  9.34938e-10
19.0209  3.90529e-10
19.0903  1.25796e-09
19.1101  3.08352e-10
19.1274  3.78278e-10
19.2084  6.36427e-10
19.2441  3.5842e-10
19.3075  1.11582e-09
19.3432  2.17242e-10
19.3759  3.52154e-10
19.4854  2.14946e-10
19.5282  3.25761e-10
19.5836  8.87279e-10
19.7059  2.98458e-10
19.9231  2.64734e-10
19.9589  3.09251e-10
20.1992  2.10512e-10
20.5745  1.46744e-10
