-20.5909  1.53037e-10
-20.215  2.18096e-10
-19.9731  3.23547e-10
-19.9392  2.73552e-10
-19.7225  3.07214e-10
-19.5972  9.22188e-10
-19.5445  3.38396e-10
-19.5018  2.24164e-10
-19.3917  3.63479e-10
-19.3552  2.28013e-10
-19.3214  1.15668e-09
-19.26  3.69013e-10
-19.2214  6.57114e-10
-19.1432  3.91267e-10
-19.1259  3.1946e-10
-19.1047  1.29901e-09
-19.0366  4.01601e-10
-18.9794  9.74837e-10
-18.9446  2.05108e-09
-18.9266  1.43086e-09
-18.884  4.73923e-10
-18.8616  2.56818e-10
-18.8497  8.43082e-10
-18.7739  1.53692e-09
-18.7634  4.29753e-10
-18.7288  1.85125e-09
-18.7036  1.22272e-09
-18.6825  4.63977e-10
-18.6698  1.03378e-09
-18.6423  1.60443e-09
-18.6334  4.49998e-10
-18.6043  1.82583e-09
-18.5508  2.03915e-09
-18.5359  4.66799e-10
-18.5253  1.65442e-09
-18.5081  1.35079e-09
-18.4866  1.73917e-09
-18.4697  4.29256e-10
-18.4534  2.81765e-09
-18.4188  1.69811e-09
-18.4086  4.45334e-10
-18.398  2.4654e-09
-18.3477  5.10961e-10
-18.3261  5.18769e-09
-18.3072  2.04496e-09
-18.2873  4.9153e-10
-18.2706  5.11529e-09
-18.2385  1.84681e-09
-18.2307  4.73903e-09
-18.21  4.59061e-10
-18.1707  9.94201e-10
-18.1521  3.98241e-09
-18.1456  1.81715e-09
-18.1323  9.62522e-10
-18.1219  3.20951e-09
-18.111  3.91388e-09
-18.0655  2.44102e-09
-18.0554  5.6311e-09
-18.043  2.42002e-09
-18.0248  2.32121e-09
-18.0161  2.4094e-09
-17.9902  5.15059e-09
-17.9673  5.11979e-10
-17.9492  5.49803e-09
-17.933  4.31113e-09
-17.9178  2.50562e-09
-17.9062  4.83417e-09
-17.8903  1.42791e-09
-17.8755  4.98881e-09
-17.868  1.54757e-09
-17.8546  7.52731e-09
-17.8359  7.00497e-09
-17.8201  1.12976e-09
-17.801  1.79506e-09
-17.7907  1.88303e-09
-17.7778  8.80957e-09
-17.7675  6.27303e-09
-17.7427  9.66806e-10
-17.7306  8.4425e-09
-17.7036  2.28783e-09
-17.687  5.04713e-09
-17.6727  8.86609e-09
-17.6574  1.02776e-08
-17.6452  7.41285e-09
-17.6192  3.65128e-09
-17.6124  8.57341e-09
-17.5943  6.07089e-09
-17.5785  7.21033e-09
-17.5533  1.06847e-08
-17.5415  3.3512e-09
-17.5305  8.07712e-09
-17.5152  2.67442e-09
-17.5033  8.31519e-09
-17.4935  4.35089e-09
-17.4777  6.28433e-09
-17.4603  1.06871e-08
-17.451  8.20168e-09
-17.4403  1.2202e-08
-17.4256  5.54716e-09
-17.4138  7.43843e-09
-17.4017  1.08564e-08
-17.3733  1.53608e-08
-17.3608  9.96555e-09
-17.35  3.17777e-09
-17.3378  3.76424e-09
-17.3277  1.22368e-08
-17.3095  6.24336e-09
-17.2972  7.29713e-09
-17.284  1.47318e-08
-17.2754  1.07626e-08
-17.2639  7.55559e-09
-17.2541  1.02788e-08
-17.2374  2.24475e-08
-17.2181  1.01999e-08
-17.201  9.39483e-09
-17.1949  8.44896e-09
-17.1822  1.82611e-08
-17.1708  2.58946e-09
-17.157  1.30845e-08
-17.1488  1.65422e-08
-17.1387  5.08581e-09
-17.1253  2.41949e-08
-17.1101  9.869e-09
-17.0982  4.98365e-09
-17.082  1.2461e-08
-17.071  1.29371e-08
-17.0621  1.47697e-08
-17.0503  1.88187e-08
-17.0363  2.08793e-08
-17.0239  1.06809e-08
-17.018  8.05317e-09
-17.0029  1.07436e-08
-16.9947  2.03692e-08
-16.9791  1.58081e-08
-16.9703  1.86134e-08
-16.9581  2.82241e-08
-16.9453  9.5723e-09
-16.9343  1.38518e-08
-16.9232  1.595e-08
-16.9119  1.47728e-08
-16.9004  1.53248e-08
-16.8812  2.22701e-08
-16.8744  1.84685e-08
-16.8614  3.64558e-08
-16.8479  1.87336e-08
-16.8331  1.77938e-08
-16.8213  1.8338e-08
-16.8107  1.21988e-08
-16.7969  2.63918e-08
-16.7851  4.41432e-08
-16.7716  2.27734e-08
-16.7562  2.11865e-08
-16.7453  3.3639e-08
-16.7342  2.92782e-08
-16.7206  2.34639e-08
-16.7082  1.41161e-08
-16.6965  2.28253e-08
-16.6871  2.31115e-08
-16.6775  3.5142e-08
-16.6619  3.60599e-08
-16.6524  1.82405e-08
-16.6431  1.597e-08
-16.6348  2.01564e-08
-16.6188  2.71945e-08
-16.6079  1.2732e-08
-16.6002  3.82255e-08
-16.5864  4.79305e-08
-16.5783  4.49843e-08
-16.5671  3.00474e-08
-16.5577  2.82453e-08
-16.5444  2.37851e-08
-16.5325  2.15041e-08
-16.5218  2.19277e-08
-16.506  6.73797e-08
-16.4962  3.02982e-08
-16.4833  3.527e-08
-16.4703  3.35654e-08
-16.4595  6.2593e-08
-16.45  2.1366e-08
-16.4392  1.83166e-08
-16.4295  2.25217e-08
-16.4171  6.00946e-08
-16.4041  5.95032e-08
-16.3938  2.37373e-08
-16.3859  3.92436e-08
-16.3733  4.54217e-08
-16.3625  3.88457e-08
-16.3527  4.59879e-08
-16.3396  5.53615e-08
-16.3272  6.92053e-08
-16.3135  3.7974e-08
-16.303  4.30481e-08
-16.2905  2.27315e-08
-16.2815  8.98335e-08
-16.2694  2.46672e-08
-16.2565  6.15345e-08
-16.2438  6.45503e-08
-16.2342  3.16715e-08
-16.2235  4.79825e-08
-16.2105  5.52359e-08
-16.2008  7.28897e-08
-16.1893  7.08735e-08
-16.1781  6.96781e-08
-16.1688  6.68162e-08
-16.158  3.55773e-08
-16.1469  5.75676e-08
-16.1332  5.37309e-08
-16.1259  5.96745e-08
-16.1133  5.84627e-08
-16.1038  7.59706e-08
-16.0924  7.30667e-08
-16.081  7.41724e-08
-16.0681  6.86215e-08
-16.0582  9.0918e-08
-16.0466  5.84551e-08
-16.0368  9.15858e-08
-16.0244  5.17005e-08
-16.0136  4.89732e-08
-16.0033  1.06639e-07
-15.9919  6.15286e-08
-15.9809  5.29554e-08
-15.9716  7.66851e-08
-15.9611  1.02248e-07
-15.9495  1.00808e-07
-15.939  4.11618e-08
-15.9271  1.33041e-07
-15.9149  9.00587e-08
-15.9041  9.1698e-08
-15.8889  9.43834e-08
-15.8795  9.13634e-08
-15.8687  1.27197e-07
-15.8549  9.09424e-08
-15.8469  8.50498e-08
-15.835  9.67102e-08
-15.8221  9.04894e-08
-15.8118  1.05131e-07
-15.8014  7.76274e-08
-15.7912  1.64298e-07
-15.7806  9.17481e-08
-15.7715  9.74153e-08
-15.7605  1.02181e-07
-15.7484  1.21795e-07
-15.7374  1.03472e-07
-15.7263  1.03848e-07
-15.7161  1.15672e-07
-15.7053  1.64969e-07
-15.695  1.25233e-07
-15.6835  1.29818e-07
-15.6734  1.1217e-07
-15.6608  1.42566e-07
-15.6481  1.41327e-07
-15.6371  1.15582e-07
-15.6281  1.37024e-07
-15.6154  1.04217e-07
-15.6048  1.69589e-07
-15.5928  2.26621e-07
-15.5834  8.61103e-08
-15.5718  1.1938e-07
-15.5601  1.13622e-07
-15.5504  1.91769e-07
-15.5407  1.62037e-07
-15.5303  1.45503e-07
-15.5184  1.76078e-07
-15.51  1.33288e-07
-15.4975  2.10075e-07
-15.4869  1.69626e-07
-15.4765  1.476e-07
-15.4659  2.09153e-07
-15.4563  1.50127e-07
-15.4448  8.82273e-08
-15.434  1.59824e-07
-15.4238  1.97574e-07
-15.4131  2.58805e-07
-15.4015  1.706e-07
-15.3903  2.26434e-07
-15.3797  1.93467e-07
-15.3686  2.3382e-07
-15.3578  1.47452e-07
-15.3451  2.47991e-07
-15.3327  1.58733e-07
-15.3236  2.16978e-07
-15.3126  2.69174e-07
-15.3021  2.34067e-07
-15.291  1.54742e-07
-15.2812  2.29791e-07
-15.2687  2.38616e-07
-15.258  2.65259e-07
-15.2473  2.6188e-07
-15.2364  2.42828e-07
-15.2262  1.96368e-07
-15.2149  2.80311e-07
-15.2043  2.34888e-07
-15.1944  2.60318e-07
-15.1829  2.75999e-07
-15.1732  2.09119e-07
-15.1635  2.60377e-07
-15.1523  2.09005e-07
-15.1421  3.12914e-07
-15.132  3.44799e-07
-15.1208  2.60635e-07
-15.1092  2.67271e-07
-15.0986  3.34175e-07
-15.0874  2.87036e-07
-15.0788  2.9191e-07
-15.0678  2.5608e-07
-15.0562  4.21612e-07
-15.0444  2.99996e-07
-15.0343  2.48828e-07
-15.024  3.33794e-07
-15.0125  4.2557e-07
-15.0013  3.07262e-07
-14.9908  3.48726e-07
-14.9804  3.22951e-07
-14.9688  4.05632e-07
-14.9583  2.4991e-07
-14.949  3.72498e-07
-14.9366  3.45875e-07
-14.9271  4.21743e-07
-14.9177  3.75836e-07
-14.9058  4.3727e-07
-14.8949  2.9742e-07
-14.8843  3.66827e-07
-14.8743  4.20325e-07
-14.864  4.07171e-07
-14.8544  4.12819e-07
-14.8439  4.2899e-07
-14.8328  4.51646e-07
-14.8217  3.75554e-07
-14.8102  4.79128e-07
-14.8001  4.74554e-07
-14.7885  3.64108e-07
-14.7791  4.42588e-07
-14.7683  5.20392e-07
-14.7595  3.26695e-07
-14.7491  5.23931e-07
-14.7384  4.69319e-07
-14.7272  5.94977e-07
-14.7166  4.32475e-07
-14.705  5.08537e-07
-14.6933  5.30409e-07
-14.6844  4.69748e-07
-14.6741  7.26245e-07
-14.6617  4.7209e-07
-14.6517  4.57795e-07
-14.642  4.3028e-07
-14.6319  6.61563e-07
-14.6203  4.5043e-07
-14.6112  6.11512e-07
-14.5992  6.74647e-07
-14.5895  5.80108e-07
-14.5797  5.09175e-07
-14.5686  6.57205e-07
-14.557  6.85465e-07
-14.5462  5.41915e-07
-14.5364  5.37913e-07
-14.5256  7.33228e-07
-14.5153  7.33117e-07
-14.5045  7.00907e-07
-14.4931  7.07429e-07
-14.4819  5.82406e-07
-14.472  6.5941e-07
-14.4622  6.40369e-07
-14.4515  7.92748e-07
-14.4398  7.89125e-07
-14.4288  8.28025e-07
-14.4177  6.36772e-07
-14.4075  8.58023e-07
-14.3966  6.9809e-07
-14.387  8.06143e-07
-14.3757  8.16313e-07
-14.3662  6.4554e-07
-14.3553  8.07622e-07
-14.3451  7.26541e-07
-14.3353  8.58897e-07
-14.3236  9.08682e-07
-14.3133  8.80298e-07
-14.3021  8.90363e-07
-14.2915  8.77418e-07
-14.281  8.35981e-07
-14.2719  8.64867e-07
-14.2602  1.05839e-06
-14.2493  7.43039e-07
-14.2381  9.97012e-07
-14.2273  1.01823e-06
-14.2167  1.17582e-06
-14.2057  8.88734e-07
-14.1951  9.58844e-07
-14.1845  1.05494e-06
-14.1733  1.0592e-06
-14.1621  9.9855e-07
-14.1518  1.10927e-06
-14.1406  1.16174e-06
-14.1305  9.13432e-07
-14.1206  1.0772e-06
-14.1096  1.17889e-06
-14.0979  1.2751e-06
-14.0873  1.10708e-06
-14.0764  1.12889e-06
-14.0651  1.34624e-06
-14.0543  1.24906e-06
-14.0441  1.1567e-06
-14.0333  1.28047e-06
-14.0224  1.08921e-06
-14.0121  1.35245e-06
-14.0012  1.32481e-06
-13.9903  1.3516e-06
-13.9799  1.49629e-06
-13.9687  1.13515e-06
-13.9578  1.29441e-06
-13.9464  1.57669e-06
-13.9367  1.31848e-06
-13.926  1.41961e-06
-13.9155  1.24468e-06
-13.905  1.52243e-06
-13.8939  1.52105e-06
-13.8839  1.45748e-06
-13.8741  1.32148e-06
-13.8637  1.61516e-06
-13.8535  1.28068e-06
-13.8432  1.46597e-06
-13.8321  1.86724e-06
-13.8208  1.59743e-06
-13.8105  1.61252e-06
-13.8004  1.63207e-06
-13.789  1.74139e-06
-13.7786  1.65326e-06
-13.7678  1.7689e-06
-13.7575  1.65841e-06
-13.7469  1.5326e-06
-13.7367  1.97987e-06
-13.7265  1.81664e-06
-13.7153  1.92954e-06
-13.7054  1.53878e-06
-13.6949  1.87423e-06
-13.6838  1.92037e-06
-13.6741  1.84797e-06
-13.6627  2.07536e-06
-13.6519  1.99953e-06
-13.6425  1.82933e-06
-13.6319  1.96054e-06
-13.6204  2.0976e-06
-13.6095  2.16793e-06
-13.5992  2.21985e-06
-13.5885  2.38138e-06
-13.5774  1.91397e-06
-13.5668  2.21702e-06
-13.5563  2.03165e-06
-13.5459  2.44165e-06
-13.5359  1.87628e-06
-13.5257  2.63149e-06
-13.5143  2.13534e-06
-13.5042  2.33707e-06
-13.4936  2.47613e-06
-13.4828  2.53385e-06
-13.4719  2.55868e-06
-13.4611  2.08221e-06
-13.4508  2.49825e-06
-13.4401  2.68286e-06
-13.4301  2.66017e-06
-13.4194  2.40328e-06
-13.4091  2.67e-06
-13.3989  2.82876e-06
-13.3884  2.60987e-06
-13.3772  2.71766e-06
-13.3662  2.71886e-06
-13.3557  2.90237e-06
-13.3451  2.97364e-06
-13.3346  2.68385e-06
-13.3241  2.95749e-06
-13.3141  3.00329e-06
-13.3029  3.02931e-06
-13.293  2.79954e-06
-13.2822  2.92665e-06
-13.2719  3.02957e-06
-13.2618  2.86486e-06
-13.2515  3.35582e-06
-13.2403  3.33531e-06
-13.2301  3.1633e-06
-13.2191  3.63476e-06
-13.209  2.7989e-06
-13.198  3.88475e-06
-13.1878  3.25993e-06
-13.1774  3.18981e-06
-13.1671  3.1491e-06
-13.1569  3.62461e-06
-13.1467  3.42368e-06
-13.1359  3.644e-06
-13.1256  3.6742e-06
-13.1152  3.92739e-06
-13.1047  3.48755e-06
-13.0948  3.58625e-06
-13.0843  3.46188e-06
-13.0739  4.23001e-06
-13.0629  4.1334e-06
-13.0522  3.78748e-06
-13.0412  4.44625e-06
-13.0308  3.72625e-06
-13.0205  4.22271e-06
-13.0095  4.44339e-06
-12.9994  3.64694e-06
-12.9894  4.01012e-06
-12.9791  4.39906e-06
-12.9692  3.85847e-06
-12.9588  4.73948e-06
-12.9481  4.59643e-06
-12.9378  4.4344e-06
-12.9277  3.92814e-06
-12.9177  4.76825e-06
-12.907  4.61034e-06
-12.8967  4.73161e-06
-12.8861  4.80007e-06
-12.8754  4.73017e-06
-12.8651  4.80514e-06
-12.8549  5.21257e-06
-12.8437  5.14129e-06
-12.8334  5.021e-06
-12.8225  5.0465e-06
-12.8125  4.98321e-06
-12.8021  4.8796e-06
-12.7922  5.36356e-06
-12.7815  5.18e-06
-12.7714  4.93488e-06
-12.7609  5.88399e-06
-12.7506  5.23705e-06
-12.7408  5.52439e-06
-12.7305  5.45552e-06
-12.7204  5.98026e-06
-12.7097  5.1966e-06
-12.6994  5.93851e-06
-12.6889  6.17356e-06
-12.6786  5.53345e-06
-12.6684  5.98318e-06
-12.6583  5.91175e-06
-12.6477  6.33185e-06
-12.6375  5.84168e-06
-12.6268  6.44235e-06
-12.6167  6.33711e-06
-12.6065  6.91468e-06
-12.5956  5.97194e-06
-12.5851  6.41162e-06
-12.5748  7.01562e-06
-12.5648  6.44625e-06
-12.555  6.59442e-06
-12.5443  7.11614e-06
-12.5338  6.59792e-06
-12.5235  7.11325e-06
-12.5134  6.66561e-06
-12.5031  7.51723e-06
-12.4929  6.51165e-06
-12.483  7.42776e-06
-12.472  7.80556e-06
-12.4613  7.70317e-06
-12.4513  6.96591e-06
-12.4412  7.87973e-06
-12.4307  6.97223e-06
-12.4209  7.81282e-06
-12.4103  8.11355e-06
-12.4001  7.9073e-06
-12.3902  7.54642e-06
-12.3799  8.31058e-06
-12.3691  8.24285e-06
-12.3595  7.9135e-06
-12.349  8.3749e-06
-12.3387  8.4086e-06
-12.3287  8.88609e-06
-12.3183  8.40624e-06
-12.3078  8.83618e-06
-12.2979  8.13788e-06
-12.2878  8.901e-06
-12.2775  8.99437e-06
-12.2672  9.15775e-06
-12.2571  9.00527e-06
-12.2468  9.6866e-06
-12.2366  8.61488e-06
-12.2264  1.00068e-05
-12.2155  9.69831e-06
-12.2056  9.60506e-06
-12.1951  9.53558e-06
-12.1849  9.91147e-06
-12.1747  9.71402e-06
-12.1643  1.03357e-05
-12.1538  1.06703e-05
-12.1438  9.73322e-06
-12.1334  1.00332e-05
-12.1234  1.11234e-05
-12.1129  1.00657e-05
-12.1033  1.04038e-05
-12.0924  1.07783e-05
-12.0826  1.07311e-05
-12.0723  1.1097e-05
-12.0621  1.15999e-05
-12.0519  1.08144e-05
-12.042  1.08974e-05
-12.0317  1.19396e-05
-12.0214  1.1091e-05
-12.0113  1.1541e-05
-12.001  1.2349e-05
-11.9908  1.15367e-05
-11.9805  1.16353e-05
-11.9701  1.29492e-05
-11.96  1.19726e-05
-11.9499  1.20631e-05
-11.9396  1.3008e-05
-11.9298  1.20266e-05
-11.9193  1.3223e-05
-11.909  1.25932e-05
-11.899  1.29962e-05
-11.889  1.2213e-05
-11.8787  1.47114e-05
-11.8686  1.31891e-05
-11.8585  1.28582e-05
-11.848  1.38417e-05
-11.8378  1.38501e-05
-11.8277  1.39254e-05
-11.8171  1.47502e-05
-11.8071  1.32152e-05
-11.7969  1.52149e-05
-11.7866  1.47568e-05
-11.7766  1.4482e-05
-11.7663  1.42498e-05
-11.756  1.5183e-05
-11.7461  1.55859e-05
-11.7358  1.49874e-05
-11.7253  1.54967e-05
-11.7154  1.50486e-05
-11.7053  1.5635e-05
-11.6949  1.6723e-05
-11.6848  1.52864e-05
-11.6747  1.63183e-05
-11.6645  1.59816e-05
-11.6543  1.74245e-05
-11.6439  1.582e-05
-11.6338  1.71224e-05
-11.6235  1.74833e-05
-11.6136  1.6895e-05
-11.603  1.67613e-05
-11.5931  1.77353e-05
-11.583  1.78166e-05
-11.5726  1.77567e-05
-11.5624  1.82565e-05
-11.5523  1.71538e-05
-11.542  1.91361e-05
-11.5321  1.82688e-05
-11.5218  1.83118e-05
-11.5114  1.89489e-05
-11.5012  1.97498e-05
-11.4911  1.79489e-05
-11.4809  2.02521e-05
-11.4707  2.05106e-05
-11.4604  1.84999e-05
-11.4503  1.96721e-05
-11.4401  2.06509e-05
-11.4299  1.9637e-05
-11.4198  2.11096e-05
-11.4098  2.11477e-05
-11.3986  2.29594e-05
-11.3881  2.03602e-05
-11.3782  2.1879e-05
-11.3679  2.15457e-05
-11.3575  2.14598e-05
-11.3475  2.25119e-05
-11.3372  2.15084e-05
-11.3267  2.37744e-05
-11.3167  2.16125e-05
-11.3066  2.19786e-05
-11.2964  2.33394e-05
-11.2866  2.34772e-05
-11.2763  2.28349e-05
-11.266  2.40295e-05
-11.2559  2.2859e-05
-11.2458  2.41646e-05
-11.2354  2.54157e-05
-11.2255  2.36795e-05
-11.2153  2.38553e-05
-11.2052  2.59306e-05
-11.1949  2.475e-05
-11.1849  2.50549e-05
-11.1743  2.68359e-05
-11.1644  2.48244e-05
-11.1541  2.55686e-05
-11.1442  2.70408e-05
-11.134  2.55905e-05
-11.1239  2.725e-05
-11.1136  2.77992e-05
-11.1036  2.59249e-05
-11.0933  2.65779e-05
-11.0833  3.04733e-05
-11.0731  2.59595e-05
-11.0632  2.73753e-05
-11.0527  2.93955e-05
-11.0427  2.8506e-05
-11.0321  3.14036e-05
-11.0216  3.01267e-05
-11.0113  2.86578e-05
-11.0012  2.87545e-05
-10.9911  3.20523e-05
-10.9808  2.86604e-05
-10.9706  3.05554e-05
-10.9606  3.21226e-05
-10.9498  3.28092e-05
-10.9392  3.13094e-05
-10.9291  3.36784e-05
-10.9189  3.01208e-05
-10.9089  3.24932e-05
-10.8987  3.17695e-05
-10.8887  3.26401e-05
-10.8783  3.31444e-05
-10.8684  3.43809e-05
-10.8581  3.21342e-05
-10.8481  3.43626e-05
-10.8376  3.56016e-05
-10.8277  3.3505e-05
-10.8173  3.42441e-05
-10.8075  3.62037e-05
-10.7971  3.48236e-05
-10.7872  3.47984e-05
-10.7769  3.70359e-05
-10.767  3.53301e-05
-10.7565  3.76482e-05
-10.7465  3.64255e-05
-10.7365  3.69331e-05
-10.7263  3.71844e-05
-10.7159  3.91153e-05
-10.7061  3.71686e-05
-10.6958  3.86389e-05
-10.6856  3.99057e-05
-10.6756  3.91705e-05
-10.6654  3.73042e-05
-10.6551  4.1841e-05
-10.6453  3.85044e-05
-10.6348  4.18061e-05
-10.6247  4.11757e-05
-10.6148  4.07177e-05
-10.6046  4.09735e-05
-10.5943  4.34171e-05
-10.5844  4.06528e-05
-10.5742  4.21278e-05
-10.5639  4.42866e-05
-10.554  4.27895e-05
-10.5434  4.70551e-05
-10.532  5.08224e-05
-10.5214  4.33831e-05
-10.511  4.48776e-05
-10.5004  5.0491e-05
-10.4901  4.32982e-05
-10.4799  4.59134e-05
-10.4699  4.67469e-05
-10.4597  4.68006e-05
-10.4495  4.64982e-05
-10.4393  4.92559e-05
-10.4293  4.66635e-05
-10.4186  5.15684e-05
-10.408  5.05966e-05
-10.398  4.71978e-05
-10.3878  4.87883e-05
-10.3777  5.07389e-05
-10.3676  4.93047e-05
-10.3574  5.13423e-05
-10.3472  5.26341e-05
-10.3372  4.85915e-05
-10.3269  5.28478e-05
-10.3168  5.29919e-05
-10.3067  5.24279e-05
-10.2966  5.20575e-05
-10.2864  5.46219e-05
-10.2764  5.19401e-05
-10.2662  5.50165e-05
-10.2561  5.54419e-05
-10.2462  5.46455e-05
-10.2357  5.69248e-05
-10.2255  5.58072e-05
-10.2157  5.46892e-05
-10.2055  5.76175e-05
-10.1954  5.76173e-05
-10.1854  5.6444e-05
-10.1752  5.8557e-05
-10.165  6.08014e-05
-10.1549  5.67974e-05
-10.1446  6.1881e-05
-10.1345  6.0774e-05
-10.1245  5.76635e-05
-10.1145  6.07267e-05
-10.1038  6.93798e-05
-10.0934  5.87379e-05
-10.0831  6.54701e-05
-10.0728  6.33915e-05
-10.0622  7.00677e-05
-10.0515  6.28709e-05
-10.0415  6.6952e-05
-10.0311  6.24612e-05
-10.0207  7.11141e-05
-10.0101  6.82578e-05
-10.0001  6.48476e-05
-9.98979  6.68753e-05
-9.97975  6.88996e-05
-9.96956  6.51766e-05
-9.95957  7.0089e-05
-9.94942  7.04034e-05
-9.93939  6.79819e-05
-9.92868  7.61329e-05
-9.91827  7.12271e-05
-9.90796  6.93767e-05
-9.89797  7.33883e-05
-9.88793  7.30068e-05
-9.8778  6.88609e-05
-9.86731  8.06275e-05
-9.85667  7.75204e-05
-9.8463  7.33317e-05
-9.83621  7.40266e-05
-9.82615  7.73889e-05
-9.81586  7.35832e-05
-9.80536  8.54775e-05
-9.79478  7.85253e-05
-9.78442  7.67803e-05
-9.7743  7.6791e-05
-9.76461  8.11619e-05
-9.75417  7.8891e-05
-9.74414  8.00655e-05
-9.73407  8.13253e-05
-9.72371  7.99347e-05
-9.71374  8.16699e-05
-9.70375  8.34898e-05
-9.69344  8.32739e-05
-9.68343  8.08857e-05
-9.67345  8.62857e-05
-9.66332  8.23337e-05
-9.65311  8.61228e-05
-9.64309  8.80977e-05
-9.63283  8.59488e-05
-9.62284  8.38316e-05
-9.61278  9.15981e-05
-9.60267  8.49648e-05
-9.59254  9.12842e-05
-9.58248  8.84082e-05
-9.57237  9.02639e-05
-9.56173  9.98105e-05
-9.5511  9.55189e-05
-9.54099  8.89301e-05
-9.53084  9.20511e-05
-9.52069  9.68371e-05
-9.51065  9.31881e-05
-9.49986  0.000104515
-9.48928  9.99062e-05
-9.47905  9.01187e-05
-9.46921  9.80267e-05
-9.45889  0.000100882
-9.44892  9.40466e-05
-9.43875  9.87935e-05
-9.42879  0.000103666
-9.41858  9.55633e-05
-9.40859  0.000102127
-9.3978  0.000114967
-9.38738  9.91402e-05
-9.37712  0.000102577
-9.36722  0.000107465
-9.35687  0.000101586
-9.34694  0.000103062
-9.33682  0.00011128
-9.32674  0.000100147
-9.31658  0.000109791
-9.30616  0.000120405
-9.29525  0.000110234
-9.28513  0.000105139
-9.27522  0.000116832
-9.26485  0.000107876
-9.25468  0.000114034
-9.24473  0.000110906
-9.23447  0.000116077
-9.22424  0.000111562
-9.21431  0.000120454
-9.20405  0.000109771
-9.19398  0.000117512
-9.18399  0.000116346
-9.17388  0.000120058
-9.16358  0.000116024
-9.15371  0.000125131
-9.14332  0.000116858
-9.13328  0.000120841
-9.12327  0.000122471
-9.11319  0.000122285
-9.1029  0.000122566
-9.09306  0.000127485
-9.08273  0.000122083
-9.07274  0.000126537
-9.06255  0.000127521
-9.05263  0.000124588
-9.04241  0.000126997
-9.03247  0.000131924
-9.02226  0.000128296
-9.01224  0.000127824
-9.00166  0.000148747
-8.99112  0.000127466
-8.98087  0.000137751
-8.97091  0.000131402
-8.96076  0.000135773
-8.95069  0.000132324
-8.9406  0.000140155
-8.93055  0.000133638
-8.92043  0.000142343
-8.91032  0.000137309
-8.90027  0.000139837
-8.89  0.000140481
-8.87999  0.000144917
-8.86994  0.000139637
-8.85978  0.000143959
-8.84962  0.000146844
-8.83953  0.000145128
-8.82935  0.000146172
-8.81882  0.000163609
-8.80822  0.000143009
-8.79839  0.000146085
-8.78808  0.000158117
-8.77798  0.00014768
-8.76733  0.000165198
-8.75691  0.00015756
-8.74658  0.000150174
-8.73665  0.00015028
-8.72654  0.000163969
-8.71642  0.000150313
-8.70635  0.000156904
-8.69586  0.000177893
-8.68505  0.000158296
-8.675  0.000158994
-8.66492  0.000168531
-8.6547  0.000152413
-8.64475  0.000165535
-8.63464  0.000169316
-8.62441  0.000164497
-8.61425  0.000161217
-8.60438  0.000175776
-8.59406  0.000158978
-8.584  0.000175048
-8.57335  0.000188944
-8.56285  0.000165929
-8.5527  0.000170713
-8.54279  0.000180948
-8.53238  0.000167276
-8.52251  0.000177041
-8.51231  0.00018144
-8.50229  0.000170587
-8.49148  0.000199146
-8.48117  0.000181056
-8.47082  0.000176156
-8.46088  0.000182828
-8.45066  0.000189173
-8.44075  0.000172731
-8.43048  0.00019158
-8.42062  0.000183717
-8.40993  0.000201251
-8.39944  0.000188404
-8.38923  0.000195125
-8.37917  0.000183054
-8.36884  0.000199401
-8.35891  0.000189282
-8.34875  0.000189946
-8.33875  0.000193302
-8.3286  0.000202775
-8.31856  0.00018701
-8.30838  0.000204133
-8.29832  0.000199623
-8.28822  0.000195934
-8.27819  0.000197968
-8.26802  0.000212547
-8.25794  0.000189858
-8.24787  0.000210744
-8.23774  0.000209073
-8.22767  0.000202793
-8.21757  0.000203547
-8.20743  0.000220228
-8.19685  0.000215949
-8.18646  0.000216538
-8.17625  0.000215217
-8.16621  0.00020942
-8.1561  0.000210385
-8.14604  0.000226649
-8.13591  0.000207201
-8.12594  0.000216748
-8.11581  0.000226614
-8.10567  0.000215615
-8.09555  0.000218527
-8.08549  0.000234079
-8.07529  0.000214661
-8.06524  0.000226061
-8.05511  0.000233871
-8.04456  0.000239933
-8.03405  0.000229821
-8.02391  0.000236633
-8.01378  0.000224298
-8.00316  0.000256079
-7.99268  0.00023694
-7.9825  0.000233755
-7.97235  0.000234784
-7.96228  0.000244748
-7.95214  0.000232221
-7.94198  0.000242076
-7.932  0.000243999
-7.92178  0.000240025
-7.9117  0.000241528
-7.90116  0.000273257
-7.89068  0.000237232
-7.8806  0.000250299
-7.87054  0.000248385
-7.86037  0.000250086
-7.84974  0.000272489
-7.8393  0.000261445
-7.82905  0.000243643
-7.819  0.000260217
-7.80895  0.000253019
-7.79888  0.000259134
-7.78816  0.000279196
-7.77765  0.000275635
-7.76669  0.000276596
-7.75643  0.000264703
-7.74628  0.000260376
-7.73628  0.000266808
-7.72595  0.000266551
-7.71612  0.000271191
-7.70571  0.000261324
-7.69589  0.000273873
-7.68569  0.000271337
-7.67574  0.000269354
-7.66547  0.000273613
-7.65568  0.000276914
-7.64528  0.000275432
-7.63497  0.000300057
-7.62436  0.000280695
-7.61435  0.000276902
-7.6041  0.000283581
-7.5943  0.000284135
-7.58384  0.000283815
-7.57347  0.000311206
-7.56278  0.000294794
-7.55273  0.000280496
-7.54251  0.000294148
-7.53273  0.000285198
-7.52238  0.00029728
-7.51239  0.000290001
-7.50218  0.000307689
-7.49209  0.000281845
-7.48196  0.000307828
-7.47208  0.00029346
-7.46179  0.000301258
-7.45177  0.000298242
-7.44168  0.000316429
-7.43152  0.000289882
-7.42142  0.000316161
-7.41149  0.00029693
-7.4013  0.000313248
-7.39128  0.000303205
-7.3813  0.000321357
-7.37111  0.000301811
-7.36098  0.000321559
-7.3511  0.000309635
-7.34048  0.000346292
-7.32985  0.000316269
-7.31991  0.000328489
-7.30971  0.000308742
-7.29963  0.000334371
-7.28957  0.000319172
-7.27893  0.000357665
-7.26837  0.000321083
-7.25796  0.000370991
-7.24706  0.000324475
-7.23708  0.000335873
-7.227  0.000336347
-7.21631  0.000361548
-7.20564  0.000340631
-7.19577  0.000336683
-7.18553  0.000332814
-7.17559  0.000340204
-7.16556  0.000345519
-7.15529  0.000342363
-7.14519  0.000345128
-7.13476  0.000381115
-7.1241  0.000341477
-7.11398  0.000357955
-7.10397  0.000346576
-7.09381  0.000350139
-7.08378  0.000351838
-7.07327  0.000397153
-7.06208  0.000378434
-7.05161  0.000370047
-7.04149  0.000353591
-7.03136  0.000368398
-7.02112  0.000357297
-7.01124  0.00037351
-7.00088  0.000357419
-6.99045  0.000409635
-6.97983  0.000366652
-6.96977  0.000373289
-6.95944  0.00037059
-6.94976  0.000371852
-6.93944  0.000365426
-6.92949  0.000389558
-6.91887  0.000404539
-6.90846  0.000384831
-6.89806  0.000377486
-6.88843  0.000382231
-6.87796  0.00038364
-6.86808  0.000388417
-6.85744  0.000421008
-6.84714  0.00038151
-6.83671  0.000399822
-6.82701  0.000387186
-6.81651  0.000397491
-6.80661  0.000396267
-6.79638  0.000398416
-6.78652  0.000389961
-6.77609  0.000409555
-6.76646  0.000390622
-6.75603  0.000409142
-6.74616  0.000397804
-6.73593  0.000416409
-6.72605  0.000387849
-6.7157  0.00042686
-6.7059  0.000400185
-6.69549  0.000421328
-6.68555  0.000405363
-6.67489  0.000462925
-6.66445  0.000398813
-6.6542  0.000441249
-6.64431  0.000398669
-6.63407  0.00043299
-6.62401  0.000415658
-6.61344  0.000475639
-6.60291  0.000403233
-6.59283  0.000449679
-6.58275  0.000411132
-6.57261  0.000442801
-6.56248  0.000426681
-6.55241  0.000441301
-6.54227  0.0004154
-6.53187  0.000493459
-6.52127  0.000423195
-6.51131  0.000442048
-6.50108  0.000447471
-6.49102  0.000441892
-6.48092  0.000428775
-6.47093  0.000462431
-6.46077  0.000437168
-6.4507  0.00045253
-6.44056  0.000454406
-6.43053  0.000445774
-6.42032  0.000451357
-6.41026  0.00046801
-6.40026  0.000439986
-6.39012  0.000462802
-6.38006  0.000459339
-6.36999  0.000460344
-6.3599  0.000459609
-6.34971  0.00047583
-6.33975  0.00044919
-6.32911  0.000517884
-6.31858  0.000472862
-6.30849  0.000464179
-6.29843  0.000470317
-6.28818  0.000486794
-6.27825  0.000461651
-6.26796  0.000489431
-6.25787  0.000475133
-6.24783  0.000476288
-6.23787  0.000472816
-6.22716  0.000545565
-6.21675  0.000459584
-6.2066  0.000508068
-6.1964  0.000480162
-6.1864  0.00049292
-6.17635  0.00047461
-6.16619  0.000514816
-6.15626  0.000465867
-6.14611  0.000518223
-6.13587  0.0004857
-6.12591  0.000510398
-6.11574  0.000485065
-6.10562  0.000520767
-6.09567  0.000471797
-6.08564  0.000525329
-6.07539  0.000492947
-6.06548  0.000520914
-6.05532  0.000487587
-6.04521  0.000537094
-6.03515  0.000484117
-6.02513  0.00053368
-6.01435  0.000551097
-6.00404  0.00052589
-5.99379  0.000500092
-5.9838  0.000542453
-5.97359  0.000498898
-5.96325  0.000584739
-5.95239  0.000513648
-5.94264  0.000535041
-5.93232  0.000507894
-5.92243  0.000551049
-5.91208  0.000514741
-5.90224  0.000541089
-5.89188  0.000522712
-5.8821  0.00054558
-5.87124  0.000572412
-5.861  0.000543497
-5.85056  0.000544169
-5.84074  0.000534503
-5.83035  0.000547124
-5.82056  0.000540444
-5.8101  0.000554737
-5.80025  0.000536096
-5.79  0.000554192
-5.78014  0.000537292
-5.76986  0.000558555
-5.76005  0.000541889
-5.74977  0.000558836
-5.73987  0.000545186
-5.72965  0.000565818
-5.71969  0.000553975
-5.70945  0.000559096
-5.69954  0.000558099
-5.68925  0.000570461
-5.67923  0.000560054
-5.6691  0.000568078
-5.65863  0.000613239
-5.64795  0.000575749
-5.63801  0.000557339
-5.62787  0.000578286
-5.61777  0.000569135
-5.60766  0.000577454
-5.59763  0.000568827
-5.58757  0.000574022
-5.57754  0.000576649
-5.56743  0.000578294
-5.55737  0.000580305
-5.54738  0.000569638
-5.53732  0.000590722
-5.52719  0.000579054
-5.51713  0.000594629
-5.50693  0.000583523
-5.49686  0.000596101
-5.48678  0.000575038
-5.47669  0.00061065
-5.46655  0.000575167
-5.45657  0.000608203
-5.44636  0.000579581
-5.4364  0.000611776
-5.4263  0.00057473
-5.41627  0.000622534
-5.40558  0.000636716
-5.39526  0.000612967
-5.38493  0.00059496
-5.37501  0.000624588
-5.36477  0.000577056
-5.35492  0.000626297
-5.34462  0.000596382
-5.33477  0.000621674
-5.32438  0.000601557
-5.31453  0.000631398
-5.30414  0.000594968
-5.29392  0.00067989
-5.2831  0.000614561
-5.27333  0.000614445
-5.26287  0.000626654
-5.25307  0.000625134
-5.24268  0.000608983
-5.23296  0.000624422
-5.22261  0.000624252
-5.2129  0.000615722
-5.20245  0.000637789
-5.19263  0.000626293
-5.18224  0.000625561
-5.1724  0.000637192
-5.162  0.000635452
-5.15227  0.000615196
-5.14186  0.000649534
-5.13209  0.00062586
-5.12176  0.000636592
-5.11186  0.00064201
-5.10149  0.000642608
-5.09168  0.000628905
-5.08128  0.000660695
-5.07095  0.000684992
-5.06022  0.000654012
-5.05026  0.000638877
-5.03998  0.000661914
-5.03005  0.000625751
-5.01979  0.00066978
-5.00978  0.000639164
-4.9996  0.000653909
-4.98918  0.000706718
-4.97842  0.000673922
-4.96838  0.000632109
-4.95821  0.000683535
-4.94812  0.000632761
-4.93795  0.000678383
-4.92797  0.000637694
-4.91786  0.000674727
-4.90739  0.000694318
-4.89685  0.000690234
-4.88664  0.000645503
-4.87659  0.000674887
-4.86653  0.000655358
-4.85636  0.000682683
-4.8463  0.000639772
-4.83635  0.000682795
-4.82627  0.000652424
-4.81612  0.000685097
-4.80606  0.000667422
-4.79583  0.000683524
-4.78575  0.000658829
-4.77567  0.000689922
-4.76519  0.000716897
-4.75461  0.000684105
-4.74464  0.000670763
-4.73447  0.000683469
-4.72439  0.000675833
-4.71424  0.000687577
-4.70389  0.000719785
-4.69275  0.000763403
-4.68239  0.000662094
-4.67219  0.000703591
-4.66206  0.000671814
-4.65181  0.000722232
-4.64174  0.000655147
-4.63156  0.000708531
-4.62161  0.000667617
-4.61145  0.000712699
-4.60145  0.000655131
-4.59131  0.000727463
-4.58126  0.000663104
-4.57104  0.00071709
-4.56105  0.0006743
-4.55047  0.000777876
-4.53935  0.000736086
-4.52891  0.000730686
-4.51869  0.000664714
-4.50867  0.000722532
-4.4984  0.00068862
-4.48844  0.000719795
-4.47818  0.000664163
-4.46835  0.000735677
-4.45809  0.000667696
-4.44824  0.000715958
-4.43797  0.000699606
-4.42802  0.000719327
-4.41765  0.000680833
-4.40775  0.000747913
-4.39731  0.000685338
-4.38701  0.000771448
-4.3758  0.000778854
-4.36558  0.000696841
-4.35522  0.000704881
-4.34541  0.00072612
-4.33499  0.000702154
-4.32474  0.000762998
-4.31396  0.00074456
-4.30403  0.00068408
-4.29374  0.000723767
-4.2839  0.000716925
-4.2735  0.000727117
-4.2635  0.000695594
-4.25326  0.000751767
-4.24322  0.000695337
-4.23302  0.000715306
-4.22319  0.000718608
-4.21291  0.000723337
-4.20301  0.000688772
-4.19293  0.000751789
-4.18285  0.000699981
-4.1726  0.000729559
-4.16266  0.000720694
-4.1525  0.000720097
-4.14253  0.000701106
-4.13241  0.000755314
-4.12227  0.000706669
-4.11208  0.000730073
-4.10204  0.000730649
-4.09185  0.000730365
-4.08119  0.000789351
-4.07066  0.000739701
-4.06053  0.000713104
-4.05042  0.000731576
-4.04039  0.00073135
-4.03025  0.000724679
-4.02008  0.000731692
-4.00997  0.000738729
-3.99985  0.000723923
-3.98978  0.000717404
-3.97936  0.000805953
-3.96873  0.00072241
-3.9587  0.000728365
-3.94864  0.000734112
-3.93858  0.000729765
-3.92841  0.000721988
-3.91851  0.000743313
-3.90825  0.00072097
-3.89829  0.000737032
-3.88812  0.000736092
-3.87817  0.000725862
-3.86789  0.000733939
-3.85801  0.000743722
-3.84772  0.000722046
-3.83782  0.000738692
-3.82755  0.000740157
-3.81767  0.000725849
-3.80733  0.000738575
-3.79758  0.00073492
-3.7873  0.000723994
-3.77747  0.000734133
-3.76716  0.000748589
-3.75731  0.000721558
-3.74694  0.000746319
-3.73718  0.000734225
-3.72681  0.000737243
-3.71694  0.000730431
-3.70661  0.000758664
-3.69679  0.000711919
-3.68598  0.00082353
-3.67574  0.000721203
-3.66545  0.000751561
-3.6555  0.000721061
-3.64528  0.000761633
-3.63539  0.000711267
-3.62504  0.000767528
-3.61515  0.000720103
-3.60488  0.000758838
-3.59491  0.000709498
-3.58478  0.000770684
-3.57485  0.000705533
-3.56465  0.000756471
-3.55474  0.000723762
-3.54455  0.000761655
-3.53445  0.000715422
-3.52433  0.00076715
-3.51431  0.000717891
-3.50405  0.000763344
-3.49405  0.000722703
-3.48397  0.000753284
-3.4738  0.000725566
-3.46374  0.000755022
-3.45375  0.000727784
-3.44347  0.000756392
-3.43336  0.000733532
-3.42329  0.000753901
-3.41265  0.000790432
-3.40218  0.000755986
-3.39215  0.000719396
-3.38208  0.000744877
-3.37195  0.000742202
-3.36198  0.000736101
-3.35179  0.00073337
-3.34177  0.000744728
-3.33176  0.000736029
-3.32165  0.000731953
-3.31153  0.000745605
-3.30153  0.000739288
-3.29131  0.000740263
-3.28124  0.000736934
-3.27124  0.000742443
-3.26111  0.000721095
-3.25103  0.000760435
-3.24093  0.000729714
-3.23081  0.000737103
-3.22068  0.000738599
-3.21069  0.000748404
-3.20048  0.000722642
-3.19046  0.000745436
-3.1799  0.000802242
-3.16937  0.000740097
-3.15916  0.000732896
-3.14928  0.000740684
-3.13898  0.000728177
-3.12904  0.000744378
-3.11889  0.00073047
-3.10893  0.00072788
-3.09873  0.000735786
-3.08891  0.000733446
-3.07859  0.000735605
-3.06861  0.000737141
-3.05845  0.000732233
-3.04859  0.000717574
-3.03833  0.000746616
-3.02846  0.000725519
-3.01813  0.000739026
-3.00822  0.000727084
-2.99797  0.000747438
-2.988  0.000711997
-2.97775  0.000752493
-2.96784  0.000717012
-2.95756  0.000740872
-2.94764  0.000719264
-2.93743  0.000745328
-2.92752  0.000702486
-2.91732  0.000751677
-2.90744  0.000704018
-2.89722  0.000747072
-2.88729  0.000707154
-2.87715  0.000745211
-2.86713  0.000707939
-2.85691  0.00075447
-2.8469  0.000705673
-2.83669  0.000745389
-2.82619  0.000776773
-2.81569  0.000736762
-2.8056  0.000705522
-2.79551  0.000748635
-2.78542  0.000702535
-2.77534  0.00073904
-2.76524  0.000711012
-2.75518  0.000738562
-2.74503  0.000702889
-2.73504  0.000735475
-2.72493  0.000709433
-2.71483  0.000731468
-2.70472  0.000713019
-2.69463  0.000734942
-2.68447  0.000704012
-2.67445  0.000731393
-2.66432  0.000711816
-2.65423  0.000722108
-2.64419  0.000705691
-2.63421  0.000719827
-2.62406  0.000712688
-2.61401  0.000716888
-2.60349  0.00078034
-2.59286  0.000721589
-2.58276  0.000706906
-2.57274  0.000717956
-2.56265  0.000703991
-2.55256  0.00071863
-2.54249  0.000713556
-2.53234  0.000707322
-2.52231  0.000712154
-2.51217  0.000716796
-2.50209  0.000700217
-2.49196  0.000718178
-2.48198  0.000699428
-2.47186  0.000705431
-2.46182  0.000709873
-2.45169  0.000707029
-2.44173  0.000695285
-2.43154  0.000715176
-2.42154  0.000703535
-2.41082  0.000777433
-2.40031  0.000694907
-2.39017  0.000716034
-2.38013  0.000690081
-2.36949  0.000775182
-2.35909  0.000689773
-2.34891  0.000709222
-2.33889  0.000686057
-2.32877  0.000718629
-2.3187  0.000677273
-2.30856  0.000715735
-2.29855  0.000683774
-2.28841  0.00070528
-2.27838  0.000679465
-2.2683  0.000713705
-2.25824  0.00067491
-2.24812  0.000707489
-2.2381  0.000682134
-2.22749  0.000767706
-2.21652  0.000730933
-2.20606  0.00071799
-2.19534  0.000733157
-2.18491  0.000705511
-2.17474  0.000674966
-2.16476  0.0006986
-2.15459  0.000668412
-2.14469  0.000705239
-2.13441  0.00067108
-2.12444  0.000699371
-2.11424  0.000673321
-2.10431  0.000690232
-2.0941  0.00067162
-2.0842  0.000692933
-2.07394  0.000671223
-2.06397  0.000692961
-2.05375  0.000672563
-2.04379  0.000685925
-2.03306  0.00074064
-2.02268  0.000675947
-2.01245  0.000677794
-2.00252  0.000671088
-1.99241  0.000672622
-1.98243  0.000676247
-1.97226  0.00067095
-1.96233  0.000671539
-1.95209  0.000679835
-1.94208  0.000668143
-1.93186  0.000682141
-1.92172  0.000677097
-1.91155  0.000665281
-1.9016  0.000667143
-1.89135  0.000679765
-1.88131  0.000661223
-1.87118  0.000672366
-1.86106  0.000671074
-1.85085  0.000671613
-1.8408  0.000659758
-1.83063  0.000671658
-1.8206  0.00066013
-1.81047  0.000662458
-1.80044  0.000659078
-1.79033  0.000663663
-1.78033  0.000652559
-1.77022  0.000662497
-1.75973  0.000717348
-1.74915  0.000656749
-1.73909  0.000659573
-1.72897  0.000658181
-1.71892  0.000651664
-1.70874  0.000664544
-1.69869  0.000650923
-1.68859  0.000651192
-1.67852  0.000656149
-1.66839  0.000654403
-1.65836  0.000644773
-1.64827  0.000651527
-1.63828  0.000644691
-1.62819  0.000648091
-1.61817  0.000645645
-1.60812  0.000645146
-1.59813  0.000640411
-1.58801  0.00064673
-1.57801  0.000648752
-1.56787  0.000641734
-1.55778  0.000649432
-1.54758  0.000649929
-1.53743  0.000651756
-1.52727  0.000632556
-1.51723  0.000655702
-1.50701  0.000633738
-1.49696  0.000648163
-1.48682  0.00063505
-1.47674  0.000648113
-1.46655  0.000628814
-1.45661  0.000641295
-1.44646  0.000630393
-1.43643  0.000640151
-1.42632  0.000627397
-1.41634  0.000638709
-1.40618  0.000626903
-1.3962  0.000637127
-1.38603  0.000627456
-1.376  0.00063975
-1.36586  0.00061984
-1.35593  0.000631688
-1.34579  0.000622317
-1.33584  0.000631087
-1.32569  0.000623971
-1.3157  0.000628366
-1.30559  0.000618713
-1.29564  0.000628768
-1.28544  0.000623899
-1.27546  0.000626849
-1.26529  0.000618571
-1.25533  0.00062579
-1.24516  0.000619952
-1.23517  0.000623978
-1.22499  0.000619323
-1.21501  0.000623332
-1.2048  0.000619081
-1.19478  0.000622684
-1.18457  0.00062192
-1.17456  0.000617
-1.16433  0.000625105
-1.15426  0.000618079
-1.14411  0.000612191
-1.1341  0.000618969
-1.12399  0.000610134
-1.11401  0.00061298
-1.10335  0.000676045
-1.09287  0.000607269
-1.08273  0.000618694
-1.07268  0.000606887
-1.06256  0.000617071
-1.0525  0.00060571
-1.04235  0.00061558
-1.03233  0.000604682
-1.0222  0.000614492
-1.01209  0.000607547
-1.00197  0.000612382
-0.991876  0.000605272
-0.981757  0.000607826
-0.971705  0.000607926
-0.961552  0.000607877
-0.951477  0.000601014
-0.941384  0.000611067
-0.931315  0.000597407
-0.921257  0.000600038
-0.911258  0.000603896
-0.901172  0.000597191
-0.891118  0.000602657
-0.881048  0.000601191
-0.871018  0.000596133
-0.860913  0.00059887
-0.850861  0.000606695
-0.84069  0.00059925
-0.830623  0.000594375
-0.820545  0.000603975
-0.810451  0.000596452
-0.800388  0.000587069
-0.790405  0.00060438
-0.780273  0.000591625
-0.770219  0.000593587
-0.760103  0.000604502
-0.74996  0.000595708
-0.739841  0.00058889
-0.729801  0.000603634
-0.719655  0.000588674
-0.709604  0.000591403
-0.699498  0.00059837
-0.689404  0.000593046
-0.679298  0.00058368
-0.669325  0.000596237
-0.658759  0.000639442
-0.648243  0.000591316
-0.638129  0.000593344
-0.628095  0.000587252
-0.617946  0.000587686
-0.607946  0.000592708
-0.597774  0.000589526
-0.587705  0.000586536
-0.577664  0.000583563
-0.567647  0.000591282
-0.557461  0.000583607
-0.54751  0.000586761
-0.537371  0.000587457
-0.527315  0.000581603
-0.517208  0.000592796
-0.507123  0.000586112
-0.4969  0.000590372
-0.486916  0.000577444
-0.476852  0.000585313
-0.466777  0.000582658
-0.45669  0.000585589
-0.446702  0.000577169
-0.436541  0.000589903
-0.426543  0.000574623
-0.416478  0.000586682
-0.406385  0.000578531
-0.396355  0.000580682
-0.386326  0.000583865
-0.37614  0.000582594
-0.366119  0.000580825
-0.356004  0.000583458
-0.345956  0.000575028
-0.335904  0.000583009
-0.325874  0.000578624
-0.315707  0.000583213
-0.305701  0.000575922
-0.295615  0.000582503
-0.285559  0.000574909
-0.275468  0.000583553
-0.265437  0.000577448
-0.255318  0.000576954
-0.245356  0.000573926
-0.235246  0.000586242
-0.225139  0.000573898
-0.215058  0.000582349
-0.205029  0.000575905
-0.194902  0.000578265
-0.184897  0.000573783
-0.174829  0.000582516
-0.164759  0.000571407
-0.154664  0.000583938
-0.144631  0.000573437
-0.134512  0.0005798
-0.12443  0.000578058
-0.114361  0.000579145
-0.104301  0.000570402
-0.0942624  0.000579034
-0.0842338  0.000576262
-0.0741212  0.000576257
-0.0640565  0.000577016
-0.0539256  0.000587782
-0.0437729  0.000572176
-0.0337166  0.000577764
-0.0236577  0.000580058
-0.0135372  0.000574614
-0.00425293  0.000488615
0.00425293  0.000488615
0.0135372  0.000574614
0.0236577  0.000580058
0.0337166  0.000577764
0.0437729  0.000572176
0.0539256  0.000587782
0.0640565  0.000577016
0.0741212  0.000576257
0.0842338  0.000576262
0.0942624  0.000579034
0.104301  0.000570402
0.114361  0.000579145
0.12443  0.000578058
0.134512  0.0005798
0.144631  0.000573437
0.154664  0.000583938
0.164759  0.000571407
0.174829  0.000582516
0.184897  0.000573783
0.194902  0.000578265
0.205029  0.000575905
0.215058  0.000582349
0.225139  0.000573898
0.235246  0.000586242
0.245356  0.000573926
0.255318  0.000576954
0.265437  0.000577448
0.275468  0.000583553
0.285559  0.000574909
0.295615  0.000582503
0.305701  0.000575922
0.315707  0.000583213
0.325874  0.000578624
0.335904  0.000583009
0.345956  0.000575028
0.356004  0.000583458
0.366119  0.000580825
0.37614  0.000582594
0.386326  0.000583865
0.396355  0.000580682
0.406385  0.000578531
0.416478  0.000586682
0.426543  0.000574623
0.436541  0.000589903
0.446702  0.000577169
0.45669  0.000585589
0.466777  0.000582658
0.476852  0.000585313
0.486916  0.000577444
0.4969  0.000590372
0.507123  0.000586112
0.517208  0.000592796
0.527315  0.000581603
0.537371  0.000587457
0.54751  0.000586761
0.557461  0.000583607
0.567647  0.000591282
0.577664  0.000583563
0.587705  0.000586536
0.597774  0.000589526
0.607946  0.000592708
0.617946  0.000587686
0.628095  0.000587252
0.638129  0.000593344
0.648243  0.000591316
0.658759  0.000639442
0.669325  0.000596237
0.679298  0.00058368
0.689404  0.000593046
0.699498  0.00059837
0.709604  0.000591403
0.719655  0.000588674
0.729801  0.000603634
0.739841  0.00058889
0.74996  0.000595708
0.760103  0.000604502
0.770219  0.000593587
0.780273  0.000591625
0.790405  0.00060438
0.800388  0.000587069
0.810451  0.000596452
0.820545  0.000603975
0.830623  0.000594375
0.84069  0.00059925
0.850861  0.000606695
0.860913  0.00059887
0.871018  0.000596133
0.881048  0.000601191
0.891118  0.000602657
0.901172  0.000597191
0.911258  0.000603896
0.921257  0.000600038
0.931315  0.000597407
0.941384  0.000611067
0.951477  0.000601014
0.961552  0.000607877
0.971705  0.000607926
0.981757  0.000607826
0.991876  0.000605272
1.00197  0.000612382
1.01209  0.000607547
1.0222  0.000614492
1.03233  0.000604682
1.04235  0.00061558
1.0525  0.00060571
1.06256  0.000617071
1.07268  0.000606887
1.08273  0.000618694
1.09287  0.000607269
1.10335  0.000676045
1.11401  0.00061298
1.12399  0.000610134
1.1341  0.000618969
1.14411  0.000612191
1.15426  0.000618079
1.16433  0.000625105
1.17456  0.000617
1.18457  0.00062192
1.19478  0.000622684
1.2048  0.000619081
1.21501  0.000623332
1.22499  0.000619323
1.23517  0.000623978
1.24516  0.000619952
1.25533  0.00062579
1.26529  0.000618571
1.27546  0.000626849
1.28544  0.000623899
1.29564  0.000628768
1.30559  0.000618713
1.3157  0.000628366
1.32569  0.000623971
1.33584  0.000631087
1.34579  0.000622317
1.35593  0.000631688
1.36586  0.00061984
1.376  0.00063975
1.38603  0.000627456
1.3962  0.000637127
1.40618  0.000626903
1.41634  0.000638709
1.42632  0.000627397
1.43643  0.000640151
1.44646  0.000630393
1.45661  0.000641295
1.46655  0.000628814
1.47674  0.000648113
1.48682  0.00063505
1.49696  0.000648163
1.50701  0.000633738
1.51723  0.000655702
1.52727  0.000632556
1.53743  0.000651756
1.54758  0.000649929
1.55778  0.000649432
1.56787  0.000641734
1.57801  0.000648752
1.58801  0.00064673
1.59813  0.000640411
1.60812  0.000645146
1.61817  0.000645645
1.62819  0.000648091
1.63828  0.000644691
1.64827  0.000651527
1.65836  0.000644773
1.66839  0.000654403
1.67852  0.000656149
1.68859  0.000651192
1.69869  0.000650923
1.70874  0.000664544
1.71892  0.000651664
1.72897  0.000658181
1.73909  0.000659573
1.74915  0.000656749
1.75973  0.000717348
1.77022  0.000662497
1.78033  0.000652559
1.79033  0.000663663
1.80044  0.000659078
1.81047  0.000662458
1.8206  0.00066013
1.83063  0.000671658
1.8408  0.000659758
1.85085  0.000671613
1.86106  0.000671074
1.87118  0.000672366
1.88131  0.000661223
1.89135  0.000679765
1.9016  0.000667143
1.91155  0.000665281
1.92172  0.000677097
1.93186  0.000682141
1.94208  0.000668143
1.95209  0.000679835
1.96233  0.000671539
1.97226  0.00067095
1.98243  0.000676247
1.99241  0.000672622
2.00252  0.000671088
2.01245  0.000677794
2.02268  0.000675947
2.03306  0.00074064
2.04379  0.000685925
2.05375  0.000672563
2.06397  0.000692961
2.07394  0.000671223
2.0842  0.000692933
2.0941  0.00067162
2.10431  0.000690232
2.11424  0.000673321
2.12444  0.000699371
2.13441  0.00067108
2.14469  0.000705239
2.15459  0.000668412
2.16476  0.0006986
2.17474  0.000674966
2.18491  0.000705511
2.19534  0.000733157
2.20606  0.00071799
2.21652  0.000730933
2.22749  0.000767706
2.2381  0.000682134
2.24812  0.000707489
2.25824  0.00067491
2.2683  0.000713705
2.27838  0.000679465
2.28841  0.00070528
2.29855  0.000683774
2.30856  0.000715735
2.3187  0.000677273
2.32877  0.000718629
2.33889  0.000686057
2.34891  0.000709222
2.35909  0.000689773
2.36949  0.000775182
2.38013  0.000690081
2.39017  0.000716034
2.40031  0.000694907
2.41082  0.000777433
2.42154  0.000703535
2.43154  0.000715176
2.44173  0.000695285
2.45169  0.000707029
2.46182  0.000709873
2.47186  0.000705431
2.48198  0.000699428
2.49196  0.000718178
2.50209  0.000700217
2.51217  0.000716796
2.52231  0.000712154
2.53234  0.000707322
2.54249  0.000713556
2.55256  0.00071863
2.56265  0.000703991
2.57274  0.000717956
2.58276  0.000706906
2.59286  0.000721589
2.60349  0.00078034
2.61401  0.000716888
2.62406  0.000712688
2.63421  0.000719827
2.64419  0.000705691
2.65423  0.000722108
2.66432  0.000711816
2.67445  0.000731393
2.68447  0.000704012
2.69463  0.000734942
2.70472  0.000713019
2.71483  0.000731468
2.72493  0.000709433
2.73504  0.000735475
2.74503  0.000702889
2.75518  0.000738562
2.76524  0.000711012
2.77534  0.00073904
2.78542  0.000702535
2.79551  0.000748635
2.8056  0.000705522
2.81569  0.000736762
2.82619  0.000776773
2.83669  0.000745389
2.8469  0.000705673
2.85691  0.00075447
2.86713  0.000707939
2.87715  0.000745211
2.88729  0.000707154
2.89722  0.000747072
2.90744  0.000704018
2.91732  0.000751677
2.92752  0.000702486
2.93743  0.000745328
2.94764  0.000719264
2.95756  0.000740872
2.96784  0.000717012
2.97775  0.000752493
2.988  0.000711997
2.99797  0.000747438
3.00822  0.000727084
3.01813  0.000739026
3.02846  0.000725519
3.03833  0.000746616
3.04859  0.000717574
3.05845  0.000732233
3.06861  0.000737141
3.07859  0.000735605
3.08891  0.000733446
3.09873  0.000735786
3.10893  0.00072788
3.11889  0.00073047
3.12904  0.000744378
3.13898  0.000728177
3.14928  0.000740684
3.15916  0.000732896
3.16937  0.000740097
3.1799  0.000802242
3.19046  0.000745436
3.20048  0.000722642
3.21069  0.000748404
3.22068  0.000738599
3.23081  0.000737103
3.24093  0.000729714
3.25103  0.000760435
3.26111  0.000721095
3.27124  0.000742443
3.28124  0.000736934
3.29131  0.000740263
3.30153  0.000739288
3.31153  0.000745605
3.32165  0.000731953
3.33176  0.000736029
3.34177  0.000744728
3.35179  0.00073337
3.36198  0.000736101
3.37195  0.000742202
3.38208  0.000744877
3.39215  0.000719396
3.40218  0.000755986
3.41265  0.000790432
3.42329  0.000753901
3.43336  0.000733532
3.44347  0.000756392
3.45375  0.000727784
3.46374  0.000755022
3.4738  0.000725566
3.48397  0.000753284
3.49405  0.000722703
3.50405  0.000763344
3.51431  0.000717891
3.52433  0.00076715
3.53445  0.000715422
3.54455  0.000761655
3.55474  0.000723762
3.56465  0.000756471
3.57485  0.000705533
3.58478  0.000770684
3.59491  0.000709498
3.60488  0.000758838
3.61515  0.000720103
3.62504  0.000767528
3.63539  0.000711267
3.64528  0.000761633
3.6555  0.000721061
3.66545  0.000751561
3.67574  0.000721203
3.68598  0.00082353
3.69679  0.000711919
3.70661  0.000758664
3.71694  0.000730431
3.72681  0.000737243
3.73718  0.000734225
3.74694  0.000746319
3.75731  0.000721558
3.76716  0.000748589
3.77747  0.000734133
3.7873  0.000723994
3.79758  0.00073492
3.80733  0.000738575
3.81767  0.000725849
3.82755  0.000740157
3.83782  0.000738692
3.84772  0.000722046
3.85801  0.000743722
3.86789  0.000733939
3.87817  0.000725862
3.88812  0.000736092
3.89829  0.000737032
3.90825  0.00072097
3.91851  0.000743313
3.92841  0.000721988
3.93858  0.000729765
3.94864  0.000734112
3.9587  0.000728365
3.96873  0.00072241
3.97936  0.000805953
3.98978  0.000717404
3.99985  0.000723923
4.00997  0.000738729
4.02008  0.000731692
4.03025  0.000724679
4.04039  0.00073135
4.05042  0.000731576
4.06053  0.000713104
4.07066  0.000739701
4.08119  0.000789351
4.09185  0.000730365
4.10204  0.000730649
4.11208  0.000730073
4.12227  0.000706669
4.13241  0.000755314
4.14253  0.000701106
4.1525  0.000720097
4.16266  0.000720694
4.1726  0.000729559
4.18285  0.000699981
4.19293  0.000751789
4.20301  0.000688772
4.21291  0.000723337
4.22319  0.000718608
4.23302  0.000715306
4.24322  0.000695337
4.25326  0.000751767
4.2635  0.000695594
4.2735  0.000727117
4.2839  0.000716925
4.29374  0.000723767
4.30403  0.00068408
4.31396  0.00074456
4.32474  0.000762998
4.33499  0.000702154
4.34541  0.00072612
4.35522  0.000704881
4.36558  0.000696841
4.3758  0.000778854
4.38701  0.000771448
4.39731  0.000685338
4.40775  0.000747913
4.41765  0.000680833
4.42802  0.000719327
4.43797  0.000699606
4.44824  0.000715958
4.45809  0.000667696
4.46835  0.000735677
4.47818  0.000664163
4.48844  0.000719795
4.4984  0.00068862
4.50867  0.000722532
4.51869  0.000664714
4.52891  0.000730686
4.53935  0.000736086
4.55047  0.000777876
4.56105  0.0006743
4.57104  0.00071709
4.58126  0.000663104
4.59131  0.000727463
4.60145  0.000655131
4.61145  0.000712699
4.62161  0.000667617
4.63156  0.000708531
4.64174  0.000655147
4.65181  0.000722232
4.66206  0.000671814
4.67219  0.000703591
4.68239  0.000662094
4.69275  0.000763403
4.70389  0.000719785
4.71424  0.000687577
4.72439  0.000675833
4.73447  0.000683469
4.74464  0.000670763
4.75461  0.000684105
4.76519  0.000716897
4.77567  0.000689922
4.78575  0.000658829
4.79583  0.000683524
4.80606  0.000667422
4.81612  0.000685097
4.82627  0.000652424
4.83635  0.000682795
4.8463  0.000639772
4.85636  0.000682683
4.86653  0.000655358
4.87659  0.000674887
4.88664  0.000645503
4.89685  0.000690234
4.90739  0.000694318
4.91786  0.000674727
4.92797  0.000637694
4.93795  0.000678383
4.94812  0.000632761
4.95821  0.000683535
4.96838  0.000632109
4.97842  0.000673922
4.98918  0.000706718
4.9996  0.000653909
5.00978  0.000639164
5.01979  0.00066978
5.03005  0.000625751
5.03998  0.000661914
5.05026  0.000638877
5.06022  0.000654012
5.07095  0.000684992
5.08128  0.000660695
5.09168  0.000628905
5.10149  0.000642608
5.11186  0.00064201
5.12176  0.000636592
5.13209  0.00062586
5.14186  0.000649534
5.15227  0.000615196
5.162  0.000635452
5.1724  0.000637192
5.18224  0.000625561
5.19263  0.000626293
5.20245  0.000637789
5.2129  0.000615722
5.22261  0.000624252
5.23296  0.000624422
5.24268  0.000608983
5.25307  0.000625134
5.26287  0.000626654
5.27333  0.000614445
5.2831  0.000614561
5.29392  0.00067989
5.30414  0.000594968
5.31453  0.000631398
5.32438  0.000601557
5.33477  0.000621674
5.34462  0.000596382
5.35492  0.000626297
5.36477  0.000577056
5.37501  0.000624588
5.38493  0.00059496
5.39526  0.000612967
5.40558  0.000636716
5.41627  0.000622534
5.4263  0.00057473
5.4364  0.000611776
5.44636  0.000579581
5.45657  0.000608203
5.46655  0.000575167
5.47669  0.00061065
5.48678  0.000575038
5.49686  0.000596101
5.50693  0.000583523
5.51713  0.000594629
5.52719  0.000579054
5.53732  0.000590722
5.54738  0.000569638
5.55737  0.000580305
5.56743  0.000578294
5.57754  0.000576649
5.58757  0.000574022
5.59763  0.000568827
5.60766  0.000577454
5.61777  0.000569135
5.62787  0.000578286
5.63801  0.000557339
5.64795  0.000575749
5.65863  0.000613239
5.6691  0.000568078
5.67923  0.000560054
5.68925  0.000570461
5.69954  0.000558099
5.70945  0.000559096
5.71969  0.000553975
5.72965  0.000565818
5.73987  0.000545186
5.74977  0.000558836
5.76005  0.000541889
5.76986  0.000558555
5.78014  0.000537292
5.79  0.000554192
5.80025  0.000536096
5.8101  0.000554737
5.82056  0.000540444
5.83035  0.000547124
5.84074  0.000534503
5.85056  0.000544169
5.861  0.000543497
5.87124  0.000572412
5.8821  0.00054558
5.89188  0.000522712
5.90224  0.000541089
5.91208  0.000514741
5.92243  0.000551049
5.93232  0.000507894
5.94264  0.000535041
5.95239  0.000513648
5.96325  0.000584739
5.97359  0.000498898
5.9838  0.000542453
5.99379  0.000500092
6.00404  0.00052589
6.01435  0.000551097
6.02513  0.00053368
6.03515  0.000484117
6.04521  0.000537094
6.05532  0.000487587
6.06548  0.000520914
6.07539  0.000492947
6.08564  0.000525329
6.09567  0.000471797
6.10562  0.000520767
6.11574  0.000485065
6.12591  0.000510398
6.13587  0.0004857
6.14611  0.000518223
6.15626  0.000465867
6.16619  0.000514816
6.17635  0.00047461
6.1864  0.00049292
6.1964  0.000480162
6.2066  0.000508068
6.21675  0.000459584
6.22716  0.000545565
6.23787  0.000472816
6.24783  0.000476288
6.25787  0.000475133
6.26796  0.000489431
6.27825  0.000461651
6.28818  0.000486794
6.29843  0.000470317
6.30849  0.000464179
6.31858  0.000472862
6.32911  0.000517884
6.33975  0.00044919
6.34971  0.00047583
6.3599  0.000459609
6.36999  0.000460344
6.38006  0.000459339
6.39012  0.000462802
6.40026  0.000439986
6.41026  0.00046801
6.42032  0.000451357
6.43053  0.000445774
6.44056  0.000454406
6.4507  0.00045253
6.46077  0.000437168
6.47093  0.000462431
6.48092  0.000428775
6.49102  0.000441892
6.50108  0.000447471
6.51131  0.000442048
6.52127  0.000423195
6.53187  0.000493459
6.54227  0.0004154
6.55241  0.000441301
6.56248  0.000426681
6.57261  0.000442801
6.58275  0.000411132
6.59283  0.000449679
6.60291  0.000403233
6.61344  0.000475639
6.62401  0.000415658
6.63407  0.00043299
6.64431  0.000398669
6.6542  0.000441249
6.66445  0.000398813
6.67489  0.000462925
6.68555  0.000405363
6.69549  0.000421328
6.7059  0.000400185
6.7157  0.00042686
6.72605  0.000387849
6.73593  0.000416409
6.74616  0.000397804
6.75603  0.000409142
6.76646  0.000390622
6.77609  0.000409555
6.78652  0.000389961
6.79638  0.000398416
6.80661  0.000396267
6.81651  0.000397491
6.82701  0.000387186
6.83671  0.000399822
6.84714  0.00038151
6.85744  0.000421008
6.86808  0.000388417
6.87796  0.00038364
6.88843  0.000382231
6.89806  0.000377486
6.90846  0.000384831
6.91887  0.000404539
6.92949  0.000389558
6.93944  0.000365426
6.94976  0.000371852
6.95944  0.00037059
6.96977  0.000373289
6.97983  0.000366652
6.99045  0.000409635
7.00088  0.000357419
7.01124  0.00037351
7.02112  0.000357297
7.03136  0.000368398
7.04149  0.000353591
7.05161  0.000370047
7.06208  0.000378434
7.07327  0.000397153
7.08378  0.000351838
7.09381  0.000350139
7.10397  0.000346576
7.11398  0.000357955
7.1241  0.000341477
7.13476  0.000381115
7.14519  0.000345128
7.15529  0.000342363
7.16556  0.000345519
7.17559  0.000340204
7.18553  0.000332814
7.19577  0.000336683
7.20564  0.000340631
7.21631  0.000361548
7.227  0.000336347
7.23708  0.000335873
7.24706  0.000324475
7.25796  0.000370991
7.26837  0.000321083
7.27893  0.000357665
7.28957  0.000319172
7.29963  0.000334371
7.30971  0.000308742
7.31991  0.000328489
7.32985  0.000316269
7.34048  0.000346292
7.3511  0.000309635
7.36098  0.000321559
7.37111  0.000301811
7.3813  0.000321357
7.39128  0.000303205
7.4013  0.000313248
7.41149  0.00029693
7.42142  0.000316161
7.43152  0.000289882
7.44168  0.000316429
7.45177  0.000298242
7.46179  0.000301258
7.47208  0.00029346
7.48196  0.000307828
7.49209  0.000281845
7.50218  0.000307689
7.51239  0.000290001
7.52238  0.00029728
7.53273  0.000285198
7.54251  0.000294148
7.55273  0.000280496
7.56278  0.000294794
7.57347  0.000311206
7.58384  0.000283815
7.5943  0.000284135
7.6041  0.000283581
7.61435  0.000276902
7.62436  0.000280695
7.63497  0.000300057
7.64528  0.000275432
7.65568  0.000276914
7.66547  0.000273613
7.67574  0.000269354
7.68569  0.000271337
7.69589  0.000273873
7.70571  0.000261324
7.71612  0.000271191
7.72595  0.000266551
7.73628  0.000266808
7.74628  0.000260376
7.75643  0.000264703
7.76669  0.000276596
7.77765  0.000275635
7.78816  0.000279196
7.79888  0.000259134
7.80895  0.000253019
7.819  0.000260217
7.82905  0.000243643
7.8393  0.000261445
7.84974  0.000272489
7.86037  0.000250086
7.87054  0.000248385
7.8806  0.000250299
7.89068  0.000237232
7.90116  0.000273257
7.9117  0.000241528
7.92178  0.000240025
7.932  0.000243999
7.94198  0.000242076
7.95214  0.000232221
7.96228  0.000244748
7.97235  0.000234784
7.9825  0.000233755
7.99268  0.00023694
8.00316  0.000256079
8.01378  0.000224298
8.02391  0.000236633
8.03405  0.000229821
8.04456  0.000239933
8.05511  0.000233871
8.06524  0.000226061
8.07529  0.000214661
8.08549  0.000234079
8.09555  0.000218527
8.10567  0.000215615
8.11581  0.000226614
8.12594  0.000216748
8.13591  0.000207201
8.14604  0.000226649
8.1561  0.000210385
8.16621  0.00020942
8.17625  0.000215217
8.18646  0.000216538
8.19685  0.000215949
8.20743  0.000220228
8.21757  0.000203547
8.22767  0.000202793
8.23774  0.000209073
8.24787  0.000210744
8.25794  0.000189858
8.26802  0.000212547
8.27819  0.000197968
8.28822  0.000195934
8.29832  0.000199623
8.30838  0.000204133
8.31856  0.00018701
8.3286  0.000202775
8.33875  0.000193302
8.34875  0.000189946
8.35891  0.000189282
8.36884  0.000199401
8.37917  0.000183054
8.38923  0.000195125
8.39944  0.000188404
8.40993  0.000201251
8.42062  0.000183717
8.43048  0.00019158
8.44075  0.000172731
8.45066  0.000189173
8.46088  0.000182828
8.47082  0.000176156
8.48117  0.000181056
8.49148  0.000199146
8.50229  0.000170587
8.51231  0.00018144
8.52251  0.000177041
8.53238  0.000167276
8.54279  0.000180948
8.5527  0.000170713
8.56285  0.000165929
8.57335  0.000188944
8.584  0.000175048
8.59406  0.000158978
8.60438  0.000175776
8.61425  0.000161217
8.62441  0.000164497
8.63464  0.000169316
8.64475  0.000165535
8.6547  0.000152413
8.66492  0.000168531
8.675  0.000158994
8.68505  0.000158296
8.69586  0.000177893
8.70635  0.000156904
8.71642  0.000150313
8.72654  0.000163969
8.73665  0.00015028
8.74658  0.000150174
8.75691  0.00015756
8.76733  0.000165198
8.77798  0.00014768
8.78808  0.000158117
8.79839  0.000146085
8.80822  0.000143009
8.81882  0.000163609
8.82935  0.000146172
8.83953  0.000145128
8.84962  0.000146844
8.85978  0.000143959
8.86994  0.000139637
8.87999  0.000144917
8.89  0.000140481
8.90027  0.000139837
8.91032  0.000137309
8.92043  0.000142343
8.93055  0.000133638
8.9406  0.000140155
8.95069  0.000132324
8.96076  0.000135773
8.97091  0.000131402
8.98087  0.000137751
8.99112  0.000127466
9.00166  0.000148747
9.01224  0.000127824
9.02226  0.000128296
9.03247  0.000131924
9.04241  0.000126997
9.05263  0.000124588
9.06255  0.000127521
9.07274  0.000126537
9.08273  0.000122083
9.09306  0.000127485
9.1029  0.000122566
9.11319  0.000122285
9.12327  0.000122471
9.13328  0.000120841
9.14332  0.000116858
9.15371  0.000125131
9.16358  0.000116024
9.17388  0.000120058
9.18399  0.000116346
9.19398  0.000117512
9.20405  0.000109771
9.21431  0.000120454
9.22424  0.000111562
9.23447  0.000116077
9.24473  0.000110906
9.25468  0.000114034
9.26485  0.000107876
9.27522  0.000116832
9.28513  0.000105139
9.29525  0.000110234
9.30616  0.000120405
9.31658  0.000109791
9.32674  0.000100147
9.33682  0.00011128
9.34694  0.000103062
9.35687  0.000101586
9.36722  0.000107465
9.37712  0.000102577
9.38738  9.91402e-05
9.3978  0.000114967
9.40859  0.000102127
9.41858  9.55633e-05
9.42879  0.000103666
9.43875  9.87935e-05
9.44892  9.40466e-05
9.45889  0.000100882
9.46921  9.80267e-05
9.47905  9.01187e-05
9.48928  9.99062e-05
9.49986  0.000104515
9.51065  9.31881e-05
9.52069  9.68371e-05
9.53084  9.20511e-05
9.54099  8.89301e-05
9.5511  9.55189e-05
9.56173  9.98105e-05
9.57237  9.02639e-05
9.58248  8.84082e-05
9.59254  9.12842e-05
9.60267  8.49648e-05
9.61278  9.15981e-05
9.62284  8.38316e-05
9.63283  8.59488e-05
9.64309  8.80977e-05
9.65311  8.61228e-05
9.66332  8.23337e-05
9.67345  8.62857e-05
9.68343  8.08857e-05
9.69344  8.32739e-05
9.70375  8.34898e-05
9.71374  8.16699e-05
9.72371  7.99347e-05
9.73407  8.13253e-05
9.74414  8.00655e-05
9.75417  7.8891e-05
9.76461  8.11619e-05
9.7743  7.6791e-05
9.78442  7.67803e-05
9.79478  7.85253e-05
9.80536  8.54775e-05
9.81586  7.35832e-05
9.82615  7.73889e-05
9.83621  7.40266e-05
9.8463  7.33317e-05
9.85667  7.75204e-05
9.86731  8.06275e-05
9.8778  6.88609e-05
9.88793  7.30068e-05
9.89797  7.33883e-05
9.90796  6.93767e-05
9.91827  7.12271e-05
9.92868  7.61329e-05
9.93939  6.79819e-05
9.94942  7.04034e-05
9.95957  7.0089e-05
9.96956  6.51766e-05
9.97975  6.88996e-05
9.98979  6.68753e-05
10.0001  6.48476e-05
10.0101  6.82578e-05
10.0207  7.11141e-05
10.0311  6.24612e-05
10.0415  6.6952e-05
10.0515  6.28709e-05
10.0622  7.00677e-05
10.0728  6.33915e-05
10.0831  6.54701e-05
10.0934  5.87379e-05
10.1038  6.93798e-05
10.1145  6.07267e-05
10.1245  5.76635e-05
10.1345  6.0774e-05
10.1446  6.1881e-05
10.1549  5.67974e-05
10.165  6.08014e-05
10.1752  5.8557e-05
10.1854  5.6444e-05
10.1954  5.76173e-05
10.2055  5.76175e-05
10.2157  5.46892e-05
10.2255  5.58072e-05
10.2357  5.69248e-05
10.2462  5.46455e-05
10.2561  5.54419e-05
10.2662  5.50165e-05
10.2764  5.19401e-05
10.2864  5.46219e-05
10.2966  5.20575e-05
10.3067  5.24279e-05
10.3168  5.29919e-05
10.3269  5.28478e-05
10.3372  4.85915e-05
10.3472  5.26341e-05
10.3574  5.13423e-05
10.3676  4.93047e-05
10.3777  5.07389e-05
10.3878  4.87883e-05
10.398  4.71978e-05
10.408  5.05966e-05
10.4186  5.15684e-05
10.4293  4.66635e-05
10.4393  4.92559e-05
10.4495  4.64982e-05
10.4597  4.68006e-05
10.4699  4.67469e-05
10.4799  4.59134e-05
10.4901  4.32982e-05
10.5004  5.0491e-05
10.511  4.48776e-05
10.5214  4.33831e-05
10.532  5.08224e-05
10.5434  4.70551e-05
10.554  4.27895e-05
10.5639  4.42866e-05
10.5742  4.21278e-05
10.5844  4.06528e-05
10.5943  4.34171e-05
10.6046  4.09735e-05
10.6148  4.07177e-05
10.6247  4.11757e-05
10.6348  4.18061e-05
10.6453  3.85044e-05
10.6551  4.1841e-05
10.6654  3.73042e-05
10.6756  3.91705e-05
10.6856  3.99057e-05
10.6958  3.86389e-05
10.7061  3.71686e-05
10.7159  3.91153e-05
10.7263  3.71844e-05
10.7365  3.69331e-05
10.7465  3.64255e-05
10.7565  3.76482e-05
10.767  3.53301e-05
10.7769  3.70359e-05
10.7872  3.47984e-05
10.7971  3.48236e-05
10.8075  3.62037e-05
10.8173  3.42441e-05
10.8277  3.3505e-05
10.8376  3.56016e-05
10.8481  3.43626e-05
10.8581  3.21342e-05
10.8684  3.43809e-05
10.8783  3.31444e-05
10.8887  3.26401e-05
10.8987  3.17695e-05
10.9089  3.24932e-05
10.9189  3.01208e-05
10.9291  3.36784e-05
10.9392  3.13094e-05
10.9498  3.28092e-05
10.9606  3.21226e-05
10.9706  3.05554e-05
10.9808  2.86604e-05
10.9911  3.20523e-05
11.0012  2.87545e-05
11.0113  2.86578e-05
11.0216  3.01267e-05
11.0321  3.14036e-05
11.0427  2.8506e-05
11.0527  2.93955e-05
11.0632  2.73753e-05
11.0731  2.59595e-05
11.0833  3.04733e-05
11.0933  2.65779e-05
11.1036  2.59249e-05
11.1136  2.77992e-05
11.1239  2.725e-05
11.134  2.55905e-05
11.1442  2.70408e-05
11.1541  2.55686e-05
11.1644  2.48244e-05
11.1743  2.68359e-05
11.1849  2.50549e-05
11.1949  2.475e-05
11.2052  2.59306e-05
11.2153  2.38553e-05
11.2255  2.36795e-05
11.2354  2.54157e-05
11.2458  2.41646e-05
11.2559  2.2859e-05
11.266  2.40295e-05
11.2763  2.28349e-05
11.2866  2.34772e-05
11.2964  2.33394e-05
11.3066  2.19786e-05
11.3167  2.16125e-05
11.3267  2.37744e-05
11.3372  2.15084e-05
11.3475  2.25119e-05
11.3575  2.14598e-05
11.3679  2.15457e-05
11.3782  2.1879e-05
11.3881  2.03602e-05
11.3986  2.29594e-05
11.4098  2.11477e-05
11.4198  2.11096e-05
11.4299  1.9637e-05
11.4401  2.06509e-05
11.4503  1.96721e-05
11.4604  1.84999e-05
11.4707  2.05106e-05
11.4809  2.02521e-05
11.4911  1.79489e-05
11.5012  1.97498e-05
11.5114  1.89489e-05
11.5218  1.83118e-05
11.5321  1.82688e-05
11.542  1.91361e-05
11.5523  1.71538e-05
11.5624  1.82565e-05
11.5726  1.77567e-05
11.583  1.78166e-05
11.5931  1.77353e-05
11.603  1.67613e-05
11.6136  1.6895e-05
11.6235  1.74833e-05
11.6338  1.71224e-05
11.6439  1.582e-05
11.6543  1.74245e-05
11.6645  1.59816e-05
11.6747  1.63183e-05
11.6848  1.52864e-05
11.6949  1.6723e-05
11.7053  1.5635e-05
11.7154  1.50486e-05
11.7253  1.54967e-05
11.7358  1.49874e-05
11.7461  1.55859e-05
11.756  1.5183e-05
11.7663  1.42498e-05
11.7766  1.4482e-05
11.7866  1.47568e-05
11.7969  1.52149e-05
11.8071  1.32152e-05
11.8171  1.47502e-05
11.8277  1.39254e-05
11.8378  1.38501e-05
11.848  1.38417e-05
11.8585  1.28582e-05
11.8686  1.31891e-05
11.8787  1.47114e-05
11.889  1.2213e-05
11.899  1.29962e-05
11.909  1.25932e-05
11.9193  1.3223e-05
11.9298  1.20266e-05
11.9396  1.3008e-05
11.9499  1.20631e-05
11.96  1.19726e-05
11.9701  1.29492e-05
11.9805  1.16353e-05
11.9908  1.15367e-05
12.001  1.2349e-05
12.0113  1.1541e-05
12.0214  1.1091e-05
12.0317  1.19396e-05
12.042  1.08974e-05
12.0519  1.08144e-05
12.0621  1.15999e-05
12.0723  1.1097e-05
12.0826  1.07311e-05
12.0924  1.07783e-05
12.1033  1.04038e-05
12.1129  1.00657e-05
12.1234  1.11234e-05
12.1334  1.00332e-05
12.1438  9.73322e-06
12.1538  1.06703e-05
12.1643  1.03357e-05
12.1747  9.71402e-06
12.1849  9.91147e-06
12.1951  9.53558e-06
12.2056  9.60506e-06
12.2155  9.69831e-06
12.2264  1.00068e-05
12.2366  8.61488e-06
12.2468  9.6866e-06
12.2571  9.00527e-06
12.2672  9.15775e-06
12.2775  8.99437e-06
12.2878  8.901e-06
12.2979  8.13788e-06
12.3078  8.83618e-06
12.3183  8.40624e-06
12.3287  8.88609e-06
12.3387  8.4086e-06
12.349  8.3749e-06
12.3595  7.9135e-06
12.3691  8.24285e-06
12.3799  8.31058e-06
12.3902  7.54642e-06
12.4001  7.9073e-06
12.4103  8.11355e-06
12.4209  7.81282e-06
12.4307  6.97223e-06
12.4412  7.87973e-06
12.4513  6.96591e-06
12.4613  7.70317e-06
12.472  7.80556e-06
12.483  7.42776e-06
12.4929  6.51165e-06
12.5031  7.51723e-06
12.5134  6.66561e-06
12.5235  7.11325e-06
12.5338  6.59792e-06
12.5443  7.11614e-06
12.555  6.59442e-06
12.5648  6.44625e-06
12.5748  7.01562e-06
12.5851  6.41162e-06
12.5956  5.97194e-06
12.6065  6.91468e-06
12.6167  6.33711e-06
12.6268  6.44235e-06
12.6375  5.84168e-06
12.6477  6.33185e-06
12.6583  5.91175e-06
12.6684  5.98318e-06
12.6786  5.53345e-06
12.6889  6.17356e-06
12.6994  5.93851e-06
12.7097  5.1966e-06
12.7204  5.98026e-06
12.7305  5.45552e-06
12.7408  5.52439e-06
12.7506  5.23705e-06
12.7609  5.88399e-06
12.7714  4.93488e-06
12.7815  5.18e-06
12.7922  5.36356e-06
12.8021  4.8796e-06
12.8125  4.98321e-06
12.8225  5.0465e-06
12.8334  5.021e-06
12.8437  5.14129e-06
12.8549  5.21257e-06
12.8651  4.80514e-06
12.8754  4.73017e-06
12.8861  4.80007e-06
12.8967  4.73161e-06
12.907  4.61034e-06
12.9177  4.76825e-06
12.9277  3.92814e-06
12.9378  4.4344e-06
12.9481  4.59643e-06
12.9588  4.73948e-06
12.9692  3.85847e-06
12.9791  4.39906e-06
12.9894  4.01012e-06
12.9994  3.64694e-06
13.0095  4.44339e-06
13.0205  4.22271e-06
13.0308  3.72625e-06
13.0412  4.44625e-06
13.0522  3.78748e-06
13.0629  4.1334e-06
13.0739  4.23001e-06
13.0843  3.46188e-06
13.0948  3.58625e-06
13.1047  3.48755e-06
13.1152  3.92739e-06
13.1256  3.6742e-06
13.1359  3.644e-06
13.1467  3.42368e-06
13.1569  3.62461e-06
13.1671  3.1491e-06
13.1774  3.18981e-06
13.1878  3.25993e-06
13.198  3.88475e-06
13.209  2.7989e-06
13.2191  3.63476e-06
13.2301  3.1633e-06
13.2403  3.33531e-06
13.2515  3.35582e-06
13.2618  2.86486e-06
13.2719  3.02957e-06
13.2822  2.92665e-06
13.293  2.79954e-06
13.3029  3.02931e-06
13.3141  3.00329e-06
13.3241  2.95749e-06
13.3346  2.68385e-06
13.3451  2.97364e-06
13.3557  2.90237e-06
13.3662  2.71886e-06
13.3772  2.71766e-06
13.3884  2.60987e-06
13.3989  2.82876e-06
13.4091  2.67e-06
13.4194  2.40328e-06
13.4301  2.66017e-06
13.4401  2.68286e-06
13.4508  2.49825e-06
13.4611  2.08221e-06
13.4719  2.55868e-06
13.4828  2.53385e-06
13.4936  2.47613e-06
13.5042  2.33707e-06
13.5143  2.13534e-06
13.5257  2.63149e-06
13.5359  1.87628e-06
13.5459  2.44165e-06
13.5563  2.03165e-06
13.5668  2.21702e-06
13.5774  1.91397e-06
13.5885  2.38138e-06
13.5992  2.21985e-06
13.6095  2.16793e-06
13.6204  2.0976e-06
13.6319  1.96054e-06
13.6425  1.82933e-06
13.6519  1.99953e-06
13.6627  2.07536e-06
13.6741  1.84797e-06
13.6838  1.92037e-06
13.6949  1.87423e-06
13.7054  1.53878e-06
13.7153  1.92954e-06
13.7265  1.81664e-06
13.7367  1.97987e-06
13.7469  1.5326e-06
13.7575  1.65841e-06
13.7678  1.7689e-06
13.7786  1.65326e-06
13.789  1.74139e-06
13.8004  1.63207e-06
13.8105  1.61252e-06
13.8208  1.59743e-06
13.8321  1.86724e-06
13.8432  1.46597e-06
13.8535  1.28068e-06
13.8637  1.61516e-06
13.8741  1.32148e-06
13.8839  1.45748e-06
13.8939  1.52105e-06
13.905  1.52243e-06
13.9155  1.24468e-06
13.926  1.41961e-06
13.9367  1.31848e-06
13.9464  1.57669e-06
13.9578  1.29441e-06
13.9687  1.13515e-06
13.9799  1.49629e-06
13.9903  1.3516e-06
14.0012  1.32481e-06
14.0121  1.35245e-06
14.0224  1.08921e-06
14.0333  1.28047e-06
14.0441  1.1567e-06
14.0543  1.24906e-06
14.0651  1.34624e-06
14.0764  1.12889e-06
14.0873  1.10708e-06
14.0979  1.2751e-06
14.1096  1.17889e-06
14.1206  1.0772e-06
14.1305  9.13432e-07
14.1406  1.16174e-06
14.1518  1.10927e-06
14.1621  9.9855e-07
14.1733  1.0592e-06
14.1845  1.05494e-06
14.1951  9.58844e-07
14.2057  8.88734e-07
14.2167  1.17582e-06
14.2273  1.01823e-06
14.2381  9.97012e-07
14.2493  7.43039e-07
14.2602  1.05839e-06
14.2719  8.64867e-07
14.281  8.35981e-07
14.2915  8.77418e-07
14.3021  8.90363e-07
14.3133  8.80298e-07
14.3236  9.08682e-07
14.3353  8.58897e-07
14.3451  7.26541e-07
14.3553  8.07622e-07
14.3662  6.4554e-07
14.3757  8.16313e-07
14.387  8.06143e-07
14.3966  6.9809e-07
14.4075  8.58023e-07
14.4177  6.36772e-07
14.4288  8.28025e-07
14.4398  7.89125e-07
14.4515  7.92748e-07
14.4622  6.40369e-07
14.472  6.5941e-07
14.4819  5.82406e-07
14.4931  7.07429e-07
14.5045  7.00907e-07
14.5153  7.33117e-07
14.5256  7.33228e-07
14.5364  5.37913e-07
14.5462  5.41915e-07
14.557  6.85465e-07
14.5686  6.57205e-07
14.5797  5.09175e-07
14.5895  5.80108e-07
14.5992  6.74647e-07
14.6112  6.11512e-07
14.6203  4.5043e-07
14.6319  6.61563e-07
14.642  4.3028e-07
14.6517  4.57795e-07
14.6617  4.7209e-07
14.6741  7.26245e-07
14.6844  4.69748e-07
14.6933  5.30409e-07
14.705  5.08537e-07
14.7166  4.32475e-07
14.7272  5.94977e-07
14.7384  4.69319e-07
14.7491  5.23931e-07
14.7595  3.26695e-07
14.7683  5.20392e-07
14.7791  4.42588e-07
14.7885  3.64108e-07
14.8001  4.74554e-07
14.8102  4.79128e-07
14.8217  3.75554e-07
14.8328  4.51646e-07
14.8439  4.2899e-07
14.8544  4.12819e-07
14.864  4.07171e-07
14.8743  4.20325e-07
14.8843  3.66827e-07
14.8949  2.9742e-07
14.9058  4.3727e-07
14.9177  3.75836e-07
14.9271  4.21743e-07
14.9366  3.45875e-07
14.949  3.72498e-07
14.9583  2.4991e-07
14.9688  4.05632e-07
14.9804  3.22951e-07
14.9908  3.48726e-07
15.0013  3.07262e-07
15.0125  4.2557e-07
15.024  3.33794e-07
15.0343  2.48828e-07
15.0444  2.99996e-07
15.0562  4.21612e-07
15.0678  2.5608e-07
15.0788  2.9191e-07
15.0874  2.87036e-07
15.0986  3.34175e-07
15.1092  2.67271e-07
15.1208  2.60635e-07
15.132  3.44799e-07
15.1421  3.12914e-07
15.1523  2.09005e-07
15.1635  2.60377e-07
15.1732  2.09119e-07
15.1829  2.75999e-07
15.1944  2.60318e-07
15.2043  2.34888e-07
15.2149  2.80311e-07
15.2262  1.96368e-07
15.2364  2.42828e-07
15.2473  2.6188e-07
15.258  2.65259e-07
15.2687  2.38616e-07
15.2812  2.29791e-07
15.291  1.54742e-07
15.3021  2.34067e-07
15.3126  2.69174e-07
15.3236  2.16978e-07
15.3327  1.58733e-07
15.3451  2.47991e-07
15.3578  1.47452e-07
15.3686  2.3382e-07
15.3797  1.93467e-07
15.3903  2.26434e-07
15.4015  1.706e-07
15.4131  2.58805e-07
15.4238  1.97574e-07
15.434  1.59824e-07
15.4448  8.82273e-08
15.4563  1.50127e-07
15.4659  2.09153e-07
15.4765  1.476e-07
15.4869  1.69626e-07
15.4975  2.10075e-07
15.51  1.33288e-07
15.5184  1.76078e-07
15.5303  1.45503e-07
15.5407  1.62037e-07
15.5504  1.91769e-07
15.5601  1.13622e-07
15.5718  1.1938e-07
15.5834  8.61103e-08
15.5928  2.26621e-07
15.6048  1.69589e-07
15.6154  1.04217e-07
15.6281  1.37024e-07
15.6371  1.15582e-07
15.6481  1.41327e-07
15.6608  1.42566e-07
15.6734  1.1217e-07
15.6835  1.29818e-07
15.695  1.25233e-07
15.7053  1.64969e-07
15.7161  1.15672e-07
15.7263  1.03848e-07
15.7374  1.03472e-07
15.7484  1.21795e-07
15.7605  1.02181e-07
15.7715  9.74153e-08
15.7806  9.17481e-08
15.7912  1.64298e-07
15.8014  7.76274e-08
15.8118  1.05131e-07
15.8221  9.04894e-08
15.835  9.67102e-08
15.8469  8.50498e-08
15.8549  9.09424e-08
15.8687  1.27197e-07
15.8795  9.13634e-08
15.8889  9.43834e-08
15.9041  9.1698e-08
15.9149  9.00587e-08
15.9271  1.33041e-07
15.939  4.11618e-08
15.9495  1.00808e-07
15.9611  1.02248e-07
15.9716  7.66851e-08
15.9809  5.29554e-08
15.9919  6.15286e-08
16.0033  1.06639e-07
16.0136  4.89732e-08
16.0244  5.17005e-08
16.0368  9.15858e-08
16.0466  5.84551e-08
16.0582  9.0918e-08
16.0681  6.86215e-08
16.081  7.41724e-08
16.0924  7.30667e-08
16.1038  7.59706e-08
16.1133  5.84627e-08
16.1259  5.96745e-08
16.1332  5.37309e-08
16.1469  5.75676e-08
16.158  3.55773e-08
16.1688  6.68162e-08
16.1781  6.96781e-08
16.1893  7.08735e-08
16.2008  7.28897e-08
16.2105  5.52359e-08
16.2235  4.79825e-08
16.2342  3.16715e-08
16.2438  6.45503e-08
16.2565  6.15345e-08
16.2694  2.46672e-08
16.2815  8.98335e-08
16.2905  2.27315e-08
16.303  4.30481e-08
16.3135  3.7974e-08
16.3272  6.92053e-08
16.3396  5.53615e-08
16.3527  4.59879e-08
16.3625  3.88457e-08
16.3733  4.54217e-08
16.3859  3.92436e-08
16.3938  2.37373e-08
16.4041  5.95032e-08
16.4171  6.00946e-08
16.4295  2.25217e-08
16.4392  1.83166e-08
16.45  2.1366e-08
16.4595  6.2593e-08
16.4703  3.35654e-08
16.4833  3.527e-08
16.4962  3.02982e-08
16.506  6.73797e-08
16.5218  2.19277e-08
16.5325  2.15041e-08
16.5444  2.37851e-08
16.5577  2.82453e-08
16.5671  3.00474e-08
16.5783  4.49843e-08
16.5864  4.79305e-08
16.6002  3.82255e-08
16.6079  1.2732e-08
16.6188  2.71945e-08
16.6348  2.01564e-08
16.6431  1.597e-08
16.6524  1.82405e-08
16.6619  3.60599e-08
16.6775  3.5142e-08
16.6871  2.31115e-08
16.6965  2.28253e-08
16.7082  1.41161e-08
16.7206  2.34639e-08
16.7342  2.92782e-08
16.7453  3.3639e-08
16.7562  2.11865e-08
16.7716  2.27734e-08
16.7851  4.41432e-08
16.7969  2.63918e-08
16.8107  1.21988e-08
16.8213  1.8338e-08
16.8331  1.77938e-08
16.8479  1.87336e-08
16.8614  3.64558e-08
16.8744  1.84685e-08
16.8812  2.22701e-08
16.9004  1.53248e-08
16.9119  1.47728e-08
16.9232  1.595e-08
16.9343  1.38518e-08
16.9453  9.5723e-09
16.9581  2.82241e-08
16.9703  1.86134e-08
16.9791  1.58081e-08
16.9947  2.03692e-08
17.0029  1.07436e-08
17.018  8.05317e-09
17.0239  1.06809e-08
17.0363  2.08793e-08
17.0503  1.88187e-08
17.0621  1.47697e-08
17.071  1.29371e-08
17.082  1.2461e-08
17.0982  4.98365e-09
17.1101  9.869e-09
17.1253  2.41949e-08
17.1387  5.08581e-09
17.1488  1.65422e-08
17.157  1.30845e-08
17.1708  2.58946e-09
17.1822  1.82611e-08
17.1949  8.44896e-09
17.201  9.39483e-09
17.2181  1.01999e-08
17.2374  2.24475e-08
17.2541  1.02788e-08
17.2639  7.55559e-09
17.2754  1.07626e-08
17.284  1.47318e-08
17.2972  7.29713e-09
17.3095  6.24336e-09
17.3277  1.22368e-08
17.3378  3.76424e-09
17.35  3.17777e-09
17.3608  9.96555e-09
17.3733  1.53608e-08
17.4017  1.08564e-08
17.4138  7.43843e-09
17.4256  5.54716e-09
17.4403  1.2202e-08
17.451  8.20168e-09
17.4603  1.06871e-08
17.4777  6.28433e-09
17.4935  4.35089e-09
17.5033  8.31519e-09
17.5152  2.67442e-09
17.5305  8.07712e-09
17.5415  3.3512e-09
17.5533  1.06847e-08
17.5785  7.21033e-09
17.5943  6.07089e-09
17.6124  8.57341e-09
17.6192  3.65128e-09
17.6452  7.41285e-09
17.6574  1.02776e-08
17.6727  8.86609e-09
17.687  5.04713e-09
17.7036  2.28783e-09
17.7306  8.4425e-09
17.7427  9.66806e-10
17.7675  6.27303e-09
17.7778  8.80957e-09
17.7907  1.88303e-09
17.801  1.79506e-09
17.8201  1.12976e-09
17.8359  7.00497e-09
17.8546  7.52731e-09
17.868  1.54757e-09
17.8755  4.98881e-09
17.8903  1.42791e-09
17.9062  4.83417e-09
17.9178  2.50562e-09
17.933  4.31113e-09
17.9492  5.49803e-09
17.9673  5.11979e-10
17.9902  5.15059e-09
18.0161  2.4094e-09
18.0248  2.32121e-09
18.043  2.42002e-09
18.0554  5.6311e-09
18.0655  2.44102e-09
18.111  3.91388e-09
18.1219  3.20951e-09
18.1323  9.62522e-10
18.1456  1.81715e-09
18.1521  3.98241e-09
18.1707  9.94201e-10
18.21  4.59061e-10
18.2307  4.73903e-09
18.2385  1.84681e-09
18.2706  5.11529e-09
18.2873  4.9153e-10
18.3072  2.04496e-09
18.3261  5.18769e-09
18.3477  5.10961e-10
18.398  2.4654e-09
18.4086  4.45334e-10
18.4188  1.69811e-09
18.4534  2.81765e-09
18.4697  4.29256e-10
18.4866  1.73917e-09
18.5081  1.35079e-09
18.5253  1.65442e-09
18.5359  4.66799e-10
18.5508  2.03915e-09
18.6043  1.82583e-09
18.6334  4.49998e-10
18.6423  1.60443e-09
18.6698  1.03378e-09
18.6825  4.63977e-10
18.7036  1.22272e-09
18.7288  1.85125e-09
18.7634  4.29753e-10
18.7739  1.53692e-09
18.8497  8.43082e-10
18.8616  2.56818e-10
18.884  4.73923e-10
18.9266  1.43086e-09
18.9446  2.05108e-09
18.9794  9.74837e-10
19.0366  4.01601e-10
19.1047  1.29901e-09
19.1259  3.1946e-10
19.1432  3.91267e-10
19.2214  6.57114e-10
19.26  3.69013e-10
19.3214  1.15668e-09
19.3552  2.28013e-10
19.3917  3.63479e-10
19.5018  2.24164e-10
19.5445  3.38396e-10
19.5972  9.22188e-10
19.7225  3.07214e-10
19.9392  2.73552e-10
19.9731  3.23547e-10
20.215  2.18096e-10
20.5909  1.53037e-10
