-20.5243  1.33507e-10
-20.1504  1.92714e-10
-19.912  2.82113e-10
-19.875  2.42962e-10
-19.6585  2.74005e-10
-19.5381  8.14444e-10
-19.4814  2.99975e-10
-19.4351  1.95557e-10
-19.3295  3.25077e-10
-19.2997  1.9871e-10
-19.2627  1.0268e-09
-19.1979  3.31139e-10
-19.1643  5.87814e-10
-19.0812  3.51303e-10
-19.0613  2.82281e-10
-19.0463  1.158e-09
-18.9748  3.62304e-10
-18.9258  8.60498e-10
-18.8889  1.48216e-09
-18.8712  1.6316e-09
-18.8229  4.1323e-10
-18.7884  9.81165e-10
-18.7172  1.37384e-09
-18.7011  3.88706e-10
-18.6724  1.67154e-09
-18.6505  1.08487e-09
-18.6156  1.35552e-09
-18.5854  1.43795e-09
-18.5694  4.01354e-10
-18.5502  1.63771e-09
-18.4953  1.82996e-09
-18.47  1.90846e-09
-18.449  1.19297e-09
-18.434  1.22348e-09
-18.4212  3.23402e-10
-18.4079  3.84416e-10
-18.3962  2.54677e-09
-18.3625  1.53116e-09
-18.344  2.38794e-09
-18.3311  2.39998e-10
-18.2778  3.55814e-09
-18.2664  1.57679e-09
-18.2569  1.33944e-09
-18.2404  4.76163e-10
-18.2209  2.7537e-09
-18.2116  2.31114e-09
-18.1768  5.45912e-09
-18.1697  3.96205e-10
-18.1458  4.07726e-10
-18.1133  8.89908e-10
-18.0991  3.5946e-09
-18.0888  1.64274e-09
-18.0696  3.78114e-09
-18.0601  3.53211e-09
-18.0097  2.26126e-09
-18.0025  4.57617e-09
-17.9893  2.72477e-09
-17.9709  2.17348e-09
-17.9572  2.04263e-09
-17.9342  4.67851e-09
-17.9155  4.68794e-10
-17.9028  2.26044e-09
-17.8864  6.61723e-09
-17.8599  3.84242e-09
-17.8515  2.81961e-09
-17.8367  1.26043e-09
-17.822  4.12612e-09
-17.8103  1.86674e-09
-17.7991  6.24334e-09
-17.7838  6.87974e-09
-17.769  4.11308e-10
-17.7507  2.12115e-09
-17.7319  6.32401e-09
-17.7163  8.53707e-09
-17.6979  5.8772e-10
-17.6859  3.43081e-09
-17.6743  4.888e-09
-17.6547  1.87236e-09
-17.647  4.44943e-10
-17.6298  7.43169e-09
-17.6115  1.01303e-08
-17.6013  8.31892e-09
-17.5843  2.83595e-09
-17.5653  6.58441e-09
-17.558  4.08778e-09
-17.5391  5.34739e-09
-17.525  6.74402e-09
-17.5074  4.87938e-09
-17.4936  7.77764e-09
-17.4811  6.26417e-09
-17.4643  3.37002e-09
-17.4557  7.63737e-09
-17.4384  3.97598e-09
-17.4242  6.19455e-09
-17.4087  1.10147e-08
-17.3939  1.41847e-08
-17.3818  3.18735e-09
-17.3764  4.67035e-09
-17.3569  1.33589e-08
-17.3449  3.25619e-09
-17.3209  1.40862e-08
-17.3056  1.11481e-08
-17.2821  9.0561e-09
-17.2739  5.85784e-09
-17.2553  7.70655e-09
-17.2413  1.12156e-08
-17.231  1.05928e-08
-17.2204  9.83614e-09
-17.2078  1.10817e-08
-17.1908  1.59086e-08
-17.1812  6.38589e-09
-17.168  5.92308e-09
-17.1589  4.69326e-09
-17.1432  1.30304e-08
-17.1331  1.54302e-08
-17.1209  6.5526e-09
-17.1045  2.16232e-08
-17.0842  1.84014e-08
-17.0735  6.71256e-09
-17.0642  1.3703e-08
-17.0534  1.19673e-09
-17.0411  8.01951e-09
-17.0286  1.07566e-08
-17.0184  1.60355e-08
-17.0042  1.54633e-08
-16.994  1.44551e-08
-16.9808  1.55242e-08
-16.9713  7.10619e-09
-16.9619  1.34207e-08
-16.9475  1.80329e-08
-16.9327  1.4746e-08
-16.9243  7.58804e-09
-16.9152  2.79643e-08
-16.9046  9.66983e-09
-16.8914  1.29344e-08
-16.8806  1.9886e-08
-16.8665  1.21118e-08
-16.8518  1.81041e-08
-16.8377  1.74136e-08
-16.8244  2.02399e-08
-16.8112  4.05511e-08
-16.7972  1.06026e-08
-16.7877  1.1668e-08
-16.7769  1.34665e-08
-16.7644  1.41675e-08
-16.7497  2.41027e-08
-16.7407  2.72181e-08
-16.7305  3.15753e-08
-16.7149  8.5732e-09
-16.7056  2.46019e-08
-16.6922  4.19664e-08
-16.68  8.59578e-09
-16.6709  2.31764e-08
-16.6596  1.69185e-08
-16.644  2.92739e-08
-16.6304  2.59e-08
-16.6212  2.75743e-08
-16.6104  2.54536e-08
-16.6  1.99857e-08
-16.5883  2.65154e-08
-16.5734  1.11777e-08
-16.5661  1.72735e-08
-16.5551  3.31574e-08
-16.5412  3.6909e-08
-16.5318  4.57026e-08
-16.5213  3.50539e-08
-16.5113  3.07449e-08
-16.5016  6.57915e-09
-16.4878  2.05179e-08
-16.474  3.75982e-08
-16.4608  3.72836e-08
-16.4533  3.12803e-08
-16.4394  3.75168e-08
-16.4288  2.50101e-08
-16.4156  6.43616e-08
-16.4053  2.4481e-08
-16.3951  1.55202e-08
-16.3845  2.48823e-08
-16.3699  5.79445e-08
-16.3599  2.49043e-08
-16.3503  4.59829e-08
-16.3372  4.69722e-08
-16.3254  3.747e-08
-16.3132  4.83016e-08
-16.3035  3.23463e-08
-16.2912  4.73974e-08
-16.2811  3.86325e-08
-16.2709  5.02298e-08
-16.2611  4.00826e-08
-16.2474  2.34342e-08
-16.237  6.79886e-08
-16.2286  2.93247e-08
-16.2145  3.32244e-08
-16.2051  5.56499e-08
-16.1951  5.0979e-08
-16.1823  4.67946e-08
-16.1686  4.0429e-08
-16.1585  6.74634e-08
-16.1471  6.93379e-08
-16.1367  5.0785e-08
-16.1263  7.72883e-08
-16.1164  3.67095e-08
-16.1038  4.81102e-08
-16.0934  5.57801e-08
-16.0815  6.18344e-08
-16.0682  4.40438e-08
-16.0581  8.9687e-08
-16.0472  6.32662e-08
-16.0375  5.00494e-08
-16.0273  4.33688e-08
-16.0164  9.99357e-08
-16.0063  4.85617e-08
-15.9933  9.25615e-08
-15.9812  6.3857e-08
-15.9728  3.83339e-08
-15.9603  7.44496e-08
-15.9508  5.64133e-08
-15.9406  7.21936e-08
-15.9292  7.1352e-08
-15.9192  6.3351e-08
-15.9082  1.08221e-07
-15.8986  4.65436e-08
-15.8873  4.96299e-08
-15.8775  1.19882e-07
-15.8661  1.03708e-07
-15.8536  5.90697e-08
-15.8412  8.82818e-08
-15.8285  1.26885e-07
-15.8183  6.48603e-08
-15.8075  1.08783e-07
-15.7972  7.26952e-08
-15.7852  7.96058e-08
-15.7725  1.24058e-07
-15.7619  7.53582e-08
-15.7511  9.88e-08
-15.7413  1.23668e-07
-15.7292  1.16889e-07
-15.7186  1.03662e-07
-15.7058  9.22838e-08
-15.6949  1.30517e-07
-15.6818  8.97353e-08
-15.6703  1.01782e-07
-15.6599  1.75611e-07
-15.6497  1.31283e-07
-15.6372  7.77171e-08
-15.6287  1.13117e-07
-15.6175  1.29224e-07
-15.6049  1.03923e-07
-15.5949  1.47495e-07
-15.5835  1.0836e-07
-15.5716  1.04859e-07
-15.5605  1.59096e-07
-15.5501  1.93045e-07
-15.5388  9.83882e-08
-15.528  8.67027e-08
-15.5168  1.46616e-07
-15.5058  1.45656e-07
-15.4965  1.69463e-07
-15.4846  1.48654e-07
-15.4754  1.61814e-07
-15.4643  1.26137e-07
-15.4526  1.61326e-07
-15.4436  1.91237e-07
-15.4308  1.6077e-07
-15.4191  1.7472e-07
-15.4103  1.4356e-07
-15.399  1.09261e-07
-15.3878  1.19334e-07
-15.3776  2.08577e-07
-15.3672  2.23413e-07
-15.3565  1.15949e-07
-15.347  2.04757e-07
-15.3364  1.89288e-07
-15.3257  2.30644e-07
-15.3158  1.01979e-07
-15.304  1.87171e-07
-15.2947  1.5355e-07
-15.2831  1.92053e-07
-15.274  2.0256e-07
-15.263  2.87846e-07
-15.2522  1.40342e-07
-15.2418  1.81407e-07
-15.2302  2.13945e-07
-15.2204  2.45052e-07
-15.2096  1.56691e-07
-15.1994  2.97786e-07
-15.1891  2.09377e-07
-15.1772  2.20514e-07
-15.1671  2.08239e-07
-15.1561  2.76538e-07
-15.1453  2.57682e-07
-15.1355  2.06636e-07
-15.1239  2.7341e-07
-15.1124  2.06524e-07
-15.1028  2.63421e-07
-15.0911  3.31856e-07
-15.0804  2.22387e-07
-15.0714  2.74213e-07
-15.0598  2.25467e-07
-15.0501  3.07112e-07
-15.0393  3.2919e-07
-15.0275  2.16055e-07
-15.0174  2.81263e-07
-15.0075  3.25128e-07
-14.9983  2.39177e-07
-14.9871  3.28031e-07
-14.9752  3.00704e-07
-14.9664  2.77963e-07
-14.9545  3.4785e-07
-14.9438  3.92992e-07
-14.9331  2.5457e-07
-14.9221  3.75144e-07
-14.9105  2.82088e-07
-14.9008  3.48946e-07
-14.89  2.71874e-07
-14.8819  3.2546e-07
-14.8704  5.002e-07
-14.8596  3.30784e-07
-14.8478  3.34875e-07
-14.8362  3.82043e-07
-14.8261  3.90636e-07
-14.8161  3.96099e-07
-14.8055  3.78952e-07
-14.7949  4.61753e-07
-14.7843  3.40477e-07
-14.7742  3.32162e-07
-14.7639  4.69637e-07
-14.7536  3.66642e-07
-14.7422  3.80353e-07
-14.7319  4.9731e-07
-14.7214  4.49559e-07
-14.7097  4.80376e-07
-14.6989  4.04426e-07
-14.6893  4.44535e-07
-14.6793  5.23437e-07
-14.6677  3.9738e-07
-14.6574  4.53484e-07
-14.6469  5.83991e-07
-14.6356  4.84642e-07
-14.6263  4.44634e-07
-14.6149  6.30604e-07
-14.6042  4.12793e-07
-14.5931  5.35837e-07
-14.5823  4.89749e-07
-14.5724  5.60976e-07
-14.5614  4.73626e-07
-14.5508  6.7045e-07
-14.5411  5.7407e-07
-14.5295  6.0496e-07
-14.5185  4.516e-07
-14.5081  6.15522e-07
-14.4974  6.14627e-07
-14.4872  5.29345e-07
-14.4772  6.51235e-07
-14.4666  6.71168e-07
-14.4567  6.97884e-07
-14.4456  5.63476e-07
-14.4346  6.24968e-07
-14.4239  6.16226e-07
-14.4128  6.64911e-07
-14.4019  8.61886e-07
-14.3905  7.28732e-07
-14.3799  5.5224e-07
-14.3701  7.45066e-07
-14.3589  8.51223e-07
-14.3474  7.35661e-07
-14.3366  6.78954e-07
-14.3271  8.03321e-07
-14.3159  6.78644e-07
-14.3057  7.05171e-07
-14.2955  7.3724e-07
-14.285  9.13183e-07
-14.2745  6.79146e-07
-14.2653  7.29786e-07
-14.2545  9.84788e-07
-14.2436  7.37929e-07
-14.2331  9.27381e-07
-14.2213  9.92933e-07
-14.2105  8.00228e-07
-14.1998  7.02523e-07
-14.1885  1.14537e-06
-14.1778  1.04935e-06
-14.1672  8.16033e-07
-14.1559  9.40731e-07
-14.1455  1.07614e-06
-14.1332  1.05189e-06
-14.123  7.96646e-07
-14.1128  1.1009e-06
-14.1022  9.33948e-07
-14.0914  9.88931e-07
-14.0813  1.11365e-06
-14.0704  1.08834e-06
-14.0602  8.65863e-07
-14.0502  1.14317e-06
-14.0395  1.08391e-06
-14.0298  9.66645e-07
-14.0192  1.09507e-06
-14.0087  1.2407e-06
-13.9989  1.27654e-06
-13.9872  1.00879e-06
-13.9761  1.21373e-06
-13.965  1.3915e-06
-13.9544  1.28376e-06
-13.9441  1.22363e-06
-13.9336  1.15287e-06
-13.9227  1.24258e-06
-13.9121  1.2746e-06
-13.9009  1.52674e-06
-13.8903  1.26484e-06
-13.8791  1.24856e-06
-13.8684  1.37774e-06
-13.8582  1.53263e-06
-13.8482  1.28757e-06
-13.8369  1.3678e-06
-13.8263  1.43888e-06
-13.8165  1.57834e-06
-13.8051  1.446e-06
-13.7945  1.46482e-06
-13.7837  1.52519e-06
-13.7727  1.67798e-06
-13.7618  1.51641e-06
-13.7514  1.71004e-06
-13.7415  1.3891e-06
-13.7306  1.64622e-06
-13.7196  1.70828e-06
-13.7095  1.60032e-06
-13.698  1.74426e-06
-13.6875  1.76075e-06
-13.6769  1.97819e-06
-13.6669  1.58501e-06
-13.6555  1.57767e-06
-13.645  2.01083e-06
-13.6346  1.75467e-06
-13.6237  1.72206e-06
-13.6137  1.90527e-06
-13.6039  1.83333e-06
-13.5929  1.95662e-06
-13.582  1.89612e-06
-13.5715  2.05862e-06
-13.5604  2.01587e-06
-13.5501  2.02335e-06
-13.54  2.15454e-06
-13.5293  1.85199e-06
-13.5194  2.00086e-06
-13.5082  2.21939e-06
-13.4978  2.16286e-06
-13.4874  2.14533e-06
-13.4764  2.18757e-06
-13.4656  2.46822e-06
-13.4554  2.25909e-06
-13.444  2.37463e-06
-13.4338  2.15359e-06
-13.423  2.42521e-06
-13.4123  2.24612e-06
-13.4018  2.47768e-06
-13.3923  2.55588e-06
-13.3813  2.00518e-06
-13.3713  2.75326e-06
-13.3608  2.82057e-06
-13.3507  2.17343e-06
-13.3407  2.37215e-06
-13.33  2.58892e-06
-13.3187  3.04177e-06
-13.3087  2.47589e-06
-13.2976  2.8509e-06
-13.2871  2.78515e-06
-13.2772  2.7981e-06
-13.2665  2.853e-06
-13.2557  2.77659e-06
-13.2454  2.99438e-06
-13.2349  2.63756e-06
-13.2242  2.64713e-06
-13.2147  3.42357e-06
-13.2041  2.75708e-06
-13.1932  3.36261e-06
-13.1826  3.10878e-06
-13.1722  3.15118e-06
-13.1621  3.05352e-06
-13.1517  2.97371e-06
-13.1415  3.82277e-06
-13.1306  3.18428e-06
-13.1195  3.03407e-06
-13.1097  3.22673e-06
-13.0991  3.7345e-06
-13.089  3.46406e-06
-13.0787  3.26457e-06
-13.0684  3.57472e-06
-13.0588  3.32513e-06
-13.0481  3.34902e-06
-13.0379  4.10759e-06
-13.027  3.53433e-06
-13.0169  3.49024e-06
-13.0067  3.77732e-06
-12.9965  4.17477e-06
-12.9863  3.61575e-06
-12.9759  3.90862e-06
-12.9648  4.15887e-06
-12.9548  3.8682e-06
-12.9438  4.1946e-06
-12.9338  4.09486e-06
-12.9232  4.03954e-06
-12.9128  4.48562e-06
-12.9023  4.32005e-06
-12.8916  4.41033e-06
-12.8814  4.34969e-06
-12.8705  4.51516e-06
-12.8597  4.913e-06
-12.8496  4.10191e-06
-12.8391  4.61752e-06
-12.8287  4.12738e-06
-12.8188  5.17916e-06
-12.8083  4.80554e-06
-12.7977  4.72139e-06
-12.7869  5.03726e-06
-12.7767  4.77902e-06
-12.7662  4.7814e-06
-12.7562  4.84838e-06
-12.7456  5.2638e-06
-12.7353  5.14539e-06
-12.7247  5.08072e-06
-12.7145  5.33637e-06
-12.7039  5.69141e-06
-12.693  5.3696e-06
-12.6831  5.51204e-06
-12.6727  5.26361e-06
-12.6624  5.53929e-06
-12.6522  5.19757e-06
-12.6417  6.10621e-06
-12.6316  5.54053e-06
-12.6216  5.623e-06
-12.6113  5.56437e-06
-12.6009  6.21276e-06
-12.5906  5.85696e-06
-12.5806  6.17817e-06
-12.5699  5.86061e-06
-12.5602  6.12648e-06
-12.5499  6.07445e-06
-12.5391  6.69355e-06
-12.5292  6.35696e-06
-12.519  6.07053e-06
-12.5087  6.5822e-06
-12.4981  7.25487e-06
-12.4875  6.86818e-06
-12.4771  6.40115e-06
-12.4668  6.83238e-06
-12.4564  7.32157e-06
-12.4457  6.79548e-06
-12.4354  7.17199e-06
-12.425  7.29187e-06
-12.4148  7.18865e-06
-12.4042  7.63237e-06
-12.3935  7.32029e-06
-12.3833  7.87726e-06
-12.373  6.75423e-06
-12.3627  7.83069e-06
-12.3526  8.02752e-06
-12.3427  7.30636e-06
-12.3324  7.65145e-06
-12.3222  8.00405e-06
-12.3116  8.15199e-06
-12.302  8.31551e-06
-12.2912  7.80797e-06
-12.2813  8.49753e-06
-12.2712  8.5195e-06
-12.2607  8.18928e-06
-12.2504  8.25023e-06
-12.2403  9.10526e-06
-12.2298  8.78865e-06
-12.2198  8.29778e-06
-12.2094  9.68824e-06
-12.1994  8.90996e-06
-12.1889  8.59805e-06
-12.1789  9.63753e-06
-12.1686  8.87592e-06
-12.1577  1.0304e-05
-12.1469  9.66917e-06
-12.1368  9.30253e-06
-12.1263  1.05082e-05
-12.1163  9.09905e-06
-12.1058  1.01282e-05
-12.0959  9.79476e-06
-12.0858  1.02854e-05
-12.0754  1.02051e-05
-12.0649  1.03238e-05
-12.0549  1.02837e-05
-12.0447  1.01472e-05
-12.0342  1.10006e-05
-12.0242  1.12349e-05
-12.0139  1.07161e-05
-12.0036  1.06737e-05
-11.9936  1.162e-05
-11.9831  1.11618e-05
-11.9726  1.09659e-05
-11.9625  1.16297e-05
-11.9518  1.23674e-05
-11.9417  1.08334e-05
-11.9316  1.23968e-05
-11.9213  1.16402e-05
-11.9109  1.21367e-05
-11.9011  1.17622e-05
-11.891  1.22196e-05
-11.8808  1.26313e-05
-11.8706  1.25146e-05
-11.8601  1.23192e-05
-11.85  1.26165e-05
-11.8403  1.36497e-05
-11.8293  1.30851e-05
-11.819  1.29745e-05
-11.8091  1.37476e-05
-11.7992  1.246e-05
-11.7885  1.35682e-05
-11.7785  1.40784e-05
-11.7681  1.47287e-05
-11.7577  1.29254e-05
-11.7479  1.49003e-05
-11.7375  1.36378e-05
-11.7274  1.48591e-05
-11.7173  1.43928e-05
-11.707  1.49035e-05
-11.6967  1.47659e-05
-11.6867  1.44719e-05
-11.6764  1.56401e-05
-11.6659  1.58295e-05
-11.6559  1.51497e-05
-11.6457  1.51764e-05
-11.6354  1.5731e-05
-11.6254  1.67263e-05
-11.6152  1.55174e-05
-11.6048  1.59843e-05
-11.5951  1.65463e-05
-11.5845  1.68477e-05
-11.574  1.65539e-05
-11.5642  1.69259e-05
-11.5537  1.80386e-05
-11.5433  1.63605e-05
-11.5334  1.736e-05
-11.5232  1.78665e-05
-11.5128  1.74985e-05
-11.5028  1.76486e-05
-11.4924  1.89781e-05
-11.4822  1.70926e-05
-11.4721  1.92269e-05
-11.4616  1.81453e-05
-11.4513  1.93281e-05
-11.4415  1.85625e-05
-11.4313  1.8881e-05
-11.421  1.91458e-05
-11.4109  1.98919e-05
-11.4009  1.87755e-05
-11.3904  2.07153e-05
-11.3805  1.921e-05
-11.3702  2.13711e-05
-11.3599  1.88236e-05
-11.35  2.19715e-05
-11.3398  2.08353e-05
-11.3294  2.01558e-05
-11.3194  2.11819e-05
-11.3093  2.22729e-05
-11.2991  2.05679e-05
-11.289  2.24235e-05
-11.2786  2.15437e-05
-11.2683  2.28758e-05
-11.2584  2.186e-05
-11.2482  2.30132e-05
-11.238  2.23502e-05
-11.2279  2.28466e-05
-11.2178  2.36581e-05
-11.2076  2.29866e-05
-11.1977  2.32061e-05
-11.1874  2.48019e-05
-11.1771  2.28031e-05
-11.1672  2.51783e-05
-11.1572  2.38797e-05
-11.1471  2.39402e-05
-11.1368  2.56919e-05
-11.1266  2.54941e-05
-11.1165  2.47321e-05
-11.1066  2.49462e-05
-11.0963  2.70629e-05
-11.0857  2.83533e-05
-11.0753  2.51457e-05
-11.0651  2.68131e-05
-11.0549  2.82234e-05
-11.0448  2.56706e-05
-11.0346  2.75261e-05
-11.0244  2.87306e-05
-11.0142  2.76641e-05
-11.0039  2.75355e-05
-10.9939  2.8975e-05
-10.9837  2.81516e-05
-10.9735  2.9096e-05
-10.9633  2.87998e-05
-10.9534  2.82471e-05
-10.9433  3.00636e-05
-10.933  3.1142e-05
-10.9227  2.87866e-05
-10.9126  3.07926e-05
-10.9026  3.20055e-05
-10.8924  2.92593e-05
-10.8823  3.18351e-05
-10.8722  3.18685e-05
-10.862  3.06433e-05
-10.8517  3.21895e-05
-10.8418  3.31355e-05
-10.8317  3.18503e-05
-10.8213  3.27875e-05
-10.8113  3.523e-05
-10.8009  3.25542e-05
-10.7907  3.34411e-05
-10.7805  3.53932e-05
-10.7703  3.32872e-05
-10.7602  3.47377e-05
-10.7502  3.59995e-05
-10.74  3.40881e-05
-10.7298  3.54843e-05
-10.7197  3.65162e-05
-10.7095  3.63413e-05
-10.6991  3.6576e-05
-10.6892  3.70095e-05
-10.6791  3.66318e-05
-10.6688  3.71534e-05
-10.6588  3.93934e-05
-10.6485  3.76594e-05
-10.6382  3.83892e-05
-10.6284  3.8936e-05
-10.6181  3.80167e-05
-10.608  3.89031e-05
-10.598  4.07336e-05
-10.5877  4.08602e-05
-10.5775  3.95448e-05
-10.5675  4.15262e-05
-10.5572  4.12616e-05
-10.5471  4.1055e-05
-10.5371  4.08852e-05
-10.5271  4.27839e-05
-10.5168  4.20503e-05
-10.5066  4.39791e-05
-10.4964  4.29286e-05
-10.4863  4.22553e-05
-10.4765  4.4567e-05
-10.466  4.46371e-05
-10.4558  4.42395e-05
-10.4458  4.65925e-05
-10.4355  4.48802e-05
-10.4253  4.48816e-05
-10.4154  4.62148e-05
-10.4049  4.88791e-05
-10.3949  4.48195e-05
-10.3848  4.73319e-05
-10.3747  4.88364e-05
-10.3645  4.58734e-05
-10.3544  4.97705e-05
-10.3441  4.94432e-05
-10.3342  4.75174e-05
-10.3241  4.93537e-05
-10.314  5.05342e-05
-10.3037  5.06567e-05
-10.2937  5.24352e-05
-10.2831  5.06601e-05
-10.2733  5.14199e-05
-10.2632  5.15008e-05
-10.253  5.34172e-05
-10.2427  5.18516e-05
-10.2323  5.97215e-05
-10.2212  5.62198e-05
-10.2113  5.10359e-05
-10.2012  5.52018e-05
-10.191  5.8214e-05
-10.1807  5.23555e-05
-10.171  5.53865e-05
-10.1606  5.8527e-05
-10.1506  5.51803e-05
-10.1405  5.66321e-05
-10.1302  6.03974e-05
-10.12  5.74585e-05
-10.1101  5.79423e-05
-10.0997  5.8709e-05
-10.0899  5.99689e-05
-10.0797  5.96388e-05
-10.0695  6.21315e-05
-10.0593  5.91182e-05
-10.0494  6.0745e-05
-10.0385  7.23469e-05
-10.0278  5.9573e-05
-10.0179  6.28453e-05
-10.0076  6.43885e-05
-9.99757  6.28487e-05
-9.98759  6.26322e-05
-9.97734  6.82143e-05
-9.96721  6.45375e-05
-9.95711  6.45653e-05
-9.9469  6.76372e-05
-9.93643  7.28359e-05
-9.92543  7.14694e-05
-9.91486  7.07682e-05
-9.90466  6.71122e-05
-9.89472  6.79481e-05
-9.88466  6.86776e-05
-9.87452  7.10508e-05
-9.86446  6.97452e-05
-9.85426  7.19789e-05
-9.84414  7.03662e-05
-9.83421  7.28719e-05
-9.82382  7.43515e-05
-9.81336  7.60076e-05
-9.80302  7.38543e-05
-9.79281  7.55676e-05
-9.7827  7.23217e-05
-9.77279  7.69798e-05
-9.76246  7.71048e-05
-9.7523  7.46802e-05
-9.74224  7.8653e-05
-9.73214  7.67818e-05
-9.72197  8.01398e-05
-9.71199  7.71955e-05
-9.70157  8.1402e-05
-9.6915  7.88429e-05
-9.68165  7.98094e-05
-9.67129  8.16665e-05
-9.66123  8.17639e-05
-9.65122  8.16834e-05
-9.64111  8.27052e-05
-9.63095  8.34543e-05
-9.62088  8.59671e-05
-9.61064  8.35505e-05
-9.60048  8.4558e-05
-9.59009  9.52255e-05
-9.57949  8.47303e-05
-9.56945  8.68158e-05
-9.55944  8.90059e-05
-9.54911  8.80952e-05
-9.53905  9.0007e-05
-9.52903  8.87396e-05
-9.5188  9.1672e-05
-9.50867  8.96067e-05
-9.49869  9.31466e-05
-9.48796  0.0001008
-9.47729  9.26167e-05
-9.46731  9.56254e-05
-9.4571  9.32654e-05
-9.44614  0.000107849
-9.43515  0.000104866
-9.42439  9.77844e-05
-9.41405  9.69254e-05
-9.40416  9.81856e-05
-9.39399  9.60247e-05
-9.38392  0.000101611
-9.37384  9.91357e-05
-9.36382  9.87394e-05
-9.3537  0.00010114
-9.34366  0.000102742
-9.33358  0.000100715
-9.32344  0.000103888
-9.3134  0.000103888
-9.30328  0.000103825
-9.29305  0.00010606
-9.28306  0.000108644
-9.27279  0.000104711
-9.2628  0.000106536
-9.2527  0.000111612
-9.24248  0.000107218
-9.23235  0.000109902
-9.22227  0.000113277
-9.21212  0.000108027
-9.20208  0.000111563
-9.19146  0.000126231
-9.18096  0.000111304
-9.17073  0.000115115
-9.1607  0.000115841
-9.15052  0.000115308
-9.14035  0.000116756
-9.13027  0.00011796
-9.1202  0.00011982
-9.10998  0.000117018
-9.10006  0.000120215
-9.08993  0.00011737
-9.08006  0.000121995
-9.06973  0.0001238
-9.05976  0.000121334
-9.04958  0.000124263
-9.03947  0.00012625
-9.02933  0.000122329
-9.01939  0.000125157
-9.00873  0.00014296
-8.9981  0.000124976
-8.98793  0.000129003
-8.97794  0.000128861
-8.96771  0.000134189
-8.95726  0.000137591
-8.94679  0.000133024
-8.93664  0.00013398
-8.9265  0.000131803
-8.91647  0.000134812
-8.90625  0.000140017
-8.89616  0.000131342
-8.88607  0.000140417
-8.8759  0.000134946
-8.86585  0.000141813
-8.8557  0.000140865
-8.84551  0.000139577
-8.83553  0.000139176
-8.82507  0.000155507
-8.81442  0.000143297
-8.80439  0.000146983
-8.79425  0.000142015
-8.78409  0.000149042
-8.77396  0.000143825
-8.76336  0.000167464
-8.75264  0.00014811
-8.74268  0.000148811
-8.7325  0.00014802
-8.72249  0.000155689
-8.71176  0.000165346
-8.70132  0.000154674
-8.69093  0.000155922
-8.68098  0.000155652
-8.67033  0.000168668
-8.65923  0.000177855
-8.64854  0.000156866
-8.63864  0.000158074
-8.62826  0.000163181
-8.6184  0.000157237
-8.60827  0.000161194
-8.59826  0.000166673
-8.58797  0.00016297
-8.57811  0.000165153
-8.56779  0.000165558
-8.55787  0.000167345
-8.54772  0.00016786
-8.53757  0.000171168
-8.52702  0.000183027
-8.51662  0.000170725
-8.5063  0.000175811
-8.4964  0.000169205
-8.48628  0.000175085
-8.47557  0.00019652
-8.46454  0.000189006
-8.4541  0.000176436
-8.44386  0.000181492
-8.43385  0.000179496
-8.42378  0.000176289
-8.41368  0.000186214
-8.40306  0.000200054
-8.39265  0.000177733
-8.38248  0.000189908
-8.37237  0.000186953
-8.36226  0.000181181
-8.35224  0.000192913
-8.34202  0.000188246
-8.33209  0.000185183
-8.32194  0.000198108
-8.3118  0.00019
-8.3018  0.000190115
-8.29167  0.000197878
-8.28161  0.000194289
-8.27148  0.000197245
-8.26082  0.000218537
-8.25033  0.000200157
-8.24016  0.000194394
-8.23008  0.000206698
-8.2199  0.000205766
-8.20981  0.000199093
-8.19965  0.000208898
-8.18954  0.000203424
-8.17962  0.000204227
-8.16941  0.000213578
-8.1592  0.000210607
-8.14915  0.000206635
-8.13901  0.000214117
-8.12895  0.000211971
-8.11892  0.000211174
-8.10881  0.000218175
-8.09872  0.000216291
-8.08809  0.000232979
-8.07748  0.000227404
-8.06685  0.000239069
-8.05626  0.000219737
-8.0461  0.000224843
-8.03596  0.000226692
-8.02588  0.000218278
-8.01584  0.000230315
-8.00564  0.000226565
-7.99568  0.00022558
-7.98558  0.000228393
-7.97539  0.000236833
-7.96533  0.000224786
-7.95527  0.000240439
-7.9451  0.000229907
-7.93505  0.000236931
-7.92497  0.000235131
-7.9149  0.000241734
-7.90479  0.000231415
-7.89478  0.000249106
-7.88461  0.000234007
-7.87458  0.000246094
-7.86449  0.000241746
-7.85392  0.000271022
-7.84329  0.000247646
-7.83321  0.000247554
-7.82313  0.00024538
-7.81305  0.000252124
-7.80305  0.000248677
-7.793  0.000252791
-7.78289  0.000253195
-7.77266  0.000263918
-7.76253  0.000249261
-7.75245  0.000262082
-7.74236  0.000258155
-7.73229  0.000258348
-7.72214  0.000264573
-7.71199  0.000266193
-7.70194  0.000256698
-7.6918  0.000271115
-7.68176  0.000263363
-7.67175  0.000263752
-7.66164  0.000272863
-7.65148  0.000272652
-7.64094  0.000293874
-7.63023  0.000280294
-7.62016  0.000270397
-7.61007  0.000276916
-7.59996  0.000273747
-7.59002  0.000277224
-7.58002  0.000273522
-7.56982  0.00029073
-7.55976  0.000275305
-7.54968  0.000283921
-7.53958  0.000284664
-7.52956  0.000287065
-7.51954  0.0002791
-7.50935  0.000299914
-7.49874  0.000314129
-7.4883  0.000286986
-7.47808  0.000298143
-7.46802  0.000295048
-7.45792  0.000293884
-7.44771  0.00030196
-7.43768  0.000293678
-7.42762  0.00030365
-7.41687  0.000331129
-7.40637  0.00030029
-7.39634  0.000300212
-7.38627  0.000310164
-7.37611  0.000302333
-7.36616  0.000309558
-7.35589  0.000313132
-7.34588  0.000306547
-7.33586  0.000308273
-7.32574  0.000321725
-7.31557  0.000311518
-7.30521  0.000339622
-7.29448  0.000328626
-7.28397  0.000341151
-7.27349  0.000320928
-7.26335  0.000329447
-7.253  0.00032859
-7.24306  0.000317659
-7.23285  0.000334943
-7.22277  0.000321684
-7.2123  0.000365365
-7.20173  0.000324868
-7.19153  0.000340272
-7.18154  0.000325807
-7.17138  0.000346698
-7.16129  0.000324586
-7.15083  0.000377157
-7.13978  0.000366699
-7.12907  0.000354534
-7.11901  0.000327903
-7.10907  0.000358367
-7.09875  0.000338107
-7.08887  0.000347882
-7.07888  0.000338964
-7.06873  0.000360231
-7.05871  0.000344929
-7.04819  0.00039096
-7.03743  0.000355921
-7.02747  0.000357954
-7.01741  0.000348589
-7.00725  0.00037074
-6.99723  0.000351468
-6.98728  0.000366222
-6.9771  0.000356791
-6.96711  0.000368497
-6.95711  0.000364104
-6.94675  0.000382102
-6.93684  0.000354822
-6.92631  0.000414759
-6.91553  0.000373589
-6.90555  0.000376483
-6.89555  0.000369688
-6.88534  0.000385495
-6.87536  0.000373108
-6.86523  0.000385335
-6.85506  0.000380612
-6.84506  0.000386599
-6.83457  0.000414841
-6.82384  0.000398277
-6.81383  0.00038087
-6.80372  0.000395543
-6.79354  0.000394219
-6.78348  0.000389577
-6.77349  0.000395922
-6.76313  0.000406551
-6.75319  0.000387416
-6.74315  0.000405883
-6.73281  0.000408544
-6.72272  0.000394844
-6.7128  0.000408398
-6.70252  0.00040347
-6.69257  0.000405029
-6.68248  0.0004123
-6.67215  0.000421522
-6.66208  0.00040141
-6.65203  0.000418403
-6.64186  0.000415688
-6.63177  0.000417867
-6.62174  0.000410826
-6.61158  0.000425587
-6.60151  0.000420279
-6.59136  0.000427394
-6.5813  0.000413672
-6.5712  0.000434162
-6.56122  0.000419131
-6.55103  0.000430797
-6.54106  0.000425851
-6.53086  0.000441026
-6.52082  0.000421866
-6.51073  0.000438742
-6.5007  0.000438496
-6.48994  0.000483639
-6.4796  0.000424761
-6.46938  0.000454198
-6.45884  0.000478468
-6.44827  0.000445933
-6.43831  0.000437576
-6.42809  0.000455681
-6.41814  0.000440068
-6.40793  0.000462434
-6.39783  0.000446231
-6.38772  0.000453444
-6.37779  0.00045081
-6.36755  0.000459398
-6.35765  0.000451718
-6.34746  0.000467971
-6.33743  0.000455886
-6.32686  0.000498698
-6.31651  0.000465414
-6.30621  0.000475824
-6.29625  0.000455576
-6.28607  0.000476829
-6.27605  0.000468987
-6.26593  0.000464591
-6.25601  0.000477434
-6.24575  0.000479516
-6.23585  0.000465971
-6.22563  0.000486493
-6.21559  0.000479148
-6.20546  0.000477776
-6.19555  0.000484606
-6.18525  0.000487724
-6.17536  0.000479835
-6.16511  0.000495116
-6.15508  0.000487712
-6.14502  0.000486089
-6.13501  0.000495506
-6.12479  0.000492633
-6.11441  0.00053841
-6.10365  0.000506973
-6.09355  0.000505617
-6.08332  0.000496848
-6.07346  0.00049148
-6.06324  0.000513864
-6.05323  0.000500849
-6.04302  0.000511821
-6.03301  0.000505167
-6.02282  0.000512191
-6.01284  0.000505849
-6.00256  0.000527076
-5.99207  0.000550979
-5.98147  0.000519188
-5.97143  0.000517302
-5.96129  0.000518251
-5.95128  0.00051486
-5.94114  0.000529072
-5.93117  0.000513024
-5.92103  0.000525783
-5.91102  0.000525425
-5.90087  0.00053342
-5.89083  0.000519615
-5.88069  0.000538447
-5.87071  0.000524198
-5.86052  0.000539805
-5.85052  0.000529322
-5.84033  0.000547309
-5.83024  0.000531793
-5.82004  0.000551196
-5.81008  0.000527113
-5.79989  0.00055623
-5.7893  0.000591108
-5.77864  0.000558054
-5.76871  0.000520749
-5.7586  0.000571197
-5.74863  0.000526221
-5.73854  0.000563518
-5.7285  0.000544823
-5.71824  0.000575315
-5.70825  0.000533146
-5.69807  0.000582516
-5.68807  0.000532556
-5.67793  0.000581557
-5.66792  0.000548168
-5.6577  0.000578098
-5.64782  0.000539757
-5.63761  0.000591314
-5.62714  0.000598514
-5.61654  0.000584186
-5.60655  0.000555229
-5.59639  0.000589878
-5.58638  0.000551044
-5.5762  0.000599229
-5.56616  0.000558958
-5.556  0.000591314
-5.54602  0.000567404
-5.53576  0.000593442
-5.52579  0.000568165
-5.51564  0.000599838
-5.50563  0.000561937
-5.49551  0.000603433
-5.48549  0.000579173
-5.47521  0.000599172
-5.46519  0.000586125
-5.4549  0.000611346
-5.44489  0.000575313
-5.43476  0.000601912
-5.42436  0.00063779
-5.41365  0.000616871
-5.40359  0.00058707
-5.39346  0.0006109
-5.38342  0.000586438
-5.3733  0.000616567
-5.36331  0.00059229
-5.35309  0.000612562
-5.34316  0.000598237
-5.33294  0.000629127
-5.32274  0.000594836
-5.31267  0.000622696
-5.3027  0.000603605
-5.29244  0.000617514
-5.28259  0.000604372
-5.27239  0.000627912
-5.26189  0.000656433
-5.25135  0.000634386
-5.2414  0.000600923
-5.23114  0.000639962
-5.22108  0.000616774
-5.21084  0.00064173
-5.20067  0.000613376
-5.19059  0.000639748
-5.18058  0.000613684
-5.17038  0.000637141
-5.16046  0.000618005
-5.15033  0.00064105
-5.14023  0.000621312
-5.13013  0.00064753
-5.12012  0.000624057
-5.10995  0.000633002
-5.10008  0.000633866
-5.08993  0.000645656
-5.07983  0.000627318
-5.06982  0.000646978
-5.0598  0.000635425
-5.04967  0.000638273
-5.03971  0.000650723
-5.02945  0.000656047
-5.01941  0.000628057
-5.00941  0.000656057
-4.99929  0.000650056
-4.98918  0.000643486
-4.97926  0.000651031
-4.969  0.000665395
-4.95898  0.000633109
-4.94898  0.000667135
-4.93887  0.000651446
-4.92879  0.000647072
-4.91891  0.000657282
-4.9087  0.000668051
-4.8987  0.000636556
-4.88861  0.000690621
-4.87846  0.000648542
-4.86838  0.000659787
-4.85849  0.000659837
-4.84815  0.00069194
-4.83808  0.000646105
-4.82796  0.000687394
-4.81792  0.000653401
-4.80779  0.000674639
-4.7979  0.000660807
-4.78764  0.00068592
-4.77777  0.00064631
-4.76763  0.000696985
-4.75759  0.00065935
-4.74745  0.000680127
-4.73755  0.000674484
-4.72714  0.000697134
-4.71725  0.000656893
-4.70706  0.000700123
-4.69703  0.00066884
-4.68682  0.000690568
-4.67689  0.000681472
-4.66654  0.000690733
-4.65625  0.000727536
-4.64565  0.000702468
-4.63559  0.000678133
-4.6254  0.000690466
-4.61554  0.00068269
-4.60473  0.000770343
-4.59435  0.000663533
-4.58427  0.000713809
-4.57412  0.000683427
-4.56395  0.000699346
-4.55401  0.000688916
-4.54374  0.000706611
-4.5338  0.000678076
-4.52371  0.00071016
-4.51354  0.000695402
-4.50349  0.000694407
-4.49347  0.000704223
-4.48319  0.000708226
-4.47318  0.0006953
-4.46305  0.000705077
-4.45299  0.000696357
-4.44293  0.000706458
-4.43293  0.00069934
-4.42273  0.000709916
-4.41265  0.000708047
-4.40253  0.000709036
-4.39245  0.000701435
-4.38235  0.000716539
-4.37229  0.000699719
-4.3622  0.000713962
-4.35212  0.000707288
-4.34205  0.000715175
-4.33195  0.000702429
-4.322  0.000711609
-4.31187  0.000713995
-4.30175  0.000716382
-4.29174  0.000705583
-4.28168  0.000724043
-4.27153  0.00070438
-4.26154  0.000723294
-4.25139  0.000716361
-4.2413  0.000720847
-4.23123  0.000711278
-4.22115  0.000728559
-4.21103  0.000707502
-4.20102  0.000729267
-4.19082  0.00072331
-4.18076  0.000721301
-4.17071  0.000709896
-4.16068  0.000733511
-4.15055  0.000711861
-4.14053  0.00072948
-4.13047  0.000719499
-4.12035  0.000731797
-4.11023  0.000717556
-4.10016  0.000740398
-4.09002  0.000715315
-4.08001  0.000727896
-4.07  0.00071728
-4.0599  0.000741016
-4.04977  0.000718137
-4.03965  0.000745309
-4.02961  0.000712085
-4.01954  0.000739864
-4.00945  0.00072239
-3.99937  0.000737788
-3.98927  0.00072711
-3.97912  0.000744191
-3.96912  0.000717017
-3.95891  0.000749239
-3.94886  0.000725722
-3.93878  0.000734141
-3.92881  0.000719373
-3.91869  0.00074594
-3.90865  0.00072996
-3.89843  0.000745184
-3.88839  0.000729074
-3.87825  0.000742359
-3.86826  0.000725919
-3.858  0.000756481
-3.84799  0.000720414
-3.83798  0.000733728
-3.82796  0.000739881
-3.81779  0.000736769
-3.8078  0.000733934
-3.79761  0.000751045
-3.7876  0.000727677
-3.77751  0.000733312
-3.76752  0.000745274
-3.75738  0.000735938
-3.74734  0.00073671
-3.73718  0.000747979
-3.72716  0.000738184
-3.71698  0.000739161
-3.70695  0.00074412
-3.6968  0.000745164
-3.68678  0.000727536
-3.67668  0.0007526
-3.66662  0.000735511
-3.65653  0.000740922
-3.64645  0.00074433
-3.63583  0.000817345
-3.6253  0.00073307
-3.6152  0.000755622
-3.60461  0.0007991
-3.59415  0.000744589
-3.5841  0.000736119
-3.57401  0.000750974
-3.56392  0.000729658
-3.55394  0.00075177
-3.54383  0.000728536
-3.53379  0.000755655
-3.52368  0.000735883
-3.51354  0.000757803
-3.50341  0.00072948
-3.49342  0.000756699
-3.48326  0.000729465
-3.47321  0.000759637
-3.46314  0.000722746
-3.45305  0.000765596
-3.44291  0.000728972
-3.4329  0.000752864
-3.42276  0.000734514
-3.41263  0.000765882
-3.40252  0.000724867
-3.39243  0.000759077
-3.3824  0.000723793
-3.37235  0.000762311
-3.36213  0.000732847
-3.35207  0.000762664
-3.34193  0.000728689
-3.33176  0.000768183
-3.32171  0.000718182
-3.31169  0.000758726
-3.30155  0.000726471
-3.29149  0.000767673
-3.28136  0.000722575
-3.27119  0.000770298
-3.26111  0.000720822
-3.25106  0.000760025
-3.24094  0.000721369
-3.23094  0.000758346
-3.2209  0.000722786
-3.21074  0.000762458
-3.20074  0.000716882
-3.19028  0.000823398
-3.17967  0.00072691
-3.16967  0.000754029
-3.15965  0.000718541
-3.14945  0.000773483
-3.13934  0.000716837
-3.12929  0.000761475
-3.11914  0.000723203
-3.10909  0.000758157
-3.09897  0.000725609
-3.0888  0.000760887
-3.07826  0.000790425
-3.06772  0.000757621
-3.05753  0.000726472
-3.04744  0.000761487
-3.03735  0.000713964
-3.02724  0.000761724
-3.01721  0.000709216
-3.00676  0.000822502
-2.99604  0.000735198
-2.986  0.000741541
-2.97601  0.000717956
-2.96589  0.000758
-2.95581  0.00071031
-2.94583  0.000750983
-2.93568  0.000726462
-2.9256  0.000744684
-2.91554  0.000720643
-2.90539  0.000755818
-2.89533  0.000709987
-2.88532  0.000747891
-2.87523  0.000716884
-2.86518  0.00074679
-2.85506  0.000721572
-2.84491  0.000751098
-2.83431  0.000787047
-2.82385  0.000734962
-2.81374  0.000726504
-2.8037  0.00072938
-2.79364  0.000723605
-2.78357  0.000741049
-2.77346  0.000713677
-2.76347  0.000733299
-2.75335  0.000730003
-2.74324  0.000729848
-2.73317  0.00071665
-2.72305  0.000750556
-2.71293  0.000702858
-2.70287  0.000748122
-2.69271  0.000709016
-2.68274  0.000732594
-2.67265  0.00071093
-2.6626  0.000736967
-2.65255  0.000697948
-2.64255  0.000744838
-2.63243  0.000699509
-2.62245  0.00073422
-2.61228  0.000715943
-2.60216  0.000737645
-2.5921  0.000695927
-2.58203  0.000743022
-2.5719  0.000703872
-2.56188  0.000725189
-2.55173  0.000713633
-2.54161  0.000735525
-2.53157  0.000691231
-2.52103  0.000805418
-2.50987  0.000777842
-2.49935  0.000721625
-2.48925  0.000698457
-2.47924  0.000737514
-2.46903  0.000691635
-2.45903  0.000734153
-2.4488  0.000701528
-2.43831  0.000791063
-2.42768  0.00069421
-2.41771  0.000729524
-2.40745  0.000698401
-2.39747  0.000719666
-2.38731  0.000695295
-2.37736  0.000718801
-2.36718  0.000692825
-2.35718  0.000725784
-2.34699  0.00068741
-2.33707  0.000712884
-2.32697  0.000691518
-2.31693  0.000719745
-2.30675  0.000691149
-2.29674  0.000717314
-2.28661  0.000682825
-2.27661  0.000717224
-2.26646  0.000689781
-2.25639  0.000716433
-2.24623  0.000683978
-2.23622  0.000713629
-2.22613  0.000681261
-2.21607  0.000712752
-2.20587  0.000692265
-2.19586  0.000700261
-2.18575  0.000688116
-2.17562  0.000713513
-2.1655  0.000678881
-2.15542  0.000710991
-2.14524  0.000680822
-2.13482  0.000761691
-2.12423  0.000683947
-2.11418  0.000695481
-2.10409  0.000685511
-2.09401  0.000697767
-2.08392  0.000673105
-2.07391  0.000702145
-2.06377  0.000677598
-2.05373  0.000689962
-2.04362  0.000683977
-2.03359  0.000685885
-2.02353  0.000674429
-2.0135  0.000689155
-2.00344  0.000674473
-1.99334  0.000692589
-1.98317  0.000682007
-1.97311  0.000682728
-1.963  0.000677351
-1.95285  0.000691755
-1.94277  0.000668855
-1.93269  0.000684436
-1.92257  0.000674916
-1.91252  0.000679148
-1.90243  0.000670034
-1.8923  0.000687796
-1.88219  0.000665944
-1.87212  0.000682521
-1.86198  0.000666459
-1.85195  0.000677888
-1.84186  0.000661375
-1.83182  0.000678387
-1.8217  0.000666226
-1.81165  0.00067101
-1.80155  0.000663845
-1.79153  0.000668484
-1.78141  0.000670696
-1.77127  0.000667076
-1.76124  0.000661313
-1.75115  0.000672286
-1.74101  0.000656497
-1.73093  0.000678752
-1.72077  0.000656662
-1.71063  0.000671409
-1.70057  0.000649991
-1.69054  0.000668478
-1.68047  0.000644586
-1.66998  0.000730475
-1.65938  0.000655362
-1.64929  0.000658275
-1.63919  0.000655951
-1.62915  0.000661104
-1.61899  0.000650759
-1.60897  0.000654539
-1.59893  0.000650875
-1.58884  0.00065198
-1.57877  0.000652299
-1.56876  0.000652336
-1.55859  0.000648112
-1.54854  0.000653839
-1.53846  0.000649564
-1.52838  0.000644619
-1.51836  0.000643704
-1.50833  0.00065202
-1.49818  0.000641637
-1.48815  0.000647442
-1.47804  0.000650712
-1.46793  0.000639447
-1.45784  0.000647909
-1.44775  0.000645588
-1.43767  0.000633956
-1.42761  0.000649528
-1.41749  0.000641693
-1.40742  0.000634648
-1.3974  0.000635953
-1.38729  0.000650454
-1.37716  0.000629674
-1.3671  0.000643991
-1.35698  0.000637121
-1.3469  0.000634677
-1.33685  0.000630232
-1.32676  0.000646059
-1.31665  0.000625629
-1.30659  0.000635541
-1.29647  0.000637008
-1.28635  0.000634441
-1.27632  0.000621138
-1.26624  0.000640497
-1.25615  0.000624981
-1.24607  0.000630456
-1.23598  0.000628273
-1.22592  0.000628239
-1.21594  0.00061727
-1.20586  0.000632448
-1.1958  0.000621874
-1.18568  0.000629687
-1.17564  0.000621891
-1.16555  0.000625877
-1.1555  0.00061856
-1.14546  0.000621032
-1.13543  0.000621533
-1.1253  0.000624551
-1.11524  0.000620458
-1.10514  0.00061928
-1.09516  0.000614522
-1.08506  0.000618299
-1.07505  0.000619337
-1.06496  0.000618262
-1.05489  0.00061422
-1.04484  0.000613844
-1.03438  0.000672858
-1.02375  0.000620617
-1.01361  0.000618129
-1.00358  0.000611386
-0.993467  0.000614512
-0.983335  0.000618665
-0.973295  0.000610861
-0.963222  0.00060621
-0.952692  0.000673082
-0.942174  0.000609628
-0.932105  0.000601981
-0.922073  0.000616225
-0.911983  0.000610989
-0.901845  0.000605871
-0.891758  0.000613466
-0.881699  0.000608399
-0.871608  0.000599648
-0.861561  0.000613248
-0.851454  0.00060805
-0.841359  0.000601725
-0.831288  0.000605643
-0.820763  0.000667352
-0.810097  0.000604559
-0.800036  0.000603284
-0.789988  0.000604267
-0.779864  0.000604411
-0.769798  0.000597447
-0.759778  0.000607978
-0.749591  0.000599756
-0.739579  0.000599094
-0.729487  0.000604049
-0.719425  0.00059653
-0.709383  0.000595149
-0.699315  0.000607581
-0.689153  0.00059716
-0.679104  0.000597696
-0.669023  0.000599725
-0.658978  0.000594629
-0.648904  0.000593746
-0.638863  0.000600717
-0.628807  0.000590373
-0.618762  0.000594274
-0.608709  0.000598642
-0.598614  0.000595179
-0.588547  0.000589165
-0.578469  0.000603186
-0.568367  0.000591566
-0.558273  0.000593524
-0.54819  0.000595973
-0.538083  0.000596313
-0.527995  0.000588411
-0.517928  0.000596803
-0.5079  0.000584739
-0.497876  0.00058905
-0.487802  0.000595466
-0.47765  0.000597326
-0.467566  0.000584976
-0.457496  0.00059483
-0.447393  0.000591729
-0.437284  0.000590383
-0.427188  0.000591427
-0.417031  0.000599135
-0.406911  0.000585108
-0.396834  0.000590494
-0.38673  0.000593
-0.376626  0.000586082
-0.366551  0.000591842
-0.356384  0.000593898
-0.346305  0.000584915
-0.336227  0.000586388
-0.326117  0.000595665
-0.315983  0.000585522
-0.305896  0.000589364
-0.295774  0.000587954
-0.285265  0.000640376
-0.27468  0.000585732
-0.264634  0.000587667
-0.254548  0.000586299
-0.244444  0.000585529
-0.234367  0.000587073
-0.224351  0.000581695
-0.214261  0.000584182
-0.204166  0.000591794
-0.194045  0.000586757
-0.183937  0.000582483
-0.173843  0.000590602
-0.163745  0.000585901
-0.153659  0.000579424
-0.143569  0.000592384
-0.133469  0.000583121
-0.123465  0.000575069
-0.113407  0.000590804
-0.103294  0.000584992
-0.0931852  0.000585181
-0.083054  0.000589076
-0.0729823  0.000580542
-0.0629789  0.000580116
-0.0529108  0.000584012
-0.0428454  0.000585389
-0.0327328  0.00058643
-0.0226035  0.000585911
-0.0125189  0.000585513
-0.00373089  0.000432231
0.00373089  0.000432231
0.0125189  0.000585513
0.0226035  0.000585911
0.0327328  0.00058643
0.0428454  0.000585389
0.0529108  0.000584012
0.0629789  0.000580116
0.0729823  0.000580542
0.083054  0.000589076
0.0931852  0.000585181
0.103294  0.000584992
0.113407  0.000590804
0.123465  0.000575069
0.133469  0.000583121
0.143569  0.000592384
0.153659  0.000579424
0.163745  0.000585901
0.173843  0.000590602
0.183937  0.000582483
0.194045  0.000586757
0.204166  0.000591794
0.214261  0.000584182
0.224351  0.000581695
0.234367  0.000587073
0.244444  0.000585529
0.254548  0.000586299
0.264634  0.000587667
0.27468  0.000585732
0.285265  0.000640376
0.295774  0.000587954
0.305896  0.000589364
0.315983  0.000585522
0.326117  0.000595665
0.336227  0.000586388
0.346305  0.000584915
0.356384  0.000593898
0.366551  0.000591842
0.376626  0.000586082
0.38673  0.000593
0.396834  0.000590494
0.406911  0.000585108
0.417031  0.000599135
0.427188  0.000591427
0.437284  0.000590383
0.447393  0.000591729
0.457496  0.00059483
0.467566  0.000584976
0.47765  0.000597326
0.487802  0.000595466
0.497876  0.00058905
0.5079  0.000584739
0.517928  0.000596803
0.527995  0.000588411
0.538083  0.000596313
0.54819  0.000595973
0.558273  0.000593524
0.568367  0.000591566
0.578469  0.000603186
0.588547  0.000589165
0.598614  0.000595179
0.608709  0.000598642
0.618762  0.000594274
0.628807  0.000590373
0.638863  0.000600717
0.648904  0.000593746
0.658978  0.000594629
0.669023  0.000599725
0.679104  0.000597696
0.689153  0.00059716
0.699315  0.000607581
0.709383  0.000595149
0.719425  0.00059653
0.729487  0.000604049
0.739579  0.000599094
0.749591  0.000599756
0.759778  0.000607978
0.769798  0.000597447
0.779864  0.000604411
0.789988  0.000604267
0.800036  0.000603284
0.810097  0.000604559
0.820763  0.000667352
0.831288  0.000605643
0.841359  0.000601725
0.851454  0.00060805
0.861561  0.000613248
0.871608  0.000599648
0.881699  0.000608399
0.891758  0.000613466
0.901845  0.000605871
0.911983  0.000610989
0.922073  0.000616225
0.932105  0.000601981
0.942174  0.000609628
0.952692  0.000673082
0.963222  0.00060621
0.973295  0.000610861
0.983335  0.000618665
0.993467  0.000614512
1.00358  0.000611386
1.01361  0.000618129
1.02375  0.000620617
1.03438  0.000672858
1.04484  0.000613844
1.05489  0.00061422
1.06496  0.000618262
1.07505  0.000619337
1.08506  0.000618299
1.09516  0.000614522
1.10514  0.00061928
1.11524  0.000620458
1.1253  0.000624551
1.13543  0.000621533
1.14546  0.000621032
1.1555  0.00061856
1.16555  0.000625877
1.17564  0.000621891
1.18568  0.000629687
1.1958  0.000621874
1.20586  0.000632448
1.21594  0.00061727
1.22592  0.000628239
1.23598  0.000628273
1.24607  0.000630456
1.25615  0.000624981
1.26624  0.000640497
1.27632  0.000621138
1.28635  0.000634441
1.29647  0.000637008
1.30659  0.000635541
1.31665  0.000625629
1.32676  0.000646059
1.33685  0.000630232
1.3469  0.000634677
1.35698  0.000637121
1.3671  0.000643991
1.37716  0.000629674
1.38729  0.000650454
1.3974  0.000635953
1.40742  0.000634648
1.41749  0.000641693
1.42761  0.000649528
1.43767  0.000633956
1.44775  0.000645588
1.45784  0.000647909
1.46793  0.000639447
1.47804  0.000650712
1.48815  0.000647442
1.49818  0.000641637
1.50833  0.00065202
1.51836  0.000643704
1.52838  0.000644619
1.53846  0.000649564
1.54854  0.000653839
1.55859  0.000648112
1.56876  0.000652336
1.57877  0.000652299
1.58884  0.00065198
1.59893  0.000650875
1.60897  0.000654539
1.61899  0.000650759
1.62915  0.000661104
1.63919  0.000655951
1.64929  0.000658275
1.65938  0.000655362
1.66998  0.000730475
1.68047  0.000644586
1.69054  0.000668478
1.70057  0.000649991
1.71063  0.000671409
1.72077  0.000656662
1.73093  0.000678752
1.74101  0.000656497
1.75115  0.000672286
1.76124  0.000661313
1.77127  0.000667076
1.78141  0.000670696
1.79153  0.000668484
1.80155  0.000663845
1.81165  0.00067101
1.8217  0.000666226
1.83182  0.000678387
1.84186  0.000661375
1.85195  0.000677888
1.86198  0.000666459
1.87212  0.000682521
1.88219  0.000665944
1.8923  0.000687796
1.90243  0.000670034
1.91252  0.000679148
1.92257  0.000674916
1.93269  0.000684436
1.94277  0.000668855
1.95285  0.000691755
1.963  0.000677351
1.97311  0.000682728
1.98317  0.000682007
1.99334  0.000692589
2.00344  0.000674473
2.0135  0.000689155
2.02353  0.000674429
2.03359  0.000685885
2.04362  0.000683977
2.05373  0.000689962
2.06377  0.000677598
2.07391  0.000702145
2.08392  0.000673105
2.09401  0.000697767
2.10409  0.000685511
2.11418  0.000695481
2.12423  0.000683947
2.13482  0.000761691
2.14524  0.000680822
2.15542  0.000710991
2.1655  0.000678881
2.17562  0.000713513
2.18575  0.000688116
2.19586  0.000700261
2.20587  0.000692265
2.21607  0.000712752
2.22613  0.000681261
2.23622  0.000713629
2.24623  0.000683978
2.25639  0.000716433
2.26646  0.000689781
2.27661  0.000717224
2.28661  0.000682825
2.29674  0.000717314
2.30675  0.000691149
2.31693  0.000719745
2.32697  0.000691518
2.33707  0.000712884
2.34699  0.00068741
2.35718  0.000725784
2.36718  0.000692825
2.37736  0.000718801
2.38731  0.000695295
2.39747  0.000719666
2.40745  0.000698401
2.41771  0.000729524
2.42768  0.00069421
2.43831  0.000791063
2.4488  0.000701528
2.45903  0.000734153
2.46903  0.000691635
2.47924  0.000737514
2.48925  0.000698457
2.49935  0.000721625
2.50987  0.000777842
2.52103  0.000805418
2.53157  0.000691231
2.54161  0.000735525
2.55173  0.000713633
2.56188  0.000725189
2.5719  0.000703872
2.58203  0.000743022
2.5921  0.000695927
2.60216  0.000737645
2.61228  0.000715943
2.62245  0.00073422
2.63243  0.000699509
2.64255  0.000744838
2.65255  0.000697948
2.6626  0.000736967
2.67265  0.00071093
2.68274  0.000732594
2.69271  0.000709016
2.70287  0.000748122
2.71293  0.000702858
2.72305  0.000750556
2.73317  0.00071665
2.74324  0.000729848
2.75335  0.000730003
2.76347  0.000733299
2.77346  0.000713677
2.78357  0.000741049
2.79364  0.000723605
2.8037  0.00072938
2.81374  0.000726504
2.82385  0.000734962
2.83431  0.000787047
2.84491  0.000751098
2.85506  0.000721572
2.86518  0.00074679
2.87523  0.000716884
2.88532  0.000747891
2.89533  0.000709987
2.90539  0.000755818
2.91554  0.000720643
2.9256  0.000744684
2.93568  0.000726462
2.94583  0.000750983
2.95581  0.00071031
2.96589  0.000758
2.97601  0.000717956
2.986  0.000741541
2.99604  0.000735198
3.00676  0.000822502
3.01721  0.000709216
3.02724  0.000761724
3.03735  0.000713964
3.04744  0.000761487
3.05753  0.000726472
3.06772  0.000757621
3.07826  0.000790425
3.0888  0.000760887
3.09897  0.000725609
3.10909  0.000758157
3.11914  0.000723203
3.12929  0.000761475
3.13934  0.000716837
3.14945  0.000773483
3.15965  0.000718541
3.16967  0.000754029
3.17967  0.00072691
3.19028  0.000823398
3.20074  0.000716882
3.21074  0.000762458
3.2209  0.000722786
3.23094  0.000758346
3.24094  0.000721369
3.25106  0.000760025
3.26111  0.000720822
3.27119  0.000770298
3.28136  0.000722575
3.29149  0.000767673
3.30155  0.000726471
3.31169  0.000758726
3.32171  0.000718182
3.33176  0.000768183
3.34193  0.000728689
3.35207  0.000762664
3.36213  0.000732847
3.37235  0.000762311
3.3824  0.000723793
3.39243  0.000759077
3.40252  0.000724867
3.41263  0.000765882
3.42276  0.000734514
3.4329  0.000752864
3.44291  0.000728972
3.45305  0.000765596
3.46314  0.000722746
3.47321  0.000759637
3.48326  0.000729465
3.49342  0.000756699
3.50341  0.00072948
3.51354  0.000757803
3.52368  0.000735883
3.53379  0.000755655
3.54383  0.000728536
3.55394  0.00075177
3.56392  0.000729658
3.57401  0.000750974
3.5841  0.000736119
3.59415  0.000744589
3.60461  0.0007991
3.6152  0.000755622
3.6253  0.00073307
3.63583  0.000817345
3.64645  0.00074433
3.65653  0.000740922
3.66662  0.000735511
3.67668  0.0007526
3.68678  0.000727536
3.6968  0.000745164
3.70695  0.00074412
3.71698  0.000739161
3.72716  0.000738184
3.73718  0.000747979
3.74734  0.00073671
3.75738  0.000735938
3.76752  0.000745274
3.77751  0.000733312
3.7876  0.000727677
3.79761  0.000751045
3.8078  0.000733934
3.81779  0.000736769
3.82796  0.000739881
3.83798  0.000733728
3.84799  0.000720414
3.858  0.000756481
3.86826  0.000725919
3.87825  0.000742359
3.88839  0.000729074
3.89843  0.000745184
3.90865  0.00072996
3.91869  0.00074594
3.92881  0.000719373
3.93878  0.000734141
3.94886  0.000725722
3.95891  0.000749239
3.96912  0.000717017
3.97912  0.000744191
3.98927  0.00072711
3.99937  0.000737788
4.00945  0.00072239
4.01954  0.000739864
4.02961  0.000712085
4.03965  0.000745309
4.04977  0.000718137
4.0599  0.000741016
4.07  0.00071728
4.08001  0.000727896
4.09002  0.000715315
4.10016  0.000740398
4.11023  0.000717556
4.12035  0.000731797
4.13047  0.000719499
4.14053  0.00072948
4.15055  0.000711861
4.16068  0.000733511
4.17071  0.000709896
4.18076  0.000721301
4.19082  0.00072331
4.20102  0.000729267
4.21103  0.000707502
4.22115  0.000728559
4.23123  0.000711278
4.2413  0.000720847
4.25139  0.000716361
4.26154  0.000723294
4.27153  0.00070438
4.28168  0.000724043
4.29174  0.000705583
4.30175  0.000716382
4.31187  0.000713995
4.322  0.000711609
4.33195  0.000702429
4.34205  0.000715175
4.35212  0.000707288
4.3622  0.000713962
4.37229  0.000699719
4.38235  0.000716539
4.39245  0.000701435
4.40253  0.000709036
4.41265  0.000708047
4.42273  0.000709916
4.43293  0.00069934
4.44293  0.000706458
4.45299  0.000696357
4.46305  0.000705077
4.47318  0.0006953
4.48319  0.000708226
4.49347  0.000704223
4.50349  0.000694407
4.51354  0.000695402
4.52371  0.00071016
4.5338  0.000678076
4.54374  0.000706611
4.55401  0.000688916
4.56395  0.000699346
4.57412  0.000683427
4.58427  0.000713809
4.59435  0.000663533
4.60473  0.000770343
4.61554  0.00068269
4.6254  0.000690466
4.63559  0.000678133
4.64565  0.000702468
4.65625  0.000727536
4.66654  0.000690733
4.67689  0.000681472
4.68682  0.000690568
4.69703  0.00066884
4.70706  0.000700123
4.71725  0.000656893
4.72714  0.000697134
4.73755  0.000674484
4.74745  0.000680127
4.75759  0.00065935
4.76763  0.000696985
4.77777  0.00064631
4.78764  0.00068592
4.7979  0.000660807
4.80779  0.000674639
4.81792  0.000653401
4.82796  0.000687394
4.83808  0.000646105
4.84815  0.00069194
4.85849  0.000659837
4.86838  0.000659787
4.87846  0.000648542
4.88861  0.000690621
4.8987  0.000636556
4.9087  0.000668051
4.91891  0.000657282
4.92879  0.000647072
4.93887  0.000651446
4.94898  0.000667135
4.95898  0.000633109
4.969  0.000665395
4.97926  0.000651031
4.98918  0.000643486
4.99929  0.000650056
5.00941  0.000656057
5.01941  0.000628057
5.02945  0.000656047
5.03971  0.000650723
5.04967  0.000638273
5.0598  0.000635425
5.06982  0.000646978
5.07983  0.000627318
5.08993  0.000645656
5.10008  0.000633866
5.10995  0.000633002
5.12012  0.000624057
5.13013  0.00064753
5.14023  0.000621312
5.15033  0.00064105
5.16046  0.000618005
5.17038  0.000637141
5.18058  0.000613684
5.19059  0.000639748
5.20067  0.000613376
5.21084  0.00064173
5.22108  0.000616774
5.23114  0.000639962
5.2414  0.000600923
5.25135  0.000634386
5.26189  0.000656433
5.27239  0.000627912
5.28259  0.000604372
5.29244  0.000617514
5.3027  0.000603605
5.31267  0.000622696
5.32274  0.000594836
5.33294  0.000629127
5.34316  0.000598237
5.35309  0.000612562
5.36331  0.00059229
5.3733  0.000616567
5.38342  0.000586438
5.39346  0.0006109
5.40359  0.00058707
5.41365  0.000616871
5.42436  0.00063779
5.43476  0.000601912
5.44489  0.000575313
5.4549  0.000611346
5.46519  0.000586125
5.47521  0.000599172
5.48549  0.000579173
5.49551  0.000603433
5.50563  0.000561937
5.51564  0.000599838
5.52579  0.000568165
5.53576  0.000593442
5.54602  0.000567404
5.556  0.000591314
5.56616  0.000558958
5.5762  0.000599229
5.58638  0.000551044
5.59639  0.000589878
5.60655  0.000555229
5.61654  0.000584186
5.62714  0.000598514
5.63761  0.000591314
5.64782  0.000539757
5.6577  0.000578098
5.66792  0.000548168
5.67793  0.000581557
5.68807  0.000532556
5.69807  0.000582516
5.70825  0.000533146
5.71824  0.000575315
5.7285  0.000544823
5.73854  0.000563518
5.74863  0.000526221
5.7586  0.000571197
5.76871  0.000520749
5.77864  0.000558054
5.7893  0.000591108
5.79989  0.00055623
5.81008  0.000527113
5.82004  0.000551196
5.83024  0.000531793
5.84033  0.000547309
5.85052  0.000529322
5.86052  0.000539805
5.87071  0.000524198
5.88069  0.000538447
5.89083  0.000519615
5.90087  0.00053342
5.91102  0.000525425
5.92103  0.000525783
5.93117  0.000513024
5.94114  0.000529072
5.95128  0.00051486
5.96129  0.000518251
5.97143  0.000517302
5.98147  0.000519188
5.99207  0.000550979
6.00256  0.000527076
6.01284  0.000505849
6.02282  0.000512191
6.03301  0.000505167
6.04302  0.000511821
6.05323  0.000500849
6.06324  0.000513864
6.07346  0.00049148
6.08332  0.000496848
6.09355  0.000505617
6.10365  0.000506973
6.11441  0.00053841
6.12479  0.000492633
6.13501  0.000495506
6.14502  0.000486089
6.15508  0.000487712
6.16511  0.000495116
6.17536  0.000479835
6.18525  0.000487724
6.19555  0.000484606
6.20546  0.000477776
6.21559  0.000479148
6.22563  0.000486493
6.23585  0.000465971
6.24575  0.000479516
6.25601  0.000477434
6.26593  0.000464591
6.27605  0.000468987
6.28607  0.000476829
6.29625  0.000455576
6.30621  0.000475824
6.31651  0.000465414
6.32686  0.000498698
6.33743  0.000455886
6.34746  0.000467971
6.35765  0.000451718
6.36755  0.000459398
6.37779  0.00045081
6.38772  0.000453444
6.39783  0.000446231
6.40793  0.000462434
6.41814  0.000440068
6.42809  0.000455681
6.43831  0.000437576
6.44827  0.000445933
6.45884  0.000478468
6.46938  0.000454198
6.4796  0.000424761
6.48994  0.000483639
6.5007  0.000438496
6.51073  0.000438742
6.52082  0.000421866
6.53086  0.000441026
6.54106  0.000425851
6.55103  0.000430797
6.56122  0.000419131
6.5712  0.000434162
6.5813  0.000413672
6.59136  0.000427394
6.60151  0.000420279
6.61158  0.000425587
6.62174  0.000410826
6.63177  0.000417867
6.64186  0.000415688
6.65203  0.000418403
6.66208  0.00040141
6.67215  0.000421522
6.68248  0.0004123
6.69257  0.000405029
6.70252  0.00040347
6.7128  0.000408398
6.72272  0.000394844
6.73281  0.000408544
6.74315  0.000405883
6.75319  0.000387416
6.76313  0.000406551
6.77349  0.000395922
6.78348  0.000389577
6.79354  0.000394219
6.80372  0.000395543
6.81383  0.00038087
6.82384  0.000398277
6.83457  0.000414841
6.84506  0.000386599
6.85506  0.000380612
6.86523  0.000385335
6.87536  0.000373108
6.88534  0.000385495
6.89555  0.000369688
6.90555  0.000376483
6.91553  0.000373589
6.92631  0.000414759
6.93684  0.000354822
6.94675  0.000382102
6.95711  0.000364104
6.96711  0.000368497
6.9771  0.000356791
6.98728  0.000366222
6.99723  0.000351468
7.00725  0.00037074
7.01741  0.000348589
7.02747  0.000357954
7.03743  0.000355921
7.04819  0.00039096
7.05871  0.000344929
7.06873  0.000360231
7.07888  0.000338964
7.08887  0.000347882
7.09875  0.000338107
7.10907  0.000358367
7.11901  0.000327903
7.12907  0.000354534
7.13978  0.000366699
7.15083  0.000377157
7.16129  0.000324586
7.17138  0.000346698
7.18154  0.000325807
7.19153  0.000340272
7.20173  0.000324868
7.2123  0.000365365
7.22277  0.000321684
7.23285  0.000334943
7.24306  0.000317659
7.253  0.00032859
7.26335  0.000329447
7.27349  0.000320928
7.28397  0.000341151
7.29448  0.000328626
7.30521  0.000339622
7.31557  0.000311518
7.32574  0.000321725
7.33586  0.000308273
7.34588  0.000306547
7.35589  0.000313132
7.36616  0.000309558
7.37611  0.000302333
7.38627  0.000310164
7.39634  0.000300212
7.40637  0.00030029
7.41687  0.000331129
7.42762  0.00030365
7.43768  0.000293678
7.44771  0.00030196
7.45792  0.000293884
7.46802  0.000295048
7.47808  0.000298143
7.4883  0.000286986
7.49874  0.000314129
7.50935  0.000299914
7.51954  0.0002791
7.52956  0.000287065
7.53958  0.000284664
7.54968  0.000283921
7.55976  0.000275305
7.56982  0.00029073
7.58002  0.000273522
7.59002  0.000277224
7.59996  0.000273747
7.61007  0.000276916
7.62016  0.000270397
7.63023  0.000280294
7.64094  0.000293874
7.65148  0.000272652
7.66164  0.000272863
7.67175  0.000263752
7.68176  0.000263363
7.6918  0.000271115
7.70194  0.000256698
7.71199  0.000266193
7.72214  0.000264573
7.73229  0.000258348
7.74236  0.000258155
7.75245  0.000262082
7.76253  0.000249261
7.77266  0.000263918
7.78289  0.000253195
7.793  0.000252791
7.80305  0.000248677
7.81305  0.000252124
7.82313  0.00024538
7.83321  0.000247554
7.84329  0.000247646
7.85392  0.000271022
7.86449  0.000241746
7.87458  0.000246094
7.88461  0.000234007
7.89478  0.000249106
7.90479  0.000231415
7.9149  0.000241734
7.92497  0.000235131
7.93505  0.000236931
7.9451  0.000229907
7.95527  0.000240439
7.96533  0.000224786
7.97539  0.000236833
7.98558  0.000228393
7.99568  0.00022558
8.00564  0.000226565
8.01584  0.000230315
8.02588  0.000218278
8.03596  0.000226692
8.0461  0.000224843
8.05626  0.000219737
8.06685  0.000239069
8.07748  0.000227404
8.08809  0.000232979
8.09872  0.000216291
8.10881  0.000218175
8.11892  0.000211174
8.12895  0.000211971
8.13901  0.000214117
8.14915  0.000206635
8.1592  0.000210607
8.16941  0.000213578
8.17962  0.000204227
8.18954  0.000203424
8.19965  0.000208898
8.20981  0.000199093
8.2199  0.000205766
8.23008  0.000206698
8.24016  0.000194394
8.25033  0.000200157
8.26082  0.000218537
8.27148  0.000197245
8.28161  0.000194289
8.29167  0.000197878
8.3018  0.000190115
8.3118  0.00019
8.32194  0.000198108
8.33209  0.000185183
8.34202  0.000188246
8.35224  0.000192913
8.36226  0.000181181
8.37237  0.000186953
8.38248  0.000189908
8.39265  0.000177733
8.40306  0.000200054
8.41368  0.000186214
8.42378  0.000176289
8.43385  0.000179496
8.44386  0.000181492
8.4541  0.000176436
8.46454  0.000189006
8.47557  0.00019652
8.48628  0.000175085
8.4964  0.000169205
8.5063  0.000175811
8.51662  0.000170725
8.52702  0.000183027
8.53757  0.000171168
8.54772  0.00016786
8.55787  0.000167345
8.56779  0.000165558
8.57811  0.000165153
8.58797  0.00016297
8.59826  0.000166673
8.60827  0.000161194
8.6184  0.000157237
8.62826  0.000163181
8.63864  0.000158074
8.64854  0.000156866
8.65923  0.000177855
8.67033  0.000168668
8.68098  0.000155652
8.69093  0.000155922
8.70132  0.000154674
8.71176  0.000165346
8.72249  0.000155689
8.7325  0.00014802
8.74268  0.000148811
8.75264  0.00014811
8.76336  0.000167464
8.77396  0.000143825
8.78409  0.000149042
8.79425  0.000142015
8.80439  0.000146983
8.81442  0.000143297
8.82507  0.000155507
8.83553  0.000139176
8.84551  0.000139577
8.8557  0.000140865
8.86585  0.000141813
8.8759  0.000134946
8.88607  0.000140417
8.89616  0.000131342
8.90625  0.000140017
8.91647  0.000134812
8.9265  0.000131803
8.93664  0.00013398
8.94679  0.000133024
8.95726  0.000137591
8.96771  0.000134189
8.97794  0.000128861
8.98793  0.000129003
8.9981  0.000124976
9.00873  0.00014296
9.01939  0.000125157
9.02933  0.000122329
9.03947  0.00012625
9.04958  0.000124263
9.05976  0.000121334
9.06973  0.0001238
9.08006  0.000121995
9.08993  0.00011737
9.10006  0.000120215
9.10998  0.000117018
9.1202  0.00011982
9.13027  0.00011796
9.14035  0.000116756
9.15052  0.000115308
9.1607  0.000115841
9.17073  0.000115115
9.18096  0.000111304
9.19146  0.000126231
9.20208  0.000111563
9.21212  0.000108027
9.22227  0.000113277
9.23235  0.000109902
9.24248  0.000107218
9.2527  0.000111612
9.2628  0.000106536
9.27279  0.000104711
9.28306  0.000108644
9.29305  0.00010606
9.30328  0.000103825
9.3134  0.000103888
9.32344  0.000103888
9.33358  0.000100715
9.34366  0.000102742
9.3537  0.00010114
9.36382  9.87394e-05
9.37384  9.91357e-05
9.38392  0.000101611
9.39399  9.60247e-05
9.40416  9.81856e-05
9.41405  9.69254e-05
9.42439  9.77844e-05
9.43515  0.000104866
9.44614  0.000107849
9.4571  9.32654e-05
9.46731  9.56254e-05
9.47729  9.26167e-05
9.48796  0.0001008
9.49869  9.31466e-05
9.50867  8.96067e-05
9.5188  9.1672e-05
9.52903  8.87396e-05
9.53905  9.0007e-05
9.54911  8.80952e-05
9.55944  8.90059e-05
9.56945  8.68158e-05
9.57949  8.47303e-05
9.59009  9.52255e-05
9.60048  8.4558e-05
9.61064  8.35505e-05
9.62088  8.59671e-05
9.63095  8.34543e-05
9.64111  8.27052e-05
9.65122  8.16834e-05
9.66123  8.17639e-05
9.67129  8.16665e-05
9.68165  7.98094e-05
9.6915  7.88429e-05
9.70157  8.1402e-05
9.71199  7.71955e-05
9.72197  8.01398e-05
9.73214  7.67818e-05
9.74224  7.8653e-05
9.7523  7.46802e-05
9.76246  7.71048e-05
9.77279  7.69798e-05
9.7827  7.23217e-05
9.79281  7.55676e-05
9.80302  7.38543e-05
9.81336  7.60076e-05
9.82382  7.43515e-05
9.83421  7.28719e-05
9.84414  7.03662e-05
9.85426  7.19789e-05
9.86446  6.97452e-05
9.87452  7.10508e-05
9.88466  6.86776e-05
9.89472  6.79481e-05
9.90466  6.71122e-05
9.91486  7.07682e-05
9.92543  7.14694e-05
9.93643  7.28359e-05
9.9469  6.76372e-05
9.95711  6.45653e-05
9.96721  6.45375e-05
9.97734  6.82143e-05
9.98759  6.26322e-05
9.99757  6.28487e-05
10.0076  6.43885e-05
10.0179  6.28453e-05
10.0278  5.9573e-05
10.0385  7.23469e-05
10.0494  6.0745e-05
10.0593  5.91182e-05
10.0695  6.21315e-05
10.0797  5.96388e-05
10.0899  5.99689e-05
10.0997  5.8709e-05
10.1101  5.79423e-05
10.12  5.74585e-05
10.1302  6.03974e-05
10.1405  5.66321e-05
10.1506  5.51803e-05
10.1606  5.8527e-05
10.171  5.53865e-05
10.1807  5.23555e-05
10.191  5.8214e-05
10.2012  5.52018e-05
10.2113  5.10359e-05
10.2212  5.62198e-05
10.2323  5.97215e-05
10.2427  5.18516e-05
10.253  5.34172e-05
10.2632  5.15008e-05
10.2733  5.14199e-05
10.2831  5.06601e-05
10.2937  5.24352e-05
10.3037  5.06567e-05
10.314  5.05342e-05
10.3241  4.93537e-05
10.3342  4.75174e-05
10.3441  4.94432e-05
10.3544  4.97705e-05
10.3645  4.58734e-05
10.3747  4.88364e-05
10.3848  4.73319e-05
10.3949  4.48195e-05
10.4049  4.88791e-05
10.4154  4.62148e-05
10.4253  4.48816e-05
10.4355  4.48802e-05
10.4458  4.65925e-05
10.4558  4.42395e-05
10.466  4.46371e-05
10.4765  4.4567e-05
10.4863  4.22553e-05
10.4964  4.29286e-05
10.5066  4.39791e-05
10.5168  4.20503e-05
10.5271  4.27839e-05
10.5371  4.08852e-05
10.5471  4.1055e-05
10.5572  4.12616e-05
10.5675  4.15262e-05
10.5775  3.95448e-05
10.5877  4.08602e-05
10.598  4.07336e-05
10.608  3.89031e-05
10.6181  3.80167e-05
10.6284  3.8936e-05
10.6382  3.83892e-05
10.6485  3.76594e-05
10.6588  3.93934e-05
10.6688  3.71534e-05
10.6791  3.66318e-05
10.6892  3.70095e-05
10.6991  3.6576e-05
10.7095  3.63413e-05
10.7197  3.65162e-05
10.7298  3.54843e-05
10.74  3.40881e-05
10.7502  3.59995e-05
10.7602  3.47377e-05
10.7703  3.32872e-05
10.7805  3.53932e-05
10.7907  3.34411e-05
10.8009  3.25542e-05
10.8113  3.523e-05
10.8213  3.27875e-05
10.8317  3.18503e-05
10.8418  3.31355e-05
10.8517  3.21895e-05
10.862  3.06433e-05
10.8722  3.18685e-05
10.8823  3.18351e-05
10.8924  2.92593e-05
10.9026  3.20055e-05
10.9126  3.07926e-05
10.9227  2.87866e-05
10.933  3.1142e-05
10.9433  3.00636e-05
10.9534  2.82471e-05
10.9633  2.87998e-05
10.9735  2.9096e-05
10.9837  2.81516e-05
10.9939  2.8975e-05
11.0039  2.75355e-05
11.0142  2.76641e-05
11.0244  2.87306e-05
11.0346  2.75261e-05
11.0448  2.56706e-05
11.0549  2.82234e-05
11.0651  2.68131e-05
11.0753  2.51457e-05
11.0857  2.83533e-05
11.0963  2.70629e-05
11.1066  2.49462e-05
11.1165  2.47321e-05
11.1266  2.54941e-05
11.1368  2.56919e-05
11.1471  2.39402e-05
11.1572  2.38797e-05
11.1672  2.51783e-05
11.1771  2.28031e-05
11.1874  2.48019e-05
11.1977  2.32061e-05
11.2076  2.29866e-05
11.2178  2.36581e-05
11.2279  2.28466e-05
11.238  2.23502e-05
11.2482  2.30132e-05
11.2584  2.186e-05
11.2683  2.28758e-05
11.2786  2.15437e-05
11.289  2.24235e-05
11.2991  2.05679e-05
11.3093  2.22729e-05
11.3194  2.11819e-05
11.3294  2.01558e-05
11.3398  2.08353e-05
11.35  2.19715e-05
11.3599  1.88236e-05
11.3702  2.13711e-05
11.3805  1.921e-05
11.3904  2.07153e-05
11.4009  1.87755e-05
11.4109  1.98919e-05
11.421  1.91458e-05
11.4313  1.8881e-05
11.4415  1.85625e-05
11.4513  1.93281e-05
11.4616  1.81453e-05
11.4721  1.92269e-05
11.4822  1.70926e-05
11.4924  1.89781e-05
11.5028  1.76486e-05
11.5128  1.74985e-05
11.5232  1.78665e-05
11.5334  1.736e-05
11.5433  1.63605e-05
11.5537  1.80386e-05
11.5642  1.69259e-05
11.574  1.65539e-05
11.5845  1.68477e-05
11.5951  1.65463e-05
11.6048  1.59843e-05
11.6152  1.55174e-05
11.6254  1.67263e-05
11.6354  1.5731e-05
11.6457  1.51764e-05
11.6559  1.51497e-05
11.6659  1.58295e-05
11.6764  1.56401e-05
11.6867  1.44719e-05
11.6967  1.47659e-05
11.707  1.49035e-05
11.7173  1.43928e-05
11.7274  1.48591e-05
11.7375  1.36378e-05
11.7479  1.49003e-05
11.7577  1.29254e-05
11.7681  1.47287e-05
11.7785  1.40784e-05
11.7885  1.35682e-05
11.7992  1.246e-05
11.8091  1.37476e-05
11.819  1.29745e-05
11.8293  1.30851e-05
11.8403  1.36497e-05
11.85  1.26165e-05
11.8601  1.23192e-05
11.8706  1.25146e-05
11.8808  1.26313e-05
11.891  1.22196e-05
11.9011  1.17622e-05
11.9109  1.21367e-05
11.9213  1.16402e-05
11.9316  1.23968e-05
11.9417  1.08334e-05
11.9518  1.23674e-05
11.9625  1.16297e-05
11.9726  1.09659e-05
11.9831  1.11618e-05
11.9936  1.162e-05
12.0036  1.06737e-05
12.0139  1.07161e-05
12.0242  1.12349e-05
12.0342  1.10006e-05
12.0447  1.01472e-05
12.0549  1.02837e-05
12.0649  1.03238e-05
12.0754  1.02051e-05
12.0858  1.02854e-05
12.0959  9.79476e-06
12.1058  1.01282e-05
12.1163  9.09905e-06
12.1263  1.05082e-05
12.1368  9.30253e-06
12.1469  9.66917e-06
12.1577  1.0304e-05
12.1686  8.87592e-06
12.1789  9.63753e-06
12.1889  8.59805e-06
12.1994  8.90996e-06
12.2094  9.68824e-06
12.2198  8.29778e-06
12.2298  8.78865e-06
12.2403  9.10526e-06
12.2504  8.25023e-06
12.2607  8.18928e-06
12.2712  8.5195e-06
12.2813  8.49753e-06
12.2912  7.80797e-06
12.302  8.31551e-06
12.3116  8.15199e-06
12.3222  8.00405e-06
12.3324  7.65145e-06
12.3427  7.30636e-06
12.3526  8.02752e-06
12.3627  7.83069e-06
12.373  6.75423e-06
12.3833  7.87726e-06
12.3935  7.32029e-06
12.4042  7.63237e-06
12.4148  7.18865e-06
12.425  7.29187e-06
12.4354  7.17199e-06
12.4457  6.79548e-06
12.4564  7.32157e-06
12.4668  6.83238e-06
12.4771  6.40115e-06
12.4875  6.86818e-06
12.4981  7.25487e-06
12.5087  6.5822e-06
12.519  6.07053e-06
12.5292  6.35696e-06
12.5391  6.69355e-06
12.5499  6.07445e-06
12.5602  6.12648e-06
12.5699  5.86061e-06
12.5806  6.17817e-06
12.5906  5.85696e-06
12.6009  6.21276e-06
12.6113  5.56437e-06
12.6216  5.623e-06
12.6316  5.54053e-06
12.6417  6.10621e-06
12.6522  5.19757e-06
12.6624  5.53929e-06
12.6727  5.26361e-06
12.6831  5.51204e-06
12.693  5.3696e-06
12.7039  5.69141e-06
12.7145  5.33637e-06
12.7247  5.08072e-06
12.7353  5.14539e-06
12.7456  5.2638e-06
12.7562  4.84838e-06
12.7662  4.7814e-06
12.7767  4.77902e-06
12.7869  5.03726e-06
12.7977  4.72139e-06
12.8083  4.80554e-06
12.8188  5.17916e-06
12.8287  4.12738e-06
12.8391  4.61752e-06
12.8496  4.10191e-06
12.8597  4.913e-06
12.8705  4.51516e-06
12.8814  4.34969e-06
12.8916  4.41033e-06
12.9023  4.32005e-06
12.9128  4.48562e-06
12.9232  4.03954e-06
12.9338  4.09486e-06
12.9438  4.1946e-06
12.9548  3.8682e-06
12.9648  4.15887e-06
12.9759  3.90862e-06
12.9863  3.61575e-06
12.9965  4.17477e-06
13.0067  3.77732e-06
13.0169  3.49024e-06
13.027  3.53433e-06
13.0379  4.10759e-06
13.0481  3.34902e-06
13.0588  3.32513e-06
13.0684  3.57472e-06
13.0787  3.26457e-06
13.089  3.46406e-06
13.0991  3.7345e-06
13.1097  3.22673e-06
13.1195  3.03407e-06
13.1306  3.18428e-06
13.1415  3.82277e-06
13.1517  2.97371e-06
13.1621  3.05352e-06
13.1722  3.15118e-06
13.1826  3.10878e-06
13.1932  3.36261e-06
13.2041  2.75708e-06
13.2147  3.42357e-06
13.2242  2.64713e-06
13.2349  2.63756e-06
13.2454  2.99438e-06
13.2557  2.77659e-06
13.2665  2.853e-06
13.2772  2.7981e-06
13.2871  2.78515e-06
13.2976  2.8509e-06
13.3087  2.47589e-06
13.3187  3.04177e-06
13.33  2.58892e-06
13.3407  2.37215e-06
13.3507  2.17343e-06
13.3608  2.82057e-06
13.3713  2.75326e-06
13.3813  2.00518e-06
13.3923  2.55588e-06
13.4018  2.47768e-06
13.4123  2.24612e-06
13.423  2.42521e-06
13.4338  2.15359e-06
13.444  2.37463e-06
13.4554  2.25909e-06
13.4656  2.46822e-06
13.4764  2.18757e-06
13.4874  2.14533e-06
13.4978  2.16286e-06
13.5082  2.21939e-06
13.5194  2.00086e-06
13.5293  1.85199e-06
13.54  2.15454e-06
13.5501  2.02335e-06
13.5604  2.01587e-06
13.5715  2.05862e-06
13.582  1.89612e-06
13.5929  1.95662e-06
13.6039  1.83333e-06
13.6137  1.90527e-06
13.6237  1.72206e-06
13.6346  1.75467e-06
13.645  2.01083e-06
13.6555  1.57767e-06
13.6669  1.58501e-06
13.6769  1.97819e-06
13.6875  1.76075e-06
13.698  1.74426e-06
13.7095  1.60032e-06
13.7196  1.70828e-06
13.7306  1.64622e-06
13.7415  1.3891e-06
13.7514  1.71004e-06
13.7618  1.51641e-06
13.7727  1.67798e-06
13.7837  1.52519e-06
13.7945  1.46482e-06
13.8051  1.446e-06
13.8165  1.57834e-06
13.8263  1.43888e-06
13.8369  1.3678e-06
13.8482  1.28757e-06
13.8582  1.53263e-06
13.8684  1.37774e-06
13.8791  1.24856e-06
13.8903  1.26484e-06
13.9009  1.52674e-06
13.9121  1.2746e-06
13.9227  1.24258e-06
13.9336  1.15287e-06
13.9441  1.22363e-06
13.9544  1.28376e-06
13.965  1.3915e-06
13.9761  1.21373e-06
13.9872  1.00879e-06
13.9989  1.27654e-06
14.0087  1.2407e-06
14.0192  1.09507e-06
14.0298  9.66645e-07
14.0395  1.08391e-06
14.0502  1.14317e-06
14.0602  8.65863e-07
14.0704  1.08834e-06
14.0813  1.11365e-06
14.0914  9.88931e-07
14.1022  9.33948e-07
14.1128  1.1009e-06
14.123  7.96646e-07
14.1332  1.05189e-06
14.1455  1.07614e-06
14.1559  9.40731e-07
14.1672  8.16033e-07
14.1778  1.04935e-06
14.1885  1.14537e-06
14.1998  7.02523e-07
14.2105  8.00228e-07
14.2213  9.92933e-07
14.2331  9.27381e-07
14.2436  7.37929e-07
14.2545  9.84788e-07
14.2653  7.29786e-07
14.2745  6.79146e-07
14.285  9.13183e-07
14.2955  7.3724e-07
14.3057  7.05171e-07
14.3159  6.78644e-07
14.3271  8.03321e-07
14.3366  6.78954e-07
14.3474  7.35661e-07
14.3589  8.51223e-07
14.3701  7.45066e-07
14.3799  5.5224e-07
14.3905  7.28732e-07
14.4019  8.61886e-07
14.4128  6.64911e-07
14.4239  6.16226e-07
14.4346  6.24968e-07
14.4456  5.63476e-07
14.4567  6.97884e-07
14.4666  6.71168e-07
14.4772  6.51235e-07
14.4872  5.29345e-07
14.4974  6.14627e-07
14.5081  6.15522e-07
14.5185  4.516e-07
14.5295  6.0496e-07
14.5411  5.7407e-07
14.5508  6.7045e-07
14.5614  4.73626e-07
14.5724  5.60976e-07
14.5823  4.89749e-07
14.5931  5.35837e-07
14.6042  4.12793e-07
14.6149  6.30604e-07
14.6263  4.44634e-07
14.6356  4.84642e-07
14.6469  5.83991e-07
14.6574  4.53484e-07
14.6677  3.9738e-07
14.6793  5.23437e-07
14.6893  4.44535e-07
14.6989  4.04426e-07
14.7097  4.80376e-07
14.7214  4.49559e-07
14.7319  4.9731e-07
14.7422  3.80353e-07
14.7536  3.66642e-07
14.7639  4.69637e-07
14.7742  3.32162e-07
14.7843  3.40477e-07
14.7949  4.61753e-07
14.8055  3.78952e-07
14.8161  3.96099e-07
14.8261  3.90636e-07
14.8362  3.82043e-07
14.8478  3.34875e-07
14.8596  3.30784e-07
14.8704  5.002e-07
14.8819  3.2546e-07
14.89  2.71874e-07
14.9008  3.48946e-07
14.9105  2.82088e-07
14.9221  3.75144e-07
14.9331  2.5457e-07
14.9438  3.92992e-07
14.9545  3.4785e-07
14.9664  2.77963e-07
14.9752  3.00704e-07
14.9871  3.28031e-07
14.9983  2.39177e-07
15.0075  3.25128e-07
15.0174  2.81263e-07
15.0275  2.16055e-07
15.0393  3.2919e-07
15.0501  3.07112e-07
15.0598  2.25467e-07
15.0714  2.74213e-07
15.0804  2.22387e-07
15.0911  3.31856e-07
15.1028  2.63421e-07
15.1124  2.06524e-07
15.1239  2.7341e-07
15.1355  2.06636e-07
15.1453  2.57682e-07
15.1561  2.76538e-07
15.1671  2.08239e-07
15.1772  2.20514e-07
15.1891  2.09377e-07
15.1994  2.97786e-07
15.2096  1.56691e-07
15.2204  2.45052e-07
15.2302  2.13945e-07
15.2418  1.81407e-07
15.2522  1.40342e-07
15.263  2.87846e-07
15.274  2.0256e-07
15.2831  1.92053e-07
15.2947  1.5355e-07
15.304  1.87171e-07
15.3158  1.01979e-07
15.3257  2.30644e-07
15.3364  1.89288e-07
15.347  2.04757e-07
15.3565  1.15949e-07
15.3672  2.23413e-07
15.3776  2.08577e-07
15.3878  1.19334e-07
15.399  1.09261e-07
15.4103  1.4356e-07
15.4191  1.7472e-07
15.4308  1.6077e-07
15.4436  1.91237e-07
15.4526  1.61326e-07
15.4643  1.26137e-07
15.4754  1.61814e-07
15.4846  1.48654e-07
15.4965  1.69463e-07
15.5058  1.45656e-07
15.5168  1.46616e-07
15.528  8.67027e-08
15.5388  9.83882e-08
15.5501  1.93045e-07
15.5605  1.59096e-07
15.5716  1.04859e-07
15.5835  1.0836e-07
15.5949  1.47495e-07
15.6049  1.03923e-07
15.6175  1.29224e-07
15.6287  1.13117e-07
15.6372  7.77171e-08
15.6497  1.31283e-07
15.6599  1.75611e-07
15.6703  1.01782e-07
15.6818  8.97353e-08
15.6949  1.30517e-07
15.7058  9.22838e-08
15.7186  1.03662e-07
15.7292  1.16889e-07
15.7413  1.23668e-07
15.7511  9.88e-08
15.7619  7.53582e-08
15.7725  1.24058e-07
15.7852  7.96058e-08
15.7972  7.26952e-08
15.8075  1.08783e-07
15.8183  6.48603e-08
15.8285  1.26885e-07
15.8412  8.82818e-08
15.8536  5.90697e-08
15.8661  1.03708e-07
15.8775  1.19882e-07
15.8873  4.96299e-08
15.8986  4.65436e-08
15.9082  1.08221e-07
15.9192  6.3351e-08
15.9292  7.1352e-08
15.9406  7.21936e-08
15.9508  5.64133e-08
15.9603  7.44496e-08
15.9728  3.83339e-08
15.9812  6.3857e-08
15.9933  9.25615e-08
16.0063  4.85617e-08
16.0164  9.99357e-08
16.0273  4.33688e-08
16.0375  5.00494e-08
16.0472  6.32662e-08
16.0581  8.9687e-08
16.0682  4.40438e-08
16.0815  6.18344e-08
16.0934  5.57801e-08
16.1038  4.81102e-08
16.1164  3.67095e-08
16.1263  7.72883e-08
16.1367  5.0785e-08
16.1471  6.93379e-08
16.1585  6.74634e-08
16.1686  4.0429e-08
16.1823  4.67946e-08
16.1951  5.0979e-08
16.2051  5.56499e-08
16.2145  3.32244e-08
16.2286  2.93247e-08
16.237  6.79886e-08
16.2474  2.34342e-08
16.2611  4.00826e-08
16.2709  5.02298e-08
16.2811  3.86325e-08
16.2912  4.73974e-08
16.3035  3.23463e-08
16.3132  4.83016e-08
16.3254  3.747e-08
16.3372  4.69722e-08
16.3503  4.59829e-08
16.3599  2.49043e-08
16.3699  5.79445e-08
16.3845  2.48823e-08
16.3951  1.55202e-08
16.4053  2.4481e-08
16.4156  6.43616e-08
16.4288  2.50101e-08
16.4394  3.75168e-08
16.4533  3.12803e-08
16.4608  3.72836e-08
16.474  3.75982e-08
16.4878  2.05179e-08
16.5016  6.57915e-09
16.5113  3.07449e-08
16.5213  3.50539e-08
16.5318  4.57026e-08
16.5412  3.6909e-08
16.5551  3.31574e-08
16.5661  1.72735e-08
16.5734  1.11777e-08
16.5883  2.65154e-08
16.6  1.99857e-08
16.6104  2.54536e-08
16.6212  2.75743e-08
16.6304  2.59e-08
16.644  2.92739e-08
16.6596  1.69185e-08
16.6709  2.31764e-08
16.68  8.59578e-09
16.6922  4.19664e-08
16.7056  2.46019e-08
16.7149  8.5732e-09
16.7305  3.15753e-08
16.7407  2.72181e-08
16.7497  2.41027e-08
16.7644  1.41675e-08
16.7769  1.34665e-08
16.7877  1.1668e-08
16.7972  1.06026e-08
16.8112  4.05511e-08
16.8244  2.02399e-08
16.8377  1.74136e-08
16.8518  1.81041e-08
16.8665  1.21118e-08
16.8806  1.9886e-08
16.8914  1.29344e-08
16.9046  9.66983e-09
16.9152  2.79643e-08
16.9243  7.58804e-09
16.9327  1.4746e-08
16.9475  1.80329e-08
16.9619  1.34207e-08
16.9713  7.10619e-09
16.9808  1.55242e-08
16.994  1.44551e-08
17.0042  1.54633e-08
17.0184  1.60355e-08
17.0286  1.07566e-08
17.0411  8.01951e-09
17.0534  1.19673e-09
17.0642  1.3703e-08
17.0735  6.71256e-09
17.0842  1.84014e-08
17.1045  2.16232e-08
17.1209  6.5526e-09
17.1331  1.54302e-08
17.1432  1.30304e-08
17.1589  4.69326e-09
17.168  5.92308e-09
17.1812  6.38589e-09
17.1908  1.59086e-08
17.2078  1.10817e-08
17.2204  9.83614e-09
17.231  1.05928e-08
17.2413  1.12156e-08
17.2553  7.70655e-09
17.2739  5.85784e-09
17.2821  9.0561e-09
17.3056  1.11481e-08
17.3209  1.40862e-08
17.3449  3.25619e-09
17.3569  1.33589e-08
17.3764  4.67035e-09
17.3818  3.18735e-09
17.3939  1.41847e-08
17.4087  1.10147e-08
17.4242  6.19455e-09
17.4384  3.97598e-09
17.4557  7.63737e-09
17.4643  3.37002e-09
17.4811  6.26417e-09
17.4936  7.77764e-09
17.5074  4.87938e-09
17.525  6.74402e-09
17.5391  5.34739e-09
17.558  4.08778e-09
17.5653  6.58441e-09
17.5843  2.83595e-09
17.6013  8.31892e-09
17.6115  1.01303e-08
17.6298  7.43169e-09
17.647  4.44943e-10
17.6547  1.87236e-09
17.6743  4.888e-09
17.6859  3.43081e-09
17.6979  5.8772e-10
17.7163  8.53707e-09
17.7319  6.32401e-09
17.7507  2.12115e-09
17.769  4.11308e-10
17.7838  6.87974e-09
17.7991  6.24334e-09
17.8103  1.86674e-09
17.822  4.12612e-09
17.8367  1.26043e-09
17.8515  2.81961e-09
17.8599  3.84242e-09
17.8864  6.61723e-09
17.9028  2.26044e-09
17.9155  4.68794e-10
17.9342  4.67851e-09
17.9572  2.04263e-09
17.9709  2.17348e-09
17.9893  2.72477e-09
18.0025  4.57617e-09
18.0097  2.26126e-09
18.0601  3.53211e-09
18.0696  3.78114e-09
18.0888  1.64274e-09
18.0991  3.5946e-09
18.1133  8.89908e-10
18.1458  4.07726e-10
18.1697  3.96205e-10
18.1768  5.45912e-09
18.2116  2.31114e-09
18.2209  2.7537e-09
18.2404  4.76163e-10
18.2569  1.33944e-09
18.2664  1.57679e-09
18.2778  3.55814e-09
18.3311  2.39998e-10
18.344  2.38794e-09
18.3625  1.53116e-09
18.3962  2.54677e-09
18.4079  3.84416e-10
18.4212  3.23402e-10
18.434  1.22348e-09
18.449  1.19297e-09
18.47  1.90846e-09
18.4953  1.82996e-09
18.5502  1.63771e-09
18.5694  4.01354e-10
18.5854  1.43795e-09
18.6156  1.35552e-09
18.6505  1.08487e-09
18.6724  1.67154e-09
18.7011  3.88706e-10
18.7172  1.37384e-09
18.7884  9.81165e-10
18.8229  4.1323e-10
18.8712  1.6316e-09
18.8889  1.48216e-09
18.9258  8.60498e-10
18.9748  3.62304e-10
19.0463  1.158e-09
19.0613  2.82281e-10
19.0812  3.51303e-10
19.1643  5.87814e-10
19.1979  3.31139e-10
19.2627  1.0268e-09
19.2997  1.9871e-10
19.3295  3.25077e-10
19.4351  1.95557e-10
19.4814  2.99975e-10
19.5381  8.14444e-10
19.6585  2.74005e-10
19.875  2.42962e-10
19.912  2.82113e-10
20.1504  1.92714e-10
20.5243  1.33507e-10
