-20.6904  1.22594e-10
-20.3169  1.77351e-10
-20.0785  2.56364e-10
-20.0408  2.24568e-10
-19.8184  2.66981e-10
-19.7049  7.41739e-10
-19.6312  3.01025e-10
-19.6013  1.79572e-10
-19.468  5.10982e-10
-19.4288  9.39215e-10
-19.3297  8.8261e-10
-19.2278  2.59779e-10
-19.2063  1.45705e-09
-19.0949  1.12709e-09
-19.0552  1.35872e-09
-19.0192  1.25898e-09
-19.0029  3.50581e-10
-18.9894  3.75514e-10
-18.9553  5.34671e-10
-18.9116  3.85959e-10
-18.8569  1.38971e-09
-18.8314  1.99102e-09
-18.8168  9.82025e-10
-18.7791  8.60227e-10
-18.7444  4.39938e-10
-18.7219  1.51301e-09
-18.7153  1.44746e-09
-18.6689  3.80036e-10
-18.6456  1.82131e-09
-18.6158  1.08648e-09
-18.5947  2.99806e-09
-18.5876  2.97621e-10
-18.5567  2.04539e-09
-18.5376  8.09746e-10
-18.4973  2.20381e-10
-18.485  3.48071e-09
-18.4713  3.88607e-10
-18.4432  2.87755e-09
-18.408  1.72382e-09
-18.3909  1.46624e-09
-18.3789  7.48471e-10
-18.3695  2.30621e-09
-18.3429  4.86684e-09
-18.3343  1.21585e-09
-18.3115  3.76858e-10
-18.2997  1.61421e-09
-18.2892  4.47462e-10
-18.2429  2.74588e-09
-18.2338  3.87212e-10
-18.2191  7.00904e-09
-18.2072  2.54567e-09
-18.1827  4.38477e-10
-18.1671  1.79887e-09
-18.1471  2.74177e-09
-18.1314  2.64947e-09
-18.1154  4.26123e-09
-18.1033  1.51344e-09
-18.0858  8.79165e-10
-18.0674  4.70665e-09
-18.0569  1.58943e-09
-18.0334  4.25571e-09
-18.0159  2.63607e-09
-18.0038  1.136e-09
-17.9842  6.67715e-09
-17.9698  3.23496e-09
-17.9597  1.57978e-09
-17.9445  6.8855e-09
-17.9262  6.19895e-09
-17.9138  5.1352e-10
-17.9019  5.05164e-10
-17.8854  8.53253e-10
-17.8724  5.74143e-09
-17.8594  1.62528e-09
-17.8423  1.13689e-08
-17.8236  7.92785e-10
-17.7984  5.52778e-09
-17.7935  2.60234e-09
-17.7789  1.53307e-09
-17.7631  4.90708e-09
-17.7575  5.17956e-09
-17.7406  8.24095e-09
-17.7256  1.1892e-08
-17.6953  2.83617e-09
-17.685  4.43294e-09
-17.6773  1.87143e-09
-17.6576  6.90117e-09
-17.649  3.41374e-09
-17.63  6.12689e-09
-17.6157  7.28193e-09
-17.6057  7.31722e-09
-17.5955  5.9042e-09
-17.5718  8.4617e-09
-17.5607  6.24939e-09
-17.5466  2.23145e-09
-17.5347  9.59597e-09
-17.5184  9.60098e-09
-17.5036  8.83933e-09
-17.4956  7.33977e-09
-17.4819  8.30364e-09
-17.4685  5.18203e-09
-17.4516  7.53555e-09
-17.4395  1.47232e-09
-17.4259  1.14605e-08
-17.4062  7.77497e-09
-17.3959  5.09844e-09
-17.3817  9.73362e-09
-17.3702  1.65846e-08
-17.3518  1.62828e-08
-17.3395  7.16866e-09
-17.3308  1.13347e-08
-17.3164  9.8311e-09
-17.3042  6.46782e-09
-17.2933  6.03028e-09
-17.2802  4.42749e-09
-17.2693  9.39157e-09
-17.2571  9.10284e-09
-17.2443  9.78669e-09
-17.2302  2.74879e-08
-17.2214  8.63392e-09
-17.209  5.99706e-09
-17.1952  4.96284e-09
-17.1851  1.34434e-08
-17.1641  1.27556e-08
-17.1504  1.85202e-08
-17.1428  3.09276e-09
-17.1285  2.8584e-08
-17.1161  7.4626e-09
-17.1084  1.79156e-08
-17.0916  8.74003e-09
-17.0755  3.16232e-08
-17.0604  5.97279e-09
-17.0454  1.85958e-08
-17.0351  1.13024e-08
-17.0258  1.46213e-08
-17.0129  7.83008e-09
-17.0001  3.24036e-08
-16.9893  1.45002e-08
-16.9757  1.45367e-08
-16.961  1.29607e-08
-16.9478  2.28088e-08
-16.9373  1.40481e-08
-16.9248  2.18683e-08
-16.9102  2.09547e-08
-16.9004  1.17143e-08
-16.894  7.88705e-09
-16.8839  2.02775e-08
-16.8696  2.80932e-08
-16.8574  3.5217e-08
-16.851  1.54786e-08
-16.8371  9.80358e-09
-16.8278  1.03963e-08
-16.8151  4.14546e-08
-16.803  2.17711e-08
-16.7952  8.32493e-09
-16.7822  1.15559e-08
-16.7689  2.30681e-08
-16.7564  3.879e-08
-16.7489  1.20222e-08
-16.7376  2.21926e-08
-16.7242  4.15643e-08
-16.7107  1.81877e-08
-16.7005  3.01512e-08
-16.6921  1.32706e-08
-16.6792  1.51843e-08
-16.6667  4.72654e-08
-16.6541  2.68275e-08
-16.6451  3.65238e-08
-16.6321  3.73953e-08
-16.621  3.70106e-08
-16.6104  1.3489e-08
-16.5958  1.96766e-08
-16.5802  4.88032e-08
-16.5704  2.53451e-08
-16.5592  2.57681e-08
-16.5465  3.17855e-08
-16.5363  4.78802e-08
-16.5243  2.25609e-08
-16.5144  3.23213e-08
-16.5038  4.89278e-08
-16.4952  3.64602e-08
-16.4795  5.0465e-08
-16.4664  1.58723e-08
-16.4594  4.7996e-08
-16.4444  4.72622e-08
-16.4346  4.64823e-08
-16.422  1.85405e-08
-16.4139  3.63986e-08
-16.4015  2.86816e-08
-16.3904  5.98353e-08
-16.3787  5.2328e-08
-16.3681  2.75731e-08
-16.3588  4.13751e-08
-16.3506  4.85945e-08
-16.3387  3.39123e-08
-16.3286  2.82421e-08
-16.3153  6.36129e-08
-16.3054  3.10831e-08
-16.2963  5.1892e-08
-16.2832  6.75141e-08
-16.2716  5.67771e-08
-16.257  8.54051e-08
-16.2468  6.08571e-08
-16.2353  5.29834e-08
-16.2243  3.60871e-08
-16.2154  3.55895e-08
-16.2049  6.83617e-08
-16.1937  4.06775e-08
-16.185  4.41148e-08
-16.1722  5.74012e-08
-16.1622  8.10335e-08
-16.1504  6.14334e-08
-16.1403  8.12927e-08
-16.1294  6.28225e-08
-16.1186  4.81894e-08
-16.1083  7.17114e-08
-16.0922  9.62409e-08
-16.0825  6.90781e-08
-16.0695  6.27672e-08
-16.0587  5.89621e-08
-16.0496  4.73374e-08
-16.0383  8.98653e-08
-16.0256  7.06367e-08
-16.0134  8.83825e-08
-16.0051  1.12193e-07
-15.9939  6.99704e-08
-15.983  8.33113e-08
-15.9712  5.08301e-08
-15.962  7.07064e-08
-15.951  8.14016e-08
-15.9395  1.12522e-07
-15.9292  7.33401e-08
-15.9185  8.59649e-08
-15.9075  9.9924e-08
-15.8952  6.83453e-08
-15.8853  1.21237e-07
-15.8737  7.78046e-08
-15.8639  8.23432e-08
-15.8514  1.34919e-07
-15.8415  7.60659e-08
-15.8317  1.17005e-07
-15.8193  1.46792e-07
-15.8095  7.18419e-08
-15.7951  8.49662e-08
-15.7848  1.48792e-07
-15.7736  1.06194e-07
-15.7642  1.05831e-07
-15.7532  1.23646e-07
-15.7423  1.02187e-07
-15.7303  1.47618e-07
-15.7208  9.45312e-08
-15.7096  1.2483e-07
-15.7003  8.78677e-08
-15.688  1.15042e-07
-15.6777  1.04634e-07
-15.6655  1.79874e-07
-15.6548  1.19583e-07
-15.6443  1.9825e-07
-15.6342  1.41231e-07
-15.6236  1.23224e-07
-15.6106  7.47238e-08
-15.6017  1.3777e-07
-15.5902  2.4217e-07
-15.5776  1.45697e-07
-15.5677  9.48327e-08
-15.5581  1.84846e-07
-15.5454  1.07157e-07
-15.5368  2.12771e-07
-15.5259  1.32191e-07
-15.5143  1.63694e-07
-15.5033  2.18069e-07
-15.4919  1.41675e-07
-15.4803  1.54275e-07
-15.4698  1.60844e-07
-15.4587  1.5936e-07
-15.448  2.39802e-07
-15.4368  1.91525e-07
-15.4255  1.82999e-07
-15.4157  1.75491e-07
-15.4066  1.54484e-07
-15.3977  1.46615e-07
-15.3856  1.92363e-07
-15.3745  2.39479e-07
-15.3635  2.07807e-07
-15.3533  2.12406e-07
-15.344  1.84131e-07
-15.3308  2.34374e-07
-15.319  2.53033e-07
-15.31  1.61168e-07
-15.2985  2.0954e-07
-15.2879  2.55102e-07
-15.2777  2.63297e-07
-15.2661  2.78784e-07
-15.2561  1.83955e-07
-15.2462  1.88658e-07
-15.2359  2.30683e-07
-15.2236  3.2017e-07
-15.2132  2.38218e-07
-15.2024  2.41183e-07
-15.1914  2.48675e-07
-15.1805  2.64734e-07
-15.1687  3.82822e-07
-15.1575  2.91438e-07
-15.1468  2.19057e-07
-15.1363  3.1299e-07
-15.1261  2.92921e-07
-15.1154  2.66569e-07
-15.1032  2.27223e-07
-15.0945  3.55761e-07
-15.0832  2.77267e-07
-15.0718  3.75766e-07
-15.0616  2.43816e-07
-15.0519  2.85519e-07
-15.0399  3.36814e-07
-15.0303  3.84623e-07
-15.0181  3.64885e-07
-15.0077  3.0977e-07
-14.997  3.3942e-07
-14.9869  3.06958e-07
-14.9754  3.85818e-07
-14.9653  3.81596e-07
-14.9532  2.78201e-07
-14.9451  4.07931e-07
-14.9335  4.08269e-07
-14.9232  3.14661e-07
-14.9132  4.66607e-07
-14.9021  3.18436e-07
-14.8912  4.68395e-07
-14.8802  3.21042e-07
-14.8702  4.24099e-07
-14.859  3.61079e-07
-14.849  5.20282e-07
-14.8397  3.56187e-07
-14.828  4.53131e-07
-14.817  3.73988e-07
-14.8076  4.43949e-07
-14.7964  4.20249e-07
-14.787  5.70634e-07
-14.7749  4.66328e-07
-14.7642  4.73278e-07
-14.7536  4.60586e-07
-14.7432  4.25053e-07
-14.7316  5.5317e-07
-14.7221  5.32042e-07
-14.7106  5.53196e-07
-14.7001  4.34917e-07
-14.6899  5.17649e-07
-14.6777  5.15749e-07
-14.6672  6.60901e-07
-14.6567  5.53487e-07
-14.6458  5.11008e-07
-14.6355  5.41474e-07
-14.6244  6.91446e-07
-14.6134  4.86855e-07
-14.6031  6.20681e-07
-14.5938  5.9069e-07
-14.583  4.11518e-07
-14.572  7.10975e-07
-14.5627  5.99204e-07
-14.5514  6.66162e-07
-14.5399  7.2804e-07
-14.5292  6.18024e-07
-14.5182  7.70053e-07
-14.5075  6.02986e-07
-14.4982  6.29255e-07
-14.4871  6.06855e-07
-14.4765  7.73172e-07
-14.4666  7.42738e-07
-14.4551  5.80934e-07
-14.4445  9.14632e-07
-14.4332  7.83296e-07
-14.4225  7.12471e-07
-14.4127  7.60344e-07
-14.4023  6.541e-07
-14.3916  6.52473e-07
-14.3815  8.605e-07
-14.3712  6.67466e-07
-14.3608  9.9811e-07
-14.3506  8.18839e-07
-14.3402  8.70235e-07
-14.3284  7.1073e-07
-14.3194  7.67861e-07
-14.3083  1.02228e-06
-14.2971  8.92959e-07
-14.286  9.00258e-07
-14.2758  9.40935e-07
-14.2641  9.20485e-07
-14.2544  9.6209e-07
-14.2431  1.01958e-06
-14.2319  8.686e-07
-14.2217  1.13703e-06
-14.2105  8.35563e-07
-14.1998  1.09624e-06
-14.1897  9.52467e-07
-14.1793  9.70018e-07
-14.1682  1.06434e-06
-14.1582  1.19255e-06
-14.1466  1.09951e-06
-14.1356  1.24068e-06
-14.1239  9.936e-07
-14.1139  1.04034e-06
-14.1032  1.30003e-06
-14.0936  1.06103e-06
-14.0829  1.04477e-06
-14.073  1.13494e-06
-14.0622  1.31543e-06
-14.0517  1.20325e-06
-14.0403  1.33189e-06
-14.0306  1.04949e-06
-14.0199  1.24705e-06
-14.0091  1.40061e-06
-13.9984  1.31452e-06
-13.9871  1.30334e-06
-13.977  1.40133e-06
-13.9668  1.14505e-06
-13.9565  1.32994e-06
-13.9465  1.30733e-06
-13.9363  1.44549e-06
-13.9263  1.22329e-06
-13.9158  1.47826e-06
-13.9051  1.60342e-06
-13.8942  1.27593e-06
-13.8837  1.52321e-06
-13.8731  1.68483e-06
-13.8616  1.70927e-06
-13.8514  1.52558e-06
-13.8412  1.42274e-06
-13.8304  1.48235e-06
-13.8192  1.83861e-06
-13.8088  1.66427e-06
-13.7984  1.68503e-06
-13.7878  1.7212e-06
-13.7773  1.71607e-06
-13.7665  1.42214e-06
-13.7552  2.25554e-06
-13.7445  1.52925e-06
-13.7341  1.76267e-06
-13.7239  1.9196e-06
-13.7137  1.53204e-06
-13.703  1.85122e-06
-13.693  2.13691e-06
-13.6821  1.89539e-06
-13.6715  1.96767e-06
-13.6608  1.88523e-06
-13.65  1.89634e-06
-13.6396  1.8625e-06
-13.6299  2.52976e-06
-13.6183  1.9983e-06
-13.608  1.95334e-06
-13.5976  2.10563e-06
-13.5873  2.10507e-06
-13.5764  2.21587e-06
-13.5661  2.15846e-06
-13.555  2.07856e-06
-13.5454  2.27791e-06
-13.534  2.59983e-06
-13.5242  2.0406e-06
-13.5125  2.56863e-06
-13.5027  2.24137e-06
-13.4923  2.43771e-06
-13.4819  2.52811e-06
-13.4716  2.14032e-06
-13.4613  2.217e-06
-13.4505  2.9722e-06
-13.4406  2.59851e-06
-13.4294  2.76162e-06
-13.4194  2.21775e-06
-13.4082  2.74473e-06
-13.3986  2.38287e-06
-13.3877  2.87732e-06
-13.3775  2.81887e-06
-13.367  2.7231e-06
-13.357  2.48509e-06
-13.3461  3.14164e-06
-13.3359  2.68035e-06
-13.3253  3.05875e-06
-13.315  2.9192e-06
-13.3043  3.02591e-06
-13.2937  2.86191e-06
-13.2837  3.20393e-06
-13.273  3.0005e-06
-13.2622  3.18124e-06
-13.2519  3.41509e-06
-13.2412  3.04647e-06
-13.2309  2.96575e-06
-13.2208  3.77443e-06
-13.2099  2.74422e-06
-13.1998  3.63489e-06
-13.1894  3.28329e-06
-13.179  3.57301e-06
-13.168  3.51014e-06
-13.158  3.43447e-06
-13.1473  3.51335e-06
-13.1371  3.6259e-06
-13.1269  3.99724e-06
-13.1165  3.27456e-06
-13.1057  3.91291e-06
-13.0952  3.52459e-06
-13.085  3.71014e-06
-13.0745  4.31299e-06
-13.0638  3.96496e-06
-13.0538  3.4157e-06
-13.0437  3.99134e-06
-13.0333  4.25936e-06
-13.0234  3.87583e-06
-13.0129  4.12624e-06
-13.0022  4.26646e-06
-12.9919  4.06375e-06
-12.9816  4.50746e-06
-12.9713  4.29859e-06
-12.9608  4.49644e-06
-12.9502  4.40037e-06
-12.9402  4.52812e-06
-12.9298  4.19839e-06
-12.9198  4.52077e-06
-12.9092  4.48208e-06
-12.899  4.76377e-06
-12.8886  4.7366e-06
-12.8784  4.73299e-06
-12.8684  5.26576e-06
-12.8581  4.28577e-06
-12.8474  4.78687e-06
-12.8375  5.07189e-06
-12.8271  4.83614e-06
-12.8167  5.76025e-06
-12.8064  4.7654e-06
-12.7964  5.06155e-06
-12.7858  5.63629e-06
-12.7756  5.29876e-06
-12.7653  5.26838e-06
-12.7551  6.00136e-06
-12.7445  4.81852e-06
-12.7346  5.72447e-06
-12.7238  5.58496e-06
-12.7137  6.1973e-06
-12.7032  5.07488e-06
-12.6933  6.52477e-06
-12.6828  5.40412e-06
-12.6724  5.75168e-06
-12.6622  6.2691e-06
-12.6521  6.51359e-06
-12.6411  6.15577e-06
-12.6311  6.55991e-06
-12.6205  5.87362e-06
-12.6104  6.67369e-06
-12.5997  6.15099e-06
-12.59  6.60703e-06
-12.5794  6.17521e-06
-12.5699  7.161e-06
-12.5593  6.68321e-06
-12.5491  5.73655e-06
-12.5389  7.47779e-06
-12.5289  7.01263e-06
-12.5181  6.95766e-06
-12.5081  7.66253e-06
-12.4974  6.87983e-06
-12.4874  6.86283e-06
-12.4769  7.47848e-06
-12.4667  7.80567e-06
-12.4562  7.56695e-06
-12.4461  7.37541e-06
-12.436  7.63986e-06
-12.4255  7.11677e-06
-12.4154  8.49861e-06
-12.4054  8.21657e-06
-12.3948  7.46563e-06
-12.3847  8.58813e-06
-12.3741  8.18353e-06
-12.3638  7.97329e-06
-12.3539  8.25686e-06
-12.3437  8.20936e-06
-12.3333  9.07067e-06
-12.3232  8.22466e-06
-12.3128  9.06704e-06
-12.3026  8.34943e-06
-12.2925  8.6001e-06
-12.2823  9.53728e-06
-12.2719  9.07397e-06
-12.2616  8.93048e-06
-12.2515  9.34443e-06
-12.2408  9.36912e-06
-12.2307  9.94272e-06
-12.2207  8.60346e-06
-12.2106  1.01128e-05
-12.2003  9.17649e-06
-12.1899  1.0527e-05
-12.1798  9.24063e-06
-12.1696  1.00067e-05
-12.1595  1.04387e-05
-12.1493  1.06584e-05
-12.1392  9.54705e-06
-12.1289  1.07725e-05
-12.1187  1.01081e-05
-12.1081  1.16593e-05
-12.0977  1.07676e-05
-12.0876  1.10333e-05
-12.0772  1.06539e-05
-12.067  1.17555e-05
-12.0569  1.03338e-05
-12.0467  1.14331e-05
-12.0368  1.17573e-05
-12.0263  1.13667e-05
-12.0162  1.09888e-05
-12.0058  1.30559e-05
-11.9959  1.10688e-05
-11.9855  1.18098e-05
-11.9756  1.2444e-05
-11.9651  1.27113e-05
-11.9549  1.23014e-05
-11.9444  1.34953e-05
-11.9346  1.09868e-05
-11.9243  1.33088e-05
-11.9141  1.32275e-05
-11.9037  1.33809e-05
-11.8938  1.22295e-05
-11.8836  1.38547e-05
-11.873  1.37149e-05
-11.8623  1.38904e-05
-11.8523  1.37951e-05
-11.8423  1.37643e-05
-11.8322  1.36348e-05
-11.8219  1.42103e-05
-11.8118  1.38604e-05
-11.8014  1.54339e-05
-11.7916  1.39131e-05
-11.7809  1.53575e-05
-11.7709  1.44039e-05
-11.7608  1.49031e-05
-11.7504  1.5518e-05
-11.7399  1.58835e-05
-11.7297  1.47329e-05
-11.7197  1.5979e-05
-11.7095  1.59127e-05
-11.6992  1.54276e-05
-11.6891  1.63214e-05
-11.6788  1.63329e-05
-11.6689  1.59942e-05
-11.6585  1.68669e-05
-11.6483  1.72836e-05
-11.638  1.62689e-05
-11.6276  1.75056e-05
-11.6174  1.72511e-05
-11.6071  1.63666e-05
-11.5971  1.88046e-05
-11.587  1.76308e-05
-11.576  1.93621e-05
-11.5653  1.73069e-05
-11.5553  1.87899e-05
-11.5451  1.7771e-05
-11.5353  1.92239e-05
-11.5249  1.80737e-05
-11.5147  1.84875e-05
-11.5044  1.99975e-05
-11.4946  1.8629e-05
-11.484  1.93037e-05
-11.474  2.10877e-05
-11.464  1.8714e-05
-11.4536  1.97445e-05
-11.4433  2.03253e-05
-11.4335  2.05501e-05
-11.423  2.0613e-05
-11.4132  2.12782e-05
-11.4027  2.00409e-05
-11.3926  2.18123e-05
-11.3823  2.13349e-05
-11.3723  2.1196e-05
-11.3619  2.08073e-05
-11.3521  2.34015e-05
-11.3417  2.22503e-05
-11.3316  2.18277e-05
-11.3214  2.16261e-05
-11.3114  2.43231e-05
-11.3007  2.20311e-05
-11.291  2.48378e-05
-11.2805  2.23302e-05
-11.2705  2.34075e-05
-11.2603  2.38074e-05
-11.25  2.50764e-05
-11.2398  2.30901e-05
-11.2298  2.65174e-05
-11.2189  2.54962e-05
-11.2084  2.6012e-05
-11.198  2.35828e-05
-11.1882  2.65406e-05
-11.1778  2.43306e-05
-11.1681  2.75583e-05
-11.1575  2.48956e-05
-11.1475  2.6926e-05
-11.1373  2.61467e-05
-11.1272  2.71167e-05
-11.1169  2.7259e-05
-11.107  2.65409e-05
-11.0968  2.69851e-05
-11.0866  2.98065e-05
-11.0758  2.85903e-05
-11.0654  2.89463e-05
-11.0546  3.15617e-05
-11.0439  2.94777e-05
-11.0339  2.82416e-05
-11.0238  2.95108e-05
-11.0134  2.85936e-05
-11.0036  3.07941e-05
-10.9934  2.89191e-05
-10.9834  3.09581e-05
-10.9731  3.06728e-05
-10.9633  3.08072e-05
-10.9529  3.02626e-05
-10.9428  3.20018e-05
-10.9327  3.18001e-05
-10.9226  3.12587e-05
-10.9127  3.15284e-05
-10.9026  3.23318e-05
-10.8922  3.27926e-05
-10.8823  3.4013e-05
-10.8721  3.29418e-05
-10.8621  3.33041e-05
-10.8519  3.37243e-05
-10.8417  3.51371e-05
-10.8314  3.42437e-05
-10.8214  3.47258e-05
-10.8107  3.8628e-05
-10.8002  3.48117e-05
-10.79  3.70296e-05
-10.7801  3.52571e-05
-10.7697  3.61952e-05
-10.7596  3.72372e-05
-10.7494  3.69589e-05
-10.7396  3.63071e-05
-10.7292  3.95265e-05
-10.719  3.63851e-05
-10.7088  3.93556e-05
-10.6988  3.81548e-05
-10.6886  3.85594e-05
-10.6785  3.9913e-05
-10.6682  4.10337e-05
-10.6581  3.84802e-05
-10.648  4.02507e-05
-10.6379  4.03792e-05
-10.6273  4.48847e-05
-10.6168  4.217e-05
-10.6064  4.25945e-05
-10.5963  3.95743e-05
-10.5857  4.80625e-05
-10.5752  4.20276e-05
-10.565  4.28344e-05
-10.555  4.46379e-05
-10.5448  4.24617e-05
-10.5346  4.45457e-05
-10.5245  4.39713e-05
-10.5145  4.47572e-05
-10.5042  4.51193e-05
-10.4944  4.68893e-05
-10.4839  4.45874e-05
-10.474  4.65322e-05
-10.4639  4.69561e-05
-10.4537  4.71985e-05
-10.4435  4.58454e-05
-10.4336  4.95957e-05
-10.4232  4.68204e-05
-10.4132  4.99328e-05
-10.403  4.96819e-05
-10.3928  4.84904e-05
-10.3825  4.80732e-05
-10.3728  5.37467e-05
-10.3623  4.89099e-05
-10.3519  5.5105e-05
-10.3413  5.10777e-05
-10.3312  5.26924e-05
-10.321  5.1818e-05
-10.3113  5.28474e-05
-10.3009  5.24887e-05
-10.2908  5.27144e-05
-10.2807  5.50555e-05
-10.2706  5.31561e-05
-10.2605  5.48858e-05
-10.2507  5.62367e-05
-10.2403  5.47813e-05
-10.2301  5.6396e-05
-10.2201  5.69543e-05
-10.2098  5.61609e-05
-10.1997  5.85871e-05
-10.1897  5.7357e-05
-10.1794  5.8851e-05
-10.1692  5.88553e-05
-10.1593  5.87313e-05
-10.149  5.97913e-05
-10.1384  6.70894e-05
-10.1279  5.84776e-05
-10.1177  6.39809e-05
-10.1074  6.08664e-05
-10.0976  5.98622e-05
-10.0873  6.35049e-05
-10.0771  6.45307e-05
-10.0671  6.17228e-05
-10.057  6.58027e-05
-10.0468  6.32431e-05
-10.0369  6.23731e-05
-10.0267  6.80855e-05
-10.0164  6.7444e-05
-10.0065  6.30054e-05
-9.99595  7.55751e-05
-9.98529  6.56788e-05
-9.97482  7.46401e-05
-9.96423  6.71301e-05
-9.95397  7.36873e-05
-9.94385  6.67241e-05
-9.93382  7.09321e-05
-9.92371  6.78592e-05
-9.91357  7.29715e-05
-9.90352  7.14102e-05
-9.89334  7.42929e-05
-9.88319  6.89728e-05
-9.87304  7.60856e-05
-9.86301  7.27862e-05
-9.85259  7.63173e-05
-9.84278  7.16482e-05
-9.83245  7.94476e-05
-9.82241  7.25867e-05
-9.81221  7.94297e-05
-9.80227  7.51767e-05
-9.79181  7.92924e-05
-9.782  7.6121e-05
-9.77177  8.07281e-05
-9.76176  7.80019e-05
-9.75154  8.11799e-05
-9.74169  7.91749e-05
-9.73138  7.97182e-05
-9.72156  8.15056e-05
-9.71113  8.39643e-05
-9.7012  8.2304e-05
-9.69038  9.32202e-05
-9.68001  8.2707e-05
-9.66958  8.61063e-05
-9.65963  8.37625e-05
-9.64936  8.64129e-05
-9.63955  8.83405e-05
-9.6291  8.58639e-05
-9.61915  8.76091e-05
-9.6089  8.93418e-05
-9.59898  8.75732e-05
-9.58872  9.18869e-05
-9.57877  8.92179e-05
-9.56841  9.08493e-05
-9.55852  9.20278e-05
-9.54818  9.25648e-05
-9.5382  9.20266e-05
-9.52805  9.29884e-05
-9.51808  9.64954e-05
-9.50774  9.29875e-05
-9.49772  9.53528e-05
-9.4876  9.66819e-05
-9.47755  9.60403e-05
-9.46735  9.79116e-05
-9.45738  9.68413e-05
-9.44712  9.96363e-05
-9.43712  0.00010048
-9.42709  9.8588e-05
-9.41691  0.00010014
-9.40674  0.000103111
-9.39681  0.000100684
-9.38662  0.000103466
-9.37656  0.000101624
-9.36654  0.000104714
-9.35641  0.000103352
-9.34624  0.000109436
-9.33586  0.000111884
-9.32527  0.00010562
-9.31517  0.000112035
-9.30512  0.000106921
-9.29494  0.000106646
-9.28478  0.000115433
-9.27475  0.000108045
-9.2645  0.000113186
-9.25446  0.000110968
-9.24449  0.000111319
-9.23435  0.000113716
-9.22406  0.000118796
-9.21414  0.000111079
-9.20394  0.000115759
-9.19392  0.000118817
-9.18382  0.000117659
-9.17319  0.000126638
-9.16256  0.000123884
-9.15255  0.000117912
-9.14227  0.000121399
-9.13232  0.000120865
-9.12222  0.000121018
-9.11219  0.000122404
-9.102  0.000125984
-9.092  0.000124145
-9.08171  0.000123995
-9.07183  0.000128512
-9.06159  0.000124264
-9.05161  0.000127801
-9.04133  0.000130507
-9.03144  0.000129703
-9.02124  0.000125256
-9.01132  0.000135859
-9.00108  0.000128675
-8.9911  0.000133088
-8.98076  0.000136713
-8.97043  0.000145517
-8.95967  0.0001337
-8.94971  0.000140208
-8.93944  0.000134169
-8.92944  0.000138947
-8.91923  0.000140483
-8.90932  0.000138337
-8.89902  0.000137523
-8.88909  0.000145145
-8.879  0.000140649
-8.86897  0.000142721
-8.8587  0.000144559
-8.84872  0.000146383
-8.83852  0.000142716
-8.82857  0.00015114
-8.81831  0.000145058
-8.80831  0.000147149
-8.79764  0.000167707
-8.78698  0.000152213
-8.77644  0.000160612
-8.766  0.000155934
-8.7558  0.000151603
-8.74577  0.000152765
-8.73561  0.000153919
-8.72566  0.000160476
-8.71547  0.000152795
-8.7054  0.000160707
-8.69532  0.000157289
-8.68509  0.00016275
-8.67484  0.000163667
-8.66488  0.00016077
-8.6547  0.000157462
-8.64467  0.000169444
-8.63452  0.000162376
-8.62445  0.000166092
-8.61431  0.000166451
-8.60435  0.000168986
-8.59414  0.000164465
-8.58365  0.000188583
-8.57308  0.000170499
-8.56296  0.000169538
-8.55282  0.000176486
-8.54277  0.000173688
-8.53258  0.00016876
-8.52221  0.000196802
-8.51156  0.000176607
-8.50145  0.000174549
-8.49127  0.00018504
-8.48121  0.000177493
-8.47104  0.00018147
-8.461  0.000183094
-8.45087  0.00018361
-8.4409  0.000176757
-8.43063  0.000193936
-8.42069  0.000179625
-8.4106  0.000187511
-8.40051  0.000190328
-8.39037  0.000191007
-8.38031  0.000182967
-8.37008  0.000201608
-8.35959  0.000207217
-8.34884  0.000194071
-8.33849  0.000209751
-8.32793  0.000198323
-8.31769  0.000197799
-8.30757  0.000199146
-8.2976  0.000200033
-8.28729  0.000198886
-8.27743  0.000199513
-8.26732  0.000204252
-8.25713  0.000202755
-8.24703  0.000205099
-8.23723  0.00020421
-8.22692  0.000205738
-8.21693  0.000210176
-8.20681  0.000207367
-8.19678  0.000212183
-8.18659  0.000208886
-8.17668  0.000216668
-8.16589  0.000228132
-8.15557  0.000216798
-8.14548  0.00021545
-8.13538  0.000218512
-8.12453  0.000240927
-8.11443  0.000213373
-8.10407  0.000224975
-8.09398  0.000224139
-8.08389  0.000223213
-8.07383  0.000221197
-8.06356  0.000230275
-8.05372  0.000224585
-8.04337  0.000230117
-8.03332  0.000232292
-8.0226  0.000253443
-8.01206  0.000228409
-8.00181  0.000240611
-7.99188  0.000229694
-7.98176  0.000233791
-7.97161  0.00024259
-7.9615  0.000235079
-7.95154  0.00023447
-7.94135  0.000246769
-7.93136  0.000237585
-7.92125  0.000238349
-7.91116  0.000252102
-7.90117  0.000236567
-7.89112  0.000248106
-7.88089  0.000251268
-7.87089  0.000246447
-7.86083  0.000246013
-7.85063  0.000259725
-7.84073  0.000244024
-7.83061  0.000256077
-7.82041  0.000255658
-7.8105  0.000254606
-7.80041  0.000254944
-7.79015  0.000266091
-7.78025  0.000253496
-7.77015  0.000257627
-7.76007  0.000267181
-7.75006  0.00026218
-7.73996  0.000262362
-7.72974  0.000271622
-7.71981  0.000261592
-7.70975  0.000266523
-7.69955  0.000275801
-7.68954  0.000269564
-7.67941  0.000272665
-7.66913  0.000278627
-7.65925  0.000268681
-7.64921  0.000274674
-7.63894  0.000284814
-7.62889  0.000280107
-7.61866  0.000277524
-7.60856  0.000283348
-7.59863  0.000282112
-7.58849  0.000281607
-7.57826  0.00029196
-7.56826  0.000285002
-7.55813  0.000284942
-7.54758  0.000319722
-7.53706  0.000290094
-7.52701  0.000286814
-7.51678  0.00030397
-7.50676  0.000291275
-7.49667  0.000290811
-7.48656  0.000303753
-7.47652  0.000299021
-7.46646  0.000291935
-7.45625  0.000308905
-7.44637  0.00029917
-7.43624  0.000301972
-7.42606  0.000312683
-7.41603  0.000301814
-7.40607  0.000301321
-7.39584  0.000320813
-7.3858  0.000310186
-7.37563  0.000309219
-7.36501  0.000349162
-7.3542  0.000333611
-7.34379  0.000315478
-7.33355  0.000324052
-7.32354  0.000321512
-7.3134  0.000311839
-7.30342  0.00032785
-7.29335  0.000321324
-7.28316  0.000331248
-7.27295  0.00032855
-7.26243  0.000358787
-7.25177  0.000327647
-7.24173  0.000339985
-7.2315  0.000331724
-7.22148  0.000330815
-7.21074  0.000375482
-7.20026  0.000332059
-7.19009  0.000341275
-7.17995  0.000348011
-7.16975  0.00034005
-7.15983  0.000334485
-7.14966  0.00035416
-7.13961  0.000339003
-7.1295  0.000348683
-7.11945  0.000353378
-7.10936  0.000344976
-7.09937  0.000348416
-7.08912  0.000360655
-7.07913  0.000353557
-7.069  0.000353174
-7.05884  0.000367199
-7.04865  0.000356592
-7.03825  0.000388575
-7.02758  0.000370567
-7.01711  0.000390707
-7.00662  0.000358744
-6.99662  0.000375757
-6.9864  0.000364302
-6.97651  0.000363128
-6.96634  0.000378804
-6.95623  0.00037614
-6.94617  0.000363736
-6.93611  0.000384925
-6.92582  0.000380146
-6.91597  0.000371568
-6.90578  0.000383048
-6.89572  0.000383553
-6.88515  0.000413794
-6.87467  0.000390196
-6.86445  0.000389697
-6.85452  0.000376674
-6.84432  0.000401524
-6.83422  0.000390455
-6.82417  0.000384593
-6.81409  0.000404384
-6.80382  0.00039998
-6.79392  0.000382544
-6.7838  0.000408131
-6.77366  0.000405814
-6.76359  0.000388581
-6.75361  0.00041288
-6.7434  0.000402473
-6.73347  0.000399468
-6.72325  0.000414027
-6.71322  0.000415346
-6.70259  0.000437521
-6.69216  0.000420056
-6.68192  0.000418749
-6.67194  0.000400768
-6.66183  0.000427571
-6.65169  0.000424867
-6.64161  0.0004039
-6.63166  0.000428283
-6.62143  0.000429585
-6.61144  0.000413701
-6.60134  0.000429745
-6.59122  0.000436721
-6.5811  0.000411993
-6.57117  0.000437374
-6.56052  0.000482531
-6.54988  0.000421287
-6.5398  0.000441948
-6.52974  0.000443997
-6.51947  0.000432931
-6.50956  0.000437143
-6.49935  0.000456301
-6.48917  0.000432198
-6.47923  0.000440206
-6.46911  0.000462334
-6.45881  0.000437374
-6.44899  0.000445211
-6.43885  0.000461704
-6.42864  0.000443459
-6.41815  0.000496017
-6.40769  0.000462892
-6.39746  0.000445592
-6.3875  0.000464812
-6.37738  0.000458459
-6.3672  0.00046513
-6.35725  0.000451436
-6.34721  0.000479421
-6.33688  0.000455916
-6.32698  0.000471321
-6.31691  0.000470274
-6.30669  0.000473499
-6.29667  0.000460056
-6.28665  0.000493208
-6.2764  0.000458105
-6.2665  0.000480655
-6.25639  0.000482335
-6.24618  0.000482164
-6.23623  0.000467107
-6.22618  0.000499527
-6.21594  0.000472728
-6.20601  0.000490398
-6.19593  0.000488235
-6.18574  0.000492676
-6.17575  0.000475067
-6.16567  0.000513651
-6.15552  0.000478674
-6.14552  0.000499291
-6.13539  0.000498411
-6.12523  0.000505033
-6.11525  0.000483804
-6.1052  0.000514017
-6.09507  0.000493044
-6.08505  0.00050755
-6.07497  0.00050515
-6.06485  0.000508756
-6.05491  0.000495835
-6.04475  0.00052816
-6.03464  0.000499555
-6.02465  0.000514384
-6.0145  0.000515286
-6.00439  0.00052438
-5.99439  0.000502914
-5.98423  0.000531979
-5.97418  0.000513728
-5.96411  0.000523745
-5.95398  0.000524796
-5.94388  0.000530262
-5.93342  0.000558437
-5.92284  0.000543363
-5.91276  0.000523951
-5.90267  0.000528552
-5.89263  0.000532329
-5.88253  0.000542834
-5.8725  0.000517343
-5.86238  0.000548584
-5.85232  0.000538587
-5.8422  0.000535856
-5.83218  0.000538456
-5.82161  0.000605506
-5.81109  0.000521912
-5.80102  0.000563713
-5.79099  0.000538284
-5.78084  0.000552744
-5.77077  0.000545256
-5.76073  0.000562796
-5.75067  0.000532218
-5.74055  0.00056876
-5.73051  0.00055877
-5.72031  0.000558266
-5.71025  0.000548589
-5.70027  0.00057259
-5.69017  0.000546531
-5.68003  0.000576498
-5.66998  0.0005692
-5.65978  0.000557658
-5.64977  0.000568273
-5.63968  0.000583072
-5.62951  0.000556137
-5.61941  0.000580069
-5.6094  0.000574684
-5.59927  0.000565096
-5.58931  0.000572755
-5.5792  0.000591134
-5.56908  0.000566328
-5.55893  0.000588559
-5.54898  0.000576174
-5.53879  0.000584842
-5.52876  0.000579453
-5.51875  0.00059017
-5.50861  0.000583105
-5.49837  0.000598346
-5.48842  0.000585539
-5.4782  0.000596005
-5.46818  0.000582131
-5.45817  0.000600309
-5.44803  0.000593177
-5.43788  0.000595843
-5.42798  0.000595633
-5.41776  0.000601124
-5.40777  0.000591508
-5.39771  0.000608756
-5.38762  0.000601422
-5.37743  0.000606512
-5.36747  0.000605379
-5.3572  0.00061625
-5.34713  0.000602189
-5.33699  0.000620278
-5.32688  0.000613165
-5.31667  0.000612272
-5.30672  0.000607095
-5.29658  0.000621857
-5.28652  0.000609561
-5.27651  0.000612837
-5.26641  0.000630761
-5.25619  0.000613585
-5.2463  0.000613748
-5.23615  0.000634139
-5.22603  0.000615196
-5.21602  0.000622328
-5.20588  0.000641398
-5.19573  0.000611098
-5.18584  0.000624648
-5.17528  0.000695223
-5.16466  0.000631896
-5.15457  0.000624806
-5.14456  0.000643403
-5.13436  0.000628995
-5.12431  0.000637724
-5.11431  0.000634478
-5.10417  0.000637631
-5.09408  0.00063415
-5.08406  0.000660084
-5.07379  0.000628868
-5.06378  0.000641481
-5.05379  0.000650748
-5.04353  0.000651992
-5.03348  0.000625119
-5.02357  0.000668436
-5.01331  0.000633445
-5.00336  0.000646329
-4.99336  0.000659938
-4.98311  0.0006537
-4.97305  0.000637917
-4.96312  0.000675687
-4.9524  0.00069823
-4.94191  0.000657739
-4.93198  0.000661202
-4.92177  0.000659321
-4.91159  0.000655489
-4.90174  0.000662911
-4.89151  0.00065959
-4.88143  0.000657717
-4.87156  0.000664605
-4.8613  0.000672306
-4.85112  0.000660189
-4.8413  0.000668351
-4.83101  0.000670936
-4.8209  0.000660816
-4.81106  0.000676007
-4.80079  0.000671376
-4.7907  0.000659942
-4.78086  0.000682647
-4.77055  0.000677384
-4.76046  0.000663698
-4.75058  0.000685968
-4.74026  0.000676872
-4.7302  0.000670925
-4.72035  0.000679692
-4.7101  0.000685798
-4.69994  0.000670951
-4.6901  0.000688079
-4.67984  0.00068354
-4.66975  0.000671979
-4.65992  0.000687784
-4.64965  0.00069513
-4.63951  0.000668179
-4.62969  0.000695757
-4.61936  0.000695718
-4.60927  0.00067713
-4.59941  0.000692269
-4.58871  0.000760044
-4.57805  0.000686489
-4.56816  0.000695006
-4.55793  0.000701618
-4.54777  0.000684126
-4.53783  0.000702739
-4.52762  0.000702124
-4.5174  0.000694621
-4.50748  0.000694071
-4.49731  0.000708293
-4.48712  0.000695569
-4.47718  0.000692461
-4.46712  0.000707048
-4.45686  0.000701699
-4.44695  0.000694248
-4.43682  0.000717633
-4.42652  0.000703501
-4.41656  0.000696234
-4.40647  0.000721623
-4.39614  0.000705512
-4.38622  0.000693326
-4.37618  0.000719736
-4.36594  0.000705192
-4.35604  0.000691347
-4.34598  0.000730019
-4.33571  0.000699581
-4.32582  0.000701676
-4.3158  0.000720947
-4.30561  0.000700558
-4.29571  0.000700907
-4.28568  0.000732987
-4.27549  0.000693989
-4.26554  0.000710856
-4.25548  0.000732249
-4.24523  0.00071122
-4.2352  0.000707071
-4.22518  0.000736273
-4.21492  0.000703461
-4.205  0.000708091
-4.19499  0.000739191
-4.18472  0.000707224
-4.17478  0.000704642
-4.16483  0.000743144
-4.15453  0.000706052
-4.14409  0.000783584
-4.13361  0.000742795
-4.1233  0.000716179
-4.11328  0.00070681
-4.10342  0.000739668
-4.09309  0.000722144
-4.08302  0.000716323
-4.07312  0.000732532
-4.06287  0.000724975
-4.05277  0.000714531
-4.0429  0.00074456
-4.03261  0.0007124
-4.0226  0.000719946
-4.01274  0.000732716
-4.00251  0.000729264
-3.99243  0.000709334
-3.98254  0.000754423
-3.97221  0.000717964
-3.96218  0.000724437
-3.95225  0.000739024
-3.94201  0.000729257
-3.93194  0.00071618
-3.92157  0.000817227
-3.91076  0.000729159
-3.90064  0.000729327
-3.89079  0.000734534
-3.88059  0.00073133
-3.87035  0.000736376
-3.86046  0.000737913
-3.85015  0.000740601
-3.83995  0.00073262
-3.83007  0.00073346
-3.81991  0.00073367
-3.80963  0.000744428
-3.79977  0.000727213
-3.78962  0.000735556
-3.77944  0.000733624
-3.76958  0.000729876
-3.75946  0.00073991
-3.74918  0.00074052
-3.73938  0.000724004
-3.72919  0.000746027
-3.71905  0.000724505
-3.70918  0.000736593
-3.69904  0.000744438
-3.68882  0.000730656
-3.67896  0.000736302
-3.66874  0.000747231
-3.65856  0.000733693
-3.64856  0.000740075
-3.63845  0.000745764
-3.62821  0.000730486
-3.61828  0.000745274
-3.60762  0.000810401
-3.59696  0.000739984
-3.58694  0.000733483
-3.577  0.000738551
-3.56665  0.000752574
-3.55664  0.0007255
-3.5466  0.000751899
-3.53632  0.00074377
-3.52629  0.00072805
-3.51633  0.000745973
-3.50597  0.000749778
-3.49598  0.00072792
-3.48597  0.000746523
-3.47575  0.000738161
-3.46573  0.000725153
-3.45588  0.0007464
-3.44555  0.000742449
-3.43553  0.000730273
-3.42551  0.000750078
-3.41527  0.000743761
-3.40518  0.000723859
-3.3954  0.000738462
-3.38512  0.000740985
-3.37513  0.00072906
-3.36513  0.000751922
-3.35486  0.000739228
-3.34472  0.000729588
-3.33488  0.000751279
-3.32452  0.000738588
-3.31455  0.000717857
-3.30462  0.000757442
-3.29434  0.000737161
-3.28423  0.000725568
-3.27435  0.000754698
-3.26398  0.000735821
-3.25395  0.000732606
-3.24398  0.000746283
-3.23375  0.000735463
-3.22316  0.000792326
-3.21244  0.000817394
-3.20163  0.000735832
-3.1914  0.000751512
-3.18146  0.000721564
-3.17147  0.000731325
-3.16117  0.000750011
-3.15134  0.000723533
-3.14119  0.000728614
-3.13101  0.000753308
-3.12111  0.000716228
-3.11096  0.000745025
-3.10062  0.000743901
-3.09078  0.000728545
-3.08058  0.0007336
-3.07029  0.000751496
-3.06038  0.000719528
-3.0502  0.00074558
-3.03986  0.00074327
-3.02991  0.000731209
-3.0198  0.000719122
-3.00958  0.000757186
-2.99969  0.000704994
-2.98967  0.000729534
-2.97946  0.000740309
-2.96957  0.000718663
-2.95954  0.000723231
-2.94923  0.000753542
-2.93928  0.000712144
-2.9292  0.000733512
-2.91895  0.000737698
-2.90898  0.000721926
-2.8989  0.000727699
-2.88861  0.00074304
-2.8787  0.000711143
-2.86861  0.000729518
-2.85838  0.000737325
-2.84839  0.000716872
-2.83833  0.000727023
-2.82805  0.000737359
-2.81814  0.000709646
-2.80807  0.000728737
-2.79781  0.000733864
-2.78788  0.000703762
-2.77792  0.000725775
-2.7677  0.000725198
-2.75781  0.000706133
-2.74778  0.000726549
-2.73756  0.0007247
-2.72753  0.000718654
-2.71745  0.000725398
-2.7072  0.000724259
-2.69721  0.000711777
-2.68713  0.000728366
-2.67692  0.000712908
-2.66691  0.000719097
-2.65638  0.000785777
-2.64566  0.000727183
-2.63557  0.000708953
-2.62553  0.000723616
-2.6153  0.000717514
-2.60523  0.000709884
-2.59527  0.000716106
-2.58501  0.000716601
-2.57503  0.000701321
-2.56505  0.000718398
-2.55486  0.000711817
-2.54473  0.000705949
-2.53484  0.000714717
-2.52452  0.000717693
-2.51446  0.000701778
-2.50442  0.000717678
-2.49428  0.000704507
-2.48417  0.000700285
-2.47429  0.000714508
-2.46396  0.000706543
-2.454  0.000696882
-2.44399  0.000712788
-2.43384  0.00070001
-2.42371  0.00070008
-2.41379  0.000715512
-2.40346  0.000698371
-2.39348  0.000698671
-2.38304  0.000761455
-2.37247  0.000703429
-2.36233  0.000692778
-2.35247  0.000705159
-2.34215  0.000698455
-2.33216  0.000695615
-2.32211  0.000702376
-2.31195  0.000697618
-2.30179  0.000689749
-2.29193  0.00070379
-2.28162  0.000692565
-2.27158  0.000693039
-2.26157  0.00069634
-2.25097  0.000755577
-2.2403  0.000697179
-2.23046  0.000680868
-2.22029  0.000689745
-2.21013  0.00070538
-2.20012  0.000675663
-2.19004  0.000694703
-2.17988  0.000682353
-2.17001  0.000686827
-2.15988  0.000675875
-2.14978  0.000699213
-2.13981  0.000669435
-2.12971  0.000694142
-2.11952  0.000681113
-2.10955  0.000687279
-2.0994  0.000676645
-2.08927  0.000691662
-2.07926  0.000672956
-2.06911  0.000689602
-2.05894  0.000675829
-2.04897  0.000681619
-2.03886  0.000672782
-2.02868  0.000688663
-2.0187  0.000665531
-2.00859  0.00068244
-1.99839  0.000681155
-1.98835  0.000671847
-1.97827  0.000674658
-1.96805  0.000682309
-1.95806  0.000662279
-1.94798  0.000674138
-1.93788  0.000671013
-1.92786  0.000663676
-1.91788  0.00066504
-1.90773  0.000674251
-1.89774  0.00065831
-1.88767  0.000671835
-1.87749  0.000672863
-1.8674  0.000662474
-1.85737  0.000665849
-1.84723  0.00066362
-1.83718  0.000662585
-1.82712  0.000664466
-1.81701  0.000659168
-1.80694  0.000663266
-1.79686  0.000665023
-1.78668  0.000658683
-1.77664  0.000658697
-1.76656  0.000664412
-1.75639  0.000653853
-1.74636  0.000656665
-1.73631  0.000659025
-1.72621  0.000647997
-1.71612  0.00066108
-1.70602  0.000658669
-1.69595  0.0006409
-1.68589  0.000659478
-1.67578  0.000657934
-1.66564  0.000644423
-1.65558  0.00065277
-1.64555  0.000649122
-1.63545  0.000645686
-1.6253  0.000654727
-1.61529  0.000645542
-1.60521  0.000637771
-1.59517  0.00064817
-1.58506  0.000652694
-1.57499  0.000634552
-1.56493  0.000645117
-1.55488  0.000648909
-1.54421  0.000701032
-1.53375  0.000633477
-1.52369  0.0006512
-1.51357  0.000630354
-1.50348  0.000643178
-1.4935  0.000638213
-1.48337  0.000631952
-1.47334  0.000638639
-1.46322  0.000643242
-1.45317  0.00062568
-1.44309  0.000636007
-1.43308  0.000637793
-1.42295  0.000626924
-1.41292  0.000634794
-1.40284  0.000635191
-1.39273  0.000628039
-1.38261  0.000633925
-1.37261  0.000630677
-1.36251  0.000622315
-1.35237  0.000640395
-1.34224  0.000631073
-1.33212  0.000622597
-1.32203  0.000635154
-1.31185  0.0006338
-1.3017  0.000621387
-1.29159  0.000631041
-1.28155  0.000621487
-1.27146  0.000617778
-1.26145  0.000622633
-1.25135  0.000625172
-1.24129  0.000616334
-1.23073  0.000681968
-1.22014  0.000627681
-1.20996  0.000617738
-1.19992  0.00061602
-1.18979  0.000628324
-1.17966  0.000614608
-1.16958  0.000616877
-1.15949  0.000620655
-1.14934  0.000615923
-1.1393  0.000610257
-1.12923  0.000620508
-1.11913  0.000609568
-1.10914  0.000603467
-1.09912  0.000617554
-1.08899  0.000609322
-1.07897  0.000609764
-1.06888  0.000611809
-1.05883  0.000606893
-1.0488  0.000605133
-1.03872  0.000613269
-1.02863  0.000605016
-1.01858  0.000609419
-1.00846  0.000607933
-0.998357  0.000609951
-0.988306  0.000597926
-0.978245  0.000611196
-0.968139  0.000603788
-0.958067  0.000603929
-0.947949  0.000606113
-0.937839  0.00060794
-0.927756  0.000598299
-0.91757  0.00061528
-0.907497  0.00059252
-0.897465  0.00060297
-0.88738  0.000596562
-0.876874  0.000658507
-0.866369  0.000590508
-0.856311  0.000603174
-0.846271  0.000593216
-0.836281  0.00059234
-0.826164  0.000602661
-0.816045  0.000602148
-0.806002  0.000586563
-0.795877  0.000606933
-0.785758  0.00059428
-0.775735  0.000588499
-0.765618  0.000601349
-0.755539  0.000594464
-0.745509  0.00058387
-0.735405  0.000603494
-0.725341  0.000587414
-0.715328  0.000584943
-0.705283  0.000593458
-0.695229  0.000593627
-0.685175  0.000583777
-0.675032  0.000600283
-0.664968  0.00058704
-0.654914  0.000585237
-0.644792  0.000598384
-0.634672  0.000588264
-0.62462  0.000585982
-0.614483  0.000592769
-0.604432  0.000587287
-0.594393  0.000580087
-0.584267  0.000598049
-0.574182  0.000580178
-0.564189  0.000584101
-0.554044  0.000590166
-0.543968  0.000587955
-0.53344  0.000632338
-0.522919  0.000587804
-0.512841  0.000587314
-0.502783  0.000575523
-0.492683  0.000594507
-0.482586  0.000580596
-0.472503  0.000582455
-0.462376  0.000589081
-0.452279  0.000584674
-0.442196  0.000578042
-0.432044  0.000593725
-0.421909  0.000581263
-0.411857  0.000576371
-0.401798  0.000585439
-0.391656  0.000586007
-0.381644  0.000568712
-0.371563  0.000589974
-0.361437  0.000582196
-0.35137  0.000572919
-0.34131  0.000587142
-0.331186  0.000579436
-0.321181  0.000570841
-0.310621  0.000641341
-0.300056  0.000578465
-0.289978  0.000573863
-0.279936  0.000583789
-0.269797  0.00058138
-0.25971  0.000574537
-0.24961  0.000585916
-0.239525  0.000574595
-0.229469  0.000573039
-0.219405  0.000585258
-0.209252  0.000579263
-0.199188  0.000573502
-0.189125  0.000580345
-0.17903  0.000578145
-0.168952  0.000572236
-0.158937  0.000580119
-0.148808  0.000575987
-0.138836  0.000569452
-0.128763  0.0005817
-0.118665  0.00057556
-0.108602  0.000573673
-0.0985768  0.000577085
-0.0884564  0.000578972
-0.0784208  0.000571795
-0.0683103  0.000581675
-0.0581969  0.000577566
-0.0481399  0.000571847
-0.0380767  0.000580598
-0.0279422  0.000577391
-0.0178756  0.000575281
-0.00775495  0.000581227
-0.00130113  0.000153275
0.00130113  0.000153275
0.00775495  0.000581227
0.0178756  0.000575281
0.0279422  0.000577391
0.0380767  0.000580598
0.0481399  0.000571847
0.0581969  0.000577566
0.0683103  0.000581675
0.0784208  0.000571795
0.0884564  0.000578972
0.0985768  0.000577085
0.108602  0.000573673
0.118665  0.00057556
0.128763  0.0005817
0.138836  0.000569452
0.148808  0.000575987
0.158937  0.000580119
0.168952  0.000572236
0.17903  0.000578145
0.189125  0.000580345
0.199188  0.000573502
0.209252  0.000579263
0.219405  0.000585258
0.229469  0.000573039
0.239525  0.000574595
0.24961  0.000585916
0.25971  0.000574537
0.269797  0.00058138
0.279936  0.000583789
0.289978  0.000573863
0.300056  0.000578465
0.310621  0.000641341
0.321181  0.000570841
0.331186  0.000579436
0.34131  0.000587142
0.35137  0.000572919
0.361437  0.000582196
0.371563  0.000589974
0.381644  0.000568712
0.391656  0.000586007
0.401798  0.000585439
0.411857  0.000576371
0.421909  0.000581263
0.432044  0.000593725
0.442196  0.000578042
0.452279  0.000584674
0.462376  0.000589081
0.472503  0.000582455
0.482586  0.000580596
0.492683  0.000594507
0.502783  0.000575523
0.512841  0.000587314
0.522919  0.000587804
0.53344  0.000632338
0.543968  0.000587955
0.554044  0.000590166
0.564189  0.000584101
0.574182  0.000580178
0.584267  0.000598049
0.594393  0.000580087
0.604432  0.000587287
0.614483  0.000592769
0.62462  0.000585982
0.634672  0.000588264
0.644792  0.000598384
0.654914  0.000585237
0.664968  0.00058704
0.675032  0.000600283
0.685175  0.000583777
0.695229  0.000593627
0.705283  0.000593458
0.715328  0.000584943
0.725341  0.000587414
0.735405  0.000603494
0.745509  0.00058387
0.755539  0.000594464
0.765618  0.000601349
0.775735  0.000588499
0.785758  0.00059428
0.795877  0.000606933
0.806002  0.000586563
0.816045  0.000602148
0.826164  0.000602661
0.836281  0.00059234
0.846271  0.000593216
0.856311  0.000603174
0.866369  0.000590508
0.876874  0.000658507
0.88738  0.000596562
0.897465  0.00060297
0.907497  0.00059252
0.91757  0.00061528
0.927756  0.000598299
0.937839  0.00060794
0.947949  0.000606113
0.958067  0.000603929
0.968139  0.000603788
0.978245  0.000611196
0.988306  0.000597926
0.998357  0.000609951
1.00846  0.000607933
1.01858  0.000609419
1.02863  0.000605016
1.03872  0.000613269
1.0488  0.000605133
1.05883  0.000606893
1.06888  0.000611809
1.07897  0.000609764
1.08899  0.000609322
1.09912  0.000617554
1.10914  0.000603467
1.11913  0.000609568
1.12923  0.000620508
1.1393  0.000610257
1.14934  0.000615923
1.15949  0.000620655
1.16958  0.000616877
1.17966  0.000614608
1.18979  0.000628324
1.19992  0.00061602
1.20996  0.000617738
1.22014  0.000627681
1.23073  0.000681968
1.24129  0.000616334
1.25135  0.000625172
1.26145  0.000622633
1.27146  0.000617778
1.28155  0.000621487
1.29159  0.000631041
1.3017  0.000621387
1.31185  0.0006338
1.32203  0.000635154
1.33212  0.000622597
1.34224  0.000631073
1.35237  0.000640395
1.36251  0.000622315
1.37261  0.000630677
1.38261  0.000633925
1.39273  0.000628039
1.40284  0.000635191
1.41292  0.000634794
1.42295  0.000626924
1.43308  0.000637793
1.44309  0.000636007
1.45317  0.00062568
1.46322  0.000643242
1.47334  0.000638639
1.48337  0.000631952
1.4935  0.000638213
1.50348  0.000643178
1.51357  0.000630354
1.52369  0.0006512
1.53375  0.000633477
1.54421  0.000701032
1.55488  0.000648909
1.56493  0.000645117
1.57499  0.000634552
1.58506  0.000652694
1.59517  0.00064817
1.60521  0.000637771
1.61529  0.000645542
1.6253  0.000654727
1.63545  0.000645686
1.64555  0.000649122
1.65558  0.00065277
1.66564  0.000644423
1.67578  0.000657934
1.68589  0.000659478
1.69595  0.0006409
1.70602  0.000658669
1.71612  0.00066108
1.72621  0.000647997
1.73631  0.000659025
1.74636  0.000656665
1.75639  0.000653853
1.76656  0.000664412
1.77664  0.000658697
1.78668  0.000658683
1.79686  0.000665023
1.80694  0.000663266
1.81701  0.000659168
1.82712  0.000664466
1.83718  0.000662585
1.84723  0.00066362
1.85737  0.000665849
1.8674  0.000662474
1.87749  0.000672863
1.88767  0.000671835
1.89774  0.00065831
1.90773  0.000674251
1.91788  0.00066504
1.92786  0.000663676
1.93788  0.000671013
1.94798  0.000674138
1.95806  0.000662279
1.96805  0.000682309
1.97827  0.000674658
1.98835  0.000671847
1.99839  0.000681155
2.00859  0.00068244
2.0187  0.000665531
2.02868  0.000688663
2.03886  0.000672782
2.04897  0.000681619
2.05894  0.000675829
2.06911  0.000689602
2.07926  0.000672956
2.08927  0.000691662
2.0994  0.000676645
2.10955  0.000687279
2.11952  0.000681113
2.12971  0.000694142
2.13981  0.000669435
2.14978  0.000699213
2.15988  0.000675875
2.17001  0.000686827
2.17988  0.000682353
2.19004  0.000694703
2.20012  0.000675663
2.21013  0.00070538
2.22029  0.000689745
2.23046  0.000680868
2.2403  0.000697179
2.25097  0.000755577
2.26157  0.00069634
2.27158  0.000693039
2.28162  0.000692565
2.29193  0.00070379
2.30179  0.000689749
2.31195  0.000697618
2.32211  0.000702376
2.33216  0.000695615
2.34215  0.000698455
2.35247  0.000705159
2.36233  0.000692778
2.37247  0.000703429
2.38304  0.000761455
2.39348  0.000698671
2.40346  0.000698371
2.41379  0.000715512
2.42371  0.00070008
2.43384  0.00070001
2.44399  0.000712788
2.454  0.000696882
2.46396  0.000706543
2.47429  0.000714508
2.48417  0.000700285
2.49428  0.000704507
2.50442  0.000717678
2.51446  0.000701778
2.52452  0.000717693
2.53484  0.000714717
2.54473  0.000705949
2.55486  0.000711817
2.56505  0.000718398
2.57503  0.000701321
2.58501  0.000716601
2.59527  0.000716106
2.60523  0.000709884
2.6153  0.000717514
2.62553  0.000723616
2.63557  0.000708953
2.64566  0.000727183
2.65638  0.000785777
2.66691  0.000719097
2.67692  0.000712908
2.68713  0.000728366
2.69721  0.000711777
2.7072  0.000724259
2.71745  0.000725398
2.72753  0.000718654
2.73756  0.0007247
2.74778  0.000726549
2.75781  0.000706133
2.7677  0.000725198
2.77792  0.000725775
2.78788  0.000703762
2.79781  0.000733864
2.80807  0.000728737
2.81814  0.000709646
2.82805  0.000737359
2.83833  0.000727023
2.84839  0.000716872
2.85838  0.000737325
2.86861  0.000729518
2.8787  0.000711143
2.88861  0.00074304
2.8989  0.000727699
2.90898  0.000721926
2.91895  0.000737698
2.9292  0.000733512
2.93928  0.000712144
2.94923  0.000753542
2.95954  0.000723231
2.96957  0.000718663
2.97946  0.000740309
2.98967  0.000729534
2.99969  0.000704994
3.00958  0.000757186
3.0198  0.000719122
3.02991  0.000731209
3.03986  0.00074327
3.0502  0.00074558
3.06038  0.000719528
3.07029  0.000751496
3.08058  0.0007336
3.09078  0.000728545
3.10062  0.000743901
3.11096  0.000745025
3.12111  0.000716228
3.13101  0.000753308
3.14119  0.000728614
3.15134  0.000723533
3.16117  0.000750011
3.17147  0.000731325
3.18146  0.000721564
3.1914  0.000751512
3.20163  0.000735832
3.21244  0.000817394
3.22316  0.000792326
3.23375  0.000735463
3.24398  0.000746283
3.25395  0.000732606
3.26398  0.000735821
3.27435  0.000754698
3.28423  0.000725568
3.29434  0.000737161
3.30462  0.000757442
3.31455  0.000717857
3.32452  0.000738588
3.33488  0.000751279
3.34472  0.000729588
3.35486  0.000739228
3.36513  0.000751922
3.37513  0.00072906
3.38512  0.000740985
3.3954  0.000738462
3.40518  0.000723859
3.41527  0.000743761
3.42551  0.000750078
3.43553  0.000730273
3.44555  0.000742449
3.45588  0.0007464
3.46573  0.000725153
3.47575  0.000738161
3.48597  0.000746523
3.49598  0.00072792
3.50597  0.000749778
3.51633  0.000745973
3.52629  0.00072805
3.53632  0.00074377
3.5466  0.000751899
3.55664  0.0007255
3.56665  0.000752574
3.577  0.000738551
3.58694  0.000733483
3.59696  0.000739984
3.60762  0.000810401
3.61828  0.000745274
3.62821  0.000730486
3.63845  0.000745764
3.64856  0.000740075
3.65856  0.000733693
3.66874  0.000747231
3.67896  0.000736302
3.68882  0.000730656
3.69904  0.000744438
3.70918  0.000736593
3.71905  0.000724505
3.72919  0.000746027
3.73938  0.000724004
3.74918  0.00074052
3.75946  0.00073991
3.76958  0.000729876
3.77944  0.000733624
3.78962  0.000735556
3.79977  0.000727213
3.80963  0.000744428
3.81991  0.00073367
3.83007  0.00073346
3.83995  0.00073262
3.85015  0.000740601
3.86046  0.000737913
3.87035  0.000736376
3.88059  0.00073133
3.89079  0.000734534
3.90064  0.000729327
3.91076  0.000729159
3.92157  0.000817227
3.93194  0.00071618
3.94201  0.000729257
3.95225  0.000739024
3.96218  0.000724437
3.97221  0.000717964
3.98254  0.000754423
3.99243  0.000709334
4.00251  0.000729264
4.01274  0.000732716
4.0226  0.000719946
4.03261  0.0007124
4.0429  0.00074456
4.05277  0.000714531
4.06287  0.000724975
4.07312  0.000732532
4.08302  0.000716323
4.09309  0.000722144
4.10342  0.000739668
4.11328  0.00070681
4.1233  0.000716179
4.13361  0.000742795
4.14409  0.000783584
4.15453  0.000706052
4.16483  0.000743144
4.17478  0.000704642
4.18472  0.000707224
4.19499  0.000739191
4.205  0.000708091
4.21492  0.000703461
4.22518  0.000736273
4.2352  0.000707071
4.24523  0.00071122
4.25548  0.000732249
4.26554  0.000710856
4.27549  0.000693989
4.28568  0.000732987
4.29571  0.000700907
4.30561  0.000700558
4.3158  0.000720947
4.32582  0.000701676
4.33571  0.000699581
4.34598  0.000730019
4.35604  0.000691347
4.36594  0.000705192
4.37618  0.000719736
4.38622  0.000693326
4.39614  0.000705512
4.40647  0.000721623
4.41656  0.000696234
4.42652  0.000703501
4.43682  0.000717633
4.44695  0.000694248
4.45686  0.000701699
4.46712  0.000707048
4.47718  0.000692461
4.48712  0.000695569
4.49731  0.000708293
4.50748  0.000694071
4.5174  0.000694621
4.52762  0.000702124
4.53783  0.000702739
4.54777  0.000684126
4.55793  0.000701618
4.56816  0.000695006
4.57805  0.000686489
4.58871  0.000760044
4.59941  0.000692269
4.60927  0.00067713
4.61936  0.000695718
4.62969  0.000695757
4.63951  0.000668179
4.64965  0.00069513
4.65992  0.000687784
4.66975  0.000671979
4.67984  0.00068354
4.6901  0.000688079
4.69994  0.000670951
4.7101  0.000685798
4.72035  0.000679692
4.7302  0.000670925
4.74026  0.000676872
4.75058  0.000685968
4.76046  0.000663698
4.77055  0.000677384
4.78086  0.000682647
4.7907  0.000659942
4.80079  0.000671376
4.81106  0.000676007
4.8209  0.000660816
4.83101  0.000670936
4.8413  0.000668351
4.85112  0.000660189
4.8613  0.000672306
4.87156  0.000664605
4.88143  0.000657717
4.89151  0.00065959
4.90174  0.000662911
4.91159  0.000655489
4.92177  0.000659321
4.93198  0.000661202
4.94191  0.000657739
4.9524  0.00069823
4.96312  0.000675687
4.97305  0.000637917
4.98311  0.0006537
4.99336  0.000659938
5.00336  0.000646329
5.01331  0.000633445
5.02357  0.000668436
5.03348  0.000625119
5.04353  0.000651992
5.05379  0.000650748
5.06378  0.000641481
5.07379  0.000628868
5.08406  0.000660084
5.09408  0.00063415
5.10417  0.000637631
5.11431  0.000634478
5.12431  0.000637724
5.13436  0.000628995
5.14456  0.000643403
5.15457  0.000624806
5.16466  0.000631896
5.17528  0.000695223
5.18584  0.000624648
5.19573  0.000611098
5.20588  0.000641398
5.21602  0.000622328
5.22603  0.000615196
5.23615  0.000634139
5.2463  0.000613748
5.25619  0.000613585
5.26641  0.000630761
5.27651  0.000612837
5.28652  0.000609561
5.29658  0.000621857
5.30672  0.000607095
5.31667  0.000612272
5.32688  0.000613165
5.33699  0.000620278
5.34713  0.000602189
5.3572  0.00061625
5.36747  0.000605379
5.37743  0.000606512
5.38762  0.000601422
5.39771  0.000608756
5.40777  0.000591508
5.41776  0.000601124
5.42798  0.000595633
5.43788  0.000595843
5.44803  0.000593177
5.45817  0.000600309
5.46818  0.000582131
5.4782  0.000596005
5.48842  0.000585539
5.49837  0.000598346
5.50861  0.000583105
5.51875  0.00059017
5.52876  0.000579453
5.53879  0.000584842
5.54898  0.000576174
5.55893  0.000588559
5.56908  0.000566328
5.5792  0.000591134
5.58931  0.000572755
5.59927  0.000565096
5.6094  0.000574684
5.61941  0.000580069
5.62951  0.000556137
5.63968  0.000583072
5.64977  0.000568273
5.65978  0.000557658
5.66998  0.0005692
5.68003  0.000576498
5.69017  0.000546531
5.70027  0.00057259
5.71025  0.000548589
5.72031  0.000558266
5.73051  0.00055877
5.74055  0.00056876
5.75067  0.000532218
5.76073  0.000562796
5.77077  0.000545256
5.78084  0.000552744
5.79099  0.000538284
5.80102  0.000563713
5.81109  0.000521912
5.82161  0.000605506
5.83218  0.000538456
5.8422  0.000535856
5.85232  0.000538587
5.86238  0.000548584
5.8725  0.000517343
5.88253  0.000542834
5.89263  0.000532329
5.90267  0.000528552
5.91276  0.000523951
5.92284  0.000543363
5.93342  0.000558437
5.94388  0.000530262
5.95398  0.000524796
5.96411  0.000523745
5.97418  0.000513728
5.98423  0.000531979
5.99439  0.000502914
6.00439  0.00052438
6.0145  0.000515286
6.02465  0.000514384
6.03464  0.000499555
6.04475  0.00052816
6.05491  0.000495835
6.06485  0.000508756
6.07497  0.00050515
6.08505  0.00050755
6.09507  0.000493044
6.1052  0.000514017
6.11525  0.000483804
6.12523  0.000505033
6.13539  0.000498411
6.14552  0.000499291
6.15552  0.000478674
6.16567  0.000513651
6.17575  0.000475067
6.18574  0.000492676
6.19593  0.000488235
6.20601  0.000490398
6.21594  0.000472728
6.22618  0.000499527
6.23623  0.000467107
6.24618  0.000482164
6.25639  0.000482335
6.2665  0.000480655
6.2764  0.000458105
6.28665  0.000493208
6.29667  0.000460056
6.30669  0.000473499
6.31691  0.000470274
6.32698  0.000471321
6.33688  0.000455916
6.34721  0.000479421
6.35725  0.000451436
6.3672  0.00046513
6.37738  0.000458459
6.3875  0.000464812
6.39746  0.000445592
6.40769  0.000462892
6.41815  0.000496017
6.42864  0.000443459
6.43885  0.000461704
6.44899  0.000445211
6.45881  0.000437374
6.46911  0.000462334
6.47923  0.000440206
6.48917  0.000432198
6.49935  0.000456301
6.50956  0.000437143
6.51947  0.000432931
6.52974  0.000443997
6.5398  0.000441948
6.54988  0.000421287
6.56052  0.000482531
6.57117  0.000437374
6.5811  0.000411993
6.59122  0.000436721
6.60134  0.000429745
6.61144  0.000413701
6.62143  0.000429585
6.63166  0.000428283
6.64161  0.0004039
6.65169  0.000424867
6.66183  0.000427571
6.67194  0.000400768
6.68192  0.000418749
6.69216  0.000420056
6.70259  0.000437521
6.71322  0.000415346
6.72325  0.000414027
6.73347  0.000399468
6.7434  0.000402473
6.75361  0.00041288
6.76359  0.000388581
6.77366  0.000405814
6.7838  0.000408131
6.79392  0.000382544
6.80382  0.00039998
6.81409  0.000404384
6.82417  0.000384593
6.83422  0.000390455
6.84432  0.000401524
6.85452  0.000376674
6.86445  0.000389697
6.87467  0.000390196
6.88515  0.000413794
6.89572  0.000383553
6.90578  0.000383048
6.91597  0.000371568
6.92582  0.000380146
6.93611  0.000384925
6.94617  0.000363736
6.95623  0.00037614
6.96634  0.000378804
6.97651  0.000363128
6.9864  0.000364302
6.99662  0.000375757
7.00662  0.000358744
7.01711  0.000390707
7.02758  0.000370567
7.03825  0.000388575
7.04865  0.000356592
7.05884  0.000367199
7.069  0.000353174
7.07913  0.000353557
7.08912  0.000360655
7.09937  0.000348416
7.10936  0.000344976
7.11945  0.000353378
7.1295  0.000348683
7.13961  0.000339003
7.14966  0.00035416
7.15983  0.000334485
7.16975  0.00034005
7.17995  0.000348011
7.19009  0.000341275
7.20026  0.000332059
7.21074  0.000375482
7.22148  0.000330815
7.2315  0.000331724
7.24173  0.000339985
7.25177  0.000327647
7.26243  0.000358787
7.27295  0.00032855
7.28316  0.000331248
7.29335  0.000321324
7.30342  0.00032785
7.3134  0.000311839
7.32354  0.000321512
7.33355  0.000324052
7.34379  0.000315478
7.3542  0.000333611
7.36501  0.000349162
7.37563  0.000309219
7.3858  0.000310186
7.39584  0.000320813
7.40607  0.000301321
7.41603  0.000301814
7.42606  0.000312683
7.43624  0.000301972
7.44637  0.00029917
7.45625  0.000308905
7.46646  0.000291935
7.47652  0.000299021
7.48656  0.000303753
7.49667  0.000290811
7.50676  0.000291275
7.51678  0.00030397
7.52701  0.000286814
7.53706  0.000290094
7.54758  0.000319722
7.55813  0.000284942
7.56826  0.000285002
7.57826  0.00029196
7.58849  0.000281607
7.59863  0.000282112
7.60856  0.000283348
7.61866  0.000277524
7.62889  0.000280107
7.63894  0.000284814
7.64921  0.000274674
7.65925  0.000268681
7.66913  0.000278627
7.67941  0.000272665
7.68954  0.000269564
7.69955  0.000275801
7.70975  0.000266523
7.71981  0.000261592
7.72974  0.000271622
7.73996  0.000262362
7.75006  0.00026218
7.76007  0.000267181
7.77015  0.000257627
7.78025  0.000253496
7.79015  0.000266091
7.80041  0.000254944
7.8105  0.000254606
7.82041  0.000255658
7.83061  0.000256077
7.84073  0.000244024
7.85063  0.000259725
7.86083  0.000246013
7.87089  0.000246447
7.88089  0.000251268
7.89112  0.000248106
7.90117  0.000236567
7.91116  0.000252102
7.92125  0.000238349
7.93136  0.000237585
7.94135  0.000246769
7.95154  0.00023447
7.9615  0.000235079
7.97161  0.00024259
7.98176  0.000233791
7.99188  0.000229694
8.00181  0.000240611
8.01206  0.000228409
8.0226  0.000253443
8.03332  0.000232292
8.04337  0.000230117
8.05372  0.000224585
8.06356  0.000230275
8.07383  0.000221197
8.08389  0.000223213
8.09398  0.000224139
8.10407  0.000224975
8.11443  0.000213373
8.12453  0.000240927
8.13538  0.000218512
8.14548  0.00021545
8.15557  0.000216798
8.16589  0.000228132
8.17668  0.000216668
8.18659  0.000208886
8.19678  0.000212183
8.20681  0.000207367
8.21693  0.000210176
8.22692  0.000205738
8.23723  0.00020421
8.24703  0.000205099
8.25713  0.000202755
8.26732  0.000204252
8.27743  0.000199513
8.28729  0.000198886
8.2976  0.000200033
8.30757  0.000199146
8.31769  0.000197799
8.32793  0.000198323
8.33849  0.000209751
8.34884  0.000194071
8.35959  0.000207217
8.37008  0.000201608
8.38031  0.000182967
8.39037  0.000191007
8.40051  0.000190328
8.4106  0.000187511
8.42069  0.000179625
8.43063  0.000193936
8.4409  0.000176757
8.45087  0.00018361
8.461  0.000183094
8.47104  0.00018147
8.48121  0.000177493
8.49127  0.00018504
8.50145  0.000174549
8.51156  0.000176607
8.52221  0.000196802
8.53258  0.00016876
8.54277  0.000173688
8.55282  0.000176486
8.56296  0.000169538
8.57308  0.000170499
8.58365  0.000188583
8.59414  0.000164465
8.60435  0.000168986
8.61431  0.000166451
8.62445  0.000166092
8.63452  0.000162376
8.64467  0.000169444
8.6547  0.000157462
8.66488  0.00016077
8.67484  0.000163667
8.68509  0.00016275
8.69532  0.000157289
8.7054  0.000160707
8.71547  0.000152795
8.72566  0.000160476
8.73561  0.000153919
8.74577  0.000152765
8.7558  0.000151603
8.766  0.000155934
8.77644  0.000160612
8.78698  0.000152213
8.79764  0.000167707
8.80831  0.000147149
8.81831  0.000145058
8.82857  0.00015114
8.83852  0.000142716
8.84872  0.000146383
8.8587  0.000144559
8.86897  0.000142721
8.879  0.000140649
8.88909  0.000145145
8.89902  0.000137523
8.90932  0.000138337
8.91923  0.000140483
8.92944  0.000138947
8.93944  0.000134169
8.94971  0.000140208
8.95967  0.0001337
8.97043  0.000145517
8.98076  0.000136713
8.9911  0.000133088
9.00108  0.000128675
9.01132  0.000135859
9.02124  0.000125256
9.03144  0.000129703
9.04133  0.000130507
9.05161  0.000127801
9.06159  0.000124264
9.07183  0.000128512
9.08171  0.000123995
9.092  0.000124145
9.102  0.000125984
9.11219  0.000122404
9.12222  0.000121018
9.13232  0.000120865
9.14227  0.000121399
9.15255  0.000117912
9.16256  0.000123884
9.17319  0.000126638
9.18382  0.000117659
9.19392  0.000118817
9.20394  0.000115759
9.21414  0.000111079
9.22406  0.000118796
9.23435  0.000113716
9.24449  0.000111319
9.25446  0.000110968
9.2645  0.000113186
9.27475  0.000108045
9.28478  0.000115433
9.29494  0.000106646
9.30512  0.000106921
9.31517  0.000112035
9.32527  0.00010562
9.33586  0.000111884
9.34624  0.000109436
9.35641  0.000103352
9.36654  0.000104714
9.37656  0.000101624
9.38662  0.000103466
9.39681  0.000100684
9.40674  0.000103111
9.41691  0.00010014
9.42709  9.8588e-05
9.43712  0.00010048
9.44712  9.96363e-05
9.45738  9.68413e-05
9.46735  9.79116e-05
9.47755  9.60403e-05
9.4876  9.66819e-05
9.49772  9.53528e-05
9.50774  9.29875e-05
9.51808  9.64954e-05
9.52805  9.29884e-05
9.5382  9.20266e-05
9.54818  9.25648e-05
9.55852  9.20278e-05
9.56841  9.08493e-05
9.57877  8.92179e-05
9.58872  9.18869e-05
9.59898  8.75732e-05
9.6089  8.93418e-05
9.61915  8.76091e-05
9.6291  8.58639e-05
9.63955  8.83405e-05
9.64936  8.64129e-05
9.65963  8.37625e-05
9.66958  8.61063e-05
9.68001  8.2707e-05
9.69038  9.32202e-05
9.7012  8.2304e-05
9.71113  8.39643e-05
9.72156  8.15056e-05
9.73138  7.97182e-05
9.74169  7.91749e-05
9.75154  8.11799e-05
9.76176  7.80019e-05
9.77177  8.07281e-05
9.782  7.6121e-05
9.79181  7.92924e-05
9.80227  7.51767e-05
9.81221  7.94297e-05
9.82241  7.25867e-05
9.83245  7.94476e-05
9.84278  7.16482e-05
9.85259  7.63173e-05
9.86301  7.27862e-05
9.87304  7.60856e-05
9.88319  6.89728e-05
9.89334  7.42929e-05
9.90352  7.14102e-05
9.91357  7.29715e-05
9.92371  6.78592e-05
9.93382  7.09321e-05
9.94385  6.67241e-05
9.95397  7.36873e-05
9.96423  6.71301e-05
9.97482  7.46401e-05
9.98529  6.56788e-05
9.99595  7.55751e-05
10.0065  6.30054e-05
10.0164  6.7444e-05
10.0267  6.80855e-05
10.0369  6.23731e-05
10.0468  6.32431e-05
10.057  6.58027e-05
10.0671  6.17228e-05
10.0771  6.45307e-05
10.0873  6.35049e-05
10.0976  5.98622e-05
10.1074  6.08664e-05
10.1177  6.39809e-05
10.1279  5.84776e-05
10.1384  6.70894e-05
10.149  5.97913e-05
10.1593  5.87313e-05
10.1692  5.88553e-05
10.1794  5.8851e-05
10.1897  5.7357e-05
10.1997  5.85871e-05
10.2098  5.61609e-05
10.2201  5.69543e-05
10.2301  5.6396e-05
10.2403  5.47813e-05
10.2507  5.62367e-05
10.2605  5.48858e-05
10.2706  5.31561e-05
10.2807  5.50555e-05
10.2908  5.27144e-05
10.3009  5.24887e-05
10.3113  5.28474e-05
10.321  5.1818e-05
10.3312  5.26924e-05
10.3413  5.10777e-05
10.3519  5.5105e-05
10.3623  4.89099e-05
10.3728  5.37467e-05
10.3825  4.80732e-05
10.3928  4.84904e-05
10.403  4.96819e-05
10.4132  4.99328e-05
10.4232  4.68204e-05
10.4336  4.95957e-05
10.4435  4.58454e-05
10.4537  4.71985e-05
10.4639  4.69561e-05
10.474  4.65322e-05
10.4839  4.45874e-05
10.4944  4.68893e-05
10.5042  4.51193e-05
10.5145  4.47572e-05
10.5245  4.39713e-05
10.5346  4.45457e-05
10.5448  4.24617e-05
10.555  4.46379e-05
10.565  4.28344e-05
10.5752  4.20276e-05
10.5857  4.80625e-05
10.5963  3.95743e-05
10.6064  4.25945e-05
10.6168  4.217e-05
10.6273  4.48847e-05
10.6379  4.03792e-05
10.648  4.02507e-05
10.6581  3.84802e-05
10.6682  4.10337e-05
10.6785  3.9913e-05
10.6886  3.85594e-05
10.6988  3.81548e-05
10.7088  3.93556e-05
10.719  3.63851e-05
10.7292  3.95265e-05
10.7396  3.63071e-05
10.7494  3.69589e-05
10.7596  3.72372e-05
10.7697  3.61952e-05
10.7801  3.52571e-05
10.79  3.70296e-05
10.8002  3.48117e-05
10.8107  3.8628e-05
10.8214  3.47258e-05
10.8314  3.42437e-05
10.8417  3.51371e-05
10.8519  3.37243e-05
10.8621  3.33041e-05
10.8721  3.29418e-05
10.8823  3.4013e-05
10.8922  3.27926e-05
10.9026  3.23318e-05
10.9127  3.15284e-05
10.9226  3.12587e-05
10.9327  3.18001e-05
10.9428  3.20018e-05
10.9529  3.02626e-05
10.9633  3.08072e-05
10.9731  3.06728e-05
10.9834  3.09581e-05
10.9934  2.89191e-05
11.0036  3.07941e-05
11.0134  2.85936e-05
11.0238  2.95108e-05
11.0339  2.82416e-05
11.0439  2.94777e-05
11.0546  3.15617e-05
11.0654  2.89463e-05
11.0758  2.85903e-05
11.0866  2.98065e-05
11.0968  2.69851e-05
11.107  2.65409e-05
11.1169  2.7259e-05
11.1272  2.71167e-05
11.1373  2.61467e-05
11.1475  2.6926e-05
11.1575  2.48956e-05
11.1681  2.75583e-05
11.1778  2.43306e-05
11.1882  2.65406e-05
11.198  2.35828e-05
11.2084  2.6012e-05
11.2189  2.54962e-05
11.2298  2.65174e-05
11.2398  2.30901e-05
11.25  2.50764e-05
11.2603  2.38074e-05
11.2705  2.34075e-05
11.2805  2.23302e-05
11.291  2.48378e-05
11.3007  2.20311e-05
11.3114  2.43231e-05
11.3214  2.16261e-05
11.3316  2.18277e-05
11.3417  2.22503e-05
11.3521  2.34015e-05
11.3619  2.08073e-05
11.3723  2.1196e-05
11.3823  2.13349e-05
11.3926  2.18123e-05
11.4027  2.00409e-05
11.4132  2.12782e-05
11.423  2.0613e-05
11.4335  2.05501e-05
11.4433  2.03253e-05
11.4536  1.97445e-05
11.464  1.8714e-05
11.474  2.10877e-05
11.484  1.93037e-05
11.4946  1.8629e-05
11.5044  1.99975e-05
11.5147  1.84875e-05
11.5249  1.80737e-05
11.5353  1.92239e-05
11.5451  1.7771e-05
11.5553  1.87899e-05
11.5653  1.73069e-05
11.576  1.93621e-05
11.587  1.76308e-05
11.5971  1.88046e-05
11.6071  1.63666e-05
11.6174  1.72511e-05
11.6276  1.75056e-05
11.638  1.62689e-05
11.6483  1.72836e-05
11.6585  1.68669e-05
11.6689  1.59942e-05
11.6788  1.63329e-05
11.6891  1.63214e-05
11.6992  1.54276e-05
11.7095  1.59127e-05
11.7197  1.5979e-05
11.7297  1.47329e-05
11.7399  1.58835e-05
11.7504  1.5518e-05
11.7608  1.49031e-05
11.7709  1.44039e-05
11.7809  1.53575e-05
11.7916  1.39131e-05
11.8014  1.54339e-05
11.8118  1.38604e-05
11.8219  1.42103e-05
11.8322  1.36348e-05
11.8423  1.37643e-05
11.8523  1.37951e-05
11.8623  1.38904e-05
11.873  1.37149e-05
11.8836  1.38547e-05
11.8938  1.22295e-05
11.9037  1.33809e-05
11.9141  1.32275e-05
11.9243  1.33088e-05
11.9346  1.09868e-05
11.9444  1.34953e-05
11.9549  1.23014e-05
11.9651  1.27113e-05
11.9756  1.2444e-05
11.9855  1.18098e-05
11.9959  1.10688e-05
12.0058  1.30559e-05
12.0162  1.09888e-05
12.0263  1.13667e-05
12.0368  1.17573e-05
12.0467  1.14331e-05
12.0569  1.03338e-05
12.067  1.17555e-05
12.0772  1.06539e-05
12.0876  1.10333e-05
12.0977  1.07676e-05
12.1081  1.16593e-05
12.1187  1.01081e-05
12.1289  1.07725e-05
12.1392  9.54705e-06
12.1493  1.06584e-05
12.1595  1.04387e-05
12.1696  1.00067e-05
12.1798  9.24063e-06
12.1899  1.0527e-05
12.2003  9.17649e-06
12.2106  1.01128e-05
12.2207  8.60346e-06
12.2307  9.94272e-06
12.2408  9.36912e-06
12.2515  9.34443e-06
12.2616  8.93048e-06
12.2719  9.07397e-06
12.2823  9.53728e-06
12.2925  8.6001e-06
12.3026  8.34943e-06
12.3128  9.06704e-06
12.3232  8.22466e-06
12.3333  9.07067e-06
12.3437  8.20936e-06
12.3539  8.25686e-06
12.3638  7.97329e-06
12.3741  8.18353e-06
12.3847  8.58813e-06
12.3948  7.46563e-06
12.4054  8.21657e-06
12.4154  8.49861e-06
12.4255  7.11677e-06
12.436  7.63986e-06
12.4461  7.37541e-06
12.4562  7.56695e-06
12.4667  7.80567e-06
12.4769  7.47848e-06
12.4874  6.86283e-06
12.4974  6.87983e-06
12.5081  7.66253e-06
12.5181  6.95766e-06
12.5289  7.01263e-06
12.5389  7.47779e-06
12.5491  5.73655e-06
12.5593  6.68321e-06
12.5699  7.161e-06
12.5794  6.17521e-06
12.59  6.60703e-06
12.5997  6.15099e-06
12.6104  6.67369e-06
12.6205  5.87362e-06
12.6311  6.55991e-06
12.6411  6.15577e-06
12.6521  6.51359e-06
12.6622  6.2691e-06
12.6724  5.75168e-06
12.6828  5.40412e-06
12.6933  6.52477e-06
12.7032  5.07488e-06
12.7137  6.1973e-06
12.7238  5.58496e-06
12.7346  5.72447e-06
12.7445  4.81852e-06
12.7551  6.00136e-06
12.7653  5.26838e-06
12.7756  5.29876e-06
12.7858  5.63629e-06
12.7964  5.06155e-06
12.8064  4.7654e-06
12.8167  5.76025e-06
12.8271  4.83614e-06
12.8375  5.07189e-06
12.8474  4.78687e-06
12.8581  4.28577e-06
12.8684  5.26576e-06
12.8784  4.73299e-06
12.8886  4.7366e-06
12.899  4.76377e-06
12.9092  4.48208e-06
12.9198  4.52077e-06
12.9298  4.19839e-06
12.9402  4.52812e-06
12.9502  4.40037e-06
12.9608  4.49644e-06
12.9713  4.29859e-06
12.9816  4.50746e-06
12.9919  4.06375e-06
13.0022  4.26646e-06
13.0129  4.12624e-06
13.0234  3.87583e-06
13.0333  4.25936e-06
13.0437  3.99134e-06
13.0538  3.4157e-06
13.0638  3.96496e-06
13.0745  4.31299e-06
13.085  3.71014e-06
13.0952  3.52459e-06
13.1057  3.91291e-06
13.1165  3.27456e-06
13.1269  3.99724e-06
13.1371  3.6259e-06
13.1473  3.51335e-06
13.158  3.43447e-06
13.168  3.51014e-06
13.179  3.57301e-06
13.1894  3.28329e-06
13.1998  3.63489e-06
13.2099  2.74422e-06
13.2208  3.77443e-06
13.2309  2.96575e-06
13.2412  3.04647e-06
13.2519  3.41509e-06
13.2622  3.18124e-06
13.273  3.0005e-06
13.2837  3.20393e-06
13.2937  2.86191e-06
13.3043  3.02591e-06
13.315  2.9192e-06
13.3253  3.05875e-06
13.3359  2.68035e-06
13.3461  3.14164e-06
13.357  2.48509e-06
13.367  2.7231e-06
13.3775  2.81887e-06
13.3877  2.87732e-06
13.3986  2.38287e-06
13.4082  2.74473e-06
13.4194  2.21775e-06
13.4294  2.76162e-06
13.4406  2.59851e-06
13.4505  2.9722e-06
13.4613  2.217e-06
13.4716  2.14032e-06
13.4819  2.52811e-06
13.4923  2.43771e-06
13.5027  2.24137e-06
13.5125  2.56863e-06
13.5242  2.0406e-06
13.534  2.59983e-06
13.5454  2.27791e-06
13.555  2.07856e-06
13.5661  2.15846e-06
13.5764  2.21587e-06
13.5873  2.10507e-06
13.5976  2.10563e-06
13.608  1.95334e-06
13.6183  1.9983e-06
13.6299  2.52976e-06
13.6396  1.8625e-06
13.65  1.89634e-06
13.6608  1.88523e-06
13.6715  1.96767e-06
13.6821  1.89539e-06
13.693  2.13691e-06
13.703  1.85122e-06
13.7137  1.53204e-06
13.7239  1.9196e-06
13.7341  1.76267e-06
13.7445  1.52925e-06
13.7552  2.25554e-06
13.7665  1.42214e-06
13.7773  1.71607e-06
13.7878  1.7212e-06
13.7984  1.68503e-06
13.8088  1.66427e-06
13.8192  1.83861e-06
13.8304  1.48235e-06
13.8412  1.42274e-06
13.8514  1.52558e-06
13.8616  1.70927e-06
13.8731  1.68483e-06
13.8837  1.52321e-06
13.8942  1.27593e-06
13.9051  1.60342e-06
13.9158  1.47826e-06
13.9263  1.22329e-06
13.9363  1.44549e-06
13.9465  1.30733e-06
13.9565  1.32994e-06
13.9668  1.14505e-06
13.977  1.40133e-06
13.9871  1.30334e-06
13.9984  1.31452e-06
14.0091  1.40061e-06
14.0199  1.24705e-06
14.0306  1.04949e-06
14.0403  1.33189e-06
14.0517  1.20325e-06
14.0622  1.31543e-06
14.073  1.13494e-06
14.0829  1.04477e-06
14.0936  1.06103e-06
14.1032  1.30003e-06
14.1139  1.04034e-06
14.1239  9.936e-07
14.1356  1.24068e-06
14.1466  1.09951e-06
14.1582  1.19255e-06
14.1682  1.06434e-06
14.1793  9.70018e-07
14.1897  9.52467e-07
14.1998  1.09624e-06
14.2105  8.35563e-07
14.2217  1.13703e-06
14.2319  8.686e-07
14.2431  1.01958e-06
14.2544  9.6209e-07
14.2641  9.20485e-07
14.2758  9.40935e-07
14.286  9.00258e-07
14.2971  8.92959e-07
14.3083  1.02228e-06
14.3194  7.67861e-07
14.3284  7.1073e-07
14.3402  8.70235e-07
14.3506  8.18839e-07
14.3608  9.9811e-07
14.3712  6.67466e-07
14.3815  8.605e-07
14.3916  6.52473e-07
14.4023  6.541e-07
14.4127  7.60344e-07
14.4225  7.12471e-07
14.4332  7.83296e-07
14.4445  9.14632e-07
14.4551  5.80934e-07
14.4666  7.42738e-07
14.4765  7.73172e-07
14.4871  6.06855e-07
14.4982  6.29255e-07
14.5075  6.02986e-07
14.5182  7.70053e-07
14.5292  6.18024e-07
14.5399  7.2804e-07
14.5514  6.66162e-07
14.5627  5.99204e-07
14.572  7.10975e-07
14.583  4.11518e-07
14.5938  5.9069e-07
14.6031  6.20681e-07
14.6134  4.86855e-07
14.6244  6.91446e-07
14.6355  5.41474e-07
14.6458  5.11008e-07
14.6567  5.53487e-07
14.6672  6.60901e-07
14.6777  5.15749e-07
14.6899  5.17649e-07
14.7001  4.34917e-07
14.7106  5.53196e-07
14.7221  5.32042e-07
14.7316  5.5317e-07
14.7432  4.25053e-07
14.7536  4.60586e-07
14.7642  4.73278e-07
14.7749  4.66328e-07
14.787  5.70634e-07
14.7964  4.20249e-07
14.8076  4.43949e-07
14.817  3.73988e-07
14.828  4.53131e-07
14.8397  3.56187e-07
14.849  5.20282e-07
14.859  3.61079e-07
14.8702  4.24099e-07
14.8802  3.21042e-07
14.8912  4.68395e-07
14.9021  3.18436e-07
14.9132  4.66607e-07
14.9232  3.14661e-07
14.9335  4.08269e-07
14.9451  4.07931e-07
14.9532  2.78201e-07
14.9653  3.81596e-07
14.9754  3.85818e-07
14.9869  3.06958e-07
14.997  3.3942e-07
15.0077  3.0977e-07
15.0181  3.64885e-07
15.0303  3.84623e-07
15.0399  3.36814e-07
15.0519  2.85519e-07
15.0616  2.43816e-07
15.0718  3.75766e-07
15.0832  2.77267e-07
15.0945  3.55761e-07
15.1032  2.27223e-07
15.1154  2.66569e-07
15.1261  2.92921e-07
15.1363  3.1299e-07
15.1468  2.19057e-07
15.1575  2.91438e-07
15.1687  3.82822e-07
15.1805  2.64734e-07
15.1914  2.48675e-07
15.2024  2.41183e-07
15.2132  2.38218e-07
15.2236  3.2017e-07
15.2359  2.30683e-07
15.2462  1.88658e-07
15.2561  1.83955e-07
15.2661  2.78784e-07
15.2777  2.63297e-07
15.2879  2.55102e-07
15.2985  2.0954e-07
15.31  1.61168e-07
15.319  2.53033e-07
15.3308  2.34374e-07
15.344  1.84131e-07
15.3533  2.12406e-07
15.3635  2.07807e-07
15.3745  2.39479e-07
15.3856  1.92363e-07
15.3977  1.46615e-07
15.4066  1.54484e-07
15.4157  1.75491e-07
15.4255  1.82999e-07
15.4368  1.91525e-07
15.448  2.39802e-07
15.4587  1.5936e-07
15.4698  1.60844e-07
15.4803  1.54275e-07
15.4919  1.41675e-07
15.5033  2.18069e-07
15.5143  1.63694e-07
15.5259  1.32191e-07
15.5368  2.12771e-07
15.5454  1.07157e-07
15.5581  1.84846e-07
15.5677  9.48327e-08
15.5776  1.45697e-07
15.5902  2.4217e-07
15.6017  1.3777e-07
15.6106  7.47238e-08
15.6236  1.23224e-07
15.6342  1.41231e-07
15.6443  1.9825e-07
15.6548  1.19583e-07
15.6655  1.79874e-07
15.6777  1.04634e-07
15.688  1.15042e-07
15.7003  8.78677e-08
15.7096  1.2483e-07
15.7208  9.45312e-08
15.7303  1.47618e-07
15.7423  1.02187e-07
15.7532  1.23646e-07
15.7642  1.05831e-07
15.7736  1.06194e-07
15.7848  1.48792e-07
15.7951  8.49662e-08
15.8095  7.18419e-08
15.8193  1.46792e-07
15.8317  1.17005e-07
15.8415  7.60659e-08
15.8514  1.34919e-07
15.8639  8.23432e-08
15.8737  7.78046e-08
15.8853  1.21237e-07
15.8952  6.83453e-08
15.9075  9.9924e-08
15.9185  8.59649e-08
15.9292  7.33401e-08
15.9395  1.12522e-07
15.951  8.14016e-08
15.962  7.07064e-08
15.9712  5.08301e-08
15.983  8.33113e-08
15.9939  6.99704e-08
16.0051  1.12193e-07
16.0134  8.83825e-08
16.0256  7.06367e-08
16.0383  8.98653e-08
16.0496  4.73374e-08
16.0587  5.89621e-08
16.0695  6.27672e-08
16.0825  6.90781e-08
16.0922  9.62409e-08
16.1083  7.17114e-08
16.1186  4.81894e-08
16.1294  6.28225e-08
16.1403  8.12927e-08
16.1504  6.14334e-08
16.1622  8.10335e-08
16.1722  5.74012e-08
16.185  4.41148e-08
16.1937  4.06775e-08
16.2049  6.83617e-08
16.2154  3.55895e-08
16.2243  3.60871e-08
16.2353  5.29834e-08
16.2468  6.08571e-08
16.257  8.54051e-08
16.2716  5.67771e-08
16.2832  6.75141e-08
16.2963  5.1892e-08
16.3054  3.10831e-08
16.3153  6.36129e-08
16.3286  2.82421e-08
16.3387  3.39123e-08
16.3506  4.85945e-08
16.3588  4.13751e-08
16.3681  2.75731e-08
16.3787  5.2328e-08
16.3904  5.98353e-08
16.4015  2.86816e-08
16.4139  3.63986e-08
16.422  1.85405e-08
16.4346  4.64823e-08
16.4444  4.72622e-08
16.4594  4.7996e-08
16.4664  1.58723e-08
16.4795  5.0465e-08
16.4952  3.64602e-08
16.5038  4.89278e-08
16.5144  3.23213e-08
16.5243  2.25609e-08
16.5363  4.78802e-08
16.5465  3.17855e-08
16.5592  2.57681e-08
16.5704  2.53451e-08
16.5802  4.88032e-08
16.5958  1.96766e-08
16.6104  1.3489e-08
16.621  3.70106e-08
16.6321  3.73953e-08
16.6451  3.65238e-08
16.6541  2.68275e-08
16.6667  4.72654e-08
16.6792  1.51843e-08
16.6921  1.32706e-08
16.7005  3.01512e-08
16.7107  1.81877e-08
16.7242  4.15643e-08
16.7376  2.21926e-08
16.7489  1.20222e-08
16.7564  3.879e-08
16.7689  2.30681e-08
16.7822  1.15559e-08
16.7952  8.32493e-09
16.803  2.17711e-08
16.8151  4.14546e-08
16.8278  1.03963e-08
16.8371  9.80358e-09
16.851  1.54786e-08
16.8574  3.5217e-08
16.8696  2.80932e-08
16.8839  2.02775e-08
16.894  7.88705e-09
16.9004  1.17143e-08
16.9102  2.09547e-08
16.9248  2.18683e-08
16.9373  1.40481e-08
16.9478  2.28088e-08
16.961  1.29607e-08
16.9757  1.45367e-08
16.9893  1.45002e-08
17.0001  3.24036e-08
17.0129  7.83008e-09
17.0258  1.46213e-08
17.0351  1.13024e-08
17.0454  1.85958e-08
17.0604  5.97279e-09
17.0755  3.16232e-08
17.0916  8.74003e-09
17.1084  1.79156e-08
17.1161  7.4626e-09
17.1285  2.8584e-08
17.1428  3.09276e-09
17.1504  1.85202e-08
17.1641  1.27556e-08
17.1851  1.34434e-08
17.1952  4.96284e-09
17.209  5.99706e-09
17.2214  8.63392e-09
17.2302  2.74879e-08
17.2443  9.78669e-09
17.2571  9.10284e-09
17.2693  9.39157e-09
17.2802  4.42749e-09
17.2933  6.03028e-09
17.3042  6.46782e-09
17.3164  9.8311e-09
17.3308  1.13347e-08
17.3395  7.16866e-09
17.3518  1.62828e-08
17.3702  1.65846e-08
17.3817  9.73362e-09
17.3959  5.09844e-09
17.4062  7.77497e-09
17.4259  1.14605e-08
17.4395  1.47232e-09
17.4516  7.53555e-09
17.4685  5.18203e-09
17.4819  8.30364e-09
17.4956  7.33977e-09
17.5036  8.83933e-09
17.5184  9.60098e-09
17.5347  9.59597e-09
17.5466  2.23145e-09
17.5607  6.24939e-09
17.5718  8.4617e-09
17.5955  5.9042e-09
17.6057  7.31722e-09
17.6157  7.28193e-09
17.63  6.12689e-09
17.649  3.41374e-09
17.6576  6.90117e-09
17.6773  1.87143e-09
17.685  4.43294e-09
17.6953  2.83617e-09
17.7256  1.1892e-08
17.7406  8.24095e-09
17.7575  5.17956e-09
17.7631  4.90708e-09
17.7789  1.53307e-09
17.7935  2.60234e-09
17.7984  5.52778e-09
17.8236  7.92785e-10
17.8423  1.13689e-08
17.8594  1.62528e-09
17.8724  5.74143e-09
17.8854  8.53253e-10
17.9019  5.05164e-10
17.9138  5.1352e-10
17.9262  6.19895e-09
17.9445  6.8855e-09
17.9597  1.57978e-09
17.9698  3.23496e-09
17.9842  6.67715e-09
18.0038  1.136e-09
18.0159  2.63607e-09
18.0334  4.25571e-09
18.0569  1.58943e-09
18.0674  4.70665e-09
18.0858  8.79165e-10
18.1033  1.51344e-09
18.1154  4.26123e-09
18.1314  2.64947e-09
18.1471  2.74177e-09
18.1671  1.79887e-09
18.1827  4.38477e-10
18.2072  2.54567e-09
18.2191  7.00904e-09
18.2338  3.87212e-10
18.2429  2.74588e-09
18.2892  4.47462e-10
18.2997  1.61421e-09
18.3115  3.76858e-10
18.3343  1.21585e-09
18.3429  4.86684e-09
18.3695  2.30621e-09
18.3789  7.48471e-10
18.3909  1.46624e-09
18.408  1.72382e-09
18.4432  2.87755e-09
18.4713  3.88607e-10
18.485  3.48071e-09
18.4973  2.20381e-10
18.5376  8.09746e-10
18.5567  2.04539e-09
18.5876  2.97621e-10
18.5947  2.99806e-09
18.6158  1.08648e-09
18.6456  1.82131e-09
18.6689  3.80036e-10
18.7153  1.44746e-09
18.7219  1.51301e-09
18.7444  4.39938e-10
18.7791  8.60227e-10
18.8168  9.82025e-10
18.8314  1.99102e-09
18.8569  1.38971e-09
18.9116  3.85959e-10
18.9553  5.34671e-10
18.9894  3.75514e-10
19.0029  3.50581e-10
19.0192  1.25898e-09
19.0552  1.35872e-09
19.0949  1.12709e-09
19.2063  1.45705e-09
19.2278  2.59779e-10
19.3297  8.8261e-10
19.4288  9.39215e-10
19.468  5.10982e-10
19.6013  1.79572e-10
19.6312  3.01025e-10
19.7049  7.41739e-10
19.8184  2.66981e-10
20.0408  2.24568e-10
20.0785  2.56364e-10
20.3169  1.77351e-10
20.6904  1.22594e-10
