-20.5737  1.64675e-10
-20.1998  2.33259e-10
-19.9572  3.42683e-10
-19.9249  2.92622e-10
-19.7079  3.30516e-10
-19.5833  9.70808e-10
-19.5303  3.5873e-10
-19.4846  2.41212e-10
-19.3783  3.87126e-10
-19.3408  2.37703e-10
-19.3085  1.21787e-09
-19.2468  3.93635e-10
-19.2094  6.87565e-10
-19.1303  4.15226e-10
-19.1107  3.41672e-10
-19.0914  1.37558e-09
-19.0237  4.29857e-10
-18.9669  1.01011e-09
-18.9332  2.15358e-09
-18.9138  1.49301e-09
-18.8681  5.01952e-10
-18.8378  1.18221e-09
-18.7619  1.61119e-09
-18.7492  4.59739e-10
-18.7175  1.94848e-09
-18.692  1.26717e-09
-18.6623  1.57872e-09
-18.6303  1.6865e-09
-18.6188  4.8413e-10
-18.5928  1.89746e-09
-18.5399  2.11481e-09
-18.5154  2.22506e-09
-18.4942  1.42201e-09
-18.474  1.82271e-09
-18.4554  4.51166e-10
-18.4424  2.96981e-09
-18.4073  1.78903e-09
-18.3891  2.75706e-09
-18.3806  2.96028e-10
-18.3331  5.47239e-10
-18.3158  5.37321e-09
-18.2952  2.12049e-09
-18.2664  3.17557e-09
-18.2558  2.66877e-09
-18.2214  6.4012e-09
-18.2124  5.46704e-10
-18.1957  4.91063e-10
-18.1573  1.05296e-09
-18.1422  4.12428e-09
-18.1327  1.9134e-09
-18.115  3.87015e-09
-18.1016  4.54632e-09
-18.0564  5.60107e-10
-18.0475  7.31535e-09
-18.0349  3.14234e-09
-18.0113  2.95255e-09
-18.0023  2.01491e-09
-17.9791  5.40805e-09
-17.9545  5.4585e-10
-17.94  5.69821e-09
-17.9235  4.40084e-09
-17.9054  2.53088e-09
-17.8965  5.03187e-09
-17.8739  3.10576e-09
-17.8647  3.64968e-09
-17.8474  6.96946e-09
-17.8388  2.55138e-09
-17.8258  7.27352e-09
-17.8122  5.97702e-10
-17.801  6.02001e-10
-17.7909  1.86145e-09
-17.7735  6.72546e-09
-17.7613  1.02877e-08
-17.7466  6.99041e-10
-17.7277  3.90107e-09
-17.7176  5.88923e-09
-17.6927  2.37534e-09
-17.6732  8.47748e-09
-17.66  6.01721e-09
-17.6455  1.54703e-08
-17.6284  2.85408e-09
-17.6047  1.04884e-08
-17.5904  5.84418e-09
-17.5735  7.88566e-09
-17.5662  2.45122e-09
-17.5435  1.10899e-08
-17.526  8.59695e-09
-17.5163  3.24558e-09
-17.4989  8.73718e-09
-17.4851  7.18529e-09
-17.4681  6.46741e-09
-17.4501  1.46322e-08
-17.434  1.50975e-08
-17.4194  8.26161e-09
-17.4005  1.2493e-08
-17.3882  6.50874e-09
-17.3635  1.59548e-08
-17.3535  7.56691e-09
-17.3403  6.28703e-09
-17.3213  1.58827e-08
-17.3009  6.53541e-09
-17.2907  4.79906e-09
-17.278  1.76301e-08
-17.2669  1.16566e-08
-17.2511  1.58585e-08
-17.237  7.01953e-09
-17.2261  1.91891e-08
-17.2089  9.91184e-09
-17.1932  6.5433e-09
-17.1834  1.69558e-08
-17.1722  1.48003e-08
-17.1615  2.09706e-09
-17.1457  2.63597e-08
-17.1312  9.43267e-09
-17.1191  1.9105e-08
-17.105  1.62555e-08
-17.0893  5.4072e-09
-17.0799  4.7e-09
-17.0657  1.83805e-08
-17.0557  1.62067e-08
-17.0428  1.95459e-08
-17.0278  2.36993e-08
-17.014  1.18173e-08
-17.0048  1.37441e-08
-16.9879  2.40988e-08
-16.9727  1.49007e-08
-16.962  2.31274e-08
-16.9497  2.91456e-08
-16.9346  1.21248e-08
-16.9231  1.60376e-08
-16.9096  2.19816e-08
-16.8945  1.83019e-08
-16.8822  8.26513e-09
-16.8707  2.94009e-08
-16.8569  3.11718e-08
-16.8488  1.99798e-08
-16.836  1.32481e-08
-16.8261  1.39629e-08
-16.8164  1.67255e-08
-16.806  1.43771e-08
-16.7926  1.38186e-08
-16.7841  3.4832e-08
-16.7727  4.34682e-08
-16.7587  1.01762e-08
-16.745  2.77393e-08
-16.7335  3.87015e-08
-16.7239  2.05882e-08
-16.7122  2.35743e-08
-16.7007  1.49513e-08
-16.6864  3.08486e-08
-16.6727  4.21956e-08
-16.6613  2.48577e-08
-16.651  2.76278e-08
-16.6407  2.18448e-08
-16.6284  2.94537e-08
-16.6085  3.40777e-08
-16.5971  3.04612e-08
-16.5857  2.62026e-08
-16.5755  6.23735e-08
-16.5641  4.30426e-08
-16.5525  3.57732e-08
-16.5437  9.61484e-09
-16.5321  2.44334e-08
-16.522  1.78251e-08
-16.5119  2.29042e-08
-16.4972  8.25512e-08
-16.4831  2.95076e-08
-16.4735  2.54644e-08
-16.4619  3.46671e-08
-16.4522  6.16112e-08
-16.4423  2.47504e-08
-16.4292  2.28055e-08
-16.4161  3.97348e-08
-16.4072  3.69593e-08
-16.3957  6.52906e-08
-16.3843  4.19242e-08
-16.3746  3.3843e-08
-16.3647  3.54165e-08
-16.3522  5.10796e-08
-16.3421  4.69999e-08
-16.3296  5.6356e-08
-16.3177  6.8359e-08
-16.3065  2.36629e-08
-16.2975  4.81862e-08
-16.2843  2.35975e-08
-16.2754  8.69373e-08
-16.2615  3.79899e-08
-16.2485  5.8649e-08
-16.2378  5.21242e-08
-16.2287  4.29216e-08
-16.2175  5.19044e-08
-16.2048  4.83185e-08
-16.1951  7.4336e-08
-16.1842  6.71454e-08
-16.1747  6.01481e-08
-16.1632  9.18866e-08
-16.1534  2.96304e-08
-16.1417  5.93767e-08
-16.1334  2.14006e-08
-16.1222  9.25618e-08
-16.108  6.51029e-08
-16.0975  9.03805e-08
-16.086  7.01248e-08
-16.0742  7.21497e-08
-16.0607  8.89493e-08
-16.0506  8.64412e-08
-16.0362  9.72966e-08
-16.0261  6.35015e-08
-16.0145  5.91523e-08
-16.0018  8.0635e-08
-15.9918  8.68684e-08
-15.9813  5.80111e-08
-15.9694  8.28095e-08
-15.9581  7.97759e-08
-15.9493  1.00958e-07
-15.9386  8.01511e-08
-15.925  7.15185e-08
-15.9161  1.25608e-07
-15.9044  9.01494e-08
-15.8939  5.8657e-08
-15.8816  1.06147e-07
-15.8714  9.48558e-08
-15.8609  1.16044e-07
-15.8501  6.98266e-08
-15.8412  1.11384e-07
-15.8296  7.64856e-08
-15.8189  9.62748e-08
-15.807  1.18734e-07
-15.7972  6.21578e-08
-15.7864  1.6486e-07
-15.7755  1.24572e-07
-15.763  1.32692e-07
-15.7516  8.26179e-08
-15.741  1.21729e-07
-15.7303  1.09041e-07
-15.7195  8.93452e-08
-15.7083  1.48861e-07
-15.6979  1.68814e-07
-15.6867  1.22172e-07
-15.6755  1.45763e-07
-15.6626  1.43243e-07
-15.6529  7.90749e-08
-15.6433  1.2631e-07
-15.6311  1.75321e-07
-15.6201  1.12158e-07
-15.6083  1.21651e-07
-15.5974  1.88604e-07
-15.5865  1.90453e-07
-15.577  1.01468e-07
-15.5656  1.01587e-07
-15.556  1.0887e-07
-15.545  2.16782e-07
-15.5345  1.63782e-07
-15.5243  1.60818e-07
-15.5112  2.37845e-07
-15.5033  7.22287e-08
-15.4917  2.02666e-07
-15.4805  2.14999e-07
-15.4689  1.39227e-07
-15.458  2.52073e-07
-15.4471  1.3082e-07
-15.4355  1.00307e-07
-15.4251  1.92775e-07
-15.4123  2.77661e-07
-15.4027  1.95947e-07
-15.3926  1.33903e-07
-15.3825  2.36214e-07
-15.3727  1.77433e-07
-15.3613  2.5337e-07
-15.351  1.34178e-07
-15.3395  2.00317e-07
-15.3279  2.15565e-07
-15.3179  1.92657e-07
-15.3063  3.25566e-07
-15.2954  2.15594e-07
-15.2856  1.35488e-07
-15.2751  2.6471e-07
-15.2626  2.36066e-07
-15.2522  2.60873e-07
-15.2404  2.96385e-07
-15.231  2.13144e-07
-15.2206  2.08169e-07
-15.2095  2.72368e-07
-15.199  2.57086e-07
-15.1883  2.90245e-07
-15.1763  2.72479e-07
-15.1659  2.50867e-07
-15.1561  2.57649e-07
-15.1453  1.89588e-07
-15.1347  3.69545e-07
-15.1255  2.86275e-07
-15.1153  2.85824e-07
-15.1036  2.47338e-07
-15.093  3.14868e-07
-15.0827  2.99856e-07
-15.0738  3.03514e-07
-15.0625  2.74972e-07
-15.0514  3.92789e-07
-15.0404  3.04713e-07
-15.0304  2.75733e-07
-15.0192  3.61552e-07
-15.0075  4.12004e-07
-14.996  3.54293e-07
-14.9851  3.37348e-07
-14.9758  2.86944e-07
-14.9649  4.02041e-07
-14.9558  2.27142e-07
-14.9461  4.06833e-07
-14.9327  3.83237e-07
-14.9221  4.41116e-07
-14.9122  4.24653e-07
-14.9007  4.01653e-07
-14.8902  3.42955e-07
-14.8791  3.43782e-07
-14.8689  4.37728e-07
-14.8593  4.15469e-07
-14.8489  4.5433e-07
-14.838  4.45573e-07
-14.8285  3.76156e-07
-14.8167  4.60303e-07
-14.8054  4.08116e-07
-14.7957  5.20674e-07
-14.784  3.58588e-07
-14.7741  5.01729e-07
-14.7634  5.17291e-07
-14.7532  3.82439e-07
-14.7427  5.402e-07
-14.731  5.77089e-07
-14.7192  6.1311e-07
-14.7089  3.64074e-07
-14.6983  5.12927e-07
-14.6868  5.15793e-07
-14.6775  5.6771e-07
-14.6672  6.2908e-07
-14.6556  5.41383e-07
-14.6443  5.74933e-07
-14.6321  5.03136e-07
-14.6234  5.55926e-07
-14.6123  5.85313e-07
-14.6024  5.04235e-07
-14.5915  6.84645e-07
-14.582  6.51011e-07
-14.5708  5.53159e-07
-14.5604  6.01152e-07
-14.549  6.56254e-07
-14.5387  5.94395e-07
-14.5277  6.49563e-07
-14.5173  7.27612e-07
-14.5069  6.95131e-07
-14.497  7.16214e-07
-14.4857  6.69849e-07
-14.4743  6.6168e-07
-14.4641  6.58513e-07
-14.4531  7.54942e-07
-14.4424  7.77866e-07
-14.432  7.55381e-07
-14.4214  7.36799e-07
-14.4102  8.35111e-07
-14.3999  7.32493e-07
-14.3888  8.4952e-07
-14.3784  7.99446e-07
-14.3676  8.12897e-07
-14.3574  6.46603e-07
-14.3468  9.05677e-07
-14.3357  8.81779e-07
-14.3256  6.90598e-07
-14.3159  9.763e-07
-14.3046  8.36419e-07
-14.2945  8.8221e-07
-14.2844  8.40417e-07
-14.2735  9.25093e-07
-14.2633  1.0034e-06
-14.253  8.28154e-07
-14.2435  6.77325e-07
-14.2323  1.07888e-06
-14.2215  1.01676e-06
-14.2116  1.10829e-06
-14.2005  9.75479e-07
-14.1903  9.28302e-07
-14.1802  9.49554e-07
-14.1698  1.00521e-06
-14.1595  1.01037e-06
-14.1486  1.13169e-06
-14.1371  1.29228e-06
-14.1269  8.65516e-07
-14.1174  1.12223e-06
-14.106  1.17296e-06
-14.0947  1.26998e-06
-14.0841  1.16338e-06
-14.0735  1.1027e-06
-14.0631  1.11618e-06
-14.0528  1.22862e-06
-14.042  1.50743e-06
-14.0304  1.29127e-06
-14.0198  1.02339e-06
-14.0096  1.29203e-06
-13.999  1.37559e-06
-13.9879  1.40991e-06
-13.977  1.61585e-06
-13.9666  1.00325e-06
-13.9558  1.38544e-06
-13.9442  1.39146e-06
-13.9349  1.54359e-06
-13.9243  1.28103e-06
-13.9148  1.23955e-06
-13.9036  1.49767e-06
-13.8932  1.53207e-06
-13.8823  1.61345e-06
-13.872  1.41715e-06
-13.861  1.74878e-06
-13.8508  1.39278e-06
-13.8399  1.41208e-06
-13.8294  1.78735e-06
-13.8191  1.47721e-06
-13.8083  1.75207e-06
-13.798  1.74693e-06
-13.7868  1.69404e-06
-13.7762  1.69317e-06
-13.7653  1.82614e-06
-13.7549  1.7454e-06
-13.7437  1.7397e-06
-13.733  1.85064e-06
-13.7228  1.96115e-06
-13.7112  2.08187e-06
-13.7006  1.68279e-06
-13.6904  1.80561e-06
-13.6795  2.04867e-06
-13.6689  1.89e-06
-13.658  1.98917e-06
-13.6475  2.08919e-06
-13.6378  1.80689e-06
-13.6277  1.9911e-06
-13.6168  1.92198e-06
-13.6064  2.13677e-06
-13.5956  2.33017e-06
-13.585  2.44235e-06
-13.575  1.81939e-06
-13.564  2.15286e-06
-13.5536  2.14114e-06
-13.543  2.5633e-06
-13.533  1.8596e-06
-13.5229  2.63908e-06
-13.5119  2.0956e-06
-13.5014  2.52967e-06
-13.4908  2.38722e-06
-13.4803  2.48035e-06
-13.4691  2.8479e-06
-13.4581  2.13409e-06
-13.4475  2.51645e-06
-13.437  2.54786e-06
-13.4272  2.87043e-06
-13.4156  2.57831e-06
-13.4057  2.63479e-06
-13.3958  2.74835e-06
-13.3854  2.66923e-06
-13.3746  2.50759e-06
-13.3642  2.66343e-06
-13.3539  2.83641e-06
-13.344  2.91021e-06
-13.3333  2.84676e-06
-13.3223  3.07749e-06
-13.3122  3.21922e-06
-13.3006  3.08512e-06
-13.2908  2.73126e-06
-13.2802  2.9515e-06
-13.2697  3.07237e-06
-13.2596  3.02988e-06
-13.249  3.5133e-06
-13.2383  2.915e-06
-13.228  3.59758e-06
-13.2173  3.25389e-06
-13.2072  3.20655e-06
-13.1962  3.5102e-06
-13.1864  3.45359e-06
-13.176  3.25836e-06
-13.1655  3.43594e-06
-13.1545  3.67029e-06
-13.1442  3.50407e-06
-13.1335  3.76071e-06
-13.123  3.71682e-06
-13.1127  3.93977e-06
-13.1022  3.58809e-06
-13.0923  3.51671e-06
-13.0815  3.81952e-06
-13.071  4.21205e-06
-13.0609  3.57763e-06
-13.0508  3.90082e-06
-13.0401  4.17693e-06
-13.0301  3.852e-06
-13.0195  4.25288e-06
-13.0092  4.02767e-06
-12.9992  4.27781e-06
-12.9887  3.8897e-06
-12.9785  4.22946e-06
-12.9683  4.57311e-06
-12.9577  4.25187e-06
-12.9473  4.55977e-06
-12.9371  4.63977e-06
-12.9268  4.41159e-06
-12.9162  4.74362e-06
-12.9062  4.32461e-06
-12.8959  4.8031e-06
-12.8856  4.61867e-06
-12.8752  4.82432e-06
-12.8649  4.79049e-06
-12.8539  5.70211e-06
-12.8437  4.37751e-06
-12.8341  5.01373e-06
-12.8232  5.15627e-06
-12.8128  5.3213e-06
-12.8021  4.99942e-06
-12.792  5.46075e-06
-12.7815  5.071e-06
-12.7713  5.33946e-06
-12.7608  5.3826e-06
-12.7514  5.23732e-06
-12.7408  5.90684e-06
-12.7302  5.66633e-06
-12.7198  6.29173e-06
-12.7096  5.04076e-06
-12.6992  5.93007e-06
-12.6888  5.76342e-06
-12.6787  5.96594e-06
-12.6685  6.00609e-06
-12.6583  6.09932e-06
-12.6478  6.20461e-06
-12.6368  6.86902e-06
-12.625  6.70247e-06
-12.6147  6.39797e-06
-12.6044  7.13487e-06
-12.5939  6.0525e-06
-12.584  5.74589e-06
-12.5738  6.74756e-06
-12.5637  7.40585e-06
-12.5533  6.54111e-06
-12.5425  7.33733e-06
-12.5323  6.55172e-06
-12.5222  6.74392e-06
-12.5119  7.84218e-06
-12.5008  7.41581e-06
-12.4907  6.60816e-06
-12.4802  8.00995e-06
-12.4701  6.85706e-06
-12.4597  7.7461e-06
-12.4496  7.53579e-06
-12.4391  7.89263e-06
-12.4287  7.37447e-06
-12.4187  7.73829e-06
-12.4082  8.17335e-06
-12.3979  8.00299e-06
-12.3878  8.13634e-06
-12.3771  8.40966e-06
-12.3661  8.71115e-06
-12.3562  8.11469e-06
-12.3459  8.01244e-06
-12.3358  8.59015e-06
-12.3253  9.96428e-06
-12.3143  8.32715e-06
-12.3043  8.54702e-06
-12.2941  8.97808e-06
-12.2836  8.74027e-06
-12.2735  9.49462e-06
-12.2633  8.54651e-06
-12.2532  9.90685e-06
-12.2427  9.35288e-06
-12.2326  8.91775e-06
-12.2225  9.83296e-06
-12.2116  1.05926e-05
-12.2016  9.16841e-06
-12.1911  9.24093e-06
-12.181  1.05974e-05
-12.1709  9.3654e-06
-12.1606  1.0544e-05
-12.1504  1.04924e-05
-12.1404  9.96065e-06
-12.1301  1.01791e-05
-12.1198  1.12651e-05
-12.1093  1.04333e-05
-12.0994  1.06183e-05
-12.0888  1.09674e-05
-12.0787  1.10206e-05
-12.0682  1.10565e-05
-12.058  1.22861e-05
-12.0476  1.11831e-05
-12.0371  1.14765e-05
-12.027  1.18764e-05
-12.0167  1.11336e-05
-12.0065  1.1957e-05
-11.9964  1.21405e-05
-11.9861  1.16116e-05
-11.976  1.1974e-05
-11.9654  1.36645e-05
-11.9549  1.20436e-05
-11.9446  1.25149e-05
-11.9345  1.3155e-05
-11.9243  1.26944e-05
-11.9134  1.42166e-05
-11.9026  1.3268e-05
-11.8923  1.32438e-05
-11.8819  1.3165e-05
-11.872  1.42914e-05
-11.8616  1.35289e-05
-11.8515  1.30077e-05
-11.8414  1.39935e-05
-11.8309  1.42744e-05
-11.821  1.29642e-05
-11.8104  1.6936e-05
-11.7993  1.3977e-05
-11.7893  1.46504e-05
-11.7793  1.5593e-05
-11.7689  1.41838e-05
-11.7587  1.43624e-05
-11.7485  1.6642e-05
-11.7381  1.53218e-05
-11.7281  1.42277e-05
-11.7182  1.58555e-05
-11.7079  1.61345e-05
-11.6974  1.58424e-05
-11.6874  1.64272e-05
-11.6772  1.64212e-05
-11.6667  1.64676e-05
-11.6565  1.68563e-05
-11.6466  1.60938e-05
-11.636  1.75974e-05
-11.6253  1.87837e-05
-11.6147  1.72394e-05
-11.6045  1.65212e-05
-11.5942  1.9456e-05
-11.5833  1.8427e-05
-11.573  1.75929e-05
-11.5629  1.8814e-05
-11.5525  1.69552e-05
-11.5426  1.85223e-05
-11.5326  1.93064e-05
-11.5223  1.80143e-05
-11.5121  1.85704e-05
-11.5016  2.0904e-05
-11.4914  1.87824e-05
-11.4811  1.94226e-05
-11.4707  2.17749e-05
-11.4597  2.10562e-05
-11.4489  2.03677e-05
-11.4387  1.97009e-05
-11.4287  2.07236e-05
-11.4183  2.12014e-05
-11.4082  2.13284e-05
-11.3975  2.15436e-05
-11.3872  2.21451e-05
-11.3767  2.21753e-05
-11.3665  2.10119e-05
-11.356  2.25627e-05
-11.346  2.17325e-05
-11.3361  2.15546e-05
-11.3257  2.35331e-05
-11.3156  2.30405e-05
-11.3052  2.1494e-05
-11.2954  2.3379e-05
-11.2852  2.45395e-05
-11.2747  2.34621e-05
-11.2646  2.36038e-05
-11.2545  2.34598e-05
-11.2441  2.4708e-05
-11.2339  2.51055e-05
-11.2237  2.51014e-05
-11.2135  2.31777e-05
-11.2036  2.60162e-05
-11.1934  2.4998e-05
-11.183  2.65196e-05
-11.1726  2.54725e-05
-11.1629  2.57545e-05
-11.1523  2.57597e-05
-11.1424  2.72848e-05
-11.1324  2.54023e-05
-11.122  2.83254e-05
-11.1121  2.6793e-05
-11.1019  2.72282e-05
-11.0914  2.77078e-05
-11.0814  2.88089e-05
-11.0714  2.77514e-05
-11.0611  2.80961e-05
-11.0509  2.82081e-05
-11.0404  3.22167e-05
-11.0294  3.07078e-05
-11.0194  2.8696e-05
-11.0092  2.91517e-05
-10.9989  3.0296e-05
-10.989  3.07836e-05
-10.9789  2.8633e-05
-10.9685  3.21903e-05
-10.9585  3.09918e-05
-10.9484  3.07752e-05
-10.9382  3.17143e-05
-10.928  3.2489e-05
-10.9181  3.10777e-05
-10.9079  3.28801e-05
-10.8978  3.15926e-05
-10.8877  3.37118e-05
-10.8774  3.20911e-05
-10.8676  3.50669e-05
-10.8572  3.26842e-05
-10.8471  3.49618e-05
-10.837  3.34068e-05
-10.827  3.5951e-05
-10.8166  3.40195e-05
-10.8065  3.66206e-05
-10.7962  3.45511e-05
-10.7863  3.66078e-05
-10.7759  3.63226e-05
-10.7659  3.58767e-05
-10.7555  3.76918e-05
-10.7455  3.69151e-05
-10.7354  3.82992e-05
-10.725  3.76376e-05
-10.7148  3.79396e-05
-10.7048  3.89766e-05
-10.6946  3.84975e-05
-10.6844  3.9232e-05
-10.6745  4.01602e-05
-10.6642  3.8698e-05
-10.6539  4.00718e-05
-10.6439  4.13968e-05
-10.6337  3.96373e-05
-10.6238  4.04776e-05
-10.6136  4.35337e-05
-10.6034  4.10847e-05
-10.5933  4.15332e-05
-10.5832  4.32973e-05
-10.5731  4.1244e-05
-10.5628  4.49319e-05
-10.5527  4.38194e-05
-10.5425  4.33741e-05
-10.5324  4.35458e-05
-10.5225  4.55881e-05
-10.5123  4.29533e-05
-10.5021  4.60132e-05
-10.4921  4.80469e-05
-10.4816  4.44095e-05
-10.4719  4.40984e-05
-10.4617  5.01122e-05
-10.4514  4.58605e-05
-10.4414  4.6835e-05
-10.4314  4.9874e-05
-10.4207  5.06356e-05
-10.41  5.05809e-05
-10.3999  5.07228e-05
-10.3897  4.55218e-05
-10.3798  4.99654e-05
-10.3696  5.27367e-05
-10.3594  4.95661e-05
-10.3494  5.06036e-05
-10.3394  5.27705e-05
-10.3291  5.02432e-05
-10.319  5.29171e-05
-10.3091  5.33689e-05
-10.2988  5.25639e-05
-10.2881  5.85418e-05
-10.2779  5.33156e-05
-10.2676  5.41596e-05
-10.257  6.08568e-05
-10.2467  5.54498e-05
-10.2361  5.69381e-05
-10.2255  6.21767e-05
-10.2148  5.73348e-05
-10.2041  6.24583e-05
-10.1936  5.8728e-05
-10.1835  5.57509e-05
-10.1733  6.0219e-05
-10.163  6.10387e-05
-10.153  5.71007e-05
-10.1428  6.13683e-05
-10.1327  6.14123e-05
-10.1227  5.80099e-05
-10.1125  6.35223e-05
-10.1021  6.36997e-05
-10.0921  6.02611e-05
-10.0819  6.30396e-05
-10.0719  6.32142e-05
-10.0619  6.35801e-05
-10.0516  6.5818e-05
-10.0415  6.39048e-05
-10.0316  6.35527e-05
-10.0213  6.61141e-05
-10.0112  6.83417e-05
-10.0011  6.49948e-05
-9.99103  6.68359e-05
-9.98098  6.83971e-05
-9.97082  6.65235e-05
-9.96049  7.19609e-05
-9.95044  7.05401e-05
-9.9402  6.95407e-05
-9.93014  6.84276e-05
-9.92002  7.20381e-05
-9.91001  6.85938e-05
-9.89977  7.49938e-05
-9.8897  7.32739e-05
-9.87921  7.55176e-05
-9.86856  7.65765e-05
-9.85834  7.42792e-05
-9.84838  7.38429e-05
-9.83811  7.54934e-05
-9.8282  7.34373e-05
-9.81806  7.70804e-05
-9.80778  7.93207e-05
-9.79717  8.31489e-05
-9.78673  7.62096e-05
-9.77661  7.8967e-05
-9.76643  8.23552e-05
-9.75631  7.72446e-05
-9.74629  8.15691e-05
-9.73613  8.01937e-05
-9.72609  8.02533e-05
-9.71577  8.44259e-05
-9.70559  8.24037e-05
-9.69573  8.18199e-05
-9.68557  8.4579e-05
-9.67519  8.55978e-05
-9.66541  8.30713e-05
-9.65511  8.66444e-05
-9.64489  8.81216e-05
-9.63497  8.37153e-05
-9.62489  8.74073e-05
-9.61468  8.98324e-05
-9.60421  9.61076e-05
-9.59332  9.26051e-05
-9.58319  8.8579e-05
-9.57329  8.84968e-05
-9.56269  0.000101179
-9.552  9.45889e-05
-9.54202  8.98277e-05
-9.53189  9.25506e-05
-9.52172  9.57651e-05
-9.51163  9.53313e-05
-9.50143  9.33384e-05
-9.49092  0.000106982
-9.48046  9.35049e-05
-9.47031  9.88951e-05
-9.46014  9.67444e-05
-9.45024  0.000100114
-9.43978  9.76398e-05
-9.42936  0.000111086
-9.41893  9.90481e-05
-9.40868  0.000103409
-9.39841  0.000101159
-9.38857  0.00010469
-9.37813  0.000101157
-9.36826  0.000106689
-9.35806  0.000103409
-9.34793  0.000106086
-9.3377  0.000106936
-9.32794  0.00010433
-9.3175  0.000109173
-9.30754  0.000109864
-9.29689  0.000119981
-9.28634  0.000105765
-9.27615  0.000116678
-9.26619  0.000108704
-9.25586  0.00011186
-9.24543  0.000124868
-9.23484  0.000110865
-9.2248  0.000115901
-9.21454  0.000119151
-9.20467  0.000108963
-9.1945  0.000118809
-9.18438  0.000119131
-9.1743  0.000115475
-9.16425  0.000120096
-9.15355  0.000135135
-9.14298  0.000118287
-9.1328  0.000121462
-9.12274  0.000124357
-9.11258  0.000120961
-9.10256  0.000123518
-9.09199  0.000141024
-9.08134  0.000119092
-9.07136  0.000130579
-9.06114  0.000126717
-9.05105  0.000128248
-9.04091  0.000125679
-9.03077  0.00013636
-9.02064  0.000125168
-9.01075  0.00013038
-9.00062  0.000133069
-8.9905  0.000131647
-8.98042  0.000133742
-8.97031  0.000139609
-8.96003  0.000131794
-8.95  0.000137947
-8.9398  0.000137032
-8.92973  0.000136984
-8.91971  0.000140902
-8.90959  0.000138144
-8.89951  0.000139484
-8.88938  0.000141992
-8.87926  0.000145064
-8.86913  0.000143112
-8.8586  0.00015344
-8.84806  0.000149066
-8.8379  0.000143186
-8.8279  0.000150674
-8.81772  0.000144309
-8.80767  0.000150042
-8.79757  0.000148419
-8.7874  0.000153507
-8.77734  0.000149023
-8.76722  0.000152974
-8.75705  0.000158507
-8.74685  0.000151468
-8.73684  0.000151921
-8.72677  0.000160465
-8.7166  0.000154976
-8.70649  0.000158511
-8.69646  0.000158398
-8.68634  0.000159572
-8.67628  0.00016206
-8.66613  0.000161411
-8.65625  0.00015633
-8.64603  0.000168468
-8.63591  0.000164235
-8.6259  0.00016633
-8.61578  0.000163364
-8.60572  0.000170327
-8.59575  0.000162475
-8.58554  0.000175993
-8.57556  0.000163385
-8.56554  0.000175402
-8.5553  0.000173189
-8.54517  0.000172653
-8.53531  0.000170695
-8.52499  0.000182768
-8.5149  0.000171252
-8.50499  0.000179851
-8.49431  0.000190748
-8.4838  0.000184989
-8.47373  0.000177256
-8.46348  0.000185561
-8.45348  0.000177632
-8.44346  0.00019114
-8.43255  0.000201197
-8.42194  0.000194114
-8.41184  0.000178798
-8.40185  0.000190355
-8.39155  0.000189407
-8.38169  0.000193069
-8.37137  0.00018404
-8.36145  0.000202144
-8.35125  0.000185681
-8.34125  0.000197521
-8.33104  0.000195222
-8.32122  0.000195409
-8.31087  0.000196779
-8.30042  0.000223725
-8.28974  0.000195133
-8.27984  0.000201688
-8.26943  0.000206513
-8.25969  0.000195797
-8.24939  0.000208286
-8.23936  0.000209203
-8.22922  0.000204143
-8.21926  0.000205744
-8.20894  0.000215658
-8.1991  0.000200857
-8.18889  0.000216823
-8.17879  0.000212473
-8.16881  0.00020993
-8.15878  0.000215763
-8.14846  0.000218342
-8.13858  0.000216904
-8.1283  0.00021702
-8.1183  0.000220645
-8.1083  0.000216458
-8.09813  0.000225456
-8.08796  0.000222813
-8.07813  0.000221812
-8.06775  0.000227644
-8.0577  0.000226654
-8.04725  0.000245946
-8.03677  0.000228894
-8.02652  0.000232419
-8.01661  0.000228416
-8.0063  0.000235202
-7.99582  0.000254963
-7.98526  0.000234618
-7.97524  0.000236704
-7.96503  0.000236329
-7.95514  0.000239513
-7.94498  0.000235194
-7.93501  0.000247002
-7.92473  0.000239451
-7.91477  0.000245609
-7.90451  0.000241303
-7.89472  0.000249344
-7.88388  0.000271005
-7.87343  0.000247275
-7.86274  0.000277515
-7.8522  0.000247198
-7.84153  0.000284844
-7.83105  0.000246811
-7.82084  0.000259752
-7.81084  0.000251373
-7.8006  0.000268401
-7.79056  0.000245691
-7.78052  0.000269273
-7.77053  0.000251381
-7.76037  0.000270935
-7.7504  0.000253677
-7.74029  0.000273297
-7.73025  0.000255967
-7.72001  0.000283672
-7.71  0.000253586
-7.69984  0.000281512
-7.6898  0.000263979
-7.67954  0.000283462
-7.66958  0.000259991
-7.65943  0.000289151
-7.64935  0.000267437
-7.63917  0.000286533
-7.62915  0.000268577
-7.61907  0.000289783
-7.609  0.000269098
-7.59876  0.000302205
-7.58869  0.000270559
-7.57862  0.00029066
-7.56859  0.000282525
-7.55807  0.000319179
-7.54752  0.000277598
-7.53752  0.000304447
-7.52738  0.000278607
-7.51731  0.000307216
-7.50704  0.000287239
-7.49717  0.000301456
-7.48698  0.000286014
-7.47697  0.00031739
-7.46688  0.000279451
-7.45685  0.000312458
-7.4466  0.000302854
-7.4367  0.000304429
-7.42652  0.000296781
-7.41656  0.00031987
-7.40639  0.000292531
-7.396  0.00034521
-7.38528  0.000312824
-7.37535  0.000313122
-7.36504  0.000311214
-7.3551  0.000324525
-7.34495  0.000302967
-7.335  0.000325985
-7.3247  0.000319594
-7.31434  0.000350509
-7.30345  0.000329544
-7.29349  0.000327084
-7.2832  0.00032029
-7.2733  0.000328882
-7.26305  0.000329627
-7.25319  0.000325264
-7.24299  0.000330486
-7.23296  0.00033963
-7.22281  0.000328889
-7.21284  0.000330948
-7.20224  0.00037152
-7.19178  0.000338465
-7.1814  0.000348369
-7.17129  0.000344015
-7.16112  0.000339465
-7.15071  0.000375676
-7.14  0.000352795
-7.13  0.000340648
-7.11984  0.000353383
-7.10979  0.000349369
-7.09969  0.000350092
-7.08963  0.000356382
-7.07941  0.000356621
-7.06948  0.000351062
-7.05891  0.000388479
-7.0484  0.000366777
-7.03816  0.000354746
-7.02828  0.000366016
-7.01794  0.000364013
-7.008  0.000368166
-6.99783  0.000359741
-6.98784  0.000372928
-6.97762  0.00037255
-6.96767  0.000368824
-6.95739  0.000372071
-6.94759  0.000373491
-6.93729  0.000374646
-6.92728  0.000383273
-6.91704  0.000377623
-6.90716  0.000381801
-6.89675  0.000384476
-6.88696  0.000379321
-6.87624  0.000416975
-6.86586  0.000391817
-6.8556  0.000386225
-6.84575  0.000387154
-6.83541  0.000393003
-6.82568  0.000388904
-6.81522  0.000400684
-6.80537  0.000391511
-6.79513  0.000398358
-6.78531  0.00039509
-6.77493  0.000406787
-6.76512  0.000395814
-6.75479  0.000407533
-6.74494  0.000398881
-6.73462  0.000416861
-6.72478  0.000391355
-6.71452  0.000422362
-6.70474  0.000396501
-6.69434  0.000427977
-6.68398  0.000438675
-6.67327  0.00042993
-6.66321  0.000406367
-6.65299  0.000432705
-6.64311  0.00040298
-6.63284  0.000437637
-6.6229  0.000404989
-6.61273  0.000444354
-6.60261  0.000412545
-6.59248  0.000438631
-6.58257  0.000413703
-6.5723  0.000445682
-6.56234  0.000421407
-6.55222  0.00044188
-6.54216  0.000418334
-6.53206  0.00045614
-6.52198  0.000423067
-6.5119  0.000447476
-6.50192  0.000433281
-6.49179  0.000449561
-6.4817  0.000432195
-6.47163  0.000459546
-6.46157  0.000435868
-6.45139  0.000458582
-6.4414  0.000445282
-6.4313  0.0004526
-6.42117  0.000446856
-6.4111  0.000468203
-6.40106  0.000444327
-6.39088  0.000465218
-6.38086  0.000457987
-6.37069  0.00046335
-6.36062  0.000462262
-6.35048  0.000466985
-6.3405  0.000458323
-6.33026  0.000475372
-6.32025  0.000470516
-6.31012  0.000465202
-6.30014  0.000468155
-6.28995  0.000478995
-6.28007  0.000467686
-6.26976  0.000483003
-6.25982  0.000477662
-6.2496  0.000478287
-6.23964  0.000481795
-6.22937  0.0004863
-6.21955  0.000474751
-6.20922  0.000494121
-6.19934  0.000481213
-6.18914  0.000490292
-6.17921  0.000488061
-6.1689  0.000498128
-6.15911  0.000484297
-6.14874  0.000503618
-6.13889  0.000488697
-6.12858  0.000507337
-6.11818  0.000539934
-6.10738  0.000516214
-6.09748  0.000485889
-6.08724  0.000519528
-6.07727  0.000490577
-6.06711  0.000517922
-6.05718  0.000499856
-6.04688  0.000520241
-6.03707  0.000495613
-6.02673  0.000536194
-6.01673  0.000495772
-6.00652  0.000532577
-5.9966  0.0005028
-5.98632  0.000531876
-5.97651  0.000501274
-5.96628  0.000539796
-5.95635  0.000499449
-5.94611  0.000552961
-5.93618  0.00050191
-5.92592  0.000548837
-5.91599  0.00050902
-5.90575  0.000552811
-5.89582  0.00050831
-5.88564  0.000553845
-5.87565  0.000516003
-5.86545  0.000559082
-5.8554  0.000518515
-5.84522  0.000565325
-5.83514  0.000518134
-5.82502  0.000563483
-5.81501  0.000525069
-5.8049  0.00055873
-5.79489  0.000528051
-5.78476  0.000571832
-5.77471  0.000525447
-5.76461  0.000573841
-5.7541  0.000580524
-5.74362  0.000568862
-5.73341  0.000547275
-5.72334  0.000579509
-5.71309  0.00054564
-5.70302  0.000575234
-5.69289  0.000549829
-5.68287  0.000567971
-5.67268  0.000570108
-5.66264  0.0005639
-5.65248  0.000568924
-5.64238  0.000576253
-5.63224  0.00056305
-5.62223  0.000573298
-5.61205  0.000577527
-5.60195  0.000577012
-5.59186  0.000570833
-5.58184  0.000575445
-5.57179  0.000578896
-5.56161  0.000582793
-5.55156  0.000584452
-5.54138  0.000576482
-5.5314  0.000590061
-5.52075  0.000639726
-5.51032  0.000574453
-5.50013  0.000605387
-5.4901  0.000580366
-5.47988  0.000594888
-5.46993  0.00059654
-5.4596  0.000600691
-5.4497  0.000574282
-5.43902  0.000680225
-5.42846  0.000581882
-5.4182  0.000616898
-5.4083  0.000578623
-5.39814  0.000625181
-5.38745  0.000645732
-5.37699  0.000620509
-5.36683  0.000593236
-5.35662  0.000629922
-5.34663  0.000578571
-5.33664  0.000632332
-5.32642  0.000591489
-5.31603  0.000687544
-5.30541  0.000589523
-5.29539  0.000638078
-5.28515  0.000605164
-5.27521  0.000629397
-5.26494  0.000598488
-5.25516  0.000637998
-5.24492  0.000600624
-5.23489  0.000643301
-5.22479  0.000598817
-5.21486  0.000647005
-5.20445  0.000612459
-5.19472  0.000636608
-5.18442  0.000614926
-5.17447  0.000644857
-5.16431  0.000611644
-5.15444  0.000646139
-5.14403  0.000626099
-5.13425  0.000645204
-5.1234  0.000686592
-5.11308  0.000643346
-5.10283  0.000628149
-5.09301  0.000637834
-5.08265  0.000652397
-5.07284  0.000630841
-5.06252  0.00064736
-5.05259  0.00064956
-5.04237  0.000633457
-5.03212  0.000700648
-5.02134  0.000661003
-5.01137  0.00064548
-5.00104  0.000659697
-4.99109  0.000648737
-4.98035  0.000722255
-4.9699  0.000641054
-4.95982  0.000659087
-4.94986  0.000646495
-4.93963  0.000664374
-4.92969  0.000652703
-4.919  0.000731107
-4.90847  0.000648787
-4.89836  0.000674227
-4.8883  0.000649917
-4.87819  0.00066764
-4.86817  0.000666945
-4.85803  0.000661314
-4.84793  0.000669946
-4.83779  0.000677288
-4.82771  0.000656376
-4.8177  0.000659159
-4.80723  0.000750548
-4.79647  0.000669512
-4.78635  0.000679125
-4.77636  0.000660516
-4.76631  0.000682855
-4.75607  0.000676632
-4.74614  0.00067305
-4.73599  0.000675528
-4.72589  0.000687687
-4.71584  0.000665683
-4.70586  0.000685095
-4.69558  0.000682803
-4.68568  0.000682659
-4.67551  0.000670477
-4.66552  0.000699362
-4.65532  0.00067484
-4.6454  0.000685901
-4.63514  0.000689632
-4.62516  0.000692996
-4.61495  0.000677742
-4.60509  0.00069285
-4.59482  0.000688122
-4.58489  0.000697199
-4.57455  0.000691023
-4.5647  0.000690797
-4.55444  0.000692541
-4.54459  0.00068786
-4.53438  0.000692723
-4.52452  0.000697672
-4.51423  0.000695537
-4.50438  0.000690381
-4.49406  0.000713403
-4.48418  0.000687285
-4.47336  0.000777777
-4.46306  0.00068927
-4.45274  0.000714127
-4.4428  0.00069179
-4.43255  0.000719457
-4.42261  0.000688574
-4.4123  0.000721832
-4.40248  0.000682791
-4.39231  0.000716331
-4.38233  0.000692327
-4.37212  0.000731973
-4.3621  0.000694105
-4.35179  0.000723375
-4.34145  0.000758487
-4.33078  0.000733499
-4.3202  0.000751174
-4.30977  0.000734837
-4.29964  0.000680616
-4.28957  0.000747157
-4.27939  0.000696984
-4.26934  0.000728952
-4.2591  0.000703786
-4.24914  0.000731713
-4.23908  0.000686227
-4.22858  0.000801574
-4.218  0.000703474
-4.208  0.000729552
-4.19775  0.000708417
-4.18785  0.000733382
-4.17767  0.000696555
-4.16765  0.000741257
-4.15749  0.000708608
-4.14699  0.000797315
-4.13628  0.000720385
-4.12633  0.000730918
-4.1161  0.000712401
-4.10607  0.000731443
-4.09596  0.000723685
-4.08592  0.000719383
-4.07583  0.000719813
-4.06586  0.000727736
-4.05579  0.000707351
-4.04578  0.000739882
-4.03563  0.000727857
-4.02548  0.000724603
-4.01544  0.000727221
-4.00532  0.000737983
-3.99523  0.000715923
-3.98514  0.000736439
-3.97513  0.000726725
-3.96488  0.000735488
-3.95491  0.000720632
-3.94478  0.000744747
-3.93471  0.000713834
-3.92461  0.000739539
-3.91465  0.000727397
-3.90431  0.000743003
-3.89442  0.000719508
-3.88422  0.000748431
-3.87414  0.000721116
-3.86394  0.000749629
-3.85398  0.000722162
-3.84363  0.000754495
-3.8337  0.000715678
-3.82345  0.000761302
-3.8134  0.000706743
-3.80328  0.000762884
-3.79332  0.000707513
-3.78305  0.000763681
-3.77309  0.000710758
-3.76291  0.00075935
-3.75288  0.000709263
-3.74231  0.00083909
-3.7318  0.000693024
-3.72176  0.000765003
-3.71168  0.00071467
-3.70159  0.000765412
-3.69145  0.000700447
-3.68148  0.000774666
-3.67131  0.000702745
-3.66131  0.000764316
-3.65122  0.00070885
-3.64121  0.000764412
-3.63094  0.000720889
-3.62091  0.000770558
-3.61062  0.000713964
-3.60064  0.000764915
-3.59036  0.000724642
-3.58035  0.000761006
-3.57013  0.00071181
-3.56026  0.000757831
-3.55  0.000726414
-3.54001  0.000755682
-3.52984  0.000718673
-3.51988  0.000755436
-3.5096  0.000732673
-3.49964  0.000748522
-3.48895  0.000798325
-3.47856  0.000744239
-3.46832  0.000734935
-3.45832  0.000751253
-3.44812  0.000732934
-3.43813  0.000737554
-3.42797  0.000737589
-3.41806  0.000737892
-3.40786  0.000732501
-3.39788  0.000751347
-3.38771  0.00072687
-3.37774  0.000737973
-3.36757  0.000745153
-3.35764  0.000727633
-3.34752  0.000730721
-3.33744  0.000760809
-3.32728  0.000728486
-3.31727  0.000729828
-3.30711  0.000758294
-3.29703  0.000727783
-3.28695  0.00073231
-3.27683  0.000758221
-3.26671  0.000726545
-3.25661  0.000734676
-3.24656  0.000750017
-3.23636  0.00074043
-3.22632  0.000716899
-3.21623  0.000761125
-3.20619  0.000721909
-3.19605  0.000736011
-3.18602  0.000742629
-3.17582  0.00074552
-3.16575  0.000717092
-3.1556  0.000770553
-3.14551  0.000707789
-3.1354  0.000745591
-3.12543  0.000728161
-3.11489  0.000803656
-3.10432  0.000724788
-3.09423  0.000757308
-3.08414  0.000707939
-3.07357  0.000827889
-3.06293  0.000719149
-3.05245  0.000813955
-3.04166  0.000732946
-3.03175  0.000735968
-3.0215  0.000725865
-3.01148  0.00074446
-3.00126  0.000732665
-2.99126  0.000728983
-2.98092  0.000744155
-2.97096  0.000733919
-2.96063  0.000729856
-2.95065  0.000739179
-2.94041  0.000725891
-2.93047  0.000728167
-2.92012  0.000742234
-2.91022  0.000723067
-2.89988  0.000731635
-2.88999  0.000727775
-2.87977  0.00072685
-2.86988  0.000712478
-2.85968  0.00073929
-2.84981  0.000710164
-2.83906  0.000806321
-2.82869  0.000709989
-2.81852  0.000737854
-2.80848  0.00070982
-2.79837  0.000734298
-2.78846  0.000702719
-2.77824  0.000741459
-2.76829  0.000703664
-2.7582  0.000732082
-2.74813  0.000710164
-2.738  0.000739035
-2.72754  0.000762363
-2.71694  0.000738122
-2.70685  0.000716276
-2.69672  0.000721651
-2.68664  0.000713806
-2.67652  0.000730887
-2.66645  0.00070164
-2.65637  0.0007305
-2.64624  0.000716199
-2.63606  0.000722049
-2.62596  0.00071108
-2.61589  0.00072351
-2.60581  0.000702434
-2.5957  0.000725434
-2.58562  0.000707452
-2.57557  0.000709153
-2.5655  0.000712601
-2.55544  0.000710669
-2.54495  0.000765726
-2.53449  0.00071142
-2.52445  0.000705304
-2.51433  0.000709871
-2.50425  0.000713892
-2.49418  0.000702151
-2.48408  0.000713627
-2.47395  0.000706028
-2.46392  0.000704779
-2.45375  0.00070661
-2.44371  0.000714389
-2.43353  0.000695805
-2.42348  0.000712104
-2.41336  0.000701766
-2.40338  0.000692954
-2.3932  0.000709396
-2.38325  0.000695572
-2.37312  0.000694551
-2.36311  0.000708892
-2.35289  0.000700994
-2.34293  0.000688788
-2.33277  0.000703764
-2.32284  0.000692529
-2.31267  0.000692442
-2.30222  0.000762817
-2.29163  0.000695637
-2.28166  0.00068266
-2.27142  0.000715452
-2.26144  0.000681007
-2.25125  0.000694639
-2.24126  0.000696206
-2.23106  0.000693863
-2.2211  0.000674921
-2.21088  0.00071581
-2.20085  0.000674898
-2.19073  0.000686665
-2.18075  0.00069227
-2.17053  0.000692982
-2.16065  0.000659188
-2.15049  0.000712832
-2.14049  0.000665125
-2.13041  0.000684041
-2.12045  0.00068394
-2.11027  0.000687075
-2.1003  0.000667427
-2.09009  0.000709535
-2.08001  0.000663322
-2.06987  0.00068891
-2.05981  0.000679479
-2.04967  0.000684055
-2.03964  0.000665472
-2.02944  0.000703105
-2.01938  0.000656849
-2.00926  0.000688421
-1.99916  0.000674533
-1.98906  0.00067516
-1.97899  0.000665701
-1.96883  0.000698934
-1.9587  0.000651501
-1.94864  0.000683335
-1.93853  0.000670982
-1.92836  0.000675592
-1.91827  0.00066462
-1.90818  0.000681725
-1.89807  0.000650995
-1.88805  0.000676319
-1.87792  0.000668878
-1.8678  0.000664238
-1.85775  0.000659162
-1.84773  0.000673796
-1.83759  0.000650429
-1.827  0.000743617
-1.81641  0.000654541
-1.80637  0.000653935
-1.79584  0.000730789
-1.78528  0.000654559
-1.77521  0.000655054
-1.76516  0.000665268
-1.75502  0.00065622
-1.74494  0.000652712
-1.73487  0.000665571
-1.72475  0.000648998
-1.71464  0.000657891
-1.70453  0.000662088
-1.69443  0.000646704
-1.68433  0.000651821
-1.67429  0.000655982
-1.6642  0.000645806
-1.65412  0.000651222
-1.64406  0.000648544
-1.63398  0.000648161
-1.62386  0.000651085
-1.61385  0.000641656
-1.60383  0.00063927
-1.59375  0.000649736
-1.58359  0.00065392
-1.57356  0.000633593
-1.56349  0.000643357
-1.55347  0.000642773
-1.54337  0.000639489
-1.53332  0.00064067
-1.52326  0.0006431
-1.51317  0.000635696
-1.503  0.00065019
-1.49296  0.00063223
-1.48285  0.000637558
-1.47279  0.000638402
-1.46266  0.000641814
-1.45257  0.000632988
-1.44243  0.000637166
-1.43247  0.000627054
-1.42236  0.000636457
-1.41233  0.000627249
-1.40229  0.000633324
-1.39175  0.000683526
-1.3812  0.000638029
-1.37123  0.000615581
-1.3611  0.000640802
-1.35102  0.000622273
-1.34097  0.000628652
-1.33083  0.000632458
-1.32073  0.000626288
-1.31074  0.000616712
-1.30053  0.000643538
-1.29043  0.000615503
-1.28039  0.000625672
-1.27025  0.000625784
-1.26008  0.000635669
-1.25001  0.000605734
-1.2399  0.000636292
-1.22983  0.00061107
-1.2198  0.000620576
-1.2097  0.000619447
-1.19961  0.00062129
-1.18958  0.00060521
-1.17953  0.00063242
-1.16943  0.000601285
-1.15946  0.00061805
-1.14934  0.000615521
-1.13927  0.000617948
-1.12915  0.000613092
-1.11906  0.000618053
-1.10902  0.000601826
-1.09898  0.000620063
-1.08884  0.000607132
-1.07885  0.000611128
-1.06866  0.000618581
-1.05851  0.000613371
-1.04841  0.000606562
-1.03832  0.000613692
-1.02816  0.00061148
-1.01805  0.00061052
-1.00793  0.000606953
-0.997847  0.000606972
-0.987743  0.000607939
-0.977664  0.000604499
-0.967544  0.000608881
-0.957433  0.000604612
-0.947309  0.000606794
-0.937176  0.000608724
-0.927063  0.000600847
-0.916918  0.000607011
-0.906864  0.000599249
-0.896786  0.000601313
-0.886799  0.000585807
-0.876826  0.000606208
-0.866712  0.000595686
-0.856651  0.000596943
-0.846601  0.000601562
-0.836509  0.000596304
-0.826473  0.000588374
-0.816389  0.000613082
-0.806224  0.000586948
-0.796198  0.000595723
-0.786085  0.000607284
-0.775874  0.000595297
-0.765791  0.000589914
-0.755767  0.000601381
-0.74555  0.000594313
-0.73546  0.000595081
-0.725422  0.000592754
-0.715252  0.000594449
-0.705206  0.000587775
-0.695154  0.000597938
-0.684971  0.000590364
-0.674873  0.000592724
-0.66483  0.000591817
-0.6546  0.000597151
-0.644573  0.000578634
-0.634591  0.000591199
-0.623976  0.000644762
-0.613361  0.000596204
-0.603407  0.000566198
-0.593383  0.000600918
-0.583205  0.000585
-0.573205  0.000582005
-0.563098  0.000590962
-0.552946  0.000591947
-0.542934  0.000571537
-0.532867  0.000599044
-0.522715  0.000574147
-0.512775  0.000587601
-0.502576  0.000589161
-0.492476  0.000585327
-0.482441  0.000575157
-0.472334  0.000597477
-0.462104  0.000580398
-0.452138  0.000580592
-0.441981  0.000588889
-0.431799  0.000588571
-0.421713  0.000577177
-0.411629  0.000589259
-0.401425  0.00058098
-0.391393  0.000585024
-0.381215  0.000584943
-0.371045  0.000585309
-0.360977  0.000576986
-0.350837  0.000590445
-0.340602  0.000586657
-0.330529  0.000575178
-0.320458  0.000580368
-0.310289  0.000590217
-0.300159  0.000574205
-0.290102  0.000583231
-0.279898  0.000583725
-0.269818  0.000580564
-0.259698  0.000576914
-0.249587  0.000585828
-0.239449  0.000575168
-0.229372  0.000583373
-0.219167  0.000583358
-0.209123  0.000573118
-0.19903  0.000579152
-0.188904  0.000585737
-0.178751  0.000572026
-0.168766  0.00057879
-0.158576  0.000580726
-0.148529  0.000575156
-0.138475  0.000574741
-0.127939  0.000631298
-0.117286  0.000585045
-0.107282  0.000564998
-0.0972609  0.000578413
-0.0872046  0.000573858
-0.0766709  0.000630129
-0.0661572  0.000573831
-0.0560253  0.000583045
-0.045912  0.00057685
-0.035791  0.000576023
-0.0257281  0.000580055
-0.0155858  0.000576883
-0.00525422  0.000602987
0.00525422  0.000602987
0.0155858  0.000576883
0.0257281  0.000580055
0.035791  0.000576023
0.045912  0.00057685
0.0560253  0.000583045
0.0661572  0.000573831
0.0766709  0.000630129
0.0872046  0.000573858
0.0972609  0.000578413
0.107282  0.000564998
0.117286  0.000585045
0.127939  0.000631298
0.138475  0.000574741
0.148529  0.000575156
0.158576  0.000580726
0.168766  0.00057879
0.178751  0.000572026
0.188904  0.000585737
0.19903  0.000579152
0.209123  0.000573118
0.219167  0.000583358
0.229372  0.000583373
0.239449  0.000575168
0.249587  0.000585828
0.259698  0.000576914
0.269818  0.000580564
0.279898  0.000583725
0.290102  0.000583231
0.300159  0.000574205
0.310289  0.000590217
0.320458  0.000580368
0.330529  0.000575178
0.340602  0.000586657
0.350837  0.000590445
0.360977  0.000576986
0.371045  0.000585309
0.381215  0.000584943
0.391393  0.000585024
0.401425  0.00058098
0.411629  0.000589259
0.421713  0.000577177
0.431799  0.000588571
0.441981  0.000588889
0.452138  0.000580592
0.462104  0.000580398
0.472334  0.000597477
0.482441  0.000575157
0.492476  0.000585327
0.502576  0.000589161
0.512775  0.000587601
0.522715  0.000574147
0.532867  0.000599044
0.542934  0.000571537
0.552946  0.000591947
0.563098  0.000590962
0.573205  0.000582005
0.583205  0.000585
0.593383  0.000600918
0.603407  0.000566198
0.613361  0.000596204
0.623976  0.000644762
0.634591  0.000591199
0.644573  0.000578634
0.6546  0.000597151
0.66483  0.000591817
0.674873  0.000592724
0.684971  0.000590364
0.695154  0.000597938
0.705206  0.000587775
0.715252  0.000594449
0.725422  0.000592754
0.73546  0.000595081
0.74555  0.000594313
0.755767  0.000601381
0.765791  0.000589914
0.775874  0.000595297
0.786085  0.000607284
0.796198  0.000595723
0.806224  0.000586948
0.816389  0.000613082
0.826473  0.000588374
0.836509  0.000596304
0.846601  0.000601562
0.856651  0.000596943
0.866712  0.000595686
0.876826  0.000606208
0.886799  0.000585807
0.896786  0.000601313
0.906864  0.000599249
0.916918  0.000607011
0.927063  0.000600847
0.937176  0.000608724
0.947309  0.000606794
0.957433  0.000604612
0.967544  0.000608881
0.977664  0.000604499
0.987743  0.000607939
0.997847  0.000606972
1.00793  0.000606953
1.01805  0.00061052
1.02816  0.00061148
1.03832  0.000613692
1.04841  0.000606562
1.05851  0.000613371
1.06866  0.000618581
1.07885  0.000611128
1.08884  0.000607132
1.09898  0.000620063
1.10902  0.000601826
1.11906  0.000618053
1.12915  0.000613092
1.13927  0.000617948
1.14934  0.000615521
1.15946  0.00061805
1.16943  0.000601285
1.17953  0.00063242
1.18958  0.00060521
1.19961  0.00062129
1.2097  0.000619447
1.2198  0.000620576
1.22983  0.00061107
1.2399  0.000636292
1.25001  0.000605734
1.26008  0.000635669
1.27025  0.000625784
1.28039  0.000625672
1.29043  0.000615503
1.30053  0.000643538
1.31074  0.000616712
1.32073  0.000626288
1.33083  0.000632458
1.34097  0.000628652
1.35102  0.000622273
1.3611  0.000640802
1.37123  0.000615581
1.3812  0.000638029
1.39175  0.000683526
1.40229  0.000633324
1.41233  0.000627249
1.42236  0.000636457
1.43247  0.000627054
1.44243  0.000637166
1.45257  0.000632988
1.46266  0.000641814
1.47279  0.000638402
1.48285  0.000637558
1.49296  0.00063223
1.503  0.00065019
1.51317  0.000635696
1.52326  0.0006431
1.53332  0.00064067
1.54337  0.000639489
1.55347  0.000642773
1.56349  0.000643357
1.57356  0.000633593
1.58359  0.00065392
1.59375  0.000649736
1.60383  0.00063927
1.61385  0.000641656
1.62386  0.000651085
1.63398  0.000648161
1.64406  0.000648544
1.65412  0.000651222
1.6642  0.000645806
1.67429  0.000655982
1.68433  0.000651821
1.69443  0.000646704
1.70453  0.000662088
1.71464  0.000657891
1.72475  0.000648998
1.73487  0.000665571
1.74494  0.000652712
1.75502  0.00065622
1.76516  0.000665268
1.77521  0.000655054
1.78528  0.000654559
1.79584  0.000730789
1.80637  0.000653935
1.81641  0.000654541
1.827  0.000743617
1.83759  0.000650429
1.84773  0.000673796
1.85775  0.000659162
1.8678  0.000664238
1.87792  0.000668878
1.88805  0.000676319
1.89807  0.000650995
1.90818  0.000681725
1.91827  0.00066462
1.92836  0.000675592
1.93853  0.000670982
1.94864  0.000683335
1.9587  0.000651501
1.96883  0.000698934
1.97899  0.000665701
1.98906  0.00067516
1.99916  0.000674533
2.00926  0.000688421
2.01938  0.000656849
2.02944  0.000703105
2.03964  0.000665472
2.04967  0.000684055
2.05981  0.000679479
2.06987  0.00068891
2.08001  0.000663322
2.09009  0.000709535
2.1003  0.000667427
2.11027  0.000687075
2.12045  0.00068394
2.13041  0.000684041
2.14049  0.000665125
2.15049  0.000712832
2.16065  0.000659188
2.17053  0.000692982
2.18075  0.00069227
2.19073  0.000686665
2.20085  0.000674898
2.21088  0.00071581
2.2211  0.000674921
2.23106  0.000693863
2.24126  0.000696206
2.25125  0.000694639
2.26144  0.000681007
2.27142  0.000715452
2.28166  0.00068266
2.29163  0.000695637
2.30222  0.000762817
2.31267  0.000692442
2.32284  0.000692529
2.33277  0.000703764
2.34293  0.000688788
2.35289  0.000700994
2.36311  0.000708892
2.37312  0.000694551
2.38325  0.000695572
2.3932  0.000709396
2.40338  0.000692954
2.41336  0.000701766
2.42348  0.000712104
2.43353  0.000695805
2.44371  0.000714389
2.45375  0.00070661
2.46392  0.000704779
2.47395  0.000706028
2.48408  0.000713627
2.49418  0.000702151
2.50425  0.000713892
2.51433  0.000709871
2.52445  0.000705304
2.53449  0.00071142
2.54495  0.000765726
2.55544  0.000710669
2.5655  0.000712601
2.57557  0.000709153
2.58562  0.000707452
2.5957  0.000725434
2.60581  0.000702434
2.61589  0.00072351
2.62596  0.00071108
2.63606  0.000722049
2.64624  0.000716199
2.65637  0.0007305
2.66645  0.00070164
2.67652  0.000730887
2.68664  0.000713806
2.69672  0.000721651
2.70685  0.000716276
2.71694  0.000738122
2.72754  0.000762363
2.738  0.000739035
2.74813  0.000710164
2.7582  0.000732082
2.76829  0.000703664
2.77824  0.000741459
2.78846  0.000702719
2.79837  0.000734298
2.80848  0.00070982
2.81852  0.000737854
2.82869  0.000709989
2.83906  0.000806321
2.84981  0.000710164
2.85968  0.00073929
2.86988  0.000712478
2.87977  0.00072685
2.88999  0.000727775
2.89988  0.000731635
2.91022  0.000723067
2.92012  0.000742234
2.93047  0.000728167
2.94041  0.000725891
2.95065  0.000739179
2.96063  0.000729856
2.97096  0.000733919
2.98092  0.000744155
2.99126  0.000728983
3.00126  0.000732665
3.01148  0.00074446
3.0215  0.000725865
3.03175  0.000735968
3.04166  0.000732946
3.05245  0.000813955
3.06293  0.000719149
3.07357  0.000827889
3.08414  0.000707939
3.09423  0.000757308
3.10432  0.000724788
3.11489  0.000803656
3.12543  0.000728161
3.1354  0.000745591
3.14551  0.000707789
3.1556  0.000770553
3.16575  0.000717092
3.17582  0.00074552
3.18602  0.000742629
3.19605  0.000736011
3.20619  0.000721909
3.21623  0.000761125
3.22632  0.000716899
3.23636  0.00074043
3.24656  0.000750017
3.25661  0.000734676
3.26671  0.000726545
3.27683  0.000758221
3.28695  0.00073231
3.29703  0.000727783
3.30711  0.000758294
3.31727  0.000729828
3.32728  0.000728486
3.33744  0.000760809
3.34752  0.000730721
3.35764  0.000727633
3.36757  0.000745153
3.37774  0.000737973
3.38771  0.00072687
3.39788  0.000751347
3.40786  0.000732501
3.41806  0.000737892
3.42797  0.000737589
3.43813  0.000737554
3.44812  0.000732934
3.45832  0.000751253
3.46832  0.000734935
3.47856  0.000744239
3.48895  0.000798325
3.49964  0.000748522
3.5096  0.000732673
3.51988  0.000755436
3.52984  0.000718673
3.54001  0.000755682
3.55  0.000726414
3.56026  0.000757831
3.57013  0.00071181
3.58035  0.000761006
3.59036  0.000724642
3.60064  0.000764915
3.61062  0.000713964
3.62091  0.000770558
3.63094  0.000720889
3.64121  0.000764412
3.65122  0.00070885
3.66131  0.000764316
3.67131  0.000702745
3.68148  0.000774666
3.69145  0.000700447
3.70159  0.000765412
3.71168  0.00071467
3.72176  0.000765003
3.7318  0.000693024
3.74231  0.00083909
3.75288  0.000709263
3.76291  0.00075935
3.77309  0.000710758
3.78305  0.000763681
3.79332  0.000707513
3.80328  0.000762884
3.8134  0.000706743
3.82345  0.000761302
3.8337  0.000715678
3.84363  0.000754495
3.85398  0.000722162
3.86394  0.000749629
3.87414  0.000721116
3.88422  0.000748431
3.89442  0.000719508
3.90431  0.000743003
3.91465  0.000727397
3.92461  0.000739539
3.93471  0.000713834
3.94478  0.000744747
3.95491  0.000720632
3.96488  0.000735488
3.97513  0.000726725
3.98514  0.000736439
3.99523  0.000715923
4.00532  0.000737983
4.01544  0.000727221
4.02548  0.000724603
4.03563  0.000727857
4.04578  0.000739882
4.05579  0.000707351
4.06586  0.000727736
4.07583  0.000719813
4.08592  0.000719383
4.09596  0.000723685
4.10607  0.000731443
4.1161  0.000712401
4.12633  0.000730918
4.13628  0.000720385
4.14699  0.000797315
4.15749  0.000708608
4.16765  0.000741257
4.17767  0.000696555
4.18785  0.000733382
4.19775  0.000708417
4.208  0.000729552
4.218  0.000703474
4.22858  0.000801574
4.23908  0.000686227
4.24914  0.000731713
4.2591  0.000703786
4.26934  0.000728952
4.27939  0.000696984
4.28957  0.000747157
4.29964  0.000680616
4.30977  0.000734837
4.3202  0.000751174
4.33078  0.000733499
4.34145  0.000758487
4.35179  0.000723375
4.3621  0.000694105
4.37212  0.000731973
4.38233  0.000692327
4.39231  0.000716331
4.40248  0.000682791
4.4123  0.000721832
4.42261  0.000688574
4.43255  0.000719457
4.4428  0.00069179
4.45274  0.000714127
4.46306  0.00068927
4.47336  0.000777777
4.48418  0.000687285
4.49406  0.000713403
4.50438  0.000690381
4.51423  0.000695537
4.52452  0.000697672
4.53438  0.000692723
4.54459  0.00068786
4.55444  0.000692541
4.5647  0.000690797
4.57455  0.000691023
4.58489  0.000697199
4.59482  0.000688122
4.60509  0.00069285
4.61495  0.000677742
4.62516  0.000692996
4.63514  0.000689632
4.6454  0.000685901
4.65532  0.00067484
4.66552  0.000699362
4.67551  0.000670477
4.68568  0.000682659
4.69558  0.000682803
4.70586  0.000685095
4.71584  0.000665683
4.72589  0.000687687
4.73599  0.000675528
4.74614  0.00067305
4.75607  0.000676632
4.76631  0.000682855
4.77636  0.000660516
4.78635  0.000679125
4.79647  0.000669512
4.80723  0.000750548
4.8177  0.000659159
4.82771  0.000656376
4.83779  0.000677288
4.84793  0.000669946
4.85803  0.000661314
4.86817  0.000666945
4.87819  0.00066764
4.8883  0.000649917
4.89836  0.000674227
4.90847  0.000648787
4.919  0.000731107
4.92969  0.000652703
4.93963  0.000664374
4.94986  0.000646495
4.95982  0.000659087
4.9699  0.000641054
4.98035  0.000722255
4.99109  0.000648737
5.00104  0.000659697
5.01137  0.00064548
5.02134  0.000661003
5.03212  0.000700648
5.04237  0.000633457
5.05259  0.00064956
5.06252  0.00064736
5.07284  0.000630841
5.08265  0.000652397
5.09301  0.000637834
5.10283  0.000628149
5.11308  0.000643346
5.1234  0.000686592
5.13425  0.000645204
5.14403  0.000626099
5.15444  0.000646139
5.16431  0.000611644
5.17447  0.000644857
5.18442  0.000614926
5.19472  0.000636608
5.20445  0.000612459
5.21486  0.000647005
5.22479  0.000598817
5.23489  0.000643301
5.24492  0.000600624
5.25516  0.000637998
5.26494  0.000598488
5.27521  0.000629397
5.28515  0.000605164
5.29539  0.000638078
5.30541  0.000589523
5.31603  0.000687544
5.32642  0.000591489
5.33664  0.000632332
5.34663  0.000578571
5.35662  0.000629922
5.36683  0.000593236
5.37699  0.000620509
5.38745  0.000645732
5.39814  0.000625181
5.4083  0.000578623
5.4182  0.000616898
5.42846  0.000581882
5.43902  0.000680225
5.4497  0.000574282
5.4596  0.000600691
5.46993  0.00059654
5.47988  0.000594888
5.4901  0.000580366
5.50013  0.000605387
5.51032  0.000574453
5.52075  0.000639726
5.5314  0.000590061
5.54138  0.000576482
5.55156  0.000584452
5.56161  0.000582793
5.57179  0.000578896
5.58184  0.000575445
5.59186  0.000570833
5.60195  0.000577012
5.61205  0.000577527
5.62223  0.000573298
5.63224  0.00056305
5.64238  0.000576253
5.65248  0.000568924
5.66264  0.0005639
5.67268  0.000570108
5.68287  0.000567971
5.69289  0.000549829
5.70302  0.000575234
5.71309  0.00054564
5.72334  0.000579509
5.73341  0.000547275
5.74362  0.000568862
5.7541  0.000580524
5.76461  0.000573841
5.77471  0.000525447
5.78476  0.000571832
5.79489  0.000528051
5.8049  0.00055873
5.81501  0.000525069
5.82502  0.000563483
5.83514  0.000518134
5.84522  0.000565325
5.8554  0.000518515
5.86545  0.000559082
5.87565  0.000516003
5.88564  0.000553845
5.89582  0.00050831
5.90575  0.000552811
5.91599  0.00050902
5.92592  0.000548837
5.93618  0.00050191
5.94611  0.000552961
5.95635  0.000499449
5.96628  0.000539796
5.97651  0.000501274
5.98632  0.000531876
5.9966  0.0005028
6.00652  0.000532577
6.01673  0.000495772
6.02673  0.000536194
6.03707  0.000495613
6.04688  0.000520241
6.05718  0.000499856
6.06711  0.000517922
6.07727  0.000490577
6.08724  0.000519528
6.09748  0.000485889
6.10738  0.000516214
6.11818  0.000539934
6.12858  0.000507337
6.13889  0.000488697
6.14874  0.000503618
6.15911  0.000484297
6.1689  0.000498128
6.17921  0.000488061
6.18914  0.000490292
6.19934  0.000481213
6.20922  0.000494121
6.21955  0.000474751
6.22937  0.0004863
6.23964  0.000481795
6.2496  0.000478287
6.25982  0.000477662
6.26976  0.000483003
6.28007  0.000467686
6.28995  0.000478995
6.30014  0.000468155
6.31012  0.000465202
6.32025  0.000470516
6.33026  0.000475372
6.3405  0.000458323
6.35048  0.000466985
6.36062  0.000462262
6.37069  0.00046335
6.38086  0.000457987
6.39088  0.000465218
6.40106  0.000444327
6.4111  0.000468203
6.42117  0.000446856
6.4313  0.0004526
6.4414  0.000445282
6.45139  0.000458582
6.46157  0.000435868
6.47163  0.000459546
6.4817  0.000432195
6.49179  0.000449561
6.50192  0.000433281
6.5119  0.000447476
6.52198  0.000423067
6.53206  0.00045614
6.54216  0.000418334
6.55222  0.00044188
6.56234  0.000421407
6.5723  0.000445682
6.58257  0.000413703
6.59248  0.000438631
6.60261  0.000412545
6.61273  0.000444354
6.6229  0.000404989
6.63284  0.000437637
6.64311  0.00040298
6.65299  0.000432705
6.66321  0.000406367
6.67327  0.00042993
6.68398  0.000438675
6.69434  0.000427977
6.70474  0.000396501
6.71452  0.000422362
6.72478  0.000391355
6.73462  0.000416861
6.74494  0.000398881
6.75479  0.000407533
6.76512  0.000395814
6.77493  0.000406787
6.78531  0.00039509
6.79513  0.000398358
6.80537  0.000391511
6.81522  0.000400684
6.82568  0.000388904
6.83541  0.000393003
6.84575  0.000387154
6.8556  0.000386225
6.86586  0.000391817
6.87624  0.000416975
6.88696  0.000379321
6.89675  0.000384476
6.90716  0.000381801
6.91704  0.000377623
6.92728  0.000383273
6.93729  0.000374646
6.94759  0.000373491
6.95739  0.000372071
6.96767  0.000368824
6.97762  0.00037255
6.98784  0.000372928
6.99783  0.000359741
7.008  0.000368166
7.01794  0.000364013
7.02828  0.000366016
7.03816  0.000354746
7.0484  0.000366777
7.05891  0.000388479
7.06948  0.000351062
7.07941  0.000356621
7.08963  0.000356382
7.09969  0.000350092
7.10979  0.000349369
7.11984  0.000353383
7.13  0.000340648
7.14  0.000352795
7.15071  0.000375676
7.16112  0.000339465
7.17129  0.000344015
7.1814  0.000348369
7.19178  0.000338465
7.20224  0.00037152
7.21284  0.000330948
7.22281  0.000328889
7.23296  0.00033963
7.24299  0.000330486
7.25319  0.000325264
7.26305  0.000329627
7.2733  0.000328882
7.2832  0.00032029
7.29349  0.000327084
7.30345  0.000329544
7.31434  0.000350509
7.3247  0.000319594
7.335  0.000325985
7.34495  0.000302967
7.3551  0.000324525
7.36504  0.000311214
7.37535  0.000313122
7.38528  0.000312824
7.396  0.00034521
7.40639  0.000292531
7.41656  0.00031987
7.42652  0.000296781
7.4367  0.000304429
7.4466  0.000302854
7.45685  0.000312458
7.46688  0.000279451
7.47697  0.00031739
7.48698  0.000286014
7.49717  0.000301456
7.50704  0.000287239
7.51731  0.000307216
7.52738  0.000278607
7.53752  0.000304447
7.54752  0.000277598
7.55807  0.000319179
7.56859  0.000282525
7.57862  0.00029066
7.58869  0.000270559
7.59876  0.000302205
7.609  0.000269098
7.61907  0.000289783
7.62915  0.000268577
7.63917  0.000286533
7.64935  0.000267437
7.65943  0.000289151
7.66958  0.000259991
7.67954  0.000283462
7.6898  0.000263979
7.69984  0.000281512
7.71  0.000253586
7.72001  0.000283672
7.73025  0.000255967
7.74029  0.000273297
7.7504  0.000253677
7.76037  0.000270935
7.77053  0.000251381
7.78052  0.000269273
7.79056  0.000245691
7.8006  0.000268401
7.81084  0.000251373
7.82084  0.000259752
7.83105  0.000246811
7.84153  0.000284844
7.8522  0.000247198
7.86274  0.000277515
7.87343  0.000247275
7.88388  0.000271005
7.89472  0.000249344
7.90451  0.000241303
7.91477  0.000245609
7.92473  0.000239451
7.93501  0.000247002
7.94498  0.000235194
7.95514  0.000239513
7.96503  0.000236329
7.97524  0.000236704
7.98526  0.000234618
7.99582  0.000254963
8.0063  0.000235202
8.01661  0.000228416
8.02652  0.000232419
8.03677  0.000228894
8.04725  0.000245946
8.0577  0.000226654
8.06775  0.000227644
8.07813  0.000221812
8.08796  0.000222813
8.09813  0.000225456
8.1083  0.000216458
8.1183  0.000220645
8.1283  0.00021702
8.13858  0.000216904
8.14846  0.000218342
8.15878  0.000215763
8.16881  0.00020993
8.17879  0.000212473
8.18889  0.000216823
8.1991  0.000200857
8.20894  0.000215658
8.21926  0.000205744
8.22922  0.000204143
8.23936  0.000209203
8.24939  0.000208286
8.25969  0.000195797
8.26943  0.000206513
8.27984  0.000201688
8.28974  0.000195133
8.30042  0.000223725
8.31087  0.000196779
8.32122  0.000195409
8.33104  0.000195222
8.34125  0.000197521
8.35125  0.000185681
8.36145  0.000202144
8.37137  0.00018404
8.38169  0.000193069
8.39155  0.000189407
8.40185  0.000190355
8.41184  0.000178798
8.42194  0.000194114
8.43255  0.000201197
8.44346  0.00019114
8.45348  0.000177632
8.46348  0.000185561
8.47373  0.000177256
8.4838  0.000184989
8.49431  0.000190748
8.50499  0.000179851
8.5149  0.000171252
8.52499  0.000182768
8.53531  0.000170695
8.54517  0.000172653
8.5553  0.000173189
8.56554  0.000175402
8.57556  0.000163385
8.58554  0.000175993
8.59575  0.000162475
8.60572  0.000170327
8.61578  0.000163364
8.6259  0.00016633
8.63591  0.000164235
8.64603  0.000168468
8.65625  0.00015633
8.66613  0.000161411
8.67628  0.00016206
8.68634  0.000159572
8.69646  0.000158398
8.70649  0.000158511
8.7166  0.000154976
8.72677  0.000160465
8.73684  0.000151921
8.74685  0.000151468
8.75705  0.000158507
8.76722  0.000152974
8.77734  0.000149023
8.7874  0.000153507
8.79757  0.000148419
8.80767  0.000150042
8.81772  0.000144309
8.8279  0.000150674
8.8379  0.000143186
8.84806  0.000149066
8.8586  0.00015344
8.86913  0.000143112
8.87926  0.000145064
8.88938  0.000141992
8.89951  0.000139484
8.90959  0.000138144
8.91971  0.000140902
8.92973  0.000136984
8.9398  0.000137032
8.95  0.000137947
8.96003  0.000131794
8.97031  0.000139609
8.98042  0.000133742
8.9905  0.000131647
9.00062  0.000133069
9.01075  0.00013038
9.02064  0.000125168
9.03077  0.00013636
9.04091  0.000125679
9.05105  0.000128248
9.06114  0.000126717
9.07136  0.000130579
9.08134  0.000119092
9.09199  0.000141024
9.10256  0.000123518
9.11258  0.000120961
9.12274  0.000124357
9.1328  0.000121462
9.14298  0.000118287
9.15355  0.000135135
9.16425  0.000120096
9.1743  0.000115475
9.18438  0.000119131
9.1945  0.000118809
9.20467  0.000108963
9.21454  0.000119151
9.2248  0.000115901
9.23484  0.000110865
9.24543  0.000124868
9.25586  0.00011186
9.26619  0.000108704
9.27615  0.000116678
9.28634  0.000105765
9.29689  0.000119981
9.30754  0.000109864
9.3175  0.000109173
9.32794  0.00010433
9.3377  0.000106936
9.34793  0.000106086
9.35806  0.000103409
9.36826  0.000106689
9.37813  0.000101157
9.38857  0.00010469
9.39841  0.000101159
9.40868  0.000103409
9.41893  9.90481e-05
9.42936  0.000111086
9.43978  9.76398e-05
9.45024  0.000100114
9.46014  9.67444e-05
9.47031  9.88951e-05
9.48046  9.35049e-05
9.49092  0.000106982
9.50143  9.33384e-05
9.51163  9.53313e-05
9.52172  9.57651e-05
9.53189  9.25506e-05
9.54202  8.98277e-05
9.552  9.45889e-05
9.56269  0.000101179
9.57329  8.84968e-05
9.58319  8.8579e-05
9.59332  9.26051e-05
9.60421  9.61076e-05
9.61468  8.98324e-05
9.62489  8.74073e-05
9.63497  8.37153e-05
9.64489  8.81216e-05
9.65511  8.66444e-05
9.66541  8.30713e-05
9.67519  8.55978e-05
9.68557  8.4579e-05
9.69573  8.18199e-05
9.70559  8.24037e-05
9.71577  8.44259e-05
9.72609  8.02533e-05
9.73613  8.01937e-05
9.74629  8.15691e-05
9.75631  7.72446e-05
9.76643  8.23552e-05
9.77661  7.8967e-05
9.78673  7.62096e-05
9.79717  8.31489e-05
9.80778  7.93207e-05
9.81806  7.70804e-05
9.8282  7.34373e-05
9.83811  7.54934e-05
9.84838  7.38429e-05
9.85834  7.42792e-05
9.86856  7.65765e-05
9.87921  7.55176e-05
9.8897  7.32739e-05
9.89977  7.49938e-05
9.91001  6.85938e-05
9.92002  7.20381e-05
9.93014  6.84276e-05
9.9402  6.95407e-05
9.95044  7.05401e-05
9.96049  7.19609e-05
9.97082  6.65235e-05
9.98098  6.83971e-05
9.99103  6.68359e-05
10.0011  6.49948e-05
10.0112  6.83417e-05
10.0213  6.61141e-05
10.0316  6.35527e-05
10.0415  6.39048e-05
10.0516  6.5818e-05
10.0619  6.35801e-05
10.0719  6.32142e-05
10.0819  6.30396e-05
10.0921  6.02611e-05
10.1021  6.36997e-05
10.1125  6.35223e-05
10.1227  5.80099e-05
10.1327  6.14123e-05
10.1428  6.13683e-05
10.153  5.71007e-05
10.163  6.10387e-05
10.1733  6.0219e-05
10.1835  5.57509e-05
10.1936  5.8728e-05
10.2041  6.24583e-05
10.2148  5.73348e-05
10.2255  6.21767e-05
10.2361  5.69381e-05
10.2467  5.54498e-05
10.257  6.08568e-05
10.2676  5.41596e-05
10.2779  5.33156e-05
10.2881  5.85418e-05
10.2988  5.25639e-05
10.3091  5.33689e-05
10.319  5.29171e-05
10.3291  5.02432e-05
10.3394  5.27705e-05
10.3494  5.06036e-05
10.3594  4.95661e-05
10.3696  5.27367e-05
10.3798  4.99654e-05
10.3897  4.55218e-05
10.3999  5.07228e-05
10.41  5.05809e-05
10.4207  5.06356e-05
10.4314  4.9874e-05
10.4414  4.6835e-05
10.4514  4.58605e-05
10.4617  5.01122e-05
10.4719  4.40984e-05
10.4816  4.44095e-05
10.4921  4.80469e-05
10.5021  4.60132e-05
10.5123  4.29533e-05
10.5225  4.55881e-05
10.5324  4.35458e-05
10.5425  4.33741e-05
10.5527  4.38194e-05
10.5628  4.49319e-05
10.5731  4.1244e-05
10.5832  4.32973e-05
10.5933  4.15332e-05
10.6034  4.10847e-05
10.6136  4.35337e-05
10.6238  4.04776e-05
10.6337  3.96373e-05
10.6439  4.13968e-05
10.6539  4.00718e-05
10.6642  3.8698e-05
10.6745  4.01602e-05
10.6844  3.9232e-05
10.6946  3.84975e-05
10.7048  3.89766e-05
10.7148  3.79396e-05
10.725  3.76376e-05
10.7354  3.82992e-05
10.7455  3.69151e-05
10.7555  3.76918e-05
10.7659  3.58767e-05
10.7759  3.63226e-05
10.7863  3.66078e-05
10.7962  3.45511e-05
10.8065  3.66206e-05
10.8166  3.40195e-05
10.827  3.5951e-05
10.837  3.34068e-05
10.8471  3.49618e-05
10.8572  3.26842e-05
10.8676  3.50669e-05
10.8774  3.20911e-05
10.8877  3.37118e-05
10.8978  3.15926e-05
10.9079  3.28801e-05
10.9181  3.10777e-05
10.928  3.2489e-05
10.9382  3.17143e-05
10.9484  3.07752e-05
10.9585  3.09918e-05
10.9685  3.21903e-05
10.9789  2.8633e-05
10.989  3.07836e-05
10.9989  3.0296e-05
11.0092  2.91517e-05
11.0194  2.8696e-05
11.0294  3.07078e-05
11.0404  3.22167e-05
11.0509  2.82081e-05
11.0611  2.80961e-05
11.0714  2.77514e-05
11.0814  2.88089e-05
11.0914  2.77078e-05
11.1019  2.72282e-05
11.1121  2.6793e-05
11.122  2.83254e-05
11.1324  2.54023e-05
11.1424  2.72848e-05
11.1523  2.57597e-05
11.1629  2.57545e-05
11.1726  2.54725e-05
11.183  2.65196e-05
11.1934  2.4998e-05
11.2036  2.60162e-05
11.2135  2.31777e-05
11.2237  2.51014e-05
11.2339  2.51055e-05
11.2441  2.4708e-05
11.2545  2.34598e-05
11.2646  2.36038e-05
11.2747  2.34621e-05
11.2852  2.45395e-05
11.2954  2.3379e-05
11.3052  2.1494e-05
11.3156  2.30405e-05
11.3257  2.35331e-05
11.3361  2.15546e-05
11.346  2.17325e-05
11.356  2.25627e-05
11.3665  2.10119e-05
11.3767  2.21753e-05
11.3872  2.21451e-05
11.3975  2.15436e-05
11.4082  2.13284e-05
11.4183  2.12014e-05
11.4287  2.07236e-05
11.4387  1.97009e-05
11.4489  2.03677e-05
11.4597  2.10562e-05
11.4707  2.17749e-05
11.4811  1.94226e-05
11.4914  1.87824e-05
11.5016  2.0904e-05
11.5121  1.85704e-05
11.5223  1.80143e-05
11.5326  1.93064e-05
11.5426  1.85223e-05
11.5525  1.69552e-05
11.5629  1.8814e-05
11.573  1.75929e-05
11.5833  1.8427e-05
11.5942  1.9456e-05
11.6045  1.65212e-05
11.6147  1.72394e-05
11.6253  1.87837e-05
11.636  1.75974e-05
11.6466  1.60938e-05
11.6565  1.68563e-05
11.6667  1.64676e-05
11.6772  1.64212e-05
11.6874  1.64272e-05
11.6974  1.58424e-05
11.7079  1.61345e-05
11.7182  1.58555e-05
11.7281  1.42277e-05
11.7381  1.53218e-05
11.7485  1.6642e-05
11.7587  1.43624e-05
11.7689  1.41838e-05
11.7793  1.5593e-05
11.7893  1.46504e-05
11.7993  1.3977e-05
11.8104  1.6936e-05
11.821  1.29642e-05
11.8309  1.42744e-05
11.8414  1.39935e-05
11.8515  1.30077e-05
11.8616  1.35289e-05
11.872  1.42914e-05
11.8819  1.3165e-05
11.8923  1.32438e-05
11.9026  1.3268e-05
11.9134  1.42166e-05
11.9243  1.26944e-05
11.9345  1.3155e-05
11.9446  1.25149e-05
11.9549  1.20436e-05
11.9654  1.36645e-05
11.976  1.1974e-05
11.9861  1.16116e-05
11.9964  1.21405e-05
12.0065  1.1957e-05
12.0167  1.11336e-05
12.027  1.18764e-05
12.0371  1.14765e-05
12.0476  1.11831e-05
12.058  1.22861e-05
12.0682  1.10565e-05
12.0787  1.10206e-05
12.0888  1.09674e-05
12.0994  1.06183e-05
12.1093  1.04333e-05
12.1198  1.12651e-05
12.1301  1.01791e-05
12.1404  9.96065e-06
12.1504  1.04924e-05
12.1606  1.0544e-05
12.1709  9.3654e-06
12.181  1.05974e-05
12.1911  9.24093e-06
12.2016  9.16841e-06
12.2116  1.05926e-05
12.2225  9.83296e-06
12.2326  8.91775e-06
12.2427  9.35288e-06
12.2532  9.90685e-06
12.2633  8.54651e-06
12.2735  9.49462e-06
12.2836  8.74027e-06
12.2941  8.97808e-06
12.3043  8.54702e-06
12.3143  8.32715e-06
12.3253  9.96428e-06
12.3358  8.59015e-06
12.3459  8.01244e-06
12.3562  8.11469e-06
12.3661  8.71115e-06
12.3771  8.40966e-06
12.3878  8.13634e-06
12.3979  8.00299e-06
12.4082  8.17335e-06
12.4187  7.73829e-06
12.4287  7.37447e-06
12.4391  7.89263e-06
12.4496  7.53579e-06
12.4597  7.7461e-06
12.4701  6.85706e-06
12.4802  8.00995e-06
12.4907  6.60816e-06
12.5008  7.41581e-06
12.5119  7.84218e-06
12.5222  6.74392e-06
12.5323  6.55172e-06
12.5425  7.33733e-06
12.5533  6.54111e-06
12.5637  7.40585e-06
12.5738  6.74756e-06
12.584  5.74589e-06
12.5939  6.0525e-06
12.6044  7.13487e-06
12.6147  6.39797e-06
12.625  6.70247e-06
12.6368  6.86902e-06
12.6478  6.20461e-06
12.6583  6.09932e-06
12.6685  6.00609e-06
12.6787  5.96594e-06
12.6888  5.76342e-06
12.6992  5.93007e-06
12.7096  5.04076e-06
12.7198  6.29173e-06
12.7302  5.66633e-06
12.7408  5.90684e-06
12.7514  5.23732e-06
12.7608  5.3826e-06
12.7713  5.33946e-06
12.7815  5.071e-06
12.792  5.46075e-06
12.8021  4.99942e-06
12.8128  5.3213e-06
12.8232  5.15627e-06
12.8341  5.01373e-06
12.8437  4.37751e-06
12.8539  5.70211e-06
12.8649  4.79049e-06
12.8752  4.82432e-06
12.8856  4.61867e-06
12.8959  4.8031e-06
12.9062  4.32461e-06
12.9162  4.74362e-06
12.9268  4.41159e-06
12.9371  4.63977e-06
12.9473  4.55977e-06
12.9577  4.25187e-06
12.9683  4.57311e-06
12.9785  4.22946e-06
12.9887  3.8897e-06
12.9992  4.27781e-06
13.0092  4.02767e-06
13.0195  4.25288e-06
13.0301  3.852e-06
13.0401  4.17693e-06
13.0508  3.90082e-06
13.0609  3.57763e-06
13.071  4.21205e-06
13.0815  3.81952e-06
13.0923  3.51671e-06
13.1022  3.58809e-06
13.1127  3.93977e-06
13.123  3.71682e-06
13.1335  3.76071e-06
13.1442  3.50407e-06
13.1545  3.67029e-06
13.1655  3.43594e-06
13.176  3.25836e-06
13.1864  3.45359e-06
13.1962  3.5102e-06
13.2072  3.20655e-06
13.2173  3.25389e-06
13.228  3.59758e-06
13.2383  2.915e-06
13.249  3.5133e-06
13.2596  3.02988e-06
13.2697  3.07237e-06
13.2802  2.9515e-06
13.2908  2.73126e-06
13.3006  3.08512e-06
13.3122  3.21922e-06
13.3223  3.07749e-06
13.3333  2.84676e-06
13.344  2.91021e-06
13.3539  2.83641e-06
13.3642  2.66343e-06
13.3746  2.50759e-06
13.3854  2.66923e-06
13.3958  2.74835e-06
13.4057  2.63479e-06
13.4156  2.57831e-06
13.4272  2.87043e-06
13.437  2.54786e-06
13.4475  2.51645e-06
13.4581  2.13409e-06
13.4691  2.8479e-06
13.4803  2.48035e-06
13.4908  2.38722e-06
13.5014  2.52967e-06
13.5119  2.0956e-06
13.5229  2.63908e-06
13.533  1.8596e-06
13.543  2.5633e-06
13.5536  2.14114e-06
13.564  2.15286e-06
13.575  1.81939e-06
13.585  2.44235e-06
13.5956  2.33017e-06
13.6064  2.13677e-06
13.6168  1.92198e-06
13.6277  1.9911e-06
13.6378  1.80689e-06
13.6475  2.08919e-06
13.658  1.98917e-06
13.6689  1.89e-06
13.6795  2.04867e-06
13.6904  1.80561e-06
13.7006  1.68279e-06
13.7112  2.08187e-06
13.7228  1.96115e-06
13.733  1.85064e-06
13.7437  1.7397e-06
13.7549  1.7454e-06
13.7653  1.82614e-06
13.7762  1.69317e-06
13.7868  1.69404e-06
13.798  1.74693e-06
13.8083  1.75207e-06
13.8191  1.47721e-06
13.8294  1.78735e-06
13.8399  1.41208e-06
13.8508  1.39278e-06
13.861  1.74878e-06
13.872  1.41715e-06
13.8823  1.61345e-06
13.8932  1.53207e-06
13.9036  1.49767e-06
13.9148  1.23955e-06
13.9243  1.28103e-06
13.9349  1.54359e-06
13.9442  1.39146e-06
13.9558  1.38544e-06
13.9666  1.00325e-06
13.977  1.61585e-06
13.9879  1.40991e-06
13.999  1.37559e-06
14.0096  1.29203e-06
14.0198  1.02339e-06
14.0304  1.29127e-06
14.042  1.50743e-06
14.0528  1.22862e-06
14.0631  1.11618e-06
14.0735  1.1027e-06
14.0841  1.16338e-06
14.0947  1.26998e-06
14.106  1.17296e-06
14.1174  1.12223e-06
14.1269  8.65516e-07
14.1371  1.29228e-06
14.1486  1.13169e-06
14.1595  1.01037e-06
14.1698  1.00521e-06
14.1802  9.49554e-07
14.1903  9.28302e-07
14.2005  9.75479e-07
14.2116  1.10829e-06
14.2215  1.01676e-06
14.2323  1.07888e-06
14.2435  6.77325e-07
14.253  8.28154e-07
14.2633  1.0034e-06
14.2735  9.25093e-07
14.2844  8.40417e-07
14.2945  8.8221e-07
14.3046  8.36419e-07
14.3159  9.763e-07
14.3256  6.90598e-07
14.3357  8.81779e-07
14.3468  9.05677e-07
14.3574  6.46603e-07
14.3676  8.12897e-07
14.3784  7.99446e-07
14.3888  8.4952e-07
14.3999  7.32493e-07
14.4102  8.35111e-07
14.4214  7.36799e-07
14.432  7.55381e-07
14.4424  7.77866e-07
14.4531  7.54942e-07
14.4641  6.58513e-07
14.4743  6.6168e-07
14.4857  6.69849e-07
14.497  7.16214e-07
14.5069  6.95131e-07
14.5173  7.27612e-07
14.5277  6.49563e-07
14.5387  5.94395e-07
14.549  6.56254e-07
14.5604  6.01152e-07
14.5708  5.53159e-07
14.582  6.51011e-07
14.5915  6.84645e-07
14.6024  5.04235e-07
14.6123  5.85313e-07
14.6234  5.55926e-07
14.6321  5.03136e-07
14.6443  5.74933e-07
14.6556  5.41383e-07
14.6672  6.2908e-07
14.6775  5.6771e-07
14.6868  5.15793e-07
14.6983  5.12927e-07
14.7089  3.64074e-07
14.7192  6.1311e-07
14.731  5.77089e-07
14.7427  5.402e-07
14.7532  3.82439e-07
14.7634  5.17291e-07
14.7741  5.01729e-07
14.784  3.58588e-07
14.7957  5.20674e-07
14.8054  4.08116e-07
14.8167  4.60303e-07
14.8285  3.76156e-07
14.838  4.45573e-07
14.8489  4.5433e-07
14.8593  4.15469e-07
14.8689  4.37728e-07
14.8791  3.43782e-07
14.8902  3.42955e-07
14.9007  4.01653e-07
14.9122  4.24653e-07
14.9221  4.41116e-07
14.9327  3.83237e-07
14.9461  4.06833e-07
14.9558  2.27142e-07
14.9649  4.02041e-07
14.9758  2.86944e-07
14.9851  3.37348e-07
14.996  3.54293e-07
15.0075  4.12004e-07
15.0192  3.61552e-07
15.0304  2.75733e-07
15.0404  3.04713e-07
15.0514  3.92789e-07
15.0625  2.74972e-07
15.0738  3.03514e-07
15.0827  2.99856e-07
15.093  3.14868e-07
15.1036  2.47338e-07
15.1153  2.85824e-07
15.1255  2.86275e-07
15.1347  3.69545e-07
15.1453  1.89588e-07
15.1561  2.57649e-07
15.1659  2.50867e-07
15.1763  2.72479e-07
15.1883  2.90245e-07
15.199  2.57086e-07
15.2095  2.72368e-07
15.2206  2.08169e-07
15.231  2.13144e-07
15.2404  2.96385e-07
15.2522  2.60873e-07
15.2626  2.36066e-07
15.2751  2.6471e-07
15.2856  1.35488e-07
15.2954  2.15594e-07
15.3063  3.25566e-07
15.3179  1.92657e-07
15.3279  2.15565e-07
15.3395  2.00317e-07
15.351  1.34178e-07
15.3613  2.5337e-07
15.3727  1.77433e-07
15.3825  2.36214e-07
15.3926  1.33903e-07
15.4027  1.95947e-07
15.4123  2.77661e-07
15.4251  1.92775e-07
15.4355  1.00307e-07
15.4471  1.3082e-07
15.458  2.52073e-07
15.4689  1.39227e-07
15.4805  2.14999e-07
15.4917  2.02666e-07
15.5033  7.22287e-08
15.5112  2.37845e-07
15.5243  1.60818e-07
15.5345  1.63782e-07
15.545  2.16782e-07
15.556  1.0887e-07
15.5656  1.01587e-07
15.577  1.01468e-07
15.5865  1.90453e-07
15.5974  1.88604e-07
15.6083  1.21651e-07
15.6201  1.12158e-07
15.6311  1.75321e-07
15.6433  1.2631e-07
15.6529  7.90749e-08
15.6626  1.43243e-07
15.6755  1.45763e-07
15.6867  1.22172e-07
15.6979  1.68814e-07
15.7083  1.48861e-07
15.7195  8.93452e-08
15.7303  1.09041e-07
15.741  1.21729e-07
15.7516  8.26179e-08
15.763  1.32692e-07
15.7755  1.24572e-07
15.7864  1.6486e-07
15.7972  6.21578e-08
15.807  1.18734e-07
15.8189  9.62748e-08
15.8296  7.64856e-08
15.8412  1.11384e-07
15.8501  6.98266e-08
15.8609  1.16044e-07
15.8714  9.48558e-08
15.8816  1.06147e-07
15.8939  5.8657e-08
15.9044  9.01494e-08
15.9161  1.25608e-07
15.925  7.15185e-08
15.9386  8.01511e-08
15.9493  1.00958e-07
15.9581  7.97759e-08
15.9694  8.28095e-08
15.9813  5.80111e-08
15.9918  8.68684e-08
16.0018  8.0635e-08
16.0145  5.91523e-08
16.0261  6.35015e-08
16.0362  9.72966e-08
16.0506  8.64412e-08
16.0607  8.89493e-08
16.0742  7.21497e-08
16.086  7.01248e-08
16.0975  9.03805e-08
16.108  6.51029e-08
16.1222  9.25618e-08
16.1334  2.14006e-08
16.1417  5.93767e-08
16.1534  2.96304e-08
16.1632  9.18866e-08
16.1747  6.01481e-08
16.1842  6.71454e-08
16.1951  7.4336e-08
16.2048  4.83185e-08
16.2175  5.19044e-08
16.2287  4.29216e-08
16.2378  5.21242e-08
16.2485  5.8649e-08
16.2615  3.79899e-08
16.2754  8.69373e-08
16.2843  2.35975e-08
16.2975  4.81862e-08
16.3065  2.36629e-08
16.3177  6.8359e-08
16.3296  5.6356e-08
16.3421  4.69999e-08
16.3522  5.10796e-08
16.3647  3.54165e-08
16.3746  3.3843e-08
16.3843  4.19242e-08
16.3957  6.52906e-08
16.4072  3.69593e-08
16.4161  3.97348e-08
16.4292  2.28055e-08
16.4423  2.47504e-08
16.4522  6.16112e-08
16.4619  3.46671e-08
16.4735  2.54644e-08
16.4831  2.95076e-08
16.4972  8.25512e-08
16.5119  2.29042e-08
16.522  1.78251e-08
16.5321  2.44334e-08
16.5437  9.61484e-09
16.5525  3.57732e-08
16.5641  4.30426e-08
16.5755  6.23735e-08
16.5857  2.62026e-08
16.5971  3.04612e-08
16.6085  3.40777e-08
16.6284  2.94537e-08
16.6407  2.18448e-08
16.651  2.76278e-08
16.6613  2.48577e-08
16.6727  4.21956e-08
16.6864  3.08486e-08
16.7007  1.49513e-08
16.7122  2.35743e-08
16.7239  2.05882e-08
16.7335  3.87015e-08
16.745  2.77393e-08
16.7587  1.01762e-08
16.7727  4.34682e-08
16.7841  3.4832e-08
16.7926  1.38186e-08
16.806  1.43771e-08
16.8164  1.67255e-08
16.8261  1.39629e-08
16.836  1.32481e-08
16.8488  1.99798e-08
16.8569  3.11718e-08
16.8707  2.94009e-08
16.8822  8.26513e-09
16.8945  1.83019e-08
16.9096  2.19816e-08
16.9231  1.60376e-08
16.9346  1.21248e-08
16.9497  2.91456e-08
16.962  2.31274e-08
16.9727  1.49007e-08
16.9879  2.40988e-08
17.0048  1.37441e-08
17.014  1.18173e-08
17.0278  2.36993e-08
17.0428  1.95459e-08
17.0557  1.62067e-08
17.0657  1.83805e-08
17.0799  4.7e-09
17.0893  5.4072e-09
17.105  1.62555e-08
17.1191  1.9105e-08
17.1312  9.43267e-09
17.1457  2.63597e-08
17.1615  2.09706e-09
17.1722  1.48003e-08
17.1834  1.69558e-08
17.1932  6.5433e-09
17.2089  9.91184e-09
17.2261  1.91891e-08
17.237  7.01953e-09
17.2511  1.58585e-08
17.2669  1.16566e-08
17.278  1.76301e-08
17.2907  4.79906e-09
17.3009  6.53541e-09
17.3213  1.58827e-08
17.3403  6.28703e-09
17.3535  7.56691e-09
17.3635  1.59548e-08
17.3882  6.50874e-09
17.4005  1.2493e-08
17.4194  8.26161e-09
17.434  1.50975e-08
17.4501  1.46322e-08
17.4681  6.46741e-09
17.4851  7.18529e-09
17.4989  8.73718e-09
17.5163  3.24558e-09
17.526  8.59695e-09
17.5435  1.10899e-08
17.5662  2.45122e-09
17.5735  7.88566e-09
17.5904  5.84418e-09
17.6047  1.04884e-08
17.6284  2.85408e-09
17.6455  1.54703e-08
17.66  6.01721e-09
17.6732  8.47748e-09
17.6927  2.37534e-09
17.7176  5.88923e-09
17.7277  3.90107e-09
17.7466  6.99041e-10
17.7613  1.02877e-08
17.7735  6.72546e-09
17.7909  1.86145e-09
17.801  6.02001e-10
17.8122  5.97702e-10
17.8258  7.27352e-09
17.8388  2.55138e-09
17.8474  6.96946e-09
17.8647  3.64968e-09
17.8739  3.10576e-09
17.8965  5.03187e-09
17.9054  2.53088e-09
17.9235  4.40084e-09
17.94  5.69821e-09
17.9545  5.4585e-10
17.9791  5.40805e-09
18.0023  2.01491e-09
18.0113  2.95255e-09
18.0349  3.14234e-09
18.0475  7.31535e-09
18.0564  5.60107e-10
18.1016  4.54632e-09
18.115  3.87015e-09
18.1327  1.9134e-09
18.1422  4.12428e-09
18.1573  1.05296e-09
18.1957  4.91063e-10
18.2124  5.46704e-10
18.2214  6.4012e-09
18.2558  2.66877e-09
18.2664  3.17557e-09
18.2952  2.12049e-09
18.3158  5.37321e-09
18.3331  5.47239e-10
18.3806  2.96028e-10
18.3891  2.75706e-09
18.4073  1.78903e-09
18.4424  2.96981e-09
18.4554  4.51166e-10
18.474  1.82271e-09
18.4942  1.42201e-09
18.5154  2.22506e-09
18.5399  2.11481e-09
18.5928  1.89746e-09
18.6188  4.8413e-10
18.6303  1.6865e-09
18.6623  1.57872e-09
18.692  1.26717e-09
18.7175  1.94848e-09
18.7492  4.59739e-10
18.7619  1.61119e-09
18.8378  1.18221e-09
18.8681  5.01952e-10
18.9138  1.49301e-09
18.9332  2.15358e-09
18.9669  1.01011e-09
19.0237  4.29857e-10
19.0914  1.37558e-09
19.1107  3.41672e-10
19.1303  4.15226e-10
19.2094  6.87565e-10
19.2468  3.93635e-10
19.3085  1.21787e-09
19.3408  2.37703e-10
19.3783  3.87126e-10
19.4846  2.41212e-10
19.5303  3.5873e-10
19.5833  9.70808e-10
19.7079  3.30516e-10
19.9249  2.92622e-10
19.9572  3.42683e-10
20.1998  2.33259e-10
20.5737  1.64675e-10
