-20.7126  1.20615e-10
-20.3385  1.73802e-10
-20.0991  2.5409e-10
-20.0627  2.19952e-10
-19.8403  2.61877e-10
-19.725  7.32268e-10
-19.6532  2.94599e-10
-19.6234  1.76673e-10
-19.489  5.04847e-10
-19.4492  9.26712e-10
-19.3502  8.67928e-10
-19.2494  2.5458e-10
-19.227  1.43741e-09
-19.1145  1.11487e-09
-19.0752  1.33536e-09
-19.0398  1.24122e-09
-19.0247  3.44977e-10
-19.01  3.72183e-10
-18.9773  5.24589e-10
-18.9327  3.83363e-10
-18.8774  1.3753e-09
-18.8516  1.95862e-09
-18.8357  9.76115e-10
-18.7993  8.44972e-10
-18.7652  4.33326e-10
-18.7512  3.8359e-10
-18.7364  2.54536e-09
-18.6892  3.74182e-10
-18.6657  1.78855e-09
-18.6359  1.07261e-09
-18.6138  3.26105e-09
-18.577  2.01206e-09
-18.5641  4.3152e-10
-18.5524  3.62004e-10
-18.5194  2.16823e-10
-18.5051  3.42928e-09
-18.4917  3.80826e-10
-18.4617  2.8485e-09
-18.4274  1.70691e-09
-18.4089  1.93161e-09
-18.3906  2.52482e-09
-18.3628  4.80383e-09
-18.3546  1.19779e-09
-18.3334  3.69112e-10
-18.3172  2.05458e-09
-18.2616  3.10099e-09
-18.238  6.93095e-09
-18.2276  2.50799e-09
-18.2032  4.30311e-10
-18.1858  1.78003e-09
-18.1675  2.69492e-09
-18.1512  2.6206e-09
-18.1357  4.1913e-09
-18.122  1.51038e-09
-18.1069  8.62313e-10
-18.0865  4.64171e-09
-18.0757  1.57652e-09
-18.0522  4.20719e-09
-18.0361  2.59764e-09
-18.0225  1.12979e-09
-18.0025  7.83502e-09
-17.9836  3.47182e-09
-17.9637  6.80528e-09
-17.9479  4.61302e-09
-17.9381  2.03052e-09
-17.924  4.94381e-10
-17.9059  8.40318e-10
-17.891  5.6995e-09
-17.8765  1.99991e-09
-17.8615  1.08011e-08
-17.845  7.85311e-10
-17.8184  5.44603e-09
-17.8118  2.56497e-09
-17.7924  3.54546e-09
-17.7773  7.95431e-09
-17.7606  8.13588e-09
-17.7446  1.17872e-08
-17.7156  2.79285e-09
-17.7013  6.26005e-09
-17.6747  9.74609e-09
-17.6573  2.30951e-09
-17.6454  5.80461e-09
-17.6303  9.84223e-09
-17.6166  8.83324e-09
-17.6001  5.79254e-10
-17.5876  1.13007e-08
-17.5766  2.61982e-09
-17.5649  2.19777e-09
-17.5543  9.11485e-09
-17.5387  8.67551e-09
-17.5268  5.66583e-09
-17.5168  1.12826e-08
-17.5016  8.55948e-09
-17.4883  4.72876e-09
-17.4725  6.20876e-09
-17.462  2.7204e-09
-17.4453  1.17355e-08
-17.4229  9.80044e-09
-17.4143  2.90282e-09
-17.4024  7.42874e-09
-17.3894  1.86077e-08
-17.3704  1.6109e-08
-17.3558  1.06177e-08
-17.3487  8.23305e-09
-17.3342  8.78766e-09
-17.3231  6.82393e-09
-17.3125  5.94773e-09
-17.2974  6.8499e-09
-17.2841  1.1467e-08
-17.2684  1.00245e-08
-17.2529  2.08892e-08
-17.2427  1.78899e-08
-17.23  6.22178e-09
-17.2149  5.06166e-09
-17.204  1.37941e-08
-17.1831  1.21142e-08
-17.17  1.56073e-08
-17.1625  6.85797e-09
-17.1471  2.76984e-08
-17.1345  9.12299e-09
-17.127  1.54023e-08
-17.115  4.28631e-09
-17.1004  1.71734e-08
-17.0914  1.88383e-08
-17.0798  5.89731e-09
-17.0644  1.82179e-08
-17.0507  1.87506e-08
-17.0425  8.2365e-09
-17.0318  6.48737e-09
-17.0185  3.24859e-08
-17.0084  1.3885e-08
-16.9944  1.49787e-08
-16.9867  2.80935e-09
-16.9734  1.84589e-08
-16.9624  1.84518e-08
-16.9521  1.22553e-08
-16.9419  2.19169e-08
-16.9272  2.11628e-08
-16.9157  1.54532e-08
-16.9026  1.91261e-08
-16.8883  2.93853e-08
-16.8765  2.98275e-08
-16.8685  2.21996e-08
-16.8512  1.64595e-08
-16.8333  4.34985e-08
-16.8213  2.13306e-08
-16.8092  9.94605e-09
-16.7988  1.01783e-08
-16.7876  2.01523e-08
-16.7744  4.34492e-08
-16.7679  7.99139e-09
-16.7562  2.07469e-08
-16.7424  4.31834e-08
-16.7299  1.77178e-08
-16.7184  2.84675e-08
-16.7102  1.44675e-08
-16.6988  1.27271e-08
-16.6854  4.71465e-08
-16.6741  2.26059e-08
-16.6646  4.03285e-08
-16.6517  3.01705e-08
-16.6409  4.26341e-08
-16.6323  1.14382e-08
-16.6193  1.0633e-08
-16.6119  1.49505e-08
-16.598  4.45769e-08
-16.5871  3.6068e-08
-16.5759  1.72992e-08
-16.5633  3.79684e-08
-16.5516  5.2364e-08
-16.5379  2.3407e-08
-16.5274  4.11293e-08
-16.516  6.0759e-08
-16.5003  3.12436e-08
-16.4932  2.29747e-08
-16.4796  5.7162e-08
-16.4658  2.62747e-08
-16.4567  5.36071e-08
-16.4484  2.08953e-08
-16.4338  4.66606e-08
-16.4224  2.73299e-08
-16.4113  4.05257e-08
-16.401  5.4217e-08
-16.3889  4.96222e-08
-16.3748  5.73592e-08
-16.3641  4.58171e-08
-16.354  2.66903e-08
-16.3428  2.28623e-08
-16.3321  7.03045e-08
-16.3188  4.17761e-08
-16.3107  4.07114e-08
-16.2997  6.26298e-08
-16.289  4.5162e-08
-16.2751  9.51716e-08
-16.2645  5.32952e-08
-16.2532  4.82228e-08
-16.2419  4.35866e-08
-16.2334  3.20084e-08
-16.2212  7.87197e-08
-16.2083  4.92434e-08
-16.1993  3.49685e-08
-16.1865  7.98832e-08
-16.1751  7.42422e-08
-16.1636  6.29445e-08
-16.1543  7.76427e-08
-16.1422  6.17385e-08
-16.1289  7.58032e-08
-16.1169  5.20568e-08
-16.1065  7.77089e-08
-16.0983  5.16914e-08
-16.0875  6.22313e-08
-16.0754  6.3201e-08
-16.0653  4.8501e-08
-16.0554  8.60538e-08
-16.044  5.86751e-08
-16.0328  6.76982e-08
-16.0237  1.39119e-07
-16.0123  6.13706e-08
-16.0022  7.22182e-08
-15.9911  6.62296e-08
-15.9781  9.07648e-08
-15.9681  4.90574e-08
-15.9579  1.21434e-07
-15.9466  7.78928e-08
-15.9359  8.45594e-08
-15.9261  8.97641e-08
-15.9133  6.67117e-08
-15.9039  1.15857e-07
-15.8943  6.13576e-08
-15.8833  9.57353e-08
-15.872  8.60938e-08
-15.8638  1.13275e-07
-15.8511  1.14737e-07
-15.8402  1.19015e-07
-15.8309  9.99794e-08
-15.8191  5.53658e-08
-15.8087  9.40101e-08
-15.7993  1.4695e-07
-15.7852  1.27773e-07
-15.7752  1.23341e-07
-15.7641  8.80094e-08
-15.7537  1.10233e-07
-15.7442  1.43404e-07
-15.7304  1.16355e-07
-15.7201  1.25597e-07
-15.7075  8.86074e-08
-15.6988  1.00298e-07
-15.688  1.08524e-07
-15.6785  1.64775e-07
-15.6661  1.78233e-07
-15.6555  1.72095e-07
-15.6457  1.21012e-07
-15.6337  7.68621e-08
-15.6232  1.38172e-07
-15.6119  1.55506e-07
-15.6025  1.79606e-07
-15.5911  1.33535e-07
-15.5798  1.51632e-07
-15.5701  1.097e-07
-15.5591  2.02783e-07
-15.5486  1.65072e-07
-15.5365  1.33036e-07
-15.526  1.96456e-07
-15.515  1.74444e-07
-15.5041  1.26886e-07
-15.4942  1.39461e-07
-15.4849  1.3526e-07
-15.4736  1.98926e-07
-15.4626  2.29358e-07
-15.4524  1.35602e-07
-15.4415  2.3498e-07
-15.4299  1.87274e-07
-15.4196  1.65134e-07
-15.4096  1.23923e-07
-15.3995  2.03569e-07
-15.3894  2.06655e-07
-15.3782  2.14321e-07
-15.3681  2.3352e-07
-15.3587  1.322e-07
-15.3471  2.18011e-07
-15.3365  2.40929e-07
-15.3264  1.77868e-07
-15.3152  2.10136e-07
-15.3053  2.27172e-07
-15.2944  2.7796e-07
-15.2834  2.82128e-07
-15.2722  2.03716e-07
-15.2598  2.28721e-07
-15.2505  1.94776e-07
-15.2393  3.06326e-07
-15.228  2.73455e-07
-15.2168  2.17686e-07
-15.207  2.33488e-07
-15.1953  2.95765e-07
-15.1851  3.29949e-07
-15.1744  2.46759e-07
-15.1637  2.65394e-07
-15.1531  3.01586e-07
-15.1421  3.02757e-07
-15.1317  2.53322e-07
-15.119  2.80295e-07
-15.109  3.50805e-07
-15.0981  2.81708e-07
-15.0877  3.15023e-07
-15.0771  2.58293e-07
-15.0673  2.96679e-07
-15.0559  3.4927e-07
-15.0452  3.65335e-07
-15.0343  3.29746e-07
-15.0243  3.04131e-07
-15.0125  4.23153e-07
-15.0012  2.43232e-07
-14.9911  4.09632e-07
-14.9814  3.1415e-07
-14.9686  3.89191e-07
-14.9601  3.36922e-07
-14.9495  3.70915e-07
-14.9384  4.46377e-07
-14.9278  3.41016e-07
-14.9173  3.34158e-07
-14.9077  4.47603e-07
-14.896  3.52032e-07
-14.8856  3.96013e-07
-14.8742  4.38468e-07
-14.8637  4.82132e-07
-14.8537  3.61653e-07
-14.8423  4.90605e-07
-14.8299  4.4978e-07
-14.8196  3.9522e-07
-14.8093  5.33789e-07
-14.7987  3.96744e-07
-14.7888  5.00075e-07
-14.7777  5.06809e-07
-14.7648  4.99527e-07
-14.7543  4.26074e-07
-14.7437  5.93999e-07
-14.7339  4.40342e-07
-14.7232  5.72338e-07
-14.7118  4.55051e-07
-14.7019  4.21787e-07
-14.6913  5.8062e-07
-14.681  5.86644e-07
-14.6705  5.33536e-07
-14.6594  5.79139e-07
-14.6482  5.36531e-07
-14.6385  5.97851e-07
-14.6279  5.10636e-07
-14.6164  7.20052e-07
-14.6065  4.96384e-07
-14.5944  5.79438e-07
-14.5846  6.2504e-07
-14.5734  7.03594e-07
-14.5637  5.65984e-07
-14.5529  5.8945e-07
-14.5423  7.61798e-07
-14.532  6.29488e-07
-14.5211  7.01916e-07
-14.511  5.56268e-07
-14.5004  6.74243e-07
-14.4894  7.79724e-07
-14.48  6.38304e-07
-14.4682  7.15585e-07
-14.4573  8.69314e-07
-14.4467  6.88082e-07
-14.4367  7.35912e-07
-14.4264  7.66415e-07
-14.4154  5.84883e-07
-14.4058  6.76307e-07
-14.3955  8.40737e-07
-14.3842  8.39995e-07
-14.3747  8.0679e-07
-14.3644  8.61152e-07
-14.3541  8.51412e-07
-14.342  7.83109e-07
-14.3321  7.34286e-07
-14.3215  1.09605e-06
-14.3104  7.30009e-07
-14.2994  1.02491e-06
-14.289  8.78584e-07
-14.2781  9.21906e-07
-14.2677  9.27206e-07
-14.2576  9.43766e-07
-14.2457  1.00232e-06
-14.2358  9.32166e-07
-14.2246  9.82503e-07
-14.2141  1.042e-06
-14.2034  9.6104e-07
-14.193  1.02519e-06
-14.1818  1.03907e-06
-14.1719  1.14312e-06
-14.1612  9.87122e-07
-14.152  1.02683e-06
-14.1403  1.09874e-06
-14.13  1.00377e-06
-14.1193  1.35167e-06
-14.1088  1.05773e-06
-14.0983  1.14294e-06
-14.0874  1.05986e-06
-14.0767  1.56494e-06
-14.0658  9.59071e-07
-14.0564  1.11164e-06
-14.0456  1.33516e-06
-14.0345  1.19559e-06
-14.0243  1.3304e-06
-14.0138  1.23827e-06
-14.0021  1.50407e-06
-13.992  1.21419e-06
-13.981  1.30782e-06
-13.9707  1.48489e-06
-13.9591  1.36787e-06
-13.9491  1.3519e-06
-13.9386  1.33992e-06
-13.9277  1.59361e-06
-13.9171  1.43987e-06
-13.9064  1.28283e-06
-13.8952  1.73826e-06
-13.8846  1.40716e-06
-13.8753  1.68959e-06
-13.8636  1.56814e-06
-13.8527  1.55104e-06
-13.8419  1.49457e-06
-13.8312  1.70012e-06
-13.8207  1.91266e-06
-13.8104  1.39518e-06
-13.8  1.77189e-06
-13.7896  1.65563e-06
-13.7791  1.3202e-06
-13.7689  2.11914e-06
-13.7572  1.75551e-06
-13.7465  1.88523e-06
-13.7359  1.73271e-06
-13.7254  1.79155e-06
-13.7144  2.01545e-06
-13.7043  1.86129e-06
-13.6937  2.0864e-06
-13.6834  1.50116e-06
-13.6732  1.95427e-06
-13.6623  2.09398e-06
-13.651  2.23125e-06
-13.6409  2.23133e-06
-13.6295  1.96579e-06
-13.6189  2.1925e-06
-13.608  2.01967e-06
-13.598  2.124e-06
-13.5875  2.03891e-06
-13.5771  2.07446e-06
-13.5665  2.35214e-06
-13.5559  2.26477e-06
-13.545  2.50978e-06
-13.5345  2.03966e-06
-13.524  2.57214e-06
-13.5127  2.44246e-06
-13.5027  2.43653e-06
-13.4925  2.2466e-06
-13.4816  2.27097e-06
-13.4711  2.61486e-06
-13.4613  2.63868e-06
-13.4509  2.43885e-06
-13.4407  2.66172e-06
-13.4297  2.29697e-06
-13.419  2.91513e-06
-13.4088  2.41333e-06
-13.3979  2.95328e-06
-13.3874  2.75405e-06
-13.3772  2.68312e-06
-13.3663  2.7246e-06
-13.3558  2.98581e-06
-13.345  3.13595e-06
-13.3347  2.63596e-06
-13.324  3.1566e-06
-13.3141  2.6521e-06
-13.3038  3.00843e-06
-13.2932  3.22188e-06
-13.2823  3.18286e-06
-13.2711  3.16899e-06
-13.2615  3.30207e-06
-13.2501  3.26926e-06
-13.2394  3.20434e-06
-13.2294  3.2871e-06
-13.2186  3.24943e-06
-13.208  3.5231e-06
-13.198  3.14758e-06
-13.1878  3.49733e-06
-13.177  3.37749e-06
-13.167  3.50579e-06
-13.1566  3.6607e-06
-13.1459  3.65203e-06
-13.1361  3.64285e-06
-13.1257  3.54801e-06
-13.1148  3.39598e-06
-13.1048  3.81583e-06
-13.0946  3.99439e-06
-13.0839  3.8558e-06
-13.0739  3.8013e-06
-13.0632  4.04993e-06
-13.0526  3.88346e-06
-13.0424  4.30878e-06
-13.0322  3.89091e-06
-13.0215  4.09432e-06
-13.0112  4.03916e-06
-13.0014  4.35283e-06
-12.9904  4.64231e-06
-12.9799  4.23681e-06
-12.9697  4.35988e-06
-12.9593  4.2448e-06
-12.9492  4.54839e-06
-12.9383  4.80402e-06
-12.9276  4.37162e-06
-12.9169  4.72839e-06
-12.9073  4.4549e-06
-12.8965  5.09467e-06
-12.8857  5.36258e-06
-12.8758  4.28774e-06
-12.8654  4.36525e-06
-12.8548  5.63452e-06
-12.8447  4.31519e-06
-12.8345  5.66609e-06
-12.8244  4.65208e-06
-12.8142  5.2276e-06
-12.8038  5.39107e-06
-12.7926  6.01546e-06
-12.7822  5.1235e-06
-12.7724  5.35637e-06
-12.7616  5.41474e-06
-12.7516  5.65581e-06
-12.7409  5.0103e-06
-12.7308  6.41816e-06
-12.7206  5.18643e-06
-12.7103  6.11979e-06
-12.6997  6.02705e-06
-12.6894  5.15787e-06
-12.6793  6.28149e-06
-12.6687  6.73872e-06
-12.658  5.92227e-06
-12.6488  5.70291e-06
-12.6376  7.02219e-06
-12.627  6.48392e-06
-12.6166  5.81837e-06
-12.6062  6.99522e-06
-12.5956  6.70502e-06
-12.586  6.09025e-06
-12.5754  7.44878e-06
-12.5649  6.01364e-06
-12.5545  6.77282e-06
-12.5448  6.91659e-06
-12.5341  7.53606e-06
-12.524  6.59635e-06
-12.5138  7.08282e-06
-12.5038  7.23927e-06
-12.4931  6.82444e-06
-12.4831  7.85219e-06
-12.4728  7.73524e-06
-12.4625  6.72269e-06
-12.4523  8.25012e-06
-12.4418  6.89072e-06
-12.4315  8.58341e-06
-12.4214  7.917e-06
-12.4108  8.18645e-06
-12.4007  7.37109e-06
-12.3906  8.31773e-06
-12.38  8.6807e-06
-12.3698  7.69406e-06
-12.3594  8.29847e-06
-12.3495  9.25368e-06
-12.3393  7.42581e-06
-12.3291  9.57722e-06
-12.3187  8.10369e-06
-12.3084  8.57998e-06
-12.2985  9.41658e-06
-12.2881  8.8532e-06
-12.278  8.62875e-06
-12.2678  9.55463e-06
-12.2572  8.78564e-06
-12.2476  9.6921e-06
-12.2372  9.40897e-06
-12.2268  9.65258e-06
-12.2168  9.04817e-06
-12.2064  1.04383e-05
-12.196  9.38212e-06
-12.186  9.79027e-06
-12.1758  1.04627e-05
-12.1654  1.05254e-05
-12.1555  9.85912e-06
-12.1451  1.01551e-05
-12.1349  1.03822e-05
-12.1247  1.10717e-05
-12.1146  1.01597e-05
-12.1042  1.13325e-05
-12.0941  1.06693e-05
-12.0837  1.13074e-05
-12.0733  1.09371e-05
-12.0635  1.11795e-05
-12.0532  1.13723e-05
-12.0426  1.18602e-05
-12.0326  1.08764e-05
-12.022  1.31376e-05
-12.0112  1.18646e-05
-12.0012  1.15932e-05
-11.9909  1.20753e-05
-11.9804  1.34565e-05
-11.97  1.20314e-05
-11.9599  1.23418e-05
-11.9496  1.23727e-05
-11.9398  1.23384e-05
-11.9293  1.34365e-05
-11.919  1.34563e-05
-11.9089  1.19703e-05
-11.8984  1.4713e-05
-11.8875  1.32386e-05
-11.8774  1.36519e-05
-11.867  1.40894e-05
-11.857  1.35316e-05
-11.8467  1.3669e-05
-11.837  1.35634e-05
-11.8264  1.45501e-05
-11.8166  1.37956e-05
-11.8064  1.53024e-05
-11.7958  1.44709e-05
-11.7859  1.411e-05
-11.7762  1.46592e-05
-11.7655  1.59359e-05
-11.7556  1.38594e-05
-11.7447  1.80451e-05
-11.7339  1.56226e-05
-11.7235  1.50016e-05
-11.714  1.5884e-05
-11.7032  1.63542e-05
-11.693  1.60264e-05
-11.6833  1.65342e-05
-11.6728  1.56769e-05
-11.6627  1.71014e-05
-11.6529  1.62625e-05
-11.6425  1.65873e-05
-11.6323  1.70827e-05
-11.622  1.77304e-05
-11.612  1.71965e-05
-11.6019  1.70271e-05
-11.592  1.85418e-05
-11.5813  1.62593e-05
-11.5714  1.86344e-05
-11.5616  1.8776e-05
-11.551  1.84308e-05
-11.5405  1.83086e-05
-11.5308  1.87232e-05
-11.5203  1.86496e-05
-11.5106  1.87583e-05
-11.5003  1.93895e-05
-11.49  2.0726e-05
-11.4798  1.88643e-05
-11.4698  1.95036e-05
-11.4595  1.93984e-05
-11.4494  2.05244e-05
-11.4395  2.14115e-05
-11.4286  2.19596e-05
-11.4177  2.0671e-05
-11.4082  2.11311e-05
-11.3978  2.03232e-05
-11.3877  2.18135e-05
-11.3775  2.05787e-05
-11.3673  2.33828e-05
-11.3573  2.09865e-05
-11.3473  2.2502e-05
-11.3367  2.23943e-05
-11.3266  2.17921e-05
-11.3167  2.34226e-05
-11.3067  2.32163e-05
-11.2962  2.31181e-05
-11.2863  2.31574e-05
-11.2761  2.31647e-05
-11.2659  2.40611e-05
-11.2559  2.45265e-05
-11.2456  2.3975e-05
-11.2357  2.45312e-05
-11.2254  2.39458e-05
-11.2154  2.57397e-05
-11.2051  2.4263e-05
-11.1949  2.65808e-05
-11.1847  2.63305e-05
-11.1745  2.42464e-05
-11.1644  2.68345e-05
-11.1542  2.69834e-05
-11.1436  2.76987e-05
-11.133  2.81874e-05
-11.1227  2.6508e-05
-11.1125  2.72884e-05
-11.1026  2.775e-05
-11.0923  2.75884e-05
-11.0821  2.79677e-05
-11.0719  2.88697e-05
-11.0618  2.82919e-05
-11.0518  2.8695e-05
-11.0415  2.89377e-05
-11.0313  2.98678e-05
-11.0213  2.81014e-05
-11.0112  3.11477e-05
-11.001  2.96629e-05
-10.9909  2.99484e-05
-10.9808  3.17764e-05
-10.9702  3.12281e-05
-10.9598  3.2657e-05
-10.9491  3.2881e-05
-10.9389  3.17629e-05
-10.9288  3.13593e-05
-10.9183  3.37307e-05
-10.9076  3.36354e-05
-10.8978  3.20407e-05
-10.8875  3.44513e-05
-10.8774  3.21697e-05
-10.8674  3.33225e-05
-10.8572  3.45953e-05
-10.847  3.50855e-05
-10.837  3.31161e-05
-10.8268  3.504e-05
-10.8167  3.494e-05
-10.8067  3.65475e-05
-10.7965  3.57718e-05
-10.7861  3.59099e-05
-10.7762  3.5966e-05
-10.7659  3.73263e-05
-10.7558  3.68597e-05
-10.7457  3.746e-05
-10.7355  3.7208e-05
-10.7252  3.90177e-05
-10.7154  3.6319e-05
-10.7051  4.01447e-05
-10.695  3.86951e-05
-10.6848  3.97615e-05
-10.6748  3.99274e-05
-10.664  4.2096e-05
-10.6536  4.14368e-05
-10.6431  4.2431e-05
-10.6328  3.99285e-05
-10.6229  4.21365e-05
-10.6127  4.07501e-05
-10.6024  4.3283e-05
-10.5926  4.07647e-05
-10.5823  4.38112e-05
-10.5722  4.26644e-05
-10.5622  4.24493e-05
-10.5521  4.3691e-05
-10.5419  4.50594e-05
-10.5318  4.28233e-05
-10.5215  4.79522e-05
-10.5114  4.28241e-05
-10.5015  4.53465e-05
-10.4913  4.75212e-05
-10.4809  4.6229e-05
-10.471  4.62319e-05
-10.4608  4.7535e-05
-10.4507  4.59089e-05
-10.4405  4.84193e-05
-10.4305  4.91909e-05
-10.4202  4.84369e-05
-10.4101  4.7694e-05
-10.4  4.99437e-05
-10.3896  5.38506e-05
-10.3788  5.17896e-05
-10.3688  4.9998e-05
-10.3583  5.04186e-05
-10.3485  5.08508e-05
-10.3384  5.43716e-05
-10.3282  5.03619e-05
-10.3182  5.24471e-05
-10.3081  5.26396e-05
-10.2979  5.41337e-05
-10.2879  5.24595e-05
-10.2776  5.79321e-05
-10.2671  5.67492e-05
-10.2566  5.60442e-05
-10.2463  5.72205e-05
-10.2361  5.39856e-05
-10.2257  6.22922e-05
-10.215  5.90397e-05
-10.2047  5.4953e-05
-10.1947  6.12116e-05
-10.1845  5.61164e-05
-10.1745  5.9487e-05
-10.1646  5.71791e-05
-10.1542  6.24343e-05
-10.1441  5.97079e-05
-10.1341  5.97873e-05
-10.1239  6.18433e-05
-10.1137  6.20572e-05
-10.1037  5.92243e-05
-10.0935  6.54512e-05
-10.0834  6.16493e-05
-10.0735  6.4235e-05
-10.0634  6.15926e-05
-10.0533  6.43579e-05
-10.0433  6.46913e-05
-10.033  6.82195e-05
-10.0228  6.48615e-05
-10.0128  6.67881e-05
-10.0025  6.66831e-05
-9.99253  6.8128e-05
-9.98247  6.49193e-05
-9.9723  7.11544e-05
-9.96218  6.99795e-05
-9.95204  6.83655e-05
-9.94195  6.92062e-05
-9.93184  6.9299e-05
-9.9218  7.3179e-05
-9.91163  7.11057e-05
-9.90163  7.0328e-05
-9.89165  7.21735e-05
-9.88132  7.28354e-05
-9.87138  7.59848e-05
-9.86138  7.12929e-05
-9.85112  7.44992e-05
-9.84122  7.55e-05
-9.8311  7.69501e-05
-9.8208  7.54162e-05
-9.81086  7.73205e-05
-9.80065  7.66002e-05
-9.79056  7.99183e-05
-9.78045  7.72804e-05
-9.76997  8.65019e-05
-9.75934  8.14038e-05
-9.74916  7.96086e-05
-9.73915  7.95313e-05
-9.72912  7.96434e-05
-9.71891  8.58875e-05
-9.7087  8.50245e-05
-9.69858  7.93609e-05
-9.68861  8.38942e-05
-9.67855  8.46402e-05
-9.66827  8.5702e-05
-9.65823  8.83949e-05
-9.64797  8.43407e-05
-9.63794  8.73281e-05
-9.62779  8.71722e-05
-9.61765  9.03846e-05
-9.60757  8.73576e-05
-9.59747  8.92899e-05
-9.58739  9.00291e-05
-9.57744  8.99393e-05
-9.56716  9.2395e-05
-9.55706  9.26925e-05
-9.54691  9.15242e-05
-9.53684  9.47849e-05
-9.52668  9.40185e-05
-9.51611  0.000101507
-9.50542  9.86805e-05
-9.49524  9.60143e-05
-9.48515  9.47153e-05
-9.47521  9.66895e-05
-9.46487  9.98161e-05
-9.45494  9.93997e-05
-9.44474  9.79851e-05
-9.43462  0.000101348
-9.42457  9.78533e-05
-9.41443  0.000103392
-9.40423  0.000104769
-9.39432  9.75222e-05
-9.384  0.000105374
-9.37403  0.000104959
-9.36383  0.000104863
-9.35384  0.000105577
-9.34305  0.000115662
-9.33246  0.000109349
-9.32252  0.000104576
-9.31242  0.000109494
-9.30237  0.000107585
-9.29225  0.000110555
-9.28205  0.000114818
-9.27199  0.000106972
-9.26193  0.000111094
-9.25182  0.000116656
-9.24168  0.000110083
-9.23128  0.000124985
-9.22063  0.000114723
-9.21047  0.000118579
-9.2005  0.000114627
-9.19038  0.000116587
-9.1803  0.000118513
-9.16975  0.000130775
-9.15902  0.000123787
-9.14894  0.000116783
-9.13886  0.000121163
-9.12881  0.000123607
-9.11872  0.000123085
-9.10853  0.000122873
-9.09849  0.000126251
-9.08837  0.000122137
-9.07841  0.000127751
-9.06821  0.000125703
-9.05805  0.000129988
-9.04798  0.000127585
-9.03786  0.000129844
-9.02782  0.000129692
-9.01774  0.000129271
-9.00749  0.000136428
-8.9975  0.000128565
-8.98744  0.000133724
-8.97729  0.000138032
-8.96668  0.000144526
-8.95605  0.000139271
-8.94593  0.000135822
-8.9359  0.000138611
-8.92579  0.000138679
-8.91561  0.000138413
-8.90556  0.000141393
-8.8954  0.000144646
-8.88536  0.000138516
-8.87531  0.000143169
-8.86507  0.000145856
-8.85496  0.000146495
-8.84495  0.000143814
-8.83476  0.000146509
-8.82475  0.000148154
-8.81411  0.000162955
-8.80354  0.000150568
-8.79319  0.000154192
-8.78321  0.000146828
-8.77317  0.000153398
-8.76268  0.000165662
-8.75208  0.000153746
-8.74155  0.000168526
-8.73107  0.000158153
-8.72099  0.000154612
-8.71073  0.000159467
-8.70024  0.000174722
-8.68969  0.000158688
-8.67961  0.000160654
-8.66905  0.000177302
-8.65834  0.000162762
-8.64783  0.00018253
-8.6372  0.000163667
-8.6271  0.000165796
-8.61651  0.000182395
-8.60597  0.000171655
-8.5958  0.000163795
-8.58579  0.000171621
-8.57558  0.000175733
-8.56552  0.000167444
-8.55541  0.000172992
-8.54539  0.000176034
-8.53479  0.000186651
-8.52424  0.000181809
-8.51409  0.000174932
-8.50402  0.000176114
-8.49383  0.000184622
-8.48379  0.000178203
-8.47367  0.000180836
-8.46355  0.000184575
-8.45343  0.000180996
-8.44348  0.000180518
-8.43334  0.000189125
-8.42317  0.000187549
-8.41326  0.000183029
-8.40309  0.000188523
-8.39311  0.000188927
-8.38315  0.000187505
-8.37288  0.000197077
-8.36286  0.000188572
-8.35285  0.000192689
-8.34267  0.000199064
-8.33263  0.000189652
-8.32268  0.00020014
-8.3124  0.000199414
-8.30235  0.000198396
-8.29238  0.000200762
-8.28214  0.000198081
-8.27212  0.000204942
-8.26211  0.000206098
-8.25179  0.000203456
-8.24181  0.000204811
-8.23179  0.000205515
-8.22161  0.000212085
-8.21154  0.000209519
-8.2015  0.000204144
-8.19148  0.000214464
-8.18135  0.000209685
-8.1714  0.000218058
-8.16113  0.000213324
-8.15094  0.000216835
-8.14109  0.000219148
-8.13094  0.000210681
-8.12078  0.000225637
-8.11082  0.000219635
-8.10065  0.000219563
-8.09059  0.000226915
-8.08055  0.000219733
-8.07038  0.000225512
-8.06033  0.000233026
-8.05021  0.000222462
-8.03974  0.000249712
-8.0291  0.000230633
-8.01898  0.000234977
-8.00891  0.000234034
-7.9986  0.000233852
-7.98821  0.000259051
-7.9775  0.000235426
-7.96747  0.000237026
-7.95742  0.000243319
-7.94726  0.000232095
-7.9372  0.000248141
-7.92717  0.000237836
-7.9171  0.000245706
-7.90698  0.000244037
-7.89685  0.000248646
-7.88684  0.000242973
-7.87671  0.000251989
-7.86662  0.000249306
-7.85654  0.000251754
-7.84639  0.000251734
-7.83631  0.000260443
-7.82619  0.000244237
-7.81614  0.000262853
-7.80598  0.000260329
-7.79573  0.000261476
-7.78569  0.000253403
-7.77569  0.000264838
-7.76553  0.000260524
-7.75503  0.000289227
-7.74437  0.000270223
-7.73422  0.000260725
-7.72408  0.000273283
-7.714  0.000268837
-7.70385  0.000270373
-7.69378  0.000266772
-7.68326  0.000306288
-7.67263  0.00026801
-7.66208  0.000302743
-7.65166  0.000273159
-7.64144  0.000280491
-7.63137  0.000282668
-7.62129  0.000276792
-7.6111  0.000283681
-7.60056  0.000309502
-7.5901  0.000284409
-7.57993  0.000287348
-7.56973  0.000287933
-7.55972  0.000287238
-7.5497  0.000288649
-7.53946  0.000298823
-7.52931  0.000290107
-7.51925  0.000291612
-7.50915  0.00029981
-7.49906  0.000296701
-7.48893  0.000293321
-7.47881  0.000306111
-7.4688  0.000295447
-7.45868  0.000300471
-7.4481  0.000339766
-7.43749  0.000298769
-7.42749  0.000306444
-7.4173  0.000313035
-7.40714  0.000305612
-7.39716  0.000308194
-7.38695  0.000322406
-7.37685  0.000305326
-7.36676  0.000317997
-7.35653  0.00032226
-7.346  0.000342731
-7.3355  0.000312424
-7.32546  0.000328733
-7.31527  0.000320821
-7.30513  0.000320283
-7.29512  0.00032906
-7.28498  0.000321517
-7.27496  0.00032584
-7.2648  0.000335953
-7.2546  0.000332745
-7.24455  0.000323877
-7.23447  0.000342954
-7.22425  0.000330224
-7.21424  0.000329304
-7.20415  0.000350338
-7.19393  0.000338062
-7.18384  0.000334165
-7.17377  0.000348737
-7.16366  0.00034171
-7.1536  0.000338571
-7.14347  0.000355404
-7.13334  0.000345599
-7.12278  0.000379925
-7.11223  0.000353565
-7.10209  0.000352452
-7.09202  0.000346085
-7.08203  0.000361354
-7.07196  0.000355615
-7.06173  0.000354583
-7.0517  0.000364748
-7.04161  0.000361198
-7.03146  0.000357068
-7.02146  0.000368203
-7.01133  0.000364843
-7.00122  0.000367843
-6.99106  0.000370938
-6.98104  0.000369114
-6.97092  0.000366371
-6.96082  0.000380667
-6.95076  0.000372065
-6.94067  0.000370586
-6.93054  0.000383583
-6.92057  0.000379333
-6.9103  0.000377675
-6.89979  0.000420616
-6.88931  0.000379542
-6.87926  0.000385384
-6.8691  0.000388264
-6.85904  0.000387854
-6.84889  0.000391608
-6.83836  0.000424362
-6.82789  0.000395341
-6.81772  0.000393466
-6.80759  0.000399069
-6.79752  0.000398095
-6.78742  0.000395162
-6.77732  0.000406604
-6.76727  0.000400273
-6.75715  0.000400798
-6.74703  0.000406692
-6.73701  0.000405686
-6.72691  0.000408249
-6.71686  0.000405706
-6.70678  0.000414374
-6.69663  0.000416135
-6.68645  0.000415979
-6.67638  0.000410431
-6.66635  0.000420936
-6.65612  0.000421134
-6.64613  0.000417103
-6.63603  0.000418821
-6.62595  0.000427154
-6.61588  0.000421466
-6.60584  0.000425735
-6.59566  0.000428652
-6.58562  0.000426389
-6.57551  0.000436499
-6.56547  0.000427014
-6.55534  0.000432379
-6.54525  0.000439202
-6.53515  0.000434343
-6.52507  0.000442229
-6.51499  0.000434551
-6.50494  0.000440483
-6.49481  0.000447014
-6.48475  0.000439375
-6.47473  0.000443147
-6.46469  0.000446599
-6.45461  0.000451875
-6.4445  0.000447998
-6.43434  0.000455783
-6.42423  0.00045053
-6.41418  0.000462367
-6.40406  0.000449745
-6.39393  0.000461381
-6.38399  0.000450962
-6.37389  0.000464027
-6.36387  0.000461556
-6.35379  0.00046
-6.34365  0.000472845
-6.33354  0.000464141
-6.32357  0.000463668
-6.31337  0.000481631
-6.30323  0.000467456
-6.29322  0.000471564
-6.28313  0.000476228
-6.27306  0.000470681
-6.26305  0.000480533
-6.2529  0.000482508
-6.24274  0.000482997
-6.23261  0.000484384
-6.22257  0.000479689
-6.21252  0.00048835
-6.20243  0.00048657
-6.1923  0.000490014
-6.18227  0.000487237
-6.17219  0.000490806
-6.16206  0.000500682
-6.15189  0.000494673
-6.14144  0.000534383
-6.13091  0.000507107
-6.12065  0.000500939
-6.11061  0.000496796
-6.10008  0.000553562
-6.08963  0.000493889
-6.07956  0.000505892
-6.06947  0.000511964
-6.05933  0.000511061
-6.04878  0.000554089
-6.03819  0.000513024
-6.02815  0.000516542
-6.0179  0.000517858
-6.00784  0.000521745
-5.99776  0.000504603
-5.98769  0.000527258
-5.97759  0.000521816
-5.96751  0.000519455
-5.95743  0.000521898
-5.94735  0.000525393
-5.93735  0.000524589
-5.92721  0.000528421
-5.91709  0.000530436
-5.90662  0.000580599
-5.89601  0.000534257
-5.88586  0.000534263
-5.87589  0.000531987
-5.86579  0.000529658
-5.85564  0.000560502
-5.84559  0.00051936
-5.83554  0.00054606
-5.82538  0.000552398
-5.81533  0.000535732
-5.8053  0.000543188
-5.79518  0.000549874
-5.78515  0.000548071
-5.77514  0.000542007
-5.76497  0.000560242
-5.75496  0.000547743
-5.74479  0.000559861
-5.73467  0.000557003
-5.72468  0.000555701
-5.71457  0.00055241
-5.70447  0.000567696
-5.69445  0.000557451
-5.68431  0.000566722
-5.67417  0.000565894
-5.66414  0.000567438
-5.65409  0.000557206
-5.64409  0.000565643
-5.63398  0.000581047
-5.62387  0.000563903
-5.61376  0.000576064
-5.60375  0.000575333
-5.59367  0.000566893
-5.58316  0.000635121
-5.57261  0.000574564
-5.56251  0.000584387
-5.55236  0.000585057
-5.54224  0.000584423
-5.53223  0.00057237
-5.52218  0.000592207
-5.51209  0.000582032
-5.50203  0.000590935
-5.49195  0.000581298
-5.48185  0.000605048
-5.47166  0.000590758
-5.46159  0.000589822
-5.45104  0.000657224
-5.44039  0.00059565
-5.43041  0.000593644
-5.41984  0.000654575
-5.40924  0.000605367
-5.39918  0.000598451
-5.38915  0.000599937
-5.37905  0.000606413
-5.369  0.000601458
-5.35882  0.000617667
-5.34874  0.000604788
-5.33865  0.00061232
-5.3286  0.000604101
-5.31814  0.000662446
-5.30758  0.000626136
-5.29738  0.00061311
-5.28727  0.000621331
-5.27713  0.000621999
-5.26704  0.000613716
-5.25645  0.000686906
-5.24592  0.000610497
-5.23584  0.000628069
-5.22576  0.000622253
-5.21573  0.00062031
-5.2057  0.000619487
-5.19561  0.00063694
-5.18551  0.00062788
-5.17545  0.000616121
-5.16497  0.000698267
-5.15442  0.00062995
-5.14426  0.000638494
-5.13414  0.000633169
-5.12411  0.000636927
-5.11398  0.000633796
-5.104  0.000635411
-5.09387  0.000646635
-5.08377  0.000631399
-5.07365  0.000655979
-5.06352  0.000646819
-5.05335  0.000634163
-5.0434  0.00064823
-5.03282  0.000706037
-5.02226  0.00064616
-5.01222  0.000644091
-5.00216  0.000660636
-4.99196  0.000649578
-4.98187  0.000652174
-4.97187  0.000650754
-4.96175  0.000653576
-4.9517  0.000650637
-4.9417  0.000662938
-4.9315  0.000651223
-4.92149  0.0006618
-4.91143  0.000658954
-4.90127  0.000660785
-4.89127  0.000654656
-4.88073  0.000735693
-4.87  0.00067085
-4.85997  0.000648875
-4.85001  0.00067001
-4.83998  0.000657212
-4.82989  0.000671428
-4.81987  0.000670138
-4.80967  0.000672041
-4.79959  0.000672126
-4.78948  0.000681547
-4.77931  0.000668485
-4.76923  0.000677615
-4.75925  0.000666395
-4.74906  0.00068696
-4.73903  0.000668768
-4.72899  0.000677052
-4.71888  0.000684257
-4.7088  0.000674126
-4.69872  0.000684206
-4.68863  0.000679677
-4.67861  0.000677704
-4.66853  0.000689988
-4.65839  0.00068016
-4.64837  0.000682793
-4.63838  0.000681459
-4.62819  0.000692556
-4.61818  0.000688391
-4.60806  0.000687149
-4.59789  0.000696834
-4.58788  0.000682934
-4.57788  0.000681818
-4.56779  0.000699261
-4.55778  0.00068789
-4.54765  0.000695855
-4.53718  0.000749019
-4.52663  0.00070806
-4.51648  0.000692366
-4.50643  0.00068917
-4.49646  0.000703397
-4.48637  0.000692704
-4.47622  0.000699903
-4.46627  0.000700217
-4.45614  0.000698266
-4.44607  0.000701186
-4.43602  0.000706643
-4.42592  0.000698664
-4.41575  0.000709557
-4.40574  0.000704596
-4.39564  0.000704488
-4.38558  0.000692476
-4.37559  0.000719251
-4.36551  0.000698544
-4.35542  0.00070346
-4.34541  0.000715858
-4.33533  0.000705037
-4.32519  0.000708091
-4.3151  0.000729049
-4.30495  0.000697567
-4.29492  0.000714108
-4.28486  0.000719259
-4.27471  0.000712809
-4.26462  0.000706251
-4.25455  0.000727781
-4.24448  0.000711673
-4.2343  0.000713272
-4.2243  0.000718433
-4.21426  0.000711439
-4.20416  0.000716022
-4.19409  0.000725873
-4.18404  0.000710644
-4.17395  0.000717161
-4.16388  0.000728718
-4.15373  0.000722884
-4.14364  0.000710965
-4.13361  0.00072937
-4.12347  0.000727167
-4.11334  0.000717396
-4.10325  0.000726146
-4.09323  0.000727838
-4.08304  0.000718706
-4.07297  0.000732774
-4.06288  0.000722497
-4.05234  0.000787673
-4.04182  0.000732222
-4.03176  0.000716089
-4.02166  0.000731906
-4.01156  0.000729606
-4.00152  0.000725122
-3.99135  0.000735877
-3.98125  0.000723496
-3.97118  0.000738494
-3.96098  0.000728701
-3.95093  0.000729261
-3.94087  0.000729294
-3.93077  0.000732345
-3.92061  0.000734555
-3.9106  0.000725508
-3.90046  0.000735322
-3.89041  0.000732582
-3.8803  0.000732847
-3.8702  0.00072915
-3.86016  0.000732565
-3.85011  0.00073259
-3.83994  0.000738112
-3.8299  0.000727669
-3.81988  0.000734682
-3.80925  0.000807282
-3.7988  0.000719629
-3.78877  0.000738098
-3.77865  0.000734248
-3.7686  0.000736147
-3.75854  0.000731491
-3.74841  0.000740898
-3.73834  0.000731397
-3.72834  0.000733551
-3.71814  0.000744348
-3.70807  0.000736304
-3.69804  0.000728776
-3.68791  0.000741177
-3.67788  0.000737272
-3.66778  0.000734149
-3.6577  0.00073465
-3.64776  0.000728548
-3.6377  0.000738505
-3.62757  0.000737796
-3.61756  0.000735731
-3.6075  0.000736389
-3.59736  0.00073793
-3.58729  0.000743899
-3.57724  0.000733438
-3.56702  0.00074583
-3.557  0.000734909
-3.54696  0.000735832
-3.53677  0.000746183
-3.52679  0.000728146
-3.51672  0.000741442
-3.50658  0.000740417
-3.49657  0.000729874
-3.48653  0.000746735
-3.47631  0.000736384
-3.46632  0.000734638
-3.45627  0.000745723
-3.4461  0.000728877
-3.43609  0.000743972
-3.426  0.000741644
-3.41586  0.000732073
-3.40589  0.000734252
-3.39582  0.000743696
-3.38569  0.000731557
-3.3757  0.000738702
-3.36558  0.000740193
-3.35547  0.000739264
-3.34533  0.000741021
-3.33526  0.000746396
-3.32514  0.000724783
-3.31511  0.000739988
-3.30504  0.000743328
-3.29499  0.000722058
-3.28495  0.000741145
-3.27484  0.000747252
-3.26466  0.000734395
-3.25465  0.000732765
-3.24451  0.000745644
-3.23445  0.000727305
-3.2244  0.000735996
-3.21428  0.000748352
-3.20418  0.000729028
-3.19408  0.000732365
-3.18396  0.000752922
-3.17342  0.000790268
-3.16243  0.000799228
-3.15199  0.00073517
-3.14187  0.000732843
-3.1318  0.000739174
-3.12167  0.000732408
-3.11157  0.000741536
-3.10146  0.00072448
-3.09146  0.000734886
-3.0814  0.00073478
-3.07075  0.000802851
-3.0602  0.000735417
-3.0501  0.000735467
-3.03993  0.000731673
-3.02995  0.000725556
-3.01988  0.000734677
-3.00975  0.000731774
-2.99973  0.00072149
-2.98962  0.000744442
-2.97948  0.000725924
-2.9694  0.00072936
-2.95934  0.000732811
-2.94927  0.000718595
-2.93924  0.000731909
-2.92913  0.000733587
-2.91904  0.000717813
-2.90906  0.000725821
-2.89895  0.000732099
-2.88884  0.000726072
-2.87881  0.000721036
-2.86874  0.000727073
-2.85872  0.000716347
-2.84864  0.000734813
-2.83851  0.00071955
-2.82844  0.000729647
-2.81838  0.000715953
-2.80823  0.000739901
-2.79807  0.000718937
-2.78799  0.00072434
-2.77791  0.000720539
-2.76774  0.000735709
-2.75764  0.000714939
-2.74751  0.00072465
-2.73742  0.000721836
-2.72735  0.000717835
-2.71727  0.000717619
-2.70726  0.000713424
-2.69719  0.000723334
-2.68646  0.00079947
-2.6759  0.000703559
-2.66592  0.000723414
-2.65575  0.000713788
-2.64571  0.000715177
-2.6357  0.000709176
-2.62558  0.000720345
-2.61543  0.000713501
-2.60539  0.000722684
-2.59523  0.000705285
-2.58506  0.000730868
-2.575  0.000698879
-2.56489  0.000720137
-2.55478  0.00070607
-2.54426  0.000785715
-2.53353  0.000713407
-2.52345  0.000710493
-2.51348  0.000694753
-2.50339  0.000717062
-2.49323  0.000707065
-2.48317  0.000711917
-2.47309  0.000695262
-2.46304  0.00070889
-2.453  0.000701503
-2.44293  0.00070512
-2.43277  0.000704513
-2.42275  0.000707113
-2.41259  0.000703549
-2.4024  0.00070878
-2.39237  0.000699572
-2.38222  0.000704432
-2.37203  0.00070715
-2.362  0.000692236
-2.35198  0.000694603
-2.34142  0.000763941
-2.33094  0.000691149
-2.32094  0.000692761
-2.31081  0.000700307
-2.30074  0.000693641
-2.2907  0.000691766
-2.28059  0.000693884
-2.27052  0.000697569
-2.26046  0.000686627
-2.25036  0.000691055
-2.24035  0.000693616
-2.23021  0.000691334
-2.22009  0.000693231
-2.21  0.000685415
-2.19998  0.000692182
-2.18983  0.000685892
-2.17973  0.000692505
-2.16967  0.000684037
-2.15956  0.000683436
-2.1495  0.000689654
-2.13942  0.000681461
-2.12932  0.000683102
-2.11888  0.000735402
-2.10839  0.000687133
-2.09826  0.000679535
-2.08821  0.000682625
-2.07807  0.000682326
-2.06798  0.000682741
-2.05781  0.000679445
-2.04778  0.000677782
-2.03766  0.00067999
-2.02752  0.00067954
-2.01744  0.000678261
-2.00729  0.000672757
-1.99721  0.000684032
-1.9871  0.000664516
-1.97705  0.0006792
-1.9669  0.000674171
-1.95682  0.0006697
-1.94671  0.000674719
-1.93623  0.00072159
-1.92575  0.000666624
-1.91565  0.000677243
-1.90553  0.000662412
-1.89547  0.000667827
-1.88537  0.000671558
-1.87522  0.000665049
-1.86517  0.000665594
-1.855  0.000670081
-1.84495  0.000660498
-1.83482  0.000663147
-1.82472  0.000666302
-1.81468  0.000657425
-1.80459  0.000655986
-1.79451  0.000669992
-1.78446  0.000642062
-1.77408  0.000714188
-1.76303  0.000727244
-1.75249  0.000649329
-1.74239  0.000659714
-1.73233  0.000653173
-1.72223  0.000657611
-1.71217  0.000646182
-1.70208  0.0006588
-1.69207  0.000645602
-1.68195  0.000654052
-1.67179  0.000662097
-1.6617  0.000642174
-1.65163  0.000650255
-1.64149  0.00065761
-1.63135  0.000646481
-1.62129  0.0006435
-1.61119  0.00065262
-1.60059  0.0007107
-1.59002  0.000633275
-1.57953  0.000711956
-1.56892  0.00064501
-1.55882  0.000639017
-1.54872  0.00064676
-1.53867  0.000637291
-1.52859  0.000639398
-1.51848  0.000646638
-1.50839  0.000633611
-1.49828  0.000639693
-1.48825  0.000640213
-1.4781  0.000639354
-1.46802  0.000630494
-1.45792  0.000642352
-1.44789  0.00062745
-1.43778  0.000637452
-1.42777  0.000624997
-1.41766  0.000641749
-1.40715  0.000679939
-1.39663  0.000634089
-1.38656  0.000627701
-1.37647  0.00063265
-1.36633  0.000633021
-1.35631  0.000620677
-1.34622  0.00062907
-1.33616  0.000626987
-1.32611  0.000623349
-1.31599  0.000630694
-1.30587  0.000626382
-1.29579  0.000620093
-1.28574  0.000625516
-1.27567  0.000621664
-1.26561  0.000618657
-1.25551  0.000625702
-1.24548  0.000613833
-1.23499  0.000678334
-1.22439  0.000619499
-1.21439  0.000613931
-1.20435  0.000616735
-1.19425  0.000619676
-1.18415  0.000619461
-1.17405  0.000616797
-1.16388  0.000620758
-1.15386  0.000612076
-1.14368  0.000617226
-1.13364  0.000617042
-1.12347  0.000614783
-1.11342  0.000610434
-1.1033  0.000614589
-1.09325  0.000609196
-1.08306  0.000623189
-1.07295  0.000603284
-1.06287  0.000615285
-1.05276  0.000608619
-1.04259  0.000613631
-1.03257  0.0006037
-1.02245  0.000609611
-1.01236  0.000604167
-1.00237  0.000604115
-0.992209  0.000610233
-0.982108  0.000606235
-0.972012  0.000604186
-0.961933  0.000604923
-0.951792  0.000606598
-0.941786  0.000592089
-0.931714  0.000612234
-0.921654  0.00058653
-0.911635  0.00061215
-0.901529  0.000591152
-0.891442  0.000607329
-0.881335  0.000600093
-0.871207  0.000602735
-0.861075  0.000595692
-0.851042  0.00060414
-0.840865  0.000595535
-0.830819  0.000596612
-0.820712  0.000600412
-0.810567  0.000601506
-0.800417  0.000594086
-0.790417  0.000590675
-0.780376  0.000594764
-0.770255  0.000592317
-0.760217  0.000597766
-0.750108  0.000589871
-0.740026  0.00059489
-0.729876  0.000599039
-0.719798  0.000587412
-0.709684  0.000592528
-0.699685  0.000589665
-0.689567  0.000588552
-0.679552  0.000590224
-0.669369  0.000596823
-0.659308  0.000584549
-0.649204  0.000591234
-0.63908  0.000596164
-0.628891  0.000591462
-0.618819  0.000581151
-0.608702  0.000601102
-0.598533  0.00058321
-0.58847  0.000585923
-0.578417  0.000586369
-0.568336  0.0005864
-0.558256  0.000581699
-0.548238  0.000585487
-0.538138  0.000583526
-0.52815  0.000577614
-0.518036  0.000593062
-0.507903  0.000583194
-0.497862  0.000579844
-0.487819  0.000578536
-0.47773  0.000593801
-0.467629  0.000570683
-0.457557  0.000596288
-0.447341  0.000580407
-0.437341  0.000577262
-0.427248  0.000584318
-0.417147  0.00058582
-0.407008  0.00057585
-0.397048  0.000580295
-0.386905  0.000581887
-0.376834  0.000580565
-0.366726  0.000581972
-0.356614  0.000581107
-0.346567  0.000576102
-0.336547  0.000573854
-0.326026  0.000636826
-0.315453  0.000576038
-0.304929  0.000634576
-0.294393  0.000573529
-0.284314  0.000582036
-0.274207  0.000579556
-0.264099  0.000580161
-0.253998  0.000574435
-0.243991  0.000576848
-0.233873  0.000579483
-0.223809  0.000573296
-0.213774  0.000579576
-0.203647  0.000574842
-0.193672  0.000571735
-0.183606  0.000575582
-0.173569  0.000579821
-0.16347  0.000568134
-0.153493  0.000577262
-0.143427  0.000573766
-0.133318  0.000580044
-0.123207  0.000578242
-0.113102  0.000576508
-0.103035  0.000572026
-0.0929633  0.00058156
-0.0827852  0.000579891
-0.0727333  0.000570007
-0.0627137  0.000575023
-0.0525404  0.000583696
-0.0425219  0.000567396
-0.032402  0.000579708
-0.0224071  0.000570806
-0.0123207  0.000575788
-0.00364485  0.000416603
0.00364485  0.000416603
0.0123207  0.000575788
0.0224071  0.000570806
0.032402  0.000579708
0.0425219  0.000567396
0.0525404  0.000583696
0.0627137  0.000575023
0.0727333  0.000570007
0.0827852  0.000579891
0.0929633  0.00058156
0.103035  0.000572026
0.113102  0.000576508
0.123207  0.000578242
0.133318  0.000580044
0.143427  0.000573766
0.153493  0.000577262
0.16347  0.000568134
0.173569  0.000579821
0.183606  0.000575582
0.193672  0.000571735
0.203647  0.000574842
0.213774  0.000579576
0.223809  0.000573296
0.233873  0.000579483
0.243991  0.000576848
0.253998  0.000574435
0.264099  0.000580161
0.274207  0.000579556
0.284314  0.000582036
0.294393  0.000573529
0.304929  0.000634576
0.315453  0.000576038
0.326026  0.000636826
0.336547  0.000573854
0.346567  0.000576102
0.356614  0.000581107
0.366726  0.000581972
0.376834  0.000580565
0.386905  0.000581887
0.397048  0.000580295
0.407008  0.00057585
0.417147  0.00058582
0.427248  0.000584318
0.437341  0.000577262
0.447341  0.000580407
0.457557  0.000596288
0.467629  0.000570683
0.47773  0.000593801
0.487819  0.000578536
0.497862  0.000579844
0.507903  0.000583194
0.518036  0.000593062
0.52815  0.000577614
0.538138  0.000583526
0.548238  0.000585487
0.558256  0.000581699
0.568336  0.0005864
0.578417  0.000586369
0.58847  0.000585923
0.598533  0.00058321
0.608702  0.000601102
0.618819  0.000581151
0.628891  0.000591462
0.63908  0.000596164
0.649204  0.000591234
0.659308  0.000584549
0.669369  0.000596823
0.679552  0.000590224
0.689567  0.000588552
0.699685  0.000589665
0.709684  0.000592528
0.719798  0.000587412
0.729876  0.000599039
0.740026  0.00059489
0.750108  0.000589871
0.760217  0.000597766
0.770255  0.000592317
0.780376  0.000594764
0.790417  0.000590675
0.800417  0.000594086
0.810567  0.000601506
0.820712  0.000600412
0.830819  0.000596612
0.840865  0.000595535
0.851042  0.00060414
0.861075  0.000595692
0.871207  0.000602735
0.881335  0.000600093
0.891442  0.000607329
0.901529  0.000591152
0.911635  0.00061215
0.921654  0.00058653
0.931714  0.000612234
0.941786  0.000592089
0.951792  0.000606598
0.961933  0.000604923
0.972012  0.000604186
0.982108  0.000606235
0.992209  0.000610233
1.00237  0.000604115
1.01236  0.000604167
1.02245  0.000609611
1.03257  0.0006037
1.04259  0.000613631
1.05276  0.000608619
1.06287  0.000615285
1.07295  0.000603284
1.08306  0.000623189
1.09325  0.000609196
1.1033  0.000614589
1.11342  0.000610434
1.12347  0.000614783
1.13364  0.000617042
1.14368  0.000617226
1.15386  0.000612076
1.16388  0.000620758
1.17405  0.000616797
1.18415  0.000619461
1.19425  0.000619676
1.20435  0.000616735
1.21439  0.000613931
1.22439  0.000619499
1.23499  0.000678334
1.24548  0.000613833
1.25551  0.000625702
1.26561  0.000618657
1.27567  0.000621664
1.28574  0.000625516
1.29579  0.000620093
1.30587  0.000626382
1.31599  0.000630694
1.32611  0.000623349
1.33616  0.000626987
1.34622  0.00062907
1.35631  0.000620677
1.36633  0.000633021
1.37647  0.00063265
1.38656  0.000627701
1.39663  0.000634089
1.40715  0.000679939
1.41766  0.000641749
1.42777  0.000624997
1.43778  0.000637452
1.44789  0.00062745
1.45792  0.000642352
1.46802  0.000630494
1.4781  0.000639354
1.48825  0.000640213
1.49828  0.000639693
1.50839  0.000633611
1.51848  0.000646638
1.52859  0.000639398
1.53867  0.000637291
1.54872  0.00064676
1.55882  0.000639017
1.56892  0.00064501
1.57953  0.000711956
1.59002  0.000633275
1.60059  0.0007107
1.61119  0.00065262
1.62129  0.0006435
1.63135  0.000646481
1.64149  0.00065761
1.65163  0.000650255
1.6617  0.000642174
1.67179  0.000662097
1.68195  0.000654052
1.69207  0.000645602
1.70208  0.0006588
1.71217  0.000646182
1.72223  0.000657611
1.73233  0.000653173
1.74239  0.000659714
1.75249  0.000649329
1.76303  0.000727244
1.77408  0.000714188
1.78446  0.000642062
1.79451  0.000669992
1.80459  0.000655986
1.81468  0.000657425
1.82472  0.000666302
1.83482  0.000663147
1.84495  0.000660498
1.855  0.000670081
1.86517  0.000665594
1.87522  0.000665049
1.88537  0.000671558
1.89547  0.000667827
1.90553  0.000662412
1.91565  0.000677243
1.92575  0.000666624
1.93623  0.00072159
1.94671  0.000674719
1.95682  0.0006697
1.9669  0.000674171
1.97705  0.0006792
1.9871  0.000664516
1.99721  0.000684032
2.00729  0.000672757
2.01744  0.000678261
2.02752  0.00067954
2.03766  0.00067999
2.04778  0.000677782
2.05781  0.000679445
2.06798  0.000682741
2.07807  0.000682326
2.08821  0.000682625
2.09826  0.000679535
2.10839  0.000687133
2.11888  0.000735402
2.12932  0.000683102
2.13942  0.000681461
2.1495  0.000689654
2.15956  0.000683436
2.16967  0.000684037
2.17973  0.000692505
2.18983  0.000685892
2.19998  0.000692182
2.21  0.000685415
2.22009  0.000693231
2.23021  0.000691334
2.24035  0.000693616
2.25036  0.000691055
2.26046  0.000686627
2.27052  0.000697569
2.28059  0.000693884
2.2907  0.000691766
2.30074  0.000693641
2.31081  0.000700307
2.32094  0.000692761
2.33094  0.000691149
2.34142  0.000763941
2.35198  0.000694603
2.362  0.000692236
2.37203  0.00070715
2.38222  0.000704432
2.39237  0.000699572
2.4024  0.00070878
2.41259  0.000703549
2.42275  0.000707113
2.43277  0.000704513
2.44293  0.00070512
2.453  0.000701503
2.46304  0.00070889
2.47309  0.000695262
2.48317  0.000711917
2.49323  0.000707065
2.50339  0.000717062
2.51348  0.000694753
2.52345  0.000710493
2.53353  0.000713407
2.54426  0.000785715
2.55478  0.00070607
2.56489  0.000720137
2.575  0.000698879
2.58506  0.000730868
2.59523  0.000705285
2.60539  0.000722684
2.61543  0.000713501
2.62558  0.000720345
2.6357  0.000709176
2.64571  0.000715177
2.65575  0.000713788
2.66592  0.000723414
2.6759  0.000703559
2.68646  0.00079947
2.69719  0.000723334
2.70726  0.000713424
2.71727  0.000717619
2.72735  0.000717835
2.73742  0.000721836
2.74751  0.00072465
2.75764  0.000714939
2.76774  0.000735709
2.77791  0.000720539
2.78799  0.00072434
2.79807  0.000718937
2.80823  0.000739901
2.81838  0.000715953
2.82844  0.000729647
2.83851  0.00071955
2.84864  0.000734813
2.85872  0.000716347
2.86874  0.000727073
2.87881  0.000721036
2.88884  0.000726072
2.89895  0.000732099
2.90906  0.000725821
2.91904  0.000717813
2.92913  0.000733587
2.93924  0.000731909
2.94927  0.000718595
2.95934  0.000732811
2.9694  0.00072936
2.97948  0.000725924
2.98962  0.000744442
2.99973  0.00072149
3.00975  0.000731774
3.01988  0.000734677
3.02995  0.000725556
3.03993  0.000731673
3.0501  0.000735467
3.0602  0.000735417
3.07075  0.000802851
3.0814  0.00073478
3.09146  0.000734886
3.10146  0.00072448
3.11157  0.000741536
3.12167  0.000732408
3.1318  0.000739174
3.14187  0.000732843
3.15199  0.00073517
3.16243  0.000799228
3.17342  0.000790268
3.18396  0.000752922
3.19408  0.000732365
3.20418  0.000729028
3.21428  0.000748352
3.2244  0.000735996
3.23445  0.000727305
3.24451  0.000745644
3.25465  0.000732765
3.26466  0.000734395
3.27484  0.000747252
3.28495  0.000741145
3.29499  0.000722058
3.30504  0.000743328
3.31511  0.000739988
3.32514  0.000724783
3.33526  0.000746396
3.34533  0.000741021
3.35547  0.000739264
3.36558  0.000740193
3.3757  0.000738702
3.38569  0.000731557
3.39582  0.000743696
3.40589  0.000734252
3.41586  0.000732073
3.426  0.000741644
3.43609  0.000743972
3.4461  0.000728877
3.45627  0.000745723
3.46632  0.000734638
3.47631  0.000736384
3.48653  0.000746735
3.49657  0.000729874
3.50658  0.000740417
3.51672  0.000741442
3.52679  0.000728146
3.53677  0.000746183
3.54696  0.000735832
3.557  0.000734909
3.56702  0.00074583
3.57724  0.000733438
3.58729  0.000743899
3.59736  0.00073793
3.6075  0.000736389
3.61756  0.000735731
3.62757  0.000737796
3.6377  0.000738505
3.64776  0.000728548
3.6577  0.00073465
3.66778  0.000734149
3.67788  0.000737272
3.68791  0.000741177
3.69804  0.000728776
3.70807  0.000736304
3.71814  0.000744348
3.72834  0.000733551
3.73834  0.000731397
3.74841  0.000740898
3.75854  0.000731491
3.7686  0.000736147
3.77865  0.000734248
3.78877  0.000738098
3.7988  0.000719629
3.80925  0.000807282
3.81988  0.000734682
3.8299  0.000727669
3.83994  0.000738112
3.85011  0.00073259
3.86016  0.000732565
3.8702  0.00072915
3.8803  0.000732847
3.89041  0.000732582
3.90046  0.000735322
3.9106  0.000725508
3.92061  0.000734555
3.93077  0.000732345
3.94087  0.000729294
3.95093  0.000729261
3.96098  0.000728701
3.97118  0.000738494
3.98125  0.000723496
3.99135  0.000735877
4.00152  0.000725122
4.01156  0.000729606
4.02166  0.000731906
4.03176  0.000716089
4.04182  0.000732222
4.05234  0.000787673
4.06288  0.000722497
4.07297  0.000732774
4.08304  0.000718706
4.09323  0.000727838
4.10325  0.000726146
4.11334  0.000717396
4.12347  0.000727167
4.13361  0.00072937
4.14364  0.000710965
4.15373  0.000722884
4.16388  0.000728718
4.17395  0.000717161
4.18404  0.000710644
4.19409  0.000725873
4.20416  0.000716022
4.21426  0.000711439
4.2243  0.000718433
4.2343  0.000713272
4.24448  0.000711673
4.25455  0.000727781
4.26462  0.000706251
4.27471  0.000712809
4.28486  0.000719259
4.29492  0.000714108
4.30495  0.000697567
4.3151  0.000729049
4.32519  0.000708091
4.33533  0.000705037
4.34541  0.000715858
4.35542  0.00070346
4.36551  0.000698544
4.37559  0.000719251
4.38558  0.000692476
4.39564  0.000704488
4.40574  0.000704596
4.41575  0.000709557
4.42592  0.000698664
4.43602  0.000706643
4.44607  0.000701186
4.45614  0.000698266
4.46627  0.000700217
4.47622  0.000699903
4.48637  0.000692704
4.49646  0.000703397
4.50643  0.00068917
4.51648  0.000692366
4.52663  0.00070806
4.53718  0.000749019
4.54765  0.000695855
4.55778  0.00068789
4.56779  0.000699261
4.57788  0.000681818
4.58788  0.000682934
4.59789  0.000696834
4.60806  0.000687149
4.61818  0.000688391
4.62819  0.000692556
4.63838  0.000681459
4.64837  0.000682793
4.65839  0.00068016
4.66853  0.000689988
4.67861  0.000677704
4.68863  0.000679677
4.69872  0.000684206
4.7088  0.000674126
4.71888  0.000684257
4.72899  0.000677052
4.73903  0.000668768
4.74906  0.00068696
4.75925  0.000666395
4.76923  0.000677615
4.77931  0.000668485
4.78948  0.000681547
4.79959  0.000672126
4.80967  0.000672041
4.81987  0.000670138
4.82989  0.000671428
4.83998  0.000657212
4.85001  0.00067001
4.85997  0.000648875
4.87  0.00067085
4.88073  0.000735693
4.89127  0.000654656
4.90127  0.000660785
4.91143  0.000658954
4.92149  0.0006618
4.9315  0.000651223
4.9417  0.000662938
4.9517  0.000650637
4.96175  0.000653576
4.97187  0.000650754
4.98187  0.000652174
4.99196  0.000649578
5.00216  0.000660636
5.01222  0.000644091
5.02226  0.00064616
5.03282  0.000706037
5.0434  0.00064823
5.05335  0.000634163
5.06352  0.000646819
5.07365  0.000655979
5.08377  0.000631399
5.09387  0.000646635
5.104  0.000635411
5.11398  0.000633796
5.12411  0.000636927
5.13414  0.000633169
5.14426  0.000638494
5.15442  0.00062995
5.16497  0.000698267
5.17545  0.000616121
5.18551  0.00062788
5.19561  0.00063694
5.2057  0.000619487
5.21573  0.00062031
5.22576  0.000622253
5.23584  0.000628069
5.24592  0.000610497
5.25645  0.000686906
5.26704  0.000613716
5.27713  0.000621999
5.28727  0.000621331
5.29738  0.00061311
5.30758  0.000626136
5.31814  0.000662446
5.3286  0.000604101
5.33865  0.00061232
5.34874  0.000604788
5.35882  0.000617667
5.369  0.000601458
5.37905  0.000606413
5.38915  0.000599937
5.39918  0.000598451
5.40924  0.000605367
5.41984  0.000654575
5.43041  0.000593644
5.44039  0.00059565
5.45104  0.000657224
5.46159  0.000589822
5.47166  0.000590758
5.48185  0.000605048
5.49195  0.000581298
5.50203  0.000590935
5.51209  0.000582032
5.52218  0.000592207
5.53223  0.00057237
5.54224  0.000584423
5.55236  0.000585057
5.56251  0.000584387
5.57261  0.000574564
5.58316  0.000635121
5.59367  0.000566893
5.60375  0.000575333
5.61376  0.000576064
5.62387  0.000563903
5.63398  0.000581047
5.64409  0.000565643
5.65409  0.000557206
5.66414  0.000567438
5.67417  0.000565894
5.68431  0.000566722
5.69445  0.000557451
5.70447  0.000567696
5.71457  0.00055241
5.72468  0.000555701
5.73467  0.000557003
5.74479  0.000559861
5.75496  0.000547743
5.76497  0.000560242
5.77514  0.000542007
5.78515  0.000548071
5.79518  0.000549874
5.8053  0.000543188
5.81533  0.000535732
5.82538  0.000552398
5.83554  0.00054606
5.84559  0.00051936
5.85564  0.000560502
5.86579  0.000529658
5.87589  0.000531987
5.88586  0.000534263
5.89601  0.000534257
5.90662  0.000580599
5.91709  0.000530436
5.92721  0.000528421
5.93735  0.000524589
5.94735  0.000525393
5.95743  0.000521898
5.96751  0.000519455
5.97759  0.000521816
5.98769  0.000527258
5.99776  0.000504603
6.00784  0.000521745
6.0179  0.000517858
6.02815  0.000516542
6.03819  0.000513024
6.04878  0.000554089
6.05933  0.000511061
6.06947  0.000511964
6.07956  0.000505892
6.08963  0.000493889
6.10008  0.000553562
6.11061  0.000496796
6.12065  0.000500939
6.13091  0.000507107
6.14144  0.000534383
6.15189  0.000494673
6.16206  0.000500682
6.17219  0.000490806
6.18227  0.000487237
6.1923  0.000490014
6.20243  0.00048657
6.21252  0.00048835
6.22257  0.000479689
6.23261  0.000484384
6.24274  0.000482997
6.2529  0.000482508
6.26305  0.000480533
6.27306  0.000470681
6.28313  0.000476228
6.29322  0.000471564
6.30323  0.000467456
6.31337  0.000481631
6.32357  0.000463668
6.33354  0.000464141
6.34365  0.000472845
6.35379  0.00046
6.36387  0.000461556
6.37389  0.000464027
6.38399  0.000450962
6.39393  0.000461381
6.40406  0.000449745
6.41418  0.000462367
6.42423  0.00045053
6.43434  0.000455783
6.4445  0.000447998
6.45461  0.000451875
6.46469  0.000446599
6.47473  0.000443147
6.48475  0.000439375
6.49481  0.000447014
6.50494  0.000440483
6.51499  0.000434551
6.52507  0.000442229
6.53515  0.000434343
6.54525  0.000439202
6.55534  0.000432379
6.56547  0.000427014
6.57551  0.000436499
6.58562  0.000426389
6.59566  0.000428652
6.60584  0.000425735
6.61588  0.000421466
6.62595  0.000427154
6.63603  0.000418821
6.64613  0.000417103
6.65612  0.000421134
6.66635  0.000420936
6.67638  0.000410431
6.68645  0.000415979
6.69663  0.000416135
6.70678  0.000414374
6.71686  0.000405706
6.72691  0.000408249
6.73701  0.000405686
6.74703  0.000406692
6.75715  0.000400798
6.76727  0.000400273
6.77732  0.000406604
6.78742  0.000395162
6.79752  0.000398095
6.80759  0.000399069
6.81772  0.000393466
6.82789  0.000395341
6.83836  0.000424362
6.84889  0.000391608
6.85904  0.000387854
6.8691  0.000388264
6.87926  0.000385384
6.88931  0.000379542
6.89979  0.000420616
6.9103  0.000377675
6.92057  0.000379333
6.93054  0.000383583
6.94067  0.000370586
6.95076  0.000372065
6.96082  0.000380667
6.97092  0.000366371
6.98104  0.000369114
6.99106  0.000370938
7.00122  0.000367843
7.01133  0.000364843
7.02146  0.000368203
7.03146  0.000357068
7.04161  0.000361198
7.0517  0.000364748
7.06173  0.000354583
7.07196  0.000355615
7.08203  0.000361354
7.09202  0.000346085
7.10209  0.000352452
7.11223  0.000353565
7.12278  0.000379925
7.13334  0.000345599
7.14347  0.000355404
7.1536  0.000338571
7.16366  0.00034171
7.17377  0.000348737
7.18384  0.000334165
7.19393  0.000338062
7.20415  0.000350338
7.21424  0.000329304
7.22425  0.000330224
7.23447  0.000342954
7.24455  0.000323877
7.2546  0.000332745
7.2648  0.000335953
7.27496  0.00032584
7.28498  0.000321517
7.29512  0.00032906
7.30513  0.000320283
7.31527  0.000320821
7.32546  0.000328733
7.3355  0.000312424
7.346  0.000342731
7.35653  0.00032226
7.36676  0.000317997
7.37685  0.000305326
7.38695  0.000322406
7.39716  0.000308194
7.40714  0.000305612
7.4173  0.000313035
7.42749  0.000306444
7.43749  0.000298769
7.4481  0.000339766
7.45868  0.000300471
7.4688  0.000295447
7.47881  0.000306111
7.48893  0.000293321
7.49906  0.000296701
7.50915  0.00029981
7.51925  0.000291612
7.52931  0.000290107
7.53946  0.000298823
7.5497  0.000288649
7.55972  0.000287238
7.56973  0.000287933
7.57993  0.000287348
7.5901  0.000284409
7.60056  0.000309502
7.6111  0.000283681
7.62129  0.000276792
7.63137  0.000282668
7.64144  0.000280491
7.65166  0.000273159
7.66208  0.000302743
7.67263  0.00026801
7.68326  0.000306288
7.69378  0.000266772
7.70385  0.000270373
7.714  0.000268837
7.72408  0.000273283
7.73422  0.000260725
7.74437  0.000270223
7.75503  0.000289227
7.76553  0.000260524
7.77569  0.000264838
7.78569  0.000253403
7.79573  0.000261476
7.80598  0.000260329
7.81614  0.000262853
7.82619  0.000244237
7.83631  0.000260443
7.84639  0.000251734
7.85654  0.000251754
7.86662  0.000249306
7.87671  0.000251989
7.88684  0.000242973
7.89685  0.000248646
7.90698  0.000244037
7.9171  0.000245706
7.92717  0.000237836
7.9372  0.000248141
7.94726  0.000232095
7.95742  0.000243319
7.96747  0.000237026
7.9775  0.000235426
7.98821  0.000259051
7.9986  0.000233852
8.00891  0.000234034
8.01898  0.000234977
8.0291  0.000230633
8.03974  0.000249712
8.05021  0.000222462
8.06033  0.000233026
8.07038  0.000225512
8.08055  0.000219733
8.09059  0.000226915
8.10065  0.000219563
8.11082  0.000219635
8.12078  0.000225637
8.13094  0.000210681
8.14109  0.000219148
8.15094  0.000216835
8.16113  0.000213324
8.1714  0.000218058
8.18135  0.000209685
8.19148  0.000214464
8.2015  0.000204144
8.21154  0.000209519
8.22161  0.000212085
8.23179  0.000205515
8.24181  0.000204811
8.25179  0.000203456
8.26211  0.000206098
8.27212  0.000204942
8.28214  0.000198081
8.29238  0.000200762
8.30235  0.000198396
8.3124  0.000199414
8.32268  0.00020014
8.33263  0.000189652
8.34267  0.000199064
8.35285  0.000192689
8.36286  0.000188572
8.37288  0.000197077
8.38315  0.000187505
8.39311  0.000188927
8.40309  0.000188523
8.41326  0.000183029
8.42317  0.000187549
8.43334  0.000189125
8.44348  0.000180518
8.45343  0.000180996
8.46355  0.000184575
8.47367  0.000180836
8.48379  0.000178203
8.49383  0.000184622
8.50402  0.000176114
8.51409  0.000174932
8.52424  0.000181809
8.53479  0.000186651
8.54539  0.000176034
8.55541  0.000172992
8.56552  0.000167444
8.57558  0.000175733
8.58579  0.000171621
8.5958  0.000163795
8.60597  0.000171655
8.61651  0.000182395
8.6271  0.000165796
8.6372  0.000163667
8.64783  0.00018253
8.65834  0.000162762
8.66905  0.000177302
8.67961  0.000160654
8.68969  0.000158688
8.70024  0.000174722
8.71073  0.000159467
8.72099  0.000154612
8.73107  0.000158153
8.74155  0.000168526
8.75208  0.000153746
8.76268  0.000165662
8.77317  0.000153398
8.78321  0.000146828
8.79319  0.000154192
8.80354  0.000150568
8.81411  0.000162955
8.82475  0.000148154
8.83476  0.000146509
8.84495  0.000143814
8.85496  0.000146495
8.86507  0.000145856
8.87531  0.000143169
8.88536  0.000138516
8.8954  0.000144646
8.90556  0.000141393
8.91561  0.000138413
8.92579  0.000138679
8.9359  0.000138611
8.94593  0.000135822
8.95605  0.000139271
8.96668  0.000144526
8.97729  0.000138032
8.98744  0.000133724
8.9975  0.000128565
9.00749  0.000136428
9.01774  0.000129271
9.02782  0.000129692
9.03786  0.000129844
9.04798  0.000127585
9.05805  0.000129988
9.06821  0.000125703
9.07841  0.000127751
9.08837  0.000122137
9.09849  0.000126251
9.10853  0.000122873
9.11872  0.000123085
9.12881  0.000123607
9.13886  0.000121163
9.14894  0.000116783
9.15902  0.000123787
9.16975  0.000130775
9.1803  0.000118513
9.19038  0.000116587
9.2005  0.000114627
9.21047  0.000118579
9.22063  0.000114723
9.23128  0.000124985
9.24168  0.000110083
9.25182  0.000116656
9.26193  0.000111094
9.27199  0.000106972
9.28205  0.000114818
9.29225  0.000110555
9.30237  0.000107585
9.31242  0.000109494
9.32252  0.000104576
9.33246  0.000109349
9.34305  0.000115662
9.35384  0.000105577
9.36383  0.000104863
9.37403  0.000104959
9.384  0.000105374
9.39432  9.75222e-05
9.40423  0.000104769
9.41443  0.000103392
9.42457  9.78533e-05
9.43462  0.000101348
9.44474  9.79851e-05
9.45494  9.93997e-05
9.46487  9.98161e-05
9.47521  9.66895e-05
9.48515  9.47153e-05
9.49524  9.60143e-05
9.50542  9.86805e-05
9.51611  0.000101507
9.52668  9.40185e-05
9.53684  9.47849e-05
9.54691  9.15242e-05
9.55706  9.26925e-05
9.56716  9.2395e-05
9.57744  8.99393e-05
9.58739  9.00291e-05
9.59747  8.92899e-05
9.60757  8.73576e-05
9.61765  9.03846e-05
9.62779  8.71722e-05
9.63794  8.73281e-05
9.64797  8.43407e-05
9.65823  8.83949e-05
9.66827  8.5702e-05
9.67855  8.46402e-05
9.68861  8.38942e-05
9.69858  7.93609e-05
9.7087  8.50245e-05
9.71891  8.58875e-05
9.72912  7.96434e-05
9.73915  7.95313e-05
9.74916  7.96086e-05
9.75934  8.14038e-05
9.76997  8.65019e-05
9.78045  7.72804e-05
9.79056  7.99183e-05
9.80065  7.66002e-05
9.81086  7.73205e-05
9.8208  7.54162e-05
9.8311  7.69501e-05
9.84122  7.55e-05
9.85112  7.44992e-05
9.86138  7.12929e-05
9.87138  7.59848e-05
9.88132  7.28354e-05
9.89165  7.21735e-05
9.90163  7.0328e-05
9.91163  7.11057e-05
9.9218  7.3179e-05
9.93184  6.9299e-05
9.94195  6.92062e-05
9.95204  6.83655e-05
9.96218  6.99795e-05
9.9723  7.11544e-05
9.98247  6.49193e-05
9.99253  6.8128e-05
10.0025  6.66831e-05
10.0128  6.67881e-05
10.0228  6.48615e-05
10.033  6.82195e-05
10.0433  6.46913e-05
10.0533  6.43579e-05
10.0634  6.15926e-05
10.0735  6.4235e-05
10.0834  6.16493e-05
10.0935  6.54512e-05
10.1037  5.92243e-05
10.1137  6.20572e-05
10.1239  6.18433e-05
10.1341  5.97873e-05
10.1441  5.97079e-05
10.1542  6.24343e-05
10.1646  5.71791e-05
10.1745  5.9487e-05
10.1845  5.61164e-05
10.1947  6.12116e-05
10.2047  5.4953e-05
10.215  5.90397e-05
10.2257  6.22922e-05
10.2361  5.39856e-05
10.2463  5.72205e-05
10.2566  5.60442e-05
10.2671  5.67492e-05
10.2776  5.79321e-05
10.2879  5.24595e-05
10.2979  5.41337e-05
10.3081  5.26396e-05
10.3182  5.24471e-05
10.3282  5.03619e-05
10.3384  5.43716e-05
10.3485  5.08508e-05
10.3583  5.04186e-05
10.3688  4.9998e-05
10.3788  5.17896e-05
10.3896  5.38506e-05
10.4  4.99437e-05
10.4101  4.7694e-05
10.4202  4.84369e-05
10.4305  4.91909e-05
10.4405  4.84193e-05
10.4507  4.59089e-05
10.4608  4.7535e-05
10.471  4.62319e-05
10.4809  4.6229e-05
10.4913  4.75212e-05
10.5015  4.53465e-05
10.5114  4.28241e-05
10.5215  4.79522e-05
10.5318  4.28233e-05
10.5419  4.50594e-05
10.5521  4.3691e-05
10.5622  4.24493e-05
10.5722  4.26644e-05
10.5823  4.38112e-05
10.5926  4.07647e-05
10.6024  4.3283e-05
10.6127  4.07501e-05
10.6229  4.21365e-05
10.6328  3.99285e-05
10.6431  4.2431e-05
10.6536  4.14368e-05
10.664  4.2096e-05
10.6748  3.99274e-05
10.6848  3.97615e-05
10.695  3.86951e-05
10.7051  4.01447e-05
10.7154  3.6319e-05
10.7252  3.90177e-05
10.7355  3.7208e-05
10.7457  3.746e-05
10.7558  3.68597e-05
10.7659  3.73263e-05
10.7762  3.5966e-05
10.7861  3.59099e-05
10.7965  3.57718e-05
10.8067  3.65475e-05
10.8167  3.494e-05
10.8268  3.504e-05
10.837  3.31161e-05
10.847  3.50855e-05
10.8572  3.45953e-05
10.8674  3.33225e-05
10.8774  3.21697e-05
10.8875  3.44513e-05
10.8978  3.20407e-05
10.9076  3.36354e-05
10.9183  3.37307e-05
10.9288  3.13593e-05
10.9389  3.17629e-05
10.9491  3.2881e-05
10.9598  3.2657e-05
10.9702  3.12281e-05
10.9808  3.17764e-05
10.9909  2.99484e-05
11.001  2.96629e-05
11.0112  3.11477e-05
11.0213  2.81014e-05
11.0313  2.98678e-05
11.0415  2.89377e-05
11.0518  2.8695e-05
11.0618  2.82919e-05
11.0719  2.88697e-05
11.0821  2.79677e-05
11.0923  2.75884e-05
11.1026  2.775e-05
11.1125  2.72884e-05
11.1227  2.6508e-05
11.133  2.81874e-05
11.1436  2.76987e-05
11.1542  2.69834e-05
11.1644  2.68345e-05
11.1745  2.42464e-05
11.1847  2.63305e-05
11.1949  2.65808e-05
11.2051  2.4263e-05
11.2154  2.57397e-05
11.2254  2.39458e-05
11.2357  2.45312e-05
11.2456  2.3975e-05
11.2559  2.45265e-05
11.2659  2.40611e-05
11.2761  2.31647e-05
11.2863  2.31574e-05
11.2962  2.31181e-05
11.3067  2.32163e-05
11.3167  2.34226e-05
11.3266  2.17921e-05
11.3367  2.23943e-05
11.3473  2.2502e-05
11.3573  2.09865e-05
11.3673  2.33828e-05
11.3775  2.05787e-05
11.3877  2.18135e-05
11.3978  2.03232e-05
11.4082  2.11311e-05
11.4177  2.0671e-05
11.4286  2.19596e-05
11.4395  2.14115e-05
11.4494  2.05244e-05
11.4595  1.93984e-05
11.4698  1.95036e-05
11.4798  1.88643e-05
11.49  2.0726e-05
11.5003  1.93895e-05
11.5106  1.87583e-05
11.5203  1.86496e-05
11.5308  1.87232e-05
11.5405  1.83086e-05
11.551  1.84308e-05
11.5616  1.8776e-05
11.5714  1.86344e-05
11.5813  1.62593e-05
11.592  1.85418e-05
11.6019  1.70271e-05
11.612  1.71965e-05
11.622  1.77304e-05
11.6323  1.70827e-05
11.6425  1.65873e-05
11.6529  1.62625e-05
11.6627  1.71014e-05
11.6728  1.56769e-05
11.6833  1.65342e-05
11.693  1.60264e-05
11.7032  1.63542e-05
11.714  1.5884e-05
11.7235  1.50016e-05
11.7339  1.56226e-05
11.7447  1.80451e-05
11.7556  1.38594e-05
11.7655  1.59359e-05
11.7762  1.46592e-05
11.7859  1.411e-05
11.7958  1.44709e-05
11.8064  1.53024e-05
11.8166  1.37956e-05
11.8264  1.45501e-05
11.837  1.35634e-05
11.8467  1.3669e-05
11.857  1.35316e-05
11.867  1.40894e-05
11.8774  1.36519e-05
11.8875  1.32386e-05
11.8984  1.4713e-05
11.9089  1.19703e-05
11.919  1.34563e-05
11.9293  1.34365e-05
11.9398  1.23384e-05
11.9496  1.23727e-05
11.9599  1.23418e-05
11.97  1.20314e-05
11.9804  1.34565e-05
11.9909  1.20753e-05
12.0012  1.15932e-05
12.0112  1.18646e-05
12.022  1.31376e-05
12.0326  1.08764e-05
12.0426  1.18602e-05
12.0532  1.13723e-05
12.0635  1.11795e-05
12.0733  1.09371e-05
12.0837  1.13074e-05
12.0941  1.06693e-05
12.1042  1.13325e-05
12.1146  1.01597e-05
12.1247  1.10717e-05
12.1349  1.03822e-05
12.1451  1.01551e-05
12.1555  9.85912e-06
12.1654  1.05254e-05
12.1758  1.04627e-05
12.186  9.79027e-06
12.196  9.38212e-06
12.2064  1.04383e-05
12.2168  9.04817e-06
12.2268  9.65258e-06
12.2372  9.40897e-06
12.2476  9.6921e-06
12.2572  8.78564e-06
12.2678  9.55463e-06
12.278  8.62875e-06
12.2881  8.8532e-06
12.2985  9.41658e-06
12.3084  8.57998e-06
12.3187  8.10369e-06
12.3291  9.57722e-06
12.3393  7.42581e-06
12.3495  9.25368e-06
12.3594  8.29847e-06
12.3698  7.69406e-06
12.38  8.6807e-06
12.3906  8.31773e-06
12.4007  7.37109e-06
12.4108  8.18645e-06
12.4214  7.917e-06
12.4315  8.58341e-06
12.4418  6.89072e-06
12.4523  8.25012e-06
12.4625  6.72269e-06
12.4728  7.73524e-06
12.4831  7.85219e-06
12.4931  6.82444e-06
12.5038  7.23927e-06
12.5138  7.08282e-06
12.524  6.59635e-06
12.5341  7.53606e-06
12.5448  6.91659e-06
12.5545  6.77282e-06
12.5649  6.01364e-06
12.5754  7.44878e-06
12.586  6.09025e-06
12.5956  6.70502e-06
12.6062  6.99522e-06
12.6166  5.81837e-06
12.627  6.48392e-06
12.6376  7.02219e-06
12.6488  5.70291e-06
12.658  5.92227e-06
12.6687  6.73872e-06
12.6793  6.28149e-06
12.6894  5.15787e-06
12.6997  6.02705e-06
12.7103  6.11979e-06
12.7206  5.18643e-06
12.7308  6.41816e-06
12.7409  5.0103e-06
12.7516  5.65581e-06
12.7616  5.41474e-06
12.7724  5.35637e-06
12.7822  5.1235e-06
12.7926  6.01546e-06
12.8038  5.39107e-06
12.8142  5.2276e-06
12.8244  4.65208e-06
12.8345  5.66609e-06
12.8447  4.31519e-06
12.8548  5.63452e-06
12.8654  4.36525e-06
12.8758  4.28774e-06
12.8857  5.36258e-06
12.8965  5.09467e-06
12.9073  4.4549e-06
12.9169  4.72839e-06
12.9276  4.37162e-06
12.9383  4.80402e-06
12.9492  4.54839e-06
12.9593  4.2448e-06
12.9697  4.35988e-06
12.9799  4.23681e-06
12.9904  4.64231e-06
13.0014  4.35283e-06
13.0112  4.03916e-06
13.0215  4.09432e-06
13.0322  3.89091e-06
13.0424  4.30878e-06
13.0526  3.88346e-06
13.0632  4.04993e-06
13.0739  3.8013e-06
13.0839  3.8558e-06
13.0946  3.99439e-06
13.1048  3.81583e-06
13.1148  3.39598e-06
13.1257  3.54801e-06
13.1361  3.64285e-06
13.1459  3.65203e-06
13.1566  3.6607e-06
13.167  3.50579e-06
13.177  3.37749e-06
13.1878  3.49733e-06
13.198  3.14758e-06
13.208  3.5231e-06
13.2186  3.24943e-06
13.2294  3.2871e-06
13.2394  3.20434e-06
13.2501  3.26926e-06
13.2615  3.30207e-06
13.2711  3.16899e-06
13.2823  3.18286e-06
13.2932  3.22188e-06
13.3038  3.00843e-06
13.3141  2.6521e-06
13.324  3.1566e-06
13.3347  2.63596e-06
13.345  3.13595e-06
13.3558  2.98581e-06
13.3663  2.7246e-06
13.3772  2.68312e-06
13.3874  2.75405e-06
13.3979  2.95328e-06
13.4088  2.41333e-06
13.419  2.91513e-06
13.4297  2.29697e-06
13.4407  2.66172e-06
13.4509  2.43885e-06
13.4613  2.63868e-06
13.4711  2.61486e-06
13.4816  2.27097e-06
13.4925  2.2466e-06
13.5027  2.43653e-06
13.5127  2.44246e-06
13.524  2.57214e-06
13.5345  2.03966e-06
13.545  2.50978e-06
13.5559  2.26477e-06
13.5665  2.35214e-06
13.5771  2.07446e-06
13.5875  2.03891e-06
13.598  2.124e-06
13.608  2.01967e-06
13.6189  2.1925e-06
13.6295  1.96579e-06
13.6409  2.23133e-06
13.651  2.23125e-06
13.6623  2.09398e-06
13.6732  1.95427e-06
13.6834  1.50116e-06
13.6937  2.0864e-06
13.7043  1.86129e-06
13.7144  2.01545e-06
13.7254  1.79155e-06
13.7359  1.73271e-06
13.7465  1.88523e-06
13.7572  1.75551e-06
13.7689  2.11914e-06
13.7791  1.3202e-06
13.7896  1.65563e-06
13.8  1.77189e-06
13.8104  1.39518e-06
13.8207  1.91266e-06
13.8312  1.70012e-06
13.8419  1.49457e-06
13.8527  1.55104e-06
13.8636  1.56814e-06
13.8753  1.68959e-06
13.8846  1.40716e-06
13.8952  1.73826e-06
13.9064  1.28283e-06
13.9171  1.43987e-06
13.9277  1.59361e-06
13.9386  1.33992e-06
13.9491  1.3519e-06
13.9591  1.36787e-06
13.9707  1.48489e-06
13.981  1.30782e-06
13.992  1.21419e-06
14.0021  1.50407e-06
14.0138  1.23827e-06
14.0243  1.3304e-06
14.0345  1.19559e-06
14.0456  1.33516e-06
14.0564  1.11164e-06
14.0658  9.59071e-07
14.0767  1.56494e-06
14.0874  1.05986e-06
14.0983  1.14294e-06
14.1088  1.05773e-06
14.1193  1.35167e-06
14.13  1.00377e-06
14.1403  1.09874e-06
14.152  1.02683e-06
14.1612  9.87122e-07
14.1719  1.14312e-06
14.1818  1.03907e-06
14.193  1.02519e-06
14.2034  9.6104e-07
14.2141  1.042e-06
14.2246  9.82503e-07
14.2358  9.32166e-07
14.2457  1.00232e-06
14.2576  9.43766e-07
14.2677  9.27206e-07
14.2781  9.21906e-07
14.289  8.78584e-07
14.2994  1.02491e-06
14.3104  7.30009e-07
14.3215  1.09605e-06
14.3321  7.34286e-07
14.342  7.83109e-07
14.3541  8.51412e-07
14.3644  8.61152e-07
14.3747  8.0679e-07
14.3842  8.39995e-07
14.3955  8.40737e-07
14.4058  6.76307e-07
14.4154  5.84883e-07
14.4264  7.66415e-07
14.4367  7.35912e-07
14.4467  6.88082e-07
14.4573  8.69314e-07
14.4682  7.15585e-07
14.48  6.38304e-07
14.4894  7.79724e-07
14.5004  6.74243e-07
14.511  5.56268e-07
14.5211  7.01916e-07
14.532  6.29488e-07
14.5423  7.61798e-07
14.5529  5.8945e-07
14.5637  5.65984e-07
14.5734  7.03594e-07
14.5846  6.2504e-07
14.5944  5.79438e-07
14.6065  4.96384e-07
14.6164  7.20052e-07
14.6279  5.10636e-07
14.6385  5.97851e-07
14.6482  5.36531e-07
14.6594  5.79139e-07
14.6705  5.33536e-07
14.681  5.86644e-07
14.6913  5.8062e-07
14.7019  4.21787e-07
14.7118  4.55051e-07
14.7232  5.72338e-07
14.7339  4.40342e-07
14.7437  5.93999e-07
14.7543  4.26074e-07
14.7648  4.99527e-07
14.7777  5.06809e-07
14.7888  5.00075e-07
14.7987  3.96744e-07
14.8093  5.33789e-07
14.8196  3.9522e-07
14.8299  4.4978e-07
14.8423  4.90605e-07
14.8537  3.61653e-07
14.8637  4.82132e-07
14.8742  4.38468e-07
14.8856  3.96013e-07
14.896  3.52032e-07
14.9077  4.47603e-07
14.9173  3.34158e-07
14.9278  3.41016e-07
14.9384  4.46377e-07
14.9495  3.70915e-07
14.9601  3.36922e-07
14.9686  3.89191e-07
14.9814  3.1415e-07
14.9911  4.09632e-07
15.0012  2.43232e-07
15.0125  4.23153e-07
15.0243  3.04131e-07
15.0343  3.29746e-07
15.0452  3.65335e-07
15.0559  3.4927e-07
15.0673  2.96679e-07
15.0771  2.58293e-07
15.0877  3.15023e-07
15.0981  2.81708e-07
15.109  3.50805e-07
15.119  2.80295e-07
15.1317  2.53322e-07
15.1421  3.02757e-07
15.1531  3.01586e-07
15.1637  2.65394e-07
15.1744  2.46759e-07
15.1851  3.29949e-07
15.1953  2.95765e-07
15.207  2.33488e-07
15.2168  2.17686e-07
15.228  2.73455e-07
15.2393  3.06326e-07
15.2505  1.94776e-07
15.2598  2.28721e-07
15.2722  2.03716e-07
15.2834  2.82128e-07
15.2944  2.7796e-07
15.3053  2.27172e-07
15.3152  2.10136e-07
15.3264  1.77868e-07
15.3365  2.40929e-07
15.3471  2.18011e-07
15.3587  1.322e-07
15.3681  2.3352e-07
15.3782  2.14321e-07
15.3894  2.06655e-07
15.3995  2.03569e-07
15.4096  1.23923e-07
15.4196  1.65134e-07
15.4299  1.87274e-07
15.4415  2.3498e-07
15.4524  1.35602e-07
15.4626  2.29358e-07
15.4736  1.98926e-07
15.4849  1.3526e-07
15.4942  1.39461e-07
15.5041  1.26886e-07
15.515  1.74444e-07
15.526  1.96456e-07
15.5365  1.33036e-07
15.5486  1.65072e-07
15.5591  2.02783e-07
15.5701  1.097e-07
15.5798  1.51632e-07
15.5911  1.33535e-07
15.6025  1.79606e-07
15.6119  1.55506e-07
15.6232  1.38172e-07
15.6337  7.68621e-08
15.6457  1.21012e-07
15.6555  1.72095e-07
15.6661  1.78233e-07
15.6785  1.64775e-07
15.688  1.08524e-07
15.6988  1.00298e-07
15.7075  8.86074e-08
15.7201  1.25597e-07
15.7304  1.16355e-07
15.7442  1.43404e-07
15.7537  1.10233e-07
15.7641  8.80094e-08
15.7752  1.23341e-07
15.7852  1.27773e-07
15.7993  1.4695e-07
15.8087  9.40101e-08
15.8191  5.53658e-08
15.8309  9.99794e-08
15.8402  1.19015e-07
15.8511  1.14737e-07
15.8638  1.13275e-07
15.872  8.60938e-08
15.8833  9.57353e-08
15.8943  6.13576e-08
15.9039  1.15857e-07
15.9133  6.67117e-08
15.9261  8.97641e-08
15.9359  8.45594e-08
15.9466  7.78928e-08
15.9579  1.21434e-07
15.9681  4.90574e-08
15.9781  9.07648e-08
15.9911  6.62296e-08
16.0022  7.22182e-08
16.0123  6.13706e-08
16.0237  1.39119e-07
16.0328  6.76982e-08
16.044  5.86751e-08
16.0554  8.60538e-08
16.0653  4.8501e-08
16.0754  6.3201e-08
16.0875  6.22313e-08
16.0983  5.16914e-08
16.1065  7.77089e-08
16.1169  5.20568e-08
16.1289  7.58032e-08
16.1422  6.17385e-08
16.1543  7.76427e-08
16.1636  6.29445e-08
16.1751  7.42422e-08
16.1865  7.98832e-08
16.1993  3.49685e-08
16.2083  4.92434e-08
16.2212  7.87197e-08
16.2334  3.20084e-08
16.2419  4.35866e-08
16.2532  4.82228e-08
16.2645  5.32952e-08
16.2751  9.51716e-08
16.289  4.5162e-08
16.2997  6.26298e-08
16.3107  4.07114e-08
16.3188  4.17761e-08
16.3321  7.03045e-08
16.3428  2.28623e-08
16.354  2.66903e-08
16.3641  4.58171e-08
16.3748  5.73592e-08
16.3889  4.96222e-08
16.401  5.4217e-08
16.4113  4.05257e-08
16.4224  2.73299e-08
16.4338  4.66606e-08
16.4484  2.08953e-08
16.4567  5.36071e-08
16.4658  2.62747e-08
16.4796  5.7162e-08
16.4932  2.29747e-08
16.5003  3.12436e-08
16.516  6.0759e-08
16.5274  4.11293e-08
16.5379  2.3407e-08
16.5516  5.2364e-08
16.5633  3.79684e-08
16.5759  1.72992e-08
16.5871  3.6068e-08
16.598  4.45769e-08
16.6119  1.49505e-08
16.6193  1.0633e-08
16.6323  1.14382e-08
16.6409  4.26341e-08
16.6517  3.01705e-08
16.6646  4.03285e-08
16.6741  2.26059e-08
16.6854  4.71465e-08
16.6988  1.27271e-08
16.7102  1.44675e-08
16.7184  2.84675e-08
16.7299  1.77178e-08
16.7424  4.31834e-08
16.7562  2.07469e-08
16.7679  7.99139e-09
16.7744  4.34492e-08
16.7876  2.01523e-08
16.7988  1.01783e-08
16.8092  9.94605e-09
16.8213  2.13306e-08
16.8333  4.34985e-08
16.8512  1.64595e-08
16.8685  2.21996e-08
16.8765  2.98275e-08
16.8883  2.93853e-08
16.9026  1.91261e-08
16.9157  1.54532e-08
16.9272  2.11628e-08
16.9419  2.19169e-08
16.9521  1.22553e-08
16.9624  1.84518e-08
16.9734  1.84589e-08
16.9867  2.80935e-09
16.9944  1.49787e-08
17.0084  1.3885e-08
17.0185  3.24859e-08
17.0318  6.48737e-09
17.0425  8.2365e-09
17.0507  1.87506e-08
17.0644  1.82179e-08
17.0798  5.89731e-09
17.0914  1.88383e-08
17.1004  1.71734e-08
17.115  4.28631e-09
17.127  1.54023e-08
17.1345  9.12299e-09
17.1471  2.76984e-08
17.1625  6.85797e-09
17.17  1.56073e-08
17.1831  1.21142e-08
17.204  1.37941e-08
17.2149  5.06166e-09
17.23  6.22178e-09
17.2427  1.78899e-08
17.2529  2.08892e-08
17.2684  1.00245e-08
17.2841  1.1467e-08
17.2974  6.8499e-09
17.3125  5.94773e-09
17.3231  6.82393e-09
17.3342  8.78766e-09
17.3487  8.23305e-09
17.3558  1.06177e-08
17.3704  1.6109e-08
17.3894  1.86077e-08
17.4024  7.42874e-09
17.4143  2.90282e-09
17.4229  9.80044e-09
17.4453  1.17355e-08
17.462  2.7204e-09
17.4725  6.20876e-09
17.4883  4.72876e-09
17.5016  8.55948e-09
17.5168  1.12826e-08
17.5268  5.66583e-09
17.5387  8.67551e-09
17.5543  9.11485e-09
17.5649  2.19777e-09
17.5766  2.61982e-09
17.5876  1.13007e-08
17.6001  5.79254e-10
17.6166  8.83324e-09
17.6303  9.84223e-09
17.6454  5.80461e-09
17.6573  2.30951e-09
17.6747  9.74609e-09
17.7013  6.26005e-09
17.7156  2.79285e-09
17.7446  1.17872e-08
17.7606  8.13588e-09
17.7773  7.95431e-09
17.7924  3.54546e-09
17.8118  2.56497e-09
17.8184  5.44603e-09
17.845  7.85311e-10
17.8615  1.08011e-08
17.8765  1.99991e-09
17.891  5.6995e-09
17.9059  8.40318e-10
17.924  4.94381e-10
17.9381  2.03052e-09
17.9479  4.61302e-09
17.9637  6.80528e-09
17.9836  3.47182e-09
18.0025  7.83502e-09
18.0225  1.12979e-09
18.0361  2.59764e-09
18.0522  4.20719e-09
18.0757  1.57652e-09
18.0865  4.64171e-09
18.1069  8.62313e-10
18.122  1.51038e-09
18.1357  4.1913e-09
18.1512  2.6206e-09
18.1675  2.69492e-09
18.1858  1.78003e-09
18.2032  4.30311e-10
18.2276  2.50799e-09
18.238  6.93095e-09
18.2616  3.10099e-09
18.3172  2.05458e-09
18.3334  3.69112e-10
18.3546  1.19779e-09
18.3628  4.80383e-09
18.3906  2.52482e-09
18.4089  1.93161e-09
18.4274  1.70691e-09
18.4617  2.8485e-09
18.4917  3.80826e-10
18.5051  3.42928e-09
18.5194  2.16823e-10
18.5524  3.62004e-10
18.5641  4.3152e-10
18.577  2.01206e-09
18.6138  3.26105e-09
18.6359  1.07261e-09
18.6657  1.78855e-09
18.6892  3.74182e-10
18.7364  2.54536e-09
18.7512  3.8359e-10
18.7652  4.33326e-10
18.7993  8.44972e-10
18.8357  9.76115e-10
18.8516  1.95862e-09
18.8774  1.3753e-09
18.9327  3.83363e-10
18.9773  5.24589e-10
19.01  3.72183e-10
19.0247  3.44977e-10
19.0398  1.24122e-09
19.0752  1.33536e-09
19.1145  1.11487e-09
19.227  1.43741e-09
19.2494  2.5458e-10
19.3502  8.67928e-10
19.4492  9.26712e-10
19.489  5.04847e-10
19.6234  1.76673e-10
19.6532  2.94599e-10
19.725  7.32268e-10
19.8403  2.61877e-10
20.0627  2.19952e-10
20.0991  2.5409e-10
20.3385  1.73802e-10
20.7126  1.20615e-10
