-20.5156  1.18291e-10
-20.1405  1.72092e-10
-19.9033  2.54709e-10
-19.8641  2.18231e-10
-19.6472  2.4585e-10
-19.5282  7.41109e-10
-19.4699  2.70547e-10
-19.4265  1.7327e-10
-19.3175  2.94151e-10
-19.2909  1.82817e-10
-19.2518  9.39808e-10
-19.1852  3.01168e-10
-19.1531  5.39087e-10
-19.0683  3.1709e-10
-19.0514  2.52075e-10
-19.0349  1.05874e-09
-18.9617  3.28973e-10
-18.9158  7.97891e-10
-18.8767  1.36724e-09
-18.8593  1.49507e-09
-18.8142  3.73091e-10
-18.7863  1.9851e-10
-18.7743  6.83804e-10
-18.7052  1.26675e-09
-18.6877  3.53573e-10
-18.6598  1.54027e-09
-18.6395  1.01181e-09
-18.6022  1.25047e-09
-18.5728  1.33045e-09
-18.5581  3.60113e-10
-18.5408  1.16078e-09
-18.5306  3.61157e-10
-18.4825  1.695e-09
-18.4568  1.75003e-09
-18.4391  1.08555e-09
-18.4226  1.13986e-09
-18.4112  2.88795e-10
-18.394  3.50578e-10
-18.383  2.34953e-09
-18.3494  1.41671e-09
-18.3306  2.20974e-09
-18.3225  2.12646e-10
-18.2653  3.3657e-09
-18.2494  2.67535e-09
-18.2284  4.30863e-10
-18.2071  2.55504e-09
-18.1983  2.15463e-09
-18.1679  2.09056e-09
-18.1615  3.29775e-09
-18.1348  3.66224e-10
-18.1063  3.671e-10
-18.0936  1.80495e-09
-18.0785  3.50925e-09
-18.0613  1.17119e-09
-18.0501  5.65356e-09
-18.0051  4.30102e-10
-17.9903  5.93995e-09
-17.9752  2.52551e-09
-17.9589  2.02332e-09
-17.9461  1.86018e-09
-17.92  4.36062e-09
-17.9042  4.25124e-10
-17.8893  2.14148e-09
-17.8729  6.19888e-09
-17.8487  2.09658e-09
-17.8393  4.1029e-09
-17.8267  1.16873e-09
-17.8072  4.2146e-09
-17.7989  1.24369e-09
-17.7856  5.79386e-09
-17.7707  6.81014e-09
-17.7379  1.97928e-09
-17.7189  6.0291e-09
-17.7033  5.3686e-09
-17.698  2.61364e-09
-17.681  9.2848e-10
-17.6722  2.8048e-09
-17.6594  4.78643e-09
-17.6396  1.9366e-09
-17.6159  6.97421e-09
-17.5972  9.93329e-09
-17.5862  7.73975e-09
-17.5696  2.56294e-09
-17.5504  7.4857e-09
-17.5432  2.26268e-09
-17.5247  5.1053e-09
-17.5098  6.17638e-09
-17.4947  4.23575e-09
-17.4815  5.29669e-09
-17.4685  8.32581e-09
-17.4529  2.64763e-09
-17.4414  7.66355e-09
-17.4239  3.71375e-09
-17.4087  5.34946e-09
-17.3949  1.08832e-08
-17.3788  1.31708e-08
-17.3643  7.36234e-09
-17.3424  1.25192e-08
-17.3342  3.00189e-09
-17.3066  1.31324e-08
-17.2914  1.03802e-08
-17.277  1.19499e-09
-17.2629  1.27914e-08
-17.242  7.20881e-09
-17.2344  2.33473e-09
-17.2218  1.53501e-08
-17.2082  9.36987e-09
-17.1952  1.29114e-08
-17.1819  5.76672e-09
-17.1731  1.30615e-08
-17.1588  6.20107e-09
-17.1498  5.81732e-09
-17.1299  5.7346e-09
-17.1207  2.09471e-08
-17.1088  6.53646e-09
-17.0913  1.49434e-08
-17.0831  8.06387e-09
-17.0677  1.76086e-08
-17.0537  8.45541e-09
-17.0468  9.11972e-09
-17.0305  3.96473e-09
-17.0193  8.69507e-09
-17.005  2.05733e-08
-16.9881  1.82392e-08
-16.9765  1.22012e-08
-16.965  1.29767e-08
-16.9527  1.28593e-08
-16.9378  1.36002e-08
-16.9284  1.327e-08
-16.9143  1.49623e-08
-16.9008  2.49866e-08
-16.8911  1.3059e-08
-16.8763  1.02592e-08
-16.868  1.55546e-08
-16.8571  8.47035e-09
-16.8464  1.5704e-08
-16.8294  1.61875e-08
-16.8157  2.07902e-08
-16.8029  1.18088e-08
-16.7941  3.63502e-08
-16.7815  1.20426e-08
-16.7672  1.51341e-08
-16.7552  1.0124e-08
-16.7447  1.12822e-08
-16.7315  2.94458e-08
-16.7215  2.58483e-08
-16.7127  2.02423e-08
-16.6982  9.60267e-09
-16.6901  2.37202e-08
-16.6766  3.73816e-08
-16.6646  1.05242e-08
-16.6527  2.36671e-08
-16.6439  1.06891e-08
-16.6295  2.85294e-08
-16.6142  2.70729e-08
-16.6041  2.8074e-08
-16.5926  2.35417e-08
-16.5814  2.13982e-08
-16.5714  2.02432e-08
-16.5532  2.03925e-08
-16.5417  3.42883e-08
-16.5316  1.12076e-08
-16.5208  4.72384e-08
-16.509  5.74134e-08
-16.496  2.61246e-08
-16.4828  1.30234e-08
-16.4707  1.66386e-08
-16.4591  2.64791e-08
-16.4507  2.09734e-08
-16.4388  5.13975e-08
-16.4247  2.41179e-08
-16.4167  2.85069e-08
-16.4024  4.46213e-08
-16.3928  4.44189e-08
-16.3807  1.60139e-08
-16.3682  2.7797e-08
-16.354  5.06551e-08
-16.3435  2.55941e-08
-16.3332  4.75095e-08
-16.3201  4.47912e-08
-16.3071  3.87346e-08
-16.2968  3.26321e-08
-16.2883  3.87697e-08
-16.2771  2.69569e-08
-16.2665  4.52766e-08
-16.2559  5.39375e-08
-16.2444  4.17356e-08
-16.2316  2.36395e-08
-16.2194  5.96792e-08
-16.211  3.39486e-08
-16.1982  3.40109e-08
-16.1887  4.06834e-08
-16.1783  5.25207e-08
-16.1667  4.33868e-08
-16.1554  3.41373e-08
-16.1443  4.53861e-08
-16.1335  8.8094e-08
-16.1204  5.74533e-08
-16.1091  7.44137e-08
-16.1001  3.33119e-08
-16.0861  4.4155e-08
-16.0767  5.93919e-08
-16.0638  5.61693e-08
-16.0527  2.66819e-08
-16.043  7.32419e-08
-16.0325  7.59209e-08
-16.0219  4.82486e-08
-16.0126  4.78564e-08
-15.9997  8.51022e-08
-15.9913  5.73895e-08
-15.9773  8.26404e-08
-15.9672  3.76394e-08
-15.9583  6.69636e-08
-15.9434  5.95569e-08
-15.9328  8.92825e-08
-15.9211  4.09153e-08
-15.9105  9.44704e-08
-15.8979  6.89185e-08
-15.8884  9.65193e-08
-15.876  3.84977e-08
-15.8639  9.76622e-08
-15.8548  1.0011e-07
-15.8428  7.12162e-08
-15.8319  5.31437e-08
-15.8225  6.85955e-08
-15.8098  1.33071e-07
-15.7986  7.04419e-08
-15.7882  8.77525e-08
-15.7776  7.94523e-08
-15.7662  6.1554e-08
-15.7555  1.06346e-07
-15.7437  9.46182e-08
-15.7342  7.8534e-08
-15.7248  1.0036e-07
-15.7134  1.27307e-07
-15.7025  9.81948e-08
-15.6905  6.21103e-08
-15.6811  1.24344e-07
-15.6702  6.31961e-08
-15.6593  9.80349e-08
-15.6478  1.31458e-07
-15.6378  1.61987e-07
-15.6266  8.11123e-08
-15.616  1.13203e-07
-15.6038  1.06345e-07
-15.5961  8.58098e-08
-15.5847  1.45419e-07
-15.5743  7.19023e-08
-15.5622  1.47044e-07
-15.5523  8.86869e-08
-15.5399  1.53215e-07
-15.5305  1.68818e-07
-15.5212  9.03611e-08
-15.5087  1.05979e-07
-15.4964  1.604e-07
-15.4848  1.52448e-07
-15.4746  1.15665e-07
-15.4639  2.13324e-07
-15.4518  1.49404e-07
-15.4403  8.12498e-08
-15.4317  1.98042e-07
-15.4201  1.6e-07
-15.4094  1.50632e-07
-15.3985  1.65153e-07
-15.387  1.34204e-07
-15.3761  1.1112e-07
-15.3644  1.64816e-07
-15.3545  1.75889e-07
-15.3442  2.15864e-07
-15.3329  1.50325e-07
-15.3217  1.95125e-07
-15.3096  2.57403e-07
-15.3004  1.15151e-07
-15.2896  1.06234e-07
-15.2802  2.08986e-07
-15.267  1.49779e-07
-15.2573  2.41179e-07
-15.246  2.71865e-07
-15.235  1.45511e-07
-15.2243  1.44145e-07
-15.214  2.24051e-07
-15.2039  2.45125e-07
-15.1904  1.94766e-07
-15.1808  2.58207e-07
-15.1696  2.22997e-07
-15.1591  2.04469e-07
-15.1483  2.0066e-07
-15.1374  2.3013e-07
-15.127  2.97144e-07
-15.1161  2.11803e-07
-15.1047  2.34052e-07
-15.0933  2.17207e-07
-15.0832  2.64198e-07
-15.0723  2.76065e-07
-15.0622  2.53082e-07
-15.0517  2.37973e-07
-15.0408  2.40665e-07
-15.0308  3.34844e-07
-15.0203  2.33084e-07
-15.0082  2.64209e-07
-14.9992  2.15187e-07
-14.9886  3.6898e-07
-14.9775  2.9773e-07
-14.9662  2.31919e-07
-14.9541  3.86514e-07
-14.9432  2.95574e-07
-14.9314  3.56489e-07
-14.921  3.13259e-07
-14.9092  3.08314e-07
-14.9004  2.80701e-07
-14.8884  3.46264e-07
-14.8783  2.66802e-07
-14.8671  4.10882e-07
-14.855  3.86215e-07
-14.8458  3.50905e-07
-14.837  2.83355e-07
-14.8251  2.88691e-07
-14.8138  4.24845e-07
-14.8036  3.92359e-07
-14.7938  3.66084e-07
-14.7831  3.40416e-07
-14.7728  4.31763e-07
-14.7619  3.2749e-07
-14.7509  4.9328e-07
-14.74  3.15897e-07
-14.7299  3.82035e-07
-14.7184  4.77823e-07
-14.7081  4.12232e-07
-14.6973  4.00456e-07
-14.6867  4.45871e-07
-14.6754  4.92123e-07
-14.6648  4.85847e-07
-14.6549  3.58226e-07
-14.6444  3.86418e-07
-14.6328  6.35209e-07
-14.6236  4.25953e-07
-14.612  4.86223e-07
-14.6013  4.87202e-07
-14.5914  5.19794e-07
-14.5798  4.25402e-07
-14.5697  4.96917e-07
-14.5594  4.75441e-07
-14.549  5.09137e-07
-14.5388  5.25998e-07
-14.5288  5.92641e-07
-14.5185  4.92185e-07
-14.5092  5.51077e-07
-14.4976  5.35058e-07
-14.486  5.63798e-07
-14.4757  6.32614e-07
-14.4644  5.96707e-07
-14.4534  6.63833e-07
-14.4436  6.26048e-07
-14.4342  5.67434e-07
-14.4238  5.73634e-07
-14.4129  5.50872e-07
-14.4023  6.16729e-07
-14.3913  6.52193e-07
-14.3809  8.35945e-07
-14.3704  5.47201e-07
-14.3598  6.28361e-07
-14.3489  8.64554e-07
-14.3384  6.54017e-07
-14.3282  5.78325e-07
-14.3181  8.10912e-07
-14.3071  6.87965e-07
-14.2962  8.02874e-07
-14.2858  5.91436e-07
-14.275  8.16492e-07
-14.2646  7.57483e-07
-14.255  8.1116e-07
-14.2459  6.01056e-07
-14.2341  9.49791e-07
-14.2236  8.34894e-07
-14.2122  8.38412e-07
-14.2017  8.60042e-07
-14.1908  8.25448e-07
-14.1796  7.62495e-07
-14.1687  1.06611e-06
-14.1582  9.72421e-07
-14.147  8.65726e-07
-14.1357  9.41051e-07
-14.1252  9.61909e-07
-14.1149  9.0767e-07
-14.1039  8.99052e-07
-14.0939  8.82814e-07
-14.083  1.11085e-06
-14.0716  1.12314e-06
-14.0609  8.22142e-07
-14.0503  1.22855e-06
-14.0401  8.922e-07
-14.0293  1.13329e-06
-14.0184  1.08632e-06
-14.0071  1.05391e-06
-13.9967  1.08398e-06
-13.9865  1.29052e-06
-13.976  1.09581e-06
-13.9657  8.62243e-07
-13.9547  1.2995e-06
-13.9438  1.26887e-06
-13.9334  1.32156e-06
-13.9231  1.08491e-06
-13.912  1.1434e-06
-13.9011  1.30357e-06
-13.8904  1.33949e-06
-13.8795  1.26696e-06
-13.87  1.12334e-06
-13.8583  1.25985e-06
-13.8489  1.34433e-06
-13.8383  1.53415e-06
-13.827  1.29891e-06
-13.8155  1.46416e-06
-13.8049  1.46863e-06
-13.7949  1.48668e-06
-13.7839  1.20268e-06
-13.7736  1.47524e-06
-13.7635  1.43672e-06
-13.7523  1.80703e-06
-13.7412  1.37784e-06
-13.7308  1.46829e-06
-13.7204  1.74803e-06
-13.7099  1.47196e-06
-13.6991  1.48662e-06
-13.6895  1.56587e-06
-13.6777  1.75708e-06
-13.6675  1.71371e-06
-13.6571  1.87121e-06
-13.6461  1.74117e-06
-13.6348  1.56075e-06
-13.6249  1.66959e-06
-13.6147  1.74282e-06
-13.6037  1.78053e-06
-13.5945  1.69985e-06
-13.5837  1.94971e-06
-13.5731  1.93154e-06
-13.5623  1.56943e-06
-13.5527  2.05241e-06
-13.5417  2.01205e-06
-13.5312  1.98731e-06
-13.5208  1.95231e-06
-13.5103  2.06052e-06
-13.4991  2.08737e-06
-13.4891  1.80831e-06
-13.4784  2.33318e-06
-13.4678  2.13371e-06
-13.4568  2.00356e-06
-13.4467  2.24733e-06
-13.4363  2.31904e-06
-13.4255  2.15394e-06
-13.4156  2.23869e-06
-13.4043  2.13696e-06
-13.3939  2.48962e-06
-13.3831  2.43529e-06
-13.3727  2.41347e-06
-13.3619  2.42908e-06
-13.3514  2.39242e-06
-13.3407  2.85184e-06
-13.3304  2.28984e-06
-13.3204  2.1544e-06
-13.3099  2.44011e-06
-13.2996  2.91567e-06
-13.2891  2.48219e-06
-13.278  2.69404e-06
-13.2677  2.75281e-06
-13.2578  2.73574e-06
-13.2469  2.95563e-06
-13.2363  2.52014e-06
-13.2256  2.81448e-06
-13.216  2.7479e-06
-13.2046  3.01291e-06
-13.1942  2.94975e-06
-13.1835  3.06915e-06
-13.1732  3.1492e-06
-13.1624  3.07776e-06
-13.1522  2.82705e-06
-13.142  3.22015e-06
-13.1313  3.06606e-06
-13.1207  3.51766e-06
-13.1105  3.00742e-06
-13.0995  3.31126e-06
-13.0891  3.21092e-06
-13.0789  3.25928e-06
-13.068  4.00363e-06
-13.0571  3.30453e-06
-13.0468  3.29412e-06
-13.0371  3.41244e-06
-13.0263  3.65934e-06
-13.0159  3.50538e-06
-13.0055  3.54208e-06
-12.9946  3.91898e-06
-12.9845  3.52061e-06
-12.9744  4.08422e-06
-12.9642  3.45168e-06
-12.9542  3.37895e-06
-12.9437  4.47363e-06
-12.9329  3.82633e-06
-12.9226  3.94142e-06
-12.9123  3.92689e-06
-12.902  3.99081e-06
-12.8915  4.55811e-06
-12.8812  4.05281e-06
-12.8705  4.33917e-06
-12.8605  4.01149e-06
-12.85  4.51896e-06
-12.8397  4.59962e-06
-12.829  4.18791e-06
-12.8187  4.22964e-06
-12.8086  4.60375e-06
-12.7983  4.39892e-06
-12.7883  5.14531e-06
-12.778  4.01401e-06
-12.7674  4.90034e-06
-12.7571  5.17563e-06
-12.7468  4.38543e-06
-12.7363  4.88903e-06
-12.7259  5.11716e-06
-12.7159  4.88846e-06
-12.7055  4.98487e-06
-12.695  5.53605e-06
-12.6843  5.42277e-06
-12.6733  5.51622e-06
-12.6632  5.37292e-06
-12.6528  5.13059e-06
-12.6424  5.13745e-06
-12.6323  5.76855e-06
-12.622  5.4864e-06
-12.6121  5.3671e-06
-12.6019  5.79353e-06
-12.5911  5.62044e-06
-12.5811  5.58263e-06
-12.5708  6.30054e-06
-12.5606  5.70377e-06
-12.5505  5.77789e-06
-12.5403  6.48519e-06
-12.5296  5.69875e-06
-12.5193  6.48878e-06
-12.5091  6.52297e-06
-12.4984  6.15947e-06
-12.4881  6.64884e-06
-12.4781  6.52294e-06
-12.4673  6.74381e-06
-12.4573  6.43393e-06
-12.4469  6.57149e-06
-12.4363  7.36786e-06
-12.4257  6.48593e-06
-12.4158  6.89687e-06
-12.4052  7.45273e-06
-12.3945  7.11348e-06
-12.3846  7.06192e-06
-12.3745  7.10548e-06
-12.3642  7.06453e-06
-12.354  7.24216e-06
-12.3438  7.73979e-06
-12.3333  7.93412e-06
-12.3231  7.18223e-06
-12.3128  8.42748e-06
-12.3021  7.30467e-06
-12.2915  8.72879e-06
-12.2815  8.24122e-06
-12.2708  7.56892e-06
-12.2601  9.17429e-06
-12.2495  8.48471e-06
-12.2391  8.22498e-06
-12.2286  8.40741e-06
-12.2184  8.12617e-06
-12.2083  9.20386e-06
-12.1978  8.66122e-06
-12.1877  9.31288e-06
-12.1772  8.24947e-06
-12.1671  9.29729e-06
-12.1571  9.06119e-06
-12.1467  8.4458e-06
-12.1364  9.17786e-06
-12.1264  1.0104e-05
-12.1158  9.01775e-06
-12.1059  9.60624e-06
-12.0956  9.67983e-06
-12.0851  1.02066e-05
-12.0746  9.84246e-06
-12.0648  9.97564e-06
-12.0545  9.56185e-06
-12.0441  1.07135e-05
-12.0341  9.68248e-06
-12.0238  1.0192e-05
-12.0134  1.12924e-05
-12.0032  1.0795e-05
-11.9928  1.04289e-05
-11.9822  1.21885e-05
-11.9718  1.01984e-05
-11.9617  1.10709e-05
-11.9511  1.15277e-05
-11.9412  1.04014e-05
-11.9311  1.18279e-05
-11.9206  1.17458e-05
-11.9104  1.17809e-05
-11.9003  1.09869e-05
-11.8899  1.31832e-05
-11.8799  1.10972e-05
-11.8696  1.23325e-05
-11.8592  1.24147e-05
-11.8493  1.20614e-05
-11.8388  1.26481e-05
-11.8285  1.3702e-05
-11.8181  1.12024e-05
-11.8083  1.35415e-05
-11.7978  1.36781e-05
-11.7878  1.22902e-05
-11.7777  1.25486e-05
-11.7675  1.42053e-05
-11.7572  1.32849e-05
-11.7473  1.29418e-05
-11.7369  1.56716e-05
-11.7267  1.22834e-05
-11.7164  1.47759e-05
-11.7064  1.49811e-05
-11.696  1.37567e-05
-11.6858  1.45401e-05
-11.6756  1.52618e-05
-11.6653  1.39848e-05
-11.655  1.64727e-05
-11.6443  1.51313e-05
-11.6339  1.56465e-05
-11.6237  1.52726e-05
-11.6135  1.58779e-05
-11.6031  1.58072e-05
-11.593  1.56509e-05
-11.5827  1.68108e-05
-11.5727  1.54025e-05
-11.5624  1.62116e-05
-11.5523  1.68932e-05
-11.5419  1.70086e-05
-11.5317  1.66553e-05
-11.5217  1.68445e-05
-11.5115  1.71655e-05
-11.5011  1.75058e-05
-11.491  1.78453e-05
-11.4807  1.74209e-05
-11.4705  1.75162e-05
-11.4603  1.84388e-05
-11.4498  1.97019e-05
-11.4389  1.82293e-05
-11.4289  1.89747e-05
-11.4187  1.84308e-05
-11.4086  1.9357e-05
-11.3976  2.08911e-05
-11.387  1.90891e-05
-11.3767  2.03535e-05
-11.3664  1.9445e-05
-11.3564  1.9704e-05
-11.3461  2.01924e-05
-11.336  2.02258e-05
-11.3259  2.06935e-05
-11.3158  1.96979e-05
-11.3053  2.24313e-05
-11.2952  2.01828e-05
-11.2853  2.09632e-05
-11.2753  2.14507e-05
-11.2647  2.15846e-05
-11.2548  2.14358e-05
-11.2447  2.24726e-05
-11.2346  2.15078e-05
-11.2244  2.29472e-05
-11.2143  2.21786e-05
-11.2041  2.33313e-05
-11.194  2.30358e-05
-11.1837  2.36886e-05
-11.1735  2.24259e-05
-11.1634  2.42752e-05
-11.1535  2.3305e-05
-11.1433  2.41767e-05
-11.1332  2.46926e-05
-11.1226  2.59971e-05
-11.1118  2.55876e-05
-11.1018  2.47936e-05
-11.0914  2.56458e-05
-11.0812  2.5572e-05
-11.0713  2.66383e-05
-11.0608  2.4639e-05
-11.0509  2.61806e-05
-11.0406  2.77216e-05
-11.03  2.8106e-05
-11.0198  2.55837e-05
-11.01  2.76535e-05
-10.9997  2.63533e-05
-10.9896  2.85759e-05
-10.9797  2.74541e-05
-10.9694  2.7676e-05
-10.9585  3.21455e-05
-10.9482  2.79775e-05
-10.9379  2.90427e-05
-10.9276  2.93724e-05
-10.9177  2.9423e-05
-10.9068  3.35181e-05
-10.8961  2.96562e-05
-10.8861  3.00523e-05
-10.8758  3.07989e-05
-10.8657  3.17563e-05
-10.8557  2.98318e-05
-10.8455  3.13989e-05
-10.8354  3.10372e-05
-10.8256  3.17883e-05
-10.8153  3.15667e-05
-10.8052  3.41243e-05
-10.7952  3.13942e-05
-10.7844  3.67313e-05
-10.774  3.32596e-05
-10.7639  3.21241e-05
-10.7536  3.51074e-05
-10.7436  3.52382e-05
-10.7334  3.25503e-05
-10.7229  3.92647e-05
-10.7121  3.60804e-05
-10.7019  3.41346e-05
-10.6918  3.70763e-05
-10.6815  3.5423e-05
-10.6717  3.61976e-05
-10.6614  3.75415e-05
-10.6511  3.7381e-05
-10.6412  3.53196e-05
-10.6311  4.02957e-05
-10.6207  3.80809e-05
-10.6107  3.66471e-05
-10.6005  3.93717e-05
-10.5903  3.93584e-05
-10.5802  3.85356e-05
-10.5701  4.16255e-05
-10.5597  3.91629e-05
-10.5499  3.86385e-05
-10.5398  4.24998e-05
-10.5294  4.22539e-05
-10.5194  3.89994e-05
-10.5093  4.25769e-05
-10.499  4.29813e-05
-10.4889  4.12046e-05
-10.4787  4.47573e-05
-10.4685  4.20447e-05
-10.4586  4.1241e-05
-10.4486  4.58066e-05
-10.4382  4.46318e-05
-10.428  4.44197e-05
-10.418  4.47309e-05
-10.4077  4.58723e-05
-10.3971  4.96551e-05
-10.3864  4.63158e-05
-10.3763  4.71e-05
-10.3656  5.23489e-05
-10.3551  4.54123e-05
-10.3448  4.95287e-05
-10.3346  4.63893e-05
-10.3245  4.9791e-05
-10.3144  4.81398e-05
-10.3043  4.88766e-05
-10.2943  4.97147e-05
-10.2839  5.25831e-05
-10.2738  4.75265e-05
-10.2638  5.17079e-05
-10.2537  5.09658e-05
-10.2436  5.23925e-05
-10.2334  5.17502e-05
-10.2232  5.34789e-05
-10.2131  5.0598e-05
-10.203  5.66442e-05
-10.1928  5.20477e-05
-10.1828  5.34505e-05
-10.1727  5.53179e-05
-10.1625  5.64022e-05
-10.1517  5.94269e-05
-10.1414  5.61028e-05
-10.1311  5.5198e-05
-10.1211  5.9252e-05
-10.1109  5.64651e-05
-10.1007  5.89573e-05
-10.0905  5.64138e-05
-10.0801  6.47555e-05
-10.0695  5.8485e-05
-10.0593  6.12133e-05
-10.0491  5.91285e-05
-10.0392  6.04743e-05
-10.0289  6.14052e-05
-10.0183  6.97478e-05
-10.0073  6.23128e-05
-9.99737  6.10209e-05
-9.98733  6.40614e-05
-9.97686  6.65201e-05
-9.96607  6.72236e-05
-9.95605  6.22867e-05
-9.94556  7.23897e-05
-9.9349  6.50895e-05
-9.92486  6.66193e-05
-9.91462  6.49146e-05
-9.90453  6.92274e-05
-9.89451  6.64852e-05
-9.8845  6.67661e-05
-9.8744  6.82534e-05
-9.86437  6.96861e-05
-9.85411  6.95041e-05
-9.84422  7.06827e-05
-9.83377  7.08182e-05
-9.82371  7.08934e-05
-9.81367  7.29182e-05
-9.80368  7.04206e-05
-9.79339  7.34881e-05
-9.78331  7.26112e-05
-9.77314  7.43927e-05
-9.76325  7.35077e-05
-9.75298  7.72836e-05
-9.74283  7.41869e-05
-9.73267  7.63908e-05
-9.72265  7.76669e-05
-9.71247  7.65523e-05
-9.70236  7.7497e-05
-9.69222  8.15813e-05
-9.6821  7.48596e-05
-9.67148  8.94875e-05
-9.66098  7.90732e-05
-9.65083  8.05021e-05
-9.64071  8.20984e-05
-9.63074  7.94643e-05
-9.62072  8.35454e-05
-9.61047  8.43817e-05
-9.60028  8.47211e-05
-9.59021  8.09631e-05
-9.58011  8.65107e-05
-9.57024  8.52759e-05
-9.55993  8.70521e-05
-9.54969  8.58183e-05
-9.53979  9.0478e-05
-9.52947  8.49634e-05
-9.51871  0.000103234
-9.50817  8.55511e-05
-9.4979  9.23028e-05
-9.4878  9.15418e-05
-9.47728  9.9064e-05
-9.4665  9.22636e-05
-9.45633  9.52712e-05
-9.44587  9.90828e-05
-9.4354  9.33055e-05
-9.42468  0.000105646
-9.41423  9.46611e-05
-9.40399  9.38565e-05
-9.39399  0.000100237
-9.38393  9.31351e-05
-9.3734  0.00010929
-9.36252  0.000104102
-9.35231  9.65544e-05
-9.34225  9.89347e-05
-9.33235  0.000103825
-9.32146  0.000109836
-9.3111  0.000101349
-9.30089  0.000105796
-9.29078  9.92556e-05
-9.28073  0.000107451
-9.27057  0.00010666
-9.26042  0.000102811
-9.25055  0.000105961
-9.24023  0.000114592
-9.22939  0.000114066
-9.21894  0.000109279
-9.20896  0.000110426
-9.19872  0.00010861
-9.18878  0.000110733
-9.17872  0.000112721
-9.1684  0.00011189
-9.15856  0.000112584
-9.14843  0.000117158
-9.13805  0.000113682
-9.12811  0.000113893
-9.1181  0.000116196
-9.10802  0.000117751
-9.09798  0.000117418
-9.08778  0.000121606
-9.0776  0.000116646
-9.06759  0.00012148
-9.05752  0.000121531
-9.04732  0.000120726
-9.03735  0.000121515
-9.02727  0.000126232
-9.01715  0.000120585
-9.00707  0.000125525
-8.9969  0.00012995
-8.98673  0.000123671
-8.97682  0.000124711
-8.96666  0.000133561
-8.95641  0.000125545
-8.94591  0.000143864
-8.93546  0.00013256
-8.92521  0.000128764
-8.91512  0.000133278
-8.90505  0.000134887
-8.89493  0.000133011
-8.88486  0.00013618
-8.87474  0.00013705
-8.86455  0.000134078
-8.85453  0.000138628
-8.84442  0.000140797
-8.83437  0.000137082
-8.82421  0.000141209
-8.8142  0.000141949
-8.80408  0.000136753
-8.79415  0.000147489
-8.78393  0.000144108
-8.77374  0.000144223
-8.76308  0.000160392
-8.75265  0.000148585
-8.74235  0.000146462
-8.73228  0.000153055
-8.72195  0.000147878
-8.71136  0.000169564
-8.70011  0.000164625
-8.68974  0.000151543
-8.67928  0.000156913
-8.66945  0.000149853
-8.65942  0.000156593
-8.64926  0.000153757
-8.63868  0.0001741
-8.62842  0.000153553
-8.618  0.00016469
-8.60815  0.000155203
-8.59795  0.000161211
-8.58793  0.000162836
-8.57776  0.000165493
-8.56768  0.000159858
-8.55743  0.000171717
-8.54743  0.000162419
-8.53727  0.000165716
-8.52737  0.000166934
-8.51722  0.00016931
-8.50721  0.000167277
-8.49698  0.000175581
-8.4865  0.000188148
-8.47593  0.000165528
-8.46597  0.000178701
-8.45576  0.000177444
-8.44561  0.00017197
-8.43509  0.000198302
-8.42457  0.000173536
-8.41429  0.000183955
-8.40422  0.000181962
-8.3941  0.000180503
-8.38402  0.000179326
-8.37399  0.000185736
-8.364  0.000182018
-8.35382  0.000185236
-8.34378  0.000185718
-8.33378  0.000188183
-8.32354  0.000188374
-8.31345  0.000191876
-8.30354  0.000187801
-8.29327  0.00019334
-8.28327  0.000195279
-8.27319  0.000190903
-8.26295  0.000196612
-8.25293  0.000198806
-8.24288  0.000195996
-8.23252  0.000203346
-8.22257  0.000193692
-8.21257  0.000201508
-8.2024  0.000205135
-8.19222  0.000204027
-8.18224  0.000200746
-8.17203  0.000206753
-8.16205  0.000206862
-8.15188  0.000211921
-8.14105  0.000230028
-8.13029  0.0002175
-8.12025  0.000205632
-8.11011  0.000215214
-8.10007  0.000212499
-8.08994  0.00021331
-8.07987  0.000215761
-8.06986  0.000218334
-8.05974  0.000216676
-8.04949  0.00022284
-8.03942  0.000219815
-8.0294  0.000223663
-8.01878  0.000235737
-8.00843  0.000228798
-7.99843  0.000216317
-7.98826  0.00023371
-7.97812  0.000227959
-7.96815  0.000224654
-7.95789  0.000231674
-7.948  0.000234347
-7.93788  0.000225902
-7.92767  0.000243473
-7.91763  0.000227301
-7.90773  0.00023873
-7.89741  0.000233481
-7.88754  0.000244728
-7.8773  0.00023767
-7.86708  0.000246656
-7.85708  0.000233678
-7.84716  0.000247921
-7.83673  0.0002435
-7.82691  0.000252427
-7.8168  0.000234524
-7.80671  0.000256977
-7.7966  0.000243107
-7.78666  0.000256611
-7.77633  0.000246946
-7.76649  0.000258913
-7.75625  0.000247924
-7.74613  0.000263626
-7.73613  0.000248877
-7.72616  0.000263965
-7.7158  0.000254173
-7.70551  0.000289934
-7.69486  0.000255758
-7.68473  0.00027283
-7.67465  0.0002547
-7.66473  0.000270989
-7.6544  0.000267236
-7.64449  0.000268603
-7.6343  0.000265209
-7.62426  0.000278974
-7.61416  0.000265931
-7.60413  0.000277546
-7.59385  0.000271765
-7.58401  0.000276735
-7.57384  0.000278571
-7.56365  0.0002817
-7.55364  0.000272644
-7.5436  0.000285875
-7.53345  0.000282383
-7.52347  0.000284431
-7.5132  0.000283953
-7.50315  0.000291469
-7.4932  0.000280539
-7.48303  0.000297776
-7.47284  0.000287598
-7.46284  0.000291488
-7.45274  0.000295191
-7.44265  0.000293545
-7.43262  0.000295163
-7.42238  0.000305548
-7.41223  0.000293631
-7.40237  0.000300198
-7.39166  0.000330475
-7.38097  0.000309621
-7.37101  0.000296607
-7.3609  0.000312678
-7.3507  0.000308002
-7.34067  0.000307027
-7.33046  0.00031303
-7.32034  0.000316711
-7.3103  0.000304285
-7.30023  0.000320957
-7.29009  0.00031098
-7.28019  0.000318381
-7.26997  0.000318152
-7.25978  0.000328435
-7.24974  0.000314238
-7.23968  0.000325575
-7.22955  0.000324016
-7.21957  0.000325799
-7.20927  0.000327734
-7.19932  0.000331954
-7.1893  0.000322146
-7.1792  0.000336167
-7.169  0.000333503
-7.15907  0.000330168
-7.1489  0.00033825
-7.1389  0.000339559
-7.12869  0.000337718
-7.11866  0.000338835
-7.10798  0.000385643
-7.09741  0.000341404
-7.0871  0.00034441
-7.07717  0.00035107
-7.06704  0.000343943
-7.05698  0.000347515
-7.04682  0.000361485
-7.03667  0.000347539
-7.02642  0.000361066
-7.01665  0.000345617
-7.00649  0.000357083
-6.99596  0.000389843
-6.98539  0.000370958
-6.97534  0.000348185
-6.96518  0.000374318
-6.95521  0.000352283
-6.94514  0.000373764
-6.93493  0.000368347
-6.92484  0.00037505
-6.91483  0.000357904
-6.9043  0.000412628
-6.89383  0.000372809
-6.88371  0.000368686
-6.87362  0.000385966
-6.86358  0.000375779
-6.85353  0.000374754
-6.84343  0.000383838
-6.83342  0.000381329
-6.82328  0.000387796
-6.81308  0.000393509
-6.80247  0.000422079
-6.79207  0.00037713
-6.78203  0.000398505
-6.77196  0.00039435
-6.76175  0.000391654
-6.75171  0.000395063
-6.74175  0.000397084
-6.73173  0.000390169
-6.72149  0.000413423
-6.71139  0.000399442
-6.70126  0.000400044
-6.69125  0.000406551
-6.68114  0.000407368
-6.67116  0.000397833
-6.66098  0.000418677
-6.65101  0.00040489
-6.64087  0.00041199
-6.63083  0.000412947
-6.6207  0.000423821
-6.61063  0.000405041
-6.60042  0.000431497
-6.59047  0.000411765
-6.58021  0.000430041
-6.57013  0.000420017
-6.56005  0.000431035
-6.54994  0.0004152
-6.53978  0.000441228
-6.5293  0.000458402
-6.5186  0.000445331
-6.5085  0.000421254
-6.49846  0.000445966
-6.48831  0.000422156
-6.47825  0.000451518
-6.46827  0.000419626
-6.45811  0.000454534
-6.44805  0.00043009
-6.43816  0.000447394
-6.42796  0.000433466
-6.41786  0.000466572
-6.4078  0.000427686
-6.39716  0.000517761
-6.38625  0.000454922
-6.37632  0.000438434
-6.36617  0.000463373
-6.3561  0.000460828
-6.34597  0.000445868
-6.33608  0.000457455
-6.32584  0.000472616
-6.31589  0.0004469
-6.30573  0.00046872
-6.2958  0.000468075
-6.28558  0.000460581
-6.27559  0.00047194
-6.26541  0.000471531
-6.25549  0.000460521
-6.24526  0.000485845
-6.23531  0.000471777
-6.22508  0.000471331
-6.21519  0.000473893
-6.20502  0.000483725
-6.19512  0.00047585
-6.18489  0.000483356
-6.175  0.000481062
-6.16476  0.000490557
-6.15471  0.000486526
-6.14457  0.000491603
-6.13465  0.000482115
-6.12436  0.000501743
-6.11444  0.000490078
-6.1042  0.000497911
-6.09368  0.000539876
-6.08315  0.000497993
-6.07323  0.000490459
-6.06298  0.000517437
-6.0529  0.000494113
-6.04243  0.000542522
-6.03199  0.000511173
-6.02184  0.000505655
-6.01186  0.000501217
-6.0017  0.000521865
-5.99166  0.000504678
-5.98162  0.000508106
-5.97148  0.000524994
-5.96138  0.000512127
-5.95143  0.00050804
-5.94128  0.000534211
-5.93124  0.000506358
-5.92116  0.000528018
-5.91061  0.000573528
-5.9001  0.000517282
-5.89013  0.000526691
-5.87999  0.000530946
-5.86998  0.000525813
-5.85992  0.000528955
-5.84978  0.000543135
-5.83965  0.000529894
-5.82967  0.000531365
-5.81955  0.000539044
-5.80961  0.000536962
-5.79943  0.000536959
-5.78937  0.000555145
-5.77925  0.000532408
-5.76922  0.000548878
-5.75899  0.00055422
-5.74906  0.000540391
-5.73889  0.000548348
-5.72882  0.000561754
-5.71868  0.000543978
-5.70866  0.000562518
-5.69842  0.000552955
-5.68856  0.000555567
-5.67836  0.000549163
-5.66833  0.000580637
-5.65817  0.000547774
-5.64812  0.000572121
-5.63792  0.000558124
-5.62808  0.000566019
-5.61779  0.000569048
-5.60776  0.000576579
-5.59771  0.00055159
-5.58766  0.00058907
-5.57738  0.000568611
-5.56749  0.000575786
-5.5573  0.00056501
-5.54728  0.000594423
-5.53715  0.000566093
-5.52711  0.000585914
-5.51693  0.000577052
-5.5071  0.000578381
-5.49689  0.000580782
-5.48684  0.00060201
-5.4768  0.000561651
-5.46679  0.000598492
-5.45667  0.000585997
-5.44675  0.000591102
-5.43651  0.000588766
-5.42649  0.000604326
-5.41644  0.000576881
-5.4064  0.000612655
-5.39622  0.000586812
-5.38633  0.000599649
-5.37611  0.000601037
-5.36601  0.000620659
-5.35526  0.000655076
-5.34419  0.000672737
-5.3333  0.000638836
-5.32321  0.000583498
-5.31316  0.000616216
-5.30319  0.000607584
-5.29293  0.00061689
-5.28294  0.000613288
-5.27273  0.000625048
-5.2627  0.000603365
-5.25252  0.000625229
-5.24258  0.000615542
-5.23239  0.000620774
-5.22238  0.000618702
-5.21224  0.000625518
-5.20228  0.000617357
-5.19207  0.000625928
-5.18221  0.000620804
-5.17202  0.000625874
-5.16202  0.000633977
-5.15187  0.000624607
-5.14191  0.00063237
-5.13162  0.000636424
-5.1217  0.000634166
-5.11151  0.000630776
-5.1015  0.000641848
-5.09119  0.000645619
-5.08122  0.000636035
-5.07095  0.000645295
-5.06099  0.000640158
-5.05077  0.000642382
-5.04076  0.000648298
-5.03051  0.000649887
-5.02072  0.000623294
-5.01054  0.000656383
-5.00058  0.000642952
-4.99044  0.000648193
-4.98049  0.00065036
-4.97028  0.000651448
-4.96042  0.000643963
-4.95016  0.000662103
-4.93974  0.000717051
-4.92896  0.000668534
-4.91894  0.000644849
-4.9087  0.000685199
-4.8987  0.000631338
-4.88856  0.000678926
-4.87865  0.000645072
-4.86848  0.000670764
-4.85854  0.000652376
-4.84839  0.00067576
-4.83845  0.000642811
-4.8283  0.00069154
-4.8183  0.000652552
-4.80812  0.000672103
-4.79819  0.000666634
-4.78796  0.000687424
-4.77794  0.000654956
-4.76777  0.000690439
-4.75786  0.000655939
-4.74773  0.000679101
-4.73777  0.000675024
-4.72765  0.00067656
-4.71772  0.000660578
-4.70753  0.00070694
-4.69753  0.000663466
-4.68733  0.000686773
-4.67732  0.000686111
-4.66718  0.000682691
-4.65717  0.000678402
-4.64703  0.000692944
-4.63707  0.000677139
-4.6269  0.000687543
-4.61698  0.000683156
-4.60692  0.00068775
-4.59683  0.000689863
-4.58665  0.000700787
-4.57672  0.000680366
-4.56653  0.000695928
-4.55652  0.000697667
-4.54645  0.000683535
-4.53647  0.000692308
-4.52629  0.000712531
-4.51625  0.000687055
-4.50608  0.000699624
-4.49609  0.000705741
-4.48589  0.000701656
-4.47583  0.000698759
-4.46569  0.000702755
-4.45577  0.000695437
-4.44556  0.000707399
-4.43559  0.000702216
-4.42549  0.000699794
-4.41552  0.000700861
-4.40533  0.000715628
-4.39539  0.000698706
-4.38512  0.000716454
-4.37512  0.000710515
-4.36499  0.000703885
-4.35501  0.000708752
-4.34429  0.000792931
-4.33382  0.000700497
-4.32368  0.000712714
-4.31371  0.000716692
-4.3035  0.000713907
-4.29347  0.000714054
-4.28332  0.000718027
-4.27305  0.000761985
-4.26233  0.000736374
-4.25228  0.000709835
-4.24212  0.000727181
-4.23212  0.000703444
-4.22205  0.000732096
-4.21204  0.000701251
-4.20182  0.000744997
-4.19182  0.000703999
-4.18175  0.000729276
-4.17166  0.000711988
-4.16157  0.000739584
-4.15161  0.000697771
-4.14148  0.000740753
-4.13149  0.000708462
-4.12147  0.000731555
-4.11134  0.000721118
-4.10124  0.000740708
-4.0912  0.00070769
-4.08102  0.000752032
-4.07056  0.000768038
-4.06018  0.000729232
-4.05006  0.000728185
-4.03996  0.000744405
-4.02987  0.000712398
-4.01979  0.000745248
-4.00968  0.000724502
-3.99966  0.000729765
-3.98909  0.000799758
-3.97855  0.000739127
-3.96849  0.00071978
-3.95842  0.000744558
-3.94837  0.000726517
-3.93831  0.000730674
-3.92828  0.000733383
-3.91819  0.00073799
-3.90817  0.000728
-3.89804  0.000743849
-3.888  0.000730713
-3.87792  0.000732671
-3.86788  0.000746111
-3.85766  0.000738973
-3.84768  0.000732517
-3.83751  0.000744132
-3.82745  0.000744056
-3.81728  0.000732119
-3.80732  0.000740747
-3.79713  0.000742678
-3.78719  0.000730823
-3.77699  0.000749513
-3.76695  0.000743222
-3.75675  0.000734495
-3.74679  0.000750733
-3.73657  0.000735472
-3.72659  0.000743161
-3.71635  0.000750236
-3.70636  0.000739821
-3.69619  0.000739213
-3.68616  0.000751683
-3.67584  0.000756863
-3.66576  0.000739803
-3.6555  0.000760872
-3.64543  0.000741542
-3.63507  0.000765781
-3.62512  0.000714766
-3.61461  0.000836363
-3.604  0.000725582
-3.5939  0.000762948
-3.58382  0.000731857
-3.57367  0.000761395
-3.56361  0.000725391
-3.55357  0.000761482
-3.54345  0.000727888
-3.53339  0.000762403
-3.52338  0.000723211
-3.51325  0.000762351
-3.50311  0.000739137
-3.49304  0.000759413
-3.48293  0.000722918
-3.47291  0.000763348
-3.46287  0.000724744
-3.45278  0.000759148
-3.44273  0.000736187
-3.43267  0.000751865
-3.42254  0.00073462
-3.4125  0.0007618
-3.40187  0.00080944
-3.39119  0.000761275
-3.3811  0.000739514
-3.37102  0.000752597
-3.3609  0.000738138
-3.35081  0.000758363
-3.3407  0.00073511
-3.33052  0.000764404
-3.32044  0.000738344
-3.31035  0.000747663
-3.30025  0.000736835
-3.29024  0.000754214
-3.28018  0.000733652
-3.27004  0.000751767
-3.26002  0.00074263
-3.24984  0.000753596
-3.23974  0.00074107
-3.22967  0.000747935
-3.21962  0.000734014
-3.20947  0.000753563
-3.19951  0.000739574
-3.18935  0.000744798
-3.17924  0.00074519
-3.16912  0.000754067
-3.15905  0.000736506
-3.1488  0.000758647
-3.13886  0.000723677
-3.12872  0.000756486
-3.11867  0.000732652
-3.10856  0.000754441
-3.09848  0.000732569
-3.08826  0.000759132
-3.07829  0.000726692
-3.06816  0.000752655
-3.05807  0.000731792
-3.04801  0.00074616
-3.03805  0.000728149
-3.02783  0.000756331
-3.01781  0.000729502
-3.00768  0.000746674
-2.99764  0.000734095
-2.98745  0.00075851
-2.97739  0.000720074
-2.96729  0.000748106
-2.95728  0.0007356
-2.94712  0.000742162
-2.93701  0.000736538
-2.92687  0.000750475
-2.91681  0.000722983
-2.90668  0.00074904
-2.89664  0.000729523
-2.88652  0.000739108
-2.87644  0.000733468
-2.86636  0.000742627
-2.85631  0.000722621
-2.84619  0.000743686
-2.83612  0.000733735
-2.82602  0.000730237
-2.81599  0.000728012
-2.80594  0.000739312
-2.79584  0.000724489
-2.78577  0.000736253
-2.77539  0.000778755
-2.76492  0.000734897
-2.7548  0.000730321
-2.74474  0.000735392
-2.73464  0.000723852
-2.72451  0.000738227
-2.71448  0.000719397
-2.70441  0.000731159
-2.69429  0.000731005
-2.6842  0.000733891
-2.6741  0.000714587
-2.66401  0.000741133
-2.65397  0.000714164
-2.64387  0.000729159
-2.63381  0.000721948
-2.62373  0.000732815
-2.61365  0.000711228
-2.60351  0.000740124
-2.59347  0.000712049
-2.5833  0.000736615
-2.57322  0.00071424
-2.56316  0.000724795
-2.55314  0.000706543
-2.54297  0.000743956
-2.53295  0.000701107
-2.52278  0.000734766
-2.51275  0.000706704
-2.50265  0.000727775
-2.49261  0.000707368
-2.48243  0.000732594
-2.47249  0.000694469
-2.46229  0.000738043
-2.45228  0.00069833
-2.44216  0.000726168
-2.43216  0.000698235
-2.42198  0.00073505
-2.41203  0.000690489
-2.40185  0.000726166
-2.39188  0.000700117
-2.38168  0.000729289
-2.37164  0.000695162
-2.36144  0.000731212
-2.3515  0.000685396
-2.34125  0.000731588
-2.33131  0.000690539
-2.32115  0.000719702
-2.31114  0.000691708
-2.30096  0.000727345
-2.29105  0.000677738
-2.2809  0.000717894
-2.27098  0.000692196
-2.26076  0.000716705
-2.25077  0.000690603
-2.24057  0.000721367
-2.23057  0.000684468
-2.22035  0.000714313
-2.21045  0.000689116
-2.20026  0.000706526
-2.19022  0.00069639
-2.18005  0.000705366
-2.17013  0.000682286
-2.15937  0.000789947
-2.14891  0.000668692
-2.1388  0.000714861
-2.12867  0.000690983
-2.1185  0.000704907
-2.10815  0.000725767
-2.09721  0.000769018
-2.08664  0.00069012
-2.07655  0.000692996
-2.06648  0.000685497
-2.05642  0.000695585
-2.04631  0.000684505
-2.03625  0.000690927
-2.02617  0.000686295
-2.01611  0.000685042
-2.00606  0.000682769
-1.99603  0.00068587
-1.98597  0.000676977
-1.976  0.000680333
-1.96594  0.000683884
-1.95584  0.000686493
-1.94576  0.000675557
-1.93571  0.000687927
-1.92495  0.000759654
-1.91427  0.000685412
-1.90416  0.000679184
-1.8941  0.000674753
-1.88397  0.00068303
-1.87389  0.000679765
-1.86325  0.000742899
-1.85267  0.000674259
-1.84262  0.000677494
-1.83254  0.000668711
-1.82242  0.000680034
-1.81233  0.000671812
-1.80225  0.00067096
-1.79211  0.000677899
-1.782  0.000673124
-1.77194  0.000659733
-1.76186  0.000675021
-1.75177  0.000671375
-1.74169  0.000659604
-1.73106  0.000747636
-1.72047  0.000653604
-1.71043  0.00067125
-1.70027  0.000666549
-1.69019  0.000665548
-1.68009  0.000657091
-1.67009  0.000665483
-1.66003  0.000653572
-1.64997  0.000662964
-1.63985  0.000660728
-1.62982  0.000661208
-1.6197  0.000652971
-1.60966  0.000664542
-1.59953  0.000652269
-1.58944  0.000663262
-1.57933  0.000653817
-1.56932  0.000652367
-1.55916  0.000657498
-1.5491  0.00065643
-1.53901  0.000648071
-1.52895  0.000654194
-1.51884  0.000651643
-1.5088  0.00065006
-1.49836  0.00069022
-1.48792  0.000663509
-1.47774  0.000639322
-1.46771  0.00065483
-1.45763  0.00063916
-1.44755  0.000657478
-1.43744  0.000630896
-1.42747  0.000655053
-1.41728  0.000641439
-1.40724  0.000645485
-1.39717  0.000636756
-1.38711  0.000648683
-1.37699  0.00063453
-1.36699  0.000646397
-1.35681  0.00063965
-1.34674  0.000643914
-1.33667  0.000630082
-1.32655  0.000653869
-1.31636  0.00063142
-1.30636  0.000639567
-1.29621  0.000635865
-1.28613  0.000640007
-1.27601  0.000630613
-1.26593  0.000644191
-1.25535  0.000680807
-1.24485  0.000643062
-1.23473  0.000621912
-1.22471  0.000637897
-1.21456  0.000630624
-1.20397  0.000697582
-1.19338  0.000620995
-1.18334  0.000635515
-1.17328  0.000616451
-1.16324  0.000637683
-1.15306  0.000626697
-1.14297  0.000630424
-1.13286  0.000619422
-1.12275  0.000641114
-1.11258  0.000616528
-1.1025  0.000632267
-1.09239  0.000618319
-1.08231  0.000628623
-1.07213  0.000625053
-1.06199  0.000631942
-1.05191  0.000606358
-1.04182  0.000634581
-1.03174  0.000609857
-1.02175  0.000615089
-1.01167  0.000620274
-1.00162  0.000618681
-0.991546  0.000610143
-0.981022  0.000679151
-0.970506  0.000611027
-0.960433  0.000614996
-0.950322  0.000620854
-0.94025  0.000612404
-0.930107  0.000616997
-0.920043  0.000611829
-0.910008  0.000612489
-0.899892  0.000609546
-0.889814  0.000619661
-0.879764  0.000601893
-0.869678  0.000614619
-0.85959  0.000612192
-0.849485  0.000612343
-0.839313  0.000611158
-0.829248  0.000612612
-0.818638  0.000667089
-0.808087  0.000601317
-0.798025  0.000617301
-0.78796  0.000592742
-0.777888  0.000616987
-0.767823  0.000599226
-0.757764  0.000605572
-0.747747  0.000597162
-0.737695  0.000611438
-0.727604  0.00059651
-0.717539  0.00061071
-0.707459  0.000597358
-0.697378  0.000605314
-0.687342  0.000598284
-0.677255  0.000605565
-0.667143  0.000601533
-0.657031  0.000606031
-0.646914  0.0005997
-0.636828  0.000601175
-0.626751  0.000601492
-0.616661  0.000596483
-0.606601  0.000601299
-0.596521  0.000598133
-0.586461  0.000593927
-0.576441  0.000597984
-0.566348  0.00059912
-0.556258  0.00059456
-0.545775  0.000651794
-0.535209  0.000597651
-0.525073  0.000600119
-0.51454  0.000650808
-0.503968  0.000593843
-0.493866  0.000602176
-0.483752  0.000593449
-0.473725  0.000588371
-0.463628  0.000601891
-0.453538  0.000592997
-0.443416  0.000592656
-0.432866  0.000656047
-0.42222  0.00059528
-0.412144  0.000589807
-0.402045  0.000599154
-0.391995  0.000585227
-0.381868  0.000598149
-0.37188  0.000584922
-0.361853  0.000585671
-0.351811  0.000595361
-0.341705  0.000591704
-0.331672  0.000586262
-0.321522  0.0005969
-0.311456  0.000594678
-0.30132  0.00058361
-0.291325  0.00059061
-0.281197  0.000597313
-0.271071  0.000586416
-0.26095  0.000595519
-0.250828  0.000596755
-0.240641  0.000586066
-0.230575  0.000596289
-0.22047  0.000584742
-0.210378  0.000592731
-0.200234  0.000593343
-0.190099  0.000594659
-0.179928  0.000586777
-0.169883  0.000591753
-0.159823  0.000582221
-0.14977  0.000588149
-0.139697  0.000591387
-0.129564  0.000590243
-0.119445  0.000588003
-0.109374  0.000590942
-0.099273  0.000584975
-0.0891838  0.000591643
-0.0791478  0.000582022
-0.0690821  0.000587964
-0.0590483  0.000583781
-0.0489784  0.000591883
-0.0389067  0.000581886
-0.0284044  0.000641149
-0.0173905  0.000645218
-0.00680921  0.000584814
-0.000924231  0.000105814
0.000924231  0.000105814
0.00680921  0.000584814
0.0173905  0.000645218
0.0284044  0.000641149
0.0389067  0.000581886
0.0489784  0.000591883
0.0590483  0.000583781
0.0690821  0.000587964
0.0791478  0.000582022
0.0891838  0.000591643
0.099273  0.000584975
0.109374  0.000590942
0.119445  0.000588003
0.129564  0.000590243
0.139697  0.000591387
0.14977  0.000588149
0.159823  0.000582221
0.169883  0.000591753
0.179928  0.000586777
0.190099  0.000594659
0.200234  0.000593343
0.210378  0.000592731
0.22047  0.000584742
0.230575  0.000596289
0.240641  0.000586066
0.250828  0.000596755
0.26095  0.000595519
0.271071  0.000586416
0.281197  0.000597313
0.291325  0.00059061
0.30132  0.00058361
0.311456  0.000594678
0.321522  0.0005969
0.331672  0.000586262
0.341705  0.000591704
0.351811  0.000595361
0.361853  0.000585671
0.37188  0.000584922
0.381868  0.000598149
0.391995  0.000585227
0.402045  0.000599154
0.412144  0.000589807
0.42222  0.00059528
0.432866  0.000656047
0.443416  0.000592656
0.453538  0.000592997
0.463628  0.000601891
0.473725  0.000588371
0.483752  0.000593449
0.493866  0.000602176
0.503968  0.000593843
0.51454  0.000650808
0.525073  0.000600119
0.535209  0.000597651
0.545775  0.000651794
0.556258  0.00059456
0.566348  0.00059912
0.576441  0.000597984
0.586461  0.000593927
0.596521  0.000598133
0.606601  0.000601299
0.616661  0.000596483
0.626751  0.000601492
0.636828  0.000601175
0.646914  0.0005997
0.657031  0.000606031
0.667143  0.000601533
0.677255  0.000605565
0.687342  0.000598284
0.697378  0.000605314
0.707459  0.000597358
0.717539  0.00061071
0.727604  0.00059651
0.737695  0.000611438
0.747747  0.000597162
0.757764  0.000605572
0.767823  0.000599226
0.777888  0.000616987
0.78796  0.000592742
0.798025  0.000617301
0.808087  0.000601317
0.818638  0.000667089
0.829248  0.000612612
0.839313  0.000611158
0.849485  0.000612343
0.85959  0.000612192
0.869678  0.000614619
0.879764  0.000601893
0.889814  0.000619661
0.899892  0.000609546
0.910008  0.000612489
0.920043  0.000611829
0.930107  0.000616997
0.94025  0.000612404
0.950322  0.000620854
0.960433  0.000614996
0.970506  0.000611027
0.981022  0.000679151
0.991546  0.000610143
1.00162  0.000618681
1.01167  0.000620274
1.02175  0.000615089
1.03174  0.000609857
1.04182  0.000634581
1.05191  0.000606358
1.06199  0.000631942
1.07213  0.000625053
1.08231  0.000628623
1.09239  0.000618319
1.1025  0.000632267
1.11258  0.000616528
1.12275  0.000641114
1.13286  0.000619422
1.14297  0.000630424
1.15306  0.000626697
1.16324  0.000637683
1.17328  0.000616451
1.18334  0.000635515
1.19338  0.000620995
1.20397  0.000697582
1.21456  0.000630624
1.22471  0.000637897
1.23473  0.000621912
1.24485  0.000643062
1.25535  0.000680807
1.26593  0.000644191
1.27601  0.000630613
1.28613  0.000640007
1.29621  0.000635865
1.30636  0.000639567
1.31636  0.00063142
1.32655  0.000653869
1.33667  0.000630082
1.34674  0.000643914
1.35681  0.00063965
1.36699  0.000646397
1.37699  0.00063453
1.38711  0.000648683
1.39717  0.000636756
1.40724  0.000645485
1.41728  0.000641439
1.42747  0.000655053
1.43744  0.000630896
1.44755  0.000657478
1.45763  0.00063916
1.46771  0.00065483
1.47774  0.000639322
1.48792  0.000663509
1.49836  0.00069022
1.5088  0.00065006
1.51884  0.000651643
1.52895  0.000654194
1.53901  0.000648071
1.5491  0.00065643
1.55916  0.000657498
1.56932  0.000652367
1.57933  0.000653817
1.58944  0.000663262
1.59953  0.000652269
1.60966  0.000664542
1.6197  0.000652971
1.62982  0.000661208
1.63985  0.000660728
1.64997  0.000662964
1.66003  0.000653572
1.67009  0.000665483
1.68009  0.000657091
1.69019  0.000665548
1.70027  0.000666549
1.71043  0.00067125
1.72047  0.000653604
1.73106  0.000747636
1.74169  0.000659604
1.75177  0.000671375
1.76186  0.000675021
1.77194  0.000659733
1.782  0.000673124
1.79211  0.000677899
1.80225  0.00067096
1.81233  0.000671812
1.82242  0.000680034
1.83254  0.000668711
1.84262  0.000677494
1.85267  0.000674259
1.86325  0.000742899
1.87389  0.000679765
1.88397  0.00068303
1.8941  0.000674753
1.90416  0.000679184
1.91427  0.000685412
1.92495  0.000759654
1.93571  0.000687927
1.94576  0.000675557
1.95584  0.000686493
1.96594  0.000683884
1.976  0.000680333
1.98597  0.000676977
1.99603  0.00068587
2.00606  0.000682769
2.01611  0.000685042
2.02617  0.000686295
2.03625  0.000690927
2.04631  0.000684505
2.05642  0.000695585
2.06648  0.000685497
2.07655  0.000692996
2.08664  0.00069012
2.09721  0.000769018
2.10815  0.000725767
2.1185  0.000704907
2.12867  0.000690983
2.1388  0.000714861
2.14891  0.000668692
2.15937  0.000789947
2.17013  0.000682286
2.18005  0.000705366
2.19022  0.00069639
2.20026  0.000706526
2.21045  0.000689116
2.22035  0.000714313
2.23057  0.000684468
2.24057  0.000721367
2.25077  0.000690603
2.26076  0.000716705
2.27098  0.000692196
2.2809  0.000717894
2.29105  0.000677738
2.30096  0.000727345
2.31114  0.000691708
2.32115  0.000719702
2.33131  0.000690539
2.34125  0.000731588
2.3515  0.000685396
2.36144  0.000731212
2.37164  0.000695162
2.38168  0.000729289
2.39188  0.000700117
2.40185  0.000726166
2.41203  0.000690489
2.42198  0.00073505
2.43216  0.000698235
2.44216  0.000726168
2.45228  0.00069833
2.46229  0.000738043
2.47249  0.000694469
2.48243  0.000732594
2.49261  0.000707368
2.50265  0.000727775
2.51275  0.000706704
2.52278  0.000734766
2.53295  0.000701107
2.54297  0.000743956
2.55314  0.000706543
2.56316  0.000724795
2.57322  0.00071424
2.5833  0.000736615
2.59347  0.000712049
2.60351  0.000740124
2.61365  0.000711228
2.62373  0.000732815
2.63381  0.000721948
2.64387  0.000729159
2.65397  0.000714164
2.66401  0.000741133
2.6741  0.000714587
2.6842  0.000733891
2.69429  0.000731005
2.70441  0.000731159
2.71448  0.000719397
2.72451  0.000738227
2.73464  0.000723852
2.74474  0.000735392
2.7548  0.000730321
2.76492  0.000734897
2.77539  0.000778755
2.78577  0.000736253
2.79584  0.000724489
2.80594  0.000739312
2.81599  0.000728012
2.82602  0.000730237
2.83612  0.000733735
2.84619  0.000743686
2.85631  0.000722621
2.86636  0.000742627
2.87644  0.000733468
2.88652  0.000739108
2.89664  0.000729523
2.90668  0.00074904
2.91681  0.000722983
2.92687  0.000750475
2.93701  0.000736538
2.94712  0.000742162
2.95728  0.0007356
2.96729  0.000748106
2.97739  0.000720074
2.98745  0.00075851
2.99764  0.000734095
3.00768  0.000746674
3.01781  0.000729502
3.02783  0.000756331
3.03805  0.000728149
3.04801  0.00074616
3.05807  0.000731792
3.06816  0.000752655
3.07829  0.000726692
3.08826  0.000759132
3.09848  0.000732569
3.10856  0.000754441
3.11867  0.000732652
3.12872  0.000756486
3.13886  0.000723677
3.1488  0.000758647
3.15905  0.000736506
3.16912  0.000754067
3.17924  0.00074519
3.18935  0.000744798
3.19951  0.000739574
3.20947  0.000753563
3.21962  0.000734014
3.22967  0.000747935
3.23974  0.00074107
3.24984  0.000753596
3.26002  0.00074263
3.27004  0.000751767
3.28018  0.000733652
3.29024  0.000754214
3.30025  0.000736835
3.31035  0.000747663
3.32044  0.000738344
3.33052  0.000764404
3.3407  0.00073511
3.35081  0.000758363
3.3609  0.000738138
3.37102  0.000752597
3.3811  0.000739514
3.39119  0.000761275
3.40187  0.00080944
3.4125  0.0007618
3.42254  0.00073462
3.43267  0.000751865
3.44273  0.000736187
3.45278  0.000759148
3.46287  0.000724744
3.47291  0.000763348
3.48293  0.000722918
3.49304  0.000759413
3.50311  0.000739137
3.51325  0.000762351
3.52338  0.000723211
3.53339  0.000762403
3.54345  0.000727888
3.55357  0.000761482
3.56361  0.000725391
3.57367  0.000761395
3.58382  0.000731857
3.5939  0.000762948
3.604  0.000725582
3.61461  0.000836363
3.62512  0.000714766
3.63507  0.000765781
3.64543  0.000741542
3.6555  0.000760872
3.66576  0.000739803
3.67584  0.000756863
3.68616  0.000751683
3.69619  0.000739213
3.70636  0.000739821
3.71635  0.000750236
3.72659  0.000743161
3.73657  0.000735472
3.74679  0.000750733
3.75675  0.000734495
3.76695  0.000743222
3.77699  0.000749513
3.78719  0.000730823
3.79713  0.000742678
3.80732  0.000740747
3.81728  0.000732119
3.82745  0.000744056
3.83751  0.000744132
3.84768  0.000732517
3.85766  0.000738973
3.86788  0.000746111
3.87792  0.000732671
3.888  0.000730713
3.89804  0.000743849
3.90817  0.000728
3.91819  0.00073799
3.92828  0.000733383
3.93831  0.000730674
3.94837  0.000726517
3.95842  0.000744558
3.96849  0.00071978
3.97855  0.000739127
3.98909  0.000799758
3.99966  0.000729765
4.00968  0.000724502
4.01979  0.000745248
4.02987  0.000712398
4.03996  0.000744405
4.05006  0.000728185
4.06018  0.000729232
4.07056  0.000768038
4.08102  0.000752032
4.0912  0.00070769
4.10124  0.000740708
4.11134  0.000721118
4.12147  0.000731555
4.13149  0.000708462
4.14148  0.000740753
4.15161  0.000697771
4.16157  0.000739584
4.17166  0.000711988
4.18175  0.000729276
4.19182  0.000703999
4.20182  0.000744997
4.21204  0.000701251
4.22205  0.000732096
4.23212  0.000703444
4.24212  0.000727181
4.25228  0.000709835
4.26233  0.000736374
4.27305  0.000761985
4.28332  0.000718027
4.29347  0.000714054
4.3035  0.000713907
4.31371  0.000716692
4.32368  0.000712714
4.33382  0.000700497
4.34429  0.000792931
4.35501  0.000708752
4.36499  0.000703885
4.37512  0.000710515
4.38512  0.000716454
4.39539  0.000698706
4.40533  0.000715628
4.41552  0.000700861
4.42549  0.000699794
4.43559  0.000702216
4.44556  0.000707399
4.45577  0.000695437
4.46569  0.000702755
4.47583  0.000698759
4.48589  0.000701656
4.49609  0.000705741
4.50608  0.000699624
4.51625  0.000687055
4.52629  0.000712531
4.53647  0.000692308
4.54645  0.000683535
4.55652  0.000697667
4.56653  0.000695928
4.57672  0.000680366
4.58665  0.000700787
4.59683  0.000689863
4.60692  0.00068775
4.61698  0.000683156
4.6269  0.000687543
4.63707  0.000677139
4.64703  0.000692944
4.65717  0.000678402
4.66718  0.000682691
4.67732  0.000686111
4.68733  0.000686773
4.69753  0.000663466
4.70753  0.00070694
4.71772  0.000660578
4.72765  0.00067656
4.73777  0.000675024
4.74773  0.000679101
4.75786  0.000655939
4.76777  0.000690439
4.77794  0.000654956
4.78796  0.000687424
4.79819  0.000666634
4.80812  0.000672103
4.8183  0.000652552
4.8283  0.00069154
4.83845  0.000642811
4.84839  0.00067576
4.85854  0.000652376
4.86848  0.000670764
4.87865  0.000645072
4.88856  0.000678926
4.8987  0.000631338
4.9087  0.000685199
4.91894  0.000644849
4.92896  0.000668534
4.93974  0.000717051
4.95016  0.000662103
4.96042  0.000643963
4.97028  0.000651448
4.98049  0.00065036
4.99044  0.000648193
5.00058  0.000642952
5.01054  0.000656383
5.02072  0.000623294
5.03051  0.000649887
5.04076  0.000648298
5.05077  0.000642382
5.06099  0.000640158
5.07095  0.000645295
5.08122  0.000636035
5.09119  0.000645619
5.1015  0.000641848
5.11151  0.000630776
5.1217  0.000634166
5.13162  0.000636424
5.14191  0.00063237
5.15187  0.000624607
5.16202  0.000633977
5.17202  0.000625874
5.18221  0.000620804
5.19207  0.000625928
5.20228  0.000617357
5.21224  0.000625518
5.22238  0.000618702
5.23239  0.000620774
5.24258  0.000615542
5.25252  0.000625229
5.2627  0.000603365
5.27273  0.000625048
5.28294  0.000613288
5.29293  0.00061689
5.30319  0.000607584
5.31316  0.000616216
5.32321  0.000583498
5.3333  0.000638836
5.34419  0.000672737
5.35526  0.000655076
5.36601  0.000620659
5.37611  0.000601037
5.38633  0.000599649
5.39622  0.000586812
5.4064  0.000612655
5.41644  0.000576881
5.42649  0.000604326
5.43651  0.000588766
5.44675  0.000591102
5.45667  0.000585997
5.46679  0.000598492
5.4768  0.000561651
5.48684  0.00060201
5.49689  0.000580782
5.5071  0.000578381
5.51693  0.000577052
5.52711  0.000585914
5.53715  0.000566093
5.54728  0.000594423
5.5573  0.00056501
5.56749  0.000575786
5.57738  0.000568611
5.58766  0.00058907
5.59771  0.00055159
5.60776  0.000576579
5.61779  0.000569048
5.62808  0.000566019
5.63792  0.000558124
5.64812  0.000572121
5.65817  0.000547774
5.66833  0.000580637
5.67836  0.000549163
5.68856  0.000555567
5.69842  0.000552955
5.70866  0.000562518
5.71868  0.000543978
5.72882  0.000561754
5.73889  0.000548348
5.74906  0.000540391
5.75899  0.00055422
5.76922  0.000548878
5.77925  0.000532408
5.78937  0.000555145
5.79943  0.000536959
5.80961  0.000536962
5.81955  0.000539044
5.82967  0.000531365
5.83965  0.000529894
5.84978  0.000543135
5.85992  0.000528955
5.86998  0.000525813
5.87999  0.000530946
5.89013  0.000526691
5.9001  0.000517282
5.91061  0.000573528
5.92116  0.000528018
5.93124  0.000506358
5.94128  0.000534211
5.95143  0.00050804
5.96138  0.000512127
5.97148  0.000524994
5.98162  0.000508106
5.99166  0.000504678
6.0017  0.000521865
6.01186  0.000501217
6.02184  0.000505655
6.03199  0.000511173
6.04243  0.000542522
6.0529  0.000494113
6.06298  0.000517437
6.07323  0.000490459
6.08315  0.000497993
6.09368  0.000539876
6.1042  0.000497911
6.11444  0.000490078
6.12436  0.000501743
6.13465  0.000482115
6.14457  0.000491603
6.15471  0.000486526
6.16476  0.000490557
6.175  0.000481062
6.18489  0.000483356
6.19512  0.00047585
6.20502  0.000483725
6.21519  0.000473893
6.22508  0.000471331
6.23531  0.000471777
6.24526  0.000485845
6.25549  0.000460521
6.26541  0.000471531
6.27559  0.00047194
6.28558  0.000460581
6.2958  0.000468075
6.30573  0.00046872
6.31589  0.0004469
6.32584  0.000472616
6.33608  0.000457455
6.34597  0.000445868
6.3561  0.000460828
6.36617  0.000463373
6.37632  0.000438434
6.38625  0.000454922
6.39716  0.000517761
6.4078  0.000427686
6.41786  0.000466572
6.42796  0.000433466
6.43816  0.000447394
6.44805  0.00043009
6.45811  0.000454534
6.46827  0.000419626
6.47825  0.000451518
6.48831  0.000422156
6.49846  0.000445966
6.5085  0.000421254
6.5186  0.000445331
6.5293  0.000458402
6.53978  0.000441228
6.54994  0.0004152
6.56005  0.000431035
6.57013  0.000420017
6.58021  0.000430041
6.59047  0.000411765
6.60042  0.000431497
6.61063  0.000405041
6.6207  0.000423821
6.63083  0.000412947
6.64087  0.00041199
6.65101  0.00040489
6.66098  0.000418677
6.67116  0.000397833
6.68114  0.000407368
6.69125  0.000406551
6.70126  0.000400044
6.71139  0.000399442
6.72149  0.000413423
6.73173  0.000390169
6.74175  0.000397084
6.75171  0.000395063
6.76175  0.000391654
6.77196  0.00039435
6.78203  0.000398505
6.79207  0.00037713
6.80247  0.000422079
6.81308  0.000393509
6.82328  0.000387796
6.83342  0.000381329
6.84343  0.000383838
6.85353  0.000374754
6.86358  0.000375779
6.87362  0.000385966
6.88371  0.000368686
6.89383  0.000372809
6.9043  0.000412628
6.91483  0.000357904
6.92484  0.00037505
6.93493  0.000368347
6.94514  0.000373764
6.95521  0.000352283
6.96518  0.000374318
6.97534  0.000348185
6.98539  0.000370958
6.99596  0.000389843
7.00649  0.000357083
7.01665  0.000345617
7.02642  0.000361066
7.03667  0.000347539
7.04682  0.000361485
7.05698  0.000347515
7.06704  0.000343943
7.07717  0.00035107
7.0871  0.00034441
7.09741  0.000341404
7.10798  0.000385643
7.11866  0.000338835
7.12869  0.000337718
7.1389  0.000339559
7.1489  0.00033825
7.15907  0.000330168
7.169  0.000333503
7.1792  0.000336167
7.1893  0.000322146
7.19932  0.000331954
7.20927  0.000327734
7.21957  0.000325799
7.22955  0.000324016
7.23968  0.000325575
7.24974  0.000314238
7.25978  0.000328435
7.26997  0.000318152
7.28019  0.000318381
7.29009  0.00031098
7.30023  0.000320957
7.3103  0.000304285
7.32034  0.000316711
7.33046  0.00031303
7.34067  0.000307027
7.3507  0.000308002
7.3609  0.000312678
7.37101  0.000296607
7.38097  0.000309621
7.39166  0.000330475
7.40237  0.000300198
7.41223  0.000293631
7.42238  0.000305548
7.43262  0.000295163
7.44265  0.000293545
7.45274  0.000295191
7.46284  0.000291488
7.47284  0.000287598
7.48303  0.000297776
7.4932  0.000280539
7.50315  0.000291469
7.5132  0.000283953
7.52347  0.000284431
7.53345  0.000282383
7.5436  0.000285875
7.55364  0.000272644
7.56365  0.0002817
7.57384  0.000278571
7.58401  0.000276735
7.59385  0.000271765
7.60413  0.000277546
7.61416  0.000265931
7.62426  0.000278974
7.6343  0.000265209
7.64449  0.000268603
7.6544  0.000267236
7.66473  0.000270989
7.67465  0.0002547
7.68473  0.00027283
7.69486  0.000255758
7.70551  0.000289934
7.7158  0.000254173
7.72616  0.000263965
7.73613  0.000248877
7.74613  0.000263626
7.75625  0.000247924
7.76649  0.000258913
7.77633  0.000246946
7.78666  0.000256611
7.7966  0.000243107
7.80671  0.000256977
7.8168  0.000234524
7.82691  0.000252427
7.83673  0.0002435
7.84716  0.000247921
7.85708  0.000233678
7.86708  0.000246656
7.8773  0.00023767
7.88754  0.000244728
7.89741  0.000233481
7.90773  0.00023873
7.91763  0.000227301
7.92767  0.000243473
7.93788  0.000225902
7.948  0.000234347
7.95789  0.000231674
7.96815  0.000224654
7.97812  0.000227959
7.98826  0.00023371
7.99843  0.000216317
8.00843  0.000228798
8.01878  0.000235737
8.0294  0.000223663
8.03942  0.000219815
8.04949  0.00022284
8.05974  0.000216676
8.06986  0.000218334
8.07987  0.000215761
8.08994  0.00021331
8.10007  0.000212499
8.11011  0.000215214
8.12025  0.000205632
8.13029  0.0002175
8.14105  0.000230028
8.15188  0.000211921
8.16205  0.000206862
8.17203  0.000206753
8.18224  0.000200746
8.19222  0.000204027
8.2024  0.000205135
8.21257  0.000201508
8.22257  0.000193692
8.23252  0.000203346
8.24288  0.000195996
8.25293  0.000198806
8.26295  0.000196612
8.27319  0.000190903
8.28327  0.000195279
8.29327  0.00019334
8.30354  0.000187801
8.31345  0.000191876
8.32354  0.000188374
8.33378  0.000188183
8.34378  0.000185718
8.35382  0.000185236
8.364  0.000182018
8.37399  0.000185736
8.38402  0.000179326
8.3941  0.000180503
8.40422  0.000181962
8.41429  0.000183955
8.42457  0.000173536
8.43509  0.000198302
8.44561  0.00017197
8.45576  0.000177444
8.46597  0.000178701
8.47593  0.000165528
8.4865  0.000188148
8.49698  0.000175581
8.50721  0.000167277
8.51722  0.00016931
8.52737  0.000166934
8.53727  0.000165716
8.54743  0.000162419
8.55743  0.000171717
8.56768  0.000159858
8.57776  0.000165493
8.58793  0.000162836
8.59795  0.000161211
8.60815  0.000155203
8.618  0.00016469
8.62842  0.000153553
8.63868  0.0001741
8.64926  0.000153757
8.65942  0.000156593
8.66945  0.000149853
8.67928  0.000156913
8.68974  0.000151543
8.70011  0.000164625
8.71136  0.000169564
8.72195  0.000147878
8.73228  0.000153055
8.74235  0.000146462
8.75265  0.000148585
8.76308  0.000160392
8.77374  0.000144223
8.78393  0.000144108
8.79415  0.000147489
8.80408  0.000136753
8.8142  0.000141949
8.82421  0.000141209
8.83437  0.000137082
8.84442  0.000140797
8.85453  0.000138628
8.86455  0.000134078
8.87474  0.00013705
8.88486  0.00013618
8.89493  0.000133011
8.90505  0.000134887
8.91512  0.000133278
8.92521  0.000128764
8.93546  0.00013256
8.94591  0.000143864
8.95641  0.000125545
8.96666  0.000133561
8.97682  0.000124711
8.98673  0.000123671
8.9969  0.00012995
9.00707  0.000125525
9.01715  0.000120585
9.02727  0.000126232
9.03735  0.000121515
9.04732  0.000120726
9.05752  0.000121531
9.06759  0.00012148
9.0776  0.000116646
9.08778  0.000121606
9.09798  0.000117418
9.10802  0.000117751
9.1181  0.000116196
9.12811  0.000113893
9.13805  0.000113682
9.14843  0.000117158
9.15856  0.000112584
9.1684  0.00011189
9.17872  0.000112721
9.18878  0.000110733
9.19872  0.00010861
9.20896  0.000110426
9.21894  0.000109279
9.22939  0.000114066
9.24023  0.000114592
9.25055  0.000105961
9.26042  0.000102811
9.27057  0.00010666
9.28073  0.000107451
9.29078  9.92556e-05
9.30089  0.000105796
9.3111  0.000101349
9.32146  0.000109836
9.33235  0.000103825
9.34225  9.89347e-05
9.35231  9.65544e-05
9.36252  0.000104102
9.3734  0.00010929
9.38393  9.31351e-05
9.39399  0.000100237
9.40399  9.38565e-05
9.41423  9.46611e-05
9.42468  0.000105646
9.4354  9.33055e-05
9.44587  9.90828e-05
9.45633  9.52712e-05
9.4665  9.22636e-05
9.47728  9.9064e-05
9.4878  9.15418e-05
9.4979  9.23028e-05
9.50817  8.55511e-05
9.51871  0.000103234
9.52947  8.49634e-05
9.53979  9.0478e-05
9.54969  8.58183e-05
9.55993  8.70521e-05
9.57024  8.52759e-05
9.58011  8.65107e-05
9.59021  8.09631e-05
9.60028  8.47211e-05
9.61047  8.43817e-05
9.62072  8.35454e-05
9.63074  7.94643e-05
9.64071  8.20984e-05
9.65083  8.05021e-05
9.66098  7.90732e-05
9.67148  8.94875e-05
9.6821  7.48596e-05
9.69222  8.15813e-05
9.70236  7.7497e-05
9.71247  7.65523e-05
9.72265  7.76669e-05
9.73267  7.63908e-05
9.74283  7.41869e-05
9.75298  7.72836e-05
9.76325  7.35077e-05
9.77314  7.43927e-05
9.78331  7.26112e-05
9.79339  7.34881e-05
9.80368  7.04206e-05
9.81367  7.29182e-05
9.82371  7.08934e-05
9.83377  7.08182e-05
9.84422  7.06827e-05
9.85411  6.95041e-05
9.86437  6.96861e-05
9.8744  6.82534e-05
9.8845  6.67661e-05
9.89451  6.64852e-05
9.90453  6.92274e-05
9.91462  6.49146e-05
9.92486  6.66193e-05
9.9349  6.50895e-05
9.94556  7.23897e-05
9.95605  6.22867e-05
9.96607  6.72236e-05
9.97686  6.65201e-05
9.98733  6.40614e-05
9.99737  6.10209e-05
10.0073  6.23128e-05
10.0183  6.97478e-05
10.0289  6.14052e-05
10.0392  6.04743e-05
10.0491  5.91285e-05
10.0593  6.12133e-05
10.0695  5.8485e-05
10.0801  6.47555e-05
10.0905  5.64138e-05
10.1007  5.89573e-05
10.1109  5.64651e-05
10.1211  5.9252e-05
10.1311  5.5198e-05
10.1414  5.61028e-05
10.1517  5.94269e-05
10.1625  5.64022e-05
10.1727  5.53179e-05
10.1828  5.34505e-05
10.1928  5.20477e-05
10.203  5.66442e-05
10.2131  5.0598e-05
10.2232  5.34789e-05
10.2334  5.17502e-05
10.2436  5.23925e-05
10.2537  5.09658e-05
10.2638  5.17079e-05
10.2738  4.75265e-05
10.2839  5.25831e-05
10.2943  4.97147e-05
10.3043  4.88766e-05
10.3144  4.81398e-05
10.3245  4.9791e-05
10.3346  4.63893e-05
10.3448  4.95287e-05
10.3551  4.54123e-05
10.3656  5.23489e-05
10.3763  4.71e-05
10.3864  4.63158e-05
10.3971  4.96551e-05
10.4077  4.58723e-05
10.418  4.47309e-05
10.428  4.44197e-05
10.4382  4.46318e-05
10.4486  4.58066e-05
10.4586  4.1241e-05
10.4685  4.20447e-05
10.4787  4.47573e-05
10.4889  4.12046e-05
10.499  4.29813e-05
10.5093  4.25769e-05
10.5194  3.89994e-05
10.5294  4.22539e-05
10.5398  4.24998e-05
10.5499  3.86385e-05
10.5597  3.91629e-05
10.5701  4.16255e-05
10.5802  3.85356e-05
10.5903  3.93584e-05
10.6005  3.93717e-05
10.6107  3.66471e-05
10.6207  3.80809e-05
10.6311  4.02957e-05
10.6412  3.53196e-05
10.6511  3.7381e-05
10.6614  3.75415e-05
10.6717  3.61976e-05
10.6815  3.5423e-05
10.6918  3.70763e-05
10.7019  3.41346e-05
10.7121  3.60804e-05
10.7229  3.92647e-05
10.7334  3.25503e-05
10.7436  3.52382e-05
10.7536  3.51074e-05
10.7639  3.21241e-05
10.774  3.32596e-05
10.7844  3.67313e-05
10.7952  3.13942e-05
10.8052  3.41243e-05
10.8153  3.15667e-05
10.8256  3.17883e-05
10.8354  3.10372e-05
10.8455  3.13989e-05
10.8557  2.98318e-05
10.8657  3.17563e-05
10.8758  3.07989e-05
10.8861  3.00523e-05
10.8961  2.96562e-05
10.9068  3.35181e-05
10.9177  2.9423e-05
10.9276  2.93724e-05
10.9379  2.90427e-05
10.9482  2.79775e-05
10.9585  3.21455e-05
10.9694  2.7676e-05
10.9797  2.74541e-05
10.9896  2.85759e-05
10.9997  2.63533e-05
11.01  2.76535e-05
11.0198  2.55837e-05
11.03  2.8106e-05
11.0406  2.77216e-05
11.0509  2.61806e-05
11.0608  2.4639e-05
11.0713  2.66383e-05
11.0812  2.5572e-05
11.0914  2.56458e-05
11.1018  2.47936e-05
11.1118  2.55876e-05
11.1226  2.59971e-05
11.1332  2.46926e-05
11.1433  2.41767e-05
11.1535  2.3305e-05
11.1634  2.42752e-05
11.1735  2.24259e-05
11.1837  2.36886e-05
11.194  2.30358e-05
11.2041  2.33313e-05
11.2143  2.21786e-05
11.2244  2.29472e-05
11.2346  2.15078e-05
11.2447  2.24726e-05
11.2548  2.14358e-05
11.2647  2.15846e-05
11.2753  2.14507e-05
11.2853  2.09632e-05
11.2952  2.01828e-05
11.3053  2.24313e-05
11.3158  1.96979e-05
11.3259  2.06935e-05
11.336  2.02258e-05
11.3461  2.01924e-05
11.3564  1.9704e-05
11.3664  1.9445e-05
11.3767  2.03535e-05
11.387  1.90891e-05
11.3976  2.08911e-05
11.4086  1.9357e-05
11.4187  1.84308e-05
11.4289  1.89747e-05
11.4389  1.82293e-05
11.4498  1.97019e-05
11.4603  1.84388e-05
11.4705  1.75162e-05
11.4807  1.74209e-05
11.491  1.78453e-05
11.5011  1.75058e-05
11.5115  1.71655e-05
11.5217  1.68445e-05
11.5317  1.66553e-05
11.5419  1.70086e-05
11.5523  1.68932e-05
11.5624  1.62116e-05
11.5727  1.54025e-05
11.5827  1.68108e-05
11.593  1.56509e-05
11.6031  1.58072e-05
11.6135  1.58779e-05
11.6237  1.52726e-05
11.6339  1.56465e-05
11.6443  1.51313e-05
11.655  1.64727e-05
11.6653  1.39848e-05
11.6756  1.52618e-05
11.6858  1.45401e-05
11.696  1.37567e-05
11.7064  1.49811e-05
11.7164  1.47759e-05
11.7267  1.22834e-05
11.7369  1.56716e-05
11.7473  1.29418e-05
11.7572  1.32849e-05
11.7675  1.42053e-05
11.7777  1.25486e-05
11.7878  1.22902e-05
11.7978  1.36781e-05
11.8083  1.35415e-05
11.8181  1.12024e-05
11.8285  1.3702e-05
11.8388  1.26481e-05
11.8493  1.20614e-05
11.8592  1.24147e-05
11.8696  1.23325e-05
11.8799  1.10972e-05
11.8899  1.31832e-05
11.9003  1.09869e-05
11.9104  1.17809e-05
11.9206  1.17458e-05
11.9311  1.18279e-05
11.9412  1.04014e-05
11.9511  1.15277e-05
11.9617  1.10709e-05
11.9718  1.01984e-05
11.9822  1.21885e-05
11.9928  1.04289e-05
12.0032  1.0795e-05
12.0134  1.12924e-05
12.0238  1.0192e-05
12.0341  9.68248e-06
12.0441  1.07135e-05
12.0545  9.56185e-06
12.0648  9.97564e-06
12.0746  9.84246e-06
12.0851  1.02066e-05
12.0956  9.67983e-06
12.1059  9.60624e-06
12.1158  9.01775e-06
12.1264  1.0104e-05
12.1364  9.17786e-06
12.1467  8.4458e-06
12.1571  9.06119e-06
12.1671  9.29729e-06
12.1772  8.24947e-06
12.1877  9.31288e-06
12.1978  8.66122e-06
12.2083  9.20386e-06
12.2184  8.12617e-06
12.2286  8.40741e-06
12.2391  8.22498e-06
12.2495  8.48471e-06
12.2601  9.17429e-06
12.2708  7.56892e-06
12.2815  8.24122e-06
12.2915  8.72879e-06
12.3021  7.30467e-06
12.3128  8.42748e-06
12.3231  7.18223e-06
12.3333  7.93412e-06
12.3438  7.73979e-06
12.354  7.24216e-06
12.3642  7.06453e-06
12.3745  7.10548e-06
12.3846  7.06192e-06
12.3945  7.11348e-06
12.4052  7.45273e-06
12.4158  6.89687e-06
12.4257  6.48593e-06
12.4363  7.36786e-06
12.4469  6.57149e-06
12.4573  6.43393e-06
12.4673  6.74381e-06
12.4781  6.52294e-06
12.4881  6.64884e-06
12.4984  6.15947e-06
12.5091  6.52297e-06
12.5193  6.48878e-06
12.5296  5.69875e-06
12.5403  6.48519e-06
12.5505  5.77789e-06
12.5606  5.70377e-06
12.5708  6.30054e-06
12.5811  5.58263e-06
12.5911  5.62044e-06
12.6019  5.79353e-06
12.6121  5.3671e-06
12.622  5.4864e-06
12.6323  5.76855e-06
12.6424  5.13745e-06
12.6528  5.13059e-06
12.6632  5.37292e-06
12.6733  5.51622e-06
12.6843  5.42277e-06
12.695  5.53605e-06
12.7055  4.98487e-06
12.7159  4.88846e-06
12.7259  5.11716e-06
12.7363  4.88903e-06
12.7468  4.38543e-06
12.7571  5.17563e-06
12.7674  4.90034e-06
12.778  4.01401e-06
12.7883  5.14531e-06
12.7983  4.39892e-06
12.8086  4.60375e-06
12.8187  4.22964e-06
12.829  4.18791e-06
12.8397  4.59962e-06
12.85  4.51896e-06
12.8605  4.01149e-06
12.8705  4.33917e-06
12.8812  4.05281e-06
12.8915  4.55811e-06
12.902  3.99081e-06
12.9123  3.92689e-06
12.9226  3.94142e-06
12.9329  3.82633e-06
12.9437  4.47363e-06
12.9542  3.37895e-06
12.9642  3.45168e-06
12.9744  4.08422e-06
12.9845  3.52061e-06
12.9946  3.91898e-06
13.0055  3.54208e-06
13.0159  3.50538e-06
13.0263  3.65934e-06
13.0371  3.41244e-06
13.0468  3.29412e-06
13.0571  3.30453e-06
13.068  4.00363e-06
13.0789  3.25928e-06
13.0891  3.21092e-06
13.0995  3.31126e-06
13.1105  3.00742e-06
13.1207  3.51766e-06
13.1313  3.06606e-06
13.142  3.22015e-06
13.1522  2.82705e-06
13.1624  3.07776e-06
13.1732  3.1492e-06
13.1835  3.06915e-06
13.1942  2.94975e-06
13.2046  3.01291e-06
13.216  2.7479e-06
13.2256  2.81448e-06
13.2363  2.52014e-06
13.2469  2.95563e-06
13.2578  2.73574e-06
13.2677  2.75281e-06
13.278  2.69404e-06
13.2891  2.48219e-06
13.2996  2.91567e-06
13.3099  2.44011e-06
13.3204  2.1544e-06
13.3304  2.28984e-06
13.3407  2.85184e-06
13.3514  2.39242e-06
13.3619  2.42908e-06
13.3727  2.41347e-06
13.3831  2.43529e-06
13.3939  2.48962e-06
13.4043  2.13696e-06
13.4156  2.23869e-06
13.4255  2.15394e-06
13.4363  2.31904e-06
13.4467  2.24733e-06
13.4568  2.00356e-06
13.4678  2.13371e-06
13.4784  2.33318e-06
13.4891  1.80831e-06
13.4991  2.08737e-06
13.5103  2.06052e-06
13.5208  1.95231e-06
13.5312  1.98731e-06
13.5417  2.01205e-06
13.5527  2.05241e-06
13.5623  1.56943e-06
13.5731  1.93154e-06
13.5837  1.94971e-06
13.5945  1.69985e-06
13.6037  1.78053e-06
13.6147  1.74282e-06
13.6249  1.66959e-06
13.6348  1.56075e-06
13.6461  1.74117e-06
13.6571  1.87121e-06
13.6675  1.71371e-06
13.6777  1.75708e-06
13.6895  1.56587e-06
13.6991  1.48662e-06
13.7099  1.47196e-06
13.7204  1.74803e-06
13.7308  1.46829e-06
13.7412  1.37784e-06
13.7523  1.80703e-06
13.7635  1.43672e-06
13.7736  1.47524e-06
13.7839  1.20268e-06
13.7949  1.48668e-06
13.8049  1.46863e-06
13.8155  1.46416e-06
13.827  1.29891e-06
13.8383  1.53415e-06
13.8489  1.34433e-06
13.8583  1.25985e-06
13.87  1.12334e-06
13.8795  1.26696e-06
13.8904  1.33949e-06
13.9011  1.30357e-06
13.912  1.1434e-06
13.9231  1.08491e-06
13.9334  1.32156e-06
13.9438  1.26887e-06
13.9547  1.2995e-06
13.9657  8.62243e-07
13.976  1.09581e-06
13.9865  1.29052e-06
13.9967  1.08398e-06
14.0071  1.05391e-06
14.0184  1.08632e-06
14.0293  1.13329e-06
14.0401  8.922e-07
14.0503  1.22855e-06
14.0609  8.22142e-07
14.0716  1.12314e-06
14.083  1.11085e-06
14.0939  8.82814e-07
14.1039  8.99052e-07
14.1149  9.0767e-07
14.1252  9.61909e-07
14.1357  9.41051e-07
14.147  8.65726e-07
14.1582  9.72421e-07
14.1687  1.06611e-06
14.1796  7.62495e-07
14.1908  8.25448e-07
14.2017  8.60042e-07
14.2122  8.38412e-07
14.2236  8.34894e-07
14.2341  9.49791e-07
14.2459  6.01056e-07
14.255  8.1116e-07
14.2646  7.57483e-07
14.275  8.16492e-07
14.2858  5.91436e-07
14.2962  8.02874e-07
14.3071  6.87965e-07
14.3181  8.10912e-07
14.3282  5.78325e-07
14.3384  6.54017e-07
14.3489  8.64554e-07
14.3598  6.28361e-07
14.3704  5.47201e-07
14.3809  8.35945e-07
14.3913  6.52193e-07
14.4023  6.16729e-07
14.4129  5.50872e-07
14.4238  5.73634e-07
14.4342  5.67434e-07
14.4436  6.26048e-07
14.4534  6.63833e-07
14.4644  5.96707e-07
14.4757  6.32614e-07
14.486  5.63798e-07
14.4976  5.35058e-07
14.5092  5.51077e-07
14.5185  4.92185e-07
14.5288  5.92641e-07
14.5388  5.25998e-07
14.549  5.09137e-07
14.5594  4.75441e-07
14.5697  4.96917e-07
14.5798  4.25402e-07
14.5914  5.19794e-07
14.6013  4.87202e-07
14.612  4.86223e-07
14.6236  4.25953e-07
14.6328  6.35209e-07
14.6444  3.86418e-07
14.6549  3.58226e-07
14.6648  4.85847e-07
14.6754  4.92123e-07
14.6867  4.45871e-07
14.6973  4.00456e-07
14.7081  4.12232e-07
14.7184  4.77823e-07
14.7299  3.82035e-07
14.74  3.15897e-07
14.7509  4.9328e-07
14.7619  3.2749e-07
14.7728  4.31763e-07
14.7831  3.40416e-07
14.7938  3.66084e-07
14.8036  3.92359e-07
14.8138  4.24845e-07
14.8251  2.88691e-07
14.837  2.83355e-07
14.8458  3.50905e-07
14.855  3.86215e-07
14.8671  4.10882e-07
14.8783  2.66802e-07
14.8884  3.46264e-07
14.9004  2.80701e-07
14.9092  3.08314e-07
14.921  3.13259e-07
14.9314  3.56489e-07
14.9432  2.95574e-07
14.9541  3.86514e-07
14.9662  2.31919e-07
14.9775  2.9773e-07
14.9886  3.6898e-07
14.9992  2.15187e-07
15.0082  2.64209e-07
15.0203  2.33084e-07
15.0308  3.34844e-07
15.0408  2.40665e-07
15.0517  2.37973e-07
15.0622  2.53082e-07
15.0723  2.76065e-07
15.0832  2.64198e-07
15.0933  2.17207e-07
15.1047  2.34052e-07
15.1161  2.11803e-07
15.127  2.97144e-07
15.1374  2.3013e-07
15.1483  2.0066e-07
15.1591  2.04469e-07
15.1696  2.22997e-07
15.1808  2.58207e-07
15.1904  1.94766e-07
15.2039  2.45125e-07
15.214  2.24051e-07
15.2243  1.44145e-07
15.235  1.45511e-07
15.246  2.71865e-07
15.2573  2.41179e-07
15.267  1.49779e-07
15.2802  2.08986e-07
15.2896  1.06234e-07
15.3004  1.15151e-07
15.3096  2.57403e-07
15.3217  1.95125e-07
15.3329  1.50325e-07
15.3442  2.15864e-07
15.3545  1.75889e-07
15.3644  1.64816e-07
15.3761  1.1112e-07
15.387  1.34204e-07
15.3985  1.65153e-07
15.4094  1.50632e-07
15.4201  1.6e-07
15.4317  1.98042e-07
15.4403  8.12498e-08
15.4518  1.49404e-07
15.4639  2.13324e-07
15.4746  1.15665e-07
15.4848  1.52448e-07
15.4964  1.604e-07
15.5087  1.05979e-07
15.5212  9.03611e-08
15.5305  1.68818e-07
15.5399  1.53215e-07
15.5523  8.86869e-08
15.5622  1.47044e-07
15.5743  7.19023e-08
15.5847  1.45419e-07
15.5961  8.58098e-08
15.6038  1.06345e-07
15.616  1.13203e-07
15.6266  8.11123e-08
15.6378  1.61987e-07
15.6478  1.31458e-07
15.6593  9.80349e-08
15.6702  6.31961e-08
15.6811  1.24344e-07
15.6905  6.21103e-08
15.7025  9.81948e-08
15.7134  1.27307e-07
15.7248  1.0036e-07
15.7342  7.8534e-08
15.7437  9.46182e-08
15.7555  1.06346e-07
15.7662  6.1554e-08
15.7776  7.94523e-08
15.7882  8.77525e-08
15.7986  7.04419e-08
15.8098  1.33071e-07
15.8225  6.85955e-08
15.8319  5.31437e-08
15.8428  7.12162e-08
15.8548  1.0011e-07
15.8639  9.76622e-08
15.876  3.84977e-08
15.8884  9.65193e-08
15.8979  6.89185e-08
15.9105  9.44704e-08
15.9211  4.09153e-08
15.9328  8.92825e-08
15.9434  5.95569e-08
15.9583  6.69636e-08
15.9672  3.76394e-08
15.9773  8.26404e-08
15.9913  5.73895e-08
15.9997  8.51022e-08
16.0126  4.78564e-08
16.0219  4.82486e-08
16.0325  7.59209e-08
16.043  7.32419e-08
16.0527  2.66819e-08
16.0638  5.61693e-08
16.0767  5.93919e-08
16.0861  4.4155e-08
16.1001  3.33119e-08
16.1091  7.44137e-08
16.1204  5.74533e-08
16.1335  8.8094e-08
16.1443  4.53861e-08
16.1554  3.41373e-08
16.1667  4.33868e-08
16.1783  5.25207e-08
16.1887  4.06834e-08
16.1982  3.40109e-08
16.211  3.39486e-08
16.2194  5.96792e-08
16.2316  2.36395e-08
16.2444  4.17356e-08
16.2559  5.39375e-08
16.2665  4.52766e-08
16.2771  2.69569e-08
16.2883  3.87697e-08
16.2968  3.26321e-08
16.3071  3.87346e-08
16.3201  4.47912e-08
16.3332  4.75095e-08
16.3435  2.55941e-08
16.354  5.06551e-08
16.3682  2.7797e-08
16.3807  1.60139e-08
16.3928  4.44189e-08
16.4024  4.46213e-08
16.4167  2.85069e-08
16.4247  2.41179e-08
16.4388  5.13975e-08
16.4507  2.09734e-08
16.4591  2.64791e-08
16.4707  1.66386e-08
16.4828  1.30234e-08
16.496  2.61246e-08
16.509  5.74134e-08
16.5208  4.72384e-08
16.5316  1.12076e-08
16.5417  3.42883e-08
16.5532  2.03925e-08
16.5714  2.02432e-08
16.5814  2.13982e-08
16.5926  2.35417e-08
16.6041  2.8074e-08
16.6142  2.70729e-08
16.6295  2.85294e-08
16.6439  1.06891e-08
16.6527  2.36671e-08
16.6646  1.05242e-08
16.6766  3.73816e-08
16.6901  2.37202e-08
16.6982  9.60267e-09
16.7127  2.02423e-08
16.7215  2.58483e-08
16.7315  2.94458e-08
16.7447  1.12822e-08
16.7552  1.0124e-08
16.7672  1.51341e-08
16.7815  1.20426e-08
16.7941  3.63502e-08
16.8029  1.18088e-08
16.8157  2.07902e-08
16.8294  1.61875e-08
16.8464  1.5704e-08
16.8571  8.47035e-09
16.868  1.55546e-08
16.8763  1.02592e-08
16.8911  1.3059e-08
16.9008  2.49866e-08
16.9143  1.49623e-08
16.9284  1.327e-08
16.9378  1.36002e-08
16.9527  1.28593e-08
16.965  1.29767e-08
16.9765  1.22012e-08
16.9881  1.82392e-08
17.005  2.05733e-08
17.0193  8.69507e-09
17.0305  3.96473e-09
17.0468  9.11972e-09
17.0537  8.45541e-09
17.0677  1.76086e-08
17.0831  8.06387e-09
17.0913  1.49434e-08
17.1088  6.53646e-09
17.1207  2.09471e-08
17.1299  5.7346e-09
17.1498  5.81732e-09
17.1588  6.20107e-09
17.1731  1.30615e-08
17.1819  5.76672e-09
17.1952  1.29114e-08
17.2082  9.36987e-09
17.2218  1.53501e-08
17.2344  2.33473e-09
17.242  7.20881e-09
17.2629  1.27914e-08
17.277  1.19499e-09
17.2914  1.03802e-08
17.3066  1.31324e-08
17.3342  3.00189e-09
17.3424  1.25192e-08
17.3643  7.36234e-09
17.3788  1.31708e-08
17.3949  1.08832e-08
17.4087  5.34946e-09
17.4239  3.71375e-09
17.4414  7.66355e-09
17.4529  2.64763e-09
17.4685  8.32581e-09
17.4815  5.29669e-09
17.4947  4.23575e-09
17.5098  6.17638e-09
17.5247  5.1053e-09
17.5432  2.26268e-09
17.5504  7.4857e-09
17.5696  2.56294e-09
17.5862  7.73975e-09
17.5972  9.93329e-09
17.6159  6.97421e-09
17.6396  1.9366e-09
17.6594  4.78643e-09
17.6722  2.8048e-09
17.681  9.2848e-10
17.698  2.61364e-09
17.7033  5.3686e-09
17.7189  6.0291e-09
17.7379  1.97928e-09
17.7707  6.81014e-09
17.7856  5.79386e-09
17.7989  1.24369e-09
17.8072  4.2146e-09
17.8267  1.16873e-09
17.8393  4.1029e-09
17.8487  2.09658e-09
17.8729  6.19888e-09
17.8893  2.14148e-09
17.9042  4.25124e-10
17.92  4.36062e-09
17.9461  1.86018e-09
17.9589  2.02332e-09
17.9752  2.52551e-09
17.9903  5.93995e-09
18.0051  4.30102e-10
18.0501  5.65356e-09
18.0613  1.17119e-09
18.0785  3.50925e-09
18.0936  1.80495e-09
18.1063  3.671e-10
18.1348  3.66224e-10
18.1615  3.29775e-09
18.1679  2.09056e-09
18.1983  2.15463e-09
18.2071  2.55504e-09
18.2284  4.30863e-10
18.2494  2.67535e-09
18.2653  3.3657e-09
18.3225  2.12646e-10
18.3306  2.20974e-09
18.3494  1.41671e-09
18.383  2.34953e-09
18.394  3.50578e-10
18.4112  2.88795e-10
18.4226  1.13986e-09
18.4391  1.08555e-09
18.4568  1.75003e-09
18.4825  1.695e-09
18.5306  3.61157e-10
18.5408  1.16078e-09
18.5581  3.60113e-10
18.5728  1.33045e-09
18.6022  1.25047e-09
18.6395  1.01181e-09
18.6598  1.54027e-09
18.6877  3.53573e-10
18.7052  1.26675e-09
18.7743  6.83804e-10
18.7863  1.9851e-10
18.8142  3.73091e-10
18.8593  1.49507e-09
18.8767  1.36724e-09
18.9158  7.97891e-10
18.9617  3.28973e-10
19.0349  1.05874e-09
19.0514  2.52075e-10
19.0683  3.1709e-10
19.1531  5.39087e-10
19.1852  3.01168e-10
19.2518  9.39808e-10
19.2909  1.82817e-10
19.3175  2.94151e-10
19.4265  1.7327e-10
19.4699  2.70547e-10
19.5282  7.41109e-10
19.6472  2.4585e-10
19.8641  2.18231e-10
19.9033  2.54709e-10
20.1405  1.72092e-10
20.5156  1.18291e-10
