-73.4659  4.23675e-09
-71.9045  3.86299e-09
-71.0978  5.61516e-08
-70.1689  1.6685e-09
-69.6519  7.63351e-08
-69.2433  1.00354e-08
-68.7217  3.66836e-07
-68.2381  2.90894e-08
-67.7929  2.84485e-08
-67.3457  6.34724e-07
-66.9906  1.1117e-07
-66.44  1.00235e-06
-66.2066  7.2254e-07
-65.861  3.89682e-07
-65.4413  2.26025e-07
-65.1056  2.05976e-06
-64.781  1.95327e-06
-64.3952  3.61311e-07
-64.0319  3.81228e-06
-63.7876  2.55805e-06
-63.4919  2.53297e-06
-63.0895  1.26638e-06
-62.7414  7.82301e-06
-62.456  6.50111e-06
-62.1429  3.4507e-06
-61.7667  4.8632e-06
-61.5059  1.33571e-05
-61.2098  1.07688e-05
-60.8814  5.8901e-06
-60.5089  1.20489e-05
-60.253  2.30153e-05
-59.9783  1.73887e-05
-59.6516  1.20893e-05
-59.3206  1.75342e-05
-59.0189  4.81006e-05
-58.715  2.49917e-05
-58.4189  1.86369e-05
-58.0479  4.75642e-05
-57.7746  5.85763e-05
-57.5011  4.56115e-05
-57.1887  3.37372e-05
-56.8743  5.508e-05
-56.6075  9.43065e-05
-56.3125  8.73106e-05
-55.9825  5.65906e-05
-55.6625  8.66927e-05
-55.384  0.000152577
-55.0933  0.000120844
-54.7859  8.70499e-05
-54.4447  0.000152832
-54.153  0.000219177
-53.8767  0.00016168
-53.5733  0.000150711
-53.2399  0.000199968
-52.96  0.00029265
-52.676  0.00027155
-52.3598  0.000219722
-52.056  0.000234989
-51.7715  0.000425873
-51.4779  0.000392126
-51.1658  0.000310473
-50.8559  0.000337225
-50.5513  0.000612906
-50.2631  0.000481687
-49.9639  0.000436685
-49.6331  0.000528161
-49.3291  0.00072931
-49.0558  0.000627729
-48.7555  0.000623125
-48.4392  0.000614923
-48.1401  0.000901976
-47.8547  0.000910305
-47.5437  0.000807144
-47.2459  0.000708187
-46.9385  0.00118653
-46.6495  0.00111843
-46.3468  0.00100125
-46.0565  0.000885311
-45.7294  0.00154357
-45.4377  0.00128666
-45.1431  0.00124885
-44.8516  0.00111272
-44.5272  0.00173678
-44.2394  0.00155764
-43.936  0.00160137
-43.6407  0.00131655
-43.3331  0.00178357
-43.0476  0.00196201
-42.7378  0.00187059
-42.4416  0.00158319
-42.1385  0.00187265
-41.8461  0.00241843
-41.5363  0.00200673
-41.2441  0.00189997
-40.9389  0.00200349
-40.6416  0.00277002
-40.3331  0.00217077
-40.0416  0.00220291
-39.7342  0.00214905
-39.4403  0.00289153
-39.1366  0.00242164
-38.8382  0.0024963
-38.5282  0.00228014
-38.2403  0.00286962
-37.9407  0.0027293
-37.6383  0.00261112
-37.3305  0.00243187
-37.0392  0.00288676
-36.7408  0.00294075
-36.4352  0.00268994
-36.1302  0.00253335
-35.8343  0.00287801
-35.5379  0.00302448
-35.2318  0.00273211
-34.9296  0.00258078
-34.6283  0.00283683
-34.3361  0.00295224
-34.0305  0.0027726
-33.7291  0.0025641
-33.4217  0.00278532
-33.1317  0.00280061
-32.8299  0.0027167
-32.5305  0.00248419
-32.2217  0.00262962
-31.9314  0.00268304
-31.6295  0.00259586
-31.3289  0.00240784
-31.0184  0.002423
-30.7276  0.00250454
-30.4268  0.00241921
-30.1267  0.00226974
-29.8159  0.00220099
-29.5223  0.00229963
-29.2235  0.00218242
-28.9247  0.00209047
-28.6172  0.00194562
-28.32  0.00208268
-28.0215  0.00194388
-27.7224  0.00187636
-27.4175  0.00170803
-27.1166  0.00183074
-26.8198  0.00169677
-26.5198  0.00164695
-26.2157  0.00150273
-25.912  0.00158881
-25.6168  0.00144946
-25.3169  0.0014087
-25.0166  0.0012822
-24.7082  0.00129616
-24.4148  0.0012641
-24.1135  0.00117062
-23.8174  0.0010718
-23.5191  0.0012135
-23.2144  0.00103896
-22.9106  0.000957029
-22.6156  0.000902177
-22.308  0.00092702
-22.0188  0.000954559
-21.7076  0.000806553
-21.3891  0.000883613
-21.0953  0.000863517
-20.804  0.000721826
-20.5099  0.000613138
-20.221  0.0006434
-19.9242  0.0008077
-19.6277  0.000841308
-19.2344  0.00174565
-19.0008  0.000547174
-18.7215  0.000808201
-18.4175  0.000751079
-18.0862  0.000511036
-17.7835  0.000552768
-17.5681  0.00196371
-17.2139  0.000609977
-16.8673  0.00347357
-16.5859  0.00161209
-16.2726  0.000866568
-15.9646  0.00121163
-15.6011  0.0019846
-15.3352  0.00360722
-15.0881  0.00123525
-14.8159  0.00155427
-14.4569  0.00395302
-14.2385  0.00340722
-13.9286  0.00278625
-13.5633  0.0023092
-13.2473  0.00260822
-13.0203  0.00635735
-12.7423  0.00294803
-12.4156  0.00832262
-12.0314  0.00373387
-11.7763  0.00700439
-11.4983  0.00332682
-11.1705  0.00399696
-10.8239  0.0091721
-10.5421  0.0071885
-10.2485  0.00256224
-10.0408  0.0110455
-9.74919  0.00694715
-9.40804  0.0070223
-9.12356  0.00737164
-8.74913  0.0102158
-8.51358  0.00709851
-8.19594  0.00839155
-7.93423  0.00725275
-7.52583  0.0142701
-7.25901  0.00524594
-6.97543  0.00763823
-6.72058  0.00698837
-6.34874  0.0105931
-6.10117  0.00867109
-5.69961  0.00926953
-5.46445  0.00574864
-5.15045  0.00351535
-4.88017  0.0139515
-4.52924  0.00250586
-4.29617  0.00793208
-3.91447  0.00570524
-3.68548  0.00572919
-3.40609  0.00414347
-3.12697  0.00673023
-2.79746  0.00346019
-2.46102  0.0062796
-2.17281  0.00312644
-1.89346  0.00392212
-1.62185  0.00329816
-1.28938  0.00395934
-0.994993  0.00323732
-0.64394  0.00379523
-0.367495  0.00281608
-0.086074  0.00204346
0.086074  0.00204346
0.367495  0.00281608
0.64394  0.00379523
0.994993  0.00323732
1.28938  0.00395934
1.62185  0.00329816
1.89346  0.00392212
2.17281  0.00312644
2.46102  0.0062796
2.79746  0.00346019
3.12697  0.00673023
3.40609  0.00414347
3.68548  0.00572919
3.91447  0.00570524
4.29617  0.00793208
4.52924  0.00250586
4.88017  0.0139515
5.15045  0.00351535
5.46445  0.00574864
5.69961  0.00926953
6.10117  0.00867109
6.34874  0.0105931
6.72058  0.00698837
6.97543  0.00763823
7.25901  0.00524594
7.52583  0.0142701
7.93423  0.00725275
8.19594  0.00839155
8.51358  0.00709851
8.74913  0.0102158
9.12356  0.00737164
9.40804  0.0070223
9.74919  0.00694715
10.0408  0.0110455
10.2485  0.00256224
10.5421  0.0071885
10.8239  0.0091721
11.1705  0.00399696
11.4983  0.00332682
11.7763  0.00700439
12.0314  0.00373387
12.4156  0.00832262
12.7423  0.00294803
13.0203  0.00635735
13.2473  0.00260822
13.5633  0.0023092
13.9286  0.00278625
14.2385  0.00340722
14.4569  0.00395302
14.8159  0.00155427
15.0881  0.00123525
15.3352  0.00360722
15.6011  0.0019846
15.9646  0.00121163
16.2726  0.000866568
16.5859  0.00161209
16.8673  0.00347357
17.2139  0.000609977
17.5681  0.00196371
17.7835  0.000552768
18.0862  0.000511036
18.4175  0.000751079
18.7215  0.000808201
19.0008  0.000547174
19.2344  0.00174565
19.6277  0.000841308
19.9242  0.0008077
20.221  0.0006434
20.5099  0.000613138
20.804  0.000721826
21.0953  0.000863517
21.3891  0.000883613
21.7076  0.000806553
22.0188  0.000954559
22.308  0.00092702
22.6156  0.000902177
22.9106  0.000957029
23.2144  0.00103896
23.5191  0.0012135
23.8174  0.0010718
24.1135  0.00117062
24.4148  0.0012641
24.7082  0.00129616
25.0166  0.0012822
25.3169  0.0014087
25.6168  0.00144946
25.912  0.00158881
26.2157  0.00150273
26.5198  0.00164695
26.8198  0.00169677
27.1166  0.00183074
27.4175  0.00170803
27.7224  0.00187636
28.0215  0.00194388
28.32  0.00208268
28.6172  0.00194562
28.9247  0.00209047
29.2235  0.00218242
29.5223  0.00229963
29.8159  0.00220099
30.1267  0.00226974
30.4268  0.00241921
30.7276  0.00250454
31.0184  0.002423
31.3289  0.00240784
31.6295  0.00259586
31.9314  0.00268304
32.2217  0.00262962
32.5305  0.00248419
32.8299  0.0027167
33.1317  0.00280061
33.4217  0.00278532
33.7291  0.0025641
34.0305  0.0027726
34.3361  0.00295224
34.6283  0.00283683
34.9296  0.00258078
35.2318  0.00273211
35.5379  0.00302448
35.8343  0.00287801
36.1302  0.00253335
36.4352  0.00268994
36.7408  0.00294075
37.0392  0.00288676
37.3305  0.00243187
37.6383  0.00261112
37.9407  0.0027293
38.2403  0.00286962
38.5282  0.00228014
38.8382  0.0024963
39.1366  0.00242164
39.4403  0.00289153
39.7342  0.00214905
40.0416  0.00220291
40.3331  0.00217077
40.6416  0.00277002
40.9389  0.00200349
41.2441  0.00189997
41.5363  0.00200673
41.8461  0.00241843
42.1385  0.00187265
42.4416  0.00158319
42.7378  0.00187059
43.0476  0.00196201
43.3331  0.00178357
43.6407  0.00131655
43.936  0.00160137
44.2394  0.00155764
44.5272  0.00173678
44.8516  0.00111272
45.1431  0.00124885
45.4377  0.00128666
45.7294  0.00154357
46.0565  0.000885311
46.3468  0.00100125
46.6495  0.00111843
46.9385  0.00118653
47.2459  0.000708187
47.5437  0.000807144
47.8547  0.000910305
48.1401  0.000901976
48.4392  0.000614923
48.7555  0.000623125
49.0558  0.000627729
49.3291  0.00072931
49.6331  0.000528161
49.9639  0.000436685
50.2631  0.000481687
50.5513  0.000612906
50.8559  0.000337225
51.1658  0.000310473
51.4779  0.000392126
51.7715  0.000425873
52.056  0.000234989
52.3598  0.000219722
52.676  0.00027155
52.96  0.00029265
53.2399  0.000199968
53.5733  0.000150711
53.8767  0.00016168
54.153  0.000219177
54.4447  0.000152832
54.7859  8.70499e-05
55.0933  0.000120844
55.384  0.000152577
55.6625  8.66927e-05
55.9825  5.65906e-05
56.3125  8.73106e-05
56.6075  9.43065e-05
56.8743  5.508e-05
57.1887  3.37372e-05
57.5011  4.56115e-05
57.7746  5.85763e-05
58.0479  4.75642e-05
58.4189  1.86369e-05
58.715  2.49917e-05
59.0189  4.81006e-05
59.3206  1.75342e-05
59.6516  1.20893e-05
59.9783  1.73887e-05
60.253  2.30153e-05
60.5089  1.20489e-05
60.8814  5.8901e-06
61.2098  1.07688e-05
61.5059  1.33571e-05
61.7667  4.8632e-06
62.1429  3.4507e-06
62.456  6.50111e-06
62.7414  7.82301e-06
63.0895  1.26638e-06
63.4919  2.53297e-06
63.7876  2.55805e-06
64.0319  3.81228e-06
64.3952  3.61311e-07
64.781  1.95327e-06
65.1056  2.05976e-06
65.4413  2.26025e-07
65.861  3.89682e-07
66.2066  7.2254e-07
66.44  1.00235e-06
66.9906  1.1117e-07
67.3457  6.34724e-07
67.7929  2.84485e-08
68.2381  2.90894e-08
68.7217  3.66836e-07
69.2433  1.00354e-08
69.6519  7.63351e-08
70.1689  1.6685e-09
71.0978  5.61516e-08
71.9045  3.86299e-09
73.4659  4.23675e-09
