-20.5863  1.57549e-10
-20.2113  2.25466e-10
-19.9704  3.28552e-10
-19.9354  2.82245e-10
-19.7184  3.18182e-10
-19.5954  9.40371e-10
-19.5409  3.46095e-10
-19.4972  2.30773e-10
-19.3889  3.7357e-10
-19.3545  2.28386e-10
-19.3195  1.17718e-09
-19.2574  3.79396e-10
-19.2204  6.72875e-10
-19.1409  4.01034e-10
-19.1222  3.30256e-10
-19.1025  1.32707e-09
-19.0345  4.14062e-10
-18.9795  9.80521e-10
-18.9433  2.0984e-09
-18.925  1.44349e-09
-18.8813  4.81253e-10
-18.8571  2.64391e-10
-18.8467  8.69152e-10
-18.773  1.55808e-09
-18.761  4.42855e-10
-18.7275  1.89915e-09
-18.7037  1.22744e-09
-18.68  4.77768e-10
-18.6687  1.05444e-09
-18.6415  1.62841e-09
-18.6293  4.66064e-10
-18.6043  1.85987e-09
-18.5499  2.06575e-09
-18.5266  2.15189e-09
-18.5063  1.37743e-09
-18.4856  1.7621e-09
-18.4667  4.35071e-10
-18.4516  2.88436e-09
-18.4186  1.72696e-09
-18.3993  2.68867e-09
-18.3932  2.83217e-10
-18.3446  5.27746e-10
-18.3265  5.23884e-09
-18.3066  2.05231e-09
-18.2757  3.09908e-09
-18.2663  2.59905e-09
-18.2365  1.89142e-09
-18.2297  4.8237e-09
-18.2062  4.73648e-10
-18.1679  1.0153e-09
-18.1528  4.01827e-09
-18.1451  1.84705e-09
-18.1245  3.77686e-09
-18.1121  4.43572e-09
-18.0605  5.40006e-09
-18.0483  5.25778e-09
-18.0245  2.34325e-09
-18.0139  2.45346e-09
-17.9894  5.27336e-09
-17.9656  5.27738e-10
-17.9499  5.58992e-09
-17.934  4.3079e-09
-17.9133  4.28999e-09
-17.9051  3.14666e-09
-17.8904  1.43624e-09
-17.876  4.58195e-09
-17.8657  2.14138e-09
-17.854  7.65232e-09
-17.8358  7.0722e-09
-17.815  1.0447e-09
-17.8027  1.8007e-09
-17.7844  6.56397e-09
-17.7729  6.90767e-09
-17.7659  3.76134e-09
-17.7376  3.8286e-09
-17.7279  5.72124e-09
-17.7045  2.31268e-09
-17.6868  5.13391e-09
-17.6729  9.02715e-09
-17.6554  1.50867e-08
-17.6384  2.78182e-09
-17.6191  3.70444e-09
-17.6122  8.71301e-09
-17.5936  6.15138e-09
-17.5786  7.33732e-09
-17.5535  1.08048e-08
-17.5367  8.40361e-09
-17.5283  3.13457e-09
-17.5091  8.54514e-09
-17.4958  6.99223e-09
-17.478  6.31227e-09
-17.4592  1.43238e-08
-17.4443  1.46639e-08
-17.4303  8.05239e-09
-17.4116  1.09098e-08
-17.4002  7.60795e-09
-17.3738  1.55379e-08
-17.3605  1.01922e-08
-17.349  3.24153e-09
-17.3329  1.15606e-08
-17.3275  3.96602e-09
-17.3108  6.36924e-09
-17.3006  5.06074e-09
-17.2872  1.73421e-08
-17.2767  1.13917e-08
-17.2613  1.38407e-08
-17.2466  8.50423e-09
-17.2371  1.86722e-08
-17.219  9.64085e-09
-17.2022  5.87997e-09
-17.1956  1.24339e-08
-17.1824  1.84643e-08
-17.174  2.03477e-09
-17.1576  1.92767e-08
-17.1482  1.11988e-08
-17.134  1.35149e-08
-17.1239  1.54945e-08
-17.1125  9.99435e-09
-17.1002  5.23975e-09
-17.0869  6.70904e-09
-17.0758  1.58042e-08
-17.0652  1.58816e-08
-17.0532  1.91088e-08
-17.0408  1.43932e-08
-17.0307  1.42861e-08
-17.0199  1.40507e-08
-17.0017  1.93383e-08
-16.9946  1.21415e-08
-16.9775  2.54625e-08
-16.9645  2.57048e-08
-16.9528  1.79048e-08
-16.9373  1.76422e-08
-16.9237  1.66342e-08
-16.913  1.44319e-08
-16.901  1.54943e-08
-16.8843  1.87402e-08
-16.8755  2.29405e-08
-16.863  3.67004e-08
-16.8533  9.35526e-09
-16.8419  1.74279e-08
-16.8288  1.71459e-08
-16.8175  1.76816e-08
-16.8055  5.30294e-09
-16.7951  4.28396e-08
-16.7837  3.26323e-08
-16.7731  1.85779e-08
-16.7588  1.60205e-08
-16.7481  3.47233e-08
-16.7361  3.46832e-08
-16.7215  2.37948e-08
-16.7109  1.39722e-08
-16.697  3.01444e-08
-16.6832  3.20347e-08
-16.6776  2.0245e-08
-16.6633  4.08096e-08
-16.65  2.20879e-08
-16.6368  2.87978e-08
-16.6198  2.7588e-08
-16.6072  3.16545e-08
-16.5966  2.97107e-08
-16.5839  7.56976e-08
-16.5711  2.7164e-08
-16.562  3.43903e-08
-16.5484  1.85485e-08
-16.5396  1.72887e-08
-16.5274  2.86887e-08
-16.5154  1.87926e-08
-16.5057  7.41848e-08
-16.4913  2.4865e-08
-16.4838  2.43593e-08
-16.4714  3.616e-08
-16.4611  6.03126e-08
-16.4501  2.93607e-08
-16.4343  2.81367e-08
-16.4226  3.52765e-08
-16.4139  4.78165e-08
-16.4036  4.81248e-08
-16.3911  4.21342e-08
-16.3811  4.0289e-08
-16.3685  4.79595e-08
-16.3563  5.35242e-08
-16.3448  3.30429e-08
-16.3359  5.37171e-08
-16.3258  5.42815e-08
-16.3121  4.17656e-08
-16.303  3.4479e-08
-16.2872  6.79334e-08
-16.2799  5.0332e-08
-16.2669  1.97949e-08
-16.2574  5.78095e-08
-16.246  6.54458e-08
-16.2342  4.62715e-08
-16.2236  3.96931e-08
-16.2085  8.49039e-08
-16.1983  7.11849e-08
-16.1864  6.96395e-08
-16.1733  1.0184e-07
-16.1589  4.61291e-08
-16.1474  5.80568e-08
-16.1326  8.56552e-08
-16.1214  4.20642e-08
-16.1095  9.65322e-08
-16.0988  6.30758e-08
-16.0877  7.27021e-08
-16.078  4.96221e-08
-16.0657  1.08377e-07
-16.0539  6.63134e-08
-16.0418  9.75246e-08
-16.0302  6.19466e-08
-16.0198  4.2098e-08
-16.0077  1.07316e-07
-15.9952  7.95551e-08
-15.9837  5.33933e-08
-15.9742  7.82535e-08
-15.9637  9.73551e-08
-15.9534  9.67232e-08
-15.9421  4.67255e-08
-15.9297  1.35259e-07
-15.9179  8.77702e-08
-15.9078  9.10196e-08
-15.8924  9.46126e-08
-15.8826  9.60967e-08
-15.8713  1.25153e-07
-15.8582  9.14481e-08
-15.8484  1.14491e-07
-15.8344  9.04972e-08
-15.8237  8.88173e-08
-15.8127  1.07109e-07
-15.8019  8.406e-08
-15.7927  1.63499e-07
-15.7807  1.04361e-07
-15.7696  1.09989e-07
-15.7591  8.55632e-08
-15.7486  1.25017e-07
-15.7377  9.81614e-08
-15.7264  1.17122e-07
-15.7135  1.46891e-07
-15.7045  1.62173e-07
-15.6913  1.31942e-07
-15.6818  1.09692e-07
-15.6709  1.27661e-07
-15.6594  1.1177e-07
-15.6484  1.27763e-07
-15.6379  1.41384e-07
-15.6275  1.36191e-07
-15.6152  7.85569e-08
-15.6062  1.92674e-07
-15.5949  1.87511e-07
-15.5859  1.03134e-07
-15.5733  1.24535e-07
-15.56  1.54857e-07
-15.5499  1.99522e-07
-15.5384  1.66224e-07
-15.5283  1.57539e-07
-15.5171  1.89116e-07
-15.506  1.25215e-07
-15.4954  2.24097e-07
-15.4843  1.6224e-07
-15.4736  1.50765e-07
-15.4641  2.11055e-07
-15.4541  1.02078e-07
-15.4416  1.24773e-07
-15.4317  1.88096e-07
-15.4204  2.44558e-07
-15.4117  1.88698e-07
-15.3997  1.63984e-07
-15.3906  1.89053e-07
-15.3801  2.2794e-07
-15.3686  2.3023e-07
-15.3575  1.19175e-07
-15.347  2.1708e-07
-15.3349  2.19807e-07
-15.3242  1.96607e-07
-15.314  2.78812e-07
-15.3038  1.97831e-07
-15.2923  1.91441e-07
-15.2826  2.04806e-07
-15.2717  2.17413e-07
-15.2615  2.46398e-07
-15.25  3.19136e-07
-15.2386  2.32704e-07
-15.2285  2.04578e-07
-15.216  3.18078e-07
-15.206  1.88974e-07
-15.1959  2.88989e-07
-15.1836  3.22778e-07
-15.1721  2.3333e-07
-15.163  2.02728e-07
-15.152  2.69932e-07
-15.1408  3.52418e-07
-15.131  2.98179e-07
-15.1199  2.42798e-07
-15.1095  2.804e-07
-15.0984  3.13058e-07
-15.0872  3.76766e-07
-15.0764  2.29943e-07
-15.0654  3.25069e-07
-15.056  3.5066e-07
-15.0438  3.27912e-07
-15.0314  3.71656e-07
-15.0197  3.27791e-07
-15.0101  3.40541e-07
-14.9988  3.63883e-07
-14.9883  3.15689e-07
-14.978  3.19835e-07
-14.968  3.73371e-07
-14.9561  3.87603e-07
-14.9459  1.97757e-07
-14.9349  5.42898e-07
-14.9235  4.32252e-07
-14.9135  3.30784e-07
-14.9037  3.32336e-07
-14.8932  3.38595e-07
-14.8815  4.3593e-07
-14.872  4.00234e-07
-14.8619  4.34852e-07
-14.852  3.95847e-07
-14.8409  4.78803e-07
-14.8299  3.69789e-07
-14.8188  4.00788e-07
-14.8092  4.76796e-07
-14.7993  3.81441e-07
-14.7878  4.32588e-07
-14.7771  5.38861e-07
-14.7669  4.58949e-07
-14.7553  5.13633e-07
-14.7449  4.20215e-07
-14.7342  5.66843e-07
-14.7236  4.81203e-07
-14.7136  4.27045e-07
-14.7026  4.97499e-07
-14.6913  6.18287e-07
-14.6802  6.51675e-07
-14.6694  4.87897e-07
-14.6579  6.01971e-07
-14.6465  4.54198e-07
-14.6362  6.24164e-07
-14.6249  4.92266e-07
-14.6158  5.76949e-07
-14.6035  6.58257e-07
-14.5941  6.51502e-07
-14.5818  6.87356e-07
-14.5702  5.24989e-07
-14.5607  6.3185e-07
-14.5501  5.5878e-07
-14.5387  6.93406e-07
-14.5274  6.91965e-07
-14.5175  7.29672e-07
-14.5067  7.09628e-07
-14.496  6.31319e-07
-14.4847  6.32914e-07
-14.4744  6.93996e-07
-14.4637  6.86061e-07
-14.454  6.59552e-07
-14.4433  7.84239e-07
-14.4328  7.61967e-07
-14.4218  7.4135e-07
-14.4114  7.91206e-07
-14.4007  7.24786e-07
-14.3897  8.91818e-07
-14.3783  8.55787e-07
-14.3682  6.41699e-07
-14.3582  7.40645e-07
-14.3472  9.45424e-07
-14.3376  6.02042e-07
-14.3271  9.58629e-07
-14.3165  8.95167e-07
-14.3051  9.53059e-07
-14.2947  7.56445e-07
-14.2847  8.66293e-07
-14.2746  9.31167e-07
-14.2635  1.03325e-06
-14.2521  7.81129e-07
-14.2411  1.02293e-06
-14.2301  9.35324e-07
-14.2208  1.10552e-06
-14.2095  9.40187e-07
-14.199  9.56392e-07
-14.1884  1.11129e-06
-14.1775  9.21439e-07
-14.1665  1.05052e-06
-14.1567  9.89624e-07
-14.1453  1.31199e-06
-14.1346  9.60562e-07
-14.1245  1.04289e-06
-14.1133  1.18437e-06
-14.102  1.26979e-06
-14.0922  9.65597e-07
-14.0818  1.12859e-06
-14.0714  1.1406e-06
-14.061  1.33928e-06
-14.0499  1.27129e-06
-14.0391  1.21812e-06
-14.0291  1.01443e-06
-14.0185  1.34591e-06
-14.0081  1.2748e-06
-13.9973  1.35287e-06
-13.9866  1.5072e-06
-13.9757  1.24886e-06
-13.9654  1.05797e-06
-13.9548  1.40079e-06
-13.9436  1.86247e-06
-13.9325  1.07847e-06
-13.9234  1.29311e-06
-13.912  1.56709e-06
-13.9012  1.42851e-06
-13.8909  1.55713e-06
-13.8815  1.29258e-06
-13.8699  1.76332e-06
-13.8596  1.37857e-06
-13.8488  1.42683e-06
-13.8385  1.65142e-06
-13.8279  1.66126e-06
-13.8166  1.72137e-06
-13.8057  1.82667e-06
-13.7945  1.45124e-06
-13.7846  1.87197e-06
-13.7737  1.60779e-06
-13.7634  1.72914e-06
-13.7529  1.57297e-06
-13.7425  1.78387e-06
-13.7322  2.09028e-06
-13.7207  1.9322e-06
-13.7104  1.57668e-06
-13.6996  1.93242e-06
-13.6886  1.93797e-06
-13.6789  1.83024e-06
-13.6675  2.01713e-06
-13.6573  1.96577e-06
-13.6472  1.91127e-06
-13.6368  1.98409e-06
-13.6256  2.00221e-06
-13.6144  2.24558e-06
-13.6041  2.11269e-06
-13.5937  2.44018e-06
-13.5831  1.83367e-06
-13.5723  2.16389e-06
-13.5619  2.16286e-06
-13.5513  2.38236e-06
-13.5405  2.10579e-06
-13.5306  2.46839e-06
-13.5194  2.17612e-06
-13.5093  2.41771e-06
-13.4985  2.3777e-06
-13.4875  2.69311e-06
-13.4765  2.48397e-06
-13.4659  2.14332e-06
-13.4552  2.43552e-06
-13.4451  2.75512e-06
-13.4344  2.70431e-06
-13.4239  2.30243e-06
-13.4135  2.83763e-06
-13.4034  2.70374e-06
-13.3928  2.68885e-06
-13.3821  2.63554e-06
-13.3708  2.73238e-06
-13.3602  2.96988e-06
-13.3495  3.06349e-06
-13.3389  2.53753e-06
-13.3286  3.11032e-06
-13.3188  2.84653e-06
-13.3079  2.96484e-06
-13.2976  2.81762e-06
-13.2874  2.85986e-06
-13.277  3.02992e-06
-13.267  3.0236e-06
-13.2564  3.13613e-06
-13.2454  3.49209e-06
-13.2344  3.58327e-06
-13.2237  3.08864e-06
-13.2141  2.97638e-06
-13.2032  3.59066e-06
-13.1928  3.65712e-06
-13.1821  3.09243e-06
-13.1718  3.45504e-06
-13.1614  3.21108e-06
-13.1517  3.56545e-06
-13.1411  3.42257e-06
-13.1309  3.72926e-06
-13.1205  3.75283e-06
-13.1106  3.60695e-06
-13.1  3.59424e-06
-13.0897  3.66972e-06
-13.079  3.93947e-06
-13.0689  4.00429e-06
-13.0583  3.46385e-06
-13.0487  4.2236e-06
-13.0378  4.12613e-06
-13.0269  4.16741e-06
-13.0164  3.99578e-06
-13.0066  4.13953e-06
-12.9957  4.0818e-06
-12.9857  4.27416e-06
-12.975  4.36692e-06
-12.965  4.0989e-06
-12.9546  4.57983e-06
-12.9443  4.72865e-06
-12.9336  4.12132e-06
-12.9238  4.4992e-06
-12.9133  4.79435e-06
-12.9027  4.71904e-06
-12.8922  4.55747e-06
-12.8825  4.28955e-06
-12.8719  5.39498e-06
-12.8613  4.83019e-06
-12.8511  4.984e-06
-12.8406  4.9012e-06
-12.8303  4.70559e-06
-12.8203  5.46552e-06
-12.8095  4.93336e-06
-12.799  5.34934e-06
-12.7891  4.88312e-06
-12.7787  5.3249e-06
-12.768  5.59509e-06
-12.7575  5.84966e-06
-12.7471  5.16392e-06
-12.7371  5.76008e-06
-12.727  5.58079e-06
-12.7165  5.80732e-06
-12.7059  5.17208e-06
-12.6958  6.6557e-06
-12.6855  5.07226e-06
-12.6751  6.41444e-06
-12.6651  5.63629e-06
-12.6546  6.51114e-06
-12.6439  6.09586e-06
-12.6333  6.20018e-06
-12.6231  6.11347e-06
-12.6131  7.31035e-06
-12.6023  5.66437e-06
-12.5924  6.10212e-06
-12.5819  6.68214e-06
-12.572  7.16523e-06
-12.5614  6.65135e-06
-12.5507  7.12569e-06
-12.5404  6.7764e-06
-12.5297  7.0348e-06
-12.5196  6.92041e-06
-12.5093  7.4261e-06
-12.4987  6.83339e-06
-12.4885  7.58181e-06
-12.4781  7.06479e-06
-12.4676  7.51696e-06
-12.4579  7.42029e-06
-12.4475  7.61269e-06
-12.4371  7.21962e-06
-12.4267  7.996e-06
-12.4165  7.76925e-06
-12.4065  7.71966e-06
-12.3965  8.22377e-06
-12.3858  7.70717e-06
-12.3753  8.6007e-06
-12.3649  8.59373e-06
-12.3548  7.64841e-06
-12.3443  8.63303e-06
-12.3345  8.97788e-06
-12.3241  7.93338e-06
-12.3138  9.19823e-06
-12.3032  8.74007e-06
-12.2933  8.34452e-06
-12.2827  9.6594e-06
-12.2727  8.4179e-06
-12.2624  9.53359e-06
-12.2523  9.55251e-06
-12.2418  9.10808e-06
-12.2314  9.63675e-06
-12.2209  9.51056e-06
-12.211  9.84234e-06
-12.2005  8.92722e-06
-12.1907  1.0118e-05
-12.1805  9.62923e-06
-12.1702  9.76709e-06
-12.1601  1.04303e-05
-12.1501  1.03093e-05
-12.1396  9.68091e-06
-12.1295  1.13401e-05
-12.1193  9.72076e-06
-12.1091  1.11336e-05
-12.0987  1.00107e-05
-12.0884  1.16072e-05
-12.078  1.07852e-05
-12.0679  1.17288e-05
-12.0576  1.12036e-05
-12.0472  1.12173e-05
-12.0368  1.18489e-05
-12.0266  1.13373e-05
-12.0162  1.13703e-05
-12.0061  1.24433e-05
-11.996  1.15259e-05
-11.9853  1.20169e-05
-11.9754  1.19123e-05
-11.9653  1.24476e-05
-11.955  1.22985e-05
-11.9447  1.31584e-05
-11.9347  1.18492e-05
-11.9243  1.30912e-05
-11.9142  1.28051e-05
-11.9039  1.33413e-05
-11.8936  1.24793e-05
-11.8834  1.4034e-05
-11.873  1.48435e-05
-11.8622  1.27841e-05
-11.8521  1.38858e-05
-11.8417  1.37988e-05
-11.8312  1.47406e-05
-11.8205  1.4903e-05
-11.8103  1.33908e-05
-11.7998  1.56367e-05
-11.7899  1.43671e-05
-11.7798  1.43256e-05
-11.7696  1.41631e-05
-11.7591  1.59319e-05
-11.7492  1.54216e-05
-11.7388  1.42856e-05
-11.7289  1.55155e-05
-11.7187  1.57304e-05
-11.7085  1.55114e-05
-11.6982  1.62649e-05
-11.6884  1.55283e-05
-11.678  1.6152e-05
-11.6678  1.7106e-05
-11.6576  1.56919e-05
-11.6475  1.69203e-05
-11.637  1.70397e-05
-11.6272  1.73707e-05
-11.617  1.61125e-05
-11.6067  1.79381e-05
-11.5964  1.74255e-05
-11.5864  1.78032e-05
-11.576  1.77458e-05
-11.5662  1.80171e-05
-11.5556  1.75011e-05
-11.5454  1.97459e-05
-11.5349  1.93122e-05
-11.5241  1.89686e-05
-11.5136  1.91954e-05
-11.5037  1.91497e-05
-11.4933  1.83731e-05
-11.4832  2.09574e-05
-11.473  1.93069e-05
-11.4629  1.84977e-05
-11.4529  1.982e-05
-11.4426  2.10606e-05
-11.4322  1.97548e-05
-11.4219  2.25467e-05
-11.4119  1.91437e-05
-11.4017  2.13098e-05
-11.3915  2.13831e-05
-11.3812  2.17101e-05
-11.3713  2.00149e-05
-11.361  2.29813e-05
-11.3509  2.15835e-05
-11.3405  2.21834e-05
-11.3305  2.247e-05
-11.3204  2.27332e-05
-11.3101  2.16209e-05
-11.2998  2.46775e-05
-11.2897  2.28703e-05
-11.2794  2.32563e-05
-11.2695  2.34178e-05
-11.259  2.41059e-05
-11.2488  2.37701e-05
-11.2386  2.57056e-05
-11.2286  2.32455e-05
-11.2182  2.49676e-05
-11.2081  2.6015e-05
-11.1978  2.4148e-05
-11.1879  2.50312e-05
-11.1775  2.61289e-05
-11.1676  2.54457e-05
-11.1572  2.56761e-05
-11.1473  2.74174e-05
-11.1369  2.53828e-05
-11.1269  2.78152e-05
-11.1167  2.73246e-05
-11.1063  2.68047e-05
-11.096  2.72398e-05
-11.0861  2.99765e-05
-11.0757  2.60094e-05
-11.0656  2.938e-05
-11.0553  2.68213e-05
-11.0454  2.97553e-05
-11.0353  2.87185e-05
-11.0251  3.02084e-05
-11.015  2.72528e-05
-11.0047  3.22904e-05
-10.9946  2.82474e-05
-10.9845  2.99046e-05
-10.9743  3.1326e-05
-10.9644  3.05385e-05
-10.9543  3.00118e-05
-10.9439  3.28733e-05
-10.934  3.06071e-05
-10.9238  3.27154e-05
-10.9137  3.21776e-05
-10.9035  3.10418e-05
-10.8933  3.29268e-05
-10.883  3.49982e-05
-10.873  3.23627e-05
-10.8628  3.30102e-05
-10.8528  3.42575e-05
-10.8425  3.36189e-05
-10.8326  3.4355e-05
-10.8224  3.44982e-05
-10.8123  3.62208e-05
-10.8015  3.78052e-05
-10.791  3.70295e-05
-10.7807  3.44146e-05
-10.7707  3.6789e-05
-10.7603  3.81024e-05
-10.75  3.75231e-05
-10.7399  3.50046e-05
-10.73  3.9615e-05
-10.7192  3.92925e-05
-10.7088  3.97327e-05
-10.6985  3.79055e-05
-10.6884  3.9719e-05
-10.6785  3.77143e-05
-10.6684  3.93476e-05
-10.6582  3.92438e-05
-10.6476  4.54079e-05
-10.6367  4.10134e-05
-10.6266  4.16537e-05
-10.6165  3.99311e-05
-10.6065  4.28247e-05
-10.5963  4.06159e-05
-10.5861  4.34278e-05
-10.576  4.13574e-05
-10.5658  4.40958e-05
-10.5559  4.30062e-05
-10.5455  4.42341e-05
-10.5354  4.40706e-05
-10.5253  4.40717e-05
-10.5153  4.38062e-05
-10.5048  4.72464e-05
-10.4952  4.33232e-05
-10.4847  4.64108e-05
-10.4748  4.65678e-05
-10.4645  4.56789e-05
-10.4546  4.76287e-05
-10.4442  4.75387e-05
-10.4345  4.78786e-05
-10.424  4.66207e-05
-10.4136  5.47069e-05
-10.403  4.7803e-05
-10.393  4.86323e-05
-10.3825  5.10448e-05
-10.3728  4.92318e-05
-10.3625  4.88341e-05
-10.3525  5.46806e-05
-10.3421  4.86304e-05
-10.332  5.32502e-05
-10.3217  5.22353e-05
-10.312  5.23826e-05
-10.3017  5.0844e-05
-10.2915  5.77149e-05
-10.2814  4.98087e-05
-10.2714  5.49942e-05
-10.2611  5.58516e-05
-10.2513  5.53252e-05
-10.241  5.31521e-05
-10.2308  6.02808e-05
-10.2207  5.21988e-05
-10.2106  5.82808e-05
-10.2004  5.96844e-05
-10.1902  5.63877e-05
-10.1803  5.55974e-05
-10.1699  6.48728e-05
-10.1598  5.35983e-05
-10.1496  6.24917e-05
-10.1395  6.14175e-05
-10.1293  5.83344e-05
-10.1192  6.1289e-05
-10.1084  7.04103e-05
-10.098  5.85479e-05
-10.0878  6.26113e-05
-10.0778  6.43707e-05
-10.0676  6.16778e-05
-10.0577  6.28454e-05
-10.0475  6.78891e-05
-10.0373  6.21973e-05
-10.0271  6.42934e-05
-10.0173  6.90072e-05
-10.007  6.38616e-05
-9.99696  6.74976e-05
-9.98662  6.95161e-05
-9.97641  6.63772e-05
-9.96585  7.28562e-05
-9.9554  7.51364e-05
-9.94496  6.66121e-05
-9.93504  6.90429e-05
-9.92497  7.09401e-05
-9.9147  7.03212e-05
-9.90457  7.15483e-05
-9.89466  7.53285e-05
-9.88435  6.86057e-05
-9.87433  7.34869e-05
-9.86444  7.39693e-05
-9.85401  7.59758e-05
-9.84395  7.23791e-05
-9.83351  8.30835e-05
-9.82277  7.53195e-05
-9.81256  7.80055e-05
-9.80269  7.58057e-05
-9.79213  8.10064e-05
-9.78217  7.26326e-05
-9.77224  8.31548e-05
-9.76157  8.49481e-05
-9.75078  8.33969e-05
-9.74078  7.82476e-05
-9.7301  8.69249e-05
-9.71969  8.13254e-05
-9.70956  8.45154e-05
-9.69948  8.12543e-05
-9.68918  8.62472e-05
-9.67919  8.15347e-05
-9.66907  8.46723e-05
-9.65887  8.57909e-05
-9.64862  8.91368e-05
-9.63872  8.30898e-05
-9.62799  9.609e-05
-9.61764  8.6217e-05
-9.6075  8.7498e-05
-9.59743  9.08073e-05
-9.58725  8.93594e-05
-9.57721  8.94427e-05
-9.56692  9.18919e-05
-9.55708  9.13392e-05
-9.54689  9.19123e-05
-9.53672  9.23865e-05
-9.52656  9.38686e-05
-9.51672  9.40489e-05
-9.50639  9.3584e-05
-9.49633  9.86322e-05
-9.48622  9.31472e-05
-9.4761  9.71686e-05
-9.46602  9.77972e-05
-9.45604  9.64975e-05
-9.44581  9.79327e-05
-9.43574  0.000103881
-9.42572  9.50893e-05
-9.41559  0.000100813
-9.40565  0.000101423
-9.39554  0.000104303
-9.38473  0.000112079
-9.37404  0.000106581
-9.36407  0.000100831
-9.35378  0.000107025
-9.34374  0.000106861
-9.33366  0.000104338
-9.32346  0.000106824
-9.31287  0.000123155
-9.30243  0.000102288
-9.29204  0.000113396
-9.28196  0.000113379
-9.27188  0.000106509
-9.26186  0.000112119
-9.25161  0.000114307
-9.24163  0.000111335
-9.23133  0.000113193
-9.22149  0.00011769
-9.21129  0.000112047
-9.2011  0.000117729
-9.19087  0.000118201
-9.18109  0.000114138
-9.17072  0.000119291
-9.16074  0.00012442
-9.15059  0.000114565
-9.14009  0.000131478
-9.12944  0.000126048
-9.11947  0.000117371
-9.10925  0.000124046
-9.09925  0.000128759
-9.08909  0.000118734
-9.07862  0.000139932
-9.06794  0.000128412
-9.0574  0.000135401
-9.04684  0.000125592
-9.03697  0.000134313
-9.02668  0.000124975
-9.01656  0.000133712
-9.00643  0.000133886
-8.99627  0.000129814
-8.9861  0.000131792
-8.97621  0.000138164
-8.966  0.000129152
-8.95581  0.000141437
-8.94568  0.000135291
-8.93544  0.000137499
-8.92551  0.000136815
-8.9149  0.000156951
-8.90426  0.000134235
-8.8939  0.000148892
-8.88388  0.00014078
-8.87372  0.000141316
-8.86367  0.000141843
-8.85351  0.000149009
-8.84362  0.000137343
-8.83333  0.000155688
-8.82327  0.000143728
-8.81302  0.000147028
-8.80312  0.000148346
-8.79291  0.000152628
-8.78289  0.0001471
-8.77266  0.000155769
-8.76282  0.000149636
-8.75259  0.000152938
-8.74253  0.000153082
-8.73229  0.000161136
-8.72235  0.000151523
-8.71217  0.000158693
-8.70215  0.000158276
-8.69199  0.000154786
-8.68209  0.000163557
-8.67191  0.000160229
-8.66192  0.000158978
-8.65164  0.000166157
-8.64152  0.000165898
-8.63136  0.000163918
-8.62135  0.000165404
-8.61121  0.000167879
-8.60114  0.000167757
-8.591  0.000166079
-8.58095  0.000172707
-8.57086  0.000168052
-8.56082  0.000172406
-8.55067  0.000174944
-8.54005  0.000188154
-8.52949  0.00017597
-8.51938  0.000177115
-8.50892  0.000190038
-8.4984  0.00017582
-8.48838  0.000179665
-8.47828  0.000181358
-8.46809  0.000180821
-8.45805  0.000180882
-8.44809  0.000183945
-8.43789  0.000182405
-8.42782  0.000187651
-8.41776  0.000185855
-8.40759  0.000187074
-8.39748  0.00018849
-8.38735  0.000193838
-8.37709  0.000187978
-8.36666  0.000207864
-8.35624  0.000193219
-8.34595  0.000196297
-8.33581  0.000193241
-8.32586  0.000197561
-8.31566  0.000195762
-8.30553  0.000200813
-8.29549  0.000200372
-8.28531  0.000198255
-8.27511  0.000204895
-8.26517  0.000199555
-8.25502  0.000202034
-8.24491  0.000210435
-8.23489  0.000204187
-8.22466  0.000207327
-8.21394  0.000234975
-8.20327  0.000209537
-8.19314  0.000207624
-8.18304  0.0002172
-8.17299  0.000210311
-8.16243  0.000231201
-8.1518  0.000221518
-8.14171  0.000214604
-8.13169  0.000211297
-8.12159  0.000228222
-8.11147  0.000213715
-8.10139  0.000219763
-8.09131  0.000228534
-8.08126  0.000219197
-8.07113  0.00022162
-8.06107  0.000231133
-8.05102  0.00022361
-8.04091  0.000227632
-8.0308  0.000233251
-8.02068  0.000228484
-8.01017  0.000248786
-7.99963  0.000239216
-7.98946  0.000235981
-7.97939  0.000226163
-7.96899  0.000266475
-7.95846  0.000228748
-7.94835  0.000244667
-7.93819  0.000244839
-7.9281  0.000237714
-7.91802  0.00023941
-7.90796  0.000253034
-7.89785  0.000235877
-7.88785  0.000250977
-7.87778  0.000245951
-7.86765  0.00024947
-7.85764  0.000243837
-7.84755  0.000261082
-7.83753  0.00024481
-7.82738  0.000254875
-7.8174  0.000256662
-7.80727  0.000253543
-7.79723  0.000256652
-7.78705  0.000265362
-7.77709  0.000252188
-7.76694  0.000263524
-7.75688  0.000269783
-7.7466  0.000258614
-7.73671  0.000263935
-7.72654  0.000270373
-7.71645  0.000266095
-7.7063  0.00026625
-7.69629  0.000277934
-7.68545  0.000298157
-7.6745  0.000296953
-7.66384  0.000278959
-7.65369  0.000278106
-7.64345  0.000274174
-7.63362  0.000278797
-7.62334  0.000278613
-7.61341  0.000276454
-7.60334  0.000284877
-7.59315  0.000289818
-7.58293  0.000276883
-7.57303  0.00029288
-7.56275  0.000284883
-7.55278  0.000287184
-7.54271  0.000289685
-7.5326  0.000293844
-7.52247  0.000287528
-7.51255  0.000295836
-7.50237  0.000295733
-7.49223  0.000298367
-7.48223  0.000296559
-7.47208  0.000301606
-7.46204  0.000289906
-7.45204  0.000313736
-7.44186  0.000297579
-7.43176  0.000308331
-7.42182  0.000298109
-7.41168  0.000311886
-7.40155  0.000308
-7.39146  0.000314576
-7.38136  0.000308098
-7.37128  0.000313172
-7.36128  0.00031427
-7.35103  0.00032063
-7.34059  0.000335255
-7.33014  0.000324233
-7.31998  0.000322011
-7.30977  0.00032324
-7.29982  0.000317554
-7.28957  0.000334267
-7.27953  0.000318185
-7.26952  0.000327131
-7.25944  0.000329193
-7.2493  0.000330146
-7.2394  0.00032594
-7.22914  0.000345608
-7.21901  0.000324936
-7.2086  0.000362274
-7.19813  0.000343984
-7.18784  0.000338747
-7.17788  0.000336726
-7.16767  0.000350719
-7.15758  0.000336025
-7.14755  0.000346875
-7.13699  0.00037746
-7.12638  0.00035045
-7.11627  0.000352139
-7.1061  0.000351528
-7.09608  0.000344553
-7.08603  0.000358788
-7.07591  0.000357968
-7.06576  0.000352623
-7.05572  0.000360124
-7.04563  0.000358974
-7.03553  0.000359088
-7.02539  0.000369083
-7.01533  0.000359457
-7.00526  0.000362775
-6.99524  0.000368994
-6.985  0.000378698
-6.97492  0.000358027
-6.96489  0.00037758
-6.95476  0.000375327
-6.94462  0.000370385
-6.93451  0.000381698
-6.92429  0.000386044
-6.91423  0.000370007
-6.90416  0.000384871
-6.89409  0.000380857
-6.88399  0.00037999
-6.87397  0.000386304
-6.86383  0.000391541
-6.85383  0.000376378
-6.84374  0.000398311
-6.83363  0.000390476
-6.82345  0.00039335
-6.81347  0.000390568
-6.80331  0.000406225
-6.79329  0.000382962
-6.78312  0.000411498
-6.77301  0.000401054
-6.76235  0.000439225
-6.75187  0.000402176
-6.74167  0.000416191
-6.7316  0.000391126
-6.72109  0.000454734
-6.71058  0.000409462
-6.70024  0.000418767
-6.69025  0.00040573
-6.68012  0.000423337
-6.66987  0.000413232
-6.65945  0.000449511
-6.64904  0.000424375
-6.63866  0.000426042
-6.62817  0.000453581
-6.61768  0.000429346
-6.60756  0.000417161
-6.59758  0.000425538
-6.58755  0.000433154
-6.57725  0.00042843
-6.56733  0.000427368
-6.55679  0.00047654
-6.54605  0.000434955
-6.53591  0.00044477
-6.52596  0.000425379
-6.5159  0.000437006
-6.50581  0.000448114
-6.49575  0.000433864
-6.48565  0.000444964
-6.47553  0.00044798
-6.46554  0.000442583
-6.45537  0.000449898
-6.44527  0.000455847
-6.43519  0.000445829
-6.4244  0.000509489
-6.41378  0.000452337
-6.40384  0.000450965
-6.39358  0.00046601
-6.38351  0.000452351
-6.37311  0.000497334
-6.3626  0.000466504
-6.35236  0.000469681
-6.34237  0.000449967
-6.33235  0.000474526
-6.32221  0.000469477
-6.31215  0.000464678
-6.30216  0.000469251
-6.29193  0.000482999
-6.28191  0.000466816
-6.27177  0.000479928
-6.26129  0.000514281
-6.25076  0.000484284
-6.24072  0.000477408
-6.23053  0.000486159
-6.22052  0.000476265
-6.21042  0.000496378
-6.20031  0.000479848
-6.1902  0.000494025
-6.18018  0.00048342
-6.17002  0.000494563
-6.16011  0.00048617
-6.14994  0.00050454
-6.13985  0.000484261
-6.12976  0.00051153
-6.11975  0.000486882
-6.10959  0.000504974
-6.09961  0.000496937
-6.08947  0.000512725
-6.07937  0.000497308
-6.06923  0.000514872
-6.0593  0.000498871
-6.04908  0.0005136
-6.03915  0.00050698
-6.02902  0.000515496
-6.01898  0.000502681
-6.0089  0.000524484
-5.99894  0.000511681
-5.98872  0.000512322
-5.97882  0.000525352
-5.96869  0.000518124
-5.95868  0.000514758
-5.94853  0.00053535
-5.93855  0.000520322
-5.92792  0.000564179
-5.91757  0.000541177
-5.90735  0.000525245
-5.89735  0.000523793
-5.88673  0.000601176
-5.87624  0.00052018
-5.86594  0.000547855
-5.85595  0.000541059
-5.84586  0.000529582
-5.83574  0.000549407
-5.8256  0.000543687
-5.8157  0.000531777
-5.80543  0.000553631
-5.79542  0.000556045
-5.7853  0.000530102
-5.77526  0.000559487
-5.76512  0.000554304
-5.75513  0.000545081
-5.7449  0.000554529
-5.73492  0.000565911
-5.72475  0.000550835
-5.71417  0.000613187
-5.7036  0.000564635
-5.69353  0.000559271
-5.68337  0.000557045
-5.67342  0.000576785
-5.66321  0.000556964
-5.65315  0.000569257
-5.64259  0.000631065
-5.63188  0.000573294
-5.62176  0.000560209
-5.61189  0.000580788
-5.60165  0.000571952
-5.59152  0.000581623
-5.58145  0.000577266
-5.57139  0.000574669
-5.56122  0.00058094
-5.55125  0.000584795
-5.54104  0.000578413
-5.53096  0.000589306
-5.52098  0.000576968
-5.51089  0.000591138
-5.50067  0.000587008
-5.49035  0.000635138
-5.47973  0.000595192
-5.46964  0.00059348
-5.45957  0.000592635
-5.44946  0.000598251
-5.43931  0.000590861
-5.42938  0.000600161
-5.41911  0.00060389
-5.40862  0.000648029
-5.39762  0.000661919
-5.38709  0.000604044
-5.37687  0.000607353
-5.36692  0.000599153
-5.35679  0.000610832
-5.34673  0.000605522
-5.33661  0.000612094
-5.32657  0.000615064
-5.31632  0.000614847
-5.30634  0.000603667
-5.29631  0.000618181
-5.28617  0.000620922
-5.27606  0.000609402
-5.26609  0.000625891
-5.25586  0.000617778
-5.24585  0.000618437
-5.23579  0.000624463
-5.22568  0.00062112
-5.21567  0.000615938
-5.2057  0.00063245
-5.19548  0.000622635
-5.18555  0.000617425
-5.17552  0.000640926
-5.1653  0.000633926
-5.15519  0.000621594
-5.14524  0.000642596
-5.13504  0.000630398
-5.12503  0.000629324
-5.11504  0.000641708
-5.10487  0.000635298
-5.09477  0.000634036
-5.08482  0.000651868
-5.07457  0.000635094
-5.06453  0.000640453
-5.05456  0.000647592
-5.04438  0.000646164
-5.03429  0.000634145
-5.02432  0.000663951
-5.01405  0.000644284
-5.00403  0.000640955
-4.99407  0.000658864
-4.98385  0.000653744
-4.97377  0.000641921
-4.96382  0.000669556
-4.95357  0.000644189
-4.94359  0.000646364
-4.93366  0.000669531
-4.92337  0.000663518
-4.91334  0.000633576
-4.90347  0.000680467
-4.89315  0.000658905
-4.88313  0.000652188
-4.87323  0.000668107
-4.86292  0.000678505
-4.85287  0.000638156
-4.84293  0.000697813
-4.83257  0.000656129
-4.82256  0.000664333
-4.81265  0.000674445
-4.80243  0.000671609
-4.79241  0.000651347
-4.78246  0.000699153
-4.77218  0.000659984
-4.76215  0.000675405
-4.75215  0.000684369
-4.74137  0.000745197
-4.73082  0.000665631
-4.72097  0.00068634
-4.71074  0.000673085
-4.70067  0.000676435
-4.69081  0.000682569
-4.68052  0.000691242
-4.67047  0.000663273
-4.6606  0.000696794
-4.65034  0.000685676
-4.64019  0.000681315
-4.6303  0.000689582
-4.62  0.000697651
-4.60996  0.000673657
-4.60005  0.000696521
-4.58984  0.000688714
-4.57975  0.000684107
-4.56986  0.000694772
-4.55956  0.000706021
-4.54945  0.000682411
-4.53952  0.000695427
-4.5293  0.00070972
-4.51922  0.000676973
-4.50931  0.000702341
-4.49903  0.000711516
-4.48896  0.000684785
-4.47908  0.000691454
-4.46892  0.000713849
-4.45878  0.000689358
-4.44889  0.000699184
-4.43868  0.000718129
-4.42856  0.000688364
-4.41863  0.000702164
-4.40839  0.00072817
-4.39823  0.000689651
-4.38783  0.00076768
-4.37721  0.00072477
-4.36702  0.000697108
-4.35714  0.000697507
-4.34696  0.000734323
-4.33673  0.000698556
-4.32682  0.000700485
-4.31673  0.000730591
-4.30652  0.000697266
-4.29658  0.000709312
-4.28649  0.000728102
-4.27633  0.000700798
-4.26635  0.000707413
-4.25626  0.000735489
-4.24604  0.000707691
-4.23605  0.000705831
-4.22597  0.000738666
-4.21576  0.000702192
-4.20583  0.000709251
-4.1957  0.000750029
-4.18545  0.000701377
-4.1755  0.000708695
-4.16548  0.00074518
-4.15523  0.000702569
-4.14533  0.000710935
-4.1353  0.000739139
-4.12512  0.000714051
-4.11509  0.000711361
-4.10508  0.000742762
-4.09488  0.000711252
-4.08486  0.000722027
-4.07477  0.000743142
-4.06462  0.000709099
-4.05459  0.000720908
-4.04456  0.000750001
-4.03436  0.000705962
-4.02436  0.000724873
-4.01434  0.000740287
-4.00415  0.000723003
-3.99408  0.000720055
-3.98409  0.000744135
-3.97394  0.000712992
-3.96398  0.000719696
-3.95395  0.000748789
-3.9438  0.000715298
-3.9338  0.000723145
-3.92375  0.000752114
-3.91353  0.000719371
-3.9035  0.000727556
-3.89344  0.000752408
-3.88324  0.0007214
-3.87321  0.000723612
-3.86319  0.000752251
-3.85295  0.00072626
-3.84296  0.000722091
-3.83288  0.000759243
-3.82267  0.0007203
-3.81268  0.000725401
-3.80265  0.000755838
-3.79238  0.00073269
-3.78235  0.000721716
-3.77232  0.000753549
-3.76211  0.000731776
-3.75204  0.000727131
-3.74205  0.000753026
-3.73179  0.000732323
-3.72181  0.000722159
-3.71182  0.000746922
-3.70164  0.000736874
-3.69114  0.000792647
-3.68074  0.000744258
-3.67049  0.000743711
-3.66043  0.000725981
-3.65045  0.000740319
-3.64031  0.000745583
-3.63015  0.000731416
-3.62023  0.000734746
-3.60999  0.000756507
-3.59981  0.000733614
-3.58981  0.000733571
-3.57966  0.000758532
-3.56946  0.000725601
-3.55953  0.000738177
-3.54938  0.000745665
-3.53925  0.000740074
-3.52922  0.000730388
-3.51913  0.00075003
-3.50902  0.000727017
-3.49904  0.000741963
-3.4889  0.000743127
-3.47884  0.000730678
-3.46887  0.000725934
-3.45882  0.00075664
-3.44871  0.000724527
-3.43873  0.00073487
-3.42858  0.000753436
-3.41847  0.000735241
-3.40844  0.000725419
-3.39838  0.000758371
-3.38822  0.000725402
-3.37825  0.000736006
-3.36815  0.000747788
-3.35805  0.000733949
-3.34802  0.00072269
-3.33792  0.000770516
-3.32778  0.000714963
-3.31779  0.000739236
-3.30765  0.000750804
-3.29756  0.000729732
-3.2875  0.000734347
-3.27736  0.000759988
-3.26727  0.000714151
-3.25726  0.000740267
-3.24715  0.000752715
-3.23703  0.000723818
-3.22706  0.00072262
-3.21694  0.000769241
-3.20682  0.000716597
-3.19673  0.000737734
-3.1867  0.000742864
-3.1766  0.000729343
-3.16658  0.000728263
-3.15641  0.000761586
-3.14632  0.000715602
-3.13621  0.000739905
-3.12616  0.000749601
-3.11596  0.000724139
-3.10601  0.000724289
-3.09586  0.000757401
-3.08576  0.000721875
-3.07569  0.000725737
-3.0657  0.000747729
-3.05551  0.000723357
-3.04553  0.000728786
-3.03542  0.00074086
-3.02543  0.000718407
-3.01532  0.000731935
-3.00528  0.000748008
-2.99507  0.000719595
-2.98509  0.000725897
-2.97501  0.000742729
-2.96484  0.000733545
-2.95471  0.000719317
-2.94475  0.000740033
-2.93455  0.000725106
-2.9245  0.000729489
-2.91438  0.000737251
-2.90426  0.00072282
-2.8942  0.000725475
-2.88366  0.00080889
-2.87298  0.000718347
-2.86296  0.000727918
-2.85286  0.000735285
-2.84271  0.000718468
-2.83271  0.000720628
-2.82265  0.00073586
-2.81245  0.000717713
-2.80252  0.000714695
-2.79249  0.000729424
-2.78231  0.000723247
-2.77228  0.000717799
-2.76227  0.000725692
-2.75208  0.00072089
-2.74207  0.000717283
-2.73203  0.000720046
-2.72192  0.000721447
-2.7119  0.000711968
-2.70186  0.000727238
-2.69158  0.000725512
-2.6816  0.000710767
-2.67154  0.000714155
-2.66142  0.000725756
-2.65139  0.000705186
-2.6414  0.000719192
-2.63114  0.00072173
-2.62121  0.000707305
-2.61112  0.000711477
-2.60096  0.000730546
-2.59095  0.000691251
-2.58097  0.0007203
-2.57075  0.000713928
-2.5608  0.000711091
-2.5507  0.000700203
-2.54053  0.000735513
-2.53047  0.000689337
-2.5205  0.000712608
-2.51027  0.000717667
-2.50023  0.000709184
-2.49023  0.000687391
-2.48009  0.000733198
-2.47005  0.000685743
-2.45999  0.000715815
-2.44972  0.000719445
-2.43974  0.00068999
-2.42978  0.000691877
-2.41953  0.000733727
-2.40957  0.000675145
-2.3995  0.000711315
-2.38932  0.000710023
-2.37932  0.000689111
-2.36935  0.000692752
-2.35908  0.000726708
-2.34913  0.000673741
-2.33904  0.000703848
-2.32889  0.000711653
-2.31887  0.000678187
-2.30896  0.000688986
-2.29867  0.000724178
-2.28875  0.000666752
-2.27868  0.000699443
-2.26852  0.000710554
-2.25847  0.000673155
-2.24853  0.000693091
-2.23822  0.000713461
-2.22824  0.000673859
-2.21815  0.000691049
-2.208  0.000708865
-2.19793  0.000671275
-2.18793  0.000692645
-2.17764  0.000704415
-2.16767  0.000672738
-2.15759  0.000684477
-2.14749  0.000698551
-2.13744  0.000669914
-2.12699  0.000746562
-2.11638  0.000688812
-2.10635  0.000682233
-2.09624  0.000676778
-2.08617  0.000693165
-2.07601  0.000675489
-2.066  0.000677227
-2.05586  0.000686323
-2.04579  0.000677047
-2.03572  0.000673484
-2.02557  0.000693818
-2.01542  0.000666986
-2.00544  0.000675182
-1.99527  0.000683595
-1.98516  0.000672313
-1.97514  0.000668199
-1.96501  0.000685741
-1.95489  0.000660577
-1.94491  0.000673848
-1.93474  0.000677641
-1.92466  0.000662611
-1.91474  0.000658122
-1.90463  0.000681344
-1.89449  0.000662377
-1.8845  0.000663849
-1.87433  0.000678042
-1.86425  0.000653676
-1.8543  0.000665951
-1.84405  0.000679639
-1.83396  0.000647999
-1.82404  0.000663678
-1.81383  0.000672459
-1.8037  0.000657106
-1.79375  0.000654379
-1.78356  0.000671882
-1.77345  0.000650837
-1.76354  0.000654606
-1.75331  0.000669284
-1.74318  0.000652369
-1.7332  0.000656849
-1.72299  0.000663831
-1.71286  0.000648751
-1.70292  0.000653475
-1.69273  0.00065655
-1.68268  0.000646959
-1.67273  0.000647448
-1.6626  0.000654633
-1.65248  0.000648457
-1.64249  0.000652321
-1.63231  0.0006461
-1.62222  0.000653817
-1.61221  0.00064141
-1.60211  0.000647721
-1.59203  0.00063869
-1.58203  0.000656498
-1.57179  0.000643989
-1.56165  0.00064923
-1.55165  0.000638582
-1.54148  0.000645804
-1.53141  0.000638218
-1.52139  0.00064611
-1.51121  0.000637522
-1.50108  0.000644092
-1.4911  0.000638022
-1.48088  0.000641829
-1.47081  0.000635465
-1.46078  0.000635868
-1.45068  0.000635701
-1.44052  0.000639195
-1.43054  0.00063232
-1.42035  0.000634487
-1.4103  0.000635362
-1.40026  0.000627862
-1.39018  0.000630343
-1.37958  0.000693749
-1.36914  0.000626003
-1.35899  0.000627888
-1.34892  0.000633998
-1.33887  0.000621549
-1.32878  0.000631917
-1.31863  0.000630249
-1.30863  0.000619121
-1.29854  0.000624539
-1.28843  0.000632475
-1.27835  0.000621425
-1.26822  0.000624867
-1.25809  0.000629168
-1.24801  0.000618052
-1.23792  0.00062314
-1.2278  0.00062483
-1.21774  0.0006171
-1.20764  0.000619251
-1.19757  0.000619696
-1.18754  0.000610509
-1.17752  0.00061987
-1.16736  0.000621818
-1.15734  0.000606452
-1.14726  0.000621946
-1.13711  0.000619936
-1.12706  0.000605299
-1.11706  0.000614766
-1.10695  0.000612331
-1.09694  0.00060745
-1.08685  0.000615372
-1.07676  0.000612182
-1.06671  0.000604676
-1.05664  0.00061607
-1.04649  0.00060972
-1.03645  0.000605572
-1.02635  0.000612701
-1.01624  0.000609239
-1.0062  0.000599071
-0.996154  0.000613227
-0.986003  0.000605388
-0.975984  0.000598676
-0.965965  0.000607503
-0.955824  0.000607623
-0.945767  0.00059454
-0.935785  0.000607029
-0.925664  0.000601152
-0.915612  0.000597605
-0.905591  0.000605016
-0.89543  0.000604316
-0.885371  0.000593509
-0.875327  0.000607719
-0.865171  0.000598436
-0.855069  0.000600005
-0.845029  0.000599427
-0.834957  0.000592778
-0.824903  0.000597442
-0.814847  0.000599982
-0.804768  0.0005912
-0.794727  0.000594463
-0.784637  0.000604937
-0.774507  0.000586851
-0.764486  0.00059518
-0.75441  0.000600546
-0.744289  0.000586205
-0.734234  0.000597398
-0.724156  0.000596395
-0.714014  0.00058976
-0.703944  0.000592529
-0.693879  0.000597179
-0.683736  0.000588084
-0.673631  0.000594655
-0.663557  0.000593327
-0.653455  0.000583535
-0.643366  0.000597871
-0.633267  0.000587979
-0.623203  0.000583474
-0.613136  0.000592282
-0.603052  0.0005897
-0.593028  0.000575
-0.582984  0.00059613
-0.572854  0.000588198
-0.562849  0.000573383
-0.552787  0.00059712
-0.542672  0.000583236
-0.532582  0.000585078
-0.522477  0.000588453
-0.512409  0.000587018
-0.502302  0.00057952
-0.492242  0.00058764
-0.482211  0.000581003
-0.47213  0.000580231
-0.462016  0.000591215
-0.451959  0.000579079
-0.441904  0.000578706
-0.431805  0.000588827
-0.421732  0.000579744
-0.411688  0.000575497
-0.401645  0.000586033
-0.39157  0.000579256
-0.381554  0.00057341
-0.37149  0.00058658
-0.361432  0.000577403
-0.351399  0.000572513
-0.341386  0.000584391
-0.331253  0.000583938
-0.321132  0.000577761
-0.311011  0.000586647
-0.300932  0.000577332
-0.290868  0.000573046
-0.280845  0.000582855
-0.270737  0.000580167
-0.26062  0.000578241
-0.250541  0.000581089
-0.240435  0.000582247
-0.230324  0.000571739
-0.21981  0.000638215
-0.209217  0.000578665
-0.199106  0.000578051
-0.189074  0.000573773
-0.179014  0.0005805
-0.168881  0.000577016
-0.158838  0.000578095
-0.148753  0.000575818
-0.138674  0.000578286
-0.128599  0.00057692
-0.118501  0.000579413
-0.108394  0.000575036
-0.0983362  0.000579753
-0.0882392  0.000575896
-0.0781837  0.000574343
-0.0680914  0.000580246
-0.0580235  0.000572873
-0.0479617  0.000577294
-0.0378743  0.000579044
-0.0277923  0.000573246
-0.0177995  0.000570818
-0.00725903  0.00063549
-0.000830219  9.74167e-05
0.000830219  9.74167e-05
0.00725903  0.00063549
0.0177995  0.000570818
0.0277923  0.000573246
0.0378743  0.000579044
0.0479617  0.000577294
0.0580235  0.000572873
0.0680914  0.000580246
0.0781837  0.000574343
0.0882392  0.000575896
0.0983362  0.000579753
0.108394  0.000575036
0.118501  0.000579413
0.128599  0.00057692
0.138674  0.000578286
0.148753  0.000575818
0.158838  0.000578095
0.168881  0.000577016
0.179014  0.0005805
0.189074  0.000573773
0.199106  0.000578051
0.209217  0.000578665
0.21981  0.000638215
0.230324  0.000571739
0.240435  0.000582247
0.250541  0.000581089
0.26062  0.000578241
0.270737  0.000580167
0.280845  0.000582855
0.290868  0.000573046
0.300932  0.000577332
0.311011  0.000586647
0.321132  0.000577761
0.331253  0.000583938
0.341386  0.000584391
0.351399  0.000572513
0.361432  0.000577403
0.37149  0.00058658
0.381554  0.00057341
0.39157  0.000579256
0.401645  0.000586033
0.411688  0.000575497
0.421732  0.000579744
0.431805  0.000588827
0.441904  0.000578706
0.451959  0.000579079
0.462016  0.000591215
0.47213  0.000580231
0.482211  0.000581003
0.492242  0.00058764
0.502302  0.00057952
0.512409  0.000587018
0.522477  0.000588453
0.532582  0.000585078
0.542672  0.000583236
0.552787  0.00059712
0.562849  0.000573383
0.572854  0.000588198
0.582984  0.00059613
0.593028  0.000575
0.603052  0.0005897
0.613136  0.000592282
0.623203  0.000583474
0.633267  0.000587979
0.643366  0.000597871
0.653455  0.000583535
0.663557  0.000593327
0.673631  0.000594655
0.683736  0.000588084
0.693879  0.000597179
0.703944  0.000592529
0.714014  0.00058976
0.724156  0.000596395
0.734234  0.000597398
0.744289  0.000586205
0.75441  0.000600546
0.764486  0.00059518
0.774507  0.000586851
0.784637  0.000604937
0.794727  0.000594463
0.804768  0.0005912
0.814847  0.000599982
0.824903  0.000597442
0.834957  0.000592778
0.845029  0.000599427
0.855069  0.000600005
0.865171  0.000598436
0.875327  0.000607719
0.885371  0.000593509
0.89543  0.000604316
0.905591  0.000605016
0.915612  0.000597605
0.925664  0.000601152
0.935785  0.000607029
0.945767  0.00059454
0.955824  0.000607623
0.965965  0.000607503
0.975984  0.000598676
0.986003  0.000605388
0.996154  0.000613227
1.0062  0.000599071
1.01624  0.000609239
1.02635  0.000612701
1.03645  0.000605572
1.04649  0.00060972
1.05664  0.00061607
1.06671  0.000604676
1.07676  0.000612182
1.08685  0.000615372
1.09694  0.00060745
1.10695  0.000612331
1.11706  0.000614766
1.12706  0.000605299
1.13711  0.000619936
1.14726  0.000621946
1.15734  0.000606452
1.16736  0.000621818
1.17752  0.00061987
1.18754  0.000610509
1.19757  0.000619696
1.20764  0.000619251
1.21774  0.0006171
1.2278  0.00062483
1.23792  0.00062314
1.24801  0.000618052
1.25809  0.000629168
1.26822  0.000624867
1.27835  0.000621425
1.28843  0.000632475
1.29854  0.000624539
1.30863  0.000619121
1.31863  0.000630249
1.32878  0.000631917
1.33887  0.000621549
1.34892  0.000633998
1.35899  0.000627888
1.36914  0.000626003
1.37958  0.000693749
1.39018  0.000630343
1.40026  0.000627862
1.4103  0.000635362
1.42035  0.000634487
1.43054  0.00063232
1.44052  0.000639195
1.45068  0.000635701
1.46078  0.000635868
1.47081  0.000635465
1.48088  0.000641829
1.4911  0.000638022
1.50108  0.000644092
1.51121  0.000637522
1.52139  0.00064611
1.53141  0.000638218
1.54148  0.000645804
1.55165  0.000638582
1.56165  0.00064923
1.57179  0.000643989
1.58203  0.000656498
1.59203  0.00063869
1.60211  0.000647721
1.61221  0.00064141
1.62222  0.000653817
1.63231  0.0006461
1.64249  0.000652321
1.65248  0.000648457
1.6626  0.000654633
1.67273  0.000647448
1.68268  0.000646959
1.69273  0.00065655
1.70292  0.000653475
1.71286  0.000648751
1.72299  0.000663831
1.7332  0.000656849
1.74318  0.000652369
1.75331  0.000669284
1.76354  0.000654606
1.77345  0.000650837
1.78356  0.000671882
1.79375  0.000654379
1.8037  0.000657106
1.81383  0.000672459
1.82404  0.000663678
1.83396  0.000647999
1.84405  0.000679639
1.8543  0.000665951
1.86425  0.000653676
1.87433  0.000678042
1.8845  0.000663849
1.89449  0.000662377
1.90463  0.000681344
1.91474  0.000658122
1.92466  0.000662611
1.93474  0.000677641
1.94491  0.000673848
1.95489  0.000660577
1.96501  0.000685741
1.97514  0.000668199
1.98516  0.000672313
1.99527  0.000683595
2.00544  0.000675182
2.01542  0.000666986
2.02557  0.000693818
2.03572  0.000673484
2.04579  0.000677047
2.05586  0.000686323
2.066  0.000677227
2.07601  0.000675489
2.08617  0.000693165
2.09624  0.000676778
2.10635  0.000682233
2.11638  0.000688812
2.12699  0.000746562
2.13744  0.000669914
2.14749  0.000698551
2.15759  0.000684477
2.16767  0.000672738
2.17764  0.000704415
2.18793  0.000692645
2.19793  0.000671275
2.208  0.000708865
2.21815  0.000691049
2.22824  0.000673859
2.23822  0.000713461
2.24853  0.000693091
2.25847  0.000673155
2.26852  0.000710554
2.27868  0.000699443
2.28875  0.000666752
2.29867  0.000724178
2.30896  0.000688986
2.31887  0.000678187
2.32889  0.000711653
2.33904  0.000703848
2.34913  0.000673741
2.35908  0.000726708
2.36935  0.000692752
2.37932  0.000689111
2.38932  0.000710023
2.3995  0.000711315
2.40957  0.000675145
2.41953  0.000733727
2.42978  0.000691877
2.43974  0.00068999
2.44972  0.000719445
2.45999  0.000715815
2.47005  0.000685743
2.48009  0.000733198
2.49023  0.000687391
2.50023  0.000709184
2.51027  0.000717667
2.5205  0.000712608
2.53047  0.000689337
2.54053  0.000735513
2.5507  0.000700203
2.5608  0.000711091
2.57075  0.000713928
2.58097  0.0007203
2.59095  0.000691251
2.60096  0.000730546
2.61112  0.000711477
2.62121  0.000707305
2.63114  0.00072173
2.6414  0.000719192
2.65139  0.000705186
2.66142  0.000725756
2.67154  0.000714155
2.6816  0.000710767
2.69158  0.000725512
2.70186  0.000727238
2.7119  0.000711968
2.72192  0.000721447
2.73203  0.000720046
2.74207  0.000717283
2.75208  0.00072089
2.76227  0.000725692
2.77228  0.000717799
2.78231  0.000723247
2.79249  0.000729424
2.80252  0.000714695
2.81245  0.000717713
2.82265  0.00073586
2.83271  0.000720628
2.84271  0.000718468
2.85286  0.000735285
2.86296  0.000727918
2.87298  0.000718347
2.88366  0.00080889
2.8942  0.000725475
2.90426  0.00072282
2.91438  0.000737251
2.9245  0.000729489
2.93455  0.000725106
2.94475  0.000740033
2.95471  0.000719317
2.96484  0.000733545
2.97501  0.000742729
2.98509  0.000725897
2.99507  0.000719595
3.00528  0.000748008
3.01532  0.000731935
3.02543  0.000718407
3.03542  0.00074086
3.04553  0.000728786
3.05551  0.000723357
3.0657  0.000747729
3.07569  0.000725737
3.08576  0.000721875
3.09586  0.000757401
3.10601  0.000724289
3.11596  0.000724139
3.12616  0.000749601
3.13621  0.000739905
3.14632  0.000715602
3.15641  0.000761586
3.16658  0.000728263
3.1766  0.000729343
3.1867  0.000742864
3.19673  0.000737734
3.20682  0.000716597
3.21694  0.000769241
3.22706  0.00072262
3.23703  0.000723818
3.24715  0.000752715
3.25726  0.000740267
3.26727  0.000714151
3.27736  0.000759988
3.2875  0.000734347
3.29756  0.000729732
3.30765  0.000750804
3.31779  0.000739236
3.32778  0.000714963
3.33792  0.000770516
3.34802  0.00072269
3.35805  0.000733949
3.36815  0.000747788
3.37825  0.000736006
3.38822  0.000725402
3.39838  0.000758371
3.40844  0.000725419
3.41847  0.000735241
3.42858  0.000753436
3.43873  0.00073487
3.44871  0.000724527
3.45882  0.00075664
3.46887  0.000725934
3.47884  0.000730678
3.4889  0.000743127
3.49904  0.000741963
3.50902  0.000727017
3.51913  0.00075003
3.52922  0.000730388
3.53925  0.000740074
3.54938  0.000745665
3.55953  0.000738177
3.56946  0.000725601
3.57966  0.000758532
3.58981  0.000733571
3.59981  0.000733614
3.60999  0.000756507
3.62023  0.000734746
3.63015  0.000731416
3.64031  0.000745583
3.65045  0.000740319
3.66043  0.000725981
3.67049  0.000743711
3.68074  0.000744258
3.69114  0.000792647
3.70164  0.000736874
3.71182  0.000746922
3.72181  0.000722159
3.73179  0.000732323
3.74205  0.000753026
3.75204  0.000727131
3.76211  0.000731776
3.77232  0.000753549
3.78235  0.000721716
3.79238  0.00073269
3.80265  0.000755838
3.81268  0.000725401
3.82267  0.0007203
3.83288  0.000759243
3.84296  0.000722091
3.85295  0.00072626
3.86319  0.000752251
3.87321  0.000723612
3.88324  0.0007214
3.89344  0.000752408
3.9035  0.000727556
3.91353  0.000719371
3.92375  0.000752114
3.9338  0.000723145
3.9438  0.000715298
3.95395  0.000748789
3.96398  0.000719696
3.97394  0.000712992
3.98409  0.000744135
3.99408  0.000720055
4.00415  0.000723003
4.01434  0.000740287
4.02436  0.000724873
4.03436  0.000705962
4.04456  0.000750001
4.05459  0.000720908
4.06462  0.000709099
4.07477  0.000743142
4.08486  0.000722027
4.09488  0.000711252
4.10508  0.000742762
4.11509  0.000711361
4.12512  0.000714051
4.1353  0.000739139
4.14533  0.000710935
4.15523  0.000702569
4.16548  0.00074518
4.1755  0.000708695
4.18545  0.000701377
4.1957  0.000750029
4.20583  0.000709251
4.21576  0.000702192
4.22597  0.000738666
4.23605  0.000705831
4.24604  0.000707691
4.25626  0.000735489
4.26635  0.000707413
4.27633  0.000700798
4.28649  0.000728102
4.29658  0.000709312
4.30652  0.000697266
4.31673  0.000730591
4.32682  0.000700485
4.33673  0.000698556
4.34696  0.000734323
4.35714  0.000697507
4.36702  0.000697108
4.37721  0.00072477
4.38783  0.00076768
4.39823  0.000689651
4.40839  0.00072817
4.41863  0.000702164
4.42856  0.000688364
4.43868  0.000718129
4.44889  0.000699184
4.45878  0.000689358
4.46892  0.000713849
4.47908  0.000691454
4.48896  0.000684785
4.49903  0.000711516
4.50931  0.000702341
4.51922  0.000676973
4.5293  0.00070972
4.53952  0.000695427
4.54945  0.000682411
4.55956  0.000706021
4.56986  0.000694772
4.57975  0.000684107
4.58984  0.000688714
4.60005  0.000696521
4.60996  0.000673657
4.62  0.000697651
4.6303  0.000689582
4.64019  0.000681315
4.65034  0.000685676
4.6606  0.000696794
4.67047  0.000663273
4.68052  0.000691242
4.69081  0.000682569
4.70067  0.000676435
4.71074  0.000673085
4.72097  0.00068634
4.73082  0.000665631
4.74137  0.000745197
4.75215  0.000684369
4.76215  0.000675405
4.77218  0.000659984
4.78246  0.000699153
4.79241  0.000651347
4.80243  0.000671609
4.81265  0.000674445
4.82256  0.000664333
4.83257  0.000656129
4.84293  0.000697813
4.85287  0.000638156
4.86292  0.000678505
4.87323  0.000668107
4.88313  0.000652188
4.89315  0.000658905
4.90347  0.000680467
4.91334  0.000633576
4.92337  0.000663518
4.93366  0.000669531
4.94359  0.000646364
4.95357  0.000644189
4.96382  0.000669556
4.97377  0.000641921
4.98385  0.000653744
4.99407  0.000658864
5.00403  0.000640955
5.01405  0.000644284
5.02432  0.000663951
5.03429  0.000634145
5.04438  0.000646164
5.05456  0.000647592
5.06453  0.000640453
5.07457  0.000635094
5.08482  0.000651868
5.09477  0.000634036
5.10487  0.000635298
5.11504  0.000641708
5.12503  0.000629324
5.13504  0.000630398
5.14524  0.000642596
5.15519  0.000621594
5.1653  0.000633926
5.17552  0.000640926
5.18555  0.000617425
5.19548  0.000622635
5.2057  0.00063245
5.21567  0.000615938
5.22568  0.00062112
5.23579  0.000624463
5.24585  0.000618437
5.25586  0.000617778
5.26609  0.000625891
5.27606  0.000609402
5.28617  0.000620922
5.29631  0.000618181
5.30634  0.000603667
5.31632  0.000614847
5.32657  0.000615064
5.33661  0.000612094
5.34673  0.000605522
5.35679  0.000610832
5.36692  0.000599153
5.37687  0.000607353
5.38709  0.000604044
5.39762  0.000661919
5.40862  0.000648029
5.41911  0.00060389
5.42938  0.000600161
5.43931  0.000590861
5.44946  0.000598251
5.45957  0.000592635
5.46964  0.00059348
5.47973  0.000595192
5.49035  0.000635138
5.50067  0.000587008
5.51089  0.000591138
5.52098  0.000576968
5.53096  0.000589306
5.54104  0.000578413
5.55125  0.000584795
5.56122  0.00058094
5.57139  0.000574669
5.58145  0.000577266
5.59152  0.000581623
5.60165  0.000571952
5.61189  0.000580788
5.62176  0.000560209
5.63188  0.000573294
5.64259  0.000631065
5.65315  0.000569257
5.66321  0.000556964
5.67342  0.000576785
5.68337  0.000557045
5.69353  0.000559271
5.7036  0.000564635
5.71417  0.000613187
5.72475  0.000550835
5.73492  0.000565911
5.7449  0.000554529
5.75513  0.000545081
5.76512  0.000554304
5.77526  0.000559487
5.7853  0.000530102
5.79542  0.000556045
5.80543  0.000553631
5.8157  0.000531777
5.8256  0.000543687
5.83574  0.000549407
5.84586  0.000529582
5.85595  0.000541059
5.86594  0.000547855
5.87624  0.00052018
5.88673  0.000601176
5.89735  0.000523793
5.90735  0.000525245
5.91757  0.000541177
5.92792  0.000564179
5.93855  0.000520322
5.94853  0.00053535
5.95868  0.000514758
5.96869  0.000518124
5.97882  0.000525352
5.98872  0.000512322
5.99894  0.000511681
6.0089  0.000524484
6.01898  0.000502681
6.02902  0.000515496
6.03915  0.00050698
6.04908  0.0005136
6.0593  0.000498871
6.06923  0.000514872
6.07937  0.000497308
6.08947  0.000512725
6.09961  0.000496937
6.10959  0.000504974
6.11975  0.000486882
6.12976  0.00051153
6.13985  0.000484261
6.14994  0.00050454
6.16011  0.00048617
6.17002  0.000494563
6.18018  0.00048342
6.1902  0.000494025
6.20031  0.000479848
6.21042  0.000496378
6.22052  0.000476265
6.23053  0.000486159
6.24072  0.000477408
6.25076  0.000484284
6.26129  0.000514281
6.27177  0.000479928
6.28191  0.000466816
6.29193  0.000482999
6.30216  0.000469251
6.31215  0.000464678
6.32221  0.000469477
6.33235  0.000474526
6.34237  0.000449967
6.35236  0.000469681
6.3626  0.000466504
6.37311  0.000497334
6.38351  0.000452351
6.39358  0.00046601
6.40384  0.000450965
6.41378  0.000452337
6.4244  0.000509489
6.43519  0.000445829
6.44527  0.000455847
6.45537  0.000449898
6.46554  0.000442583
6.47553  0.00044798
6.48565  0.000444964
6.49575  0.000433864
6.50581  0.000448114
6.5159  0.000437006
6.52596  0.000425379
6.53591  0.00044477
6.54605  0.000434955
6.55679  0.00047654
6.56733  0.000427368
6.57725  0.00042843
6.58755  0.000433154
6.59758  0.000425538
6.60756  0.000417161
6.61768  0.000429346
6.62817  0.000453581
6.63866  0.000426042
6.64904  0.000424375
6.65945  0.000449511
6.66987  0.000413232
6.68012  0.000423337
6.69025  0.00040573
6.70024  0.000418767
6.71058  0.000409462
6.72109  0.000454734
6.7316  0.000391126
6.74167  0.000416191
6.75187  0.000402176
6.76235  0.000439225
6.77301  0.000401054
6.78312  0.000411498
6.79329  0.000382962
6.80331  0.000406225
6.81347  0.000390568
6.82345  0.00039335
6.83363  0.000390476
6.84374  0.000398311
6.85383  0.000376378
6.86383  0.000391541
6.87397  0.000386304
6.88399  0.00037999
6.89409  0.000380857
6.90416  0.000384871
6.91423  0.000370007
6.92429  0.000386044
6.93451  0.000381698
6.94462  0.000370385
6.95476  0.000375327
6.96489  0.00037758
6.97492  0.000358027
6.985  0.000378698
6.99524  0.000368994
7.00526  0.000362775
7.01533  0.000359457
7.02539  0.000369083
7.03553  0.000359088
7.04563  0.000358974
7.05572  0.000360124
7.06576  0.000352623
7.07591  0.000357968
7.08603  0.000358788
7.09608  0.000344553
7.1061  0.000351528
7.11627  0.000352139
7.12638  0.00035045
7.13699  0.00037746
7.14755  0.000346875
7.15758  0.000336025
7.16767  0.000350719
7.17788  0.000336726
7.18784  0.000338747
7.19813  0.000343984
7.2086  0.000362274
7.21901  0.000324936
7.22914  0.000345608
7.2394  0.00032594
7.2493  0.000330146
7.25944  0.000329193
7.26952  0.000327131
7.27953  0.000318185
7.28957  0.000334267
7.29982  0.000317554
7.30977  0.00032324
7.31998  0.000322011
7.33014  0.000324233
7.34059  0.000335255
7.35103  0.00032063
7.36128  0.00031427
7.37128  0.000313172
7.38136  0.000308098
7.39146  0.000314576
7.40155  0.000308
7.41168  0.000311886
7.42182  0.000298109
7.43176  0.000308331
7.44186  0.000297579
7.45204  0.000313736
7.46204  0.000289906
7.47208  0.000301606
7.48223  0.000296559
7.49223  0.000298367
7.50237  0.000295733
7.51255  0.000295836
7.52247  0.000287528
7.5326  0.000293844
7.54271  0.000289685
7.55278  0.000287184
7.56275  0.000284883
7.57303  0.00029288
7.58293  0.000276883
7.59315  0.000289818
7.60334  0.000284877
7.61341  0.000276454
7.62334  0.000278613
7.63362  0.000278797
7.64345  0.000274174
7.65369  0.000278106
7.66384  0.000278959
7.6745  0.000296953
7.68545  0.000298157
7.69629  0.000277934
7.7063  0.00026625
7.71645  0.000266095
7.72654  0.000270373
7.73671  0.000263935
7.7466  0.000258614
7.75688  0.000269783
7.76694  0.000263524
7.77709  0.000252188
7.78705  0.000265362
7.79723  0.000256652
7.80727  0.000253543
7.8174  0.000256662
7.82738  0.000254875
7.83753  0.00024481
7.84755  0.000261082
7.85764  0.000243837
7.86765  0.00024947
7.87778  0.000245951
7.88785  0.000250977
7.89785  0.000235877
7.90796  0.000253034
7.91802  0.00023941
7.9281  0.000237714
7.93819  0.000244839
7.94835  0.000244667
7.95846  0.000228748
7.96899  0.000266475
7.97939  0.000226163
7.98946  0.000235981
7.99963  0.000239216
8.01017  0.000248786
8.02068  0.000228484
8.0308  0.000233251
8.04091  0.000227632
8.05102  0.00022361
8.06107  0.000231133
8.07113  0.00022162
8.08126  0.000219197
8.09131  0.000228534
8.10139  0.000219763
8.11147  0.000213715
8.12159  0.000228222
8.13169  0.000211297
8.14171  0.000214604
8.1518  0.000221518
8.16243  0.000231201
8.17299  0.000210311
8.18304  0.0002172
8.19314  0.000207624
8.20327  0.000209537
8.21394  0.000234975
8.22466  0.000207327
8.23489  0.000204187
8.24491  0.000210435
8.25502  0.000202034
8.26517  0.000199555
8.27511  0.000204895
8.28531  0.000198255
8.29549  0.000200372
8.30553  0.000200813
8.31566  0.000195762
8.32586  0.000197561
8.33581  0.000193241
8.34595  0.000196297
8.35624  0.000193219
8.36666  0.000207864
8.37709  0.000187978
8.38735  0.000193838
8.39748  0.00018849
8.40759  0.000187074
8.41776  0.000185855
8.42782  0.000187651
8.43789  0.000182405
8.44809  0.000183945
8.45805  0.000180882
8.46809  0.000180821
8.47828  0.000181358
8.48838  0.000179665
8.4984  0.00017582
8.50892  0.000190038
8.51938  0.000177115
8.52949  0.00017597
8.54005  0.000188154
8.55067  0.000174944
8.56082  0.000172406
8.57086  0.000168052
8.58095  0.000172707
8.591  0.000166079
8.60114  0.000167757
8.61121  0.000167879
8.62135  0.000165404
8.63136  0.000163918
8.64152  0.000165898
8.65164  0.000166157
8.66192  0.000158978
8.67191  0.000160229
8.68209  0.000163557
8.69199  0.000154786
8.70215  0.000158276
8.71217  0.000158693
8.72235  0.000151523
8.73229  0.000161136
8.74253  0.000153082
8.75259  0.000152938
8.76282  0.000149636
8.77266  0.000155769
8.78289  0.0001471
8.79291  0.000152628
8.80312  0.000148346
8.81302  0.000147028
8.82327  0.000143728
8.83333  0.000155688
8.84362  0.000137343
8.85351  0.000149009
8.86367  0.000141843
8.87372  0.000141316
8.88388  0.00014078
8.8939  0.000148892
8.90426  0.000134235
8.9149  0.000156951
8.92551  0.000136815
8.93544  0.000137499
8.94568  0.000135291
8.95581  0.000141437
8.966  0.000129152
8.97621  0.000138164
8.9861  0.000131792
8.99627  0.000129814
9.00643  0.000133886
9.01656  0.000133712
9.02668  0.000124975
9.03697  0.000134313
9.04684  0.000125592
9.0574  0.000135401
9.06794  0.000128412
9.07862  0.000139932
9.08909  0.000118734
9.09925  0.000128759
9.10925  0.000124046
9.11947  0.000117371
9.12944  0.000126048
9.14009  0.000131478
9.15059  0.000114565
9.16074  0.00012442
9.17072  0.000119291
9.18109  0.000114138
9.19087  0.000118201
9.2011  0.000117729
9.21129  0.000112047
9.22149  0.00011769
9.23133  0.000113193
9.24163  0.000111335
9.25161  0.000114307
9.26186  0.000112119
9.27188  0.000106509
9.28196  0.000113379
9.29204  0.000113396
9.30243  0.000102288
9.31287  0.000123155
9.32346  0.000106824
9.33366  0.000104338
9.34374  0.000106861
9.35378  0.000107025
9.36407  0.000100831
9.37404  0.000106581
9.38473  0.000112079
9.39554  0.000104303
9.40565  0.000101423
9.41559  0.000100813
9.42572  9.50893e-05
9.43574  0.000103881
9.44581  9.79327e-05
9.45604  9.64975e-05
9.46602  9.77972e-05
9.4761  9.71686e-05
9.48622  9.31472e-05
9.49633  9.86322e-05
9.50639  9.3584e-05
9.51672  9.40489e-05
9.52656  9.38686e-05
9.53672  9.23865e-05
9.54689  9.19123e-05
9.55708  9.13392e-05
9.56692  9.18919e-05
9.57721  8.94427e-05
9.58725  8.93594e-05
9.59743  9.08073e-05
9.6075  8.7498e-05
9.61764  8.6217e-05
9.62799  9.609e-05
9.63872  8.30898e-05
9.64862  8.91368e-05
9.65887  8.57909e-05
9.66907  8.46723e-05
9.67919  8.15347e-05
9.68918  8.62472e-05
9.69948  8.12543e-05
9.70956  8.45154e-05
9.71969  8.13254e-05
9.7301  8.69249e-05
9.74078  7.82476e-05
9.75078  8.33969e-05
9.76157  8.49481e-05
9.77224  8.31548e-05
9.78217  7.26326e-05
9.79213  8.10064e-05
9.80269  7.58057e-05
9.81256  7.80055e-05
9.82277  7.53195e-05
9.83351  8.30835e-05
9.84395  7.23791e-05
9.85401  7.59758e-05
9.86444  7.39693e-05
9.87433  7.34869e-05
9.88435  6.86057e-05
9.89466  7.53285e-05
9.90457  7.15483e-05
9.9147  7.03212e-05
9.92497  7.09401e-05
9.93504  6.90429e-05
9.94496  6.66121e-05
9.9554  7.51364e-05
9.96585  7.28562e-05
9.97641  6.63772e-05
9.98662  6.95161e-05
9.99696  6.74976e-05
10.007  6.38616e-05
10.0173  6.90072e-05
10.0271  6.42934e-05
10.0373  6.21973e-05
10.0475  6.78891e-05
10.0577  6.28454e-05
10.0676  6.16778e-05
10.0778  6.43707e-05
10.0878  6.26113e-05
10.098  5.85479e-05
10.1084  7.04103e-05
10.1192  6.1289e-05
10.1293  5.83344e-05
10.1395  6.14175e-05
10.1496  6.24917e-05
10.1598  5.35983e-05
10.1699  6.48728e-05
10.1803  5.55974e-05
10.1902  5.63877e-05
10.2004  5.96844e-05
10.2106  5.82808e-05
10.2207  5.21988e-05
10.2308  6.02808e-05
10.241  5.31521e-05
10.2513  5.53252e-05
10.2611  5.58516e-05
10.2714  5.49942e-05
10.2814  4.98087e-05
10.2915  5.77149e-05
10.3017  5.0844e-05
10.312  5.23826e-05
10.3217  5.22353e-05
10.332  5.32502e-05
10.3421  4.86304e-05
10.3525  5.46806e-05
10.3625  4.88341e-05
10.3728  4.92318e-05
10.3825  5.10448e-05
10.393  4.86323e-05
10.403  4.7803e-05
10.4136  5.47069e-05
10.424  4.66207e-05
10.4345  4.78786e-05
10.4442  4.75387e-05
10.4546  4.76287e-05
10.4645  4.56789e-05
10.4748  4.65678e-05
10.4847  4.64108e-05
10.4952  4.33232e-05
10.5048  4.72464e-05
10.5153  4.38062e-05
10.5253  4.40717e-05
10.5354  4.40706e-05
10.5455  4.42341e-05
10.5559  4.30062e-05
10.5658  4.40958e-05
10.576  4.13574e-05
10.5861  4.34278e-05
10.5963  4.06159e-05
10.6065  4.28247e-05
10.6165  3.99311e-05
10.6266  4.16537e-05
10.6367  4.10134e-05
10.6476  4.54079e-05
10.6582  3.92438e-05
10.6684  3.93476e-05
10.6785  3.77143e-05
10.6884  3.9719e-05
10.6985  3.79055e-05
10.7088  3.97327e-05
10.7192  3.92925e-05
10.73  3.9615e-05
10.7399  3.50046e-05
10.75  3.75231e-05
10.7603  3.81024e-05
10.7707  3.6789e-05
10.7807  3.44146e-05
10.791  3.70295e-05
10.8015  3.78052e-05
10.8123  3.62208e-05
10.8224  3.44982e-05
10.8326  3.4355e-05
10.8425  3.36189e-05
10.8528  3.42575e-05
10.8628  3.30102e-05
10.873  3.23627e-05
10.883  3.49982e-05
10.8933  3.29268e-05
10.9035  3.10418e-05
10.9137  3.21776e-05
10.9238  3.27154e-05
10.934  3.06071e-05
10.9439  3.28733e-05
10.9543  3.00118e-05
10.9644  3.05385e-05
10.9743  3.1326e-05
10.9845  2.99046e-05
10.9946  2.82474e-05
11.0047  3.22904e-05
11.015  2.72528e-05
11.0251  3.02084e-05
11.0353  2.87185e-05
11.0454  2.97553e-05
11.0553  2.68213e-05
11.0656  2.938e-05
11.0757  2.60094e-05
11.0861  2.99765e-05
11.096  2.72398e-05
11.1063  2.68047e-05
11.1167  2.73246e-05
11.1269  2.78152e-05
11.1369  2.53828e-05
11.1473  2.74174e-05
11.1572  2.56761e-05
11.1676  2.54457e-05
11.1775  2.61289e-05
11.1879  2.50312e-05
11.1978  2.4148e-05
11.2081  2.6015e-05
11.2182  2.49676e-05
11.2286  2.32455e-05
11.2386  2.57056e-05
11.2488  2.37701e-05
11.259  2.41059e-05
11.2695  2.34178e-05
11.2794  2.32563e-05
11.2897  2.28703e-05
11.2998  2.46775e-05
11.3101  2.16209e-05
11.3204  2.27332e-05
11.3305  2.247e-05
11.3405  2.21834e-05
11.3509  2.15835e-05
11.361  2.29813e-05
11.3713  2.00149e-05
11.3812  2.17101e-05
11.3915  2.13831e-05
11.4017  2.13098e-05
11.4119  1.91437e-05
11.4219  2.25467e-05
11.4322  1.97548e-05
11.4426  2.10606e-05
11.4529  1.982e-05
11.4629  1.84977e-05
11.473  1.93069e-05
11.4832  2.09574e-05
11.4933  1.83731e-05
11.5037  1.91497e-05
11.5136  1.91954e-05
11.5241  1.89686e-05
11.5349  1.93122e-05
11.5454  1.97459e-05
11.5556  1.75011e-05
11.5662  1.80171e-05
11.576  1.77458e-05
11.5864  1.78032e-05
11.5964  1.74255e-05
11.6067  1.79381e-05
11.617  1.61125e-05
11.6272  1.73707e-05
11.637  1.70397e-05
11.6475  1.69203e-05
11.6576  1.56919e-05
11.6678  1.7106e-05
11.678  1.6152e-05
11.6884  1.55283e-05
11.6982  1.62649e-05
11.7085  1.55114e-05
11.7187  1.57304e-05
11.7289  1.55155e-05
11.7388  1.42856e-05
11.7492  1.54216e-05
11.7591  1.59319e-05
11.7696  1.41631e-05
11.7798  1.43256e-05
11.7899  1.43671e-05
11.7998  1.56367e-05
11.8103  1.33908e-05
11.8205  1.4903e-05
11.8312  1.47406e-05
11.8417  1.37988e-05
11.8521  1.38858e-05
11.8622  1.27841e-05
11.873  1.48435e-05
11.8834  1.4034e-05
11.8936  1.24793e-05
11.9039  1.33413e-05
11.9142  1.28051e-05
11.9243  1.30912e-05
11.9347  1.18492e-05
11.9447  1.31584e-05
11.955  1.22985e-05
11.9653  1.24476e-05
11.9754  1.19123e-05
11.9853  1.20169e-05
11.996  1.15259e-05
12.0061  1.24433e-05
12.0162  1.13703e-05
12.0266  1.13373e-05
12.0368  1.18489e-05
12.0472  1.12173e-05
12.0576  1.12036e-05
12.0679  1.17288e-05
12.078  1.07852e-05
12.0884  1.16072e-05
12.0987  1.00107e-05
12.1091  1.11336e-05
12.1193  9.72076e-06
12.1295  1.13401e-05
12.1396  9.68091e-06
12.1501  1.03093e-05
12.1601  1.04303e-05
12.1702  9.76709e-06
12.1805  9.62923e-06
12.1907  1.0118e-05
12.2005  8.92722e-06
12.211  9.84234e-06
12.2209  9.51056e-06
12.2314  9.63675e-06
12.2418  9.10808e-06
12.2523  9.55251e-06
12.2624  9.53359e-06
12.2727  8.4179e-06
12.2827  9.6594e-06
12.2933  8.34452e-06
12.3032  8.74007e-06
12.3138  9.19823e-06
12.3241  7.93338e-06
12.3345  8.97788e-06
12.3443  8.63303e-06
12.3548  7.64841e-06
12.3649  8.59373e-06
12.3753  8.6007e-06
12.3858  7.70717e-06
12.3965  8.22377e-06
12.4065  7.71966e-06
12.4165  7.76925e-06
12.4267  7.996e-06
12.4371  7.21962e-06
12.4475  7.61269e-06
12.4579  7.42029e-06
12.4676  7.51696e-06
12.4781  7.06479e-06
12.4885  7.58181e-06
12.4987  6.83339e-06
12.5093  7.4261e-06
12.5196  6.92041e-06
12.5297  7.0348e-06
12.5404  6.7764e-06
12.5507  7.12569e-06
12.5614  6.65135e-06
12.572  7.16523e-06
12.5819  6.68214e-06
12.5924  6.10212e-06
12.6023  5.66437e-06
12.6131  7.31035e-06
12.6231  6.11347e-06
12.6333  6.20018e-06
12.6439  6.09586e-06
12.6546  6.51114e-06
12.6651  5.63629e-06
12.6751  6.41444e-06
12.6855  5.07226e-06
12.6958  6.6557e-06
12.7059  5.17208e-06
12.7165  5.80732e-06
12.727  5.58079e-06
12.7371  5.76008e-06
12.7471  5.16392e-06
12.7575  5.84966e-06
12.768  5.59509e-06
12.7787  5.3249e-06
12.7891  4.88312e-06
12.799  5.34934e-06
12.8095  4.93336e-06
12.8203  5.46552e-06
12.8303  4.70559e-06
12.8406  4.9012e-06
12.8511  4.984e-06
12.8613  4.83019e-06
12.8719  5.39498e-06
12.8825  4.28955e-06
12.8922  4.55747e-06
12.9027  4.71904e-06
12.9133  4.79435e-06
12.9238  4.4992e-06
12.9336  4.12132e-06
12.9443  4.72865e-06
12.9546  4.57983e-06
12.965  4.0989e-06
12.975  4.36692e-06
12.9857  4.27416e-06
12.9957  4.0818e-06
13.0066  4.13953e-06
13.0164  3.99578e-06
13.0269  4.16741e-06
13.0378  4.12613e-06
13.0487  4.2236e-06
13.0583  3.46385e-06
13.0689  4.00429e-06
13.079  3.93947e-06
13.0897  3.66972e-06
13.1  3.59424e-06
13.1106  3.60695e-06
13.1205  3.75283e-06
13.1309  3.72926e-06
13.1411  3.42257e-06
13.1517  3.56545e-06
13.1614  3.21108e-06
13.1718  3.45504e-06
13.1821  3.09243e-06
13.1928  3.65712e-06
13.2032  3.59066e-06
13.2141  2.97638e-06
13.2237  3.08864e-06
13.2344  3.58327e-06
13.2454  3.49209e-06
13.2564  3.13613e-06
13.267  3.0236e-06
13.277  3.02992e-06
13.2874  2.85986e-06
13.2976  2.81762e-06
13.3079  2.96484e-06
13.3188  2.84653e-06
13.3286  3.11032e-06
13.3389  2.53753e-06
13.3495  3.06349e-06
13.3602  2.96988e-06
13.3708  2.73238e-06
13.3821  2.63554e-06
13.3928  2.68885e-06
13.4034  2.70374e-06
13.4135  2.83763e-06
13.4239  2.30243e-06
13.4344  2.70431e-06
13.4451  2.75512e-06
13.4552  2.43552e-06
13.4659  2.14332e-06
13.4765  2.48397e-06
13.4875  2.69311e-06
13.4985  2.3777e-06
13.5093  2.41771e-06
13.5194  2.17612e-06
13.5306  2.46839e-06
13.5405  2.10579e-06
13.5513  2.38236e-06
13.5619  2.16286e-06
13.5723  2.16389e-06
13.5831  1.83367e-06
13.5937  2.44018e-06
13.6041  2.11269e-06
13.6144  2.24558e-06
13.6256  2.00221e-06
13.6368  1.98409e-06
13.6472  1.91127e-06
13.6573  1.96577e-06
13.6675  2.01713e-06
13.6789  1.83024e-06
13.6886  1.93797e-06
13.6996  1.93242e-06
13.7104  1.57668e-06
13.7207  1.9322e-06
13.7322  2.09028e-06
13.7425  1.78387e-06
13.7529  1.57297e-06
13.7634  1.72914e-06
13.7737  1.60779e-06
13.7846  1.87197e-06
13.7945  1.45124e-06
13.8057  1.82667e-06
13.8166  1.72137e-06
13.8279  1.66126e-06
13.8385  1.65142e-06
13.8488  1.42683e-06
13.8596  1.37857e-06
13.8699  1.76332e-06
13.8815  1.29258e-06
13.8909  1.55713e-06
13.9012  1.42851e-06
13.912  1.56709e-06
13.9234  1.29311e-06
13.9325  1.07847e-06
13.9436  1.86247e-06
13.9548  1.40079e-06
13.9654  1.05797e-06
13.9757  1.24886e-06
13.9866  1.5072e-06
13.9973  1.35287e-06
14.0081  1.2748e-06
14.0185  1.34591e-06
14.0291  1.01443e-06
14.0391  1.21812e-06
14.0499  1.27129e-06
14.061  1.33928e-06
14.0714  1.1406e-06
14.0818  1.12859e-06
14.0922  9.65597e-07
14.102  1.26979e-06
14.1133  1.18437e-06
14.1245  1.04289e-06
14.1346  9.60562e-07
14.1453  1.31199e-06
14.1567  9.89624e-07
14.1665  1.05052e-06
14.1775  9.21439e-07
14.1884  1.11129e-06
14.199  9.56392e-07
14.2095  9.40187e-07
14.2208  1.10552e-06
14.2301  9.35324e-07
14.2411  1.02293e-06
14.2521  7.81129e-07
14.2635  1.03325e-06
14.2746  9.31167e-07
14.2847  8.66293e-07
14.2947  7.56445e-07
14.3051  9.53059e-07
14.3165  8.95167e-07
14.3271  9.58629e-07
14.3376  6.02042e-07
14.3472  9.45424e-07
14.3582  7.40645e-07
14.3682  6.41699e-07
14.3783  8.55787e-07
14.3897  8.91818e-07
14.4007  7.24786e-07
14.4114  7.91206e-07
14.4218  7.4135e-07
14.4328  7.61967e-07
14.4433  7.84239e-07
14.454  6.59552e-07
14.4637  6.86061e-07
14.4744  6.93996e-07
14.4847  6.32914e-07
14.496  6.31319e-07
14.5067  7.09628e-07
14.5175  7.29672e-07
14.5274  6.91965e-07
14.5387  6.93406e-07
14.5501  5.5878e-07
14.5607  6.3185e-07
14.5702  5.24989e-07
14.5818  6.87356e-07
14.5941  6.51502e-07
14.6035  6.58257e-07
14.6158  5.76949e-07
14.6249  4.92266e-07
14.6362  6.24164e-07
14.6465  4.54198e-07
14.6579  6.01971e-07
14.6694  4.87897e-07
14.6802  6.51675e-07
14.6913  6.18287e-07
14.7026  4.97499e-07
14.7136  4.27045e-07
14.7236  4.81203e-07
14.7342  5.66843e-07
14.7449  4.20215e-07
14.7553  5.13633e-07
14.7669  4.58949e-07
14.7771  5.38861e-07
14.7878  4.32588e-07
14.7993  3.81441e-07
14.8092  4.76796e-07
14.8188  4.00788e-07
14.8299  3.69789e-07
14.8409  4.78803e-07
14.852  3.95847e-07
14.8619  4.34852e-07
14.872  4.00234e-07
14.8815  4.3593e-07
14.8932  3.38595e-07
14.9037  3.32336e-07
14.9135  3.30784e-07
14.9235  4.32252e-07
14.9349  5.42898e-07
14.9459  1.97757e-07
14.9561  3.87603e-07
14.968  3.73371e-07
14.978  3.19835e-07
14.9883  3.15689e-07
14.9988  3.63883e-07
15.0101  3.40541e-07
15.0197  3.27791e-07
15.0314  3.71656e-07
15.0438  3.27912e-07
15.056  3.5066e-07
15.0654  3.25069e-07
15.0764  2.29943e-07
15.0872  3.76766e-07
15.0984  3.13058e-07
15.1095  2.804e-07
15.1199  2.42798e-07
15.131  2.98179e-07
15.1408  3.52418e-07
15.152  2.69932e-07
15.163  2.02728e-07
15.1721  2.3333e-07
15.1836  3.22778e-07
15.1959  2.88989e-07
15.206  1.88974e-07
15.216  3.18078e-07
15.2285  2.04578e-07
15.2386  2.32704e-07
15.25  3.19136e-07
15.2615  2.46398e-07
15.2717  2.17413e-07
15.2826  2.04806e-07
15.2923  1.91441e-07
15.3038  1.97831e-07
15.314  2.78812e-07
15.3242  1.96607e-07
15.3349  2.19807e-07
15.347  2.1708e-07
15.3575  1.19175e-07
15.3686  2.3023e-07
15.3801  2.2794e-07
15.3906  1.89053e-07
15.3997  1.63984e-07
15.4117  1.88698e-07
15.4204  2.44558e-07
15.4317  1.88096e-07
15.4416  1.24773e-07
15.4541  1.02078e-07
15.4641  2.11055e-07
15.4736  1.50765e-07
15.4843  1.6224e-07
15.4954  2.24097e-07
15.506  1.25215e-07
15.5171  1.89116e-07
15.5283  1.57539e-07
15.5384  1.66224e-07
15.5499  1.99522e-07
15.56  1.54857e-07
15.5733  1.24535e-07
15.5859  1.03134e-07
15.5949  1.87511e-07
15.6062  1.92674e-07
15.6152  7.85569e-08
15.6275  1.36191e-07
15.6379  1.41384e-07
15.6484  1.27763e-07
15.6594  1.1177e-07
15.6709  1.27661e-07
15.6818  1.09692e-07
15.6913  1.31942e-07
15.7045  1.62173e-07
15.7135  1.46891e-07
15.7264  1.17122e-07
15.7377  9.81614e-08
15.7486  1.25017e-07
15.7591  8.55632e-08
15.7696  1.09989e-07
15.7807  1.04361e-07
15.7927  1.63499e-07
15.8019  8.406e-08
15.8127  1.07109e-07
15.8237  8.88173e-08
15.8344  9.04972e-08
15.8484  1.14491e-07
15.8582  9.14481e-08
15.8713  1.25153e-07
15.8826  9.60967e-08
15.8924  9.46126e-08
15.9078  9.10196e-08
15.9179  8.77702e-08
15.9297  1.35259e-07
15.9421  4.67255e-08
15.9534  9.67232e-08
15.9637  9.73551e-08
15.9742  7.82535e-08
15.9837  5.33933e-08
15.9952  7.95551e-08
16.0077  1.07316e-07
16.0198  4.2098e-08
16.0302  6.19466e-08
16.0418  9.75246e-08
16.0539  6.63134e-08
16.0657  1.08377e-07
16.078  4.96221e-08
16.0877  7.27021e-08
16.0988  6.30758e-08
16.1095  9.65322e-08
16.1214  4.20642e-08
16.1326  8.56552e-08
16.1474  5.80568e-08
16.1589  4.61291e-08
16.1733  1.0184e-07
16.1864  6.96395e-08
16.1983  7.11849e-08
16.2085  8.49039e-08
16.2236  3.96931e-08
16.2342  4.62715e-08
16.246  6.54458e-08
16.2574  5.78095e-08
16.2669  1.97949e-08
16.2799  5.0332e-08
16.2872  6.79334e-08
16.303  3.4479e-08
16.3121  4.17656e-08
16.3258  5.42815e-08
16.3359  5.37171e-08
16.3448  3.30429e-08
16.3563  5.35242e-08
16.3685  4.79595e-08
16.3811  4.0289e-08
16.3911  4.21342e-08
16.4036  4.81248e-08
16.4139  4.78165e-08
16.4226  3.52765e-08
16.4343  2.81367e-08
16.4501  2.93607e-08
16.4611  6.03126e-08
16.4714  3.616e-08
16.4838  2.43593e-08
16.4913  2.4865e-08
16.5057  7.41848e-08
16.5154  1.87926e-08
16.5274  2.86887e-08
16.5396  1.72887e-08
16.5484  1.85485e-08
16.562  3.43903e-08
16.5711  2.7164e-08
16.5839  7.56976e-08
16.5966  2.97107e-08
16.6072  3.16545e-08
16.6198  2.7588e-08
16.6368  2.87978e-08
16.65  2.20879e-08
16.6633  4.08096e-08
16.6776  2.0245e-08
16.6832  3.20347e-08
16.697  3.01444e-08
16.7109  1.39722e-08
16.7215  2.37948e-08
16.7361  3.46832e-08
16.7481  3.47233e-08
16.7588  1.60205e-08
16.7731  1.85779e-08
16.7837  3.26323e-08
16.7951  4.28396e-08
16.8055  5.30294e-09
16.8175  1.76816e-08
16.8288  1.71459e-08
16.8419  1.74279e-08
16.8533  9.35526e-09
16.863  3.67004e-08
16.8755  2.29405e-08
16.8843  1.87402e-08
16.901  1.54943e-08
16.913  1.44319e-08
16.9237  1.66342e-08
16.9373  1.76422e-08
16.9528  1.79048e-08
16.9645  2.57048e-08
16.9775  2.54625e-08
16.9946  1.21415e-08
17.0017  1.93383e-08
17.0199  1.40507e-08
17.0307  1.42861e-08
17.0408  1.43932e-08
17.0532  1.91088e-08
17.0652  1.58816e-08
17.0758  1.58042e-08
17.0869  6.70904e-09
17.1002  5.23975e-09
17.1125  9.99435e-09
17.1239  1.54945e-08
17.134  1.35149e-08
17.1482  1.11988e-08
17.1576  1.92767e-08
17.174  2.03477e-09
17.1824  1.84643e-08
17.1956  1.24339e-08
17.2022  5.87997e-09
17.219  9.64085e-09
17.2371  1.86722e-08
17.2466  8.50423e-09
17.2613  1.38407e-08
17.2767  1.13917e-08
17.2872  1.73421e-08
17.3006  5.06074e-09
17.3108  6.36924e-09
17.3275  3.96602e-09
17.3329  1.15606e-08
17.349  3.24153e-09
17.3605  1.01922e-08
17.3738  1.55379e-08
17.4002  7.60795e-09
17.4116  1.09098e-08
17.4303  8.05239e-09
17.4443  1.46639e-08
17.4592  1.43238e-08
17.478  6.31227e-09
17.4958  6.99223e-09
17.5091  8.54514e-09
17.5283  3.13457e-09
17.5367  8.40361e-09
17.5535  1.08048e-08
17.5786  7.33732e-09
17.5936  6.15138e-09
17.6122  8.71301e-09
17.6191  3.70444e-09
17.6384  2.78182e-09
17.6554  1.50867e-08
17.6729  9.02715e-09
17.6868  5.13391e-09
17.7045  2.31268e-09
17.7279  5.72124e-09
17.7376  3.8286e-09
17.7659  3.76134e-09
17.7729  6.90767e-09
17.7844  6.56397e-09
17.8027  1.8007e-09
17.815  1.0447e-09
17.8358  7.0722e-09
17.854  7.65232e-09
17.8657  2.14138e-09
17.876  4.58195e-09
17.8904  1.43624e-09
17.9051  3.14666e-09
17.9133  4.28999e-09
17.934  4.3079e-09
17.9499  5.58992e-09
17.9656  5.27738e-10
17.9894  5.27336e-09
18.0139  2.45346e-09
18.0245  2.34325e-09
18.0483  5.25778e-09
18.0605  5.40006e-09
18.1121  4.43572e-09
18.1245  3.77686e-09
18.1451  1.84705e-09
18.1528  4.01827e-09
18.1679  1.0153e-09
18.2062  4.73648e-10
18.2297  4.8237e-09
18.2365  1.89142e-09
18.2663  2.59905e-09
18.2757  3.09908e-09
18.3066  2.05231e-09
18.3265  5.23884e-09
18.3446  5.27746e-10
18.3932  2.83217e-10
18.3993  2.68867e-09
18.4186  1.72696e-09
18.4516  2.88436e-09
18.4667  4.35071e-10
18.4856  1.7621e-09
18.5063  1.37743e-09
18.5266  2.15189e-09
18.5499  2.06575e-09
18.6043  1.85987e-09
18.6293  4.66064e-10
18.6415  1.62841e-09
18.6687  1.05444e-09
18.68  4.77768e-10
18.7037  1.22744e-09
18.7275  1.89915e-09
18.761  4.42855e-10
18.773  1.55808e-09
18.8467  8.69152e-10
18.8571  2.64391e-10
18.8813  4.81253e-10
18.925  1.44349e-09
18.9433  2.0984e-09
18.9795  9.80521e-10
19.0345  4.14062e-10
19.1025  1.32707e-09
19.1222  3.30256e-10
19.1409  4.01034e-10
19.2204  6.72875e-10
19.2574  3.79396e-10
19.3195  1.17718e-09
19.3545  2.28386e-10
19.3889  3.7357e-10
19.4972  2.30773e-10
19.5409  3.46095e-10
19.5954  9.40371e-10
19.7184  3.18182e-10
19.9354  2.82245e-10
19.9704  3.28552e-10
20.2113  2.25466e-10
20.5863  1.57549e-10
