-20.6872  1.03299e-10
-20.3123  1.50166e-10
-20.0744  2.22405e-10
-20.036  1.90944e-10
-19.8132  2.28457e-10
-19.6995  6.46621e-10
-19.6259  2.57545e-10
-19.5981  1.51309e-10
-19.463  4.44656e-10
-19.4232  8.22213e-10
-19.3235  7.68663e-10
-19.2232  2.19959e-10
-19.2004  1.2776e-09
-19.0886  1.00238e-09
-19.0482  1.19525e-09
-19.0131  1.109e-09
-18.9961  3.04102e-10
-18.9853  3.25773e-10
-18.9579  1.73351e-10
-18.9468  2.79689e-10
-18.9048  3.33336e-10
-18.8509  1.2274e-09
-18.8243  1.75491e-09
-18.8104  8.85122e-10
-18.7719  7.59912e-10
-18.7381  3.81335e-10
-18.7241  3.34637e-10
-18.7103  2.29799e-09
-18.6621  3.29861e-10
-18.6382  1.61215e-09
-18.6104  9.47152e-10
-18.5876  2.92876e-09
-18.5492  1.81841e-09
-18.5368  3.77244e-10
-18.5256  3.20705e-10
-18.4941  1.85695e-10
-18.4778  3.10315e-09
-18.4648  3.37069e-10
-18.4355  2.60307e-09
-18.4012  1.54873e-09
-18.3812  1.727e-09
-18.3725  2.33799e-10
-18.3619  2.04994e-09
-18.3413  1.23594e-09
-18.3321  4.16174e-09
-18.3067  3.20432e-10
-18.29  1.82553e-09
-18.2364  2.44723e-09
-18.227  3.37742e-10
-18.2112  6.31721e-09
-18.1997  2.2688e-09
-18.1764  3.79672e-10
-18.1591  1.63611e-09
-18.1391  2.45267e-09
-18.1247  2.33965e-09
-18.1082  3.78865e-09
-18.0963  1.38447e-09
-18.0797  7.59405e-10
-18.059  4.24773e-09
-18.0493  1.4204e-09
-18.0253  3.86824e-09
-18.0075  2.35222e-09
-17.9976  1.01962e-09
-17.9756  7.08335e-09
-17.9559  3.13324e-09
-17.9363  6.25406e-09
-17.9204  4.12785e-09
-17.9114  1.82641e-09
-17.8967  4.32198e-10
-17.8797  7.4246e-10
-17.8643  5.26137e-09
-17.8502  1.79468e-09
-17.8335  9.90679e-09
-17.8178  6.79907e-10
-17.7907  4.9495e-09
-17.7842  2.37841e-09
-17.7656  3.20753e-09
-17.7499  7.28914e-09
-17.733  7.34072e-09
-17.7175  1.08437e-08
-17.6939  1.37979e-09
-17.6778  5.11224e-09
-17.6697  1.68009e-09
-17.6465  8.89827e-09
-17.629  2.09304e-09
-17.6191  5.23104e-09
-17.6027  9.08301e-09
-17.5897  8.09221e-09
-17.5661  2.01912e-09
-17.5595  8.77866e-09
-17.5491  2.36143e-09
-17.5367  2.32964e-09
-17.5263  8.43547e-09
-17.5103  8.67572e-09
-17.4958  8.37688e-09
-17.4868  6.34101e-09
-17.4739  7.75045e-09
-17.4611  4.28272e-09
-17.4452  5.39686e-09
-17.4354  2.91523e-09
-17.4169  1.04196e-08
-17.3954  9.01049e-09
-17.3869  2.61355e-09
-17.3724  8.90242e-09
-17.3618  1.50896e-08
-17.3427  1.53017e-08
-17.3301  6.07843e-09
-17.3217  1.08263e-08
-17.3072  8.41666e-09
-17.2959  5.84705e-09
-17.2842  5.86393e-09
-17.2698  5.78783e-09
-17.2581  7.17975e-09
-17.2482  7.20934e-09
-17.2347  1.03267e-08
-17.2206  2.42161e-08
-17.2099  9.61609e-09
-17.1995  3.25442e-09
-17.1869  4.44579e-09
-17.1765  1.22886e-08
-17.1542  1.17222e-08
-17.1437  1.10239e-08
-17.1366  9.07774e-09
-17.1205  2.17284e-08
-17.1129  7.13651e-09
-17.1003  1.97681e-08
-17.0859  4.89787e-09
-17.0722  1.28009e-08
-17.064  1.91576e-08
-17.0523  5.40123e-09
-17.0367  1.69862e-08
-17.0223  1.73037e-08
-17.0118  1.17363e-08
-16.9944  1.15975e-08
-16.9872  2.75817e-08
-16.976  8.5113e-09
-16.9644  1.30085e-08
-16.9466  1.71153e-08
-16.9329  2.11746e-08
-16.9197  1.56603e-08
-16.9117  1.36598e-08
-16.898  1.79283e-08
-16.8877  1.48281e-08
-16.874  1.79275e-08
-16.8603  2.87025e-08
-16.8478  2.94838e-08
-16.8402  1.52113e-08
-16.8265  9.90659e-09
-16.8173  1.08917e-08
-16.8045  3.51659e-08
-16.7933  1.98102e-08
-16.7833  9.76151e-09
-16.7719  8.80396e-09
-16.7594  2.06245e-08
-16.7467  3.81551e-08
-16.735  1.56274e-08
-16.7231  2.37499e-08
-16.7119  2.85898e-08
-16.7011  1.72275e-08
-16.69  2.61554e-08
-16.6821  1.27068e-08
-16.6698  1.28533e-08
-16.6569  4.34871e-08
-16.6436  3.1838e-08
-16.6345  3.06484e-08
-16.6212  3.16495e-08
-16.6112  3.28559e-08
-16.6017  1.17668e-08
-16.5867  1.83101e-08
-16.573  2.6859e-08
-16.5636  4.02906e-08
-16.5488  2.6516e-08
-16.5378  2.15891e-08
-16.5279  4.06709e-08
-16.5174  2.91773e-08
-16.5058  3.01665e-08
-16.4937  4.7345e-08
-16.4853  3.34315e-08
-16.4723  2.76402e-08
-16.4651  1.88701e-08
-16.451  5.73831e-08
-16.4377  1.88025e-08
-16.4293  4.61098e-08
-16.4227  2.2736e-08
-16.4076  4.0868e-08
-16.3975  2.3133e-08
-16.386  3.17317e-08
-16.3763  5.05845e-08
-16.3665  3.88497e-08
-16.353  4.6353e-08
-16.342  4.81615e-08
-16.3315  3.80369e-08
-16.3184  2.77284e-08
-16.3051  5.88519e-08
-16.2962  3.03892e-08
-16.2864  4.32109e-08
-16.2738  6.18395e-08
-16.2619  5.53244e-08
-16.2486  5.37231e-08
-16.2393  8.06436e-08
-16.2289  2.69012e-08
-16.2176  5.39682e-08
-16.2062  4.04517e-08
-16.1954  4.99981e-08
-16.1839  5.28916e-08
-16.172  4.51282e-08
-16.158  7.26167e-08
-16.149  5.44523e-08
-16.1371  7.9497e-08
-16.1264  6.16527e-08
-16.1154  5.59693e-08
-16.1028  6.98161e-08
-16.0919  3.98459e-08
-16.0805  7.33925e-08
-16.0723  6.40861e-08
-16.0591  5.90597e-08
-16.0467  7.04232e-08
-16.0341  5.66089e-08
-16.0241  8.26595e-08
-16.0125  4.7332e-08
-16.0009  1.00901e-07
-15.9916  9.78776e-08
-15.9798  6.59115e-08
-15.9706  5.91386e-08
-15.9579  7.35141e-08
-15.946  7.24495e-08
-15.933  1.09314e-07
-15.9217  9.0863e-08
-15.9097  7.0059e-08
-15.8986  1.09442e-07
-15.8874  4.06079e-08
-15.8766  1.23266e-07
-15.8657  7.19285e-08
-15.8546  9.07609e-08
-15.8415  1.051e-07
-15.8324  9.58988e-08
-15.8215  9.76894e-08
-15.8109  1.02893e-07
-15.8004  1.11454e-07
-15.7851  7.85102e-08
-15.7745  1.14859e-07
-15.7661  9.08101e-08
-15.7549  1.26011e-07
-15.7442  8.4708e-08
-15.7335  1.14091e-07
-15.7225  1.07997e-07
-15.7131  1.06783e-07
-15.7003  1.32975e-07
-15.69  9.24847e-08
-15.6806  5.42436e-08
-15.6701  1.21635e-07
-15.6572  1.53196e-07
-15.6469  1.31395e-07
-15.6364  1.3955e-07
-15.6265  1.59916e-07
-15.617  1.10539e-07
-15.6048  8.77637e-08
-15.594  1.19263e-07
-15.5831  1.59399e-07
-15.5735  1.57813e-07
-15.5629  1.08208e-07
-15.5516  1.72415e-07
-15.5405  1.02531e-07
-15.5293  1.78535e-07
-15.5202  1.56696e-07
-15.5081  1.13649e-07
-15.4971  1.97416e-07
-15.4863  1.79062e-07
-15.4743  1.05876e-07
-15.4646  1.45217e-07
-15.4561  1.12231e-07
-15.4447  1.78086e-07
-15.4334  2.28811e-07
-15.4223  1.71277e-07
-15.4109  1.94997e-07
-15.3989  2.07531e-07
-15.3875  1.61375e-07
-15.3764  1.13429e-07
-15.3662  2.52753e-07
-15.3561  1.45653e-07
-15.3455  2.32512e-07
-15.3351  2.10072e-07
-15.3233  1.25188e-07
-15.3139  2.13524e-07
-15.3042  2.08638e-07
-15.2929  1.76088e-07
-15.2825  2.03346e-07
-15.2714  2.84388e-07
-15.26  2.21467e-07
-15.2488  2.71846e-07
-15.2381  1.46684e-07
-15.2276  2.27931e-07
-15.2166  2.10287e-07
-15.2072  2.64737e-07
-15.1965  2.21178e-07
-15.1846  2.68837e-07
-15.1727  2.40705e-07
-15.1624  2.50414e-07
-15.1525  3.01659e-07
-15.1424  2.56464e-07
-15.1309  2.18876e-07
-15.1211  2.8715e-07
-15.1114  2.79969e-07
-15.1001  1.80809e-07
-15.0888  3.2021e-07
-15.0785  3.17895e-07
-15.0674  2.4343e-07
-15.0564  3.53647e-07
-15.0461  2.16785e-07
-15.0358  2.95387e-07
-15.024  3.71103e-07
-15.0131  3.45402e-07
-15.0026  2.75064e-07
-14.9918  3.58247e-07
-14.9809  3.17001e-07
-14.9686  3.1884e-07
-14.9586  3.65489e-07
-14.95  2.2147e-07
-14.9372  4.85971e-07
-14.9267  3.06338e-07
-14.916  3.8127e-07
-14.9056  3.68744e-07
-14.8961  3.09482e-07
-14.8847  3.86321e-07
-14.874  3.98872e-07
-14.8629  3.2759e-07
-14.8534  3.46934e-07
-14.8425  4.14828e-07
-14.8328  4.63669e-07
-14.8212  3.43888e-07
-14.8118  3.51577e-07
-14.802  3.90983e-07
-14.7915  3.86008e-07
-14.7801  5.46949e-07
-14.7703  3.77015e-07
-14.7596  4.72752e-07
-14.7485  4.90358e-07
-14.7371  4.1254e-07
-14.7265  4.18505e-07
-14.7161  5.08213e-07
-14.7061  5.28328e-07
-14.6954  4.36223e-07
-14.6837  4.81655e-07
-14.6747  4.25971e-07
-14.6631  5.00005e-07
-14.6533  5.94914e-07
-14.6425  5.2882e-07
-14.6316  4.64849e-07
-14.6212  5.216e-07
-14.6113  5.98948e-07
-14.5996  5.27314e-07
-14.5887  6.22349e-07
-14.5784  5.72772e-07
-14.5665  4.37738e-07
-14.5567  7.33322e-07
-14.5456  5.19964e-07
-14.5357  6.32048e-07
-14.5244  6.40339e-07
-14.5131  6.38829e-07
-14.5034  6.34913e-07
-14.4925  6.97831e-07
-14.4821  4.71918e-07
-14.472  6.70654e-07
-14.4615  6.59892e-07
-14.4524  6.22657e-07
-14.4406  6.50658e-07
-14.4303  8.02924e-07
-14.4201  6.37836e-07
-14.4098  6.7864e-07
-14.4  7.62201e-07
-14.3891  6.03006e-07
-14.378  7.10677e-07
-14.3681  7.45528e-07
-14.3572  7.24565e-07
-14.3476  8.25676e-07
-14.3372  8.57713e-07
-14.3262  8.49413e-07
-14.3148  5.87369e-07
-14.3054  8.36572e-07
-14.2953  7.96408e-07
-14.2851  7.8637e-07
-14.2739  9.81544e-07
-14.2632  8.25427e-07
-14.2523  8.35509e-07
-14.242  1.05394e-06
-14.231  8.08505e-07
-14.2207  7.74967e-07
-14.2103  1.05623e-06
-14.2007  7.8569e-07
-14.1889  1.02808e-06
-14.1795  9.03027e-07
-14.1689  9.60876e-07
-14.1572  1.00334e-06
-14.1468  1.13463e-06
-14.1365  9.49761e-07
-14.1255  1.14933e-06
-14.1148  9.44288e-07
-14.105  8.91409e-07
-14.0944  1.16791e-06
-14.0839  1.25072e-06
-14.0724  1.03007e-06
-14.0618  1.14291e-06
-14.0508  1.20617e-06
-14.041  1.06432e-06
-14.0299  1.2288e-06
-14.0202  1.06693e-06
-14.0096  1.16683e-06
-13.9987  1.23367e-06
-13.9885  1.31077e-06
-13.9775  1.04177e-06
-13.9676  1.37407e-06
-13.9573  1.25044e-06
-13.9459  1.31604e-06
-13.9354  1.24777e-06
-13.9255  1.40493e-06
-13.9148  1.27692e-06
-13.9036  1.4236e-06
-13.8935  1.41501e-06
-13.8833  1.19441e-06
-13.8727  1.41204e-06
-13.8623  1.60259e-06
-13.8512  1.43887e-06
-13.8417  1.48481e-06
-13.8309  1.52823e-06
-13.82  1.33308e-06
-13.8092  1.52717e-06
-13.7988  1.79561e-06
-13.7889  1.39806e-06
-13.7785  1.59394e-06
-13.7683  1.66662e-06
-13.7578  1.46008e-06
-13.7461  1.77703e-06
-13.7366  1.72027e-06
-13.7256  1.58125e-06
-13.7146  1.87715e-06
-13.7045  1.68955e-06
-13.6935  1.52027e-06
-13.6836  2.08034e-06
-13.6733  1.76225e-06
-13.6624  1.91707e-06
-13.6513  1.92874e-06
-13.6405  1.87113e-06
-13.6296  1.76624e-06
-13.6192  2.38998e-06
-13.6088  1.74458e-06
-13.5983  1.96306e-06
-13.5878  2.14159e-06
-13.5772  1.82354e-06
-13.5667  2.08711e-06
-13.5564  2.19741e-06
-13.5452  2.02022e-06
-13.5345  2.21746e-06
-13.5238  2.38588e-06
-13.5135  2.124e-06
-13.5026  2.12214e-06
-13.4928  2.25717e-06
-13.4823  2.38369e-06
-13.4716  2.28854e-06
-13.4616  2.31043e-06
-13.4508  2.18849e-06
-13.4399  2.56089e-06
-13.4296  2.7295e-06
-13.419  2.46073e-06
-13.4086  2.24227e-06
-13.3977  2.55477e-06
-13.3872  2.59613e-06
-13.377  2.34452e-06
-13.3665  2.83888e-06
-13.3566  2.68609e-06
-13.3457  2.34294e-06
-13.3354  2.90867e-06
-13.3248  2.80383e-06
-13.3141  2.7279e-06
-13.3042  2.79941e-06
-13.294  2.73543e-06
-13.2835  2.73059e-06
-13.2734  3.00329e-06
-13.2629  3.08699e-06
-13.2518  2.85506e-06
-13.2415  3.22424e-06
-13.2316  2.94673e-06
-13.2205  3.01071e-06
-13.2101  3.50709e-06
-13.1998  2.75031e-06
-13.1893  3.26513e-06
-13.1791  3.37831e-06
-13.1688  3.11614e-06
-13.1584  3.19985e-06
-13.1481  3.6449e-06
-13.1377  3.00259e-06
-13.1276  3.45849e-06
-13.1174  3.78507e-06
-13.1071  3.41156e-06
-13.0966  3.24887e-06
-13.0861  3.77225e-06
-13.0759  3.2531e-06
-13.0657  3.8277e-06
-13.0551  4.07658e-06
-13.045  3.67196e-06
-13.0336  3.67747e-06
-13.0239  4.12945e-06
-13.0132  4.23062e-06
-13.0025  3.55776e-06
-12.9917  4.33899e-06
-12.9818  3.88224e-06
-12.9711  4.07607e-06
-12.961  4.39016e-06
-12.9504  4.40233e-06
-12.9397  3.79517e-06
-12.9296  4.74169e-06
-12.9193  4.21399e-06
-12.9086  4.11252e-06
-12.8978  4.88933e-06
-12.8874  4.41886e-06
-12.8768  4.45543e-06
-12.8664  5.01629e-06
-12.8562  4.91146e-06
-12.8453  4.46622e-06
-12.8349  4.50062e-06
-12.8248  5.0776e-06
-12.8136  4.78401e-06
-12.8036  5.47425e-06
-12.7937  4.34657e-06
-12.7836  4.93623e-06
-12.7727  5.88189e-06
-12.762  5.04291e-06
-12.7516  5.26186e-06
-12.7417  5.39487e-06
-12.7309  5.15202e-06
-12.7208  5.0599e-06
-12.7102  5.87741e-06
-12.7001  5.42752e-06
-12.6895  5.511e-06
-12.6793  5.93247e-06
-12.6693  5.3108e-06
-12.6589  5.14729e-06
-12.6488  6.70751e-06
-12.6384  5.8009e-06
-12.6277  6.09774e-06
-12.6177  6.11629e-06
-12.6072  5.92942e-06
-12.5968  6.16186e-06
-12.5864  6.14379e-06
-12.5766  6.19038e-06
-12.566  6.43988e-06
-12.5559  6.77148e-06
-12.5457  6.32217e-06
-12.5353  6.04857e-06
-12.5248  7.10868e-06
-12.5149  6.78408e-06
-12.5042  6.50177e-06
-12.4943  7.28988e-06
-12.4836  6.95243e-06
-12.4737  6.30615e-06
-12.4631  7.51942e-06
-12.4531  7.36808e-06
-12.4426  7.04331e-06
-12.4326  7.34636e-06
-12.4221  7.83921e-06
-12.4119  6.18135e-06
-12.4019  8.40016e-06
-12.3919  8.08733e-06
-12.3807  7.67715e-06
-12.3709  7.69818e-06
-12.3607  8.07361e-06
-12.3504  7.28035e-06
-12.3401  8.9447e-06
-12.3297  7.65425e-06
-12.3195  8.43363e-06
-12.3093  8.16844e-06
-12.2991  8.89915e-06
-12.2888  7.99742e-06
-12.2781  8.89561e-06
-12.2684  8.81199e-06
-12.2581  8.49883e-06
-12.2476  9.01066e-06
-12.2374  9.25442e-06
-12.2264  9.31306e-06
-12.2161  9.69767e-06
-12.2058  8.85734e-06
-12.1957  9.3715e-06
-12.1854  9.16279e-06
-12.1752  1.00017e-05
-12.1647  9.27154e-06
-12.1547  9.82358e-06
-12.1444  1.00189e-05
-12.1346  1.02289e-05
-12.124  9.24233e-06
-12.114  1.05059e-05
-12.1037  1.00385e-05
-12.0937  1.00816e-05
-12.0836  1.0544e-05
-12.0735  1.09091e-05
-12.0629  1.02343e-05
-12.053  1.1094e-05
-12.0422  1.18743e-05
-12.0314  1.10176e-05
-12.0209  1.1806e-05
-12.0109  1.08688e-05
-12.0004  1.08323e-05
-11.9902  1.26261e-05
-11.9801  1.10766e-05
-11.9695  1.16007e-05
-11.9595  1.20501e-05
-11.9496  1.20551e-05
-11.9389  1.23036e-05
-11.9287  1.222e-05
-11.9187  1.20371e-05
-11.9086  1.15395e-05
-11.8982  1.3874e-05
-11.8884  1.22963e-05
-11.878  1.22174e-05
-11.8677  1.37006e-05
-11.8574  1.333e-05
-11.8473  1.16053e-05
-11.8371  1.50589e-05
-11.8272  1.2712e-05
-11.8169  1.365e-05
-11.8064  1.39575e-05
-11.7964  1.39025e-05
-11.7863  1.37511e-05
-11.776  1.48828e-05
-11.7656  1.47012e-05
-11.7555  1.36193e-05
-11.7455  1.41505e-05
-11.7349  1.66237e-05
-11.7247  1.3797e-05
-11.7143  1.54195e-05
-11.7044  1.49397e-05
-11.6944  1.51881e-05
-11.6841  1.5377e-05
-11.6739  1.61586e-05
-11.6637  1.53079e-05
-11.6535  1.62934e-05
-11.6434  1.63579e-05
-11.6332  1.63201e-05
-11.6229  1.55009e-05
-11.6128  1.74512e-05
-11.6026  1.61496e-05
-11.5923  1.63494e-05
-11.5825  1.75644e-05
-11.5724  1.76275e-05
-11.5617  1.70657e-05
-11.5516  1.74777e-05
-11.5416  1.74448e-05
-11.5313  1.84929e-05
-11.5209  1.94165e-05
-11.5107  1.6713e-05
-11.5005  1.79054e-05
-11.4905  1.99834e-05
-11.4803  1.81582e-05
-11.4699  1.83831e-05
-11.4598  2.1021e-05
-11.4498  1.84463e-05
-11.4393  1.90727e-05
-11.4291  2.0011e-05
-11.4191  2.01802e-05
-11.4087  1.97907e-05
-11.3987  2.09157e-05
-11.3886  1.97447e-05
-11.3783  2.07694e-05
-11.3681  2.08947e-05
-11.3579  2.14785e-05
-11.3476  2.01012e-05
-11.3375  2.25028e-05
-11.3275  2.22636e-05
-11.3171  2.10996e-05
-11.3069  2.12481e-05
-11.2969  2.28922e-05
-11.2867  2.24084e-05
-11.2765  2.34221e-05
-11.2663  2.25216e-05
-11.2564  2.21407e-05
-11.2461  2.30882e-05
-11.236  2.42913e-05
-11.2258  2.39138e-05
-11.2154  2.42498e-05
-11.2051  2.40851e-05
-11.1953  2.37429e-05
-11.1849  2.41507e-05
-11.1749  2.53467e-05
-11.1644  2.70395e-05
-11.1536  2.60685e-05
-11.1433  2.55694e-05
-11.1332  2.51116e-05
-11.1231  2.61071e-05
-11.1129  2.72751e-05
-11.1027  2.51433e-05
-11.0927  2.65883e-05
-11.0823  2.78448e-05
-11.0724  2.68874e-05
-11.0622  2.59976e-05
-11.052  2.91002e-05
-11.042  2.66938e-05
-11.0319  2.83027e-05
-11.0217  2.98372e-05
-11.0116  2.67567e-05
-11.001  3.14353e-05
-10.9904  2.97849e-05
-10.9804  2.87937e-05
-10.9702  2.98845e-05
-10.9599  3.15649e-05
-10.9498  2.87884e-05
-10.9398  2.99481e-05
-10.9293  3.19576e-05
-10.9193  3.10048e-05
-10.9092  3.07592e-05
-10.8989  3.20203e-05
-10.8888  3.09951e-05
-10.8788  3.20676e-05
-10.8685  3.25273e-05
-10.8586  3.3696e-05
-10.8486  3.14615e-05
-10.8382  3.33914e-05
-10.828  3.49284e-05
-10.8179  3.29064e-05
-10.8077  3.38689e-05
-10.7975  3.54376e-05
-10.7877  3.35202e-05
-10.7773  3.53288e-05
-10.7673  3.67894e-05
-10.757  3.41283e-05
-10.747  3.44559e-05
-10.7369  3.78044e-05
-10.7269  3.74342e-05
-10.7163  3.55025e-05
-10.7064  3.80653e-05
-10.6963  3.69087e-05
-10.6864  3.6148e-05
-10.676  4.02022e-05
-10.6662  3.82704e-05
-10.6558  3.75427e-05
-10.6458  4.08437e-05
-10.6356  3.86465e-05
-10.6251  4.12596e-05
-10.6142  4.41877e-05
-10.6042  3.98416e-05
-10.5937  4.00178e-05
-10.5839  4.12707e-05
-10.5736  4.24477e-05
-10.5636  3.91822e-05
-10.5533  4.56711e-05
-10.5433  4.08355e-05
-10.5332  4.13948e-05
-10.5232  4.44124e-05
-10.5128  4.47389e-05
-10.5027  4.16026e-05
-10.4925  4.61783e-05
-10.4826  4.50968e-05
-10.4721  4.45507e-05
-10.4623  4.4609e-05
-10.4521  4.6958e-05
-10.442  4.40615e-05
-10.4317  4.90369e-05
-10.4216  4.60806e-05
-10.4114  4.63591e-05
-10.4009  5.3051e-05
-10.3902  4.91273e-05
-10.3802  4.621e-05
-10.3699  4.98867e-05
-10.36  4.97978e-05
-10.3498  4.92814e-05
-10.3397  4.87797e-05
-10.3295  5.17343e-05
-10.319  5.44091e-05
-10.3085  5.15469e-05
-10.2984  5.29257e-05
-10.2883  5.07294e-05
-10.278  5.16282e-05
-10.268  5.42927e-05
-10.258  5.22485e-05
-10.2478  5.40371e-05
-10.2378  5.5046e-05
-10.2276  5.45175e-05
-10.2175  5.25476e-05
-10.2075  5.76182e-05
-10.1972  5.6308e-05
-10.1872  5.41674e-05
-10.177  5.90413e-05
-10.1668  5.70353e-05
-10.1569  5.59698e-05
-10.1467  5.94953e-05
-10.1367  5.8822e-05
-10.1265  5.79229e-05
-10.1164  5.99415e-05
-10.1063  6.09705e-05
-10.0961  5.85252e-05
-10.0861  6.26188e-05
-10.0758  6.07426e-05
-10.0657  6.14376e-05
-10.0552  6.86816e-05
-10.0445  6.50926e-05
-10.0343  6.16073e-05
-10.0242  6.46755e-05
-10.0139  6.32258e-05
-10.004  6.69896e-05
-9.9937  6.45529e-05
-9.98376  6.62929e-05
-9.97348  6.60153e-05
-9.96292  7.39835e-05
-9.95222  6.58323e-05
-9.94237  6.80337e-05
-9.93215  6.92014e-05
-9.92196  7.0045e-05
-9.91148  7.19801e-05
-9.9009  7.26716e-05
-9.89061  7.03312e-05
-9.88068  7.24512e-05
-9.87023  6.97735e-05
-9.86028  7.44202e-05
-9.85008  6.93657e-05
-9.84014  7.48868e-05
-9.82983  7.41343e-05
-9.81991  7.37285e-05
-9.80922  8.01464e-05
-9.7986  7.90898e-05
-9.78836  7.57788e-05
-9.77835  7.39275e-05
-9.76815  7.81718e-05
-9.75825  7.85435e-05
-9.74794  7.72411e-05
-9.73744  8.63533e-05
-9.72699  8.01225e-05
-9.71684  7.57688e-05
-9.70675  8.30248e-05
-9.69668  8.22209e-05
-9.68654  7.81287e-05
-9.67651  8.42736e-05
-9.66648  8.40238e-05
-9.65635  8.0407e-05
-9.64618  8.43039e-05
-9.63609  8.70237e-05
-9.62601  8.49586e-05
-9.61588  8.35663e-05
-9.60579  8.98172e-05
-9.59571  8.32028e-05
-9.58552  9.06678e-05
-9.57529  9.1818e-05
-9.56524  8.61271e-05
-9.55502  8.87758e-05
-9.54494  9.35291e-05
-9.53493  8.71143e-05
-9.52481  9.23602e-05
-9.51466  9.27263e-05
-9.5047  9.40936e-05
-9.49438  9.10295e-05
-9.4843  9.74738e-05
-9.47423  9.18594e-05
-9.46409  9.56108e-05
-9.45391  9.91749e-05
-9.44393  9.47638e-05
-9.43363  9.60241e-05
-9.4236  0.000103112
-9.41358  9.48478e-05
-9.4034  9.97639e-05
-9.39331  0.000100496
-9.38287  0.000109737
-9.37224  9.9316e-05
-9.36223  0.000105252
-9.35214  9.91334e-05
-9.34209  0.000103121
-9.33189  0.000109164
-9.32194  0.00010259
-9.31168  0.000101622
-9.30157  0.000114418
-9.29156  0.000103246
-9.28128  0.000108158
-9.27128  0.000109163
-9.26111  0.000111237
-9.25091  0.000108323
-9.24083  0.000115026
-9.23069  0.000106705
-9.22067  0.000113635
-9.21051  0.000113062
-9.20054  0.000114978
-9.19032  0.00011159
-9.1803  0.000117619
-9.17018  0.000117083
-9.16009  0.000114203
-9.15011  0.000117644
-9.13992  0.000121518
-9.12985  0.000115054
-9.11983  0.000123041
-9.10969  0.000116806
-9.09969  0.000123472
-9.08951  0.000122399
-9.07947  0.000122906
-9.06935  0.000124168
-9.05929  0.000123106
-9.04918  0.000125604
-9.03907  0.000127579
-9.02895  0.000125881
-9.01884  0.000130161
-9.00869  0.00012777
-8.99865  0.00012915
-8.98847  0.000130649
-8.97846  0.000131031
-8.96825  0.00013455
-8.95811  0.00013127
-8.94803  0.000135544
-8.93798  0.000133262
-8.92779  0.000135117
-8.91781  0.000136925
-8.90766  0.000136605
-8.89758  0.000140086
-8.88725  0.000140077
-8.87687  0.000148606
-8.86623  0.00014555
-8.85622  0.000139768
-8.84593  0.000143662
-8.83599  0.000141489
-8.8257  0.000148193
-8.81565  0.000144633
-8.80548  0.000146486
-8.79548  0.000143052
-8.78532  0.00015326
-8.7753  0.000144231
-8.76508  0.000153769
-8.75505  0.000150646
-8.74482  0.000150429
-8.73433  0.000166731
-8.72368  0.000155359
-8.71357  0.000153667
-8.70344  0.000154606
-8.69346  0.000158935
-8.68327  0.000154525
-8.67312  0.000159952
-8.66312  0.000158583
-8.65311  0.000159426
-8.64282  0.000159188
-8.63298  0.000164348
-8.62278  0.000159027
-8.61279  0.00016259
-8.60277  0.000171284
-8.59262  0.00016096
-8.58246  0.000164031
-8.57251  0.000174832
-8.56236  0.000163901
-8.55217  0.000170536
-8.54215  0.000173998
-8.53214  0.000168978
-8.52182  0.000171139
-8.51191  0.000180067
-8.50176  0.000169949
-8.49175  0.000170787
-8.48171  0.000184422
-8.47164  0.000175008
-8.4615  0.000174485
-8.45147  0.000186592
-8.44135  0.000178631
-8.43129  0.000177688
-8.4212  0.000186368
-8.41126  0.000183253
-8.40106  0.000180199
-8.39105  0.000190425
-8.38102  0.000187287
-8.37089  0.000182915
-8.36071  0.00019549
-8.35073  0.000190354
-8.34051  0.000188151
-8.33045  0.000195146
-8.32036  0.000195555
-8.31027  0.000189
-8.3001  0.000204136
-8.29012  0.000192341
-8.28  0.000194856
-8.26991  0.000203534
-8.25975  0.000205932
-8.24954  0.00019326
-8.23899  0.000226305
-8.22853  0.00020397
-8.21836  0.000204888
-8.20819  0.000204186
-8.19771  0.00023251
-8.18694  0.000204124
-8.1768  0.000218531
-8.16676  0.000205454
-8.1567  0.000208377
-8.14652  0.00021728
-8.13655  0.000215187
-8.12645  0.000207839
-8.11627  0.000225597
-8.10615  0.000215588
-8.09569  0.000233644
-8.08507  0.000223294
-8.07507  0.0002231
-8.06487  0.000218542
-8.05482  0.000227747
-8.04477  0.000220609
-8.03472  0.00022537
-8.02455  0.000230949
-8.01448  0.000227111
-8.00436  0.000227793
-7.99434  0.000230627
-7.98422  0.000233471
-7.97418  0.00023097
-7.9641  0.00023654
-7.95397  0.000236214
-7.94385  0.000234594
-7.93379  0.0002385
-7.92379  0.000240506
-7.91358  0.000236079
-7.9036  0.000245873
-7.89347  0.000240715
-7.88341  0.000241805
-7.87334  0.000250042
-7.86318  0.000246073
-7.853  0.000243907
-7.84306  0.000256015
-7.83289  0.000244721
-7.82294  0.000247599
-7.81269  0.000262797
-7.80262  0.000249766
-7.79248  0.000254586
-7.78249  0.000257293
-7.77238  0.000255927
-7.76229  0.000257925
-7.7522  0.000264815
-7.74216  0.000255966
-7.73208  0.000261452
-7.72202  0.000267674
-7.71152  0.000284183
-7.70095  0.000266324
-7.69079  0.000275116
-7.68029  0.000284076
-7.66979  0.000277223
-7.65956  0.000272494
-7.6496  0.000268308
-7.63946  0.000272113
-7.62944  0.000285668
-7.61864  0.000298998
-7.60809  0.000279634
-7.59792  0.000283758
-7.58799  0.000275598
-7.57777  0.000282755
-7.56775  0.000288675
-7.55747  0.000282818
-7.54708  0.000309932
-7.53642  0.000297073
-7.52638  0.000278371
-7.51617  0.000296614
-7.50622  0.000290791
-7.49607  0.000294095
-7.48596  0.000290107
-7.47575  0.000308417
-7.46571  0.000287238
-7.45556  0.000300538
-7.44506  0.000329481
-7.43442  0.000304289
-7.42431  0.000296213
-7.41422  0.00031398
-7.40421  0.000293729
-7.39407  0.000309121
-7.38407  0.000310814
-7.37396  0.000310952
-7.36382  0.000301111
-7.35381  0.000321649
-7.34372  0.000312412
-7.33358  0.000310045
-7.32353  0.000320409
-7.31346  0.000321238
-7.3028  0.000340042
-7.29228  0.000334816
-7.28211  0.000315679
-7.27214  0.000315757
-7.26197  0.000338747
-7.25201  0.000314645
-7.2419  0.000326335
-7.23185  0.000336777
-7.22176  0.000328848
-7.21118  0.000355523
-7.20062  0.000344684
-7.19057  0.00032949
-7.18034  0.00033765
-7.17032  0.00034229
-7.16029  0.000335389
-7.15017  0.000338265
-7.14004  0.000353302
-7.13002  0.00033314
-7.11995  0.000342907
-7.10997  0.000351348
-7.09983  0.000351513
-7.08965  0.000341503
-7.07968  0.000358197
-7.06962  0.000347312
-7.0595  0.000353455
-7.04938  0.000363602
-7.03927  0.000356004
-7.0286  0.000391204
-7.01816  0.000360516
-7.00814  0.000358625
-6.998  0.000364296
-6.98782  0.000373239
-6.97775  0.000363764
-6.96759  0.00036451
-6.95761  0.000370978
-6.94749  0.000373703
-6.93739  0.000371645
-6.92725  0.000372189
-6.91731  0.000374247
-6.90714  0.000378001
-6.89714  0.000378112
-6.88699  0.000382154
-6.87694  0.000376519
-6.8668  0.000388338
-6.85679  0.000381502
-6.84658  0.000392661
-6.83619  0.000407032
-6.82569  0.000402395
-6.8155  0.000384734
-6.80548  0.000396757
-6.79542  0.000384745
-6.7853  0.000409105
-6.77515  0.000389193
-6.76513  0.000403673
-6.7549  0.000398082
-6.74482  0.00041206
-6.7347  0.00039402
-6.72466  0.000406438
-6.71453  0.000405121
-6.70451  0.000410382
-6.69426  0.000410306
-6.68376  0.000454714
-6.67317  0.000403688
-6.66305  0.000420671
-6.65291  0.000416341
-6.64289  0.000416612
-6.63268  0.000415359
-6.62274  0.000422009
-6.61263  0.000417836
-6.60252  0.000424756
-6.59242  0.00042706
-6.5824  0.000422516
-6.57218  0.000426897
-6.56222  0.000432997
-6.55206  0.000427947
-6.5415  0.000470339
-6.53098  0.000437673
-6.52092  0.000429543
-6.5108  0.000438054
-6.50074  0.000442338
-6.49059  0.000441409
-6.48042  0.000437051
-6.47051  0.000443909
-6.46039  0.000441585
-6.45016  0.000453329
-6.4401  0.000450027
-6.43002  0.000445831
-6.41981  0.000448641
-6.40985  0.000459288
-6.39962  0.000454642
-6.38905  0.000491928
-6.37856  0.000464948
-6.36841  0.000453701
-6.3583  0.000457749
-6.34837  0.000466263
-6.33816  0.000462632
-6.32802  0.000461398
-6.31798  0.000473617
-6.3074  0.000509962
-6.29678  0.000466961
-6.28683  0.000468678
-6.27679  0.000471233
-6.26663  0.000475112
-6.25599  0.000532778
-6.24549  0.000461613
-6.23547  0.000481671
-6.22527  0.00049181
-6.21527  0.00046672
-6.20524  0.000485848
-6.19505  0.000498214
-6.18501  0.000475715
-6.17495  0.000487593
-6.16477  0.000499579
-6.15476  0.000482909
-6.1447  0.000490451
-6.13453  0.000511156
-6.12441  0.000479957
-6.11445  0.000501947
-6.10411  0.000513127
-6.09369  0.000537216
-6.08309  0.000497716
-6.07301  0.000517065
-6.06236  0.000545588
-6.05195  0.000503686
-6.04171  0.000521592
-6.03164  0.000505187
-6.02147  0.000506282
-6.01161  0.000511989
-6.00137  0.00051911
-5.99139  0.000506877
-5.98124  0.000528084
-5.97122  0.000509933
-5.96104  0.000524115
-5.95107  0.000518822
-5.94091  0.000528833
-5.93085  0.000517465
-5.92081  0.000528903
-5.91082  0.000516133
-5.90065  0.000542368
-5.8906  0.000523583
-5.8805  0.000536863
-5.87041  0.000526542
-5.86042  0.000539195
-5.85021  0.00053751
-5.84008  0.000546776
-5.82994  0.000533183
-5.81994  0.000545866
-5.80972  0.000542119
-5.79926  0.000598592
-5.78854  0.000544206
-5.77858  0.000546696
-5.76841  0.000552559
-5.75842  0.000543449
-5.74821  0.000558663
-5.73829  0.000546411
-5.72802  0.00056268
-5.71809  0.000545222
-5.70793  0.000571035
-5.69784  0.000549784
-5.6876  0.000575797
-5.6777  0.000544614
-5.66754  0.000574598
-5.6575  0.000553137
-5.64745  0.000579008
-5.6373  0.000555717
-5.62717  0.000583073
-5.61718  0.000556946
-5.60705  0.00058031
-5.59702  0.00055837
-5.587  0.000590437
-5.57685  0.000560377
-5.56678  0.000592806
-5.55667  0.000568633
-5.54671  0.000578228
-5.53654  0.000576792
-5.52657  0.000594565
-5.51639  0.000574055
-5.5059  0.000643532
-5.49531  0.000585946
-5.48485  0.000641391
-5.47412  0.000597673
-5.46422  0.000580346
-5.45405  0.000601611
-5.44397  0.000587761
-5.43383  0.000606163
-5.42384  0.00058291
-5.41364  0.000610967
-5.40367  0.00058858
-5.39358  0.000604319
-5.38351  0.000595186
-5.37336  0.000622008
-5.36336  0.000581846
-5.35324  0.000620257
-5.34322  0.000597031
-5.33316  0.000613383
-5.32256  0.000663525
-5.31207  0.000618572
-5.30203  0.000594465
-5.2919  0.000629874
-5.28185  0.00060881
-5.27177  0.00062206
-5.26163  0.000607883
-5.25165  0.000631263
-5.24099  0.000671673
-5.23045  0.000626474
-5.22039  0.00061829
-5.21036  0.000625956
-5.20017  0.000620971
-5.19023  0.000636656
-5.18003  0.00061634
-5.17004  0.00063087
-5.15995  0.000632837
-5.14991  0.00063329
-5.13976  0.000615071
-5.1299  0.000648338
-5.11959  0.000636257
-5.10964  0.000627561
-5.09958  0.000633977
-5.08958  0.000642291
-5.07936  0.000640435
-5.06942  0.000642349
-5.0592  0.000644319
-5.04917  0.000640054
-5.03903  0.000650929
-5.02906  0.00064016
-5.01885  0.000651436
-5.00893  0.000638327
-4.99877  0.000659768
-4.98866  0.000648753
-4.97858  0.000654108
-4.96851  0.000647057
-4.95836  0.000665592
-4.94835  0.000643326
-4.93823  0.00066524
-4.9281  0.000652726
-4.91801  0.000668956
-4.90749  0.000705091
-4.89697  0.000670222
-4.88681  0.000662887
-4.87674  0.000663198
-4.86667  0.00065832
-4.85668  0.000662659
-4.84658  0.00066229
-4.83653  0.000675857
-4.82637  0.000663393
-4.81641  0.000661374
-4.80627  0.000678898
-4.79614  0.000676026
-4.78601  0.000667976
-4.77597  0.000678014
-4.7658  0.00067569
-4.75575  0.000673968
-4.7456  0.000682588
-4.73553  0.000677406
-4.72543  0.00066578
-4.71553  0.000682385
-4.7053  0.000688579
-4.69531  0.00066331
-4.68515  0.00070634
-4.67503  0.000674016
-4.66494  0.000678418
-4.65493  0.000690026
-4.64476  0.000694305
-4.63475  0.000662331
-4.62467  0.000708855
-4.61407  0.00074603
-4.60352  0.000688686
-4.59349  0.000684335
-4.58346  0.000703408
-4.57328  0.000673217
-4.56333  0.000702163
-4.55318  0.000699568
-4.54298  0.000700277
-4.53284  0.000688327
-4.52291  0.000707601
-4.51265  0.000685406
-4.50224  0.000765341
-4.49162  0.000710947
-4.48155  0.00068319
-4.47142  0.00071045
-4.4614  0.000709481
-4.45063  0.000764153
-4.43975  0.000763043
-4.42922  0.000714777
-4.41907  0.000689072
-4.40888  0.000734171
-4.39879  0.000694131
-4.38866  0.0007153
-4.37854  0.000695839
-4.36861  0.000717616
-4.35844  0.000697165
-4.34832  0.000729175
-4.33828  0.000693887
-4.32823  0.000718952
-4.31795  0.000719252
-4.30798  0.000712387
-4.29788  0.000695398
-4.28788  0.000728482
-4.27775  0.000705749
-4.26783  0.000710445
-4.25757  0.000721346
-4.24761  0.000720202
-4.2374  0.000712462
-4.22736  0.000726242
-4.21718  0.000717199
-4.20681  0.000768691
-4.19617  0.000734619
-4.18623  0.000709634
-4.17603  0.00072259
-4.16599  0.000727977
-4.15571  0.000736014
-4.14575  0.000698814
-4.13561  0.000742348
-4.12563  0.00070576
-4.11553  0.000728097
-4.10549  0.000723609
-4.09539  0.00072673
-4.0854  0.000710703
-4.07526  0.00074509
-4.06473  0.000780599
-4.05419  0.000730788
-4.04412  0.000722199
-4.0341  0.00073587
-4.0239  0.000723338
-4.01336  0.00080793
-4.00269  0.000730622
-3.99261  0.000734141
-3.98249  0.000721484
-3.97259  0.000730843
-3.96232  0.000735802
-3.95236  0.000729357
-3.94214  0.000740623
-3.93208  0.000731542
-3.92195  0.000727593
-3.91207  0.000725702
-3.90177  0.000749819
-3.89174  0.000730762
-3.88162  0.000729901
-3.87118  0.000799432
-3.8605  0.000744793
-3.85058  0.000719624
-3.84039  0.000746679
-3.83041  0.000723715
-3.82035  0.000741982
-3.81023  0.000733839
-3.80011  0.000742458
-3.79015  0.000725958
-3.77996  0.000747373
-3.7699  0.000731662
-3.75989  0.000739167
-3.74975  0.000729527
-3.73969  0.000753876
-3.72958  0.000729652
-3.71946  0.000745797
-3.70935  0.000730513
-3.69942  0.000745361
-3.68919  0.000730476
-3.67922  0.000747786
-3.66906  0.000737337
-3.65855  0.000807549
-3.64786  0.00075115
-3.6379  0.000732934
-3.62767  0.00074033
-3.61772  0.000743767
-3.60754  0.000743609
-3.59713  0.000783291
-3.58661  0.000759499
-3.57659  0.00073202
-3.5664  0.00073888
-3.55645  0.000742327
-3.54629  0.000749617
-3.5362  0.000724749
-3.52611  0.000764812
-3.51601  0.000728826
-3.50591  0.000736382
-3.49592  0.000745303
-3.48541  0.000807468
-3.47479  0.00073706
-3.46469  0.000757164
-3.45456  0.000744106
-3.44441  0.000732123
-3.43433  0.000755405
-3.42381  0.000804109
-3.41265  0.00081996
-3.40207  0.000750069
-3.39195  0.000736189
-3.38191  0.000734973
-3.37181  0.000748884
-3.3618  0.000742978
-3.35156  0.000732906
-3.34164  0.000744272
-3.33148  0.000748418
-3.32139  0.000736727
-3.31074  0.000815395
-3.30033  0.000735191
-3.2901  0.000747499
-3.28013  0.000732504
-3.26997  0.000754865
-3.25948  0.000782615
-3.24895  0.000766322
-3.23886  0.000721081
-3.22877  0.000749411
-3.21871  0.000727666
-3.20868  0.000756801
-3.19857  0.000713357
-3.18858  0.000756462
-3.17841  0.000733017
-3.16838  0.000742808
-3.15825  0.000730126
-3.14822  0.000756068
-3.13802  0.000719249
-3.12809  0.000751128
-3.11741  0.000804159
-3.10697  0.000727056
-3.09683  0.000744133
-3.08684  0.000737646
-3.07659  0.000741245
-3.06661  0.000730621
-3.05645  0.000745611
-3.0464  0.000730161
-3.03622  0.000744351
-3.02622  0.000729404
-3.01598  0.000746372
-3.00599  0.000727419
-2.99584  0.000742993
-2.98577  0.000724644
-2.97566  0.0007467
-2.9656  0.000722521
-2.95545  0.000746207
-2.94539  0.000723593
-2.93529  0.00074169
-2.92518  0.00072525
-2.91515  0.000735374
-2.90514  0.000714705
-2.89505  0.000747357
-2.8849  0.000725656
-2.87487  0.000733165
-2.8647  0.000726668
-2.85424  0.000802899
-2.84359  0.000724081
-2.8336  0.000730799
-2.82348  0.000723179
-2.81349  0.000730914
-2.80323  0.000734253
-2.79324  0.00072418
-2.78303  0.00073239
-2.77297  0.000727486
-2.76282  0.000729812
-2.7528  0.000716036
-2.74265  0.000734885
-2.73261  0.000719302
-2.7225  0.000725422
-2.71242  0.000720333
-2.70234  0.000731167
-2.69228  0.000709413
-2.68175  0.000795686
-2.67113  0.000726679
-2.66109  0.000711621
-2.65099  0.000724804
-2.64092  0.000723188
-2.63081  0.000713827
-2.62075  0.000720748
-2.61062  0.000723915
-2.60063  0.000707072
-2.59051  0.000717093
-2.58047  0.000724558
-2.57034  0.000711883
-2.56031  0.000710011
-2.55017  0.000723186
-2.54024  0.000701401
-2.53011  0.000714853
-2.52009  0.00071592
-2.51001  0.000708258
-2.49996  0.000709181
-2.48981  0.000720409
-2.47933  0.000772726
-2.46868  0.000710993
-2.45868  0.000707159
-2.44859  0.000714324
-2.43855  0.000693307
-2.42843  0.000725339
-2.41847  0.000687014
-2.40838  0.000713603
-2.39835  0.000697916
-2.38826  0.000718641
-2.37818  0.000685493
-2.36805  0.000726873
-2.35805  0.000685405
-2.34748  0.000775929
-2.33679  0.000716018
-2.32627  0.000760851
-2.31568  0.000692854
-2.30564  0.000714798
-2.29554  0.000689622
-2.28545  0.000703722
-2.27527  0.000704986
-2.26529  0.00069157
-2.25516  0.000692334
-2.24516  0.000700648
-2.23506  0.000693117
-2.22499  0.000694371
-2.21485  0.000698949
-2.20479  0.000696651
-2.1946  0.000692561
-2.18459  0.00069142
-2.17446  0.000696927
-2.16435  0.000691676
-2.15421  0.000689797
-2.1442  0.000691036
-2.13409  0.000683522
-2.12415  0.000678838
-2.11402  0.000698275
-2.10397  0.000678881
-2.09387  0.000690534
-2.08377  0.000687763
-2.07364  0.000685707
-2.06363  0.000677346
-2.0535  0.000691264
-2.04335  0.000688883
-2.03321  0.000679517
-2.02315  0.00068435
-2.01297  0.000687696
-2.00287  0.000675804
-1.99277  0.000682894
-1.98266  0.000683034
-1.97257  0.000670306
-1.96254  0.000679182
-1.95241  0.000679139
-1.94236  0.00067033
-1.93228  0.000675849
-1.92215  0.000681408
-1.91205  0.000667927
-1.90207  0.000664324
-1.89201  0.000676986
-1.88194  0.000664038
-1.87193  0.000669452
-1.86182  0.000669899
-1.85186  0.000659795
-1.84179  0.000668022
-1.8317  0.000673499
-1.82158  0.000665073
-1.81156  0.000660188
-1.80138  0.000675998
-1.79134  0.00066029
-1.7812  0.00066826
-1.77108  0.000663645
-1.761  0.000664009
-1.75094  0.000658474
-1.7408  0.000664601
-1.73075  0.000660612
-1.72063  0.000658085
-1.7105  0.000664072
-1.70042  0.000658564
-1.69036  0.000651474
-1.67985  0.000713455
-1.66931  0.000664395
-1.65925  0.000642808
-1.64918  0.000656724
-1.63912  0.00065664
-1.62902  0.000650275
-1.619  0.000644041
-1.60894  0.000658728
-1.59883  0.000647387
-1.58869  0.000651845
-1.57866  0.000653134
-1.56851  0.000646522
-1.55842  0.000647244
-1.5483  0.000656616
-1.5382  0.000643399
-1.52803  0.000648539
-1.51796  0.000649132
-1.50783  0.000643646
-1.49776  0.000637795
-1.48773  0.000646549
-1.47761  0.000642914
-1.46751  0.000637579
-1.45747  0.000644674
-1.44738  0.000635828
-1.43727  0.000639435
-1.42717  0.000646123
-1.41705  0.0006386
-1.40695  0.000632999
-1.3969  0.000633402
-1.38687  0.000638846
-1.37678  0.00062825
-1.36678  0.000631735
-1.35675  0.000631689
-1.34664  0.000634747
-1.3366  0.000625092
-1.3266  0.000633952
-1.31646  0.000629983
-1.30636  0.000632924
-1.29629  0.000630421
-1.28613  0.00063378
-1.27604  0.000621858
-1.26597  0.00063839
-1.25577  0.000628131
-1.24572  0.000617078
-1.23573  0.000628428
-1.22559  0.000624687
-1.21554  0.000623664
-1.20544  0.000626276
-1.19536  0.000619281
-1.18531  0.000617291
-1.17532  0.000625558
-1.16515  0.000619582
-1.15517  0.000612556
-1.1451  0.000624702
-1.13497  0.000621154
-1.12489  0.000615927
-1.11488  0.000614621
-1.10479  0.000617044
-1.09478  0.000610662
-1.08469  0.000622222
-1.07459  0.000610858
-1.06457  0.00061414
-1.0545  0.000610858
-1.0444  0.00062138
-1.0343  0.000606488
-1.02426  0.000616421
-1.01402  0.000622873
-1.00394  0.000607437
-0.993867  0.000606604
-0.983373  0.000667333
-0.97277  0.000615726
-0.962775  0.000593176
-0.952741  0.000615774
-0.942628  0.000609306
-0.93252  0.000604423
-0.922453  0.000609882
-0.912368  0.000607323
-0.902296  0.000599003
-0.892176  0.000617417
-0.88202  0.000604266
-0.871994  0.000598392
-0.861901  0.000605025
-0.851863  0.000605389
-0.841758  0.00059741
-0.831714  0.000604815
-0.821548  0.000609271
-0.811475  0.000595689
-0.801337  0.000606717
-0.791251  0.000601901
-0.781142  0.000598382
-0.771052  0.000599755
-0.760952  0.000604554
-0.75089  0.000590601
-0.740786  0.000604029
-0.73064  0.00060251
-0.720573  0.000593107
-0.710484  0.000595643
-0.700415  0.00059883
-0.690332  0.000596019
-0.680167  0.000600263
-0.670038  0.000598698
-0.660021  0.000585667
-0.649897  0.00060205
-0.639782  0.000592124
-0.629771  0.000593304
-0.619608  0.000592035
-0.609532  0.00059867
-0.599498  0.000583188
-0.589431  0.000595166
-0.579301  0.000592209
-0.56931  0.000588676
-0.55915  0.000592662
-0.549119  0.000587041
-0.539091  0.000590158
-0.528944  0.000591235
-0.518837  0.000592963
-0.508873  0.000579051
-0.498783  0.000591605
-0.488144  0.000651857
-0.477586  0.000586776
-0.467496  0.000583122
-0.457387  0.00059814
-0.447235  0.000585015
-0.437222  0.00058348
-0.427063  0.000594467
-0.41701  0.000582601
-0.406861  0.000590206
-0.396758  0.000589113
-0.386659  0.000585301
-0.376679  0.000572994
-0.366541  0.00060051
-0.356474  0.000574194
-0.346444  0.000587518
-0.336329  0.000582482
-0.326278  0.000587673
-0.316242  0.000573613
-0.306157  0.000594684
-0.296054  0.000574879
-0.286084  0.000582268
-0.275964  0.000583948
-0.265943  0.000582579
-0.255893  0.000576314
-0.245317  0.000645988
-0.234189  0.00064204
-0.223654  0.000576703
-0.213602  0.000580815
-0.203557  0.000583824
-0.193455  0.000582648
-0.183412  0.000574913
-0.173323  0.000591871
-0.163199  0.000576522
-0.153143  0.000581916
-0.143031  0.000588332
-0.132895  0.000579285
-0.122879  0.000574768
-0.112326  0.000645727
-0.101693  0.000577612
-0.0911209  0.000641681
-0.08053  0.000581683
-0.0704342  0.000580279
-0.0603839  0.000578544
-0.0503421  0.000580984
-0.0402771  0.000575819
-0.0302096  0.000586788
-0.0201413  0.000574476
-0.0101029  0.000580143
-0.00254357  0.0002927
0.00254357  0.0002927
0.0101029  0.000580143
0.0201413  0.000574476
0.0302096  0.000586788
0.0402771  0.000575819
0.0503421  0.000580984
0.0603839  0.000578544
0.0704342  0.000580279
0.08053  0.000581683
0.0911209  0.000641681
0.101693  0.000577612
0.112326  0.000645727
0.122879  0.000574768
0.132895  0.000579285
0.143031  0.000588332
0.153143  0.000581916
0.163199  0.000576522
0.173323  0.000591871
0.183412  0.000574913
0.193455  0.000582648
0.203557  0.000583824
0.213602  0.000580815
0.223654  0.000576703
0.234189  0.00064204
0.245317  0.000645988
0.255893  0.000576314
0.265943  0.000582579
0.275964  0.000583948
0.286084  0.000582268
0.296054  0.000574879
0.306157  0.000594684
0.316242  0.000573613
0.326278  0.000587673
0.336329  0.000582482
0.346444  0.000587518
0.356474  0.000574194
0.366541  0.00060051
0.376679  0.000572994
0.386659  0.000585301
0.396758  0.000589113
0.406861  0.000590206
0.41701  0.000582601
0.427063  0.000594467
0.437222  0.00058348
0.447235  0.000585015
0.457387  0.00059814
0.467496  0.000583122
0.477586  0.000586776
0.488144  0.000651857
0.498783  0.000591605
0.508873  0.000579051
0.518837  0.000592963
0.528944  0.000591235
0.539091  0.000590158
0.549119  0.000587041
0.55915  0.000592662
0.56931  0.000588676
0.579301  0.000592209
0.589431  0.000595166
0.599498  0.000583188
0.609532  0.00059867
0.619608  0.000592035
0.629771  0.000593304
0.639782  0.000592124
0.649897  0.00060205
0.660021  0.000585667
0.670038  0.000598698
0.680167  0.000600263
0.690332  0.000596019
0.700415  0.00059883
0.710484  0.000595643
0.720573  0.000593107
0.73064  0.00060251
0.740786  0.000604029
0.75089  0.000590601
0.760952  0.000604554
0.771052  0.000599755
0.781142  0.000598382
0.791251  0.000601901
0.801337  0.000606717
0.811475  0.000595689
0.821548  0.000609271
0.831714  0.000604815
0.841758  0.00059741
0.851863  0.000605389
0.861901  0.000605025
0.871994  0.000598392
0.88202  0.000604266
0.892176  0.000617417
0.902296  0.000599003
0.912368  0.000607323
0.922453  0.000609882
0.93252  0.000604423
0.942628  0.000609306
0.952741  0.000615774
0.962775  0.000593176
0.97277  0.000615726
0.983373  0.000667333
0.993867  0.000606604
1.00394  0.000607437
1.01402  0.000622873
1.02426  0.000616421
1.0343  0.000606488
1.0444  0.00062138
1.0545  0.000610858
1.06457  0.00061414
1.07459  0.000610858
1.08469  0.000622222
1.09478  0.000610662
1.10479  0.000617044
1.11488  0.000614621
1.12489  0.000615927
1.13497  0.000621154
1.1451  0.000624702
1.15517  0.000612556
1.16515  0.000619582
1.17532  0.000625558
1.18531  0.000617291
1.19536  0.000619281
1.20544  0.000626276
1.21554  0.000623664
1.22559  0.000624687
1.23573  0.000628428
1.24572  0.000617078
1.25577  0.000628131
1.26597  0.00063839
1.27604  0.000621858
1.28613  0.00063378
1.29629  0.000630421
1.30636  0.000632924
1.31646  0.000629983
1.3266  0.000633952
1.3366  0.000625092
1.34664  0.000634747
1.35675  0.000631689
1.36678  0.000631735
1.37678  0.00062825
1.38687  0.000638846
1.3969  0.000633402
1.40695  0.000632999
1.41705  0.0006386
1.42717  0.000646123
1.43727  0.000639435
1.44738  0.000635828
1.45747  0.000644674
1.46751  0.000637579
1.47761  0.000642914
1.48773  0.000646549
1.49776  0.000637795
1.50783  0.000643646
1.51796  0.000649132
1.52803  0.000648539
1.5382  0.000643399
1.5483  0.000656616
1.55842  0.000647244
1.56851  0.000646522
1.57866  0.000653134
1.58869  0.000651845
1.59883  0.000647387
1.60894  0.000658728
1.619  0.000644041
1.62902  0.000650275
1.63912  0.00065664
1.64918  0.000656724
1.65925  0.000642808
1.66931  0.000664395
1.67985  0.000713455
1.69036  0.000651474
1.70042  0.000658564
1.7105  0.000664072
1.72063  0.000658085
1.73075  0.000660612
1.7408  0.000664601
1.75094  0.000658474
1.761  0.000664009
1.77108  0.000663645
1.7812  0.00066826
1.79134  0.00066029
1.80138  0.000675998
1.81156  0.000660188
1.82158  0.000665073
1.8317  0.000673499
1.84179  0.000668022
1.85186  0.000659795
1.86182  0.000669899
1.87193  0.000669452
1.88194  0.000664038
1.89201  0.000676986
1.90207  0.000664324
1.91205  0.000667927
1.92215  0.000681408
1.93228  0.000675849
1.94236  0.00067033
1.95241  0.000679139
1.96254  0.000679182
1.97257  0.000670306
1.98266  0.000683034
1.99277  0.000682894
2.00287  0.000675804
2.01297  0.000687696
2.02315  0.00068435
2.03321  0.000679517
2.04335  0.000688883
2.0535  0.000691264
2.06363  0.000677346
2.07364  0.000685707
2.08377  0.000687763
2.09387  0.000690534
2.10397  0.000678881
2.11402  0.000698275
2.12415  0.000678838
2.13409  0.000683522
2.1442  0.000691036
2.15421  0.000689797
2.16435  0.000691676
2.17446  0.000696927
2.18459  0.00069142
2.1946  0.000692561
2.20479  0.000696651
2.21485  0.000698949
2.22499  0.000694371
2.23506  0.000693117
2.24516  0.000700648
2.25516  0.000692334
2.26529  0.00069157
2.27527  0.000704986
2.28545  0.000703722
2.29554  0.000689622
2.30564  0.000714798
2.31568  0.000692854
2.32627  0.000760851
2.33679  0.000716018
2.34748  0.000775929
2.35805  0.000685405
2.36805  0.000726873
2.37818  0.000685493
2.38826  0.000718641
2.39835  0.000697916
2.40838  0.000713603
2.41847  0.000687014
2.42843  0.000725339
2.43855  0.000693307
2.44859  0.000714324
2.45868  0.000707159
2.46868  0.000710993
2.47933  0.000772726
2.48981  0.000720409
2.49996  0.000709181
2.51001  0.000708258
2.52009  0.00071592
2.53011  0.000714853
2.54024  0.000701401
2.55017  0.000723186
2.56031  0.000710011
2.57034  0.000711883
2.58047  0.000724558
2.59051  0.000717093
2.60063  0.000707072
2.61062  0.000723915
2.62075  0.000720748
2.63081  0.000713827
2.64092  0.000723188
2.65099  0.000724804
2.66109  0.000711621
2.67113  0.000726679
2.68175  0.000795686
2.69228  0.000709413
2.70234  0.000731167
2.71242  0.000720333
2.7225  0.000725422
2.73261  0.000719302
2.74265  0.000734885
2.7528  0.000716036
2.76282  0.000729812
2.77297  0.000727486
2.78303  0.00073239
2.79324  0.00072418
2.80323  0.000734253
2.81349  0.000730914
2.82348  0.000723179
2.8336  0.000730799
2.84359  0.000724081
2.85424  0.000802899
2.8647  0.000726668
2.87487  0.000733165
2.8849  0.000725656
2.89505  0.000747357
2.90514  0.000714705
2.91515  0.000735374
2.92518  0.00072525
2.93529  0.00074169
2.94539  0.000723593
2.95545  0.000746207
2.9656  0.000722521
2.97566  0.0007467
2.98577  0.000724644
2.99584  0.000742993
3.00599  0.000727419
3.01598  0.000746372
3.02622  0.000729404
3.03622  0.000744351
3.0464  0.000730161
3.05645  0.000745611
3.06661  0.000730621
3.07659  0.000741245
3.08684  0.000737646
3.09683  0.000744133
3.10697  0.000727056
3.11741  0.000804159
3.12809  0.000751128
3.13802  0.000719249
3.14822  0.000756068
3.15825  0.000730126
3.16838  0.000742808
3.17841  0.000733017
3.18858  0.000756462
3.19857  0.000713357
3.20868  0.000756801
3.21871  0.000727666
3.22877  0.000749411
3.23886  0.000721081
3.24895  0.000766322
3.25948  0.000782615
3.26997  0.000754865
3.28013  0.000732504
3.2901  0.000747499
3.30033  0.000735191
3.31074  0.000815395
3.32139  0.000736727
3.33148  0.000748418
3.34164  0.000744272
3.35156  0.000732906
3.3618  0.000742978
3.37181  0.000748884
3.38191  0.000734973
3.39195  0.000736189
3.40207  0.000750069
3.41265  0.00081996
3.42381  0.000804109
3.43433  0.000755405
3.44441  0.000732123
3.45456  0.000744106
3.46469  0.000757164
3.47479  0.00073706
3.48541  0.000807468
3.49592  0.000745303
3.50591  0.000736382
3.51601  0.000728826
3.52611  0.000764812
3.5362  0.000724749
3.54629  0.000749617
3.55645  0.000742327
3.5664  0.00073888
3.57659  0.00073202
3.58661  0.000759499
3.59713  0.000783291
3.60754  0.000743609
3.61772  0.000743767
3.62767  0.00074033
3.6379  0.000732934
3.64786  0.00075115
3.65855  0.000807549
3.66906  0.000737337
3.67922  0.000747786
3.68919  0.000730476
3.69942  0.000745361
3.70935  0.000730513
3.71946  0.000745797
3.72958  0.000729652
3.73969  0.000753876
3.74975  0.000729527
3.75989  0.000739167
3.7699  0.000731662
3.77996  0.000747373
3.79015  0.000725958
3.80011  0.000742458
3.81023  0.000733839
3.82035  0.000741982
3.83041  0.000723715
3.84039  0.000746679
3.85058  0.000719624
3.8605  0.000744793
3.87118  0.000799432
3.88162  0.000729901
3.89174  0.000730762
3.90177  0.000749819
3.91207  0.000725702
3.92195  0.000727593
3.93208  0.000731542
3.94214  0.000740623
3.95236  0.000729357
3.96232  0.000735802
3.97259  0.000730843
3.98249  0.000721484
3.99261  0.000734141
4.00269  0.000730622
4.01336  0.00080793
4.0239  0.000723338
4.0341  0.00073587
4.04412  0.000722199
4.05419  0.000730788
4.06473  0.000780599
4.07526  0.00074509
4.0854  0.000710703
4.09539  0.00072673
4.10549  0.000723609
4.11553  0.000728097
4.12563  0.00070576
4.13561  0.000742348
4.14575  0.000698814
4.15571  0.000736014
4.16599  0.000727977
4.17603  0.00072259
4.18623  0.000709634
4.19617  0.000734619
4.20681  0.000768691
4.21718  0.000717199
4.22736  0.000726242
4.2374  0.000712462
4.24761  0.000720202
4.25757  0.000721346
4.26783  0.000710445
4.27775  0.000705749
4.28788  0.000728482
4.29788  0.000695398
4.30798  0.000712387
4.31795  0.000719252
4.32823  0.000718952
4.33828  0.000693887
4.34832  0.000729175
4.35844  0.000697165
4.36861  0.000717616
4.37854  0.000695839
4.38866  0.0007153
4.39879  0.000694131
4.40888  0.000734171
4.41907  0.000689072
4.42922  0.000714777
4.43975  0.000763043
4.45063  0.000764153
4.4614  0.000709481
4.47142  0.00071045
4.48155  0.00068319
4.49162  0.000710947
4.50224  0.000765341
4.51265  0.000685406
4.52291  0.000707601
4.53284  0.000688327
4.54298  0.000700277
4.55318  0.000699568
4.56333  0.000702163
4.57328  0.000673217
4.58346  0.000703408
4.59349  0.000684335
4.60352  0.000688686
4.61407  0.00074603
4.62467  0.000708855
4.63475  0.000662331
4.64476  0.000694305
4.65493  0.000690026
4.66494  0.000678418
4.67503  0.000674016
4.68515  0.00070634
4.69531  0.00066331
4.7053  0.000688579
4.71553  0.000682385
4.72543  0.00066578
4.73553  0.000677406
4.7456  0.000682588
4.75575  0.000673968
4.7658  0.00067569
4.77597  0.000678014
4.78601  0.000667976
4.79614  0.000676026
4.80627  0.000678898
4.81641  0.000661374
4.82637  0.000663393
4.83653  0.000675857
4.84658  0.00066229
4.85668  0.000662659
4.86667  0.00065832
4.87674  0.000663198
4.88681  0.000662887
4.89697  0.000670222
4.90749  0.000705091
4.91801  0.000668956
4.9281  0.000652726
4.93823  0.00066524
4.94835  0.000643326
4.95836  0.000665592
4.96851  0.000647057
4.97858  0.000654108
4.98866  0.000648753
4.99877  0.000659768
5.00893  0.000638327
5.01885  0.000651436
5.02906  0.00064016
5.03903  0.000650929
5.04917  0.000640054
5.0592  0.000644319
5.06942  0.000642349
5.07936  0.000640435
5.08958  0.000642291
5.09958  0.000633977
5.10964  0.000627561
5.11959  0.000636257
5.1299  0.000648338
5.13976  0.000615071
5.14991  0.00063329
5.15995  0.000632837
5.17004  0.00063087
5.18003  0.00061634
5.19023  0.000636656
5.20017  0.000620971
5.21036  0.000625956
5.22039  0.00061829
5.23045  0.000626474
5.24099  0.000671673
5.25165  0.000631263
5.26163  0.000607883
5.27177  0.00062206
5.28185  0.00060881
5.2919  0.000629874
5.30203  0.000594465
5.31207  0.000618572
5.32256  0.000663525
5.33316  0.000613383
5.34322  0.000597031
5.35324  0.000620257
5.36336  0.000581846
5.37336  0.000622008
5.38351  0.000595186
5.39358  0.000604319
5.40367  0.00058858
5.41364  0.000610967
5.42384  0.00058291
5.43383  0.000606163
5.44397  0.000587761
5.45405  0.000601611
5.46422  0.000580346
5.47412  0.000597673
5.48485  0.000641391
5.49531  0.000585946
5.5059  0.000643532
5.51639  0.000574055
5.52657  0.000594565
5.53654  0.000576792
5.54671  0.000578228
5.55667  0.000568633
5.56678  0.000592806
5.57685  0.000560377
5.587  0.000590437
5.59702  0.00055837
5.60705  0.00058031
5.61718  0.000556946
5.62717  0.000583073
5.6373  0.000555717
5.64745  0.000579008
5.6575  0.000553137
5.66754  0.000574598
5.6777  0.000544614
5.6876  0.000575797
5.69784  0.000549784
5.70793  0.000571035
5.71809  0.000545222
5.72802  0.00056268
5.73829  0.000546411
5.74821  0.000558663
5.75842  0.000543449
5.76841  0.000552559
5.77858  0.000546696
5.78854  0.000544206
5.79926  0.000598592
5.80972  0.000542119
5.81994  0.000545866
5.82994  0.000533183
5.84008  0.000546776
5.85021  0.00053751
5.86042  0.000539195
5.87041  0.000526542
5.8805  0.000536863
5.8906  0.000523583
5.90065  0.000542368
5.91082  0.000516133
5.92081  0.000528903
5.93085  0.000517465
5.94091  0.000528833
5.95107  0.000518822
5.96104  0.000524115
5.97122  0.000509933
5.98124  0.000528084
5.99139  0.000506877
6.00137  0.00051911
6.01161  0.000511989
6.02147  0.000506282
6.03164  0.000505187
6.04171  0.000521592
6.05195  0.000503686
6.06236  0.000545588
6.07301  0.000517065
6.08309  0.000497716
6.09369  0.000537216
6.10411  0.000513127
6.11445  0.000501947
6.12441  0.000479957
6.13453  0.000511156
6.1447  0.000490451
6.15476  0.000482909
6.16477  0.000499579
6.17495  0.000487593
6.18501  0.000475715
6.19505  0.000498214
6.20524  0.000485848
6.21527  0.00046672
6.22527  0.00049181
6.23547  0.000481671
6.24549  0.000461613
6.25599  0.000532778
6.26663  0.000475112
6.27679  0.000471233
6.28683  0.000468678
6.29678  0.000466961
6.3074  0.000509962
6.31798  0.000473617
6.32802  0.000461398
6.33816  0.000462632
6.34837  0.000466263
6.3583  0.000457749
6.36841  0.000453701
6.37856  0.000464948
6.38905  0.000491928
6.39962  0.000454642
6.40985  0.000459288
6.41981  0.000448641
6.43002  0.000445831
6.4401  0.000450027
6.45016  0.000453329
6.46039  0.000441585
6.47051  0.000443909
6.48042  0.000437051
6.49059  0.000441409
6.50074  0.000442338
6.5108  0.000438054
6.52092  0.000429543
6.53098  0.000437673
6.5415  0.000470339
6.55206  0.000427947
6.56222  0.000432997
6.57218  0.000426897
6.5824  0.000422516
6.59242  0.00042706
6.60252  0.000424756
6.61263  0.000417836
6.62274  0.000422009
6.63268  0.000415359
6.64289  0.000416612
6.65291  0.000416341
6.66305  0.000420671
6.67317  0.000403688
6.68376  0.000454714
6.69426  0.000410306
6.70451  0.000410382
6.71453  0.000405121
6.72466  0.000406438
6.7347  0.00039402
6.74482  0.00041206
6.7549  0.000398082
6.76513  0.000403673
6.77515  0.000389193
6.7853  0.000409105
6.79542  0.000384745
6.80548  0.000396757
6.8155  0.000384734
6.82569  0.000402395
6.83619  0.000407032
6.84658  0.000392661
6.85679  0.000381502
6.8668  0.000388338
6.87694  0.000376519
6.88699  0.000382154
6.89714  0.000378112
6.90714  0.000378001
6.91731  0.000374247
6.92725  0.000372189
6.93739  0.000371645
6.94749  0.000373703
6.95761  0.000370978
6.96759  0.00036451
6.97775  0.000363764
6.98782  0.000373239
6.998  0.000364296
7.00814  0.000358625
7.01816  0.000360516
7.0286  0.000391204
7.03927  0.000356004
7.04938  0.000363602
7.0595  0.000353455
7.06962  0.000347312
7.07968  0.000358197
7.08965  0.000341503
7.09983  0.000351513
7.10997  0.000351348
7.11995  0.000342907
7.13002  0.00033314
7.14004  0.000353302
7.15017  0.000338265
7.16029  0.000335389
7.17032  0.00034229
7.18034  0.00033765
7.19057  0.00032949
7.20062  0.000344684
7.21118  0.000355523
7.22176  0.000328848
7.23185  0.000336777
7.2419  0.000326335
7.25201  0.000314645
7.26197  0.000338747
7.27214  0.000315757
7.28211  0.000315679
7.29228  0.000334816
7.3028  0.000340042
7.31346  0.000321238
7.32353  0.000320409
7.33358  0.000310045
7.34372  0.000312412
7.35381  0.000321649
7.36382  0.000301111
7.37396  0.000310952
7.38407  0.000310814
7.39407  0.000309121
7.40421  0.000293729
7.41422  0.00031398
7.42431  0.000296213
7.43442  0.000304289
7.44506  0.000329481
7.45556  0.000300538
7.46571  0.000287238
7.47575  0.000308417
7.48596  0.000290107
7.49607  0.000294095
7.50622  0.000290791
7.51617  0.000296614
7.52638  0.000278371
7.53642  0.000297073
7.54708  0.000309932
7.55747  0.000282818
7.56775  0.000288675
7.57777  0.000282755
7.58799  0.000275598
7.59792  0.000283758
7.60809  0.000279634
7.61864  0.000298998
7.62944  0.000285668
7.63946  0.000272113
7.6496  0.000268308
7.65956  0.000272494
7.66979  0.000277223
7.68029  0.000284076
7.69079  0.000275116
7.70095  0.000266324
7.71152  0.000284183
7.72202  0.000267674
7.73208  0.000261452
7.74216  0.000255966
7.7522  0.000264815
7.76229  0.000257925
7.77238  0.000255927
7.78249  0.000257293
7.79248  0.000254586
7.80262  0.000249766
7.81269  0.000262797
7.82294  0.000247599
7.83289  0.000244721
7.84306  0.000256015
7.853  0.000243907
7.86318  0.000246073
7.87334  0.000250042
7.88341  0.000241805
7.89347  0.000240715
7.9036  0.000245873
7.91358  0.000236079
7.92379  0.000240506
7.93379  0.0002385
7.94385  0.000234594
7.95397  0.000236214
7.9641  0.00023654
7.97418  0.00023097
7.98422  0.000233471
7.99434  0.000230627
8.00436  0.000227793
8.01448  0.000227111
8.02455  0.000230949
8.03472  0.00022537
8.04477  0.000220609
8.05482  0.000227747
8.06487  0.000218542
8.07507  0.0002231
8.08507  0.000223294
8.09569  0.000233644
8.10615  0.000215588
8.11627  0.000225597
8.12645  0.000207839
8.13655  0.000215187
8.14652  0.00021728
8.1567  0.000208377
8.16676  0.000205454
8.1768  0.000218531
8.18694  0.000204124
8.19771  0.00023251
8.20819  0.000204186
8.21836  0.000204888
8.22853  0.00020397
8.23899  0.000226305
8.24954  0.00019326
8.25975  0.000205932
8.26991  0.000203534
8.28  0.000194856
8.29012  0.000192341
8.3001  0.000204136
8.31027  0.000189
8.32036  0.000195555
8.33045  0.000195146
8.34051  0.000188151
8.35073  0.000190354
8.36071  0.00019549
8.37089  0.000182915
8.38102  0.000187287
8.39105  0.000190425
8.40106  0.000180199
8.41126  0.000183253
8.4212  0.000186368
8.43129  0.000177688
8.44135  0.000178631
8.45147  0.000186592
8.4615  0.000174485
8.47164  0.000175008
8.48171  0.000184422
8.49175  0.000170787
8.50176  0.000169949
8.51191  0.000180067
8.52182  0.000171139
8.53214  0.000168978
8.54215  0.000173998
8.55217  0.000170536
8.56236  0.000163901
8.57251  0.000174832
8.58246  0.000164031
8.59262  0.00016096
8.60277  0.000171284
8.61279  0.00016259
8.62278  0.000159027
8.63298  0.000164348
8.64282  0.000159188
8.65311  0.000159426
8.66312  0.000158583
8.67312  0.000159952
8.68327  0.000154525
8.69346  0.000158935
8.70344  0.000154606
8.71357  0.000153667
8.72368  0.000155359
8.73433  0.000166731
8.74482  0.000150429
8.75505  0.000150646
8.76508  0.000153769
8.7753  0.000144231
8.78532  0.00015326
8.79548  0.000143052
8.80548  0.000146486
8.81565  0.000144633
8.8257  0.000148193
8.83599  0.000141489
8.84593  0.000143662
8.85622  0.000139768
8.86623  0.00014555
8.87687  0.000148606
8.88725  0.000140077
8.89758  0.000140086
8.90766  0.000136605
8.91781  0.000136925
8.92779  0.000135117
8.93798  0.000133262
8.94803  0.000135544
8.95811  0.00013127
8.96825  0.00013455
8.97846  0.000131031
8.98847  0.000130649
8.99865  0.00012915
9.00869  0.00012777
9.01884  0.000130161
9.02895  0.000125881
9.03907  0.000127579
9.04918  0.000125604
9.05929  0.000123106
9.06935  0.000124168
9.07947  0.000122906
9.08951  0.000122399
9.09969  0.000123472
9.10969  0.000116806
9.11983  0.000123041
9.12985  0.000115054
9.13992  0.000121518
9.15011  0.000117644
9.16009  0.000114203
9.17018  0.000117083
9.1803  0.000117619
9.19032  0.00011159
9.20054  0.000114978
9.21051  0.000113062
9.22067  0.000113635
9.23069  0.000106705
9.24083  0.000115026
9.25091  0.000108323
9.26111  0.000111237
9.27128  0.000109163
9.28128  0.000108158
9.29156  0.000103246
9.30157  0.000114418
9.31168  0.000101622
9.32194  0.00010259
9.33189  0.000109164
9.34209  0.000103121
9.35214  9.91334e-05
9.36223  0.000105252
9.37224  9.9316e-05
9.38287  0.000109737
9.39331  0.000100496
9.4034  9.97639e-05
9.41358  9.48478e-05
9.4236  0.000103112
9.43363  9.60241e-05
9.44393  9.47638e-05
9.45391  9.91749e-05
9.46409  9.56108e-05
9.47423  9.18594e-05
9.4843  9.74738e-05
9.49438  9.10295e-05
9.5047  9.40936e-05
9.51466  9.27263e-05
9.52481  9.23602e-05
9.53493  8.71143e-05
9.54494  9.35291e-05
9.55502  8.87758e-05
9.56524  8.61271e-05
9.57529  9.1818e-05
9.58552  9.06678e-05
9.59571  8.32028e-05
9.60579  8.98172e-05
9.61588  8.35663e-05
9.62601  8.49586e-05
9.63609  8.70237e-05
9.64618  8.43039e-05
9.65635  8.0407e-05
9.66648  8.40238e-05
9.67651  8.42736e-05
9.68654  7.81287e-05
9.69668  8.22209e-05
9.70675  8.30248e-05
9.71684  7.57688e-05
9.72699  8.01225e-05
9.73744  8.63533e-05
9.74794  7.72411e-05
9.75825  7.85435e-05
9.76815  7.81718e-05
9.77835  7.39275e-05
9.78836  7.57788e-05
9.7986  7.90898e-05
9.80922  8.01464e-05
9.81991  7.37285e-05
9.82983  7.41343e-05
9.84014  7.48868e-05
9.85008  6.93657e-05
9.86028  7.44202e-05
9.87023  6.97735e-05
9.88068  7.24512e-05
9.89061  7.03312e-05
9.9009  7.26716e-05
9.91148  7.19801e-05
9.92196  7.0045e-05
9.93215  6.92014e-05
9.94237  6.80337e-05
9.95222  6.58323e-05
9.96292  7.39835e-05
9.97348  6.60153e-05
9.98376  6.62929e-05
9.9937  6.45529e-05
10.004  6.69896e-05
10.0139  6.32258e-05
10.0242  6.46755e-05
10.0343  6.16073e-05
10.0445  6.50926e-05
10.0552  6.86816e-05
10.0657  6.14376e-05
10.0758  6.07426e-05
10.0861  6.26188e-05
10.0961  5.85252e-05
10.1063  6.09705e-05
10.1164  5.99415e-05
10.1265  5.79229e-05
10.1367  5.8822e-05
10.1467  5.94953e-05
10.1569  5.59698e-05
10.1668  5.70353e-05
10.177  5.90413e-05
10.1872  5.41674e-05
10.1972  5.6308e-05
10.2075  5.76182e-05
10.2175  5.25476e-05
10.2276  5.45175e-05
10.2378  5.5046e-05
10.2478  5.40371e-05
10.258  5.22485e-05
10.268  5.42927e-05
10.278  5.16282e-05
10.2883  5.07294e-05
10.2984  5.29257e-05
10.3085  5.15469e-05
10.319  5.44091e-05
10.3295  5.17343e-05
10.3397  4.87797e-05
10.3498  4.92814e-05
10.36  4.97978e-05
10.3699  4.98867e-05
10.3802  4.621e-05
10.3902  4.91273e-05
10.4009  5.3051e-05
10.4114  4.63591e-05
10.4216  4.60806e-05
10.4317  4.90369e-05
10.442  4.40615e-05
10.4521  4.6958e-05
10.4623  4.4609e-05
10.4721  4.45507e-05
10.4826  4.50968e-05
10.4925  4.61783e-05
10.5027  4.16026e-05
10.5128  4.47389e-05
10.5232  4.44124e-05
10.5332  4.13948e-05
10.5433  4.08355e-05
10.5533  4.56711e-05
10.5636  3.91822e-05
10.5736  4.24477e-05
10.5839  4.12707e-05
10.5937  4.00178e-05
10.6042  3.98416e-05
10.6142  4.41877e-05
10.6251  4.12596e-05
10.6356  3.86465e-05
10.6458  4.08437e-05
10.6558  3.75427e-05
10.6662  3.82704e-05
10.676  4.02022e-05
10.6864  3.6148e-05
10.6963  3.69087e-05
10.7064  3.80653e-05
10.7163  3.55025e-05
10.7269  3.74342e-05
10.7369  3.78044e-05
10.747  3.44559e-05
10.757  3.41283e-05
10.7673  3.67894e-05
10.7773  3.53288e-05
10.7877  3.35202e-05
10.7975  3.54376e-05
10.8077  3.38689e-05
10.8179  3.29064e-05
10.828  3.49284e-05
10.8382  3.33914e-05
10.8486  3.14615e-05
10.8586  3.3696e-05
10.8685  3.25273e-05
10.8788  3.20676e-05
10.8888  3.09951e-05
10.8989  3.20203e-05
10.9092  3.07592e-05
10.9193  3.10048e-05
10.9293  3.19576e-05
10.9398  2.99481e-05
10.9498  2.87884e-05
10.9599  3.15649e-05
10.9702  2.98845e-05
10.9804  2.87937e-05
10.9904  2.97849e-05
11.001  3.14353e-05
11.0116  2.67567e-05
11.0217  2.98372e-05
11.0319  2.83027e-05
11.042  2.66938e-05
11.052  2.91002e-05
11.0622  2.59976e-05
11.0724  2.68874e-05
11.0823  2.78448e-05
11.0927  2.65883e-05
11.1027  2.51433e-05
11.1129  2.72751e-05
11.1231  2.61071e-05
11.1332  2.51116e-05
11.1433  2.55694e-05
11.1536  2.60685e-05
11.1644  2.70395e-05
11.1749  2.53467e-05
11.1849  2.41507e-05
11.1953  2.37429e-05
11.2051  2.40851e-05
11.2154  2.42498e-05
11.2258  2.39138e-05
11.236  2.42913e-05
11.2461  2.30882e-05
11.2564  2.21407e-05
11.2663  2.25216e-05
11.2765  2.34221e-05
11.2867  2.24084e-05
11.2969  2.28922e-05
11.3069  2.12481e-05
11.3171  2.10996e-05
11.3275  2.22636e-05
11.3375  2.25028e-05
11.3476  2.01012e-05
11.3579  2.14785e-05
11.3681  2.08947e-05
11.3783  2.07694e-05
11.3886  1.97447e-05
11.3987  2.09157e-05
11.4087  1.97907e-05
11.4191  2.01802e-05
11.4291  2.0011e-05
11.4393  1.90727e-05
11.4498  1.84463e-05
11.4598  2.1021e-05
11.4699  1.83831e-05
11.4803  1.81582e-05
11.4905  1.99834e-05
11.5005  1.79054e-05
11.5107  1.6713e-05
11.5209  1.94165e-05
11.5313  1.84929e-05
11.5416  1.74448e-05
11.5516  1.74777e-05
11.5617  1.70657e-05
11.5724  1.76275e-05
11.5825  1.75644e-05
11.5923  1.63494e-05
11.6026  1.61496e-05
11.6128  1.74512e-05
11.6229  1.55009e-05
11.6332  1.63201e-05
11.6434  1.63579e-05
11.6535  1.62934e-05
11.6637  1.53079e-05
11.6739  1.61586e-05
11.6841  1.5377e-05
11.6944  1.51881e-05
11.7044  1.49397e-05
11.7143  1.54195e-05
11.7247  1.3797e-05
11.7349  1.66237e-05
11.7455  1.41505e-05
11.7555  1.36193e-05
11.7656  1.47012e-05
11.776  1.48828e-05
11.7863  1.37511e-05
11.7964  1.39025e-05
11.8064  1.39575e-05
11.8169  1.365e-05
11.8272  1.2712e-05
11.8371  1.50589e-05
11.8473  1.16053e-05
11.8574  1.333e-05
11.8677  1.37006e-05
11.878  1.22174e-05
11.8884  1.22963e-05
11.8982  1.3874e-05
11.9086  1.15395e-05
11.9187  1.20371e-05
11.9287  1.222e-05
11.9389  1.23036e-05
11.9496  1.20551e-05
11.9595  1.20501e-05
11.9695  1.16007e-05
11.9801  1.10766e-05
11.9902  1.26261e-05
12.0004  1.08323e-05
12.0109  1.08688e-05
12.0209  1.1806e-05
12.0314  1.10176e-05
12.0422  1.18743e-05
12.053  1.1094e-05
12.0629  1.02343e-05
12.0735  1.09091e-05
12.0836  1.0544e-05
12.0937  1.00816e-05
12.1037  1.00385e-05
12.114  1.05059e-05
12.124  9.24233e-06
12.1346  1.02289e-05
12.1444  1.00189e-05
12.1547  9.82358e-06
12.1647  9.27154e-06
12.1752  1.00017e-05
12.1854  9.16279e-06
12.1957  9.3715e-06
12.2058  8.85734e-06
12.2161  9.69767e-06
12.2264  9.31306e-06
12.2374  9.25442e-06
12.2476  9.01066e-06
12.2581  8.49883e-06
12.2684  8.81199e-06
12.2781  8.89561e-06
12.2888  7.99742e-06
12.2991  8.89915e-06
12.3093  8.16844e-06
12.3195  8.43363e-06
12.3297  7.65425e-06
12.3401  8.9447e-06
12.3504  7.28035e-06
12.3607  8.07361e-06
12.3709  7.69818e-06
12.3807  7.67715e-06
12.3919  8.08733e-06
12.4019  8.40016e-06
12.4119  6.18135e-06
12.4221  7.83921e-06
12.4326  7.34636e-06
12.4426  7.04331e-06
12.4531  7.36808e-06
12.4631  7.51942e-06
12.4737  6.30615e-06
12.4836  6.95243e-06
12.4943  7.28988e-06
12.5042  6.50177e-06
12.5149  6.78408e-06
12.5248  7.10868e-06
12.5353  6.04857e-06
12.5457  6.32217e-06
12.5559  6.77148e-06
12.566  6.43988e-06
12.5766  6.19038e-06
12.5864  6.14379e-06
12.5968  6.16186e-06
12.6072  5.92942e-06
12.6177  6.11629e-06
12.6277  6.09774e-06
12.6384  5.8009e-06
12.6488  6.70751e-06
12.6589  5.14729e-06
12.6693  5.3108e-06
12.6793  5.93247e-06
12.6895  5.511e-06
12.7001  5.42752e-06
12.7102  5.87741e-06
12.7208  5.0599e-06
12.7309  5.15202e-06
12.7417  5.39487e-06
12.7516  5.26186e-06
12.762  5.04291e-06
12.7727  5.88189e-06
12.7836  4.93623e-06
12.7937  4.34657e-06
12.8036  5.47425e-06
12.8136  4.78401e-06
12.8248  5.0776e-06
12.8349  4.50062e-06
12.8453  4.46622e-06
12.8562  4.91146e-06
12.8664  5.01629e-06
12.8768  4.45543e-06
12.8874  4.41886e-06
12.8978  4.88933e-06
12.9086  4.11252e-06
12.9193  4.21399e-06
12.9296  4.74169e-06
12.9397  3.79517e-06
12.9504  4.40233e-06
12.961  4.39016e-06
12.9711  4.07607e-06
12.9818  3.88224e-06
12.9917  4.33899e-06
13.0025  3.55776e-06
13.0132  4.23062e-06
13.0239  4.12945e-06
13.0336  3.67747e-06
13.045  3.67196e-06
13.0551  4.07658e-06
13.0657  3.8277e-06
13.0759  3.2531e-06
13.0861  3.77225e-06
13.0966  3.24887e-06
13.1071  3.41156e-06
13.1174  3.78507e-06
13.1276  3.45849e-06
13.1377  3.00259e-06
13.1481  3.6449e-06
13.1584  3.19985e-06
13.1688  3.11614e-06
13.1791  3.37831e-06
13.1893  3.26513e-06
13.1998  2.75031e-06
13.2101  3.50709e-06
13.2205  3.01071e-06
13.2316  2.94673e-06
13.2415  3.22424e-06
13.2518  2.85506e-06
13.2629  3.08699e-06
13.2734  3.00329e-06
13.2835  2.73059e-06
13.294  2.73543e-06
13.3042  2.79941e-06
13.3141  2.7279e-06
13.3248  2.80383e-06
13.3354  2.90867e-06
13.3457  2.34294e-06
13.3566  2.68609e-06
13.3665  2.83888e-06
13.377  2.34452e-06
13.3872  2.59613e-06
13.3977  2.55477e-06
13.4086  2.24227e-06
13.419  2.46073e-06
13.4296  2.7295e-06
13.4399  2.56089e-06
13.4508  2.18849e-06
13.4616  2.31043e-06
13.4716  2.28854e-06
13.4823  2.38369e-06
13.4928  2.25717e-06
13.5026  2.12214e-06
13.5135  2.124e-06
13.5238  2.38588e-06
13.5345  2.21746e-06
13.5452  2.02022e-06
13.5564  2.19741e-06
13.5667  2.08711e-06
13.5772  1.82354e-06
13.5878  2.14159e-06
13.5983  1.96306e-06
13.6088  1.74458e-06
13.6192  2.38998e-06
13.6296  1.76624e-06
13.6405  1.87113e-06
13.6513  1.92874e-06
13.6624  1.91707e-06
13.6733  1.76225e-06
13.6836  2.08034e-06
13.6935  1.52027e-06
13.7045  1.68955e-06
13.7146  1.87715e-06
13.7256  1.58125e-06
13.7366  1.72027e-06
13.7461  1.77703e-06
13.7578  1.46008e-06
13.7683  1.66662e-06
13.7785  1.59394e-06
13.7889  1.39806e-06
13.7988  1.79561e-06
13.8092  1.52717e-06
13.82  1.33308e-06
13.8309  1.52823e-06
13.8417  1.48481e-06
13.8512  1.43887e-06
13.8623  1.60259e-06
13.8727  1.41204e-06
13.8833  1.19441e-06
13.8935  1.41501e-06
13.9036  1.4236e-06
13.9148  1.27692e-06
13.9255  1.40493e-06
13.9354  1.24777e-06
13.9459  1.31604e-06
13.9573  1.25044e-06
13.9676  1.37407e-06
13.9775  1.04177e-06
13.9885  1.31077e-06
13.9987  1.23367e-06
14.0096  1.16683e-06
14.0202  1.06693e-06
14.0299  1.2288e-06
14.041  1.06432e-06
14.0508  1.20617e-06
14.0618  1.14291e-06
14.0724  1.03007e-06
14.0839  1.25072e-06
14.0944  1.16791e-06
14.105  8.91409e-07
14.1148  9.44288e-07
14.1255  1.14933e-06
14.1365  9.49761e-07
14.1468  1.13463e-06
14.1572  1.00334e-06
14.1689  9.60876e-07
14.1795  9.03027e-07
14.1889  1.02808e-06
14.2007  7.8569e-07
14.2103  1.05623e-06
14.2207  7.74967e-07
14.231  8.08505e-07
14.242  1.05394e-06
14.2523  8.35509e-07
14.2632  8.25427e-07
14.2739  9.81544e-07
14.2851  7.8637e-07
14.2953  7.96408e-07
14.3054  8.36572e-07
14.3148  5.87369e-07
14.3262  8.49413e-07
14.3372  8.57713e-07
14.3476  8.25676e-07
14.3572  7.24565e-07
14.3681  7.45528e-07
14.378  7.10677e-07
14.3891  6.03006e-07
14.4  7.62201e-07
14.4098  6.7864e-07
14.4201  6.37836e-07
14.4303  8.02924e-07
14.4406  6.50658e-07
14.4524  6.22657e-07
14.4615  6.59892e-07
14.472  6.70654e-07
14.4821  4.71918e-07
14.4925  6.97831e-07
14.5034  6.34913e-07
14.5131  6.38829e-07
14.5244  6.40339e-07
14.5357  6.32048e-07
14.5456  5.19964e-07
14.5567  7.33322e-07
14.5665  4.37738e-07
14.5784  5.72772e-07
14.5887  6.22349e-07
14.5996  5.27314e-07
14.6113  5.98948e-07
14.6212  5.216e-07
14.6316  4.64849e-07
14.6425  5.2882e-07
14.6533  5.94914e-07
14.6631  5.00005e-07
14.6747  4.25971e-07
14.6837  4.81655e-07
14.6954  4.36223e-07
14.7061  5.28328e-07
14.7161  5.08213e-07
14.7265  4.18505e-07
14.7371  4.1254e-07
14.7485  4.90358e-07
14.7596  4.72752e-07
14.7703  3.77015e-07
14.7801  5.46949e-07
14.7915  3.86008e-07
14.802  3.90983e-07
14.8118  3.51577e-07
14.8212  3.43888e-07
14.8328  4.63669e-07
14.8425  4.14828e-07
14.8534  3.46934e-07
14.8629  3.2759e-07
14.874  3.98872e-07
14.8847  3.86321e-07
14.8961  3.09482e-07
14.9056  3.68744e-07
14.916  3.8127e-07
14.9267  3.06338e-07
14.9372  4.85971e-07
14.95  2.2147e-07
14.9586  3.65489e-07
14.9686  3.1884e-07
14.9809  3.17001e-07
14.9918  3.58247e-07
15.0026  2.75064e-07
15.0131  3.45402e-07
15.024  3.71103e-07
15.0358  2.95387e-07
15.0461  2.16785e-07
15.0564  3.53647e-07
15.0674  2.4343e-07
15.0785  3.17895e-07
15.0888  3.2021e-07
15.1001  1.80809e-07
15.1114  2.79969e-07
15.1211  2.8715e-07
15.1309  2.18876e-07
15.1424  2.56464e-07
15.1525  3.01659e-07
15.1624  2.50414e-07
15.1727  2.40705e-07
15.1846  2.68837e-07
15.1965  2.21178e-07
15.2072  2.64737e-07
15.2166  2.10287e-07
15.2276  2.27931e-07
15.2381  1.46684e-07
15.2488  2.71846e-07
15.26  2.21467e-07
15.2714  2.84388e-07
15.2825  2.03346e-07
15.2929  1.76088e-07
15.3042  2.08638e-07
15.3139  2.13524e-07
15.3233  1.25188e-07
15.3351  2.10072e-07
15.3455  2.32512e-07
15.3561  1.45653e-07
15.3662  2.52753e-07
15.3764  1.13429e-07
15.3875  1.61375e-07
15.3989  2.07531e-07
15.4109  1.94997e-07
15.4223  1.71277e-07
15.4334  2.28811e-07
15.4447  1.78086e-07
15.4561  1.12231e-07
15.4646  1.45217e-07
15.4743  1.05876e-07
15.4863  1.79062e-07
15.4971  1.97416e-07
15.5081  1.13649e-07
15.5202  1.56696e-07
15.5293  1.78535e-07
15.5405  1.02531e-07
15.5516  1.72415e-07
15.5629  1.08208e-07
15.5735  1.57813e-07
15.5831  1.59399e-07
15.594  1.19263e-07
15.6048  8.77637e-08
15.617  1.10539e-07
15.6265  1.59916e-07
15.6364  1.3955e-07
15.6469  1.31395e-07
15.6572  1.53196e-07
15.6701  1.21635e-07
15.6806  5.42436e-08
15.69  9.24847e-08
15.7003  1.32975e-07
15.7131  1.06783e-07
15.7225  1.07997e-07
15.7335  1.14091e-07
15.7442  8.4708e-08
15.7549  1.26011e-07
15.7661  9.08101e-08
15.7745  1.14859e-07
15.7851  7.85102e-08
15.8004  1.11454e-07
15.8109  1.02893e-07
15.8215  9.76894e-08
15.8324  9.58988e-08
15.8415  1.051e-07
15.8546  9.07609e-08
15.8657  7.19285e-08
15.8766  1.23266e-07
15.8874  4.06079e-08
15.8986  1.09442e-07
15.9097  7.0059e-08
15.9217  9.0863e-08
15.933  1.09314e-07
15.946  7.24495e-08
15.9579  7.35141e-08
15.9706  5.91386e-08
15.9798  6.59115e-08
15.9916  9.78776e-08
16.0009  1.00901e-07
16.0125  4.7332e-08
16.0241  8.26595e-08
16.0341  5.66089e-08
16.0467  7.04232e-08
16.0591  5.90597e-08
16.0723  6.40861e-08
16.0805  7.33925e-08
16.0919  3.98459e-08
16.1028  6.98161e-08
16.1154  5.59693e-08
16.1264  6.16527e-08
16.1371  7.9497e-08
16.149  5.44523e-08
16.158  7.26167e-08
16.172  4.51282e-08
16.1839  5.28916e-08
16.1954  4.99981e-08
16.2062  4.04517e-08
16.2176  5.39682e-08
16.2289  2.69012e-08
16.2393  8.06436e-08
16.2486  5.37231e-08
16.2619  5.53244e-08
16.2738  6.18395e-08
16.2864  4.32109e-08
16.2962  3.03892e-08
16.3051  5.88519e-08
16.3184  2.77284e-08
16.3315  3.80369e-08
16.342  4.81615e-08
16.353  4.6353e-08
16.3665  3.88497e-08
16.3763  5.05845e-08
16.386  3.17317e-08
16.3975  2.3133e-08
16.4076  4.0868e-08
16.4227  2.2736e-08
16.4293  4.61098e-08
16.4377  1.88025e-08
16.451  5.73831e-08
16.4651  1.88701e-08
16.4723  2.76402e-08
16.4853  3.34315e-08
16.4937  4.7345e-08
16.5058  3.01665e-08
16.5174  2.91773e-08
16.5279  4.06709e-08
16.5378  2.15891e-08
16.5488  2.6516e-08
16.5636  4.02906e-08
16.573  2.6859e-08
16.5867  1.83101e-08
16.6017  1.17668e-08
16.6112  3.28559e-08
16.6212  3.16495e-08
16.6345  3.06484e-08
16.6436  3.1838e-08
16.6569  4.34871e-08
16.6698  1.28533e-08
16.6821  1.27068e-08
16.69  2.61554e-08
16.7011  1.72275e-08
16.7119  2.85898e-08
16.7231  2.37499e-08
16.735  1.56274e-08
16.7467  3.81551e-08
16.7594  2.06245e-08
16.7719  8.80396e-09
16.7833  9.76151e-09
16.7933  1.98102e-08
16.8045  3.51659e-08
16.8173  1.08917e-08
16.8265  9.90659e-09
16.8402  1.52113e-08
16.8478  2.94838e-08
16.8603  2.87025e-08
16.874  1.79275e-08
16.8877  1.48281e-08
16.898  1.79283e-08
16.9117  1.36598e-08
16.9197  1.56603e-08
16.9329  2.11746e-08
16.9466  1.71153e-08
16.9644  1.30085e-08
16.976  8.5113e-09
16.9872  2.75817e-08
16.9944  1.15975e-08
17.0118  1.17363e-08
17.0223  1.73037e-08
17.0367  1.69862e-08
17.0523  5.40123e-09
17.064  1.91576e-08
17.0722  1.28009e-08
17.0859  4.89787e-09
17.1003  1.97681e-08
17.1129  7.13651e-09
17.1205  2.17284e-08
17.1366  9.07774e-09
17.1437  1.10239e-08
17.1542  1.17222e-08
17.1765  1.22886e-08
17.1869  4.44579e-09
17.1995  3.25442e-09
17.2099  9.61609e-09
17.2206  2.42161e-08
17.2347  1.03267e-08
17.2482  7.20934e-09
17.2581  7.17975e-09
17.2698  5.78783e-09
17.2842  5.86393e-09
17.2959  5.84705e-09
17.3072  8.41666e-09
17.3217  1.08263e-08
17.3301  6.07843e-09
17.3427  1.53017e-08
17.3618  1.50896e-08
17.3724  8.90242e-09
17.3869  2.61355e-09
17.3954  9.01049e-09
17.4169  1.04196e-08
17.4354  2.91523e-09
17.4452  5.39686e-09
17.4611  4.28272e-09
17.4739  7.75045e-09
17.4868  6.34101e-09
17.4958  8.37688e-09
17.5103  8.67572e-09
17.5263  8.43547e-09
17.5367  2.32964e-09
17.5491  2.36143e-09
17.5595  8.77866e-09
17.5661  2.01912e-09
17.5897  8.09221e-09
17.6027  9.08301e-09
17.6191  5.23104e-09
17.629  2.09304e-09
17.6465  8.89827e-09
17.6697  1.68009e-09
17.6778  5.11224e-09
17.6939  1.37979e-09
17.7175  1.08437e-08
17.733  7.34072e-09
17.7499  7.28914e-09
17.7656  3.20753e-09
17.7842  2.37841e-09
17.7907  4.9495e-09
17.8178  6.79907e-10
17.8335  9.90679e-09
17.8502  1.79468e-09
17.8643  5.26137e-09
17.8797  7.4246e-10
17.8967  4.32198e-10
17.9114  1.82641e-09
17.9204  4.12785e-09
17.9363  6.25406e-09
17.9559  3.13324e-09
17.9756  7.08335e-09
17.9976  1.01962e-09
18.0075  2.35222e-09
18.0253  3.86824e-09
18.0493  1.4204e-09
18.059  4.24773e-09
18.0797  7.59405e-10
18.0963  1.38447e-09
18.1082  3.78865e-09
18.1247  2.33965e-09
18.1391  2.45267e-09
18.1591  1.63611e-09
18.1764  3.79672e-10
18.1997  2.2688e-09
18.2112  6.31721e-09
18.227  3.37742e-10
18.2364  2.44723e-09
18.29  1.82553e-09
18.3067  3.20432e-10
18.3321  4.16174e-09
18.3413  1.23594e-09
18.3619  2.04994e-09
18.3725  2.33799e-10
18.3812  1.727e-09
18.4012  1.54873e-09
18.4355  2.60307e-09
18.4648  3.37069e-10
18.4778  3.10315e-09
18.4941  1.85695e-10
18.5256  3.20705e-10
18.5368  3.77244e-10
18.5492  1.81841e-09
18.5876  2.92876e-09
18.6104  9.47152e-10
18.6382  1.61215e-09
18.6621  3.29861e-10
18.7103  2.29799e-09
18.7241  3.34637e-10
18.7381  3.81335e-10
18.7719  7.59912e-10
18.8104  8.85122e-10
18.8243  1.75491e-09
18.8509  1.2274e-09
18.9048  3.33336e-10
18.9468  2.79689e-10
18.9579  1.73351e-10
18.9853  3.25773e-10
18.9961  3.04102e-10
19.0131  1.109e-09
19.0482  1.19525e-09
19.0886  1.00238e-09
19.2004  1.2776e-09
19.2232  2.19959e-10
19.3235  7.68663e-10
19.4232  8.22213e-10
19.463  4.44656e-10
19.5981  1.51309e-10
19.6259  2.57545e-10
19.6995  6.46621e-10
19.8132  2.28457e-10
20.036  1.90944e-10
20.0744  2.22405e-10
20.3123  1.50166e-10
20.6872  1.03299e-10
