-20.6365  1.0481e-10
-20.2623  1.51731e-10
-20.024  2.26329e-10
-19.9864  1.93647e-10
-19.7691  2.18991e-10
-19.6498  6.55302e-10
-19.586  2.57589e-10
-19.5474  1.53523e-10
-19.4237  2.85738e-10
-19.4115  1.62913e-10
-19.3739  8.3633e-10
-19.2781  7.72855e-10
-19.1732  2.22252e-10
-19.1576  1.24053e-09
-19.0542  3.31781e-10
-19.0373  7.07535e-10
-18.9997  1.21073e-09
-18.9735  1.11248e-09
-18.9578  3.04887e-10
-18.9349  3.3152e-10
-18.9011  4.59536e-10
-18.8663  3.36046e-10
-18.8112  1.23406e-09
-18.782  1.69505e-09
-18.7614  9.02992e-10
-18.7237  7.726e-10
-18.6984  3.82716e-10
-18.68  3.20771e-10
-18.6667  2.31355e-09
-18.6235  3.31364e-10
-18.5993  1.61051e-09
-18.5585  1.31423e-09
-18.5463  2.29415e-09
-18.533  2.54627e-10
-18.5048  2.12473e-09
-18.4871  3.21174e-10
-18.4392  3.28222e-09
-18.4264  3.38863e-10
-18.3871  2.64449e-09
-18.3621  1.55767e-09
-18.3453  1.31675e-09
-18.3346  4.18541e-10
-18.3233  2.29405e-09
-18.2966  2.62042e-09
-18.2872  2.70737e-09
-18.2544  1.77629e-09
-18.2443  3.91433e-10
-18.1959  2.11014e-09
-18.1865  6.94788e-10
-18.1706  6.20686e-09
-18.1611  2.28004e-09
-18.1385  3.51641e-10
-18.1083  3.99279e-09
-18.0869  1.89242e-09
-18.0684  4.17399e-09
-18.057  1.39203e-09
-18.0386  7.4678e-10
-18.0151  5.70561e-09
-17.9868  3.86969e-09
-17.9699  2.34961e-09
-17.9436  5.14524e-09
-17.9357  1.78154e-09
-17.9219  2.46675e-09
-17.9106  1.77345e-09
-17.8955  6.15359e-09
-17.8821  4.15124e-09
-17.8731  1.83368e-09
-17.8568  4.32272e-10
-17.8354  7.51461e-10
-17.8257  5.26932e-09
-17.8139  1.46349e-09
-17.7975  7.5764e-09
-17.7914  2.41536e-09
-17.7758  6.8668e-10
-17.7583  4.93786e-09
-17.7355  3.83696e-09
-17.717  4.38909e-09
-17.7104  4.71587e-09
-17.6937  7.03823e-09
-17.6807  9.48089e-09
-17.6723  1.32268e-09
-17.6393  6.56709e-09
-17.6318  1.69053e-09
-17.6156  6.2032e-09
-17.6018  4.66719e-09
-17.576  8.28977e-09
-17.563  6.19507e-09
-17.5499  7.74004e-09
-17.5377  8.11003e-10
-17.5202  9.60801e-09
-17.506  4.98401e-09
-17.4951  8.14794e-09
-17.4762  5.98408e-09
-17.4589  8.95844e-09
-17.4533  8.375e-09
-17.4373  5.43117e-09
-17.4228  6.59275e-09
-17.4042  7.44096e-09
-17.3892  7.0537e-09
-17.377  3.92164e-09
-17.358  9.05727e-09
-17.3479  2.61683e-09
-17.3338  1.79763e-08
-17.3194  6.44158e-09
-17.3072  1.01456e-08
-17.2978  1.03783e-08
-17.287  8.08928e-09
-17.2701  1.10483e-08
-17.2583  5.87374e-09
-17.2405  8.75406e-09
-17.2275  8.64038e-09
-17.2173  4.85583e-09
-17.2029  1.21808e-08
-17.1899  1.3865e-08
-17.1778  1.86595e-08
-17.163  5.82306e-09
-17.1477  1.37445e-08
-17.1353  6.09166e-09
-17.1188  1.1525e-08
-17.103  1.39725e-08
-17.0833  2.60017e-08
-17.0735  1.04134e-08
-17.065  1.19762e-08
-17.0516  5.73099e-09
-17.0364  1.96526e-08
-17.0244  1.53542e-08
-17.017  3.40474e-09
-17.004  1.53032e-08
-16.9901  1.57808e-08
-16.9816  9.24439e-09
-16.9634  2.12288e-08
-16.9547  1.97825e-08
-16.9438  5.62759e-09
-16.9332  1.09119e-08
-16.9236  8.22561e-09
-16.909  1.54493e-08
-16.8961  2.72621e-08
-16.8854  1.71013e-08
-16.8722  1.38945e-08
-16.8635  1.09595e-08
-16.8522  1.35216e-08
-16.8429  2.01382e-08
-16.8252  2.15094e-08
-16.8136  2.96648e-08
-16.8039  2.29567e-08
-16.7886  7.04416e-09
-16.7762  3.79753e-08
-16.7667  1.13368e-08
-16.7607  1.4518e-08
-16.7484  8.4348e-09
-16.7347  1.43979e-08
-16.7242  2.34879e-08
-16.7102  2.33575e-08
-16.7039  2.35097e-08
-16.6912  2.30352e-08
-16.6795  2.76287e-08
-16.6669  1.96464e-08
-16.6577  2.1195e-08
-16.6456  1.85125e-08
-16.6314  2.53752e-08
-16.6187  3.74133e-08
-16.6089  3.12078e-08
-16.5964  1.78168e-08
-16.5868  5.37857e-08
-16.5769  1.30243e-08
-16.5646  9.55691e-09
-16.5524  1.78994e-08
-16.5387  3.28457e-08
-16.5286  3.63605e-08
-16.5158  3.26812e-08
-16.5061  2.19632e-08
-16.4932  4.14457e-08
-16.4824  1.73829e-08
-16.473  4.06084e-08
-16.4606  4.26664e-08
-16.4496  1.95324e-08
-16.44  2.62124e-08
-16.4286  5.25014e-08
-16.4165  2.96923e-08
-16.4035  5.44586e-08
-16.3922  2.5046e-08
-16.3801  2.15955e-08
-16.372  3.31531e-08
-16.3598  3.80907e-08
-16.3499  4.07534e-08
-16.3384  5.23482e-08
-16.3274  2.80415e-08
-16.3143  5.73534e-08
-16.3054  3.06849e-08
-16.2933  2.06205e-08
-16.2816  6.62433e-08
-16.2718  2.55183e-08
-16.2596  4.85131e-08
-16.2473  3.39653e-08
-16.2384  7.65287e-08
-16.2256  3.37153e-08
-16.2144  7.90834e-08
-16.2027  5.76424e-08
-16.1945  3.58248e-08
-16.1806  3.35063e-08
-16.1685  5.96629e-08
-16.1583  5.30043e-08
-16.1494  4.7292e-08
-16.1352  6.25645e-08
-16.1231  5.75334e-08
-16.1132  5.64403e-08
-16.0999  8.25422e-08
-16.0898  6.78272e-08
-16.0795  2.8675e-08
-16.0706  5.0852e-08
-16.0581  8.08392e-08
-16.0478  6.95561e-08
-16.0388  2.732e-08
-16.0294  6.03006e-08
-16.0157  7.70449e-08
-16.0018  6.32705e-08
-15.9924  5.52159e-08
-15.9793  8.90887e-08
-15.9699  9.71335e-08
-15.9581  8.13308e-08
-15.9466  6.56123e-08
-15.936  8.29294e-08
-15.9233  5.29196e-08
-15.9119  9.27903e-08
-15.901  7.64472e-08
-15.8904  8.11503e-08
-15.8785  7.9217e-08
-15.8681  1.04014e-07
-15.8559  7.3399e-08
-15.8436  9.10481e-08
-15.8338  6.65887e-08
-15.8234  8.6135e-08
-15.8116  1.21387e-07
-15.7993  9.08308e-08
-15.7897  1.36753e-07
-15.777  1.12022e-07
-15.7647  6.04147e-08
-15.7545  6.7458e-08
-15.7447  1.23627e-07
-15.7323  1.08123e-07
-15.7228  1.26709e-07
-15.7124  7.86451e-08
-15.7012  1.20331e-07
-15.688  1.18519e-07
-15.6782  9.26851e-08
-15.6685  1.41309e-07
-15.6561  8.37122e-08
-15.646  6.72854e-08
-15.6345  1.52424e-07
-15.6231  1.20412e-07
-15.6121  1.17019e-07
-15.6031  1.97932e-07
-15.5918  1.2862e-07
-15.5821  6.46146e-08
-15.5706  8.25293e-08
-15.5609  1.81769e-07
-15.5498  1.40679e-07
-15.5391  1.62449e-07
-15.5267  1.18103e-07
-15.5172  1.30737e-07
-15.5063  1.2873e-07
-15.4969  1.73031e-07
-15.4858  1.77739e-07
-15.472  1.52429e-07
-15.4616  1.37944e-07
-15.4504  1.32204e-07
-15.4406  1.54629e-07
-15.4293  1.36414e-07
-15.4194  1.84775e-07
-15.408  2.29247e-07
-15.3967  1.3495e-07
-15.3865  1.88638e-07
-15.3746  2.10121e-07
-15.3644  1.30795e-07
-15.3522  1.5114e-07
-15.3408  2.08612e-07
-15.3296  2.50513e-07
-15.3187  1.64448e-07
-15.3074  2.31341e-07
-15.2962  1.6877e-07
-15.286  2.20764e-07
-15.2751  1.51212e-07
-15.2641  1.88795e-07
-15.2549  1.93361e-07
-15.245  2.45144e-07
-15.2339  2.26339e-07
-15.2241  2.36089e-07
-15.213  2.22447e-07
-15.2019  1.52488e-07
-15.1918  2.31399e-07
-15.1804  2.94416e-07
-15.1685  2.29053e-07
-15.1589  1.76328e-07
-15.1476  2.89723e-07
-15.1367  2.81832e-07
-15.1257  2.80829e-07
-15.1151  2.53827e-07
-15.1054  2.30861e-07
-15.0961  2.30469e-07
-15.0845  2.4302e-07
-15.0735  3.06117e-07
-15.063  2.52403e-07
-15.053  2.7196e-07
-15.0421  2.77216e-07
-15.0304  3.60869e-07
-15.0206  1.93743e-07
-15.0101  3.04563e-07
-14.9984  3.52803e-07
-14.9888  3.02063e-07
-14.9785  2.90927e-07
-14.9671  2.48939e-07
-14.9568  3.84621e-07
-14.9467  2.88622e-07
-14.9355  3.84747e-07
-14.925  3.07603e-07
-14.9146  3.09091e-07
-14.9048  3.46013e-07
-14.8934  3.15977e-07
-14.8842  3.44794e-07
-14.8732  4.71059e-07
-14.8604  3.33054e-07
-14.8499  4.11411e-07
-14.8399  3.12261e-07
-14.8296  3.72714e-07
-14.8181  3.4099e-07
-14.8087  4.62519e-07
-14.7977  4.6268e-07
-14.7872  2.40216e-07
-14.7773  4.21973e-07
-14.7659  4.26548e-07
-14.7559  5.25163e-07
-14.7452  4.09111e-07
-14.7348  4.37376e-07
-14.7231  4.41241e-07
-14.7123  3.80421e-07
-14.7019  4.77729e-07
-14.6911  5.67355e-07
-14.6791  5.88125e-07
-14.6696  3.02076e-07
-14.659  4.89262e-07
-14.649  4.47923e-07
-14.6373  4.52452e-07
-14.6277  5.59764e-07
-14.6162  6.53472e-07
-14.6052  4.33625e-07
-14.595  5.13718e-07
-14.5835  5.90283e-07
-14.5739  6.08206e-07
-14.5633  4.81851e-07
-14.5522  5.70986e-07
-14.5406  4.80025e-07
-14.5316  6.05181e-07
-14.5199  6.03159e-07
-14.5101  6.4931e-07
-14.499  5.83556e-07
-14.4889  6.44577e-07
-14.4766  6.64555e-07
-14.4669  6.04056e-07
-14.4565  5.70138e-07
-14.4457  6.92759e-07
-14.4341  7.48969e-07
-14.4242  5.51666e-07
-14.4141  6.58888e-07
-14.4039  6.73469e-07
-14.3939  7.32186e-07
-14.3834  7.57156e-07
-14.3727  6.06684e-07
-14.3636  5.45576e-07
-14.3528  6.19132e-07
-14.342  9.78554e-07
-14.3298  7.91245e-07
-14.3205  7.26103e-07
-14.3097  9.98376e-07
-14.2984  6.30415e-07
-14.2871  8.03321e-07
-14.277  8.26536e-07
-14.266  8.62856e-07
-14.2561  6.55797e-07
-14.2455  9.80325e-07
-14.2346  8.21761e-07
-14.2244  8.84731e-07
-14.2138  8.69654e-07
-14.2024  1.00558e-06
-14.1917  9.43301e-07
-14.1815  8.12874e-07
-14.17  9.26771e-07
-14.1589  1.05355e-06
-14.1483  9.16783e-07
-14.1382  9.60582e-07
-14.1271  1.09808e-06
-14.1168  1.03456e-06
-14.1063  9.43814e-07
-14.0955  1.00323e-06
-14.0847  1.0815e-06
-14.0742  1.01338e-06
-14.0637  1.14847e-06
-14.0522  1.1133e-06
-14.0426  1.09048e-06
-14.0315  1.12024e-06
-14.0202  1.35234e-06
-14.0097  1.06581e-06
-14.0001  8.99747e-07
-13.9892  1.23837e-06
-13.9789  1.12038e-06
-13.969  1.33484e-06
-13.9583  1.12533e-06
-13.9482  1.06505e-06
-13.9386  1.35559e-06
-13.9276  1.41977e-06
-13.9158  1.02876e-06
-13.9057  1.60418e-06
-13.8944  1.35217e-06
-13.884  1.2515e-06
-13.8735  1.34723e-06
-13.8628  1.45301e-06
-13.852  1.36081e-06
-13.8413  1.49724e-06
-13.8308  1.43072e-06
-13.8204  1.64524e-06
-13.8091  1.56509e-06
-13.7985  1.11357e-06
-13.7877  1.61619e-06
-13.7778  1.6877e-06
-13.7672  1.5908e-06
-13.7558  1.76209e-06
-13.7457  1.41325e-06
-13.736  1.29075e-06
-13.7255  1.70821e-06
-13.7151  1.83989e-06
-13.7045  1.65517e-06
-13.6932  1.66872e-06
-13.6826  1.77428e-06
-13.6723  1.59195e-06
-13.662  1.8662e-06
-13.6513  2.03124e-06
-13.6405  1.79822e-06
-13.6306  1.60402e-06
-13.6194  1.84598e-06
-13.6086  1.95447e-06
-13.598  2.26993e-06
-13.5874  1.98378e-06
-13.5776  1.65808e-06
-13.5664  2.11355e-06
-13.5555  2.09849e-06
-13.5454  1.95366e-06
-13.5347  1.96845e-06
-13.5245  2.00819e-06
-13.5138  2.2611e-06
-13.5033  2.22346e-06
-13.4924  2.14151e-06
-13.4815  2.30261e-06
-13.4716  2.23653e-06
-13.4607  2.38809e-06
-13.4499  2.32668e-06
-13.4399  2.13171e-06
-13.4291  2.27283e-06
-13.4179  2.56202e-06
-13.4078  2.64369e-06
-13.3976  2.63578e-06
-13.3866  1.98352e-06
-13.3765  2.41778e-06
-13.3664  2.51535e-06
-13.3557  2.5056e-06
-13.3454  2.7545e-06
-13.335  2.61333e-06
-13.3242  2.64249e-06
-13.3138  2.71823e-06
-13.3034  2.5218e-06
-13.2935  2.71755e-06
-13.2827  3.11745e-06
-13.2721  2.65496e-06
-13.2615  2.74497e-06
-13.2514  3.2139e-06
-13.2406  2.73356e-06
-13.2299  2.77352e-06
-13.2198  3.43502e-06
-13.2097  2.81758e-06
-13.1985  3.12303e-06
-13.188  3.15936e-06
-13.1778  3.08279e-06
-13.1672  3.28034e-06
-13.1566  3.23023e-06
-13.1467  2.84535e-06
-13.1361  3.68962e-06
-13.1255  3.36331e-06
-13.1149  3.29503e-06
-13.1043  3.7275e-06
-13.0945  3.39828e-06
-13.0835  3.36788e-06
-13.0729  3.59123e-06
-13.0626  3.43848e-06
-13.0521  3.66965e-06
-13.0421  3.53112e-06
-13.0319  4.03078e-06
-13.0211  3.53554e-06
-13.0109  3.79606e-06
-13.0002  3.9687e-06
-12.9899  3.97676e-06
-12.9792  4.06154e-06
-12.9688  3.88308e-06
-12.9579  4.12728e-06
-12.9477  4.2053e-06
-12.9375  4.27363e-06
-12.9268  3.9171e-06
-12.9166  4.41577e-06
-12.9065  4.32224e-06
-12.8958  3.98825e-06
-12.8855  4.48916e-06
-12.8751  4.12662e-06
-12.865  4.63378e-06
-12.8544  4.43128e-06
-12.8444  4.99291e-06
-12.8341  4.66705e-06
-12.8235  4.08813e-06
-12.8133  4.48111e-06
-12.8031  5.25373e-06
-12.7923  4.65006e-06
-12.7829  5.06276e-06
-12.7719  4.64565e-06
-12.762  5.12397e-06
-12.7513  5.48906e-06
-12.741  4.92883e-06
-12.7309  5.13679e-06
-12.721  5.2251e-06
-12.7102  5.04541e-06
-12.7  5.12452e-06
-12.6897  5.7503e-06
-12.6795  5.6803e-06
-12.6682  5.43483e-06
-12.6591  5.34572e-06
-12.6488  5.51255e-06
-12.6376  6.11202e-06
-12.6276  5.54309e-06
-12.6174  6.39843e-06
-12.6067  5.71004e-06
-12.5973  5.81144e-06
-12.5866  6.13868e-06
-12.576  6.13724e-06
-12.566  6.08431e-06
-12.5557  5.99873e-06
-12.545  7.11133e-06
-12.535  6.08835e-06
-12.5251  6.15022e-06
-12.5141  6.72078e-06
-12.5038  6.3962e-06
-12.4932  7.72459e-06
-12.4823  6.96186e-06
-12.472  6.34454e-06
-12.4619  6.94082e-06
-12.4518  6.81192e-06
-12.4413  7.07872e-06
-12.4308  7.49017e-06
-12.4208  7.57361e-06
-12.4102  6.99326e-06
-12.4002  6.76417e-06
-12.3897  8.05445e-06
-12.3796  7.36388e-06
-12.3695  8.11501e-06
-12.359  7.39676e-06
-12.3488  7.47039e-06
-12.339  7.71516e-06
-12.3287  8.1077e-06
-12.3185  7.68213e-06
-12.3082  8.78291e-06
-12.2979  7.80916e-06
-12.2875  8.45226e-06
-12.2773  8.54111e-06
-12.267  8.09345e-06
-12.2568  8.47343e-06
-12.2466  9.10199e-06
-12.2364  8.83296e-06
-12.2257  8.70379e-06
-12.2157  8.70322e-06
-12.205  9.57744e-06
-12.195  9.10112e-06
-12.1848  9.14619e-06
-12.1745  8.9366e-06
-12.164  9.56759e-06
-12.1539  9.72859e-06
-12.1438  9.12233e-06
-12.1333  9.94242e-06
-12.1232  1.01371e-05
-12.1133  1.00684e-05
-12.1027  9.4376e-06
-12.0927  9.80377e-06
-12.0824  1.03691e-05
-12.0724  1.01965e-05
-12.0621  1.07433e-05
-12.0519  1.06574e-05
-12.0414  1.02597e-05
-12.0317  1.06787e-05
-12.0215  1.07364e-05
-12.011  1.0964e-05
-12.001  1.12907e-05
-11.9909  1.08476e-05
-11.9804  1.08484e-05
-11.9706  1.23753e-05
-11.9598  1.15495e-05
-11.9496  1.08351e-05
-11.9397  1.25771e-05
-11.9293  1.21216e-05
-11.9192  1.16524e-05
-11.9092  1.19119e-05
-11.8988  1.22616e-05
-11.8882  1.28145e-05
-11.8783  1.20766e-05
-11.8683  1.30571e-05
-11.8577  1.28986e-05
-11.8477  1.23322e-05
-11.8375  1.25312e-05
-11.827  1.40533e-05
-11.8173  1.31263e-05
-11.8071  1.35497e-05
-11.7963  1.32622e-05
-11.7863  1.35247e-05
-11.7765  1.44899e-05
-11.7659  1.41062e-05
-11.7559  1.33662e-05
-11.7459  1.46674e-05
-11.7354  1.4637e-05
-11.7253  1.352e-05
-11.7155  1.5359e-05
-11.7048  1.46961e-05
-11.695  1.47508e-05
-11.6846  1.55027e-05
-11.6743  1.48916e-05
-11.6644  1.55465e-05
-11.6545  1.48071e-05
-11.6442  1.62535e-05
-11.6338  1.62565e-05
-11.6238  1.59121e-05
-11.6134  1.62492e-05
-11.603  1.61753e-05
-11.5929  1.69841e-05
-11.5825  1.64096e-05
-11.5722  1.72481e-05
-11.5623  1.73071e-05
-11.5519  1.66023e-05
-11.5421  1.66141e-05
-11.532  1.72223e-05
-11.5216  1.79283e-05
-11.5115  1.88433e-05
-11.5012  1.75064e-05
-11.4911  1.76108e-05
-11.4808  1.9149e-05
-11.4706  1.80214e-05
-11.4602  1.95027e-05
-11.4497  1.94201e-05
-11.4398  1.92376e-05
-11.4295  1.81644e-05
-11.4195  1.944e-05
-11.4092  2.02081e-05
-11.3987  2.09507e-05
-11.3882  2.0834e-05
-11.3779  1.93554e-05
-11.3676  2.07377e-05
-11.3574  2.07361e-05
-11.3468  2.2708e-05
-11.336  2.09747e-05
-11.3257  2.20687e-05
-11.3156  2.09074e-05
-11.3055  2.17163e-05
-11.2955  2.09797e-05
-11.285  2.23655e-05
-11.2749  2.25039e-05
-11.2646  2.37695e-05
-11.2544  2.15301e-05
-11.2443  2.31181e-05
-11.2338  2.38424e-05
-11.2231  2.3898e-05
-11.2131  2.41461e-05
-11.2028  2.36678e-05
-11.1925  2.2889e-05
-11.1827  2.42524e-05
-11.1724  2.44362e-05
-11.1624  2.34807e-05
-11.1522  2.59573e-05
-11.1416  2.70872e-05
-11.1309  2.57761e-05
-11.1207  2.50102e-05
-11.1105  2.56999e-05
-11.1003  2.68527e-05
-11.0901  2.59024e-05
-11.0803  2.49953e-05
-11.0696  2.81743e-05
-11.0596  2.71407e-05
-11.0497  2.6221e-05
-11.0394  2.6374e-05
-11.0292  2.94559e-05
-11.019  2.81524e-05
-11.0085  2.87525e-05
-10.9986  2.66744e-05
-10.9885  2.91514e-05
-10.9782  2.94393e-05
-10.968  2.88698e-05
-10.9581  2.89254e-05
-10.9479  3.0644e-05
-10.9376  2.99029e-05
-10.9275  2.96506e-05
-10.9169  3.27405e-05
-10.9062  3.26367e-05
-10.8961  2.93517e-05
-10.8861  3.11235e-05
-10.8759  3.15377e-05
-10.8657  3.1713e-05
-10.8555  3.19398e-05
-10.8452  3.63822e-05
-10.8345  3.29986e-05
-10.8236  3.48276e-05
-10.8132  3.35956e-05
-10.8031  3.4061e-05
-10.7928  3.35127e-05
-10.7829  3.38839e-05
-10.7727  3.43942e-05
-10.7625  3.48755e-05
-10.7526  3.612e-05
-10.7424  3.35789e-05
-10.732  3.65313e-05
-10.722  3.58745e-05
-10.7122  3.59977e-05
-10.7017  3.68813e-05
-10.6915  3.74613e-05
-10.6815  3.75583e-05
-10.6705  4.17e-05
-10.6599  3.7475e-05
-10.65  3.81997e-05
-10.6396  4.0076e-05
-10.6293  3.91747e-05
-10.6194  3.67416e-05
-10.6093  4.01007e-05
-10.5991  4.20049e-05
-10.589  3.88346e-05
-10.5789  4.14057e-05
-10.5686  3.94698e-05
-10.5587  4.2061e-05
-10.5481  4.24886e-05
-10.5383  4.16076e-05
-10.5283  4.11308e-05
-10.518  4.28868e-05
-10.5078  4.27972e-05
-10.4979  4.36236e-05
-10.4874  4.64003e-05
-10.4766  4.61437e-05
-10.4666  4.33881e-05
-10.4557  5.10579e-05
-10.4449  4.43716e-05
-10.435  4.6108e-05
-10.4242  5.08037e-05
-10.4136  4.5982e-05
-10.4031  4.97169e-05
-10.3924  4.89082e-05
-10.3821  4.81755e-05
-10.3723  4.60108e-05
-10.3621  4.8283e-05
-10.3519  4.87124e-05
-10.3419  4.93823e-05
-10.3318  5.02447e-05
-10.3214  5.03943e-05
-10.3114  4.77979e-05
-10.3014  5.26519e-05
-10.2909  5.34314e-05
-10.2811  4.86306e-05
-10.271  5.19233e-05
-10.2607  5.24492e-05
-10.2508  5.2025e-05
-10.2406  5.47448e-05
-10.2302  5.48132e-05
-10.2204  5.19149e-05
-10.2102  5.51458e-05
-10.1997  5.70686e-05
-10.1897  5.40996e-05
-10.1797  5.60361e-05
-10.1693  5.64098e-05
-10.1594  5.58247e-05
-10.1493  5.73682e-05
-10.1389  5.94613e-05
-10.129  5.58473e-05
-10.1189  6.00109e-05
-10.1083  6.21296e-05
-10.098  5.95424e-05
-10.0879  5.90424e-05
-10.0776  6.26417e-05
-10.0675  5.89905e-05
-10.0575  6.00849e-05
-10.0472  6.44042e-05
-10.0372  6.27634e-05
-10.027  6.21987e-05
-10.0168  6.11836e-05
-10.007  6.36483e-05
-9.99611  7.28131e-05
-9.98555  6.35845e-05
-9.97557  6.46374e-05
-9.96543  6.62837e-05
-9.95527  6.59672e-05
-9.9453  6.53378e-05
-9.93509  6.79956e-05
-9.92514  6.82969e-05
-9.91489  6.78672e-05
-9.90473  6.91548e-05
-9.8946  6.77126e-05
-9.88479  6.87458e-05
-9.87442  7.32473e-05
-9.86415  7.25048e-05
-9.85397  6.93593e-05
-9.84383  7.336e-05
-9.83354  7.16935e-05
-9.82369  7.28183e-05
-9.81341  7.49013e-05
-9.80327  7.31711e-05
-9.79321  7.32999e-05
-9.783  7.96705e-05
-9.77282  7.24011e-05
-9.76297  7.64835e-05
-9.75246  7.81423e-05
-9.74247  7.76297e-05
-9.73246  7.74427e-05
-9.72232  7.82338e-05
-9.71226  7.80679e-05
-9.70224  7.9639e-05
-9.69201  8.0995e-05
-9.68183  8.03435e-05
-9.67187  8.00708e-05
-9.66175  8.54692e-05
-9.65158  7.95394e-05
-9.64166  8.25434e-05
-9.63129  8.58489e-05
-9.62128  8.37429e-05
-9.61143  8.47325e-05
-9.60059  9.31296e-05
-9.59007  8.58646e-05
-9.58011  8.63454e-05
-9.56984  8.97849e-05
-9.55978  8.9255e-05
-9.54969  8.50557e-05
-9.53947  9.18991e-05
-9.52935  8.98253e-05
-9.51944  8.99343e-05
-9.50902  9.29123e-05
-9.49893  9.24615e-05
-9.489  9.03206e-05
-9.4788  9.4865e-05
-9.46868  9.31263e-05
-9.45879  9.22893e-05
-9.44845  9.70008e-05
-9.43841  9.78067e-05
-9.42832  9.25258e-05
-9.41813  0.000100946
-9.40812  9.59106e-05
-9.39822  9.8243e-05
-9.3878  0.0001005
-9.37774  9.82485e-05
-9.36791  0.000100014
-9.35753  0.000105358
-9.34747  9.78779e-05
-9.33746  0.000101655
-9.3268  0.000114239
-9.31637  0.00010608
-9.30631  0.000100805
-9.29623  0.000105173
-9.28608  0.000108957
-9.27594  0.000106496
-9.26584  0.000109108
-9.25561  0.000107622
-9.2457  0.000106482
-9.23558  0.000111979
-9.22545  0.000110828
-9.2154  0.000109318
-9.20519  0.000114604
-9.19512  0.00011143
-9.18512  0.000112554
-9.17505  0.000112011
-9.16501  0.000118374
-9.15478  0.000116618
-9.14465  0.000117361
-9.13442  0.000117925
-9.12446  0.000115518
-9.11444  0.000119109
-9.10431  0.00012185
-9.09425  0.000117359
-9.08404  0.000123807
-9.07392  0.000121217
-9.06391  0.000124071
-9.05381  0.000121846
-9.0437  0.000125602
-9.03356  0.000123611
-9.02346  0.000127097
-9.0134  0.00012757
-9.00338  0.000125811
-8.99319  0.000129781
-8.98297  0.00013124
-8.97305  0.000127489
-8.96278  0.000132105
-8.9522  0.000147406
-8.94138  0.000136288
-8.93137  0.000128152
-8.92132  0.000136976
-8.91114  0.000134496
-8.90057  0.000150582
-8.89006  0.000137738
-8.87991  0.000133863
-8.86985  0.000143037
-8.85957  0.000140189
-8.84977  0.000136748
-8.83957  0.000144126
-8.82949  0.000141897
-8.81938  0.000140741
-8.8093  0.000146838
-8.79921  0.000146681
-8.78906  0.000142943
-8.77883  0.000149979
-8.76878  0.000148131
-8.75871  0.000147333
-8.74859  0.000151988
-8.73851  0.000148115
-8.72841  0.00015022
-8.71829  0.000154449
-8.70825  0.000152179
-8.69815  0.000154217
-8.68794  0.000156816
-8.67793  0.000157013
-8.66776  0.000154293
-8.65751  0.000163958
-8.6474  0.000158696
-8.63742  0.000154888
-8.62725  0.000165789
-8.61711  0.000158421
-8.60714  0.000162318
-8.59692  0.000167683
-8.58698  0.000164219
-8.57681  0.00016099
-8.56658  0.000173094
-8.55658  0.000163639
-8.54653  0.000170993
-8.53631  0.000169408
-8.52632  0.000169735
-8.51625  0.00016866
-8.50607  0.000180382
-8.49601  0.000168969
-8.48604  0.000170986
-8.47575  0.000183297
-8.46572  0.000174043
-8.45568  0.000177082
-8.44535  0.000183003
-8.43541  0.000176491
-8.42539  0.000180294
-8.41514  0.00018451
-8.40524  0.000179019
-8.39509  0.000184425
-8.38492  0.000188291
-8.37495  0.000181641
-8.36496  0.000187634
-8.35455  0.000190434
-8.3448  0.000186244
-8.33428  0.000207091
-8.32356  0.00019395
-8.31342  0.000193623
-8.30303  0.000206117
-8.29238  0.000201027
-8.28243  0.000191769
-8.27236  0.000194215
-8.26216  0.000204762
-8.25209  0.000196345
-8.24208  0.000197444
-8.23188  0.000206078
-8.22173  0.000204245
-8.21183  0.000199109
-8.20149  0.000210645
-8.19152  0.000201223
-8.18148  0.000207712
-8.17119  0.000213833
-8.1613  0.000204456
-8.15121  0.000208236
-8.14099  0.00021723
-8.13095  0.000211952
-8.12096  0.000208715
-8.1103  0.000240816
-8.09977  0.000213024
-8.08975  0.000216968
-8.07956  0.000224439
-8.06944  0.000215016
-8.05894  0.000243417
-8.04811  0.000232096
-8.03802  0.000218972
-8.02794  0.000224915
-8.01783  0.000225709
-8.00785  0.000225153
-7.9973  0.000250393
-7.98618  0.000254848
-7.9756  0.00022726
-7.96553  0.000234359
-7.95541  0.000240576
-7.94512  0.000230798
-7.93519  0.00023227
-7.92511  0.000243513
-7.91501  0.000233143
-7.90491  0.000242063
-7.89469  0.000242528
-7.88474  0.000235785
-7.87482  0.000244308
-7.86456  0.000251488
-7.85435  0.000239997
-7.84442  0.000245408
-7.83382  0.000277846
-7.82323  0.000245021
-7.81327  0.000245466
-7.80313  0.000261109
-7.79297  0.000246421
-7.78249  0.000283674
-7.77178  0.00025796
-7.76166  0.000250781
-7.75173  0.000261052
-7.74154  0.000263657
-7.73136  0.000258606
-7.72121  0.00026484
-7.71114  0.000265537
-7.70096  0.000261356
-7.69106  0.000261554
-7.68091  0.000274054
-7.67069  0.000266331
-7.66065  0.000271233
-7.65053  0.000273291
-7.64047  0.000262117
-7.6305  0.000280447
-7.62033  0.000275929
-7.61027  0.000266824
-7.60023  0.00028411
-7.59  0.00027977
-7.57944  0.000307955
-7.5689  0.000279325
-7.55872  0.000287346
-7.5485  0.000280912
-7.53816  0.000312493
-7.52752  0.000288658
-7.51748  0.000280524
-7.50752  0.000290061
-7.49731  0.000299567
-7.48718  0.000282789
-7.47724  0.000299454
-7.46703  0.000292187
-7.45696  0.000294786
-7.44705  0.000294681
-7.43682  0.000306164
-7.4267  0.000291782
-7.41684  0.000302884
-7.40657  0.000309495
-7.39651  0.000295719
-7.38651  0.000309033
-7.37625  0.000312445
-7.36625  0.000302513
-7.35622  0.000311219
-7.3459  0.000319323
-7.33589  0.000302808
-7.3259  0.000320342
-7.31575  0.000314411
-7.3056  0.000317106
-7.2957  0.000311115
-7.28548  0.000330455
-7.27543  0.000310962
-7.26543  0.000329302
-7.25512  0.000326672
-7.24473  0.000344089
-7.23428  0.000334318
-7.22401  0.000329949
-7.21399  0.000325449
-7.20406  0.000326593
-7.19386  0.000343634
-7.18368  0.000327615
-7.17368  0.000335454
-7.16353  0.000343382
-7.1534  0.00033757
-7.14339  0.000337648
-7.13274  0.000377804
-7.12218  0.000336725
-7.11224  0.000349202
-7.10196  0.000349467
-7.09182  0.000347476
-7.0813  0.000379209
-7.0707  0.000360022
-7.06045  0.000350904
-7.05038  0.000355006
-7.04024  0.000355837
-7.03015  0.000356476
-7.01968  0.00038843
-7.00903  0.000371436
-6.9988  0.000351633
-6.98849  0.000397085
-6.97779  0.000370167
-6.96764  0.000367185
-6.95753  0.000366727
-6.94742  0.000372416
-6.93732  0.000370114
-6.92719  0.000372982
-6.91712  0.000371948
-6.90703  0.000377134
-6.89694  0.000377383
-6.88676  0.000384051
-6.87662  0.000376438
-6.86617  0.000408133
-6.85579  0.000386865
-6.84554  0.000383719
-6.8356  0.000385576
-6.82533  0.000392666
-6.81529  0.000388165
-6.80521  0.000386008
-6.79523  0.000393395
-6.78509  0.000389606
-6.7751  0.000399497
-6.76491  0.000399176
-6.75483  0.000394535
-6.74477  0.000398906
-6.73466  0.000407198
-6.72454  0.000399229
-6.71441  0.000409521
-6.70432  0.000402369
-6.69366  0.000449842
-6.68316  0.000409494
-6.67294  0.000417902
-6.66285  0.000403928
-6.65275  0.000418385
-6.64269  0.000417311
-6.63247  0.000415691
-6.62246  0.000418837
-6.61222  0.000425938
-6.60218  0.00041727
-6.59211  0.000420531
-6.58205  0.00042936
-6.57195  0.000412499
-6.56198  0.000437836
-6.55171  0.000428865
-6.5417  0.000424691
-6.53168  0.000428851
-6.52157  0.000444549
-6.51136  0.000426911
-6.50148  0.00043356
-6.49136  0.000437993
-6.4813  0.000437123
-6.47127  0.000442225
-6.46105  0.000451065
-6.45103  0.000430151
-6.44102  0.000450383
-6.43079  0.000457574
-6.42071  0.000436375
-6.41081  0.000447293
-6.40064  0.000458822
-6.39062  0.000445117
-6.38051  0.0004609
-6.37034  0.000460054
-6.36032  0.00044155
-6.35046  0.000469814
-6.34009  0.000465028
-6.3301  0.000453982
-6.32007  0.000467222
-6.30979  0.000479447
-6.2997  0.00045696
-6.28973  0.000468795
-6.27955  0.000478122
-6.26939  0.000469407
-6.25945  0.000467721
-6.24924  0.000486729
-6.23925  0.000463262
-6.22918  0.000483253
-6.21894  0.000492363
-6.20885  0.000467332
-6.19847  0.000533951
-6.18755  0.000499532
-6.17754  0.000481944
-6.16741  0.000483193
-6.15735  0.000499729
-6.14711  0.000492972
-6.13709  0.000485976
-6.12699  0.000496114
-6.11705  0.000489043
-6.10695  0.000494102
-6.09689  0.000507696
-6.08681  0.000489506
-6.07682  0.000500972
-6.06665  0.000506558
-6.0566  0.000506954
-6.04648  0.000502237
-6.03597  0.000559091
-6.02545  0.000501457
-6.01533  0.000513801
-6.00517  0.000522803
-5.99513  0.000501299
-5.98511  0.00051343
-5.97495  0.000529495
-5.96488  0.00051007
-5.95477  0.000520269
-5.94466  0.000529109
-5.93456  0.000516686
-5.9245  0.00052478
-5.91436  0.000531847
-5.90434  0.000519746
-5.89411  0.000539115
-5.88403  0.000531854
-5.87396  0.00052466
-5.86395  0.000533338
-5.85372  0.000545139
-5.84367  0.000528938
-5.83359  0.00053759
-5.82351  0.000542748
-5.8135  0.000530258
-5.80339  0.000553592
-5.79323  0.000540566
-5.7832  0.000548253
-5.77308  0.000536638
-5.76299  0.00056561
-5.75297  0.000531443
-5.74282  0.000564411
-5.73237  0.000587722
-5.72192  0.000555248
-5.71191  0.000551623
-5.70175  0.000563052
-5.69181  0.000548599
-5.68162  0.000565701
-5.67152  0.00057026
-5.66143  0.000554522
-5.65137  0.000568517
-5.64122  0.000560122
-5.63137  0.000565982
-5.6211  0.000572186
-5.61099  0.000582793
-5.60089  0.000553377
-5.59086  0.000584607
-5.58077  0.00056578
-5.57076  0.000580454
-5.56054  0.000578248
-5.55046  0.00058251
-5.54053  0.000565162
-5.53034  0.000587918
-5.52036  0.000581738
-5.51028  0.000581183
-5.50013  0.000590174
-5.48993  0.000597535
-5.47989  0.000582244
-5.4697  0.000587317
-5.45975  0.000596259
-5.44967  0.000584764
-5.43942  0.000609857
-5.42935  0.000583437
-5.41942  0.0005952
-5.40917  0.000608868
-5.39869  0.000640429
-5.38832  0.000597637
-5.3781  0.000608418
-5.36809  0.000605285
-5.35798  0.000597182
-5.34784  0.00061669
-5.33778  0.000598772
-5.32783  0.000609381
-5.3175  0.000621824
-5.3074  0.00061468
-5.29688  0.000660346
-5.28633  0.000619523
-5.27623  0.000616574
-5.2662  0.000608771
-5.25603  0.000630334
-5.2459  0.000619913
-5.23537  0.00067508
-5.22478  0.000625208
-5.21468  0.000626762
-5.2046  0.000615459
-5.19449  0.00064123
-5.18427  0.000627007
-5.17429  0.000615488
-5.16431  0.000623346
-5.15426  0.000644928
-5.14411  0.000618844
-5.13394  0.000650401
-5.12389  0.000626808
-5.11384  0.000627968
-5.10383  0.000636987
-5.09373  0.000642324
-5.08362  0.000638162
-5.07341  0.000650784
-5.06327  0.000651648
-5.05317  0.000625272
-5.04317  0.000649572
-5.03318  0.000634799
-5.02313  0.000652175
-5.01291  0.00065059
-5.00282  0.00065767
-4.99271  0.000639012
-4.98263  0.000654592
-4.97265  0.00065342
-4.96243  0.000653153
-4.95241  0.00065177
-4.94229  0.000666748
-4.93172  0.000706584
-4.92114  0.000667418
-4.91105  0.000659904
-4.90095  0.000651637
-4.89083  0.000680244
-4.88075  0.000643813
-4.87077  0.000662263
-4.86069  0.000664749
-4.85064  0.000667985
-4.84056  0.000658205
-4.83037  0.00068503
-4.82038  0.000653229
-4.8103  0.000669933
-4.80024  0.000672464
-4.79007  0.000681162
-4.78001  0.000663763
-4.7698  0.00069008
-4.75982  0.000662221
-4.74969  0.000678302
-4.73919  0.000739436
-4.72868  0.000670436
-4.71861  0.000683689
-4.70842  0.000687706
-4.69839  0.000672299
-4.68832  0.00067874
-4.67824  0.000695934
-4.66816  0.000666097
-4.6581  0.000693477
-4.64795  0.00069107
-4.63796  0.000675817
-4.6279  0.000678819
-4.61779  0.000704716
-4.60776  0.000677483
-4.59764  0.000692818
-4.58758  0.000689249
-4.57757  0.000691269
-4.56743  0.000692289
-4.55733  0.000695738
-4.54734  0.000687833
-4.53721  0.000700495
-4.52709  0.000701118
-4.51705  0.000686095
-4.50708  0.000693339
-4.49692  0.000711332
-4.48686  0.000693258
-4.47671  0.000702292
-4.46666  0.000701038
-4.45624  0.000752728
-4.44565  0.000717061
-4.43547  0.000704986
-4.42547  0.000699077
-4.41532  0.000708179
-4.4051  0.000723768
-4.39506  0.000692336
-4.38502  0.000709742
-4.37449  0.000765291
-4.36398  0.00071805
-4.35383  0.000706379
-4.34369  0.000721894
-4.33371  0.000693402
-4.32361  0.000722172
-4.31352  0.000711899
-4.30343  0.00070772
-4.29348  0.000705697
-4.28334  0.000725878
-4.27336  0.000701984
-4.26322  0.000722691
-4.25315  0.000716439
-4.24309  0.000711045
-4.23299  0.00072769
-4.22277  0.000724709
-4.21275  0.000715416
-4.20257  0.000723305
-4.1925  0.000718218
-4.18256  0.000714083
-4.17241  0.000723835
-4.16235  0.000726575
-4.1522  0.000723808
-4.14208  0.000726031
-4.13192  0.000733077
-4.12191  0.000714204
-4.11173  0.000730283
-4.10124  0.000796136
-4.09068  0.00071679
-4.08064  0.0007311
-4.07053  0.000720619
-4.06066  0.000718523
-4.05044  0.000738727
-4.04033  0.000731611
-4.03024  0.000725576
-4.02008  0.000745324
-4.00997  0.000715695
-3.9995  0.000808376
-3.98831  0.000803871
-3.97777  0.000731542
-3.96772  0.000722824
-3.95764  0.000742956
-3.94754  0.000721449
-3.93756  0.000735264
-3.92745  0.000730507
-3.91692  0.000805421
-3.9064  0.000723002
-3.89634  0.000744003
-3.88618  0.000733473
-3.87619  0.000730539
-3.86612  0.000735921
-3.85591  0.000750191
-3.84545  0.000780162
-3.83456  0.000813436
-3.82399  0.000727527
-3.81388  0.000751436
-3.80379  0.000731998
-3.79364  0.000744535
-3.78365  0.000726708
-3.77346  0.000755113
-3.7635  0.000718655
-3.75345  0.000739555
-3.74345  0.000736559
-3.7333  0.000745885
-3.72328  0.000733843
-3.7131  0.000745173
-3.70305  0.00074538
-3.69291  0.000734321
-3.68286  0.000746013
-3.67218  0.000815825
-3.66174  0.000732745
-3.65168  0.000736632
-3.64154  0.000754193
-3.63147  0.000728484
-3.62139  0.000757805
-3.61124  0.000732465
-3.60122  0.000741884
-3.59112  0.000746587
-3.58101  0.000738001
-3.57057  0.000805661
-3.55993  0.000757845
-3.54976  0.00074122
-3.53966  0.000740473
-3.52964  0.000748995
-3.51941  0.000745185
-3.50939  0.00073991
-3.49926  0.000745632
-3.48916  0.000751533
-3.47852  0.000806231
-3.46804  0.000752478
-3.45774  0.000746638
-3.44782  0.000733048
-3.43774  0.00074728
-3.42757  0.000745698
-3.4171  0.000800663
-3.40666  0.000750901
-3.39642  0.00073851
-3.38598  0.000813886
-3.37535  0.000746895
-3.36524  0.000746005
-3.35519  0.000734615
-3.3452  0.000742289
-3.33504  0.000739772
-3.3251  0.000742565
-3.31498  0.000743275
-3.30478  0.000754549
-3.2947  0.000732694
-3.28469  0.000745478
-3.27457  0.000735653
-3.26456  0.000745703
-3.25449  0.00073714
-3.24439  0.00074237
-3.2344  0.000737921
-3.2242  0.000752539
-3.21407  0.000741251
-3.20403  0.000735403
-3.194  0.000746249
-3.18382  0.000735853
-3.17385  0.000745319
-3.16363  0.000743314
-3.15353  0.000749033
-3.14338  0.000737294
-3.13328  0.000747977
-3.12318  0.000726331
-3.11326  0.000744169
-3.10312  0.000731496
-3.09299  0.000751567
-3.0825  0.000793276
-3.07194  0.000755061
-3.06178  0.000727855
-3.05176  0.000741566
-3.04173  0.000732704
-3.03157  0.000740738
-3.0216  0.000732672
-3.0114  0.0007446
-3.00139  0.000729614
-2.99131  0.000739426
-2.98119  0.00073962
-2.97105  0.000730839
-2.9611  0.000736172
-2.95096  0.000731193
-2.94087  0.000745684
-2.93074  0.000727815
-2.92071  0.000732483
-2.9106  0.000735792
-2.90053  0.000738057
-2.89044  0.000724564
-2.88036  0.000738362
-2.87035  0.000721154
-2.86025  0.00074229
-2.85017  0.000721274
-2.84012  0.000735977
-2.82999  0.000732412
-2.81987  0.000735465
-2.8098  0.000724603
-2.79917  0.000803982
-2.78866  0.000727961
-2.77851  0.000735959
-2.76833  0.000729362
-2.75823  0.000732324
-2.74814  0.000728729
-2.73804  0.000716786
-2.72806  0.000730033
-2.71789  0.000728358
-2.70782  0.00072435
-2.69734  0.000781424
-2.68689  0.000726327
-2.67672  0.000725693
-2.66672  0.000716269
-2.65665  0.000724981
-2.64648  0.000733334
-2.63636  0.000714395
-2.62591  0.000787744
-2.6148  0.000791087
-2.60384  0.00078265
-2.59336  0.000713445
-2.5832  0.000734592
-2.57303  0.000715182
-2.56303  0.000713484
-2.55294  0.000716113
-2.54281  0.000727577
-2.53279  0.000702089
-2.52269  0.000724354
-2.5126  0.000714196
-2.50251  0.000712801
-2.49241  0.000721901
-2.48224  0.000712463
-2.47229  0.000704162
-2.46212  0.000721231
-2.45207  0.000708086
-2.44205  0.000703172
-2.4319  0.000727393
-2.4217  0.000708147
-2.41171  0.000705021
-2.40163  0.00070238
-2.39161  0.00071505
-2.38155  0.000694728
-2.37145  0.000715854
-2.3614  0.000701575
-2.35132  0.000705068
-2.34124  0.000705211
-2.33124  0.000697178
-2.32128  0.000693085
-2.31115  0.000711352
-2.30113  0.000697588
-2.29104  0.000701209
-2.2809  0.000709678
-2.27082  0.000696577
-2.26075  0.000699198
-2.2506  0.000703878
-2.24059  0.000692736
-2.23052  0.000701219
-2.22033  0.000697476
-2.21042  0.000685916
-2.20033  0.000702183
-2.19018  0.000696673
-2.18014  0.000688285
-2.17006  0.000704648
-2.15988  0.000687279
-2.14989  0.000693713
-2.1398  0.000687444
-2.1297  0.000698055
-2.11971  0.000673328
-2.10964  0.000702652
-2.09941  0.000692478
-2.08937  0.000687303
-2.07925  0.000691476
-2.06905  0.000692542
-2.05903  0.000678759
-2.04896  0.000690313
-2.03885  0.000681636
-2.02881  0.000683888
-2.01873  0.000684452
-2.0086  0.000681805
-1.99852  0.00068758
-1.9884  0.000680047
-1.97833  0.000677602
-1.96827  0.00068361
-1.95815  0.000676437
-1.9481  0.000679501
-1.93805  0.000671311
-1.928  0.000680304
-1.91792  0.000668257
-1.90789  0.000684302
-1.89771  0.00067194
-1.88763  0.000676985
-1.87763  0.000664879
-1.86751  0.000682039
-1.85745  0.000656515
-1.84742  0.000682608
-1.83732  0.000664836
-1.82725  0.000663735
-1.81731  0.000670839
-1.80708  0.00067062
-1.79654  0.000734159
-1.78593  0.000667888
-1.77584  0.000669073
-1.76569  0.000661
-1.75571  0.000669734
-1.74561  0.000648902
-1.73555  0.000678117
-1.72545  0.000653789
-1.71532  0.000671957
-1.70523  0.00064868
-1.69518  0.000672635
-1.68512  0.000646549
-1.67496  0.000668533
-1.665  0.00065322
-1.65482  0.000655268
-1.64482  0.000656398
-1.63469  0.000658997
-1.62463  0.000657335
-1.61443  0.000651388
-1.6044  0.000666471
-1.59421  0.000639183
-1.58421  0.000663471
-1.57412  0.000641009
-1.56408  0.000652228
-1.55402  0.000645449
-1.5439  0.000662057
-1.53387  0.000629795
-1.52373  0.000662433
-1.51374  0.000639818
-1.50355  0.000649003
-1.49354  0.000645888
-1.48332  0.000652646
-1.47328  0.0006423
-1.46313  0.000642658
-1.45314  0.000646736
-1.44296  0.000632267
-1.43297  0.000651844
-1.42281  0.000638088
-1.41277  0.000635645
-1.40274  0.000638327
-1.39257  0.00064739
-1.38252  0.000628682
-1.37241  0.000643975
-1.36234  0.000639294
-1.3522  0.000627028
-1.34226  0.000640053
-1.33204  0.000632477
-1.32206  0.000636636
-1.31193  0.000624231
-1.30188  0.000648944
-1.29109  0.000694627
-1.28059  0.000629031
-1.27039  0.000637249
-1.26029  0.000634209
-1.25021  0.000618925
-1.24019  0.000632805
-1.23004  0.000628369
-1.22001  0.000624912
-1.20995  0.000626626
-1.19981  0.000626276
-1.18981  0.00061819
-1.17929  0.000685858
-1.16872  0.000625514
-1.15857  0.000623865
-1.14854  0.000621881
-1.13843  0.000621587
-1.12832  0.000624399
-1.11829  0.000616595
-1.10822  0.000621274
-1.09813  0.00061646
-1.08808  0.000621332
-1.07796  0.000615638
-1.06784  0.000628059
-1.05772  0.000615188
-1.04755  0.000622528
-1.03746  0.000614401
-1.02693  0.000673071
-1.0163  0.000618515
-1.00623  0.000615736
-0.996124  0.000613757
-0.986045  0.000606901
-0.975962  0.000622922
-0.965919  0.000598519
-0.955891  0.000611573
-0.945878  0.000608454
-0.935793  0.000610559
-0.925698  0.000608512
-0.915608  0.00061521
-0.905561  0.000598576
-0.89547  0.000613927
-0.884908  0.000666493
-0.874368  0.00059981
-0.864255  0.000615476
-0.854212  0.000598326
-0.844141  0.00060907
-0.834059  0.000598264
-0.824019  0.000611261
-0.81394  0.000594648
-0.803883  0.000607724
-0.793868  0.000596713
-0.783767  0.000605286
-0.773708  0.000599083
-0.76364  0.000603163
-0.753607  0.0005953
-0.743481  0.00060939
-0.733345  0.000600854
-0.723238  0.000600367
-0.713168  0.000598357
-0.703031  0.000606836
-0.692927  0.000595036
-0.682824  0.000600532
-0.672767  0.000594448
-0.662739  0.000595508
-0.652679  0.000593688
-0.64262  0.000597802
-0.63256  0.000593288
-0.622443  0.000601463
-0.612278  0.00059795
-0.602218  0.000595132
-0.591602  0.000653534
-0.580497  0.00065675
-0.569902  0.000593139
-0.559831  0.000590806
-0.549746  0.000596891
-0.539703  0.000587431
-0.529594  0.000594933
-0.519539  0.000590444
-0.509432  0.000597195
-0.499361  0.00058175
-0.48929  0.000602526
-0.47916  0.00058541
-0.469074  0.000591398
-0.459013  0.000592878
-0.448403  0.000648809
-0.437796  0.000589784
-0.427782  0.000582983
-0.417702  0.000595018
-0.407587  0.000585116
-0.397515  0.000594481
-0.387393  0.000584434
-0.377301  0.000593961
-0.367235  0.000580878
-0.357158  0.000592987
-0.347073  0.000582505
-0.336986  0.000595404
-0.326857  0.000581602
-0.316748  0.000594936
-0.306707  0.000576943
-0.296622  0.000593631
-0.286553  0.000578863
-0.276511  0.00058752
-0.266434  0.000584872
-0.256386  0.000581579
-0.246362  0.000585884
-0.236267  0.000582428
-0.22626  0.000583022
-0.216185  0.000583663
-0.206084  0.0005879
-0.196005  0.000585992
-0.185934  0.000580065
-0.175807  0.000593327
-0.165675  0.000583038
-0.155576  0.000586007
-0.145483  0.000584484
-0.13543  0.000582844
-0.125347  0.000583158
-0.115239  0.000588903
-0.105172  0.000575938
-0.095139  0.000588325
-0.0850511  0.000578373
-0.0750261  0.000583593
-0.0649659  0.000580812
-0.0548188  0.000593695
-0.0441839  0.000639549
-0.0331606  0.000635066
-0.0226509  0.000581723
-0.0125833  0.00058438
-0.0037653  0.000436075
0.0037653  0.000436075
0.0125833  0.00058438
0.0226509  0.000581723
0.0331606  0.000635066
0.0441839  0.000639549
0.0548188  0.000593695
0.0649659  0.000580812
0.0750261  0.000583593
0.0850511  0.000578373
0.095139  0.000588325
0.105172  0.000575938
0.115239  0.000588903
0.125347  0.000583158
0.13543  0.000582844
0.145483  0.000584484
0.155576  0.000586007
0.165675  0.000583038
0.175807  0.000593327
0.185934  0.000580065
0.196005  0.000585992
0.206084  0.0005879
0.216185  0.000583663
0.22626  0.000583022
0.236267  0.000582428
0.246362  0.000585884
0.256386  0.000581579
0.266434  0.000584872
0.276511  0.00058752
0.286553  0.000578863
0.296622  0.000593631
0.306707  0.000576943
0.316748  0.000594936
0.326857  0.000581602
0.336986  0.000595404
0.347073  0.000582505
0.357158  0.000592987
0.367235  0.000580878
0.377301  0.000593961
0.387393  0.000584434
0.397515  0.000594481
0.407587  0.000585116
0.417702  0.000595018
0.427782  0.000582983
0.437796  0.000589784
0.448403  0.000648809
0.459013  0.000592878
0.469074  0.000591398
0.47916  0.00058541
0.48929  0.000602526
0.499361  0.00058175
0.509432  0.000597195
0.519539  0.000590444
0.529594  0.000594933
0.539703  0.000587431
0.549746  0.000596891
0.559831  0.000590806
0.569902  0.000593139
0.580497  0.00065675
0.591602  0.000653534
0.602218  0.000595132
0.612278  0.00059795
0.622443  0.000601463
0.63256  0.000593288
0.64262  0.000597802
0.652679  0.000593688
0.662739  0.000595508
0.672767  0.000594448
0.682824  0.000600532
0.692927  0.000595036
0.703031  0.000606836
0.713168  0.000598357
0.723238  0.000600367
0.733345  0.000600854
0.743481  0.00060939
0.753607  0.0005953
0.76364  0.000603163
0.773708  0.000599083
0.783767  0.000605286
0.793868  0.000596713
0.803883  0.000607724
0.81394  0.000594648
0.824019  0.000611261
0.834059  0.000598264
0.844141  0.00060907
0.854212  0.000598326
0.864255  0.000615476
0.874368  0.00059981
0.884908  0.000666493
0.89547  0.000613927
0.905561  0.000598576
0.915608  0.00061521
0.925698  0.000608512
0.935793  0.000610559
0.945878  0.000608454
0.955891  0.000611573
0.965919  0.000598519
0.975962  0.000622922
0.986045  0.000606901
0.996124  0.000613757
1.00623  0.000615736
1.0163  0.000618515
1.02693  0.000673071
1.03746  0.000614401
1.04755  0.000622528
1.05772  0.000615188
1.06784  0.000628059
1.07796  0.000615638
1.08808  0.000621332
1.09813  0.00061646
1.10822  0.000621274
1.11829  0.000616595
1.12832  0.000624399
1.13843  0.000621587
1.14854  0.000621881
1.15857  0.000623865
1.16872  0.000625514
1.17929  0.000685858
1.18981  0.00061819
1.19981  0.000626276
1.20995  0.000626626
1.22001  0.000624912
1.23004  0.000628369
1.24019  0.000632805
1.25021  0.000618925
1.26029  0.000634209
1.27039  0.000637249
1.28059  0.000629031
1.29109  0.000694627
1.30188  0.000648944
1.31193  0.000624231
1.32206  0.000636636
1.33204  0.000632477
1.34226  0.000640053
1.3522  0.000627028
1.36234  0.000639294
1.37241  0.000643975
1.38252  0.000628682
1.39257  0.00064739
1.40274  0.000638327
1.41277  0.000635645
1.42281  0.000638088
1.43297  0.000651844
1.44296  0.000632267
1.45314  0.000646736
1.46313  0.000642658
1.47328  0.0006423
1.48332  0.000652646
1.49354  0.000645888
1.50355  0.000649003
1.51374  0.000639818
1.52373  0.000662433
1.53387  0.000629795
1.5439  0.000662057
1.55402  0.000645449
1.56408  0.000652228
1.57412  0.000641009
1.58421  0.000663471
1.59421  0.000639183
1.6044  0.000666471
1.61443  0.000651388
1.62463  0.000657335
1.63469  0.000658997
1.64482  0.000656398
1.65482  0.000655268
1.665  0.00065322
1.67496  0.000668533
1.68512  0.000646549
1.69518  0.000672635
1.70523  0.00064868
1.71532  0.000671957
1.72545  0.000653789
1.73555  0.000678117
1.74561  0.000648902
1.75571  0.000669734
1.76569  0.000661
1.77584  0.000669073
1.78593  0.000667888
1.79654  0.000734159
1.80708  0.00067062
1.81731  0.000670839
1.82725  0.000663735
1.83732  0.000664836
1.84742  0.000682608
1.85745  0.000656515
1.86751  0.000682039
1.87763  0.000664879
1.88763  0.000676985
1.89771  0.00067194
1.90789  0.000684302
1.91792  0.000668257
1.928  0.000680304
1.93805  0.000671311
1.9481  0.000679501
1.95815  0.000676437
1.96827  0.00068361
1.97833  0.000677602
1.9884  0.000680047
1.99852  0.00068758
2.0086  0.000681805
2.01873  0.000684452
2.02881  0.000683888
2.03885  0.000681636
2.04896  0.000690313
2.05903  0.000678759
2.06905  0.000692542
2.07925  0.000691476
2.08937  0.000687303
2.09941  0.000692478
2.10964  0.000702652
2.11971  0.000673328
2.1297  0.000698055
2.1398  0.000687444
2.14989  0.000693713
2.15988  0.000687279
2.17006  0.000704648
2.18014  0.000688285
2.19018  0.000696673
2.20033  0.000702183
2.21042  0.000685916
2.22033  0.000697476
2.23052  0.000701219
2.24059  0.000692736
2.2506  0.000703878
2.26075  0.000699198
2.27082  0.000696577
2.2809  0.000709678
2.29104  0.000701209
2.30113  0.000697588
2.31115  0.000711352
2.32128  0.000693085
2.33124  0.000697178
2.34124  0.000705211
2.35132  0.000705068
2.3614  0.000701575
2.37145  0.000715854
2.38155  0.000694728
2.39161  0.00071505
2.40163  0.00070238
2.41171  0.000705021
2.4217  0.000708147
2.4319  0.000727393
2.44205  0.000703172
2.45207  0.000708086
2.46212  0.000721231
2.47229  0.000704162
2.48224  0.000712463
2.49241  0.000721901
2.50251  0.000712801
2.5126  0.000714196
2.52269  0.000724354
2.53279  0.000702089
2.54281  0.000727577
2.55294  0.000716113
2.56303  0.000713484
2.57303  0.000715182
2.5832  0.000734592
2.59336  0.000713445
2.60384  0.00078265
2.6148  0.000791087
2.62591  0.000787744
2.63636  0.000714395
2.64648  0.000733334
2.65665  0.000724981
2.66672  0.000716269
2.67672  0.000725693
2.68689  0.000726327
2.69734  0.000781424
2.70782  0.00072435
2.71789  0.000728358
2.72806  0.000730033
2.73804  0.000716786
2.74814  0.000728729
2.75823  0.000732324
2.76833  0.000729362
2.77851  0.000735959
2.78866  0.000727961
2.79917  0.000803982
2.8098  0.000724603
2.81987  0.000735465
2.82999  0.000732412
2.84012  0.000735977
2.85017  0.000721274
2.86025  0.00074229
2.87035  0.000721154
2.88036  0.000738362
2.89044  0.000724564
2.90053  0.000738057
2.9106  0.000735792
2.92071  0.000732483
2.93074  0.000727815
2.94087  0.000745684
2.95096  0.000731193
2.9611  0.000736172
2.97105  0.000730839
2.98119  0.00073962
2.99131  0.000739426
3.00139  0.000729614
3.0114  0.0007446
3.0216  0.000732672
3.03157  0.000740738
3.04173  0.000732704
3.05176  0.000741566
3.06178  0.000727855
3.07194  0.000755061
3.0825  0.000793276
3.09299  0.000751567
3.10312  0.000731496
3.11326  0.000744169
3.12318  0.000726331
3.13328  0.000747977
3.14338  0.000737294
3.15353  0.000749033
3.16363  0.000743314
3.17385  0.000745319
3.18382  0.000735853
3.194  0.000746249
3.20403  0.000735403
3.21407  0.000741251
3.2242  0.000752539
3.2344  0.000737921
3.24439  0.00074237
3.25449  0.00073714
3.26456  0.000745703
3.27457  0.000735653
3.28469  0.000745478
3.2947  0.000732694
3.30478  0.000754549
3.31498  0.000743275
3.3251  0.000742565
3.33504  0.000739772
3.3452  0.000742289
3.35519  0.000734615
3.36524  0.000746005
3.37535  0.000746895
3.38598  0.000813886
3.39642  0.00073851
3.40666  0.000750901
3.4171  0.000800663
3.42757  0.000745698
3.43774  0.00074728
3.44782  0.000733048
3.45774  0.000746638
3.46804  0.000752478
3.47852  0.000806231
3.48916  0.000751533
3.49926  0.000745632
3.50939  0.00073991
3.51941  0.000745185
3.52964  0.000748995
3.53966  0.000740473
3.54976  0.00074122
3.55993  0.000757845
3.57057  0.000805661
3.58101  0.000738001
3.59112  0.000746587
3.60122  0.000741884
3.61124  0.000732465
3.62139  0.000757805
3.63147  0.000728484
3.64154  0.000754193
3.65168  0.000736632
3.66174  0.000732745
3.67218  0.000815825
3.68286  0.000746013
3.69291  0.000734321
3.70305  0.00074538
3.7131  0.000745173
3.72328  0.000733843
3.7333  0.000745885
3.74345  0.000736559
3.75345  0.000739555
3.7635  0.000718655
3.77346  0.000755113
3.78365  0.000726708
3.79364  0.000744535
3.80379  0.000731998
3.81388  0.000751436
3.82399  0.000727527
3.83456  0.000813436
3.84545  0.000780162
3.85591  0.000750191
3.86612  0.000735921
3.87619  0.000730539
3.88618  0.000733473
3.89634  0.000744003
3.9064  0.000723002
3.91692  0.000805421
3.92745  0.000730507
3.93756  0.000735264
3.94754  0.000721449
3.95764  0.000742956
3.96772  0.000722824
3.97777  0.000731542
3.98831  0.000803871
3.9995  0.000808376
4.00997  0.000715695
4.02008  0.000745324
4.03024  0.000725576
4.04033  0.000731611
4.05044  0.000738727
4.06066  0.000718523
4.07053  0.000720619
4.08064  0.0007311
4.09068  0.00071679
4.10124  0.000796136
4.11173  0.000730283
4.12191  0.000714204
4.13192  0.000733077
4.14208  0.000726031
4.1522  0.000723808
4.16235  0.000726575
4.17241  0.000723835
4.18256  0.000714083
4.1925  0.000718218
4.20257  0.000723305
4.21275  0.000715416
4.22277  0.000724709
4.23299  0.00072769
4.24309  0.000711045
4.25315  0.000716439
4.26322  0.000722691
4.27336  0.000701984
4.28334  0.000725878
4.29348  0.000705697
4.30343  0.00070772
4.31352  0.000711899
4.32361  0.000722172
4.33371  0.000693402
4.34369  0.000721894
4.35383  0.000706379
4.36398  0.00071805
4.37449  0.000765291
4.38502  0.000709742
4.39506  0.000692336
4.4051  0.000723768
4.41532  0.000708179
4.42547  0.000699077
4.43547  0.000704986
4.44565  0.000717061
4.45624  0.000752728
4.46666  0.000701038
4.47671  0.000702292
4.48686  0.000693258
4.49692  0.000711332
4.50708  0.000693339
4.51705  0.000686095
4.52709  0.000701118
4.53721  0.000700495
4.54734  0.000687833
4.55733  0.000695738
4.56743  0.000692289
4.57757  0.000691269
4.58758  0.000689249
4.59764  0.000692818
4.60776  0.000677483
4.61779  0.000704716
4.6279  0.000678819
4.63796  0.000675817
4.64795  0.00069107
4.6581  0.000693477
4.66816  0.000666097
4.67824  0.000695934
4.68832  0.00067874
4.69839  0.000672299
4.70842  0.000687706
4.71861  0.000683689
4.72868  0.000670436
4.73919  0.000739436
4.74969  0.000678302
4.75982  0.000662221
4.7698  0.00069008
4.78001  0.000663763
4.79007  0.000681162
4.80024  0.000672464
4.8103  0.000669933
4.82038  0.000653229
4.83037  0.00068503
4.84056  0.000658205
4.85064  0.000667985
4.86069  0.000664749
4.87077  0.000662263
4.88075  0.000643813
4.89083  0.000680244
4.90095  0.000651637
4.91105  0.000659904
4.92114  0.000667418
4.93172  0.000706584
4.94229  0.000666748
4.95241  0.00065177
4.96243  0.000653153
4.97265  0.00065342
4.98263  0.000654592
4.99271  0.000639012
5.00282  0.00065767
5.01291  0.00065059
5.02313  0.000652175
5.03318  0.000634799
5.04317  0.000649572
5.05317  0.000625272
5.06327  0.000651648
5.07341  0.000650784
5.08362  0.000638162
5.09373  0.000642324
5.10383  0.000636987
5.11384  0.000627968
5.12389  0.000626808
5.13394  0.000650401
5.14411  0.000618844
5.15426  0.000644928
5.16431  0.000623346
5.17429  0.000615488
5.18427  0.000627007
5.19449  0.00064123
5.2046  0.000615459
5.21468  0.000626762
5.22478  0.000625208
5.23537  0.00067508
5.2459  0.000619913
5.25603  0.000630334
5.2662  0.000608771
5.27623  0.000616574
5.28633  0.000619523
5.29688  0.000660346
5.3074  0.00061468
5.3175  0.000621824
5.32783  0.000609381
5.33778  0.000598772
5.34784  0.00061669
5.35798  0.000597182
5.36809  0.000605285
5.3781  0.000608418
5.38832  0.000597637
5.39869  0.000640429
5.40917  0.000608868
5.41942  0.0005952
5.42935  0.000583437
5.43942  0.000609857
5.44967  0.000584764
5.45975  0.000596259
5.4697  0.000587317
5.47989  0.000582244
5.48993  0.000597535
5.50013  0.000590174
5.51028  0.000581183
5.52036  0.000581738
5.53034  0.000587918
5.54053  0.000565162
5.55046  0.00058251
5.56054  0.000578248
5.57076  0.000580454
5.58077  0.00056578
5.59086  0.000584607
5.60089  0.000553377
5.61099  0.000582793
5.6211  0.000572186
5.63137  0.000565982
5.64122  0.000560122
5.65137  0.000568517
5.66143  0.000554522
5.67152  0.00057026
5.68162  0.000565701
5.69181  0.000548599
5.70175  0.000563052
5.71191  0.000551623
5.72192  0.000555248
5.73237  0.000587722
5.74282  0.000564411
5.75297  0.000531443
5.76299  0.00056561
5.77308  0.000536638
5.7832  0.000548253
5.79323  0.000540566
5.80339  0.000553592
5.8135  0.000530258
5.82351  0.000542748
5.83359  0.00053759
5.84367  0.000528938
5.85372  0.000545139
5.86395  0.000533338
5.87396  0.00052466
5.88403  0.000531854
5.89411  0.000539115
5.90434  0.000519746
5.91436  0.000531847
5.9245  0.00052478
5.93456  0.000516686
5.94466  0.000529109
5.95477  0.000520269
5.96488  0.00051007
5.97495  0.000529495
5.98511  0.00051343
5.99513  0.000501299
6.00517  0.000522803
6.01533  0.000513801
6.02545  0.000501457
6.03597  0.000559091
6.04648  0.000502237
6.0566  0.000506954
6.06665  0.000506558
6.07682  0.000500972
6.08681  0.000489506
6.09689  0.000507696
6.10695  0.000494102
6.11705  0.000489043
6.12699  0.000496114
6.13709  0.000485976
6.14711  0.000492972
6.15735  0.000499729
6.16741  0.000483193
6.17754  0.000481944
6.18755  0.000499532
6.19847  0.000533951
6.20885  0.000467332
6.21894  0.000492363
6.22918  0.000483253
6.23925  0.000463262
6.24924  0.000486729
6.25945  0.000467721
6.26939  0.000469407
6.27955  0.000478122
6.28973  0.000468795
6.2997  0.00045696
6.30979  0.000479447
6.32007  0.000467222
6.3301  0.000453982
6.34009  0.000465028
6.35046  0.000469814
6.36032  0.00044155
6.37034  0.000460054
6.38051  0.0004609
6.39062  0.000445117
6.40064  0.000458822
6.41081  0.000447293
6.42071  0.000436375
6.43079  0.000457574
6.44102  0.000450383
6.45103  0.000430151
6.46105  0.000451065
6.47127  0.000442225
6.4813  0.000437123
6.49136  0.000437993
6.50148  0.00043356
6.51136  0.000426911
6.52157  0.000444549
6.53168  0.000428851
6.5417  0.000424691
6.55171  0.000428865
6.56198  0.000437836
6.57195  0.000412499
6.58205  0.00042936
6.59211  0.000420531
6.60218  0.00041727
6.61222  0.000425938
6.62246  0.000418837
6.63247  0.000415691
6.64269  0.000417311
6.65275  0.000418385
6.66285  0.000403928
6.67294  0.000417902
6.68316  0.000409494
6.69366  0.000449842
6.70432  0.000402369
6.71441  0.000409521
6.72454  0.000399229
6.73466  0.000407198
6.74477  0.000398906
6.75483  0.000394535
6.76491  0.000399176
6.7751  0.000399497
6.78509  0.000389606
6.79523  0.000393395
6.80521  0.000386008
6.81529  0.000388165
6.82533  0.000392666
6.8356  0.000385576
6.84554  0.000383719
6.85579  0.000386865
6.86617  0.000408133
6.87662  0.000376438
6.88676  0.000384051
6.89694  0.000377383
6.90703  0.000377134
6.91712  0.000371948
6.92719  0.000372982
6.93732  0.000370114
6.94742  0.000372416
6.95753  0.000366727
6.96764  0.000367185
6.97779  0.000370167
6.98849  0.000397085
6.9988  0.000351633
7.00903  0.000371436
7.01968  0.00038843
7.03015  0.000356476
7.04024  0.000355837
7.05038  0.000355006
7.06045  0.000350904
7.0707  0.000360022
7.0813  0.000379209
7.09182  0.000347476
7.10196  0.000349467
7.11224  0.000349202
7.12218  0.000336725
7.13274  0.000377804
7.14339  0.000337648
7.1534  0.00033757
7.16353  0.000343382
7.17368  0.000335454
7.18368  0.000327615
7.19386  0.000343634
7.20406  0.000326593
7.21399  0.000325449
7.22401  0.000329949
7.23428  0.000334318
7.24473  0.000344089
7.25512  0.000326672
7.26543  0.000329302
7.27543  0.000310962
7.28548  0.000330455
7.2957  0.000311115
7.3056  0.000317106
7.31575  0.000314411
7.3259  0.000320342
7.33589  0.000302808
7.3459  0.000319323
7.35622  0.000311219
7.36625  0.000302513
7.37625  0.000312445
7.38651  0.000309033
7.39651  0.000295719
7.40657  0.000309495
7.41684  0.000302884
7.4267  0.000291782
7.43682  0.000306164
7.44705  0.000294681
7.45696  0.000294786
7.46703  0.000292187
7.47724  0.000299454
7.48718  0.000282789
7.49731  0.000299567
7.50752  0.000290061
7.51748  0.000280524
7.52752  0.000288658
7.53816  0.000312493
7.5485  0.000280912
7.55872  0.000287346
7.5689  0.000279325
7.57944  0.000307955
7.59  0.00027977
7.60023  0.00028411
7.61027  0.000266824
7.62033  0.000275929
7.6305  0.000280447
7.64047  0.000262117
7.65053  0.000273291
7.66065  0.000271233
7.67069  0.000266331
7.68091  0.000274054
7.69106  0.000261554
7.70096  0.000261356
7.71114  0.000265537
7.72121  0.00026484
7.73136  0.000258606
7.74154  0.000263657
7.75173  0.000261052
7.76166  0.000250781
7.77178  0.00025796
7.78249  0.000283674
7.79297  0.000246421
7.80313  0.000261109
7.81327  0.000245466
7.82323  0.000245021
7.83382  0.000277846
7.84442  0.000245408
7.85435  0.000239997
7.86456  0.000251488
7.87482  0.000244308
7.88474  0.000235785
7.89469  0.000242528
7.90491  0.000242063
7.91501  0.000233143
7.92511  0.000243513
7.93519  0.00023227
7.94512  0.000230798
7.95541  0.000240576
7.96553  0.000234359
7.9756  0.00022726
7.98618  0.000254848
7.9973  0.000250393
8.00785  0.000225153
8.01783  0.000225709
8.02794  0.000224915
8.03802  0.000218972
8.04811  0.000232096
8.05894  0.000243417
8.06944  0.000215016
8.07956  0.000224439
8.08975  0.000216968
8.09977  0.000213024
8.1103  0.000240816
8.12096  0.000208715
8.13095  0.000211952
8.14099  0.00021723
8.15121  0.000208236
8.1613  0.000204456
8.17119  0.000213833
8.18148  0.000207712
8.19152  0.000201223
8.20149  0.000210645
8.21183  0.000199109
8.22173  0.000204245
8.23188  0.000206078
8.24208  0.000197444
8.25209  0.000196345
8.26216  0.000204762
8.27236  0.000194215
8.28243  0.000191769
8.29238  0.000201027
8.30303  0.000206117
8.31342  0.000193623
8.32356  0.00019395
8.33428  0.000207091
8.3448  0.000186244
8.35455  0.000190434
8.36496  0.000187634
8.37495  0.000181641
8.38492  0.000188291
8.39509  0.000184425
8.40524  0.000179019
8.41514  0.00018451
8.42539  0.000180294
8.43541  0.000176491
8.44535  0.000183003
8.45568  0.000177082
8.46572  0.000174043
8.47575  0.000183297
8.48604  0.000170986
8.49601  0.000168969
8.50607  0.000180382
8.51625  0.00016866
8.52632  0.000169735
8.53631  0.000169408
8.54653  0.000170993
8.55658  0.000163639
8.56658  0.000173094
8.57681  0.00016099
8.58698  0.000164219
8.59692  0.000167683
8.60714  0.000162318
8.61711  0.000158421
8.62725  0.000165789
8.63742  0.000154888
8.6474  0.000158696
8.65751  0.000163958
8.66776  0.000154293
8.67793  0.000157013
8.68794  0.000156816
8.69815  0.000154217
8.70825  0.000152179
8.71829  0.000154449
8.72841  0.00015022
8.73851  0.000148115
8.74859  0.000151988
8.75871  0.000147333
8.76878  0.000148131
8.77883  0.000149979
8.78906  0.000142943
8.79921  0.000146681
8.8093  0.000146838
8.81938  0.000140741
8.82949  0.000141897
8.83957  0.000144126
8.84977  0.000136748
8.85957  0.000140189
8.86985  0.000143037
8.87991  0.000133863
8.89006  0.000137738
8.90057  0.000150582
8.91114  0.000134496
8.92132  0.000136976
8.93137  0.000128152
8.94138  0.000136288
8.9522  0.000147406
8.96278  0.000132105
8.97305  0.000127489
8.98297  0.00013124
8.99319  0.000129781
9.00338  0.000125811
9.0134  0.00012757
9.02346  0.000127097
9.03356  0.000123611
9.0437  0.000125602
9.05381  0.000121846
9.06391  0.000124071
9.07392  0.000121217
9.08404  0.000123807
9.09425  0.000117359
9.10431  0.00012185
9.11444  0.000119109
9.12446  0.000115518
9.13442  0.000117925
9.14465  0.000117361
9.15478  0.000116618
9.16501  0.000118374
9.17505  0.000112011
9.18512  0.000112554
9.19512  0.00011143
9.20519  0.000114604
9.2154  0.000109318
9.22545  0.000110828
9.23558  0.000111979
9.2457  0.000106482
9.25561  0.000107622
9.26584  0.000109108
9.27594  0.000106496
9.28608  0.000108957
9.29623  0.000105173
9.30631  0.000100805
9.31637  0.00010608
9.3268  0.000114239
9.33746  0.000101655
9.34747  9.78779e-05
9.35753  0.000105358
9.36791  0.000100014
9.37774  9.82485e-05
9.3878  0.0001005
9.39822  9.8243e-05
9.40812  9.59106e-05
9.41813  0.000100946
9.42832  9.25258e-05
9.43841  9.78067e-05
9.44845  9.70008e-05
9.45879  9.22893e-05
9.46868  9.31263e-05
9.4788  9.4865e-05
9.489  9.03206e-05
9.49893  9.24615e-05
9.50902  9.29123e-05
9.51944  8.99343e-05
9.52935  8.98253e-05
9.53947  9.18991e-05
9.54969  8.50557e-05
9.55978  8.9255e-05
9.56984  8.97849e-05
9.58011  8.63454e-05
9.59007  8.58646e-05
9.60059  9.31296e-05
9.61143  8.47325e-05
9.62128  8.37429e-05
9.63129  8.58489e-05
9.64166  8.25434e-05
9.65158  7.95394e-05
9.66175  8.54692e-05
9.67187  8.00708e-05
9.68183  8.03435e-05
9.69201  8.0995e-05
9.70224  7.9639e-05
9.71226  7.80679e-05
9.72232  7.82338e-05
9.73246  7.74427e-05
9.74247  7.76297e-05
9.75246  7.81423e-05
9.76297  7.64835e-05
9.77282  7.24011e-05
9.783  7.96705e-05
9.79321  7.32999e-05
9.80327  7.31711e-05
9.81341  7.49013e-05
9.82369  7.28183e-05
9.83354  7.16935e-05
9.84383  7.336e-05
9.85397  6.93593e-05
9.86415  7.25048e-05
9.87442  7.32473e-05
9.88479  6.87458e-05
9.8946  6.77126e-05
9.90473  6.91548e-05
9.91489  6.78672e-05
9.92514  6.82969e-05
9.93509  6.79956e-05
9.9453  6.53378e-05
9.95527  6.59672e-05
9.96543  6.62837e-05
9.97557  6.46374e-05
9.98555  6.35845e-05
9.99611  7.28131e-05
10.007  6.36483e-05
10.0168  6.11836e-05
10.027  6.21987e-05
10.0372  6.27634e-05
10.0472  6.44042e-05
10.0575  6.00849e-05
10.0675  5.89905e-05
10.0776  6.26417e-05
10.0879  5.90424e-05
10.098  5.95424e-05
10.1083  6.21296e-05
10.1189  6.00109e-05
10.129  5.58473e-05
10.1389  5.94613e-05
10.1493  5.73682e-05
10.1594  5.58247e-05
10.1693  5.64098e-05
10.1797  5.60361e-05
10.1897  5.40996e-05
10.1997  5.70686e-05
10.2102  5.51458e-05
10.2204  5.19149e-05
10.2302  5.48132e-05
10.2406  5.47448e-05
10.2508  5.2025e-05
10.2607  5.24492e-05
10.271  5.19233e-05
10.2811  4.86306e-05
10.2909  5.34314e-05
10.3014  5.26519e-05
10.3114  4.77979e-05
10.3214  5.03943e-05
10.3318  5.02447e-05
10.3419  4.93823e-05
10.3519  4.87124e-05
10.3621  4.8283e-05
10.3723  4.60108e-05
10.3821  4.81755e-05
10.3924  4.89082e-05
10.4031  4.97169e-05
10.4136  4.5982e-05
10.4242  5.08037e-05
10.435  4.6108e-05
10.4449  4.43716e-05
10.4557  5.10579e-05
10.4666  4.33881e-05
10.4766  4.61437e-05
10.4874  4.64003e-05
10.4979  4.36236e-05
10.5078  4.27972e-05
10.518  4.28868e-05
10.5283  4.11308e-05
10.5383  4.16076e-05
10.5481  4.24886e-05
10.5587  4.2061e-05
10.5686  3.94698e-05
10.5789  4.14057e-05
10.589  3.88346e-05
10.5991  4.20049e-05
10.6093  4.01007e-05
10.6194  3.67416e-05
10.6293  3.91747e-05
10.6396  4.0076e-05
10.65  3.81997e-05
10.6599  3.7475e-05
10.6705  4.17e-05
10.6815  3.75583e-05
10.6915  3.74613e-05
10.7017  3.68813e-05
10.7122  3.59977e-05
10.722  3.58745e-05
10.732  3.65313e-05
10.7424  3.35789e-05
10.7526  3.612e-05
10.7625  3.48755e-05
10.7727  3.43942e-05
10.7829  3.38839e-05
10.7928  3.35127e-05
10.8031  3.4061e-05
10.8132  3.35956e-05
10.8236  3.48276e-05
10.8345  3.29986e-05
10.8452  3.63822e-05
10.8555  3.19398e-05
10.8657  3.1713e-05
10.8759  3.15377e-05
10.8861  3.11235e-05
10.8961  2.93517e-05
10.9062  3.26367e-05
10.9169  3.27405e-05
10.9275  2.96506e-05
10.9376  2.99029e-05
10.9479  3.0644e-05
10.9581  2.89254e-05
10.968  2.88698e-05
10.9782  2.94393e-05
10.9885  2.91514e-05
10.9986  2.66744e-05
11.0085  2.87525e-05
11.019  2.81524e-05
11.0292  2.94559e-05
11.0394  2.6374e-05
11.0497  2.6221e-05
11.0596  2.71407e-05
11.0696  2.81743e-05
11.0803  2.49953e-05
11.0901  2.59024e-05
11.1003  2.68527e-05
11.1105  2.56999e-05
11.1207  2.50102e-05
11.1309  2.57761e-05
11.1416  2.70872e-05
11.1522  2.59573e-05
11.1624  2.34807e-05
11.1724  2.44362e-05
11.1827  2.42524e-05
11.1925  2.2889e-05
11.2028  2.36678e-05
11.2131  2.41461e-05
11.2231  2.3898e-05
11.2338  2.38424e-05
11.2443  2.31181e-05
11.2544  2.15301e-05
11.2646  2.37695e-05
11.2749  2.25039e-05
11.285  2.23655e-05
11.2955  2.09797e-05
11.3055  2.17163e-05
11.3156  2.09074e-05
11.3257  2.20687e-05
11.336  2.09747e-05
11.3468  2.2708e-05
11.3574  2.07361e-05
11.3676  2.07377e-05
11.3779  1.93554e-05
11.3882  2.0834e-05
11.3987  2.09507e-05
11.4092  2.02081e-05
11.4195  1.944e-05
11.4295  1.81644e-05
11.4398  1.92376e-05
11.4497  1.94201e-05
11.4602  1.95027e-05
11.4706  1.80214e-05
11.4808  1.9149e-05
11.4911  1.76108e-05
11.5012  1.75064e-05
11.5115  1.88433e-05
11.5216  1.79283e-05
11.532  1.72223e-05
11.5421  1.66141e-05
11.5519  1.66023e-05
11.5623  1.73071e-05
11.5722  1.72481e-05
11.5825  1.64096e-05
11.5929  1.69841e-05
11.603  1.61753e-05
11.6134  1.62492e-05
11.6238  1.59121e-05
11.6338  1.62565e-05
11.6442  1.62535e-05
11.6545  1.48071e-05
11.6644  1.55465e-05
11.6743  1.48916e-05
11.6846  1.55027e-05
11.695  1.47508e-05
11.7048  1.46961e-05
11.7155  1.5359e-05
11.7253  1.352e-05
11.7354  1.4637e-05
11.7459  1.46674e-05
11.7559  1.33662e-05
11.7659  1.41062e-05
11.7765  1.44899e-05
11.7863  1.35247e-05
11.7963  1.32622e-05
11.8071  1.35497e-05
11.8173  1.31263e-05
11.827  1.40533e-05
11.8375  1.25312e-05
11.8477  1.23322e-05
11.8577  1.28986e-05
11.8683  1.30571e-05
11.8783  1.20766e-05
11.8882  1.28145e-05
11.8988  1.22616e-05
11.9092  1.19119e-05
11.9192  1.16524e-05
11.9293  1.21216e-05
11.9397  1.25771e-05
11.9496  1.08351e-05
11.9598  1.15495e-05
11.9706  1.23753e-05
11.9804  1.08484e-05
11.9909  1.08476e-05
12.001  1.12907e-05
12.011  1.0964e-05
12.0215  1.07364e-05
12.0317  1.06787e-05
12.0414  1.02597e-05
12.0519  1.06574e-05
12.0621  1.07433e-05
12.0724  1.01965e-05
12.0824  1.03691e-05
12.0927  9.80377e-06
12.1027  9.4376e-06
12.1133  1.00684e-05
12.1232  1.01371e-05
12.1333  9.94242e-06
12.1438  9.12233e-06
12.1539  9.72859e-06
12.164  9.56759e-06
12.1745  8.9366e-06
12.1848  9.14619e-06
12.195  9.10112e-06
12.205  9.57744e-06
12.2157  8.70322e-06
12.2257  8.70379e-06
12.2364  8.83296e-06
12.2466  9.10199e-06
12.2568  8.47343e-06
12.267  8.09345e-06
12.2773  8.54111e-06
12.2875  8.45226e-06
12.2979  7.80916e-06
12.3082  8.78291e-06
12.3185  7.68213e-06
12.3287  8.1077e-06
12.339  7.71516e-06
12.3488  7.47039e-06
12.359  7.39676e-06
12.3695  8.11501e-06
12.3796  7.36388e-06
12.3897  8.05445e-06
12.4002  6.76417e-06
12.4102  6.99326e-06
12.4208  7.57361e-06
12.4308  7.49017e-06
12.4413  7.07872e-06
12.4518  6.81192e-06
12.4619  6.94082e-06
12.472  6.34454e-06
12.4823  6.96186e-06
12.4932  7.72459e-06
12.5038  6.3962e-06
12.5141  6.72078e-06
12.5251  6.15022e-06
12.535  6.08835e-06
12.545  7.11133e-06
12.5557  5.99873e-06
12.566  6.08431e-06
12.576  6.13724e-06
12.5866  6.13868e-06
12.5973  5.81144e-06
12.6067  5.71004e-06
12.6174  6.39843e-06
12.6276  5.54309e-06
12.6376  6.11202e-06
12.6488  5.51255e-06
12.6591  5.34572e-06
12.6682  5.43483e-06
12.6795  5.6803e-06
12.6897  5.7503e-06
12.7  5.12452e-06
12.7102  5.04541e-06
12.721  5.2251e-06
12.7309  5.13679e-06
12.741  4.92883e-06
12.7513  5.48906e-06
12.762  5.12397e-06
12.7719  4.64565e-06
12.7829  5.06276e-06
12.7923  4.65006e-06
12.8031  5.25373e-06
12.8133  4.48111e-06
12.8235  4.08813e-06
12.8341  4.66705e-06
12.8444  4.99291e-06
12.8544  4.43128e-06
12.865  4.63378e-06
12.8751  4.12662e-06
12.8855  4.48916e-06
12.8958  3.98825e-06
12.9065  4.32224e-06
12.9166  4.41577e-06
12.9268  3.9171e-06
12.9375  4.27363e-06
12.9477  4.2053e-06
12.9579  4.12728e-06
12.9688  3.88308e-06
12.9792  4.06154e-06
12.9899  3.97676e-06
13.0002  3.9687e-06
13.0109  3.79606e-06
13.0211  3.53554e-06
13.0319  4.03078e-06
13.0421  3.53112e-06
13.0521  3.66965e-06
13.0626  3.43848e-06
13.0729  3.59123e-06
13.0835  3.36788e-06
13.0945  3.39828e-06
13.1043  3.7275e-06
13.1149  3.29503e-06
13.1255  3.36331e-06
13.1361  3.68962e-06
13.1467  2.84535e-06
13.1566  3.23023e-06
13.1672  3.28034e-06
13.1778  3.08279e-06
13.188  3.15936e-06
13.1985  3.12303e-06
13.2097  2.81758e-06
13.2198  3.43502e-06
13.2299  2.77352e-06
13.2406  2.73356e-06
13.2514  3.2139e-06
13.2615  2.74497e-06
13.2721  2.65496e-06
13.2827  3.11745e-06
13.2935  2.71755e-06
13.3034  2.5218e-06
13.3138  2.71823e-06
13.3242  2.64249e-06
13.335  2.61333e-06
13.3454  2.7545e-06
13.3557  2.5056e-06
13.3664  2.51535e-06
13.3765  2.41778e-06
13.3866  1.98352e-06
13.3976  2.63578e-06
13.4078  2.64369e-06
13.4179  2.56202e-06
13.4291  2.27283e-06
13.4399  2.13171e-06
13.4499  2.32668e-06
13.4607  2.38809e-06
13.4716  2.23653e-06
13.4815  2.30261e-06
13.4924  2.14151e-06
13.5033  2.22346e-06
13.5138  2.2611e-06
13.5245  2.00819e-06
13.5347  1.96845e-06
13.5454  1.95366e-06
13.5555  2.09849e-06
13.5664  2.11355e-06
13.5776  1.65808e-06
13.5874  1.98378e-06
13.598  2.26993e-06
13.6086  1.95447e-06
13.6194  1.84598e-06
13.6306  1.60402e-06
13.6405  1.79822e-06
13.6513  2.03124e-06
13.662  1.8662e-06
13.6723  1.59195e-06
13.6826  1.77428e-06
13.6932  1.66872e-06
13.7045  1.65517e-06
13.7151  1.83989e-06
13.7255  1.70821e-06
13.736  1.29075e-06
13.7457  1.41325e-06
13.7558  1.76209e-06
13.7672  1.5908e-06
13.7778  1.6877e-06
13.7877  1.61619e-06
13.7985  1.11357e-06
13.8091  1.56509e-06
13.8204  1.64524e-06
13.8308  1.43072e-06
13.8413  1.49724e-06
13.852  1.36081e-06
13.8628  1.45301e-06
13.8735  1.34723e-06
13.884  1.2515e-06
13.8944  1.35217e-06
13.9057  1.60418e-06
13.9158  1.02876e-06
13.9276  1.41977e-06
13.9386  1.35559e-06
13.9482  1.06505e-06
13.9583  1.12533e-06
13.969  1.33484e-06
13.9789  1.12038e-06
13.9892  1.23837e-06
14.0001  8.99747e-07
14.0097  1.06581e-06
14.0202  1.35234e-06
14.0315  1.12024e-06
14.0426  1.09048e-06
14.0522  1.1133e-06
14.0637  1.14847e-06
14.0742  1.01338e-06
14.0847  1.0815e-06
14.0955  1.00323e-06
14.1063  9.43814e-07
14.1168  1.03456e-06
14.1271  1.09808e-06
14.1382  9.60582e-07
14.1483  9.16783e-07
14.1589  1.05355e-06
14.17  9.26771e-07
14.1815  8.12874e-07
14.1917  9.43301e-07
14.2024  1.00558e-06
14.2138  8.69654e-07
14.2244  8.84731e-07
14.2346  8.21761e-07
14.2455  9.80325e-07
14.2561  6.55797e-07
14.266  8.62856e-07
14.277  8.26536e-07
14.2871  8.03321e-07
14.2984  6.30415e-07
14.3097  9.98376e-07
14.3205  7.26103e-07
14.3298  7.91245e-07
14.342  9.78554e-07
14.3528  6.19132e-07
14.3636  5.45576e-07
14.3727  6.06684e-07
14.3834  7.57156e-07
14.3939  7.32186e-07
14.4039  6.73469e-07
14.4141  6.58888e-07
14.4242  5.51666e-07
14.4341  7.48969e-07
14.4457  6.92759e-07
14.4565  5.70138e-07
14.4669  6.04056e-07
14.4766  6.64555e-07
14.4889  6.44577e-07
14.499  5.83556e-07
14.5101  6.4931e-07
14.5199  6.03159e-07
14.5316  6.05181e-07
14.5406  4.80025e-07
14.5522  5.70986e-07
14.5633  4.81851e-07
14.5739  6.08206e-07
14.5835  5.90283e-07
14.595  5.13718e-07
14.6052  4.33625e-07
14.6162  6.53472e-07
14.6277  5.59764e-07
14.6373  4.52452e-07
14.649  4.47923e-07
14.659  4.89262e-07
14.6696  3.02076e-07
14.6791  5.88125e-07
14.6911  5.67355e-07
14.7019  4.77729e-07
14.7123  3.80421e-07
14.7231  4.41241e-07
14.7348  4.37376e-07
14.7452  4.09111e-07
14.7559  5.25163e-07
14.7659  4.26548e-07
14.7773  4.21973e-07
14.7872  2.40216e-07
14.7977  4.6268e-07
14.8087  4.62519e-07
14.8181  3.4099e-07
14.8296  3.72714e-07
14.8399  3.12261e-07
14.8499  4.11411e-07
14.8604  3.33054e-07
14.8732  4.71059e-07
14.8842  3.44794e-07
14.8934  3.15977e-07
14.9048  3.46013e-07
14.9146  3.09091e-07
14.925  3.07603e-07
14.9355  3.84747e-07
14.9467  2.88622e-07
14.9568  3.84621e-07
14.9671  2.48939e-07
14.9785  2.90927e-07
14.9888  3.02063e-07
14.9984  3.52803e-07
15.0101  3.04563e-07
15.0206  1.93743e-07
15.0304  3.60869e-07
15.0421  2.77216e-07
15.053  2.7196e-07
15.063  2.52403e-07
15.0735  3.06117e-07
15.0845  2.4302e-07
15.0961  2.30469e-07
15.1054  2.30861e-07
15.1151  2.53827e-07
15.1257  2.80829e-07
15.1367  2.81832e-07
15.1476  2.89723e-07
15.1589  1.76328e-07
15.1685  2.29053e-07
15.1804  2.94416e-07
15.1918  2.31399e-07
15.2019  1.52488e-07
15.213  2.22447e-07
15.2241  2.36089e-07
15.2339  2.26339e-07
15.245  2.45144e-07
15.2549  1.93361e-07
15.2641  1.88795e-07
15.2751  1.51212e-07
15.286  2.20764e-07
15.2962  1.6877e-07
15.3074  2.31341e-07
15.3187  1.64448e-07
15.3296  2.50513e-07
15.3408  2.08612e-07
15.3522  1.5114e-07
15.3644  1.30795e-07
15.3746  2.10121e-07
15.3865  1.88638e-07
15.3967  1.3495e-07
15.408  2.29247e-07
15.4194  1.84775e-07
15.4293  1.36414e-07
15.4406  1.54629e-07
15.4504  1.32204e-07
15.4616  1.37944e-07
15.472  1.52429e-07
15.4858  1.77739e-07
15.4969  1.73031e-07
15.5063  1.2873e-07
15.5172  1.30737e-07
15.5267  1.18103e-07
15.5391  1.62449e-07
15.5498  1.40679e-07
15.5609  1.81769e-07
15.5706  8.25293e-08
15.5821  6.46146e-08
15.5918  1.2862e-07
15.6031  1.97932e-07
15.6121  1.17019e-07
15.6231  1.20412e-07
15.6345  1.52424e-07
15.646  6.72854e-08
15.6561  8.37122e-08
15.6685  1.41309e-07
15.6782  9.26851e-08
15.688  1.18519e-07
15.7012  1.20331e-07
15.7124  7.86451e-08
15.7228  1.26709e-07
15.7323  1.08123e-07
15.7447  1.23627e-07
15.7545  6.7458e-08
15.7647  6.04147e-08
15.777  1.12022e-07
15.7897  1.36753e-07
15.7993  9.08308e-08
15.8116  1.21387e-07
15.8234  8.6135e-08
15.8338  6.65887e-08
15.8436  9.10481e-08
15.8559  7.3399e-08
15.8681  1.04014e-07
15.8785  7.9217e-08
15.8904  8.11503e-08
15.901  7.64472e-08
15.9119  9.27903e-08
15.9233  5.29196e-08
15.936  8.29294e-08
15.9466  6.56123e-08
15.9581  8.13308e-08
15.9699  9.71335e-08
15.9793  8.90887e-08
15.9924  5.52159e-08
16.0018  6.32705e-08
16.0157  7.70449e-08
16.0294  6.03006e-08
16.0388  2.732e-08
16.0478  6.95561e-08
16.0581  8.08392e-08
16.0706  5.0852e-08
16.0795  2.8675e-08
16.0898  6.78272e-08
16.0999  8.25422e-08
16.1132  5.64403e-08
16.1231  5.75334e-08
16.1352  6.25645e-08
16.1494  4.7292e-08
16.1583  5.30043e-08
16.1685  5.96629e-08
16.1806  3.35063e-08
16.1945  3.58248e-08
16.2027  5.76424e-08
16.2144  7.90834e-08
16.2256  3.37153e-08
16.2384  7.65287e-08
16.2473  3.39653e-08
16.2596  4.85131e-08
16.2718  2.55183e-08
16.2816  6.62433e-08
16.2933  2.06205e-08
16.3054  3.06849e-08
16.3143  5.73534e-08
16.3274  2.80415e-08
16.3384  5.23482e-08
16.3499  4.07534e-08
16.3598  3.80907e-08
16.372  3.31531e-08
16.3801  2.15955e-08
16.3922  2.5046e-08
16.4035  5.44586e-08
16.4165  2.96923e-08
16.4286  5.25014e-08
16.44  2.62124e-08
16.4496  1.95324e-08
16.4606  4.26664e-08
16.473  4.06084e-08
16.4824  1.73829e-08
16.4932  4.14457e-08
16.5061  2.19632e-08
16.5158  3.26812e-08
16.5286  3.63605e-08
16.5387  3.28457e-08
16.5524  1.78994e-08
16.5646  9.55691e-09
16.5769  1.30243e-08
16.5868  5.37857e-08
16.5964  1.78168e-08
16.6089  3.12078e-08
16.6187  3.74133e-08
16.6314  2.53752e-08
16.6456  1.85125e-08
16.6577  2.1195e-08
16.6669  1.96464e-08
16.6795  2.76287e-08
16.6912  2.30352e-08
16.7039  2.35097e-08
16.7102  2.33575e-08
16.7242  2.34879e-08
16.7347  1.43979e-08
16.7484  8.4348e-09
16.7607  1.4518e-08
16.7667  1.13368e-08
16.7762  3.79753e-08
16.7886  7.04416e-09
16.8039  2.29567e-08
16.8136  2.96648e-08
16.8252  2.15094e-08
16.8429  2.01382e-08
16.8522  1.35216e-08
16.8635  1.09595e-08
16.8722  1.38945e-08
16.8854  1.71013e-08
16.8961  2.72621e-08
16.909  1.54493e-08
16.9236  8.22561e-09
16.9332  1.09119e-08
16.9438  5.62759e-09
16.9547  1.97825e-08
16.9634  2.12288e-08
16.9816  9.24439e-09
16.9901  1.57808e-08
17.004  1.53032e-08
17.017  3.40474e-09
17.0244  1.53542e-08
17.0364  1.96526e-08
17.0516  5.73099e-09
17.065  1.19762e-08
17.0735  1.04134e-08
17.0833  2.60017e-08
17.103  1.39725e-08
17.1188  1.1525e-08
17.1353  6.09166e-09
17.1477  1.37445e-08
17.163  5.82306e-09
17.1778  1.86595e-08
17.1899  1.3865e-08
17.2029  1.21808e-08
17.2173  4.85583e-09
17.2275  8.64038e-09
17.2405  8.75406e-09
17.2583  5.87374e-09
17.2701  1.10483e-08
17.287  8.08928e-09
17.2978  1.03783e-08
17.3072  1.01456e-08
17.3194  6.44158e-09
17.3338  1.79763e-08
17.3479  2.61683e-09
17.358  9.05727e-09
17.377  3.92164e-09
17.3892  7.0537e-09
17.4042  7.44096e-09
17.4228  6.59275e-09
17.4373  5.43117e-09
17.4533  8.375e-09
17.4589  8.95844e-09
17.4762  5.98408e-09
17.4951  8.14794e-09
17.506  4.98401e-09
17.5202  9.60801e-09
17.5377  8.11003e-10
17.5499  7.74004e-09
17.563  6.19507e-09
17.576  8.28977e-09
17.6018  4.66719e-09
17.6156  6.2032e-09
17.6318  1.69053e-09
17.6393  6.56709e-09
17.6723  1.32268e-09
17.6807  9.48089e-09
17.6937  7.03823e-09
17.7104  4.71587e-09
17.717  4.38909e-09
17.7355  3.83696e-09
17.7583  4.93786e-09
17.7758  6.8668e-10
17.7914  2.41536e-09
17.7975  7.5764e-09
17.8139  1.46349e-09
17.8257  5.26932e-09
17.8354  7.51461e-10
17.8568  4.32272e-10
17.8731  1.83368e-09
17.8821  4.15124e-09
17.8955  6.15359e-09
17.9106  1.77345e-09
17.9219  2.46675e-09
17.9357  1.78154e-09
17.9436  5.14524e-09
17.9699  2.34961e-09
17.9868  3.86969e-09
18.0151  5.70561e-09
18.0386  7.4678e-10
18.057  1.39203e-09
18.0684  4.17399e-09
18.0869  1.89242e-09
18.1083  3.99279e-09
18.1385  3.51641e-10
18.1611  2.28004e-09
18.1706  6.20686e-09
18.1865  6.94788e-10
18.1959  2.11014e-09
18.2443  3.91433e-10
18.2544  1.77629e-09
18.2872  2.70737e-09
18.2966  2.62042e-09
18.3233  2.29405e-09
18.3346  4.18541e-10
18.3453  1.31675e-09
18.3621  1.55767e-09
18.3871  2.64449e-09
18.4264  3.38863e-10
18.4392  3.28222e-09
18.4871  3.21174e-10
18.5048  2.12473e-09
18.533  2.54627e-10
18.5463  2.29415e-09
18.5585  1.31423e-09
18.5993  1.61051e-09
18.6235  3.31364e-10
18.6667  2.31355e-09
18.68  3.20771e-10
18.6984  3.82716e-10
18.7237  7.726e-10
18.7614  9.02992e-10
18.782  1.69505e-09
18.8112  1.23406e-09
18.8663  3.36046e-10
18.9011  4.59536e-10
18.9349  3.3152e-10
18.9578  3.04887e-10
18.9735  1.11248e-09
18.9997  1.21073e-09
19.0373  7.07535e-10
19.0542  3.31781e-10
19.1576  1.24053e-09
19.1732  2.22252e-10
19.2781  7.72855e-10
19.3739  8.3633e-10
19.4115  1.62913e-10
19.4237  2.85738e-10
19.5474  1.53523e-10
19.586  2.57589e-10
19.6498  6.55302e-10
19.7691  2.18991e-10
19.9864  1.93647e-10
20.024  2.26329e-10
20.2623  1.51731e-10
20.6365  1.0481e-10
