-20.7053  1.21769e-10
-20.3319  1.77413e-10
-20.0949  2.52277e-10
-20.0554  2.24126e-10
-19.8328  2.67183e-10
-19.7215  7.35116e-10
-19.6454  3.00586e-10
-19.6162  1.78363e-10
-19.4838  5.05203e-10
-19.445  9.28672e-10
-19.3456  8.81386e-10
-19.2428  2.59869e-10
-19.2219  1.44674e-09
-19.1146  3.865e-10
-19.1111  7.61495e-10
-19.0716  1.35304e-09
-19.035  1.24549e-09
-19.0174  3.50185e-10
-19.0058  3.69527e-10
-18.97  5.32638e-10
-18.9262  3.85444e-10
-18.873  1.37144e-09
-18.8473  1.98776e-09
-18.8346  9.61997e-10
-18.7951  8.5465e-10
-18.7588  4.40149e-10
-18.7392  1.50083e-09
-18.7314  1.43311e-09
-18.6834  3.79474e-10
-18.6616  1.81463e-09
-18.6324  1.07678e-09
-18.6103  3.25752e-09
-18.5724  2.03768e-09
-18.552  8.08749e-10
-18.5045  1.67444e-09
-18.4995  1.99814e-09
-18.4858  3.89152e-10
-18.461  2.83954e-09
-18.4247  1.69727e-09
-18.407  1.45101e-09
-18.3947  7.40007e-10
-18.3851  2.29243e-09
-18.3593  4.83648e-09
-18.3498  1.21458e-09
-18.3262  3.76115e-10
-18.3157  1.5971e-09
-18.3037  4.45228e-10
-18.2597  2.71168e-09
-18.2395  3.72946e-09
-18.2337  3.6034e-09
-18.2231  2.52426e-09
-18.1971  4.36916e-10
-18.1847  1.77064e-09
-18.1625  2.73284e-09
-18.147  2.63308e-09
-18.1314  4.23982e-09
-18.121  1.48454e-09
-18.1002  8.79482e-10
-18.0842  4.67984e-09
-18.073  1.57236e-09
-18.0506  4.2045e-09
-18.0318  2.62861e-09
-18.022  1.11542e-09
-17.9991  7.84289e-09
-17.9792  3.51914e-09
-17.9613  6.84616e-09
-17.9421  6.15289e-09
-17.9283  5.12941e-10
-17.9162  5.04427e-10
-17.8958  2.36107e-09
-17.8891  4.13969e-09
-17.8754  1.61247e-09
-17.8601  8.64836e-09
-17.8535  2.67906e-09
-17.8382  7.90499e-10
-17.8131  8.06433e-09
-17.7966  1.50307e-09
-17.7769  9.62197e-09
-17.772  3.57107e-10
-17.7565  8.19535e-09
-17.7447  8.25126e-09
-17.7375  3.5219e-09
-17.7158  1.55845e-09
-17.7025  5.63984e-09
-17.6933  1.84482e-09
-17.6739  6.86862e-09
-17.6646  3.39704e-09
-17.647  5.58818e-09
-17.6338  5.28062e-09
-17.6249  9.20418e-09
-17.6129  6.27576e-09
-17.5887  8.40154e-09
-17.5764  6.2159e-09
-17.5629  2.22438e-09
-17.5513  9.13589e-09
-17.5361  8.56037e-09
-17.5218  1.00505e-08
-17.5121  7.28439e-09
-17.4982  7.70053e-09
-17.4852  5.34104e-09
-17.4717  5.84794e-09
-17.4634  1.95793e-09
-17.4538  1.46742e-09
-17.4416  1.13989e-08
-17.423  7.70575e-09
-17.4121  5.05886e-09
-17.3992  9.23071e-09
-17.3867  1.68282e-08
-17.3691  1.61436e-08
-17.3527  1.25111e-08
-17.3452  5.85241e-09
-17.3322  1.12847e-08
-17.3159  8.69834e-09
-17.2995  5.8856e-09
-17.2854  9.9188e-09
-17.2732  8.66652e-09
-17.2637  6.23881e-09
-17.2496  2.55802e-08
-17.2407  1.36271e-08
-17.2264  5.7753e-09
-17.2094  7.33547e-09
-17.2016  1.11107e-08
-17.1856  4.35984e-09
-17.1755  1.46487e-08
-17.1644  1.43378e-08
-17.1485  1.52197e-08
-17.1427  1.42829e-08
-17.128  2.19143e-08
-17.1158  6.45781e-09
-17.1048  5.45129e-09
-17.0928  2.84101e-08
-17.0851  4.85134e-09
-17.0685  8.78713e-09
-17.0591  1.9737e-08
-17.0438  1.95708e-08
-17.0292  7.73485e-09
-17.0171  3.15005e-08
-17.0043  1.80145e-08
-16.9896  1.37641e-08
-16.9768  1.05148e-08
-16.9647  2.25181e-08
-16.9542  1.39453e-08
-16.941  2.16683e-08
-16.9269  1.88415e-08
-16.9182  1.14988e-08
-16.9063  1.97397e-08
-16.8968  1.5101e-08
-16.8843  2.53987e-08
-16.8721  4.68959e-08
-16.8535  1.06474e-08
-16.8431  1.05275e-08
-16.8319  4.02467e-08
-16.8219  1.34448e-08
-16.8134  1.72935e-08
-16.7994  1.08245e-08
-16.787  1.66929e-08
-16.7764  3.083e-08
-16.768  2.52196e-08
-16.7547  2.10006e-08
-16.7432  3.20295e-08
-16.7345  1.73578e-08
-16.7201  3.34681e-08
-16.7109  2.11771e-08
-16.6985  8.17811e-09
-16.6875  3.20237e-08
-16.6788  3.02844e-08
-16.6666  3.95713e-08
-16.6551  2.78603e-08
-16.6446  3.74247e-08
-16.6337  3.1577e-08
-16.6226  4.8704e-09
-16.6137  1.69502e-08
-16.5989  3.83509e-08
-16.5904  3.0807e-08
-16.5772  3.22207e-08
-16.5636  2.86123e-08
-16.5534  5.09575e-08
-16.5398  2.64996e-08
-16.5302  2.72725e-08
-16.5208  4.89758e-08
-16.5119  3.62e-08
-16.4977  3.78155e-08
-16.4878  2.28897e-08
-16.4775  4.32943e-08
-16.4659  2.38994e-08
-16.457  5.78852e-08
-16.448  2.20607e-08
-16.4345  4.34243e-08
-16.4213  2.75448e-08
-16.4112  4.16308e-08
-16.4011  5.80626e-08
-16.3894  3.95352e-08
-16.3766  4.84397e-08
-16.3675  5.04321e-08
-16.3541  3.96193e-08
-16.3435  2.19906e-08
-16.3314  6.92977e-08
-16.3195  3.35802e-08
-16.3109  4.96606e-08
-16.2998  5.36615e-08
-16.2905  4.56585e-08
-16.2777  6.29992e-08
-16.2677  8.36337e-08
-16.2567  3.76143e-08
-16.2455  5.84684e-08
-16.2326  4.24966e-08
-16.2217  6.06529e-08
-16.2111  4.42541e-08
-16.202  4.42687e-08
-16.1867  9.01595e-08
-16.1758  5.86671e-08
-16.1657  5.55768e-08
-16.1559  8.89588e-08
-16.1448  5.46414e-08
-16.132  6.50515e-08
-16.1235  4.8511e-08
-16.1112  6.66577e-08
-16.1016  7.77905e-08
-16.0913  5.39743e-08
-16.0802  5.81969e-08
-16.0696  6.42159e-08
-16.0572  7.71615e-08
-16.047  6.51947e-08
-16.0364  5.26851e-08
-16.0258  1.4202e-07
-16.0159  6.43747e-08
-16.0038  8.86769e-08
-15.9938  5.11068e-08
-15.9819  8.44957e-08
-15.9697  8.48794e-08
-15.9596  7.5416e-08
-15.9494  9.94448e-08
-15.9396  7.03873e-08
-15.9271  1.1705e-07
-15.914  6.80925e-08
-15.9035  1.20344e-07
-15.8936  6.80751e-08
-15.8828  9.46371e-08
-15.8704  1.06115e-07
-15.8613  9.79946e-08
-15.8492  1.24663e-07
-15.8378  1.25835e-07
-15.8275  9.39858e-08
-15.8155  4.36273e-08
-15.8054  1.35073e-07
-15.7961  1.1608e-07
-15.7825  1.55359e-07
-15.7717  8.10123e-08
-15.7617  1.21824e-07
-15.7499  1.08864e-07
-15.741  1.29383e-07
-15.7278  1.23005e-07
-15.7181  1.04358e-07
-15.7062  8.33426e-08
-15.6981  9.62585e-08
-15.686  1.53012e-07
-15.6763  1.41089e-07
-15.6648  1.54819e-07
-15.6548  1.93068e-07
-15.6432  1.23429e-07
-15.632  6.24702e-08
-15.6209  1.57372e-07
-15.6098  1.70915e-07
-15.6003  1.62176e-07
-15.5901  1.12962e-07
-15.5788  1.59585e-07
-15.5689  1.14262e-07
-15.5581  1.82827e-07
-15.5481  1.69319e-07
-15.5365  1.35559e-07
-15.5256  1.81614e-07
-15.5165  1.53176e-07
-15.506  1.40418e-07
-15.4944  1.60359e-07
-15.4848  1.27161e-07
-15.4736  1.92895e-07
-15.4637  2.07019e-07
-15.4535  1.61142e-07
-15.4424  1.98644e-07
-15.4321  1.86617e-07
-15.422  1.67254e-07
-15.4117  1.64142e-07
-15.3995  1.96381e-07
-15.3892  2.18516e-07
-15.3788  1.86632e-07
-15.3689  2.33385e-07
-15.3578  1.85676e-07
-15.3458  2.16391e-07
-15.3347  2.50379e-07
-15.3253  1.49973e-07
-15.3146  2.06595e-07
-15.3038  2.64111e-07
-15.2936  2.51142e-07
-15.2825  2.70256e-07
-15.2715  1.99534e-07
-15.2607  2.11598e-07
-15.2507  1.95918e-07
-15.2405  2.75778e-07
-15.2293  2.98743e-07
-15.2182  1.97692e-07
-15.2082  2.43315e-07
-15.1973  2.57243e-07
-15.187  3.02665e-07
-15.1764  3.27822e-07
-15.166  2.07603e-07
-15.1544  3.48167e-07
-15.1432  2.95085e-07
-15.1326  2.659e-07
-15.1213  1.94421e-07
-15.1119  3.76685e-07
-15.1004  2.78703e-07
-15.0894  3.50973e-07
-15.0789  2.72774e-07
-15.0689  2.88557e-07
-15.0565  3.51411e-07
-15.0467  3.64067e-07
-15.0354  3.27411e-07
-15.0251  3.19504e-07
-15.0144  3.32211e-07
-15.0059  2.50371e-07
-14.994  3.79963e-07
-14.9836  4.06199e-07
-14.9709  3.44511e-07
-14.9619  3.62184e-07
-14.9511  3.98409e-07
-14.9406  3.30016e-07
-14.9303  4.64941e-07
-14.9196  2.83808e-07
-14.9094  4.3794e-07
-14.8994  3.05457e-07
-14.8883  4.48175e-07
-14.8777  3.37284e-07
-14.8667  5.64393e-07
-14.8569  3.5645e-07
-14.8452  4.58149e-07
-14.8342  3.694e-07
-14.8246  4.30566e-07
-14.8132  4.74708e-07
-14.8032  5.3352e-07
-14.7909  5.22037e-07
-14.78  4.25591e-07
-14.7701  4.2176e-07
-14.7599  4.48488e-07
-14.7482  5.19465e-07
-14.7384  5.67198e-07
-14.7277  4.81212e-07
-14.7168  4.8474e-07
-14.7071  4.70402e-07
-14.6956  4.59719e-07
-14.6858  5.91352e-07
-14.6754  6.30708e-07
-14.6646  4.56273e-07
-14.6538  6.0784e-07
-14.6422  6.32367e-07
-14.6319  5.16292e-07
-14.6207  6.14143e-07
-14.6114  5.99946e-07
-14.6004  4.31478e-07
-14.589  7.01824e-07
-14.5797  6.14549e-07
-14.5686  6.16132e-07
-14.5588  5.38563e-07
-14.5483  7.54318e-07
-14.538  5.63254e-07
-14.528  6.73366e-07
-14.5176  7.13215e-07
-14.5058  6.31448e-07
-14.4954  6.37356e-07
-14.4856  8.64353e-07
-14.4745  4.81173e-07
-14.4637  8.87187e-07
-14.4534  7.16475e-07
-14.4419  8.61782e-07
-14.4316  6.66144e-07
-14.421  7.9613e-07
-14.4095  6.04576e-07
-14.3993  8.51644e-07
-14.3895  6.37042e-07
-14.3792  9.4583e-07
-14.3684  9.173e-07
-14.3579  8.53565e-07
-14.3471  5.27009e-07
-14.3379  9.45339e-07
-14.326  9.44451e-07
-14.3158  8.32641e-07
-14.3051  8.35471e-07
-14.2957  8.93133e-07
-14.2849  7.74686e-07
-14.2747  1.09019e-06
-14.263  9.63916e-07
-14.2525  8.98354e-07
-14.2412  1.1133e-06
-14.2311  8.31712e-07
-14.2194  1.07905e-06
-14.2097  9.71126e-07
-14.1986  1.01681e-06
-14.1873  1.04531e-06
-14.1764  1.2344e-06
-14.1662  9.53015e-07
-14.1551  1.21431e-06
-14.1451  8.30973e-07
-14.1353  1.04957e-06
-14.1237  1.29699e-06
-14.1129  1.33584e-06
-14.1011  1.07692e-06
-14.0911  1.05651e-06
-14.0801  1.38858e-06
-14.0694  1.17962e-06
-14.0592  1.0549e-06
-14.0493  1.3174e-06
-14.0381  1.12949e-06
-14.0274  1.38092e-06
-14.0166  1.3424e-06
-14.0054  1.30352e-06
-13.9949  1.40017e-06
-13.9848  1.17771e-06
-13.9739  1.41254e-06
-13.9631  1.33411e-06
-13.9528  1.50834e-06
-13.9422  1.21497e-06
-13.9315  1.49568e-06
-13.9211  1.55657e-06
-13.9103  1.24456e-06
-13.8991  1.63078e-06
-13.8895  1.44961e-06
-13.878  1.77537e-06
-13.8676  1.52196e-06
-13.8576  1.32685e-06
-13.8472  1.45347e-06
-13.8363  1.76514e-06
-13.8259  1.74504e-06
-13.8153  1.60809e-06
-13.805  1.65903e-06
-13.7946  1.72585e-06
-13.7839  1.38066e-06
-13.7726  2.15497e-06
-13.762  1.63399e-06
-13.7509  1.78892e-06
-13.7412  1.7437e-06
-13.731  1.69975e-06
-13.72  1.71508e-06
-13.7101  2.16546e-06
-13.6996  1.81532e-06
-13.6887  1.95754e-06
-13.6786  1.70152e-06
-13.6688  1.79192e-06
-13.658  1.89692e-06
-13.6478  2.55448e-06
-13.6372  1.81573e-06
-13.6262  2.1588e-06
-13.6157  2.04263e-06
-13.6052  2.12405e-06
-13.5943  2.16416e-06
-13.5841  2.14888e-06
-13.5734  1.97315e-06
-13.5634  2.35879e-06
-13.5522  2.37235e-06
-13.5422  2.33556e-06
-13.53  2.31606e-06
-13.52  2.69736e-06
-13.5086  2.33561e-06
-13.4981  2.61643e-06
-13.4875  2.17883e-06
-13.4769  2.1786e-06
-13.4661  3.19249e-06
-13.4558  2.42846e-06
-13.4453  2.57309e-06
-13.4354  2.16283e-06
-13.4245  2.80296e-06
-13.4141  2.59045e-06
-13.403  2.77339e-06
-13.3931  2.76838e-06
-13.3821  2.90824e-06
-13.3717  2.27105e-06
-13.362  3.05152e-06
-13.3514  2.67026e-06
-13.3413  2.93108e-06
-13.3311  2.8798e-06
-13.3206  2.97387e-06
-13.3097  2.89768e-06
-13.3  3.0447e-06
-13.2893  3.0124e-06
-13.2787  3.01879e-06
-13.2682  3.64772e-06
-13.2577  2.68531e-06
-13.2473  3.30438e-06
-13.2371  3.45929e-06
-13.2262  3.03697e-06
-13.2158  3.39608e-06
-13.2058  3.40644e-06
-13.1953  3.2099e-06
-13.1847  3.62163e-06
-13.1745  3.41163e-06
-13.1637  3.51285e-06
-13.1531  3.71899e-06
-13.1433  3.81295e-06
-13.1326  3.46251e-06
-13.122  3.61718e-06
-13.1114  3.69084e-06
-13.1011  3.77653e-06
-13.0904  4.11322e-06
-13.0799  4.09228e-06
-13.0697  3.29637e-06
-13.0594  4.21999e-06
-13.0485  4.36668e-06
-13.0387  3.60159e-06
-13.0285  3.92256e-06
-13.0184  4.26136e-06
-13.0078  4.16754e-06
-12.9972  4.55139e-06
-12.9872  4.00949e-06
-12.9772  4.28979e-06
-12.9664  4.50277e-06
-12.9562  4.67465e-06
-12.9461  3.73462e-06
-12.9359  4.84371e-06
-12.9251  4.42576e-06
-12.9148  4.90361e-06
-12.9042  4.48501e-06
-12.894  5.14967e-06
-12.8838  4.86767e-06
-12.8736  4.43337e-06
-12.8627  4.70219e-06
-12.8531  5.09202e-06
-12.8418  5.32019e-06
-12.8314  5.65146e-06
-12.8207  4.68488e-06
-12.8107  5.14709e-06
-12.8004  5.47087e-06
-12.79  5.43042e-06
-12.7795  5.19721e-06
-12.7697  5.85871e-06
-12.7586  5.01198e-06
-12.749  5.46132e-06
-12.7382  5.7446e-06
-12.7285  5.65193e-06
-12.7179  5.31509e-06
-12.7081  6.4549e-06
-12.6972  5.48284e-06
-12.687  5.49363e-06
-12.6768  6.51113e-06
-12.6668  6.09194e-06
-12.6557  6.41235e-06
-12.6461  5.87352e-06
-12.6356  6.30616e-06
-12.6257  5.99121e-06
-12.615  6.81239e-06
-12.6051  5.93993e-06
-12.5946  6.85528e-06
-12.5844  7.19398e-06
-12.5739  6.42505e-06
-12.5636  5.67682e-06
-12.5535  7.79976e-06
-12.5432  6.76063e-06
-12.5325  7.18415e-06
-12.5225  7.16777e-06
-12.5121  7.14688e-06
-12.5019  6.29672e-06
-12.4917  8.04586e-06
-12.4812  7.35948e-06
-12.4711  7.27823e-06
-12.4608  7.66468e-06
-12.4507  7.4762e-06
-12.4398  7.04427e-06
-12.4301  9.05075e-06
-12.4198  7.47896e-06
-12.4094  7.71495e-06
-12.3991  8.48268e-06
-12.3887  8.21855e-06
-12.3779  8.15407e-06
-12.3679  8.42628e-06
-12.3573  8.14547e-06
-12.3476  8.81696e-06
-12.3371  8.25944e-06
-12.327  9.06987e-06
-12.3166  7.83936e-06
-12.3066  9.35798e-06
-12.296  9.21915e-06
-12.286  8.55809e-06
-12.276  8.92109e-06
-12.2658  9.29988e-06
-12.2551  9.25317e-06
-12.2452  9.8157e-06
-12.2348  9.1792e-06
-12.2246  9.60481e-06
-12.2144  9.32605e-06
-12.204  1.04405e-05
-12.1938  9.20325e-06
-12.1834  1.02671e-05
-12.1734  1.04054e-05
-12.1629  1.07386e-05
-12.1528  9.20988e-06
-12.1427  1.08316e-05
-12.1325  9.84102e-06
-12.1223  1.11633e-05
-12.1119  1.08381e-05
-12.1018  1.10439e-05
-12.0914  1.03218e-05
-12.0812  1.20505e-05
-12.0707  1.04119e-05
-12.0606  1.16207e-05
-12.0505  1.14441e-05
-12.0402  1.16111e-05
-12.0297  1.07746e-05
-12.0197  1.32453e-05
-12.0092  1.11666e-05
-11.999  1.16558e-05
-11.9888  1.26687e-05
-11.9787  1.21817e-05
-11.9686  1.19095e-05
-11.9581  1.40734e-05
-11.9474  1.13295e-05
-11.9376  1.26295e-05
-11.9274  1.3458e-05
-11.9173  1.3036e-05
-11.9068  1.25727e-05
-11.8969  1.3501e-05
-11.8866  1.29394e-05
-11.8764  1.36069e-05
-11.866  1.44019e-05
-11.8559  1.36625e-05
-11.8458  1.30198e-05
-11.8358  1.4408e-05
-11.8252  1.45995e-05
-11.8153  1.38597e-05
-11.8051  1.48722e-05
-11.7948  1.47687e-05
-11.7846  1.4403e-05
-11.7746  1.45852e-05
-11.7643  1.56248e-05
-11.7544  1.40037e-05
-11.7439  1.62638e-05
-11.7339  1.56546e-05
-11.7237  1.4441e-05
-11.7138  1.65269e-05
-11.703  1.67411e-05
-11.6931  1.52486e-05
-11.683  1.66852e-05
-11.6726  1.66636e-05
-11.6624  1.65779e-05
-11.6523  1.6329e-05
-11.6418  1.77475e-05
-11.6319  1.5837e-05
-11.6215  1.7466e-05
-11.6115  1.84802e-05
-11.6013  1.7051e-05
-11.5911  1.73306e-05
-11.5806  1.80701e-05
-11.5708  1.75963e-05
-11.5607  1.84337e-05
-11.5506  1.89212e-05
-11.5403  1.76804e-05
-11.5303  1.82983e-05
-11.5199  2.00607e-05
-11.5101  1.83151e-05
-11.4995  1.88693e-05
-11.4893  2.26249e-05
-11.4787  1.89438e-05
-11.4683  1.89615e-05
-11.4581  2.05211e-05
-11.4483  2.01702e-05
-11.438  2.03719e-05
-11.428  2.09852e-05
-11.4177  2.03247e-05
-11.4078  2.06265e-05
-11.3974  2.18015e-05
-11.3874  2.1009e-05
-11.3769  2.09372e-05
-11.3668  2.36301e-05
-11.3567  2.1689e-05
-11.3467  2.08866e-05
-11.3362  2.30411e-05
-11.3262  2.2838e-05
-11.3159  2.24717e-05
-11.3053  2.70259e-05
-11.2942  2.29436e-05
-11.2842  2.24552e-05
-11.2739  2.43408e-05
-11.2638  2.4709e-05
-11.2535  2.32205e-05
-11.2434  2.53249e-05
-11.2333  2.44812e-05
-11.2231  2.33532e-05
-11.213  2.58184e-05
-11.2028  2.58666e-05
-11.1924  2.47143e-05
-11.1825  2.64989e-05
-11.1721  2.59838e-05
-11.1621  2.4854e-05
-11.1518  2.78456e-05
-11.1417  2.66488e-05
-11.1313  2.68666e-05
-11.1214  2.60165e-05
-11.1112  2.89456e-05
-11.101  2.70135e-05
-11.0906  2.7774e-05
-11.0807  2.72034e-05
-11.0702  3.15469e-05
-11.0594  2.91547e-05
-11.0492  2.97933e-05
-11.039  2.71536e-05
-11.0289  3.02901e-05
-11.0186  3.01185e-05
-11.0081  3.21471e-05
-10.9976  2.89768e-05
-10.9874  3.27768e-05
-10.9773  2.88346e-05
-10.9671  3.1118e-05
-10.9569  3.16558e-05
-10.947  3.19703e-05
-10.9367  3.08804e-05
-10.9265  3.30317e-05
-10.9164  3.04738e-05
-10.9063  3.31764e-05
-10.8961  3.35284e-05
-10.8859  3.47911e-05
-10.8758  3.02313e-05
-10.8658  3.58999e-05
-10.8549  3.79631e-05
-10.8442  3.34532e-05
-10.834  3.45421e-05
-10.8241  3.57254e-05
-10.8138  3.3721e-05
-10.8038  3.82384e-05
-10.7936  3.44479e-05
-10.7836  3.49351e-05
-10.7733  3.76831e-05
-10.7633  3.77106e-05
-10.7531  3.51495e-05
-10.743  3.84789e-05
-10.7329  3.6926e-05
-10.7226  3.85681e-05
-10.7124  3.82535e-05
-10.702  4.26004e-05
-10.6915  3.79426e-05
-10.6812  4.18502e-05
-10.6707  4.13413e-05
-10.6601  3.99467e-05
-10.6499  4.06138e-05
-10.6399  4.18322e-05
-10.6298  3.93001e-05
-10.6197  4.30019e-05
-10.6095  4.04578e-05
-10.5993  4.24672e-05
-10.5894  4.17971e-05
-10.5793  4.31111e-05
-10.5694  4.17078e-05
-10.5591  4.50763e-05
-10.549  4.30641e-05
-10.5389  4.30232e-05
-10.5285  4.77955e-05
-10.5179  4.76334e-05
-10.5076  4.41099e-05
-10.4975  4.61438e-05
-10.4874  4.67327e-05
-10.4772  4.54382e-05
-10.4672  4.66341e-05
-10.4568  4.93474e-05
-10.4468  4.55431e-05
-10.4366  4.87026e-05
-10.4266  4.73308e-05
-10.4166  4.97981e-05
-10.4062  4.79839e-05
-10.3959  5.20671e-05
-10.386  4.81523e-05
-10.3759  5.14207e-05
-10.3658  4.79403e-05
-10.3557  5.33742e-05
-10.3455  5.05981e-05
-10.3353  5.40914e-05
-10.3252  5.13597e-05
-10.3151  5.30412e-05
-10.3047  5.24157e-05
-10.2948  5.55534e-05
-10.2845  5.17715e-05
-10.2744  5.75804e-05
-10.2643  5.27766e-05
-10.2543  5.55651e-05
-10.244  5.54704e-05
-10.234  5.75113e-05
-10.2238  5.45524e-05
-10.2137  5.92046e-05
-10.2036  5.52415e-05
-10.1937  5.91923e-05
-10.1832  5.83133e-05
-10.1733  6.06463e-05
-10.163  5.68987e-05
-10.1529  6.28411e-05
-10.1429  5.73204e-05
-10.1328  6.27912e-05
-10.1224  6.01114e-05
-10.1127  6.195e-05
-10.1023  5.90836e-05
-10.0923  6.54385e-05
-10.0822  6.38076e-05
-10.072  6.3914e-05
-10.0618  6.12061e-05
-10.0519  6.54205e-05
-10.0417  6.48438e-05
-10.0315  6.79022e-05
-10.0209  7.11105e-05
-10.0103  6.68632e-05
-9.99962  7.3069e-05
-9.98925  6.7018e-05
-9.97913  6.68335e-05
-9.96894  7.06444e-05
-9.9589  6.95182e-05
-9.94873  6.94784e-05
-9.93854  6.81146e-05
-9.92857  7.10184e-05
-9.91834  7.38165e-05
-9.90818  7.07794e-05
-9.89804  7.16638e-05
-9.88795  7.26021e-05
-9.87789  7.35767e-05
-9.86776  7.36754e-05
-9.85762  7.47257e-05
-9.84738  7.57488e-05
-9.83732  7.46737e-05
-9.82726  7.6525e-05
-9.81669  8.3558e-05
-9.80613  7.45931e-05
-9.79595  8.14466e-05
-9.78583  7.69731e-05
-9.77592  7.77171e-05
-9.76565  8.2278e-05
-9.75505  8.61755e-05
-9.74452  7.94603e-05
-9.73444  8.11999e-05
-9.72418  8.43247e-05
-9.71411  8.04435e-05
-9.70405  8.49707e-05
-9.69392  8.27825e-05
-9.68379  8.28675e-05
-9.67364  8.49386e-05
-9.66356  8.83223e-05
-9.65361  8.11212e-05
-9.64349  9.02623e-05
-9.63322  8.57858e-05
-9.62274  9.60661e-05
-9.61213  8.91875e-05
-9.60203  9.13179e-05
-9.59171  8.74714e-05
-9.58176  9.22396e-05
-9.57167  8.90916e-05
-9.5617  9.10323e-05
-9.55135  9.43386e-05
-9.54132  9.51535e-05
-9.53114  8.92895e-05
-9.52121  9.65687e-05
-9.51077  9.65839e-05
-9.50078  9.4106e-05
-9.49057  9.67547e-05
-9.4806  9.87326e-05
-9.46995  9.98924e-05
-9.45958  0.00010463
-9.44921  9.9679e-05
-9.43927  9.53832e-05
-9.42919  9.9836e-05
-9.41909  0.000105096
-9.40897  9.66585e-05
-9.39906  0.000105865
-9.38863  0.00010186
-9.37874  0.000103374
-9.36852  0.000104336
-9.35839  0.00011109
-9.34808  0.000100119
-9.33817  0.000107463
-9.32797  0.000110608
-9.31787  0.000107592
-9.30761  0.000106387
-9.29717  0.000122935
-9.28653  0.000108125
-9.27664  0.000111037
-9.26581  0.000124736
-9.25534  0.000108872
-9.24523  0.000114575
-9.23514  0.000115245
-9.22504  0.000113331
-9.21494  0.000114324
-9.2048  0.000121564
-9.19486  0.000109912
-9.1847  0.000120679
-9.17449  0.00012283
-9.16442  0.000115276
-9.15449  0.000120053
-9.1441  0.000125728
-9.1341  0.000116348
-9.12408  0.000125626
-9.11379  0.000124524
-9.1037  0.00012474
-9.09315  0.000132898
-9.0826  0.000130045
-9.07256  0.000121524
-9.06201  0.000140384
-9.05131  0.000133307
-9.04115  0.000126951
-9.03109  0.000127008
-9.02104  0.000135816
-9.0108  0.000129159
-9.00077  0.00013086
-8.99065  0.000136477
-8.98065  0.000131519
-8.97063  0.000132286
-8.96042  0.000140861
-8.95029  0.000134825
-8.94023  0.00013589
-8.93014  0.000142047
-8.92011  0.000133603
-8.91011  0.000139839
-8.89931  0.000162665
-8.88873  0.000138545
-8.87863  0.000139663
-8.8685  0.000149212
-8.8584  0.000141137
-8.84845  0.000144667
-8.83827  0.000149492
-8.8282  0.000143468
-8.8182  0.000145512
-8.80807  0.000156726
-8.79768  0.000148672
-8.78777  0.000149577
-8.7775  0.000156591
-8.76738  0.000150562
-8.75737  0.000148274
-8.74684  0.000176911
-8.73604  0.000152339
-8.72616  0.000157747
-8.7159  0.0001578
-8.70584  0.000157027
-8.69521  0.00017632
-8.68474  0.00016294
-8.67392  0.000173356
-8.66347  0.000163801
-8.65331  0.000164414
-8.64326  0.000162403
-8.63321  0.000165081
-8.62324  0.000165772
-8.61295  0.000167302
-8.60298  0.00016973
-8.59279  0.000170935
-8.58264  0.000166763
-8.5726  0.000174415
-8.56254  0.00017192
-8.55242  0.000167103
-8.54248  0.000180068
-8.53226  0.000172783
-8.52221  0.000174634
-8.5122  0.000178578
-8.50209  0.000178965
-8.49188  0.000175578
-8.48207  0.000183744
-8.47185  0.000182004
-8.46165  0.000179325
-8.45172  0.000183224
-8.44161  0.00018612
-8.43141  0.000182148
-8.42148  0.000191305
-8.41081  0.000203521
-8.40019  0.000185331
-8.39019  0.000194436
-8.38008  0.000190977
-8.36926  0.000209861
-8.35883  0.000196257
-8.34819  0.000211361
-8.33739  0.000199551
-8.3273  0.000197991
-8.31733  0.000191274
-8.30669  0.000224803
-8.29608  0.000197058
-8.2861  0.000199688
-8.27576  0.000205896
-8.26577  0.000202478
-8.25594  0.000197298
-8.24561  0.000214046
-8.23548  0.000203413
-8.22559  0.000205597
-8.21533  0.000211883
-8.20543  0.000206117
-8.1954  0.000208251
-8.18515  0.00021844
-8.17515  0.000210045
-8.16512  0.000213759
-8.15489  0.000218366
-8.14491  0.000213753
-8.13491  0.000217684
-8.12448  0.000226074
-8.11403  0.000236059
-8.10363  0.000220307
-8.0934  0.000226461
-8.08335  0.000219653
-8.07342  0.000222338
-8.0631  0.000236707
-8.05305  0.000221967
-8.04301  0.000227642
-8.03283  0.000233545
-8.02271  0.000227017
-8.0128  0.000233191
-8.00245  0.000240884
-7.99244  0.000228458
-7.98238  0.000237911
-7.9718  0.000259537
-7.96115  0.000239204
-7.95125  0.000236243
-7.9405  0.000268897
-7.93009  0.000231874
-7.92007  0.000252999
-7.9098  0.000245083
-7.89915  0.000265417
-7.88881  0.000245785
-7.8786  0.000255737
-7.86848  0.000239742
-7.85864  0.00025285
-7.84833  0.000261088
-7.83817  0.00024571
-7.82824  0.000255511
-7.81803  0.000263492
-7.80776  0.000251413
-7.79731  0.000291114
-7.78658  0.000259072
-7.77652  0.000252586
-7.76655  0.000269607
-7.75636  0.000268498
-7.74609  0.000256911
-7.73624  0.000268312
-7.72603  0.000270382
-7.71597  0.000260164
-7.70595  0.000276648
-7.69578  0.000272006
-7.68568  0.000264115
-7.67571  0.000282319
-7.66554  0.000271857
-7.65545  0.000271642
-7.64536  0.000284639
-7.63519  0.000279843
-7.62511  0.000272557
-7.61515  0.000285291
-7.60491  0.000286945
-7.59475  0.000278318
-7.58487  0.000286665
-7.5746  0.000292576
-7.56457  0.000275131
-7.55459  0.000297662
-7.5444  0.000291779
-7.53431  0.000285015
-7.52434  0.000296655
-7.51363  0.000328549
-7.50304  0.000286577
-7.49252  0.000337803
-7.48141  0.000317274
-7.4709  0.000299854
-7.46094  0.000302176
-7.45078  0.00030832
-7.44054  0.000298245
-7.43061  0.000312697
-7.42036  0.00030702
-7.41019  0.00030446
-7.40028  0.000312457
-7.39  0.000319477
-7.3799  0.000300119
-7.36993  0.000326098
-7.35959  0.000315991
-7.34951  0.000311753
-7.33957  0.000321235
-7.3293  0.00032502
-7.31922  0.000313229
-7.3092  0.000329325
-7.29893  0.000327691
-7.28884  0.000318113
-7.27893  0.000327577
-7.26866  0.000334141
-7.25867  0.000319364
-7.24862  0.000340143
-7.23801  0.000359773
-7.22748  0.000325968
-7.21756  0.000339022
-7.20729  0.000342924
-7.19728  0.000327848
-7.1873  0.000345177
-7.17706  0.000345716
-7.16702  0.000330414
-7.15709  0.000351362
-7.14672  0.000351729
-7.13677  0.000334621
-7.12676  0.000357456
-7.11649  0.000354731
-7.10639  0.000340265
-7.09647  0.000355385
-7.08625  0.000363162
-7.07623  0.000342532
-7.06625  0.000360775
-7.05606  0.00036278
-7.04599  0.000353858
-7.03603  0.000362342
-7.02571  0.000374639
-7.01573  0.000349349
-7.00569  0.000377596
-6.99547  0.0003644
-6.98507  0.000398349
-6.97458  0.000367918
-6.96444  0.000383746
-6.95434  0.000359058
-6.94435  0.000384906
-6.93405  0.000380305
-6.92413  0.000371302
-6.91409  0.000374508
-6.90347  0.000430802
-6.89286  0.00036883
-6.88247  0.000429837
-6.87163  0.000393254
-6.86161  0.000377409
-6.85147  0.000399207
-6.84133  0.000393619
-6.83113  0.000390194
-6.82116  0.000392731
-6.81103  0.000398361
-6.80101  0.000388712
-6.79089  0.00040506
-6.78082  0.000402736
-6.77076  0.000391247
-6.76082  0.000399597
-6.7507  0.000414067
-6.74058  0.000394949
-6.73051  0.00041682
-6.72034  0.000412695
-6.71026  0.000400007
-6.70026  0.000416498
-6.69004  0.000423673
-6.67939  0.000443294
-6.6689  0.000428508
-6.65865  0.000416173
-6.64866  0.000414854
-6.63851  0.000428201
-6.62835  0.000428682
-6.61827  0.000410409
-6.60828  0.000435804
-6.59802  0.000427111
-6.58804  0.000420834
-6.57796  0.000436577
-6.56788  0.000431971
-6.55775  0.000426748
-6.54777  0.000434809
-6.53765  0.000439579
-6.52756  0.000435963
-6.51747  0.000441033
-6.5073  0.000444514
-6.49736  0.00042883
-6.48723  0.000454734
-6.47699  0.000449984
-6.46703  0.000436479
-6.45698  0.000453498
-6.44675  0.000454545
-6.43675  0.000440614
-6.42661  0.000465064
-6.4164  0.000456734
-6.40648  0.000442192
-6.39643  0.000463937
-6.38621  0.000461825
-6.37632  0.000448182
-6.36622  0.000472009
-6.35596  0.0004636
-6.34614  0.000452828
-6.33596  0.00047926
-6.32568  0.000474565
-6.31573  0.000456406
-6.30569  0.000478148
-6.29548  0.000472618
-6.28554  0.000470196
-6.27543  0.000477471
-6.26523  0.000482715
-6.25533  0.000467503
-6.24524  0.000487262
-6.23496  0.000481634
-6.22511  0.000481043
-6.21448  0.000534623
-6.20372  0.000496293
-6.19375  0.000477895
-6.1837  0.000496574
-6.17335  0.000497121
-6.16298  0.000532163
-6.15239  0.000498928
-6.14215  0.00050051
-6.13227  0.000490033
-6.12216  0.000500395
-6.1118  0.000516295
-6.10148  0.000527961
-6.09116  0.000501167
-6.08084  0.00051474
-6.07093  0.00049886
-6.06086  0.000509167
-6.05015  0.000566374
-6.03977  0.00049241
-6.02933  0.000565479
-6.01849  0.000532099
-6.00848  0.000503918
-5.9985  0.000511253
-5.98823  0.000540119
-5.9781  0.000513914
-5.96812  0.000516491
-5.95783  0.000540815
-5.94777  0.000515428
-5.93773  0.000528591
-5.92744  0.000538075
-5.91749  0.000517597
-5.90747  0.00052968
-5.89728  0.000544136
-5.88726  0.000522406
-5.87728  0.000530315
-5.86701  0.000550452
-5.85712  0.00052428
-5.84701  0.000545122
-5.83673  0.000551055
-5.82678  0.000531614
-5.81676  0.000544832
-5.80644  0.000557136
-5.79606  0.000585486
-5.78549  0.000553574
-5.7753  0.000555608
-5.76526  0.000548407
-5.75521  0.000548723
-5.7449  0.000573869
-5.73493  0.000541955
-5.72447  0.000604993
-5.71375  0.000576319
-5.70372  0.000547121
-5.69372  0.000559361
-5.68309  0.000626328
-5.6721  0.000609463
-5.66168  0.000553425
-5.6515  0.000596387
-5.64128  0.000553444
-5.63134  0.000567883
-5.62115  0.000586691
-5.61106  0.000565392
-5.601  0.000572475
-5.59081  0.000595745
-5.5807  0.000560617
-5.57069  0.00058289
-5.56049  0.000592813
-5.55039  0.000570345
-5.53993  0.000632073
-5.52945  0.000591559
-5.51923  0.000587488
-5.50919  0.000579135
-5.49903  0.000609385
-5.48881  0.000577854
-5.47889  0.000590822
-5.46882  0.000592557
-5.45864  0.000596329
-5.44871  0.000583768
-5.4385  0.000619377
-5.42833  0.000581455
-5.41841  0.000601855
-5.40825  0.000604722
-5.39807  0.000605745
-5.38806  0.000599313
-5.37785  0.00061825
-5.36777  0.000585779
-5.35781  0.00062386
-5.34761  0.000599918
-5.33762  0.000606668
-5.32757  0.000614902
-5.31734  0.000623308
-5.30716  0.000606447
-5.29727  0.000615055
-5.28703  0.000622847
-5.27703  0.000602318
-5.26701  0.000632493
-5.25682  0.000616966
-5.24673  0.000615517
-5.23678  0.000628149
-5.22649  0.000631622
-5.21652  0.000601571
-5.20656  0.000641553
-5.19626  0.00063356
-5.18618  0.000619244
-5.17623  0.00063199
-5.16597  0.00064327
-5.1559  0.000615027
-5.14591  0.000651015
-5.13569  0.000623075
-5.12576  0.000626667
-5.11571  0.000650327
-5.10544  0.00064463
-5.09542  0.000614452
-5.08554  0.000657411
-5.07522  0.000641512
-5.06519  0.000637983
-5.05514  0.000652772
-5.0449  0.000651564
-5.0348  0.000631335
-5.02486  0.000663716
-5.01455  0.000645905
-5.00458  0.000638105
-4.99458  0.000664459
-4.98438  0.000645772
-4.97438  0.000641556
-4.9644  0.000667526
-4.95415  0.000651283
-4.94415  0.000647773
-4.9341  0.000673244
-4.92388  0.0006518
-4.91388  0.000651171
-4.90387  0.00067191
-4.89365  0.000656683
-4.88321  0.000714531
-4.87269  0.000679279
-4.86248  0.000659548
-4.85246  0.000655124
-4.84245  0.000684157
-4.83212  0.000668231
-4.82218  0.000652671
-4.81171  0.000745024
-4.80107  0.000662542
-4.79098  0.000677144
-4.78097  0.000676129
-4.77072  0.000676556
-4.76066  0.000670868
-4.75062  0.000683587
-4.74042  0.000677344
-4.73038  0.000668975
-4.72039  0.000687412
-4.71021  0.000674498
-4.70021  0.000671763
-4.69016  0.000697944
-4.67946  0.000742324
-4.66899  0.000670484
-4.65899  0.000701573
-4.64872  0.000677243
-4.63868  0.000689882
-4.62863  0.000689695
-4.618  0.000754595
-4.6074  0.000686377
-4.59746  0.000689058
-4.58726  0.000689445
-4.57726  0.000684729
-4.56722  0.000702083
-4.55697  0.000699467
-4.54685  0.000687131
-4.53695  0.00069412
-4.52676  0.000695841
-4.51677  0.000684764
-4.50682  0.00070105
-4.49663  0.000699938
-4.48659  0.000691395
-4.47653  0.000710818
-4.46636  0.000691427
-4.45634  0.000702043
-4.44578  0.00077777
-4.4351  0.000699204
-4.4251  0.000695818
-4.41513  0.000705205
-4.40497  0.000704959
-4.39492  0.000701941
-4.38484  0.000714499
-4.37466  0.000707052
-4.36464  0.00070104
-4.35461  0.000711806
-4.34454  0.000698119
-4.33456  0.000704922
-4.32446  0.000726304
-4.31424  0.000706
-4.30423  0.000705434
-4.29422  0.000717537
-4.28409  0.000709557
-4.27402  0.00071332
-4.26396  0.000714639
-4.25389  0.000710717
-4.24387  0.000713292
-4.23374  0.000723993
-4.22368  0.000702283
-4.21369  0.000718741
-4.20354  0.000729254
-4.19344  0.000709278
-4.18341  0.000715463
-4.1733  0.000733178
-4.16325  0.000700245
-4.1532  0.000729854
-4.1431  0.000721232
-4.13305  0.000716271
-4.12296  0.000725292
-4.11275  0.000740427
-4.10267  0.000703339
-4.09262  0.000738517
-4.08245  0.000722611
-4.07242  0.000719628
-4.06239  0.000716479
-4.05232  0.000740077
-4.04227  0.000706745
-4.03214  0.000745531
-4.02197  0.000722517
-4.01199  0.000722453
-4.00185  0.000730961
-3.99131  0.000801149
-3.98024  0.000789367
-3.96934  0.000792289
-3.95871  0.000741654
-3.94861  0.000723164
-3.93848  0.000738739
-3.92833  0.000740001
-3.91813  0.000729849
-3.90815  0.00072065
-3.89802  0.000747427
-3.88789  0.000727509
-3.87782  0.000728573
-3.86777  0.000736478
-3.85764  0.000730829
-3.84765  0.000725592
-3.83754  0.000739769
-3.82743  0.000736558
-3.81732  0.000731636
-3.80722  0.000742926
-3.79715  0.00072309
-3.78709  0.000740994
-3.77697  0.000731314
-3.76691  0.000741946
-3.75677  0.00073164
-3.74673  0.000734702
-3.73672  0.000727103
-3.72666  0.000741204
-3.71656  0.000730801
-3.70654  0.00073763
-3.69642  0.000740105
-3.6863  0.000733457
-3.6763  0.000734585
-3.66616  0.000747691
-3.65606  0.00072363
-3.64611  0.000736715
-3.63601  0.000739701
-3.6259  0.000735444
-3.61589  0.000733978
-3.60576  0.000748778
-3.59558  0.000734134
-3.58555  0.000740131
-3.57545  0.000741197
-3.56541  0.000721688
-3.55543  0.000743433
-3.54534  0.000737934
-3.53525  0.000732779
-3.52522  0.000740046
-3.5151  0.000746149
-3.50498  0.000730324
-3.49494  0.000743763
-3.48482  0.00074012
-3.47474  0.000730985
-3.46466  0.00074856
-3.45455  0.000740203
-3.44447  0.000721761
-3.43451  0.000745496
-3.42383  0.000824043
-3.41318  0.0007234
-3.40325  0.000739985
-3.39317  0.000739708
-3.38303  0.000736057
-3.37301  0.000738061
-3.36284  0.000752742
-3.35265  0.000727079
-3.34265  0.000746653
-3.33247  0.000748778
-3.32228  0.000730999
-3.31226  0.000736395
-3.30221  0.000746211
-3.29206  0.000723014
-3.28208  0.000745776
-3.27195  0.00073698
-3.26185  0.000733907
-3.25179  0.000738626
-3.24163  0.000750434
-3.23147  0.000724616
-3.22143  0.000748151
-3.21125  0.00074421
-3.20111  0.000727035
-3.19109  0.00073642
-3.18101  0.00074268
-3.17089  0.00072519
-3.16085  0.000740222
-3.15075  0.000738208
-3.14066  0.000726929
-3.13063  0.000737336
-3.12048  0.00074061
-3.11044  0.000718874
-3.10043  0.000737905
-3.0903  0.000741998
-3.08019  0.000724313
-3.07008  0.000743498
-3.05996  0.00073411
-3.04991  0.000721228
-3.03978  0.000748175
-3.02963  0.000729878
-3.01963  0.000720557
-3.00951  0.000745551
-2.99939  0.0007239
-2.9889  0.000793416
-2.97837  0.000733736
-2.96783  0.000792852
-2.95734  0.000723946
-2.94728  0.00072926
-2.93719  0.000735031
-2.92706  0.000721856
-2.91701  0.000733352
-2.90687  0.00072953
-2.89675  0.000730689
-2.88665  0.000727216
-2.87653  0.000729845
-2.86641  0.000726132
-2.85631  0.000732044
-2.84616  0.00072245
-2.83612  0.00072669
-2.82601  0.000723538
-2.81592  0.000725416
-2.8058  0.000726067
-2.79573  0.000723355
-2.78561  0.000717545
-2.77558  0.000730552
-2.76544  0.000716865
-2.75541  0.000717582
-2.74532  0.000723716
-2.73526  0.000720911
-2.72509  0.000718609
-2.71508  0.000722756
-2.7049  0.000723339
-2.69479  0.000715012
-2.68472  0.000722615
-2.67468  0.000708085
-2.66461  0.000716955
-2.65457  0.000716387
-2.64447  0.000718248
-2.6344  0.000703566
-2.62439  0.00072317
-2.61424  0.000711681
-2.60421  0.00070913
-2.59412  0.000719848
-2.58396  0.000719611
-2.57386  0.00069656
-2.56394  0.000714581
-2.55338  0.000769596
-2.5429  0.000709662
-2.53284  0.000702112
-2.52281  0.000718938
-2.5126  0.000703846
-2.50264  0.000705317
-2.49253  0.000708781
-2.48245  0.000704485
-2.47236  0.000708964
-2.46223  0.000714638
-2.45206  0.000698016
-2.4421  0.000703009
-2.43197  0.000708277
-2.42189  0.000695594
-2.41191  0.000697995
-2.40182  0.000710732
-2.39168  0.000692158
-2.3817  0.000700756
-2.37158  0.000704107
-2.36152  0.000690408
-2.35102  0.000766346
-2.34046  0.000699744
-2.33033  0.000693152
-2.32035  0.000695447
-2.31021  0.000701664
-2.3001  0.000692054
-2.29001  0.000699485
-2.27995  0.00069051
-2.26983  0.000692987
-2.25983  0.000691438
-2.24964  0.000701186
-2.23952  0.000689286
-2.22943  0.000694761
-2.21936  0.000682997
-2.20929  0.000691177
-2.19926  0.000686906
-2.18908  0.000697719
-2.179  0.000675815
-2.169  0.000692634
-2.15884  0.000683753
-2.14874  0.000691991
-2.13866  0.000679002
-2.12859  0.000686237
-2.11848  0.000679833
-2.10845  0.000688263
-2.09828  0.000678932
-2.08828  0.000676898
-2.07821  0.00068076
-2.06806  0.0006895
-2.05792  0.000671211
-2.04793  0.000680725
-2.03772  0.000687143
-2.02763  0.00066813
-2.0176  0.000678628
-2.00748  0.000676928
-1.99733  0.000679792
-1.98724  0.000671802
-1.97717  0.000672828
-1.96709  0.000669905
-1.95704  0.000672181
-1.94695  0.000672394
-1.9368  0.000672293
-1.92675  0.000666406
-1.91672  0.000666535
-1.90661  0.000668572
-1.89652  0.000671643
-1.88639  0.000668135
-1.87624  0.000667753
-1.86618  0.00066663
-1.85608  0.000662642
-1.84598  0.000663141
-1.83549  0.00072294
-1.82495  0.000657995
-1.8149  0.000660626
-1.80479  0.000667229
-1.79469  0.000656215
-1.78463  0.000650553
-1.77467  0.00066079
-1.76455  0.000656377
-1.75449  0.000651892
-1.74442  0.000663398
-1.7343  0.000654182
-1.72422  0.000649132
-1.71416  0.000660445
-1.70404  0.00065272
-1.69393  0.000651732
-1.68388  0.000652087
-1.67377  0.000653678
-1.66368  0.000646996
-1.65361  0.000649902
-1.64357  0.000649517
-1.6334  0.000648283
-1.62336  0.000647159
-1.61329  0.000647119
-1.60321  0.000642184
-1.59312  0.00064553
-1.58263  0.000702923
-1.57201  0.000647507
-1.56191  0.000642065
-1.55192  0.00063676
-1.54183  0.000640251
-1.53173  0.000647942
-1.52166  0.000632625
-1.51159  0.000640527
-1.50147  0.000640947
-1.49147  0.000635669
-1.48135  0.000631692
-1.47131  0.000643181
-1.4612  0.000629566
-1.45115  0.000638026
-1.44099  0.000636381
-1.431  0.000630213
-1.42039  0.00069016
-1.40987  0.000639818
-1.39972  0.000625133
-1.38969  0.00063383
-1.37954  0.000631342
-1.36951  0.000629357
-1.3594  0.000624177
-1.34932  0.000634975
-1.3392  0.000621891
-1.32922  0.00062609
-1.31908  0.000625873
-1.30901  0.000628592
-1.29887  0.000624228
-1.28885  0.000620869
-1.27878  0.000621398
-1.26875  0.000622432
-1.25859  0.000623856
-1.2486  0.00061346
-1.23846  0.000634691
-1.22833  0.000610937
-1.21825  0.000625954
-1.20819  0.000613215
-1.19807  0.000622098
-1.18801  0.000612549
-1.17793  0.000625861
-1.16778  0.000609213
-1.15775  0.000618552
-1.14765  0.000612288
-1.13752  0.00062545
-1.12738  0.000602924
-1.11741  0.000618771
-1.10721  0.00061154
-1.09721  0.000608823
-1.0871  0.00061289
-1.07704  0.000613095
-1.06688  0.000607442
-1.05684  0.000613734
-1.04662  0.00061698
-1.03661  0.000592909
-1.0265  0.000624152
-1.01639  0.000598971
-1.00634  0.000604118
-0.996213  0.000614848
-0.986078  0.000607696
-0.976033  0.000589532
-0.965998  0.000619266
-0.955846  0.000595806
-0.945855  0.000598456
-0.935745  0.000608996
-0.92569  0.00059998
-0.915569  0.000595827
-0.905529  0.000610685
-0.895375  0.000598063
-0.885318  0.000593853
-0.875239  0.000608795
-0.865134  0.000594963
-0.855047  0.000595818
-0.844952  0.000604977
-0.834877  0.000593448
-0.824823  0.000588065
-0.814826  0.000602869
-0.80466  0.000596434
-0.794645  0.00058704
-0.784518  0.00060629
-0.774468  0.00058555
-0.764363  0.000596639
-0.754302  0.000594886
-0.74419  0.000593768
-0.734151  0.000586667
-0.724016  0.000601732
-0.713949  0.000583113
-0.70389  0.000597213
-0.693756  0.000588125
-0.683708  0.000593575
-0.673629  0.000583489
-0.663607  0.000589657
-0.65354  0.000586377
-0.643528  0.000587809
-0.633401  0.000587468
-0.623371  0.000589963
-0.613257  0.00058595
-0.603202  0.00058461
-0.593115  0.000591903
-0.583041  0.000582933
-0.572917  0.000589661
-0.562869  0.000581667
-0.552831  0.000585828
-0.542739  0.000580532
-0.532735  0.000586076
-0.522639  0.000580639
-0.512585  0.000587133
-0.502438  0.000587441
-0.492342  0.000583568
-0.482212  0.000583881
-0.472204  0.000578964
-0.462102  0.000585523
-0.452113  0.000570486
-0.442088  0.000586655
-0.431932  0.000584504
-0.421855  0.000580353
-0.411796  0.000577494
-0.401677  0.000590917
-0.391524  0.000576903
-0.381485  0.000583383
-0.371307  0.000581517
-0.361296  0.00057854
-0.351172  0.000577054
-0.341127  0.000587124
-0.330989  0.00057186
-0.321029  0.000575968
-0.310876  0.00058675
-0.300841  0.000571739
-0.290759  0.000576935
-0.280728  0.000580879
-0.270617  0.000576262
-0.260572  0.00057663
-0.250442  0.000584276
-0.24034  0.000573903
-0.230265  0.000578695
-0.220192  0.000576563
-0.210165  0.000573906
-0.200044  0.000580015
-0.18994  0.000581526
-0.179826  0.000573131
-0.169806  0.000574531
-0.159756  0.000573354
-0.149697  0.000579374
-0.139611  0.000574147
-0.129529  0.000577749
-0.119443  0.000574055
-0.109413  0.000575408
-0.0992833  0.000579622
-0.0891876  0.000575441
-0.0791197  0.000576697
-0.0689972  0.000576866
-0.0589554  0.000571886
-0.0489099  0.000577463
-0.0388169  0.000571253
-0.0287791  0.000577924
-0.0187293  0.000573277
-0.0086421  0.000574288
-0.0018352  0.000207279
0.0018352  0.000207279
0.0086421  0.000574288
0.0187293  0.000573277
0.0287791  0.000577924
0.0388169  0.000571253
0.0489099  0.000577463
0.0589554  0.000571886
0.0689972  0.000576866
0.0791197  0.000576697
0.0891876  0.000575441
0.0992833  0.000579622
0.109413  0.000575408
0.119443  0.000574055
0.129529  0.000577749
0.139611  0.000574147
0.149697  0.000579374
0.159756  0.000573354
0.169806  0.000574531
0.179826  0.000573131
0.18994  0.000581526
0.200044  0.000580015
0.210165  0.000573906
0.220192  0.000576563
0.230265  0.000578695
0.24034  0.000573903
0.250442  0.000584276
0.260572  0.00057663
0.270617  0.000576262
0.280728  0.000580879
0.290759  0.000576935
0.300841  0.000571739
0.310876  0.00058675
0.321029  0.000575968
0.330989  0.00057186
0.341127  0.000587124
0.351172  0.000577054
0.361296  0.00057854
0.371307  0.000581517
0.381485  0.000583383
0.391524  0.000576903
0.401677  0.000590917
0.411796  0.000577494
0.421855  0.000580353
0.431932  0.000584504
0.442088  0.000586655
0.452113  0.000570486
0.462102  0.000585523
0.472204  0.000578964
0.482212  0.000583881
0.492342  0.000583568
0.502438  0.000587441
0.512585  0.000587133
0.522639  0.000580639
0.532735  0.000586076
0.542739  0.000580532
0.552831  0.000585828
0.562869  0.000581667
0.572917  0.000589661
0.583041  0.000582933
0.593115  0.000591903
0.603202  0.00058461
0.613257  0.00058595
0.623371  0.000589963
0.633401  0.000587468
0.643528  0.000587809
0.65354  0.000586377
0.663607  0.000589657
0.673629  0.000583489
0.683708  0.000593575
0.693756  0.000588125
0.70389  0.000597213
0.713949  0.000583113
0.724016  0.000601732
0.734151  0.000586667
0.74419  0.000593768
0.754302  0.000594886
0.764363  0.000596639
0.774468  0.00058555
0.784518  0.00060629
0.794645  0.00058704
0.80466  0.000596434
0.814826  0.000602869
0.824823  0.000588065
0.834877  0.000593448
0.844952  0.000604977
0.855047  0.000595818
0.865134  0.000594963
0.875239  0.000608795
0.885318  0.000593853
0.895375  0.000598063
0.905529  0.000610685
0.915569  0.000595827
0.92569  0.00059998
0.935745  0.000608996
0.945855  0.000598456
0.955846  0.000595806
0.965998  0.000619266
0.976033  0.000589532
0.986078  0.000607696
0.996213  0.000614848
1.00634  0.000604118
1.01639  0.000598971
1.0265  0.000624152
1.03661  0.000592909
1.04662  0.00061698
1.05684  0.000613734
1.06688  0.000607442
1.07704  0.000613095
1.0871  0.00061289
1.09721  0.000608823
1.10721  0.00061154
1.11741  0.000618771
1.12738  0.000602924
1.13752  0.00062545
1.14765  0.000612288
1.15775  0.000618552
1.16778  0.000609213
1.17793  0.000625861
1.18801  0.000612549
1.19807  0.000622098
1.20819  0.000613215
1.21825  0.000625954
1.22833  0.000610937
1.23846  0.000634691
1.2486  0.00061346
1.25859  0.000623856
1.26875  0.000622432
1.27878  0.000621398
1.28885  0.000620869
1.29887  0.000624228
1.30901  0.000628592
1.31908  0.000625873
1.32922  0.00062609
1.3392  0.000621891
1.34932  0.000634975
1.3594  0.000624177
1.36951  0.000629357
1.37954  0.000631342
1.38969  0.00063383
1.39972  0.000625133
1.40987  0.000639818
1.42039  0.00069016
1.431  0.000630213
1.44099  0.000636381
1.45115  0.000638026
1.4612  0.000629566
1.47131  0.000643181
1.48135  0.000631692
1.49147  0.000635669
1.50147  0.000640947
1.51159  0.000640527
1.52166  0.000632625
1.53173  0.000647942
1.54183  0.000640251
1.55192  0.00063676
1.56191  0.000642065
1.57201  0.000647507
1.58263  0.000702923
1.59312  0.00064553
1.60321  0.000642184
1.61329  0.000647119
1.62336  0.000647159
1.6334  0.000648283
1.64357  0.000649517
1.65361  0.000649902
1.66368  0.000646996
1.67377  0.000653678
1.68388  0.000652087
1.69393  0.000651732
1.70404  0.00065272
1.71416  0.000660445
1.72422  0.000649132
1.7343  0.000654182
1.74442  0.000663398
1.75449  0.000651892
1.76455  0.000656377
1.77467  0.00066079
1.78463  0.000650553
1.79469  0.000656215
1.80479  0.000667229
1.8149  0.000660626
1.82495  0.000657995
1.83549  0.00072294
1.84598  0.000663141
1.85608  0.000662642
1.86618  0.00066663
1.87624  0.000667753
1.88639  0.000668135
1.89652  0.000671643
1.90661  0.000668572
1.91672  0.000666535
1.92675  0.000666406
1.9368  0.000672293
1.94695  0.000672394
1.95704  0.000672181
1.96709  0.000669905
1.97717  0.000672828
1.98724  0.000671802
1.99733  0.000679792
2.00748  0.000676928
2.0176  0.000678628
2.02763  0.00066813
2.03772  0.000687143
2.04793  0.000680725
2.05792  0.000671211
2.06806  0.0006895
2.07821  0.00068076
2.08828  0.000676898
2.09828  0.000678932
2.10845  0.000688263
2.11848  0.000679833
2.12859  0.000686237
2.13866  0.000679002
2.14874  0.000691991
2.15884  0.000683753
2.169  0.000692634
2.179  0.000675815
2.18908  0.000697719
2.19926  0.000686906
2.20929  0.000691177
2.21936  0.000682997
2.22943  0.000694761
2.23952  0.000689286
2.24964  0.000701186
2.25983  0.000691438
2.26983  0.000692987
2.27995  0.00069051
2.29001  0.000699485
2.3001  0.000692054
2.31021  0.000701664
2.32035  0.000695447
2.33033  0.000693152
2.34046  0.000699744
2.35102  0.000766346
2.36152  0.000690408
2.37158  0.000704107
2.3817  0.000700756
2.39168  0.000692158
2.40182  0.000710732
2.41191  0.000697995
2.42189  0.000695594
2.43197  0.000708277
2.4421  0.000703009
2.45206  0.000698016
2.46223  0.000714638
2.47236  0.000708964
2.48245  0.000704485
2.49253  0.000708781
2.50264  0.000705317
2.5126  0.000703846
2.52281  0.000718938
2.53284  0.000702112
2.5429  0.000709662
2.55338  0.000769596
2.56394  0.000714581
2.57386  0.00069656
2.58396  0.000719611
2.59412  0.000719848
2.60421  0.00070913
2.61424  0.000711681
2.62439  0.00072317
2.6344  0.000703566
2.64447  0.000718248
2.65457  0.000716387
2.66461  0.000716955
2.67468  0.000708085
2.68472  0.000722615
2.69479  0.000715012
2.7049  0.000723339
2.71508  0.000722756
2.72509  0.000718609
2.73526  0.000720911
2.74532  0.000723716
2.75541  0.000717582
2.76544  0.000716865
2.77558  0.000730552
2.78561  0.000717545
2.79573  0.000723355
2.8058  0.000726067
2.81592  0.000725416
2.82601  0.000723538
2.83612  0.00072669
2.84616  0.00072245
2.85631  0.000732044
2.86641  0.000726132
2.87653  0.000729845
2.88665  0.000727216
2.89675  0.000730689
2.90687  0.00072953
2.91701  0.000733352
2.92706  0.000721856
2.93719  0.000735031
2.94728  0.00072926
2.95734  0.000723946
2.96783  0.000792852
2.97837  0.000733736
2.9889  0.000793416
2.99939  0.0007239
3.00951  0.000745551
3.01963  0.000720557
3.02963  0.000729878
3.03978  0.000748175
3.04991  0.000721228
3.05996  0.00073411
3.07008  0.000743498
3.08019  0.000724313
3.0903  0.000741998
3.10043  0.000737905
3.11044  0.000718874
3.12048  0.00074061
3.13063  0.000737336
3.14066  0.000726929
3.15075  0.000738208
3.16085  0.000740222
3.17089  0.00072519
3.18101  0.00074268
3.19109  0.00073642
3.20111  0.000727035
3.21125  0.00074421
3.22143  0.000748151
3.23147  0.000724616
3.24163  0.000750434
3.25179  0.000738626
3.26185  0.000733907
3.27195  0.00073698
3.28208  0.000745776
3.29206  0.000723014
3.30221  0.000746211
3.31226  0.000736395
3.32228  0.000730999
3.33247  0.000748778
3.34265  0.000746653
3.35265  0.000727079
3.36284  0.000752742
3.37301  0.000738061
3.38303  0.000736057
3.39317  0.000739708
3.40325  0.000739985
3.41318  0.0007234
3.42383  0.000824043
3.43451  0.000745496
3.44447  0.000721761
3.45455  0.000740203
3.46466  0.00074856
3.47474  0.000730985
3.48482  0.00074012
3.49494  0.000743763
3.50498  0.000730324
3.5151  0.000746149
3.52522  0.000740046
3.53525  0.000732779
3.54534  0.000737934
3.55543  0.000743433
3.56541  0.000721688
3.57545  0.000741197
3.58555  0.000740131
3.59558  0.000734134
3.60576  0.000748778
3.61589  0.000733978
3.6259  0.000735444
3.63601  0.000739701
3.64611  0.000736715
3.65606  0.00072363
3.66616  0.000747691
3.6763  0.000734585
3.6863  0.000733457
3.69642  0.000740105
3.70654  0.00073763
3.71656  0.000730801
3.72666  0.000741204
3.73672  0.000727103
3.74673  0.000734702
3.75677  0.00073164
3.76691  0.000741946
3.77697  0.000731314
3.78709  0.000740994
3.79715  0.00072309
3.80722  0.000742926
3.81732  0.000731636
3.82743  0.000736558
3.83754  0.000739769
3.84765  0.000725592
3.85764  0.000730829
3.86777  0.000736478
3.87782  0.000728573
3.88789  0.000727509
3.89802  0.000747427
3.90815  0.00072065
3.91813  0.000729849
3.92833  0.000740001
3.93848  0.000738739
3.94861  0.000723164
3.95871  0.000741654
3.96934  0.000792289
3.98024  0.000789367
3.99131  0.000801149
4.00185  0.000730961
4.01199  0.000722453
4.02197  0.000722517
4.03214  0.000745531
4.04227  0.000706745
4.05232  0.000740077
4.06239  0.000716479
4.07242  0.000719628
4.08245  0.000722611
4.09262  0.000738517
4.10267  0.000703339
4.11275  0.000740427
4.12296  0.000725292
4.13305  0.000716271
4.1431  0.000721232
4.1532  0.000729854
4.16325  0.000700245
4.1733  0.000733178
4.18341  0.000715463
4.19344  0.000709278
4.20354  0.000729254
4.21369  0.000718741
4.22368  0.000702283
4.23374  0.000723993
4.24387  0.000713292
4.25389  0.000710717
4.26396  0.000714639
4.27402  0.00071332
4.28409  0.000709557
4.29422  0.000717537
4.30423  0.000705434
4.31424  0.000706
4.32446  0.000726304
4.33456  0.000704922
4.34454  0.000698119
4.35461  0.000711806
4.36464  0.00070104
4.37466  0.000707052
4.38484  0.000714499
4.39492  0.000701941
4.40497  0.000704959
4.41513  0.000705205
4.4251  0.000695818
4.4351  0.000699204
4.44578  0.00077777
4.45634  0.000702043
4.46636  0.000691427
4.47653  0.000710818
4.48659  0.000691395
4.49663  0.000699938
4.50682  0.00070105
4.51677  0.000684764
4.52676  0.000695841
4.53695  0.00069412
4.54685  0.000687131
4.55697  0.000699467
4.56722  0.000702083
4.57726  0.000684729
4.58726  0.000689445
4.59746  0.000689058
4.6074  0.000686377
4.618  0.000754595
4.62863  0.000689695
4.63868  0.000689882
4.64872  0.000677243
4.65899  0.000701573
4.66899  0.000670484
4.67946  0.000742324
4.69016  0.000697944
4.70021  0.000671763
4.71021  0.000674498
4.72039  0.000687412
4.73038  0.000668975
4.74042  0.000677344
4.75062  0.000683587
4.76066  0.000670868
4.77072  0.000676556
4.78097  0.000676129
4.79098  0.000677144
4.80107  0.000662542
4.81171  0.000745024
4.82218  0.000652671
4.83212  0.000668231
4.84245  0.000684157
4.85246  0.000655124
4.86248  0.000659548
4.87269  0.000679279
4.88321  0.000714531
4.89365  0.000656683
4.90387  0.00067191
4.91388  0.000651171
4.92388  0.0006518
4.9341  0.000673244
4.94415  0.000647773
4.95415  0.000651283
4.9644  0.000667526
4.97438  0.000641556
4.98438  0.000645772
4.99458  0.000664459
5.00458  0.000638105
5.01455  0.000645905
5.02486  0.000663716
5.0348  0.000631335
5.0449  0.000651564
5.05514  0.000652772
5.06519  0.000637983
5.07522  0.000641512
5.08554  0.000657411
5.09542  0.000614452
5.10544  0.00064463
5.11571  0.000650327
5.12576  0.000626667
5.13569  0.000623075
5.14591  0.000651015
5.1559  0.000615027
5.16597  0.00064327
5.17623  0.00063199
5.18618  0.000619244
5.19626  0.00063356
5.20656  0.000641553
5.21652  0.000601571
5.22649  0.000631622
5.23678  0.000628149
5.24673  0.000615517
5.25682  0.000616966
5.26701  0.000632493
5.27703  0.000602318
5.28703  0.000622847
5.29727  0.000615055
5.30716  0.000606447
5.31734  0.000623308
5.32757  0.000614902
5.33762  0.000606668
5.34761  0.000599918
5.35781  0.00062386
5.36777  0.000585779
5.37785  0.00061825
5.38806  0.000599313
5.39807  0.000605745
5.40825  0.000604722
5.41841  0.000601855
5.42833  0.000581455
5.4385  0.000619377
5.44871  0.000583768
5.45864  0.000596329
5.46882  0.000592557
5.47889  0.000590822
5.48881  0.000577854
5.49903  0.000609385
5.50919  0.000579135
5.51923  0.000587488
5.52945  0.000591559
5.53993  0.000632073
5.55039  0.000570345
5.56049  0.000592813
5.57069  0.00058289
5.5807  0.000560617
5.59081  0.000595745
5.601  0.000572475
5.61106  0.000565392
5.62115  0.000586691
5.63134  0.000567883
5.64128  0.000553444
5.6515  0.000596387
5.66168  0.000553425
5.6721  0.000609463
5.68309  0.000626328
5.69372  0.000559361
5.70372  0.000547121
5.71375  0.000576319
5.72447  0.000604993
5.73493  0.000541955
5.7449  0.000573869
5.75521  0.000548723
5.76526  0.000548407
5.7753  0.000555608
5.78549  0.000553574
5.79606  0.000585486
5.80644  0.000557136
5.81676  0.000544832
5.82678  0.000531614
5.83673  0.000551055
5.84701  0.000545122
5.85712  0.00052428
5.86701  0.000550452
5.87728  0.000530315
5.88726  0.000522406
5.89728  0.000544136
5.90747  0.00052968
5.91749  0.000517597
5.92744  0.000538075
5.93773  0.000528591
5.94777  0.000515428
5.95783  0.000540815
5.96812  0.000516491
5.9781  0.000513914
5.98823  0.000540119
5.9985  0.000511253
6.00848  0.000503918
6.01849  0.000532099
6.02933  0.000565479
6.03977  0.00049241
6.05015  0.000566374
6.06086  0.000509167
6.07093  0.00049886
6.08084  0.00051474
6.09116  0.000501167
6.10148  0.000527961
6.1118  0.000516295
6.12216  0.000500395
6.13227  0.000490033
6.14215  0.00050051
6.15239  0.000498928
6.16298  0.000532163
6.17335  0.000497121
6.1837  0.000496574
6.19375  0.000477895
6.20372  0.000496293
6.21448  0.000534623
6.22511  0.000481043
6.23496  0.000481634
6.24524  0.000487262
6.25533  0.000467503
6.26523  0.000482715
6.27543  0.000477471
6.28554  0.000470196
6.29548  0.000472618
6.30569  0.000478148
6.31573  0.000456406
6.32568  0.000474565
6.33596  0.00047926
6.34614  0.000452828
6.35596  0.0004636
6.36622  0.000472009
6.37632  0.000448182
6.38621  0.000461825
6.39643  0.000463937
6.40648  0.000442192
6.4164  0.000456734
6.42661  0.000465064
6.43675  0.000440614
6.44675  0.000454545
6.45698  0.000453498
6.46703  0.000436479
6.47699  0.000449984
6.48723  0.000454734
6.49736  0.00042883
6.5073  0.000444514
6.51747  0.000441033
6.52756  0.000435963
6.53765  0.000439579
6.54777  0.000434809
6.55775  0.000426748
6.56788  0.000431971
6.57796  0.000436577
6.58804  0.000420834
6.59802  0.000427111
6.60828  0.000435804
6.61827  0.000410409
6.62835  0.000428682
6.63851  0.000428201
6.64866  0.000414854
6.65865  0.000416173
6.6689  0.000428508
6.67939  0.000443294
6.69004  0.000423673
6.70026  0.000416498
6.71026  0.000400007
6.72034  0.000412695
6.73051  0.00041682
6.74058  0.000394949
6.7507  0.000414067
6.76082  0.000399597
6.77076  0.000391247
6.78082  0.000402736
6.79089  0.00040506
6.80101  0.000388712
6.81103  0.000398361
6.82116  0.000392731
6.83113  0.000390194
6.84133  0.000393619
6.85147  0.000399207
6.86161  0.000377409
6.87163  0.000393254
6.88247  0.000429837
6.89286  0.00036883
6.90347  0.000430802
6.91409  0.000374508
6.92413  0.000371302
6.93405  0.000380305
6.94435  0.000384906
6.95434  0.000359058
6.96444  0.000383746
6.97458  0.000367918
6.98507  0.000398349
6.99547  0.0003644
7.00569  0.000377596
7.01573  0.000349349
7.02571  0.000374639
7.03603  0.000362342
7.04599  0.000353858
7.05606  0.00036278
7.06625  0.000360775
7.07623  0.000342532
7.08625  0.000363162
7.09647  0.000355385
7.10639  0.000340265
7.11649  0.000354731
7.12676  0.000357456
7.13677  0.000334621
7.14672  0.000351729
7.15709  0.000351362
7.16702  0.000330414
7.17706  0.000345716
7.1873  0.000345177
7.19728  0.000327848
7.20729  0.000342924
7.21756  0.000339022
7.22748  0.000325968
7.23801  0.000359773
7.24862  0.000340143
7.25867  0.000319364
7.26866  0.000334141
7.27893  0.000327577
7.28884  0.000318113
7.29893  0.000327691
7.3092  0.000329325
7.31922  0.000313229
7.3293  0.00032502
7.33957  0.000321235
7.34951  0.000311753
7.35959  0.000315991
7.36993  0.000326098
7.3799  0.000300119
7.39  0.000319477
7.40028  0.000312457
7.41019  0.00030446
7.42036  0.00030702
7.43061  0.000312697
7.44054  0.000298245
7.45078  0.00030832
7.46094  0.000302176
7.4709  0.000299854
7.48141  0.000317274
7.49252  0.000337803
7.50304  0.000286577
7.51363  0.000328549
7.52434  0.000296655
7.53431  0.000285015
7.5444  0.000291779
7.55459  0.000297662
7.56457  0.000275131
7.5746  0.000292576
7.58487  0.000286665
7.59475  0.000278318
7.60491  0.000286945
7.61515  0.000285291
7.62511  0.000272557
7.63519  0.000279843
7.64536  0.000284639
7.65545  0.000271642
7.66554  0.000271857
7.67571  0.000282319
7.68568  0.000264115
7.69578  0.000272006
7.70595  0.000276648
7.71597  0.000260164
7.72603  0.000270382
7.73624  0.000268312
7.74609  0.000256911
7.75636  0.000268498
7.76655  0.000269607
7.77652  0.000252586
7.78658  0.000259072
7.79731  0.000291114
7.80776  0.000251413
7.81803  0.000263492
7.82824  0.000255511
7.83817  0.00024571
7.84833  0.000261088
7.85864  0.00025285
7.86848  0.000239742
7.8786  0.000255737
7.88881  0.000245785
7.89915  0.000265417
7.9098  0.000245083
7.92007  0.000252999
7.93009  0.000231874
7.9405  0.000268897
7.95125  0.000236243
7.96115  0.000239204
7.9718  0.000259537
7.98238  0.000237911
7.99244  0.000228458
8.00245  0.000240884
8.0128  0.000233191
8.02271  0.000227017
8.03283  0.000233545
8.04301  0.000227642
8.05305  0.000221967
8.0631  0.000236707
8.07342  0.000222338
8.08335  0.000219653
8.0934  0.000226461
8.10363  0.000220307
8.11403  0.000236059
8.12448  0.000226074
8.13491  0.000217684
8.14491  0.000213753
8.15489  0.000218366
8.16512  0.000213759
8.17515  0.000210045
8.18515  0.00021844
8.1954  0.000208251
8.20543  0.000206117
8.21533  0.000211883
8.22559  0.000205597
8.23548  0.000203413
8.24561  0.000214046
8.25594  0.000197298
8.26577  0.000202478
8.27576  0.000205896
8.2861  0.000199688
8.29608  0.000197058
8.30669  0.000224803
8.31733  0.000191274
8.3273  0.000197991
8.33739  0.000199551
8.34819  0.000211361
8.35883  0.000196257
8.36926  0.000209861
8.38008  0.000190977
8.39019  0.000194436
8.40019  0.000185331
8.41081  0.000203521
8.42148  0.000191305
8.43141  0.000182148
8.44161  0.00018612
8.45172  0.000183224
8.46165  0.000179325
8.47185  0.000182004
8.48207  0.000183744
8.49188  0.000175578
8.50209  0.000178965
8.5122  0.000178578
8.52221  0.000174634
8.53226  0.000172783
8.54248  0.000180068
8.55242  0.000167103
8.56254  0.00017192
8.5726  0.000174415
8.58264  0.000166763
8.59279  0.000170935
8.60298  0.00016973
8.61295  0.000167302
8.62324  0.000165772
8.63321  0.000165081
8.64326  0.000162403
8.65331  0.000164414
8.66347  0.000163801
8.67392  0.000173356
8.68474  0.00016294
8.69521  0.00017632
8.70584  0.000157027
8.7159  0.0001578
8.72616  0.000157747
8.73604  0.000152339
8.74684  0.000176911
8.75737  0.000148274
8.76738  0.000150562
8.7775  0.000156591
8.78777  0.000149577
8.79768  0.000148672
8.80807  0.000156726
8.8182  0.000145512
8.8282  0.000143468
8.83827  0.000149492
8.84845  0.000144667
8.8584  0.000141137
8.8685  0.000149212
8.87863  0.000139663
8.88873  0.000138545
8.89931  0.000162665
8.91011  0.000139839
8.92011  0.000133603
8.93014  0.000142047
8.94023  0.00013589
8.95029  0.000134825
8.96042  0.000140861
8.97063  0.000132286
8.98065  0.000131519
8.99065  0.000136477
9.00077  0.00013086
9.0108  0.000129159
9.02104  0.000135816
9.03109  0.000127008
9.04115  0.000126951
9.05131  0.000133307
9.06201  0.000140384
9.07256  0.000121524
9.0826  0.000130045
9.09315  0.000132898
9.1037  0.00012474
9.11379  0.000124524
9.12408  0.000125626
9.1341  0.000116348
9.1441  0.000125728
9.15449  0.000120053
9.16442  0.000115276
9.17449  0.00012283
9.1847  0.000120679
9.19486  0.000109912
9.2048  0.000121564
9.21494  0.000114324
9.22504  0.000113331
9.23514  0.000115245
9.24523  0.000114575
9.25534  0.000108872
9.26581  0.000124736
9.27664  0.000111037
9.28653  0.000108125
9.29717  0.000122935
9.30761  0.000106387
9.31787  0.000107592
9.32797  0.000110608
9.33817  0.000107463
9.34808  0.000100119
9.35839  0.00011109
9.36852  0.000104336
9.37874  0.000103374
9.38863  0.00010186
9.39906  0.000105865
9.40897  9.66585e-05
9.41909  0.000105096
9.42919  9.9836e-05
9.43927  9.53832e-05
9.44921  9.9679e-05
9.45958  0.00010463
9.46995  9.98924e-05
9.4806  9.87326e-05
9.49057  9.67547e-05
9.50078  9.4106e-05
9.51077  9.65839e-05
9.52121  9.65687e-05
9.53114  8.92895e-05
9.54132  9.51535e-05
9.55135  9.43386e-05
9.5617  9.10323e-05
9.57167  8.90916e-05
9.58176  9.22396e-05
9.59171  8.74714e-05
9.60203  9.13179e-05
9.61213  8.91875e-05
9.62274  9.60661e-05
9.63322  8.57858e-05
9.64349  9.02623e-05
9.65361  8.11212e-05
9.66356  8.83223e-05
9.67364  8.49386e-05
9.68379  8.28675e-05
9.69392  8.27825e-05
9.70405  8.49707e-05
9.71411  8.04435e-05
9.72418  8.43247e-05
9.73444  8.11999e-05
9.74452  7.94603e-05
9.75505  8.61755e-05
9.76565  8.2278e-05
9.77592  7.77171e-05
9.78583  7.69731e-05
9.79595  8.14466e-05
9.80613  7.45931e-05
9.81669  8.3558e-05
9.82726  7.6525e-05
9.83732  7.46737e-05
9.84738  7.57488e-05
9.85762  7.47257e-05
9.86776  7.36754e-05
9.87789  7.35767e-05
9.88795  7.26021e-05
9.89804  7.16638e-05
9.90818  7.07794e-05
9.91834  7.38165e-05
9.92857  7.10184e-05
9.93854  6.81146e-05
9.94873  6.94784e-05
9.9589  6.95182e-05
9.96894  7.06444e-05
9.97913  6.68335e-05
9.98925  6.7018e-05
9.99962  7.3069e-05
10.0103  6.68632e-05
10.0209  7.11105e-05
10.0315  6.79022e-05
10.0417  6.48438e-05
10.0519  6.54205e-05
10.0618  6.12061e-05
10.072  6.3914e-05
10.0822  6.38076e-05
10.0923  6.54385e-05
10.1023  5.90836e-05
10.1127  6.195e-05
10.1224  6.01114e-05
10.1328  6.27912e-05
10.1429  5.73204e-05
10.1529  6.28411e-05
10.163  5.68987e-05
10.1733  6.06463e-05
10.1832  5.83133e-05
10.1937  5.91923e-05
10.2036  5.52415e-05
10.2137  5.92046e-05
10.2238  5.45524e-05
10.234  5.75113e-05
10.244  5.54704e-05
10.2543  5.55651e-05
10.2643  5.27766e-05
10.2744  5.75804e-05
10.2845  5.17715e-05
10.2948  5.55534e-05
10.3047  5.24157e-05
10.3151  5.30412e-05
10.3252  5.13597e-05
10.3353  5.40914e-05
10.3455  5.05981e-05
10.3557  5.33742e-05
10.3658  4.79403e-05
10.3759  5.14207e-05
10.386  4.81523e-05
10.3959  5.20671e-05
10.4062  4.79839e-05
10.4166  4.97981e-05
10.4266  4.73308e-05
10.4366  4.87026e-05
10.4468  4.55431e-05
10.4568  4.93474e-05
10.4672  4.66341e-05
10.4772  4.54382e-05
10.4874  4.67327e-05
10.4975  4.61438e-05
10.5076  4.41099e-05
10.5179  4.76334e-05
10.5285  4.77955e-05
10.5389  4.30232e-05
10.549  4.30641e-05
10.5591  4.50763e-05
10.5694  4.17078e-05
10.5793  4.31111e-05
10.5894  4.17971e-05
10.5993  4.24672e-05
10.6095  4.04578e-05
10.6197  4.30019e-05
10.6298  3.93001e-05
10.6399  4.18322e-05
10.6499  4.06138e-05
10.6601  3.99467e-05
10.6707  4.13413e-05
10.6812  4.18502e-05
10.6915  3.79426e-05
10.702  4.26004e-05
10.7124  3.82535e-05
10.7226  3.85681e-05
10.7329  3.6926e-05
10.743  3.84789e-05
10.7531  3.51495e-05
10.7633  3.77106e-05
10.7733  3.76831e-05
10.7836  3.49351e-05
10.7936  3.44479e-05
10.8038  3.82384e-05
10.8138  3.3721e-05
10.8241  3.57254e-05
10.834  3.45421e-05
10.8442  3.34532e-05
10.8549  3.79631e-05
10.8658  3.58999e-05
10.8758  3.02313e-05
10.8859  3.47911e-05
10.8961  3.35284e-05
10.9063  3.31764e-05
10.9164  3.04738e-05
10.9265  3.30317e-05
10.9367  3.08804e-05
10.947  3.19703e-05
10.9569  3.16558e-05
10.9671  3.1118e-05
10.9773  2.88346e-05
10.9874  3.27768e-05
10.9976  2.89768e-05
11.0081  3.21471e-05
11.0186  3.01185e-05
11.0289  3.02901e-05
11.039  2.71536e-05
11.0492  2.97933e-05
11.0594  2.91547e-05
11.0702  3.15469e-05
11.0807  2.72034e-05
11.0906  2.7774e-05
11.101  2.70135e-05
11.1112  2.89456e-05
11.1214  2.60165e-05
11.1313  2.68666e-05
11.1417  2.66488e-05
11.1518  2.78456e-05
11.1621  2.4854e-05
11.1721  2.59838e-05
11.1825  2.64989e-05
11.1924  2.47143e-05
11.2028  2.58666e-05
11.213  2.58184e-05
11.2231  2.33532e-05
11.2333  2.44812e-05
11.2434  2.53249e-05
11.2535  2.32205e-05
11.2638  2.4709e-05
11.2739  2.43408e-05
11.2842  2.24552e-05
11.2942  2.29436e-05
11.3053  2.70259e-05
11.3159  2.24717e-05
11.3262  2.2838e-05
11.3362  2.30411e-05
11.3467  2.08866e-05
11.3567  2.1689e-05
11.3668  2.36301e-05
11.3769  2.09372e-05
11.3874  2.1009e-05
11.3974  2.18015e-05
11.4078  2.06265e-05
11.4177  2.03247e-05
11.428  2.09852e-05
11.438  2.03719e-05
11.4483  2.01702e-05
11.4581  2.05211e-05
11.4683  1.89615e-05
11.4787  1.89438e-05
11.4893  2.26249e-05
11.4995  1.88693e-05
11.5101  1.83151e-05
11.5199  2.00607e-05
11.5303  1.82983e-05
11.5403  1.76804e-05
11.5506  1.89212e-05
11.5607  1.84337e-05
11.5708  1.75963e-05
11.5806  1.80701e-05
11.5911  1.73306e-05
11.6013  1.7051e-05
11.6115  1.84802e-05
11.6215  1.7466e-05
11.6319  1.5837e-05
11.6418  1.77475e-05
11.6523  1.6329e-05
11.6624  1.65779e-05
11.6726  1.66636e-05
11.683  1.66852e-05
11.6931  1.52486e-05
11.703  1.67411e-05
11.7138  1.65269e-05
11.7237  1.4441e-05
11.7339  1.56546e-05
11.7439  1.62638e-05
11.7544  1.40037e-05
11.7643  1.56248e-05
11.7746  1.45852e-05
11.7846  1.4403e-05
11.7948  1.47687e-05
11.8051  1.48722e-05
11.8153  1.38597e-05
11.8252  1.45995e-05
11.8358  1.4408e-05
11.8458  1.30198e-05
11.8559  1.36625e-05
11.866  1.44019e-05
11.8764  1.36069e-05
11.8866  1.29394e-05
11.8969  1.3501e-05
11.9068  1.25727e-05
11.9173  1.3036e-05
11.9274  1.3458e-05
11.9376  1.26295e-05
11.9474  1.13295e-05
11.9581  1.40734e-05
11.9686  1.19095e-05
11.9787  1.21817e-05
11.9888  1.26687e-05
11.999  1.16558e-05
12.0092  1.11666e-05
12.0197  1.32453e-05
12.0297  1.07746e-05
12.0402  1.16111e-05
12.0505  1.14441e-05
12.0606  1.16207e-05
12.0707  1.04119e-05
12.0812  1.20505e-05
12.0914  1.03218e-05
12.1018  1.10439e-05
12.1119  1.08381e-05
12.1223  1.11633e-05
12.1325  9.84102e-06
12.1427  1.08316e-05
12.1528  9.20988e-06
12.1629  1.07386e-05
12.1734  1.04054e-05
12.1834  1.02671e-05
12.1938  9.20325e-06
12.204  1.04405e-05
12.2144  9.32605e-06
12.2246  9.60481e-06
12.2348  9.1792e-06
12.2452  9.8157e-06
12.2551  9.25317e-06
12.2658  9.29988e-06
12.276  8.92109e-06
12.286  8.55809e-06
12.296  9.21915e-06
12.3066  9.35798e-06
12.3166  7.83936e-06
12.327  9.06987e-06
12.3371  8.25944e-06
12.3476  8.81696e-06
12.3573  8.14547e-06
12.3679  8.42628e-06
12.3779  8.15407e-06
12.3887  8.21855e-06
12.3991  8.48268e-06
12.4094  7.71495e-06
12.4198  7.47896e-06
12.4301  9.05075e-06
12.4398  7.04427e-06
12.4507  7.4762e-06
12.4608  7.66468e-06
12.4711  7.27823e-06
12.4812  7.35948e-06
12.4917  8.04586e-06
12.5019  6.29672e-06
12.5121  7.14688e-06
12.5225  7.16777e-06
12.5325  7.18415e-06
12.5432  6.76063e-06
12.5535  7.79976e-06
12.5636  5.67682e-06
12.5739  6.42505e-06
12.5844  7.19398e-06
12.5946  6.85528e-06
12.6051  5.93993e-06
12.615  6.81239e-06
12.6257  5.99121e-06
12.6356  6.30616e-06
12.6461  5.87352e-06
12.6557  6.41235e-06
12.6668  6.09194e-06
12.6768  6.51113e-06
12.687  5.49363e-06
12.6972  5.48284e-06
12.7081  6.4549e-06
12.7179  5.31509e-06
12.7285  5.65193e-06
12.7382  5.7446e-06
12.749  5.46132e-06
12.7586  5.01198e-06
12.7697  5.85871e-06
12.7795  5.19721e-06
12.79  5.43042e-06
12.8004  5.47087e-06
12.8107  5.14709e-06
12.8207  4.68488e-06
12.8314  5.65146e-06
12.8418  5.32019e-06
12.8531  5.09202e-06
12.8627  4.70219e-06
12.8736  4.43337e-06
12.8838  4.86767e-06
12.894  5.14967e-06
12.9042  4.48501e-06
12.9148  4.90361e-06
12.9251  4.42576e-06
12.9359  4.84371e-06
12.9461  3.73462e-06
12.9562  4.67465e-06
12.9664  4.50277e-06
12.9772  4.28979e-06
12.9872  4.00949e-06
12.9972  4.55139e-06
13.0078  4.16754e-06
13.0184  4.26136e-06
13.0285  3.92256e-06
13.0387  3.60159e-06
13.0485  4.36668e-06
13.0594  4.21999e-06
13.0697  3.29637e-06
13.0799  4.09228e-06
13.0904  4.11322e-06
13.1011  3.77653e-06
13.1114  3.69084e-06
13.122  3.61718e-06
13.1326  3.46251e-06
13.1433  3.81295e-06
13.1531  3.71899e-06
13.1637  3.51285e-06
13.1745  3.41163e-06
13.1847  3.62163e-06
13.1953  3.2099e-06
13.2058  3.40644e-06
13.2158  3.39608e-06
13.2262  3.03697e-06
13.2371  3.45929e-06
13.2473  3.30438e-06
13.2577  2.68531e-06
13.2682  3.64772e-06
13.2787  3.01879e-06
13.2893  3.0124e-06
13.3  3.0447e-06
13.3097  2.89768e-06
13.3206  2.97387e-06
13.3311  2.8798e-06
13.3413  2.93108e-06
13.3514  2.67026e-06
13.362  3.05152e-06
13.3717  2.27105e-06
13.3821  2.90824e-06
13.3931  2.76838e-06
13.403  2.77339e-06
13.4141  2.59045e-06
13.4245  2.80296e-06
13.4354  2.16283e-06
13.4453  2.57309e-06
13.4558  2.42846e-06
13.4661  3.19249e-06
13.4769  2.1786e-06
13.4875  2.17883e-06
13.4981  2.61643e-06
13.5086  2.33561e-06
13.52  2.69736e-06
13.53  2.31606e-06
13.5422  2.33556e-06
13.5522  2.37235e-06
13.5634  2.35879e-06
13.5734  1.97315e-06
13.5841  2.14888e-06
13.5943  2.16416e-06
13.6052  2.12405e-06
13.6157  2.04263e-06
13.6262  2.1588e-06
13.6372  1.81573e-06
13.6478  2.55448e-06
13.658  1.89692e-06
13.6688  1.79192e-06
13.6786  1.70152e-06
13.6887  1.95754e-06
13.6996  1.81532e-06
13.7101  2.16546e-06
13.72  1.71508e-06
13.731  1.69975e-06
13.7412  1.7437e-06
13.7509  1.78892e-06
13.762  1.63399e-06
13.7726  2.15497e-06
13.7839  1.38066e-06
13.7946  1.72585e-06
13.805  1.65903e-06
13.8153  1.60809e-06
13.8259  1.74504e-06
13.8363  1.76514e-06
13.8472  1.45347e-06
13.8576  1.32685e-06
13.8676  1.52196e-06
13.878  1.77537e-06
13.8895  1.44961e-06
13.8991  1.63078e-06
13.9103  1.24456e-06
13.9211  1.55657e-06
13.9315  1.49568e-06
13.9422  1.21497e-06
13.9528  1.50834e-06
13.9631  1.33411e-06
13.9739  1.41254e-06
13.9848  1.17771e-06
13.9949  1.40017e-06
14.0054  1.30352e-06
14.0166  1.3424e-06
14.0274  1.38092e-06
14.0381  1.12949e-06
14.0493  1.3174e-06
14.0592  1.0549e-06
14.0694  1.17962e-06
14.0801  1.38858e-06
14.0911  1.05651e-06
14.1011  1.07692e-06
14.1129  1.33584e-06
14.1237  1.29699e-06
14.1353  1.04957e-06
14.1451  8.30973e-07
14.1551  1.21431e-06
14.1662  9.53015e-07
14.1764  1.2344e-06
14.1873  1.04531e-06
14.1986  1.01681e-06
14.2097  9.71126e-07
14.2194  1.07905e-06
14.2311  8.31712e-07
14.2412  1.1133e-06
14.2525  8.98354e-07
14.263  9.63916e-07
14.2747  1.09019e-06
14.2849  7.74686e-07
14.2957  8.93133e-07
14.3051  8.35471e-07
14.3158  8.32641e-07
14.326  9.44451e-07
14.3379  9.45339e-07
14.3471  5.27009e-07
14.3579  8.53565e-07
14.3684  9.173e-07
14.3792  9.4583e-07
14.3895  6.37042e-07
14.3993  8.51644e-07
14.4095  6.04576e-07
14.421  7.9613e-07
14.4316  6.66144e-07
14.4419  8.61782e-07
14.4534  7.16475e-07
14.4637  8.87187e-07
14.4745  4.81173e-07
14.4856  8.64353e-07
14.4954  6.37356e-07
14.5058  6.31448e-07
14.5176  7.13215e-07
14.528  6.73366e-07
14.538  5.63254e-07
14.5483  7.54318e-07
14.5588  5.38563e-07
14.5686  6.16132e-07
14.5797  6.14549e-07
14.589  7.01824e-07
14.6004  4.31478e-07
14.6114  5.99946e-07
14.6207  6.14143e-07
14.6319  5.16292e-07
14.6422  6.32367e-07
14.6538  6.0784e-07
14.6646  4.56273e-07
14.6754  6.30708e-07
14.6858  5.91352e-07
14.6956  4.59719e-07
14.7071  4.70402e-07
14.7168  4.8474e-07
14.7277  4.81212e-07
14.7384  5.67198e-07
14.7482  5.19465e-07
14.7599  4.48488e-07
14.7701  4.2176e-07
14.78  4.25591e-07
14.7909  5.22037e-07
14.8032  5.3352e-07
14.8132  4.74708e-07
14.8246  4.30566e-07
14.8342  3.694e-07
14.8452  4.58149e-07
14.8569  3.5645e-07
14.8667  5.64393e-07
14.8777  3.37284e-07
14.8883  4.48175e-07
14.8994  3.05457e-07
14.9094  4.3794e-07
14.9196  2.83808e-07
14.9303  4.64941e-07
14.9406  3.30016e-07
14.9511  3.98409e-07
14.9619  3.62184e-07
14.9709  3.44511e-07
14.9836  4.06199e-07
14.994  3.79963e-07
15.0059  2.50371e-07
15.0144  3.32211e-07
15.0251  3.19504e-07
15.0354  3.27411e-07
15.0467  3.64067e-07
15.0565  3.51411e-07
15.0689  2.88557e-07
15.0789  2.72774e-07
15.0894  3.50973e-07
15.1004  2.78703e-07
15.1119  3.76685e-07
15.1213  1.94421e-07
15.1326  2.659e-07
15.1432  2.95085e-07
15.1544  3.48167e-07
15.166  2.07603e-07
15.1764  3.27822e-07
15.187  3.02665e-07
15.1973  2.57243e-07
15.2082  2.43315e-07
15.2182  1.97692e-07
15.2293  2.98743e-07
15.2405  2.75778e-07
15.2507  1.95918e-07
15.2607  2.11598e-07
15.2715  1.99534e-07
15.2825  2.70256e-07
15.2936  2.51142e-07
15.3038  2.64111e-07
15.3146  2.06595e-07
15.3253  1.49973e-07
15.3347  2.50379e-07
15.3458  2.16391e-07
15.3578  1.85676e-07
15.3689  2.33385e-07
15.3788  1.86632e-07
15.3892  2.18516e-07
15.3995  1.96381e-07
15.4117  1.64142e-07
15.422  1.67254e-07
15.4321  1.86617e-07
15.4424  1.98644e-07
15.4535  1.61142e-07
15.4637  2.07019e-07
15.4736  1.92895e-07
15.4848  1.27161e-07
15.4944  1.60359e-07
15.506  1.40418e-07
15.5165  1.53176e-07
15.5256  1.81614e-07
15.5365  1.35559e-07
15.5481  1.69319e-07
15.5581  1.82827e-07
15.5689  1.14262e-07
15.5788  1.59585e-07
15.5901  1.12962e-07
15.6003  1.62176e-07
15.6098  1.70915e-07
15.6209  1.57372e-07
15.632  6.24702e-08
15.6432  1.23429e-07
15.6548  1.93068e-07
15.6648  1.54819e-07
15.6763  1.41089e-07
15.686  1.53012e-07
15.6981  9.62585e-08
15.7062  8.33426e-08
15.7181  1.04358e-07
15.7278  1.23005e-07
15.741  1.29383e-07
15.7499  1.08864e-07
15.7617  1.21824e-07
15.7717  8.10123e-08
15.7825  1.55359e-07
15.7961  1.1608e-07
15.8054  1.35073e-07
15.8155  4.36273e-08
15.8275  9.39858e-08
15.8378  1.25835e-07
15.8492  1.24663e-07
15.8613  9.79946e-08
15.8704  1.06115e-07
15.8828  9.46371e-08
15.8936  6.80751e-08
15.9035  1.20344e-07
15.914  6.80925e-08
15.9271  1.1705e-07
15.9396  7.03873e-08
15.9494  9.94448e-08
15.9596  7.5416e-08
15.9697  8.48794e-08
15.9819  8.44957e-08
15.9938  5.11068e-08
16.0038  8.86769e-08
16.0159  6.43747e-08
16.0258  1.4202e-07
16.0364  5.26851e-08
16.047  6.51947e-08
16.0572  7.71615e-08
16.0696  6.42159e-08
16.0802  5.81969e-08
16.0913  5.39743e-08
16.1016  7.77905e-08
16.1112  6.66577e-08
16.1235  4.8511e-08
16.132  6.50515e-08
16.1448  5.46414e-08
16.1559  8.89588e-08
16.1657  5.55768e-08
16.1758  5.86671e-08
16.1867  9.01595e-08
16.202  4.42687e-08
16.2111  4.42541e-08
16.2217  6.06529e-08
16.2326  4.24966e-08
16.2455  5.84684e-08
16.2567  3.76143e-08
16.2677  8.36337e-08
16.2777  6.29992e-08
16.2905  4.56585e-08
16.2998  5.36615e-08
16.3109  4.96606e-08
16.3195  3.35802e-08
16.3314  6.92977e-08
16.3435  2.19906e-08
16.3541  3.96193e-08
16.3675  5.04321e-08
16.3766  4.84397e-08
16.3894  3.95352e-08
16.4011  5.80626e-08
16.4112  4.16308e-08
16.4213  2.75448e-08
16.4345  4.34243e-08
16.448  2.20607e-08
16.457  5.78852e-08
16.4659  2.38994e-08
16.4775  4.32943e-08
16.4878  2.28897e-08
16.4977  3.78155e-08
16.5119  3.62e-08
16.5208  4.89758e-08
16.5302  2.72725e-08
16.5398  2.64996e-08
16.5534  5.09575e-08
16.5636  2.86123e-08
16.5772  3.22207e-08
16.5904  3.0807e-08
16.5989  3.83509e-08
16.6137  1.69502e-08
16.6226  4.8704e-09
16.6337  3.1577e-08
16.6446  3.74247e-08
16.6551  2.78603e-08
16.6666  3.95713e-08
16.6788  3.02844e-08
16.6875  3.20237e-08
16.6985  8.17811e-09
16.7109  2.11771e-08
16.7201  3.34681e-08
16.7345  1.73578e-08
16.7432  3.20295e-08
16.7547  2.10006e-08
16.768  2.52196e-08
16.7764  3.083e-08
16.787  1.66929e-08
16.7994  1.08245e-08
16.8134  1.72935e-08
16.8219  1.34448e-08
16.8319  4.02467e-08
16.8431  1.05275e-08
16.8535  1.06474e-08
16.8721  4.68959e-08
16.8843  2.53987e-08
16.8968  1.5101e-08
16.9063  1.97397e-08
16.9182  1.14988e-08
16.9269  1.88415e-08
16.941  2.16683e-08
16.9542  1.39453e-08
16.9647  2.25181e-08
16.9768  1.05148e-08
16.9896  1.37641e-08
17.0043  1.80145e-08
17.0171  3.15005e-08
17.0292  7.73485e-09
17.0438  1.95708e-08
17.0591  1.9737e-08
17.0685  8.78713e-09
17.0851  4.85134e-09
17.0928  2.84101e-08
17.1048  5.45129e-09
17.1158  6.45781e-09
17.128  2.19143e-08
17.1427  1.42829e-08
17.1485  1.52197e-08
17.1644  1.43378e-08
17.1755  1.46487e-08
17.1856  4.35984e-09
17.2016  1.11107e-08
17.2094  7.33547e-09
17.2264  5.7753e-09
17.2407  1.36271e-08
17.2496  2.55802e-08
17.2637  6.23881e-09
17.2732  8.66652e-09
17.2854  9.9188e-09
17.2995  5.8856e-09
17.3159  8.69834e-09
17.3322  1.12847e-08
17.3452  5.85241e-09
17.3527  1.25111e-08
17.3691  1.61436e-08
17.3867  1.68282e-08
17.3992  9.23071e-09
17.4121  5.05886e-09
17.423  7.70575e-09
17.4416  1.13989e-08
17.4538  1.46742e-09
17.4634  1.95793e-09
17.4717  5.84794e-09
17.4852  5.34104e-09
17.4982  7.70053e-09
17.5121  7.28439e-09
17.5218  1.00505e-08
17.5361  8.56037e-09
17.5513  9.13589e-09
17.5629  2.22438e-09
17.5764  6.2159e-09
17.5887  8.40154e-09
17.6129  6.27576e-09
17.6249  9.20418e-09
17.6338  5.28062e-09
17.647  5.58818e-09
17.6646  3.39704e-09
17.6739  6.86862e-09
17.6933  1.84482e-09
17.7025  5.63984e-09
17.7158  1.55845e-09
17.7375  3.5219e-09
17.7447  8.25126e-09
17.7565  8.19535e-09
17.772  3.57107e-10
17.7769  9.62197e-09
17.7966  1.50307e-09
17.8131  8.06433e-09
17.8382  7.90499e-10
17.8535  2.67906e-09
17.8601  8.64836e-09
17.8754  1.61247e-09
17.8891  4.13969e-09
17.8958  2.36107e-09
17.9162  5.04427e-10
17.9283  5.12941e-10
17.9421  6.15289e-09
17.9613  6.84616e-09
17.9792  3.51914e-09
17.9991  7.84289e-09
18.022  1.11542e-09
18.0318  2.62861e-09
18.0506  4.2045e-09
18.073  1.57236e-09
18.0842  4.67984e-09
18.1002  8.79482e-10
18.121  1.48454e-09
18.1314  4.23982e-09
18.147  2.63308e-09
18.1625  2.73284e-09
18.1847  1.77064e-09
18.1971  4.36916e-10
18.2231  2.52426e-09
18.2337  3.6034e-09
18.2395  3.72946e-09
18.2597  2.71168e-09
18.3037  4.45228e-10
18.3157  1.5971e-09
18.3262  3.76115e-10
18.3498  1.21458e-09
18.3593  4.83648e-09
18.3851  2.29243e-09
18.3947  7.40007e-10
18.407  1.45101e-09
18.4247  1.69727e-09
18.461  2.83954e-09
18.4858  3.89152e-10
18.4995  1.99814e-09
18.5045  1.67444e-09
18.552  8.08749e-10
18.5724  2.03768e-09
18.6103  3.25752e-09
18.6324  1.07678e-09
18.6616  1.81463e-09
18.6834  3.79474e-10
18.7314  1.43311e-09
18.7392  1.50083e-09
18.7588  4.40149e-10
18.7951  8.5465e-10
18.8346  9.61997e-10
18.8473  1.98776e-09
18.873  1.37144e-09
18.9262  3.85444e-10
18.97  5.32638e-10
19.0058  3.69527e-10
19.0174  3.50185e-10
19.035  1.24549e-09
19.0716  1.35304e-09
19.1111  7.61495e-10
19.1146  3.865e-10
19.2219  1.44674e-09
19.2428  2.59869e-10
19.3456  8.81386e-10
19.445  9.28672e-10
19.4838  5.05203e-10
19.6162  1.78363e-10
19.6454  3.00586e-10
19.7215  7.35116e-10
19.8328  2.67183e-10
20.0554  2.24126e-10
20.0949  2.52277e-10
20.3319  1.77413e-10
20.7053  1.21769e-10
