-20.52  1.25548e-10
-20.1459  1.81876e-10
-19.9081  2.67372e-10
-19.87  2.30239e-10
-19.6536  2.58782e-10
-19.5339  7.7466e-10
-19.4767  2.84009e-10
-19.4309  1.83899e-10
-19.3246  3.08713e-10
-19.2962  1.89801e-10
-19.2581  9.8065e-10
-19.1877  3.41603e-10
-19.1598  5.61108e-10
-19.0623  6.03003e-10
-19.0416  1.10222e-09
-18.9605  3.47064e-10
-18.922  8.2487e-10
-18.8839  1.42062e-09
-18.8646  1.55945e-09
-18.819  3.91638e-10
-18.7847  5.47936e-10
-18.7777  3.44153e-10
-18.7127  1.31489e-09
-18.6962  3.70027e-10
-18.6674  1.59674e-09
-18.6461  1.04421e-09
-18.6102  1.30088e-09
-18.5757  1.4909e-09
-18.5644  3.79056e-10
-18.5457  1.57263e-09
-18.4906  1.7524e-09
-18.4683  4.02874e-10
-18.4503  2.56835e-09
-18.4297  1.17366e-09
-18.4166  3.05215e-10
-18.4027  3.65966e-10
-18.3909  2.43734e-09
-18.3472  1.8641e-09
-18.3385  1.90483e-09
-18.3269  2.25691e-10
-18.2731  3.43208e-09
-18.2526  2.77788e-09
-18.2355  4.52194e-10
-18.2156  2.65221e-09
-18.2022  2.38578e-09
-18.1729  3.5981e-09
-18.1653  1.83756e-09
-18.1408  3.86375e-10
-18.1132  3.8465e-10
-18.1002  1.90049e-09
-18.0821  3.65291e-09
-18.0645  3.63308e-09
-18.0555  3.40047e-09
-18.0049  2.16167e-09
-17.9973  4.40834e-09
-17.975  2.6345e-09
-17.9631  2.20718e-09
-17.9526  1.94145e-09
-17.9261  4.71115e-09
-17.9114  4.4519e-10
-17.8978  2.19139e-09
-17.8779  6.39855e-09
-17.8573  2.17735e-09
-17.845  4.23685e-09
-17.8329  1.20825e-09
-17.8201  1.74736e-09
-17.8013  6.01001e-09
-17.7912  3.68225e-09
-17.778  7.02162e-09
-17.7474  4.76609e-10
-17.7327  3.72129e-09
-17.7266  4.05658e-09
-17.7101  5.76281e-09
-17.697  3.215e-09
-17.681  3.29056e-09
-17.6693  4.7066e-09
-17.6559  2.32924e-10
-17.641  2.00994e-09
-17.6248  7.17859e-09
-17.6038  1.02836e-08
-17.5894  8.29437e-09
-17.5784  2.37175e-09
-17.5614  4.71195e-09
-17.5529  5.47446e-09
-17.5305  5.87045e-09
-17.5169  5.62187e-09
-17.5028  4.68938e-09
-17.4834  7.664e-09
-17.4694  6.46994e-09
-17.453  1.01803e-08
-17.433  4.31771e-09
-17.4135  5.50123e-09
-17.4036  1.0603e-08
-17.3873  1.09329e-08
-17.3802  4.1678e-09
-17.3612  9.42583e-09
-17.3512  9.55978e-09
-17.3402  3.67657e-09
-17.317  2.12077e-09
-17.311  1.1833e-08
-17.2992  1.03876e-08
-17.285  1.38349e-09
-17.2773  2.95003e-09
-17.2624  1.02867e-08
-17.2475  9.5726e-09
-17.2316  1.58751e-08
-17.217  6.92274e-09
-17.2076  1.10456e-08
-17.1892  1.59513e-08
-17.1789  8.47563e-09
-17.1634  6.42959e-09
-17.1538  6.01889e-09
-17.1366  1.06533e-08
-17.1254  1.67867e-08
-17.1153  6.98298e-09
-17.0972  1.57683e-08
-17.0805  2.33498e-08
-17.0694  4.57267e-09
-17.058  1.5158e-08
-17.0424  4.98396e-09
-17.0278  4.92887e-09
-17.0152  2.30741e-08
-17.0022  2.34896e-09
-16.9912  2.29827e-08
-16.9763  1.66768e-08
-16.9679  1.04251e-08
-16.9559  1.40842e-08
-16.9399  1.75601e-08
-16.9221  1.82122e-08
-16.9121  1.71407e-08
-16.9035  1.27048e-08
-16.8898  1.82048e-08
-16.8785  1.05443e-08
-16.8691  1.6543e-08
-16.8572  1.34148e-08
-16.8474  4.42307e-09
-16.8351  1.91151e-08
-16.8186  2.33944e-08
-16.8045  2.75372e-08
-16.7987  1.2055e-08
-16.7889  1.59775e-08
-16.7719  1.75916e-08
-16.7645  6.64248e-09
-16.7521  1.78942e-08
-16.7402  3.34285e-08
-16.7265  2.42753e-08
-16.7129  1.93806e-08
-16.6971  2.79841e-08
-16.6864  4.04728e-08
-16.672  1.23968e-08
-16.6627  2.17179e-08
-16.6456  2.26062e-08
-16.634  2.1255e-08
-16.6198  3.0964e-08
-16.6079  2.15561e-08
-16.5976  3.88205e-08
-16.5864  2.0473e-08
-16.5794  1.15229e-08
-16.5639  1.84174e-08
-16.5514  1.56992e-08
-16.5431  3.38655e-08
-16.5289  4.8123e-08
-16.5171  3.78229e-08
-16.5078  3.53211e-08
-16.4958  2.07642e-08
-16.4832  1.19683e-08
-16.4696  4.04815e-08
-16.4588  1.72086e-08
-16.4463  5.09152e-08
-16.4318  3.28486e-08
-16.4241  2.21229e-08
-16.4101  4.43551e-08
-16.4017  3.12301e-08
-16.393  2.50539e-08
-16.3801  3.21138e-08
-16.366  4.56232e-08
-16.356  2.51871e-08
-16.3439  5.34689e-08
-16.3345  1.88526e-08
-16.3218  4.78593e-08
-16.3098  4.98287e-08
-16.2983  3.51916e-08
-16.2884  3.26632e-08
-16.2724  7.89462e-08
-16.2599  5.54513e-08
-16.2502  2.46349e-08
-16.238  2.07409e-08
-16.2275  4.45176e-08
-16.2193  5.02558e-08
-16.2048  4.76834e-08
-16.1938  4.55667e-08
-16.1853  3.41569e-08
-16.173  4.89744e-08
-16.1644  2.91771e-08
-16.1504  8.16873e-08
-16.1377  6.85018e-08
-16.1275  5.16808e-08
-16.1181  6.64415e-08
-16.1043  5.17045e-08
-16.0931  4.46159e-08
-16.0836  4.51747e-08
-16.0731  5.83928e-08
-16.0598  4.69545e-08
-16.0503  7.32139e-08
-16.0377  8.03407e-08
-16.0274  4.79238e-08
-16.0163  6.05829e-08
-16.0053  6.65961e-08
-15.9936  7.80806e-08
-15.9838  7.69339e-08
-15.9705  8.1997e-08
-15.9587  2.44717e-08
-15.9494  6.48665e-08
-15.9376  8.35236e-08
-15.9257  6.89028e-08
-15.9135  5.36021e-08
-15.9036  1.06569e-07
-15.8943  7.17071e-08
-15.8837  4.11956e-08
-15.8731  1.04493e-07
-15.8619  9.64765e-08
-15.8486  8.75404e-08
-15.8381  3.64235e-08
-15.8285  9.22261e-08
-15.8173  1.00678e-07
-15.8068  8.24637e-08
-15.7957  1.02996e-07
-15.7835  8.12711e-08
-15.7738  7.05244e-08
-15.7635  7.28067e-08
-15.7545  9.02349e-08
-15.7426  1.07435e-07
-15.7299  1.34497e-07
-15.7219  8.0602e-08
-15.7095  1.19126e-07
-15.6978  1.01068e-07
-15.6862  1.06205e-07
-15.6758  7.48339e-08
-15.6631  9.38551e-08
-15.6538  1.55441e-07
-15.6432  1.42108e-07
-15.6303  9.60544e-08
-15.6211  1.11317e-07
-15.6076  1.3958e-07
-15.5959  1.3891e-07
-15.5861  8.98659e-08
-15.5744  1.241e-07
-15.5635  1.02704e-07
-15.5521  1.45644e-07
-15.5402  1.8372e-07
-15.5295  8.35604e-08
-15.5204  1.12803e-07
-15.5083  1.56024e-07
-15.4979  1.17815e-07
-15.4889  1.67155e-07
-15.4772  1.74278e-07
-15.4656  1.30723e-07
-15.4539  1.2954e-07
-15.444  1.52517e-07
-15.4346  1.61464e-07
-15.4232  1.66965e-07
-15.4131  1.68015e-07
-15.4035  1.42759e-07
-15.393  1.15306e-07
-15.3805  1.52993e-07
-15.3692  1.56092e-07
-15.3579  2.28118e-07
-15.3476  1.5598e-07
-15.3362  2.15044e-07
-15.3266  1.34484e-07
-15.316  2.53011e-07
-15.3059  1.29393e-07
-15.2948  1.30984e-07
-15.2854  1.87646e-07
-15.2732  2.17436e-07
-15.2621  2.40427e-07
-15.2515  1.87537e-07
-15.2423  1.17459e-07
-15.2317  2.05634e-07
-15.2196  2.65597e-07
-15.2103  2.03679e-07
-15.1965  2.59677e-07
-15.1846  2.67702e-07
-15.1741  2.18032e-07
-15.1642  2.08782e-07
-15.153  1.99945e-07
-15.1429  2.3568e-07
-15.1319  2.7097e-07
-15.1222  1.97236e-07
-15.1134  2.26401e-07
-15.1011  2.3662e-07
-15.0895  2.90232e-07
-15.0783  2.95788e-07
-15.0692  2.08589e-07
-15.0595  2.25041e-07
-15.0465  3.76108e-07
-15.035  3.12936e-07
-15.0255  2.08911e-07
-15.0139  2.61998e-07
-15.0045  2.95236e-07
-14.9948  2.80277e-07
-14.9832  3.39906e-07
-14.972  1.79297e-07
-14.9619  3.40527e-07
-14.9521  2.74325e-07
-14.9411  4.56807e-07
-14.9283  3.48737e-07
-14.9177  2.39444e-07
-14.9068  3.01589e-07
-14.896  3.82673e-07
-14.8861  2.92203e-07
-14.8763  2.67919e-07
-14.8647  4.45714e-07
-14.8542  4.43098e-07
-14.8434  2.6792e-07
-14.8344  2.51412e-07
-14.8223  4.82299e-07
-14.8112  3.88003e-07
-14.8007  4.23724e-07
-14.7891  4.22766e-07
-14.7798  3.04689e-07
-14.7689  4.3979e-07
-14.7566  4.36633e-07
-14.7463  3.46922e-07
-14.7363  3.48755e-07
-14.7259  4.94111e-07
-14.7157  4.0199e-07
-14.7046  4.6553e-07
-14.6934  4.53953e-07
-14.6837  3.94214e-07
-14.6742  4.42801e-07
-14.6634  4.47031e-07
-14.6516  4.88255e-07
-14.6399  6.08706e-07
-14.6305  3.83366e-07
-14.6199  5.19218e-07
-14.6086  6.13386e-07
-14.598  4.31859e-07
-14.5865  4.31638e-07
-14.5772  4.22851e-07
-14.5674  5.47872e-07
-14.5562  5.45507e-07
-14.5449  6.62468e-07
-14.5336  5.84869e-07
-14.523  6.19082e-07
-14.5126  4.72183e-07
-14.5018  5.7544e-07
-14.4911  5.50278e-07
-14.4811  5.40306e-07
-14.4711  5.67895e-07
-14.4605  7.50535e-07
-14.4494  6.68388e-07
-14.4379  6.72674e-07
-14.4272  5.81224e-07
-14.4162  5.36707e-07
-14.4057  6.7643e-07
-14.3956  8.1901e-07
-14.3848  6.21285e-07
-14.3744  5.93232e-07
-14.3641  6.41849e-07
-14.3544  7.28225e-07
-14.3436  7.17154e-07
-14.332  9.13175e-07
-14.3206  7.0275e-07
-14.3106  7.84946e-07
-14.2999  6.02498e-07
-14.2896  7.57309e-07
-14.2794  6.96552e-07
-14.2692  7.71331e-07
-14.2585  9.20561e-07
-14.2477  7.44276e-07
-14.2371  8.83865e-07
-14.2264  9.03181e-07
-14.2155  8.47437e-07
-14.2056  7.35401e-07
-14.1944  8.30529e-07
-14.1833  9.47445e-07
-14.1729  9.8335e-07
-14.1627  8.74017e-07
-14.1525  8.06014e-07
-14.1423  9.07405e-07
-14.1322  9.47357e-07
-14.1213  9.81197e-07
-14.1098  9.91457e-07
-14.0993  9.64358e-07
-14.0882  1.07364e-06
-14.0775  1.14777e-06
-14.0662  9.84859e-07
-14.056  9.73688e-07
-14.0458  9.13897e-07
-14.0357  1.13089e-06
-14.0256  1.23331e-06
-14.0141  7.8272e-07
-14.004  1.33635e-06
-13.9943  1.11821e-06
-13.9842  1.0728e-06
-13.9723  1.15675e-06
-13.9627  9.83609e-07
-13.9525  1.39905e-06
-13.9413  1.35895e-06
-13.9305  1.08863e-06
-13.9203  1.12973e-06
-13.9095  1.29467e-06
-13.8994  1.24984e-06
-13.8893  1.25926e-06
-13.879  1.26782e-06
-13.8672  1.22596e-06
-13.857  1.47064e-06
-13.8472  1.47102e-06
-13.8353  1.47519e-06
-13.8235  1.44254e-06
-13.8139  1.30342e-06
-13.8036  1.54645e-06
-13.7926  1.35425e-06
-13.7819  1.44125e-06
-13.7717  1.48051e-06
-13.7614  1.62063e-06
-13.751  1.3209e-06
-13.7416  1.60022e-06
-13.7302  1.65785e-06
-13.7186  1.77685e-06
-13.7083  1.37048e-06
-13.6987  1.57633e-06
-13.6875  1.63282e-06
-13.6775  1.84985e-06
-13.667  1.94962e-06
-13.656  1.50439e-06
-13.6455  1.47477e-06
-13.6357  1.96606e-06
-13.6248  1.61529e-06
-13.6141  2.00386e-06
-13.6036  1.863e-06
-13.5929  1.92955e-06
-13.5818  1.83138e-06
-13.5708  2.02156e-06
-13.5598  2.14616e-06
-13.5491  1.80094e-06
-13.5392  2.00538e-06
-13.5292  2.09569e-06
-13.518  2.08614e-06
-13.5075  2.01144e-06
-13.4969  1.94601e-06
-13.4863  2.27583e-06
-13.4749  2.41677e-06
-13.4646  1.92064e-06
-13.4538  2.37954e-06
-13.4432  2.28547e-06
-13.4329  2.18087e-06
-13.4231  2.10402e-06
-13.4125  2.35939e-06
-13.4018  2.15859e-06
-13.3913  2.63944e-06
-13.3816  2.1575e-06
-13.371  2.51589e-06
-13.3595  2.69098e-06
-13.3493  2.80443e-06
-13.3385  2.32553e-06
-13.3276  2.57577e-06
-13.3169  2.51182e-06
-13.3063  2.86397e-06
-13.2961  2.35269e-06
-13.2858  2.84049e-06
-13.275  2.73471e-06
-13.2652  2.80012e-06
-13.2536  2.9573e-06
-13.2429  2.93351e-06
-13.232  2.89467e-06
-13.2214  2.77256e-06
-13.2109  3.21789e-06
-13.2003  2.73903e-06
-13.19  2.98552e-06
-13.18  3.18551e-06
-13.1694  2.97066e-06
-13.1596  2.7892e-06
-13.1487  3.46213e-06
-13.1381  3.34877e-06
-13.1278  3.15044e-06
-13.1179  3.10261e-06
-13.1071  3.11707e-06
-13.0965  3.60778e-06
-13.0856  3.35519e-06
-13.0755  3.68245e-06
-13.0648  3.43267e-06
-13.0542  3.54181e-06
-13.0436  3.69691e-06
-13.0333  3.38876e-06
-13.0229  3.73374e-06
-13.0127  3.47194e-06
-13.0019  3.65471e-06
-12.9922  3.84729e-06
-12.982  4.11473e-06
-12.9719  3.23411e-06
-12.961  3.97389e-06
-12.9511  3.9999e-06
-12.9409  3.88654e-06
-12.9304  4.15e-06
-12.9192  4.35646e-06
-12.9084  4.14721e-06
-12.8977  4.69961e-06
-12.8875  3.94488e-06
-12.8771  4.47563e-06
-12.8664  4.11688e-06
-12.856  4.83064e-06
-12.8457  4.40995e-06
-12.8354  4.22122e-06
-12.8249  4.21741e-06
-12.8148  4.80774e-06
-12.8045  4.83801e-06
-12.7944  4.42396e-06
-12.784  4.38533e-06
-12.7739  5.24244e-06
-12.7631  4.88745e-06
-12.7524  5.03087e-06
-12.7421  4.75523e-06
-12.7317  5.14353e-06
-12.7211  5.14347e-06
-12.7112  5.05679e-06
-12.7006  5.50406e-06
-12.69  5.44067e-06
-12.6793  5.16669e-06
-12.6694  5.44441e-06
-12.6589  5.79862e-06
-12.6486  4.81599e-06
-12.6383  5.7402e-06
-12.628  6.32434e-06
-12.6174  5.14473e-06
-12.6073  5.28829e-06
-12.5974  6.06092e-06
-12.5869  5.88113e-06
-12.5767  5.96056e-06
-12.5666  5.85346e-06
-12.5565  6.10794e-06
-12.5463  6.07734e-06
-12.5356  6.23494e-06
-12.5256  6.05825e-06
-12.5157  6.68956e-06
-12.5053  5.79272e-06
-12.495  6.80834e-06
-12.485  6.60591e-06
-12.4745  6.67213e-06
-12.4641  6.75241e-06
-12.4538  6.76812e-06
-12.443  7.13231e-06
-12.4324  7.15804e-06
-12.4222  7.28164e-06
-12.4114  7.14414e-06
-12.401  7.24107e-06
-12.3908  6.91915e-06
-12.3808  7.39955e-06
-12.3705  7.44052e-06
-12.3601  7.13509e-06
-12.3498  8.40809e-06
-12.3395  7.44864e-06
-12.3294  7.60093e-06
-12.3187  7.95988e-06
-12.3081  7.98734e-06
-12.2983  8.06435e-06
-12.2881  8.04619e-06
-12.2775  8.04783e-06
-12.2677  8.25513e-06
-12.2575  8.47328e-06
-12.2472  7.86594e-06
-12.2371  8.82692e-06
-12.2267  8.48112e-06
-12.2161  8.8387e-06
-12.206  9.30798e-06
-12.1957  8.87258e-06
-12.1853  8.65915e-06
-12.175  9.29142e-06
-12.1651  9.21624e-06
-12.1545  8.82362e-06
-12.1446  9.23703e-06
-12.1342  1.00154e-05
-12.1233  1.01526e-05
-12.1128  9.17771e-06
-12.1028  9.47943e-06
-12.0927  1.04757e-05
-12.0824  9.91482e-06
-12.072  1.01243e-05
-12.0615  1.0635e-05
-12.0514  9.52815e-06
-12.0416  1.03302e-05
-12.0307  1.11169e-05
-12.0205  1.06716e-05
-12.0106  9.95757e-06
-12  1.21465e-05
-11.9893  1.13847e-05
-11.979  1.05947e-05
-11.9689  1.07357e-05
-11.9588  1.14965e-05
-11.9484  1.12581e-05
-11.9385  1.17659e-05
-11.9282  1.10442e-05
-11.9181  1.16504e-05
-11.9076  1.25761e-05
-11.8974  1.1897e-05
-11.8871  1.23159e-05
-11.8769  1.22782e-05
-11.8667  1.22716e-05
-11.8564  1.23315e-05
-11.8462  1.26494e-05
-11.8365  1.27755e-05
-11.8259  1.24413e-05
-11.8147  1.59228e-05
-11.8038  1.29658e-05
-11.7939  1.2552e-05
-11.7835  1.3364e-05
-11.7732  1.3744e-05
-11.7627  1.50761e-05
-11.7523  1.35385e-05
-11.7419  1.40438e-05
-11.7316  1.4635e-05
-11.7214  1.40477e-05
-11.7113  1.43732e-05
-11.7011  1.4395e-05
-11.6909  1.50111e-05
-11.6806  1.47277e-05
-11.6703  1.55969e-05
-11.6601  1.46375e-05
-11.65  1.53687e-05
-11.6398  1.46769e-05
-11.6297  1.66254e-05
-11.6198  1.46255e-05
-11.6096  1.58707e-05
-11.5993  1.61823e-05
-11.5892  1.68645e-05
-11.5789  1.6021e-05
-11.5687  1.66755e-05
-11.5586  1.54397e-05
-11.5486  1.78945e-05
-11.5382  1.71002e-05
-11.528  1.73125e-05
-11.5178  1.64139e-05
-11.5079  1.87544e-05
-11.4973  1.60181e-05
-11.4873  1.8908e-05
-11.4772  1.79205e-05
-11.467  1.81454e-05
-11.4565  1.77676e-05
-11.4466  1.95712e-05
-11.4365  1.74241e-05
-11.4264  1.95594e-05
-11.4162  1.86659e-05
-11.406  1.95894e-05
-11.3957  1.88081e-05
-11.3858  1.97632e-05
-11.3756  2.01127e-05
-11.3653  2.08247e-05
-11.3549  1.89254e-05
-11.345  2.09118e-05
-11.3348  2.1081e-05
-11.3242  2.10655e-05
-11.3143  1.921e-05
-11.3044  2.27521e-05
-11.2938  2.13795e-05
-11.2837  2.15013e-05
-11.2734  2.1497e-05
-11.2632  2.24921e-05
-11.2532  2.2035e-05
-11.2428  2.30084e-05
-11.2326  2.23756e-05
-11.2223  2.34179e-05
-11.2123  2.19385e-05
-11.202  2.48355e-05
-11.1918  2.18702e-05
-11.182  2.33667e-05
-11.1717  2.42078e-05
-11.1616  2.47275e-05
-11.1516  2.33932e-05
-11.1411  2.4798e-05
-11.1312  2.40771e-05
-11.121  2.51133e-05
-11.1109  2.5918e-05
-11.1005  2.49483e-05
-11.0904  2.70487e-05
-11.08  2.64597e-05
-11.07  2.43128e-05
-11.0596  2.74878e-05
-11.0494  2.7656e-05
-11.0394  2.5568e-05
-11.0295  2.67542e-05
-11.0188  2.9271e-05
-11.0089  2.59702e-05
-10.9988  2.74303e-05
-10.9885  3.03297e-05
-10.9782  2.69345e-05
-10.9682  2.82374e-05
-10.9574  3.26765e-05
-10.947  2.84137e-05
-10.9367  2.91508e-05
-10.9267  2.98545e-05
-10.9163  2.91024e-05
-10.9066  3.02847e-05
-10.8963  3.17774e-05
-10.8859  3.02454e-05
-10.8758  3.10268e-05
-10.8659  3.20093e-05
-10.8553  3.06102e-05
-10.8452  3.23819e-05
-10.8351  3.25203e-05
-10.8251  3.0256e-05
-10.8149  3.41763e-05
-10.8049  3.34906e-05
-10.7945  3.24167e-05
-10.7847  3.32998e-05
-10.7743  3.32596e-05
-10.7638  3.70569e-05
-10.7534  3.5424e-05
-10.7433  3.31882e-05
-10.7331  3.52782e-05
-10.7231  3.63316e-05
-10.7127  3.48014e-05
-10.7028  3.49332e-05
-10.6927  3.75548e-05
-10.6823  3.7076e-05
-10.6721  3.59138e-05
-10.6622  3.77114e-05
-10.652  3.66933e-05
-10.642  3.77181e-05
-10.6318  3.94056e-05
-10.6215  3.89732e-05
-10.6114  3.7766e-05
-10.6014  3.86933e-05
-10.591  4.00016e-05
-10.581  4.1714e-05
-10.5709  3.70587e-05
-10.5608  4.10388e-05
-10.5506  4.23253e-05
-10.5406  4.00292e-05
-10.5303  4.25216e-05
-10.5198  4.46996e-05
-10.5093  4.2085e-05
-10.499  4.41776e-05
-10.489  4.04189e-05
-10.4789  4.49729e-05
-10.4686  4.31397e-05
-10.4588  4.23296e-05
-10.4486  4.46258e-05
-10.4384  4.67604e-05
-10.4284  4.33667e-05
-10.4182  4.59091e-05
-10.4079  4.62804e-05
-10.398  4.50543e-05
-10.388  4.60046e-05
-10.3776  4.98881e-05
-10.3675  4.66796e-05
-10.3571  4.68672e-05
-10.3471  4.83305e-05
-10.3371  4.80917e-05
-10.3268  4.99557e-05
-10.3166  4.95585e-05
-10.3067  4.71998e-05
-10.2966  5.13552e-05
-10.2865  5.0925e-05
-10.2764  4.82454e-05
-10.2664  5.26064e-05
-10.2563  5.33897e-05
-10.2461  5.04111e-05
-10.2358  5.22825e-05
-10.2258  5.48101e-05
-10.2156  5.27902e-05
-10.2055  5.3024e-05
-10.1956  5.50803e-05
-10.1853  5.42754e-05
-10.1751  5.55636e-05
-10.1649  5.70095e-05
-10.1548  5.50805e-05
-10.1445  5.70869e-05
-10.1345  5.54553e-05
-10.1243  5.83105e-05
-10.1143  5.97648e-05
-10.1041  5.61055e-05
-10.0934  6.45919e-05
-10.0825  6.33493e-05
-10.0726  5.55676e-05
-10.0624  6.1668e-05
-10.0523  6.21437e-05
-10.0422  5.83628e-05
-10.0323  6.08928e-05
-10.0219  6.46553e-05
-10.0119  6.12566e-05
-10.0016  6.5321e-05
-9.99164  6.0873e-05
-9.98131  6.46572e-05
-9.97148  6.34574e-05
-9.96117  6.75431e-05
-9.95112  6.34587e-05
-9.94037  7.62995e-05
-9.92961  6.39144e-05
-9.91939  6.76262e-05
-9.90957  6.72795e-05
-9.8993  7.02937e-05
-9.88931  6.54001e-05
-9.87911  7.02446e-05
-9.86902  6.83222e-05
-9.85888  7.19815e-05
-9.84896  6.83951e-05
-9.83875  7.0891e-05
-9.82879  7.31727e-05
-9.81811  7.8323e-05
-9.80738  7.25858e-05
-9.79731  7.38667e-05
-9.78743  7.21906e-05
-9.77662  8.26812e-05
-9.76604  7.51668e-05
-9.75606  7.43604e-05
-9.74598  7.63153e-05
-9.7357  7.76863e-05
-9.72568  7.61933e-05
-9.71564  7.87622e-05
-9.70547  7.83553e-05
-9.69533  7.86662e-05
-9.68514  8.11462e-05
-9.67512  7.75364e-05
-9.66514  8.01471e-05
-9.65489  8.30999e-05
-9.64482  8.13555e-05
-9.6347  8.20157e-05
-9.62461  8.42352e-05
-9.61448  8.33568e-05
-9.6043  8.36712e-05
-9.59415  8.54642e-05
-9.5841  8.72188e-05
-9.57396  8.52809e-05
-9.56376  8.63749e-05
-9.55369  8.72238e-05
-9.54362  8.88305e-05
-9.53346  8.89224e-05
-9.52347  8.75644e-05
-9.51332  8.97807e-05
-9.50308  9.42005e-05
-9.49313  8.71531e-05
-9.4829  9.45699e-05
-9.47272  9.21897e-05
-9.46268  9.28611e-05
-9.45267  9.0874e-05
-9.44243  9.90748e-05
-9.43234  9.26619e-05
-9.42224  9.62734e-05
-9.41211  9.56565e-05
-9.4021  9.70242e-05
-9.39209  9.56011e-05
-9.38171  0.000103747
-9.37176  9.36346e-05
-9.36165  0.00010372
-9.35154  9.77399e-05
-9.34144  0.00010322
-9.33136  9.98072e-05
-9.32129  0.000104423
-9.31123  9.88792e-05
-9.30098  0.000108027
-9.29093  0.000103769
-9.28086  0.00010524
-9.27074  0.000105161
-9.26045  0.000109775
-9.25056  0.000105501
-9.24037  0.000108457
-9.22981  0.000118005
-9.2193  0.000111843
-9.20873  0.000118518
-9.19811  0.000113005
-9.18813  0.000108669
-9.17797  0.000114468
-9.16791  0.000115373
-9.15776  0.000112165
-9.14772  0.000115667
-9.13746  0.000117049
-9.12744  0.000114101
-9.1173  0.000119321
-9.10732  0.000122013
-9.09698  0.000115345
-9.08686  0.00012055
-9.07681  0.000122659
-9.0667  0.000121979
-9.05635  0.000119235
-9.04615  0.000137043
-9.0354  0.000121189
-9.02537  0.000124959
-9.01532  0.000123658
-9.00529  0.000129018
-8.99486  0.000128247
-8.98498  0.000125581
-8.97482  0.000125964
-8.96482  0.000133986
-8.95471  0.000126066
-8.94472  0.000132336
-8.93441  0.000133988
-8.92442  0.000131456
-8.91427  0.000131406
-8.90412  0.000141861
-8.89388  0.000131925
-8.88401  0.000134332
-8.87371  0.000139934
-8.86322  0.000148674
-8.85275  0.000138259
-8.84266  0.000142555
-8.83246  0.000136334
-8.82253  0.000145069
-8.81228  0.00014053
-8.80226  0.000145487
-8.7921  0.000142835
-8.78216  0.000144367
-8.77197  0.000144173
-8.76187  0.00015193
-8.75166  0.000146356
-8.74162  0.000150249
-8.73139  0.000148512
-8.72142  0.000151134
-8.71129  0.000150399
-8.70124  0.000153524
-8.691  0.000150266
-8.6811  0.000158722
-8.6709  0.000153644
-8.66085  0.000151216
-8.65081  0.0001605
-8.64068  0.000162046
-8.63041  0.000154706
-8.62044  0.000163581
-8.61033  0.000158301
-8.60013  0.000162993
-8.59006  0.000163159
-8.5796  0.000179416
-8.56898  0.000162036
-8.5589  0.000168824
-8.54874  0.000167846
-8.53812  0.00018294
-8.52768  0.000167457
-8.51753  0.000169676
-8.50743  0.000171482
-8.49728  0.000177555
-8.48717  0.000169301
-8.47646  0.00019075
-8.46606  0.000179431
-8.45573  0.00017428
-8.44571  0.000176101
-8.43569  0.000178554
-8.42566  0.000177213
-8.41542  0.000181841
-8.40556  0.000182163
-8.39521  0.000180741
-8.38526  0.00018621
-8.3752  0.000180445
-8.3652  0.000185893
-8.35483  0.000189172
-8.34505  0.000183821
-8.33482  0.000187097
-8.32424  0.00021607
-8.3136  0.000187222
-8.30355  0.000188933
-8.29325  0.00020217
-8.28335  0.000190656
-8.27311  0.000191438
-8.26312  0.000200966
-8.25309  0.000193477
-8.24314  0.000195847
-8.23301  0.000200486
-8.22296  0.000199696
-8.21295  0.00019965
-8.20288  0.000208666
-8.19275  0.000197144
-8.18261  0.000211751
-8.17258  0.000202196
-8.16257  0.000206786
-8.15244  0.00021155
-8.14242  0.000205291
-8.13245  0.000208271
-8.12229  0.000217569
-8.11223  0.000211704
-8.10209  0.000212619
-8.09201  0.000218026
-8.082  0.000212219
-8.07189  0.000222535
-8.06171  0.000220128
-8.05111  0.00023824
-8.04062  0.000221438
-8.03047  0.000229244
-8.01979  0.00024198
-8.00919  0.000228066
-7.99915  0.000222893
-7.98912  0.00023024
-7.97896  0.000226255
-7.96887  0.000232964
-7.95885  0.000227507
-7.94878  0.000234589
-7.93875  0.000229779
-7.92853  0.000242438
-7.9185  0.000231841
-7.90854  0.00023222
-7.89849  0.000238762
-7.8884  0.000248684
-7.87825  0.000231564
-7.86812  0.000245685
-7.85755  0.000270683
-7.84689  0.000245983
-7.8367  0.000243791
-7.82675  0.000250439
-7.81658  0.000246256
-7.80649  0.000247456
-7.79651  0.00025075
-7.78648  0.000254273
-7.7764  0.000242998
-7.76653  0.000260557
-7.75616  0.000258605
-7.74609  0.000256604
-7.73613  0.000251355
-7.72611  0.000261597
-7.71602  0.000258591
-7.70602  0.000266771
-7.69577  0.000257135
-7.68576  0.000270803
-7.67564  0.000263168
-7.6655  0.000271019
-7.65536  0.000264353
-7.64536  0.000273381
-7.6352  0.000268664
-7.62468  0.000300989
-7.61403  0.000272643
-7.60381  0.000281007
-7.59372  0.000273462
-7.58365  0.000281081
-7.57361  0.00027074
-7.56351  0.000286627
-7.55341  0.000276382
-7.54329  0.000289511
-7.5333  0.000276788
-7.52325  0.000286033
-7.51318  0.000283224
-7.50301  0.000296073
-7.49302  0.000284796
-7.48289  0.000291146
-7.47289  0.00028664
-7.46269  0.000304286
-7.45259  0.000295127
-7.44235  0.000293633
-7.43235  0.000298275
-7.42175  0.000330209
-7.41119  0.000299696
-7.40095  0.000304995
-7.39089  0.000303666
-7.38079  0.000300734
-7.37077  0.000307306
-7.36067  0.000308189
-7.35071  0.000303377
-7.34059  0.000310613
-7.33001  0.000344327
-7.31939  0.000314187
-7.30926  0.000316172
-7.29913  0.000313399
-7.28913  0.000318479
-7.27909  0.000317865
-7.26893  0.000316829
-7.25895  0.000323291
-7.24883  0.000327041
-7.23876  0.000314709
-7.22879  0.000327542
-7.21857  0.00033592
-7.20842  0.000323044
-7.19852  0.000328907
-7.18838  0.000333311
-7.17828  0.000328941
-7.16828  0.000336393
-7.15813  0.000339181
-7.14803  0.000333718
-7.13806  0.000332972
-7.12802  0.000346614
-7.11782  0.000339355
-7.10786  0.000343738
-7.09766  0.000348639
-7.08701  0.000382663
-7.07637  0.000347251
-7.06636  0.000349629
-7.05618  0.000354013
-7.04614  0.000347278
-7.03596  0.000360518
-7.02597  0.000352478
-7.01592  0.000351222
-7.00581  0.000363021
-6.99564  0.00036107
-6.98569  0.000361895
-6.97552  0.000358226
-6.96544  0.000371495
-6.95533  0.000361117
-6.94528  0.000369345
-6.93525  0.000361353
-6.92522  0.000379096
-6.91511  0.000363334
-6.90506  0.000378173
-6.89495  0.000372139
-6.88433  0.000422657
-6.8738  0.0003684
-6.86364  0.000387006
-6.85356  0.000381719
-6.84343  0.000384677
-6.83343  0.000371376
-6.82331  0.000401991
-6.81332  0.000374653
-6.80323  0.000390492
-6.79316  0.000395657
-6.78299  0.000389215
-6.77305  0.000388928
-6.76283  0.000404674
-6.75238  0.000428081
-6.74167  0.000406793
-6.73159  0.000398153
-6.72143  0.00039873
-6.71149  0.000402659
-6.70134  0.00040664
-6.69131  0.000402861
-6.68105  0.000413804
-6.67068  0.000439042
-6.66018  0.000404887
-6.65008  0.000423594
-6.6398  0.000414397
-6.62983  0.000410293
-6.6194  0.000446081
-6.60856  0.000452342
-6.59793  0.000422497
-6.58796  0.00042481
-6.57784  0.000416499
-6.56721  0.000470761
-6.55665  0.000427173
-6.54652  0.000430678
-6.53628  0.0004292
-6.52632  0.000433384
-6.51619  0.000427222
-6.50607  0.00043567
-6.49602  0.000442523
-6.48594  0.0004297
-6.47581  0.000438804
-6.46579  0.000435665
-6.45583  0.000444487
-6.44571  0.000440161
-6.43502  0.000493303
-6.42444  0.000444356
-6.41441  0.000452828
-6.40427  0.000443769
-6.39419  0.000454143
-6.38416  0.000449845
-6.37394  0.000466163
-6.36385  0.000440024
-6.35393  0.00046714
-6.34377  0.000452567
-6.33366  0.000462431
-6.32368  0.000458812
-6.31362  0.000465441
-6.30351  0.00046252
-6.2934  0.000467994
-6.2834  0.000467565
-6.27321  0.000473463
-6.26321  0.000460564
-6.25309  0.000489909
-6.24292  0.000469538
-6.23281  0.000473818
-6.22286  0.000474326
-6.21277  0.000479517
-6.20274  0.000479965
-6.19203  0.000538084
-6.18148  0.000480467
-6.1713  0.000488963
-6.16125  0.000487893
-6.1506  0.000543113
-6.13998  0.000487214
-6.12989  0.000496462
-6.11985  0.000490915
-6.10974  0.000490314
-6.09964  0.000506061
-6.08907  0.000543229
-6.07851  0.000497707
-6.06843  0.000501633
-6.05837  0.000503437
-6.04833  0.000494288
-6.03824  0.00051747
-6.02767  0.000552321
-6.01709  0.000510537
-6.00707  0.000502893
-5.99696  0.00051753
-5.98689  0.00050998
-5.97682  0.000517545
-5.96672  0.000515154
-5.95658  0.000519635
-5.9466  0.000521111
-5.93638  0.000520668
-5.92625  0.00052934
-5.91579  0.000567555
-5.90532  0.000513488
-5.89519  0.000538748
-5.88514  0.000529731
-5.87498  0.00052576
-5.86496  0.000529998
-5.85455  0.000574679
-5.84403  0.000536527
-5.83388  0.000540267
-5.82373  0.000543856
-5.8137  0.000527602
-5.80361  0.000551524
-5.79348  0.000541034
-5.78334  0.000547907
-5.77327  0.000543293
-5.76313  0.000550199
-5.75314  0.00054496
-5.74258  0.000594041
-5.73221  0.000545904
-5.72208  0.000557863
-5.71212  0.000547331
-5.70191  0.000563985
-5.69195  0.000549801
-5.68186  0.00055317
-5.67181  0.000573427
-5.6616  0.000557645
-5.65124  0.000605531
-5.64054  0.000577204
-5.63053  0.000562158
-5.62042  0.000565205
-5.61045  0.000570484
-5.60018  0.000570584
-5.59027  0.000568059
-5.58022  0.000572491
-5.57008  0.000577447
-5.55994  0.000574224
-5.54991  0.000589732
-5.53974  0.000563585
-5.52972  0.000589827
-5.51964  0.000580197
-5.50909  0.000629588
-5.49856  0.000586583
-5.48853  0.000594672
-5.47778  0.000641275
-5.46711  0.000600175
-5.45713  0.000584461
-5.44707  0.000586749
-5.43704  0.000589192
-5.42697  0.000597749
-5.41692  0.000593855
-5.40676  0.000604696
-5.39672  0.000588931
-5.38665  0.000598373
-5.3767  0.000600301
-5.36659  0.000601755
-5.35651  0.000604117
-5.34641  0.000605499
-5.33642  0.000604523
-5.32623  0.000613564
-5.31613  0.000616185
-5.30599  0.000602718
-5.29596  0.00061476
-5.28592  0.0006108
-5.27589  0.000612297
-5.26587  0.000605104
-5.2558  0.000626948
-5.24576  0.000604744
-5.23573  0.000628139
-5.22558  0.000624091
-5.21544  0.000621
-5.20541  0.000618155
-5.19533  0.000634583
-5.18521  0.000621839
-5.17515  0.00062063
-5.1651  0.000640411
-5.15494  0.000625483
-5.14486  0.000631202
-5.13472  0.000640246
-5.12465  0.000631051
-5.11461  0.000627041
-5.10449  0.000645249
-5.09435  0.000638829
-5.08427  0.000638649
-5.07423  0.000633444
-5.06406  0.000652694
-5.05405  0.000632221
-5.04392  0.000649603
-5.03383  0.000641827
-5.02377  0.000652532
-5.01364  0.000644246
-5.00342  0.000655246
-4.99347  0.000645533
-4.98334  0.000652058
-4.97323  0.00065167
-4.96307  0.000661565
-4.9527  0.000689125
-4.94227  0.000659741
-4.93224  0.000651789
-4.92214  0.000656052
-4.91208  0.000660837
-4.90201  0.000655213
-4.89189  0.000666271
-4.88181  0.000663778
-4.87175  0.0006534
-4.86166  0.00067068
-4.85153  0.000669009
-4.84146  0.000662346
-4.83131  0.00066974
-4.82127  0.000676642
-4.8111  0.000656739
-4.80107  0.000682582
-4.79094  0.000666184
-4.78094  0.000671312
-4.7707  0.000678075
-4.76071  0.000684536
-4.75049  0.000663885
-4.74011  0.000735324
-4.7297  0.000662484
-4.71966  0.000693008
-4.70939  0.000679039
-4.69939  0.000689108
-4.68919  0.000668875
-4.67916  0.000700418
-4.66855  0.000726836
-4.65764  0.000765919
-4.64694  0.000675451
-4.63697  0.000691003
-4.6268  0.00068758
-4.61671  0.000705044
-4.60647  0.00067479
-4.59648  0.000703604
-4.58579  0.000759165
-4.57523  0.000691958
-4.56507  0.000696249
-4.55495  0.00070759
-4.54478  0.000681666
-4.53483  0.000698392
-4.52474  0.00069512
-4.5146  0.000699932
-4.50462  0.000690301
-4.49449  0.000713067
-4.48441  0.000684511
-4.47437  0.00070546
-4.46432  0.000699368
-4.45413  0.000712092
-4.44412  0.000693215
-4.43347  0.000787273
-4.42286  0.000699875
-4.41277  0.000701681
-4.4028  0.000710108
-4.39264  0.000699904
-4.38265  0.000710624
-4.37247  0.000716102
-4.3624  0.000707176
-4.35228  0.000706807
-4.34219  0.000723397
-4.33203  0.000706077
-4.32205  0.000713458
-4.31191  0.000707763
-4.30191  0.000714095
-4.29184  0.000711558
-4.28178  0.000717585
-4.2717  0.000707612
-4.2617  0.000722436
-4.25158  0.000708822
-4.24155  0.00071697
-4.23151  0.000723916
-4.22131  0.000724245
-4.21127  0.000705091
-4.20129  0.000724934
-4.19115  0.000724855
-4.18109  0.000714895
-4.17098  0.000728411
-4.1609  0.000721776
-4.1509  0.00071429
-4.14084  0.000724194
-4.13076  0.000723882
-4.12078  0.000720277
-4.11067  0.000723885
-4.10054  0.000738325
-4.09041  0.000724288
-4.08033  0.000729692
-4.07012  0.000736338
-4.06013  0.000719026
-4.05005  0.000725895
-4.04001  0.000732143
-4.02994  0.000725488
-4.01983  0.000739339
-4.00966  0.000728227
-3.99963  0.000735317
-3.98951  0.000725163
-3.97948  0.000735307
-3.96943  0.000727887
-3.95926  0.000743135
-3.9492  0.000723197
-3.93916  0.000740308
-3.92907  0.000730057
-3.91901  0.000728984
-3.90898  0.000738483
-3.89884  0.000736995
-3.8888  0.000735607
-3.87863  0.00073687
-3.86862  0.000742502
-3.85846  0.000723611
-3.8485  0.000745721
-3.83833  0.000734768
-3.8283  0.000742749
-3.81817  0.000726235
-3.80815  0.000753978
-3.79796  0.000730717
-3.788  0.000742679
-3.77787  0.000726496
-3.76782  0.000758906
-3.75771  0.000723444
-3.7476  0.000758982
-3.73738  0.000735778
-3.72696  0.000809418
-3.71586  0.000801236
-3.70534  0.000764244
-3.69522  0.000722151
-3.68518  0.000747067
-3.67508  0.000738888
-3.66505  0.000751823
-3.65491  0.000726759
-3.6443  0.00084027
-3.63357  0.000741379
-3.62343  0.000750586
-3.61343  0.000729569
-3.60339  0.000744079
-3.59333  0.000738524
-3.58327  0.000749935
-3.57324  0.000730822
-3.56308  0.000756901
-3.55308  0.000732319
-3.54298  0.000746674
-3.53292  0.000747798
-3.52288  0.000729805
-3.51286  0.000749335
-3.50211  0.000833251
-3.4916  0.000732392
-3.48147  0.000745126
-3.4715  0.000740662
-3.46134  0.000751966
-3.45123  0.000747619
-3.44101  0.000756165
-3.43097  0.000732992
-3.4209  0.000745107
-3.41083  0.000751992
-3.40075  0.000730054
-3.39084  0.000740175
-3.38076  0.000739441
-3.37072  0.000751259
-3.36065  0.000736466
-3.35054  0.000751831
-3.3404  0.000742755
-3.33046  0.000735812
-3.32037  0.000745605
-3.31027  0.000744944
-3.30024  0.000739428
-3.29021  0.00074242
-3.28013  0.000738357
-3.2701  0.000747649
-3.25994  0.000747456
-3.24986  0.000743367
-3.23976  0.000740357
-3.22973  0.000748821
-3.21963  0.000729324
-3.20958  0.000757785
-3.19939  0.000742058
-3.18941  0.000735805
-3.17867  0.000828933
-3.16821  0.000731538
-3.15817  0.000730946
-3.14819  0.000751667
-3.13804  0.000732029
-3.12799  0.000753679
-3.11776  0.000739396
-3.10783  0.000739247
-3.0976  0.000746018
-3.0875  0.000751191
-3.07732  0.000734735
-3.06726  0.000750252
-3.05714  0.00073235
-3.04715  0.000738371
-3.03701  0.000738779
-3.02699  0.000745333
-3.01685  0.00072587
-3.00674  0.000762087
-2.99662  0.000728724
-2.98647  0.000741878
-2.97639  0.000740228
-2.96629  0.000745697
-2.95618  0.000720764
-2.94613  0.00074913
-2.93613  0.000727678
-2.92545  0.000809014
-2.91496  0.00073711
-2.90482  0.000740278
-2.89415  0.000812993
-2.88353  0.000734271
-2.87346  0.000739663
-2.86322  0.000741533
-2.85321  0.000726141
-2.84303  0.000740457
-2.83297  0.000734097
-2.82293  0.000721273
-2.81288  0.000736179
-2.80274  0.000734216
-2.79272  0.000729122
-2.78262  0.000722431
-2.7726  0.000735367
-2.7626  0.000714817
-2.75251  0.000741306
-2.74241  0.000721816
-2.73234  0.000733821
-2.72227  0.000718123
-2.7122  0.000734673
-2.70217  0.000718863
-2.6921  0.000727193
-2.68206  0.000723705
-2.67198  0.000722197
-2.66192  0.000734696
-2.65163  0.000730741
-2.64158  0.000725511
-2.6315  0.000715716
-2.62142  0.000734857
-2.61126  0.000716144
-2.60132  0.000718901
-2.59123  0.000710486
-2.58121  0.000735992
-2.57112  0.000705643
-2.56104  0.00072983
-2.55091  0.000713751
-2.54093  0.000718343
-2.53086  0.000711259
-2.52078  0.000727196
-2.51064  0.000713137
-2.50057  0.000723872
-2.49052  0.000703596
-2.48036  0.000729768
-2.47033  0.000706685
-2.46024  0.00071619
-2.45015  0.000710156
-2.44009  0.000720942
-2.43001  0.000704229
-2.41989  0.000714764
-2.4099  0.000710744
-2.39977  0.000710544
-2.38976  0.000699648
-2.3797  0.000718002
-2.36959  0.000705873
-2.35947  0.000715029
-2.3494  0.000702599
-2.33924  0.000714307
-2.32923  0.000700488
-2.31913  0.000710352
-2.30897  0.000705312
-2.29889  0.000713489
-2.28839  0.000746081
-2.2774  0.000787617
-2.26676  0.000701249
-2.25672  0.00069388
-2.24661  0.000710398
-2.23653  0.000703217
-2.22638  0.000689209
-2.21641  0.000706718
-2.20632  0.00069079
-2.19625  0.000699351
-2.18617  0.000697473
-2.1761  0.000698705
-2.166  0.000688529
-2.15596  0.00070229
-2.14588  0.000684408
-2.13585  0.000699297
-2.12576  0.000687488
-2.11568  0.00069333
-2.10565  0.000693078
-2.09542  0.000701892
-2.08532  0.000681037
-2.0753  0.000697246
-2.06522  0.000681372
-2.05506  0.000693996
-2.04508  0.000684054
-2.03494  0.000688257
-2.02488  0.000683953
-2.01477  0.00069008
-2.0047  0.000684457
-1.99454  0.000685922
-1.98451  0.000680153
-1.97436  0.000688628
-1.96425  0.000691437
-1.95405  0.000674374
-1.94403  0.000684756
-1.93395  0.000678473
-1.92383  0.000679584
-1.91373  0.000675444
-1.90375  0.000682996
-1.89359  0.000668055
-1.88348  0.000688182
-1.87344  0.000669785
-1.86331  0.000675757
-1.85323  0.000673279
-1.84318  0.000676548
-1.83309  0.000664328
-1.82298  0.000680736
-1.81296  0.000661486
-1.80289  0.000669577
-1.79283  0.00067493
-1.78264  0.000672689
-1.7726  0.000661333
-1.76212  0.000724719
-1.75164  0.000664535
-1.74149  0.000673091
-1.73146  0.000657619
-1.72136  0.000666257
-1.71126  0.000668828
-1.70119  0.000656084
-1.69114  0.000661175
-1.681  0.00067244
-1.67088  0.000657065
-1.66079  0.000660907
-1.65064  0.000667491
-1.64051  0.000657988
-1.63051  0.000646945
-1.62046  0.000664998
-1.61033  0.00065475
-1.60026  0.000656419
-1.59016  0.000649713
-1.58012  0.000662979
-1.56998  0.000650896
-1.55993  0.000645535
-1.54992  0.000651468
-1.53984  0.000656411
-1.52973  0.000643246
-1.51971  0.00065305
-1.50959  0.000651034
-1.49947  0.000647668
-1.48944  0.000647396
-1.47923  0.000660558
-1.46906  0.000643689
-1.45903  0.000643339
-1.449  0.000639473
-1.43887  0.000653296
-1.42876  0.000643147
-1.41869  0.000634926
-1.40864  0.000653693
-1.39853  0.000630036
-1.38851  0.000640674
-1.37841  0.000645855
-1.36827  0.00064541
-1.35812  0.000630257
-1.34809  0.000650613
-1.33796  0.000625831
-1.32789  0.000642971
-1.31786  0.000631179
-1.30779  0.000635818
-1.29765  0.000634994
-1.28756  0.000640923
-1.27752  0.00062118
-1.26742  0.000644033
-1.25736  0.000620428
-1.24738  0.000626321
-1.23734  0.000636616
-1.22717  0.000629292
-1.21721  0.000615235
-1.20716  0.000644099
-1.19704  0.000615664
-1.18701  0.000621234
-1.17709  0.000634509
-1.16687  0.000622875
-1.15687  0.000614816
-1.14688  0.000633492
-1.13673  0.000624055
-1.12654  0.00062471
-1.11651  0.000632308
-1.10639  0.000610092
-1.0963  0.000632967
-1.08615  0.000621676
-1.07602  0.000626057
-1.0659  0.000618438
-1.05581  0.000624059
-1.04564  0.00061896
-1.03558  0.000623209
-1.02547  0.000614323
-1.01532  0.000621568
-1.00534  0.000610856
-0.995268  0.000615604
-0.985106  0.000620507
-0.975077  0.00060995
-0.965059  0.000611987
-0.954885  0.000619349
-0.944903  0.000604001
-0.934896  0.00060915
-0.924794  0.00061761
-0.914726  0.000604137
-0.904723  0.000611032
-0.894592  0.000615039
-0.884525  0.000604791
-0.873934  0.000672114
-0.863403  0.000606765
-0.853238  0.000615903
-0.843138  0.000604567
-0.833126  0.000603251
-0.823033  0.000610347
-0.812924  0.000608238
-0.802819  0.000606049
-0.792701  0.000607671
-0.782628  0.000607203
-0.772511  0.000602126
-0.762448  0.000602943
-0.752395  0.000606527
-0.742273  0.000601777
-0.732153  0.000605954
-0.722122  0.000599846
-0.711984  0.000606355
-0.701849  0.000602553
-0.691869  0.000591666
-0.681807  0.000604863
-0.671677  0.000600888
-0.661721  0.000586752
-0.651666  0.000604831
-0.641535  0.000605285
-0.631431  0.000589504
-0.621422  0.000599944
-0.611323  0.000601619
-0.601191  0.000596107
-0.591126  0.000593695
-0.581085  0.000603638
-0.570828  0.000602285
-0.56068  0.000598144
-0.550628  0.000594542
-0.540491  0.000600982
-0.530333  0.000596031
-0.520239  0.000597581
-0.510186  0.00058695
-0.500132  0.000597933
-0.490006  0.000594487
-0.479448  0.000649301
-0.468913  0.000591
-0.45874  0.000601824
-0.448686  0.000584064
-0.438659  0.000594438
-0.428556  0.000589379
-0.418505  0.000590405
-0.408517  0.00058566
-0.39839  0.000597376
-0.38832  0.000585021
-0.378319  0.000585819
-0.368253  0.000597296
-0.358062  0.000590664
-0.348005  0.000588215
-0.337906  0.000595475
-0.327769  0.00058934
-0.317648  0.000589934
-0.307583  0.000594236
-0.297412  0.000587152
-0.287294  0.000595706
-0.277208  0.000585549
-0.267111  0.000590164
-0.256954  0.000594446
-0.246807  0.000592096
-0.2367  0.000583532
-0.226612  0.000595949
-0.216425  0.000589241
-0.206263  0.000592724
-0.196223  0.000583972
-0.186104  0.000589896
-0.175934  0.000591805
-0.165917  0.000582661
-0.15585  0.000583999
-0.145666  0.000597409
-0.135676  0.000576129
-0.125608  0.000585928
-0.115458  0.000596889
-0.105361  0.000582256
-0.0953239  0.000579836
-0.0851878  0.000600471
-0.0750765  0.000579004
-0.0649967  0.000585257
-0.0548912  0.000599107
-0.0446828  0.000583718
-0.0345616  0.000587122
-0.0245103  0.000592387
-0.0143512  0.000583412
-0.00460531  0.000542381
0.00460531  0.000542381
0.0143512  0.000583412
0.0245103  0.000592387
0.0345616  0.000587122
0.0446828  0.000583718
0.0548912  0.000599107
0.0649967  0.000585257
0.0750765  0.000579004
0.0851878  0.000600471
0.0953239  0.000579836
0.105361  0.000582256
0.115458  0.000596889
0.125608  0.000585928
0.135676  0.000576129
0.145666  0.000597409
0.15585  0.000583999
0.165917  0.000582661
0.175934  0.000591805
0.186104  0.000589896
0.196223  0.000583972
0.206263  0.000592724
0.216425  0.000589241
0.226612  0.000595949
0.2367  0.000583532
0.246807  0.000592096
0.256954  0.000594446
0.267111  0.000590164
0.277208  0.000585549
0.287294  0.000595706
0.297412  0.000587152
0.307583  0.000594236
0.317648  0.000589934
0.327769  0.00058934
0.337906  0.000595475
0.348005  0.000588215
0.358062  0.000590664
0.368253  0.000597296
0.378319  0.000585819
0.38832  0.000585021
0.39839  0.000597376
0.408517  0.00058566
0.418505  0.000590405
0.428556  0.000589379
0.438659  0.000594438
0.448686  0.000584064
0.45874  0.000601824
0.468913  0.000591
0.479448  0.000649301
0.490006  0.000594487
0.500132  0.000597933
0.510186  0.00058695
0.520239  0.000597581
0.530333  0.000596031
0.540491  0.000600982
0.550628  0.000594542
0.56068  0.000598144
0.570828  0.000602285
0.581085  0.000603638
0.591126  0.000593695
0.601191  0.000596107
0.611323  0.000601619
0.621422  0.000599944
0.631431  0.000589504
0.641535  0.000605285
0.651666  0.000604831
0.661721  0.000586752
0.671677  0.000600888
0.681807  0.000604863
0.691869  0.000591666
0.701849  0.000602553
0.711984  0.000606355
0.722122  0.000599846
0.732153  0.000605954
0.742273  0.000601777
0.752395  0.000606527
0.762448  0.000602943
0.772511  0.000602126
0.782628  0.000607203
0.792701  0.000607671
0.802819  0.000606049
0.812924  0.000608238
0.823033  0.000610347
0.833126  0.000603251
0.843138  0.000604567
0.853238  0.000615903
0.863403  0.000606765
0.873934  0.000672114
0.884525  0.000604791
0.894592  0.000615039
0.904723  0.000611032
0.914726  0.000604137
0.924794  0.00061761
0.934896  0.00060915
0.944903  0.000604001
0.954885  0.000619349
0.965059  0.000611987
0.975077  0.00060995
0.985106  0.000620507
0.995268  0.000615604
1.00534  0.000610856
1.01532  0.000621568
1.02547  0.000614323
1.03558  0.000623209
1.04564  0.00061896
1.05581  0.000624059
1.0659  0.000618438
1.07602  0.000626057
1.08615  0.000621676
1.0963  0.000632967
1.10639  0.000610092
1.11651  0.000632308
1.12654  0.00062471
1.13673  0.000624055
1.14688  0.000633492
1.15687  0.000614816
1.16687  0.000622875
1.17709  0.000634509
1.18701  0.000621234
1.19704  0.000615664
1.20716  0.000644099
1.21721  0.000615235
1.22717  0.000629292
1.23734  0.000636616
1.24738  0.000626321
1.25736  0.000620428
1.26742  0.000644033
1.27752  0.00062118
1.28756  0.000640923
1.29765  0.000634994
1.30779  0.000635818
1.31786  0.000631179
1.32789  0.000642971
1.33796  0.000625831
1.34809  0.000650613
1.35812  0.000630257
1.36827  0.00064541
1.37841  0.000645855
1.38851  0.000640674
1.39853  0.000630036
1.40864  0.000653693
1.41869  0.000634926
1.42876  0.000643147
1.43887  0.000653296
1.449  0.000639473
1.45903  0.000643339
1.46906  0.000643689
1.47923  0.000660558
1.48944  0.000647396
1.49947  0.000647668
1.50959  0.000651034
1.51971  0.00065305
1.52973  0.000643246
1.53984  0.000656411
1.54992  0.000651468
1.55993  0.000645535
1.56998  0.000650896
1.58012  0.000662979
1.59016  0.000649713
1.60026  0.000656419
1.61033  0.00065475
1.62046  0.000664998
1.63051  0.000646945
1.64051  0.000657988
1.65064  0.000667491
1.66079  0.000660907
1.67088  0.000657065
1.681  0.00067244
1.69114  0.000661175
1.70119  0.000656084
1.71126  0.000668828
1.72136  0.000666257
1.73146  0.000657619
1.74149  0.000673091
1.75164  0.000664535
1.76212  0.000724719
1.7726  0.000661333
1.78264  0.000672689
1.79283  0.00067493
1.80289  0.000669577
1.81296  0.000661486
1.82298  0.000680736
1.83309  0.000664328
1.84318  0.000676548
1.85323  0.000673279
1.86331  0.000675757
1.87344  0.000669785
1.88348  0.000688182
1.89359  0.000668055
1.90375  0.000682996
1.91373  0.000675444
1.92383  0.000679584
1.93395  0.000678473
1.94403  0.000684756
1.95405  0.000674374
1.96425  0.000691437
1.97436  0.000688628
1.98451  0.000680153
1.99454  0.000685922
2.0047  0.000684457
2.01477  0.00069008
2.02488  0.000683953
2.03494  0.000688257
2.04508  0.000684054
2.05506  0.000693996
2.06522  0.000681372
2.0753  0.000697246
2.08532  0.000681037
2.09542  0.000701892
2.10565  0.000693078
2.11568  0.00069333
2.12576  0.000687488
2.13585  0.000699297
2.14588  0.000684408
2.15596  0.00070229
2.166  0.000688529
2.1761  0.000698705
2.18617  0.000697473
2.19625  0.000699351
2.20632  0.00069079
2.21641  0.000706718
2.22638  0.000689209
2.23653  0.000703217
2.24661  0.000710398
2.25672  0.00069388
2.26676  0.000701249
2.2774  0.000787617
2.28839  0.000746081
2.29889  0.000713489
2.30897  0.000705312
2.31913  0.000710352
2.32923  0.000700488
2.33924  0.000714307
2.3494  0.000702599
2.35947  0.000715029
2.36959  0.000705873
2.3797  0.000718002
2.38976  0.000699648
2.39977  0.000710544
2.4099  0.000710744
2.41989  0.000714764
2.43001  0.000704229
2.44009  0.000720942
2.45015  0.000710156
2.46024  0.00071619
2.47033  0.000706685
2.48036  0.000729768
2.49052  0.000703596
2.50057  0.000723872
2.51064  0.000713137
2.52078  0.000727196
2.53086  0.000711259
2.54093  0.000718343
2.55091  0.000713751
2.56104  0.00072983
2.57112  0.000705643
2.58121  0.000735992
2.59123  0.000710486
2.60132  0.000718901
2.61126  0.000716144
2.62142  0.000734857
2.6315  0.000715716
2.64158  0.000725511
2.65163  0.000730741
2.66192  0.000734696
2.67198  0.000722197
2.68206  0.000723705
2.6921  0.000727193
2.70217  0.000718863
2.7122  0.000734673
2.72227  0.000718123
2.73234  0.000733821
2.74241  0.000721816
2.75251  0.000741306
2.7626  0.000714817
2.7726  0.000735367
2.78262  0.000722431
2.79272  0.000729122
2.80274  0.000734216
2.81288  0.000736179
2.82293  0.000721273
2.83297  0.000734097
2.84303  0.000740457
2.85321  0.000726141
2.86322  0.000741533
2.87346  0.000739663
2.88353  0.000734271
2.89415  0.000812993
2.90482  0.000740278
2.91496  0.00073711
2.92545  0.000809014
2.93613  0.000727678
2.94613  0.00074913
2.95618  0.000720764
2.96629  0.000745697
2.97639  0.000740228
2.98647  0.000741878
2.99662  0.000728724
3.00674  0.000762087
3.01685  0.00072587
3.02699  0.000745333
3.03701  0.000738779
3.04715  0.000738371
3.05714  0.00073235
3.06726  0.000750252
3.07732  0.000734735
3.0875  0.000751191
3.0976  0.000746018
3.10783  0.000739247
3.11776  0.000739396
3.12799  0.000753679
3.13804  0.000732029
3.14819  0.000751667
3.15817  0.000730946
3.16821  0.000731538
3.17867  0.000828933
3.18941  0.000735805
3.19939  0.000742058
3.20958  0.000757785
3.21963  0.000729324
3.22973  0.000748821
3.23976  0.000740357
3.24986  0.000743367
3.25994  0.000747456
3.2701  0.000747649
3.28013  0.000738357
3.29021  0.00074242
3.30024  0.000739428
3.31027  0.000744944
3.32037  0.000745605
3.33046  0.000735812
3.3404  0.000742755
3.35054  0.000751831
3.36065  0.000736466
3.37072  0.000751259
3.38076  0.000739441
3.39084  0.000740175
3.40075  0.000730054
3.41083  0.000751992
3.4209  0.000745107
3.43097  0.000732992
3.44101  0.000756165
3.45123  0.000747619
3.46134  0.000751966
3.4715  0.000740662
3.48147  0.000745126
3.4916  0.000732392
3.50211  0.000833251
3.51286  0.000749335
3.52288  0.000729805
3.53292  0.000747798
3.54298  0.000746674
3.55308  0.000732319
3.56308  0.000756901
3.57324  0.000730822
3.58327  0.000749935
3.59333  0.000738524
3.60339  0.000744079
3.61343  0.000729569
3.62343  0.000750586
3.63357  0.000741379
3.6443  0.00084027
3.65491  0.000726759
3.66505  0.000751823
3.67508  0.000738888
3.68518  0.000747067
3.69522  0.000722151
3.70534  0.000764244
3.71586  0.000801236
3.72696  0.000809418
3.73738  0.000735778
3.7476  0.000758982
3.75771  0.000723444
3.76782  0.000758906
3.77787  0.000726496
3.788  0.000742679
3.79796  0.000730717
3.80815  0.000753978
3.81817  0.000726235
3.8283  0.000742749
3.83833  0.000734768
3.8485  0.000745721
3.85846  0.000723611
3.86862  0.000742502
3.87863  0.00073687
3.8888  0.000735607
3.89884  0.000736995
3.90898  0.000738483
3.91901  0.000728984
3.92907  0.000730057
3.93916  0.000740308
3.9492  0.000723197
3.95926  0.000743135
3.96943  0.000727887
3.97948  0.000735307
3.98951  0.000725163
3.99963  0.000735317
4.00966  0.000728227
4.01983  0.000739339
4.02994  0.000725488
4.04001  0.000732143
4.05005  0.000725895
4.06013  0.000719026
4.07012  0.000736338
4.08033  0.000729692
4.09041  0.000724288
4.10054  0.000738325
4.11067  0.000723885
4.12078  0.000720277
4.13076  0.000723882
4.14084  0.000724194
4.1509  0.00071429
4.1609  0.000721776
4.17098  0.000728411
4.18109  0.000714895
4.19115  0.000724855
4.20129  0.000724934
4.21127  0.000705091
4.22131  0.000724245
4.23151  0.000723916
4.24155  0.00071697
4.25158  0.000708822
4.2617  0.000722436
4.2717  0.000707612
4.28178  0.000717585
4.29184  0.000711558
4.30191  0.000714095
4.31191  0.000707763
4.32205  0.000713458
4.33203  0.000706077
4.34219  0.000723397
4.35228  0.000706807
4.3624  0.000707176
4.37247  0.000716102
4.38265  0.000710624
4.39264  0.000699904
4.4028  0.000710108
4.41277  0.000701681
4.42286  0.000699875
4.43347  0.000787273
4.44412  0.000693215
4.45413  0.000712092
4.46432  0.000699368
4.47437  0.00070546
4.48441  0.000684511
4.49449  0.000713067
4.50462  0.000690301
4.5146  0.000699932
4.52474  0.00069512
4.53483  0.000698392
4.54478  0.000681666
4.55495  0.00070759
4.56507  0.000696249
4.57523  0.000691958
4.58579  0.000759165
4.59648  0.000703604
4.60647  0.00067479
4.61671  0.000705044
4.6268  0.00068758
4.63697  0.000691003
4.64694  0.000675451
4.65764  0.000765919
4.66855  0.000726836
4.67916  0.000700418
4.68919  0.000668875
4.69939  0.000689108
4.70939  0.000679039
4.71966  0.000693008
4.7297  0.000662484
4.74011  0.000735324
4.75049  0.000663885
4.76071  0.000684536
4.7707  0.000678075
4.78094  0.000671312
4.79094  0.000666184
4.80107  0.000682582
4.8111  0.000656739
4.82127  0.000676642
4.83131  0.00066974
4.84146  0.000662346
4.85153  0.000669009
4.86166  0.00067068
4.87175  0.0006534
4.88181  0.000663778
4.89189  0.000666271
4.90201  0.000655213
4.91208  0.000660837
4.92214  0.000656052
4.93224  0.000651789
4.94227  0.000659741
4.9527  0.000689125
4.96307  0.000661565
4.97323  0.00065167
4.98334  0.000652058
4.99347  0.000645533
5.00342  0.000655246
5.01364  0.000644246
5.02377  0.000652532
5.03383  0.000641827
5.04392  0.000649603
5.05405  0.000632221
5.06406  0.000652694
5.07423  0.000633444
5.08427  0.000638649
5.09435  0.000638829
5.10449  0.000645249
5.11461  0.000627041
5.12465  0.000631051
5.13472  0.000640246
5.14486  0.000631202
5.15494  0.000625483
5.1651  0.000640411
5.17515  0.00062063
5.18521  0.000621839
5.19533  0.000634583
5.20541  0.000618155
5.21544  0.000621
5.22558  0.000624091
5.23573  0.000628139
5.24576  0.000604744
5.2558  0.000626948
5.26587  0.000605104
5.27589  0.000612297
5.28592  0.0006108
5.29596  0.00061476
5.30599  0.000602718
5.31613  0.000616185
5.32623  0.000613564
5.33642  0.000604523
5.34641  0.000605499
5.35651  0.000604117
5.36659  0.000601755
5.3767  0.000600301
5.38665  0.000598373
5.39672  0.000588931
5.40676  0.000604696
5.41692  0.000593855
5.42697  0.000597749
5.43704  0.000589192
5.44707  0.000586749
5.45713  0.000584461
5.46711  0.000600175
5.47778  0.000641275
5.48853  0.000594672
5.49856  0.000586583
5.50909  0.000629588
5.51964  0.000580197
5.52972  0.000589827
5.53974  0.000563585
5.54991  0.000589732
5.55994  0.000574224
5.57008  0.000577447
5.58022  0.000572491
5.59027  0.000568059
5.60018  0.000570584
5.61045  0.000570484
5.62042  0.000565205
5.63053  0.000562158
5.64054  0.000577204
5.65124  0.000605531
5.6616  0.000557645
5.67181  0.000573427
5.68186  0.00055317
5.69195  0.000549801
5.70191  0.000563985
5.71212  0.000547331
5.72208  0.000557863
5.73221  0.000545904
5.74258  0.000594041
5.75314  0.00054496
5.76313  0.000550199
5.77327  0.000543293
5.78334  0.000547907
5.79348  0.000541034
5.80361  0.000551524
5.8137  0.000527602
5.82373  0.000543856
5.83388  0.000540267
5.84403  0.000536527
5.85455  0.000574679
5.86496  0.000529998
5.87498  0.00052576
5.88514  0.000529731
5.89519  0.000538748
5.90532  0.000513488
5.91579  0.000567555
5.92625  0.00052934
5.93638  0.000520668
5.9466  0.000521111
5.95658  0.000519635
5.96672  0.000515154
5.97682  0.000517545
5.98689  0.00050998
5.99696  0.00051753
6.00707  0.000502893
6.01709  0.000510537
6.02767  0.000552321
6.03824  0.00051747
6.04833  0.000494288
6.05837  0.000503437
6.06843  0.000501633
6.07851  0.000497707
6.08907  0.000543229
6.09964  0.000506061
6.10974  0.000490314
6.11985  0.000490915
6.12989  0.000496462
6.13998  0.000487214
6.1506  0.000543113
6.16125  0.000487893
6.1713  0.000488963
6.18148  0.000480467
6.19203  0.000538084
6.20274  0.000479965
6.21277  0.000479517
6.22286  0.000474326
6.23281  0.000473818
6.24292  0.000469538
6.25309  0.000489909
6.26321  0.000460564
6.27321  0.000473463
6.2834  0.000467565
6.2934  0.000467994
6.30351  0.00046252
6.31362  0.000465441
6.32368  0.000458812
6.33366  0.000462431
6.34377  0.000452567
6.35393  0.00046714
6.36385  0.000440024
6.37394  0.000466163
6.38416  0.000449845
6.39419  0.000454143
6.40427  0.000443769
6.41441  0.000452828
6.42444  0.000444356
6.43502  0.000493303
6.44571  0.000440161
6.45583  0.000444487
6.46579  0.000435665
6.47581  0.000438804
6.48594  0.0004297
6.49602  0.000442523
6.50607  0.00043567
6.51619  0.000427222
6.52632  0.000433384
6.53628  0.0004292
6.54652  0.000430678
6.55665  0.000427173
6.56721  0.000470761
6.57784  0.000416499
6.58796  0.00042481
6.59793  0.000422497
6.60856  0.000452342
6.6194  0.000446081
6.62983  0.000410293
6.6398  0.000414397
6.65008  0.000423594
6.66018  0.000404887
6.67068  0.000439042
6.68105  0.000413804
6.69131  0.000402861
6.70134  0.00040664
6.71149  0.000402659
6.72143  0.00039873
6.73159  0.000398153
6.74167  0.000406793
6.75238  0.000428081
6.76283  0.000404674
6.77305  0.000388928
6.78299  0.000389215
6.79316  0.000395657
6.80323  0.000390492
6.81332  0.000374653
6.82331  0.000401991
6.83343  0.000371376
6.84343  0.000384677
6.85356  0.000381719
6.86364  0.000387006
6.8738  0.0003684
6.88433  0.000422657
6.89495  0.000372139
6.90506  0.000378173
6.91511  0.000363334
6.92522  0.000379096
6.93525  0.000361353
6.94528  0.000369345
6.95533  0.000361117
6.96544  0.000371495
6.97552  0.000358226
6.98569  0.000361895
6.99564  0.00036107
7.00581  0.000363021
7.01592  0.000351222
7.02597  0.000352478
7.03596  0.000360518
7.04614  0.000347278
7.05618  0.000354013
7.06636  0.000349629
7.07637  0.000347251
7.08701  0.000382663
7.09766  0.000348639
7.10786  0.000343738
7.11782  0.000339355
7.12802  0.000346614
7.13806  0.000332972
7.14803  0.000333718
7.15813  0.000339181
7.16828  0.000336393
7.17828  0.000328941
7.18838  0.000333311
7.19852  0.000328907
7.20842  0.000323044
7.21857  0.00033592
7.22879  0.000327542
7.23876  0.000314709
7.24883  0.000327041
7.25895  0.000323291
7.26893  0.000316829
7.27909  0.000317865
7.28913  0.000318479
7.29913  0.000313399
7.30926  0.000316172
7.31939  0.000314187
7.33001  0.000344327
7.34059  0.000310613
7.35071  0.000303377
7.36067  0.000308189
7.37077  0.000307306
7.38079  0.000300734
7.39089  0.000303666
7.40095  0.000304995
7.41119  0.000299696
7.42175  0.000330209
7.43235  0.000298275
7.44235  0.000293633
7.45259  0.000295127
7.46269  0.000304286
7.47289  0.00028664
7.48289  0.000291146
7.49302  0.000284796
7.50301  0.000296073
7.51318  0.000283224
7.52325  0.000286033
7.5333  0.000276788
7.54329  0.000289511
7.55341  0.000276382
7.56351  0.000286627
7.57361  0.00027074
7.58365  0.000281081
7.59372  0.000273462
7.60381  0.000281007
7.61403  0.000272643
7.62468  0.000300989
7.6352  0.000268664
7.64536  0.000273381
7.65536  0.000264353
7.6655  0.000271019
7.67564  0.000263168
7.68576  0.000270803
7.69577  0.000257135
7.70602  0.000266771
7.71602  0.000258591
7.72611  0.000261597
7.73613  0.000251355
7.74609  0.000256604
7.75616  0.000258605
7.76653  0.000260557
7.7764  0.000242998
7.78648  0.000254273
7.79651  0.00025075
7.80649  0.000247456
7.81658  0.000246256
7.82675  0.000250439
7.8367  0.000243791
7.84689  0.000245983
7.85755  0.000270683
7.86812  0.000245685
7.87825  0.000231564
7.8884  0.000248684
7.89849  0.000238762
7.90854  0.00023222
7.9185  0.000231841
7.92853  0.000242438
7.93875  0.000229779
7.94878  0.000234589
7.95885  0.000227507
7.96887  0.000232964
7.97896  0.000226255
7.98912  0.00023024
7.99915  0.000222893
8.00919  0.000228066
8.01979  0.00024198
8.03047  0.000229244
8.04062  0.000221438
8.05111  0.00023824
8.06171  0.000220128
8.07189  0.000222535
8.082  0.000212219
8.09201  0.000218026
8.10209  0.000212619
8.11223  0.000211704
8.12229  0.000217569
8.13245  0.000208271
8.14242  0.000205291
8.15244  0.00021155
8.16257  0.000206786
8.17258  0.000202196
8.18261  0.000211751
8.19275  0.000197144
8.20288  0.000208666
8.21295  0.00019965
8.22296  0.000199696
8.23301  0.000200486
8.24314  0.000195847
8.25309  0.000193477
8.26312  0.000200966
8.27311  0.000191438
8.28335  0.000190656
8.29325  0.00020217
8.30355  0.000188933
8.3136  0.000187222
8.32424  0.00021607
8.33482  0.000187097
8.34505  0.000183821
8.35483  0.000189172
8.3652  0.000185893
8.3752  0.000180445
8.38526  0.00018621
8.39521  0.000180741
8.40556  0.000182163
8.41542  0.000181841
8.42566  0.000177213
8.43569  0.000178554
8.44571  0.000176101
8.45573  0.00017428
8.46606  0.000179431
8.47646  0.00019075
8.48717  0.000169301
8.49728  0.000177555
8.50743  0.000171482
8.51753  0.000169676
8.52768  0.000167457
8.53812  0.00018294
8.54874  0.000167846
8.5589  0.000168824
8.56898  0.000162036
8.5796  0.000179416
8.59006  0.000163159
8.60013  0.000162993
8.61033  0.000158301
8.62044  0.000163581
8.63041  0.000154706
8.64068  0.000162046
8.65081  0.0001605
8.66085  0.000151216
8.6709  0.000153644
8.6811  0.000158722
8.691  0.000150266
8.70124  0.000153524
8.71129  0.000150399
8.72142  0.000151134
8.73139  0.000148512
8.74162  0.000150249
8.75166  0.000146356
8.76187  0.00015193
8.77197  0.000144173
8.78216  0.000144367
8.7921  0.000142835
8.80226  0.000145487
8.81228  0.00014053
8.82253  0.000145069
8.83246  0.000136334
8.84266  0.000142555
8.85275  0.000138259
8.86322  0.000148674
8.87371  0.000139934
8.88401  0.000134332
8.89388  0.000131925
8.90412  0.000141861
8.91427  0.000131406
8.92442  0.000131456
8.93441  0.000133988
8.94472  0.000132336
8.95471  0.000126066
8.96482  0.000133986
8.97482  0.000125964
8.98498  0.000125581
8.99486  0.000128247
9.00529  0.000129018
9.01532  0.000123658
9.02537  0.000124959
9.0354  0.000121189
9.04615  0.000137043
9.05635  0.000119235
9.0667  0.000121979
9.07681  0.000122659
9.08686  0.00012055
9.09698  0.000115345
9.10732  0.000122013
9.1173  0.000119321
9.12744  0.000114101
9.13746  0.000117049
9.14772  0.000115667
9.15776  0.000112165
9.16791  0.000115373
9.17797  0.000114468
9.18813  0.000108669
9.19811  0.000113005
9.20873  0.000118518
9.2193  0.000111843
9.22981  0.000118005
9.24037  0.000108457
9.25056  0.000105501
9.26045  0.000109775
9.27074  0.000105161
9.28086  0.00010524
9.29093  0.000103769
9.30098  0.000108027
9.31123  9.88792e-05
9.32129  0.000104423
9.33136  9.98072e-05
9.34144  0.00010322
9.35154  9.77399e-05
9.36165  0.00010372
9.37176  9.36346e-05
9.38171  0.000103747
9.39209  9.56011e-05
9.4021  9.70242e-05
9.41211  9.56565e-05
9.42224  9.62734e-05
9.43234  9.26619e-05
9.44243  9.90748e-05
9.45267  9.0874e-05
9.46268  9.28611e-05
9.47272  9.21897e-05
9.4829  9.45699e-05
9.49313  8.71531e-05
9.50308  9.42005e-05
9.51332  8.97807e-05
9.52347  8.75644e-05
9.53346  8.89224e-05
9.54362  8.88305e-05
9.55369  8.72238e-05
9.56376  8.63749e-05
9.57396  8.52809e-05
9.5841  8.72188e-05
9.59415  8.54642e-05
9.6043  8.36712e-05
9.61448  8.33568e-05
9.62461  8.42352e-05
9.6347  8.20157e-05
9.64482  8.13555e-05
9.65489  8.30999e-05
9.66514  8.01471e-05
9.67512  7.75364e-05
9.68514  8.11462e-05
9.69533  7.86662e-05
9.70547  7.83553e-05
9.71564  7.87622e-05
9.72568  7.61933e-05
9.7357  7.76863e-05
9.74598  7.63153e-05
9.75606  7.43604e-05
9.76604  7.51668e-05
9.77662  8.26812e-05
9.78743  7.21906e-05
9.79731  7.38667e-05
9.80738  7.25858e-05
9.81811  7.8323e-05
9.82879  7.31727e-05
9.83875  7.0891e-05
9.84896  6.83951e-05
9.85888  7.19815e-05
9.86902  6.83222e-05
9.87911  7.02446e-05
9.88931  6.54001e-05
9.8993  7.02937e-05
9.90957  6.72795e-05
9.91939  6.76262e-05
9.92961  6.39144e-05
9.94037  7.62995e-05
9.95112  6.34587e-05
9.96117  6.75431e-05
9.97148  6.34574e-05
9.98131  6.46572e-05
9.99164  6.0873e-05
10.0016  6.5321e-05
10.0119  6.12566e-05
10.0219  6.46553e-05
10.0323  6.08928e-05
10.0422  5.83628e-05
10.0523  6.21437e-05
10.0624  6.1668e-05
10.0726  5.55676e-05
10.0825  6.33493e-05
10.0934  6.45919e-05
10.1041  5.61055e-05
10.1143  5.97648e-05
10.1243  5.83105e-05
10.1345  5.54553e-05
10.1445  5.70869e-05
10.1548  5.50805e-05
10.1649  5.70095e-05
10.1751  5.55636e-05
10.1853  5.42754e-05
10.1956  5.50803e-05
10.2055  5.3024e-05
10.2156  5.27902e-05
10.2258  5.48101e-05
10.2358  5.22825e-05
10.2461  5.04111e-05
10.2563  5.33897e-05
10.2664  5.26064e-05
10.2764  4.82454e-05
10.2865  5.0925e-05
10.2966  5.13552e-05
10.3067  4.71998e-05
10.3166  4.95585e-05
10.3268  4.99557e-05
10.3371  4.80917e-05
10.3471  4.83305e-05
10.3571  4.68672e-05
10.3675  4.66796e-05
10.3776  4.98881e-05
10.388  4.60046e-05
10.398  4.50543e-05
10.4079  4.62804e-05
10.4182  4.59091e-05
10.4284  4.33667e-05
10.4384  4.67604e-05
10.4486  4.46258e-05
10.4588  4.23296e-05
10.4686  4.31397e-05
10.4789  4.49729e-05
10.489  4.04189e-05
10.499  4.41776e-05
10.5093  4.2085e-05
10.5198  4.46996e-05
10.5303  4.25216e-05
10.5406  4.00292e-05
10.5506  4.23253e-05
10.5608  4.10388e-05
10.5709  3.70587e-05
10.581  4.1714e-05
10.591  4.00016e-05
10.6014  3.86933e-05
10.6114  3.7766e-05
10.6215  3.89732e-05
10.6318  3.94056e-05
10.642  3.77181e-05
10.652  3.66933e-05
10.6622  3.77114e-05
10.6721  3.59138e-05
10.6823  3.7076e-05
10.6927  3.75548e-05
10.7028  3.49332e-05
10.7127  3.48014e-05
10.7231  3.63316e-05
10.7331  3.52782e-05
10.7433  3.31882e-05
10.7534  3.5424e-05
10.7638  3.70569e-05
10.7743  3.32596e-05
10.7847  3.32998e-05
10.7945  3.24167e-05
10.8049  3.34906e-05
10.8149  3.41763e-05
10.8251  3.0256e-05
10.8351  3.25203e-05
10.8452  3.23819e-05
10.8553  3.06102e-05
10.8659  3.20093e-05
10.8758  3.10268e-05
10.8859  3.02454e-05
10.8963  3.17774e-05
10.9066  3.02847e-05
10.9163  2.91024e-05
10.9267  2.98545e-05
10.9367  2.91508e-05
10.947  2.84137e-05
10.9574  3.26765e-05
10.9682  2.82374e-05
10.9782  2.69345e-05
10.9885  3.03297e-05
10.9988  2.74303e-05
11.0089  2.59702e-05
11.0188  2.9271e-05
11.0295  2.67542e-05
11.0394  2.5568e-05
11.0494  2.7656e-05
11.0596  2.74878e-05
11.07  2.43128e-05
11.08  2.64597e-05
11.0904  2.70487e-05
11.1005  2.49483e-05
11.1109  2.5918e-05
11.121  2.51133e-05
11.1312  2.40771e-05
11.1411  2.4798e-05
11.1516  2.33932e-05
11.1616  2.47275e-05
11.1717  2.42078e-05
11.182  2.33667e-05
11.1918  2.18702e-05
11.202  2.48355e-05
11.2123  2.19385e-05
11.2223  2.34179e-05
11.2326  2.23756e-05
11.2428  2.30084e-05
11.2532  2.2035e-05
11.2632  2.24921e-05
11.2734  2.1497e-05
11.2837  2.15013e-05
11.2938  2.13795e-05
11.3044  2.27521e-05
11.3143  1.921e-05
11.3242  2.10655e-05
11.3348  2.1081e-05
11.345  2.09118e-05
11.3549  1.89254e-05
11.3653  2.08247e-05
11.3756  2.01127e-05
11.3858  1.97632e-05
11.3957  1.88081e-05
11.406  1.95894e-05
11.4162  1.86659e-05
11.4264  1.95594e-05
11.4365  1.74241e-05
11.4466  1.95712e-05
11.4565  1.77676e-05
11.467  1.81454e-05
11.4772  1.79205e-05
11.4873  1.8908e-05
11.4973  1.60181e-05
11.5079  1.87544e-05
11.5178  1.64139e-05
11.528  1.73125e-05
11.5382  1.71002e-05
11.5486  1.78945e-05
11.5586  1.54397e-05
11.5687  1.66755e-05
11.5789  1.6021e-05
11.5892  1.68645e-05
11.5993  1.61823e-05
11.6096  1.58707e-05
11.6198  1.46255e-05
11.6297  1.66254e-05
11.6398  1.46769e-05
11.65  1.53687e-05
11.6601  1.46375e-05
11.6703  1.55969e-05
11.6806  1.47277e-05
11.6909  1.50111e-05
11.7011  1.4395e-05
11.7113  1.43732e-05
11.7214  1.40477e-05
11.7316  1.4635e-05
11.7419  1.40438e-05
11.7523  1.35385e-05
11.7627  1.50761e-05
11.7732  1.3744e-05
11.7835  1.3364e-05
11.7939  1.2552e-05
11.8038  1.29658e-05
11.8147  1.59228e-05
11.8259  1.24413e-05
11.8365  1.27755e-05
11.8462  1.26494e-05
11.8564  1.23315e-05
11.8667  1.22716e-05
11.8769  1.22782e-05
11.8871  1.23159e-05
11.8974  1.1897e-05
11.9076  1.25761e-05
11.9181  1.16504e-05
11.9282  1.10442e-05
11.9385  1.17659e-05
11.9484  1.12581e-05
11.9588  1.14965e-05
11.9689  1.07357e-05
11.979  1.05947e-05
11.9893  1.13847e-05
12  1.21465e-05
12.0106  9.95757e-06
12.0205  1.06716e-05
12.0307  1.11169e-05
12.0416  1.03302e-05
12.0514  9.52815e-06
12.0615  1.0635e-05
12.072  1.01243e-05
12.0824  9.91482e-06
12.0927  1.04757e-05
12.1028  9.47943e-06
12.1128  9.17771e-06
12.1233  1.01526e-05
12.1342  1.00154e-05
12.1446  9.23703e-06
12.1545  8.82362e-06
12.1651  9.21624e-06
12.175  9.29142e-06
12.1853  8.65915e-06
12.1957  8.87258e-06
12.206  9.30798e-06
12.2161  8.8387e-06
12.2267  8.48112e-06
12.2371  8.82692e-06
12.2472  7.86594e-06
12.2575  8.47328e-06
12.2677  8.25513e-06
12.2775  8.04783e-06
12.2881  8.04619e-06
12.2983  8.06435e-06
12.3081  7.98734e-06
12.3187  7.95988e-06
12.3294  7.60093e-06
12.3395  7.44864e-06
12.3498  8.40809e-06
12.3601  7.13509e-06
12.3705  7.44052e-06
12.3808  7.39955e-06
12.3908  6.91915e-06
12.401  7.24107e-06
12.4114  7.14414e-06
12.4222  7.28164e-06
12.4324  7.15804e-06
12.443  7.13231e-06
12.4538  6.76812e-06
12.4641  6.75241e-06
12.4745  6.67213e-06
12.485  6.60591e-06
12.495  6.80834e-06
12.5053  5.79272e-06
12.5157  6.68956e-06
12.5256  6.05825e-06
12.5356  6.23494e-06
12.5463  6.07734e-06
12.5565  6.10794e-06
12.5666  5.85346e-06
12.5767  5.96056e-06
12.5869  5.88113e-06
12.5974  6.06092e-06
12.6073  5.28829e-06
12.6174  5.14473e-06
12.628  6.32434e-06
12.6383  5.7402e-06
12.6486  4.81599e-06
12.6589  5.79862e-06
12.6694  5.44441e-06
12.6793  5.16669e-06
12.69  5.44067e-06
12.7006  5.50406e-06
12.7112  5.05679e-06
12.7211  5.14347e-06
12.7317  5.14353e-06
12.7421  4.75523e-06
12.7524  5.03087e-06
12.7631  4.88745e-06
12.7739  5.24244e-06
12.784  4.38533e-06
12.7944  4.42396e-06
12.8045  4.83801e-06
12.8148  4.80774e-06
12.8249  4.21741e-06
12.8354  4.22122e-06
12.8457  4.40995e-06
12.856  4.83064e-06
12.8664  4.11688e-06
12.8771  4.47563e-06
12.8875  3.94488e-06
12.8977  4.69961e-06
12.9084  4.14721e-06
12.9192  4.35646e-06
12.9304  4.15e-06
12.9409  3.88654e-06
12.9511  3.9999e-06
12.961  3.97389e-06
12.9719  3.23411e-06
12.982  4.11473e-06
12.9922  3.84729e-06
13.0019  3.65471e-06
13.0127  3.47194e-06
13.0229  3.73374e-06
13.0333  3.38876e-06
13.0436  3.69691e-06
13.0542  3.54181e-06
13.0648  3.43267e-06
13.0755  3.68245e-06
13.0856  3.35519e-06
13.0965  3.60778e-06
13.1071  3.11707e-06
13.1179  3.10261e-06
13.1278  3.15044e-06
13.1381  3.34877e-06
13.1487  3.46213e-06
13.1596  2.7892e-06
13.1694  2.97066e-06
13.18  3.18551e-06
13.19  2.98552e-06
13.2003  2.73903e-06
13.2109  3.21789e-06
13.2214  2.77256e-06
13.232  2.89467e-06
13.2429  2.93351e-06
13.2536  2.9573e-06
13.2652  2.80012e-06
13.275  2.73471e-06
13.2858  2.84049e-06
13.2961  2.35269e-06
13.3063  2.86397e-06
13.3169  2.51182e-06
13.3276  2.57577e-06
13.3385  2.32553e-06
13.3493  2.80443e-06
13.3595  2.69098e-06
13.371  2.51589e-06
13.3816  2.1575e-06
13.3913  2.63944e-06
13.4018  2.15859e-06
13.4125  2.35939e-06
13.4231  2.10402e-06
13.4329  2.18087e-06
13.4432  2.28547e-06
13.4538  2.37954e-06
13.4646  1.92064e-06
13.4749  2.41677e-06
13.4863  2.27583e-06
13.4969  1.94601e-06
13.5075  2.01144e-06
13.518  2.08614e-06
13.5292  2.09569e-06
13.5392  2.00538e-06
13.5491  1.80094e-06
13.5598  2.14616e-06
13.5708  2.02156e-06
13.5818  1.83138e-06
13.5929  1.92955e-06
13.6036  1.863e-06
13.6141  2.00386e-06
13.6248  1.61529e-06
13.6357  1.96606e-06
13.6455  1.47477e-06
13.656  1.50439e-06
13.667  1.94962e-06
13.6775  1.84985e-06
13.6875  1.63282e-06
13.6987  1.57633e-06
13.7083  1.37048e-06
13.7186  1.77685e-06
13.7302  1.65785e-06
13.7416  1.60022e-06
13.751  1.3209e-06
13.7614  1.62063e-06
13.7717  1.48051e-06
13.7819  1.44125e-06
13.7926  1.35425e-06
13.8036  1.54645e-06
13.8139  1.30342e-06
13.8235  1.44254e-06
13.8353  1.47519e-06
13.8472  1.47102e-06
13.857  1.47064e-06
13.8672  1.22596e-06
13.879  1.26782e-06
13.8893  1.25926e-06
13.8994  1.24984e-06
13.9095  1.29467e-06
13.9203  1.12973e-06
13.9305  1.08863e-06
13.9413  1.35895e-06
13.9525  1.39905e-06
13.9627  9.83609e-07
13.9723  1.15675e-06
13.9842  1.0728e-06
13.9943  1.11821e-06
14.004  1.33635e-06
14.0141  7.8272e-07
14.0256  1.23331e-06
14.0357  1.13089e-06
14.0458  9.13897e-07
14.056  9.73688e-07
14.0662  9.84859e-07
14.0775  1.14777e-06
14.0882  1.07364e-06
14.0993  9.64358e-07
14.1098  9.91457e-07
14.1213  9.81197e-07
14.1322  9.47357e-07
14.1423  9.07405e-07
14.1525  8.06014e-07
14.1627  8.74017e-07
14.1729  9.8335e-07
14.1833  9.47445e-07
14.1944  8.30529e-07
14.2056  7.35401e-07
14.2155  8.47437e-07
14.2264  9.03181e-07
14.2371  8.83865e-07
14.2477  7.44276e-07
14.2585  9.20561e-07
14.2692  7.71331e-07
14.2794  6.96552e-07
14.2896  7.57309e-07
14.2999  6.02498e-07
14.3106  7.84946e-07
14.3206  7.0275e-07
14.332  9.13175e-07
14.3436  7.17154e-07
14.3544  7.28225e-07
14.3641  6.41849e-07
14.3744  5.93232e-07
14.3848  6.21285e-07
14.3956  8.1901e-07
14.4057  6.7643e-07
14.4162  5.36707e-07
14.4272  5.81224e-07
14.4379  6.72674e-07
14.4494  6.68388e-07
14.4605  7.50535e-07
14.4711  5.67895e-07
14.4811  5.40306e-07
14.4911  5.50278e-07
14.5018  5.7544e-07
14.5126  4.72183e-07
14.523  6.19082e-07
14.5336  5.84869e-07
14.5449  6.62468e-07
14.5562  5.45507e-07
14.5674  5.47872e-07
14.5772  4.22851e-07
14.5865  4.31638e-07
14.598  4.31859e-07
14.6086  6.13386e-07
14.6199  5.19218e-07
14.6305  3.83366e-07
14.6399  6.08706e-07
14.6516  4.88255e-07
14.6634  4.47031e-07
14.6742  4.42801e-07
14.6837  3.94214e-07
14.6934  4.53953e-07
14.7046  4.6553e-07
14.7157  4.0199e-07
14.7259  4.94111e-07
14.7363  3.48755e-07
14.7463  3.46922e-07
14.7566  4.36633e-07
14.7689  4.3979e-07
14.7798  3.04689e-07
14.7891  4.22766e-07
14.8007  4.23724e-07
14.8112  3.88003e-07
14.8223  4.82299e-07
14.8344  2.51412e-07
14.8434  2.6792e-07
14.8542  4.43098e-07
14.8647  4.45714e-07
14.8763  2.67919e-07
14.8861  2.92203e-07
14.896  3.82673e-07
14.9068  3.01589e-07
14.9177  2.39444e-07
14.9283  3.48737e-07
14.9411  4.56807e-07
14.9521  2.74325e-07
14.9619  3.40527e-07
14.972  1.79297e-07
14.9832  3.39906e-07
14.9948  2.80277e-07
15.0045  2.95236e-07
15.0139  2.61998e-07
15.0255  2.08911e-07
15.035  3.12936e-07
15.0465  3.76108e-07
15.0595  2.25041e-07
15.0692  2.08589e-07
15.0783  2.95788e-07
15.0895  2.90232e-07
15.1011  2.3662e-07
15.1134  2.26401e-07
15.1222  1.97236e-07
15.1319  2.7097e-07
15.1429  2.3568e-07
15.153  1.99945e-07
15.1642  2.08782e-07
15.1741  2.18032e-07
15.1846  2.67702e-07
15.1965  2.59677e-07
15.2103  2.03679e-07
15.2196  2.65597e-07
15.2317  2.05634e-07
15.2423  1.17459e-07
15.2515  1.87537e-07
15.2621  2.40427e-07
15.2732  2.17436e-07
15.2854  1.87646e-07
15.2948  1.30984e-07
15.3059  1.29393e-07
15.316  2.53011e-07
15.3266  1.34484e-07
15.3362  2.15044e-07
15.3476  1.5598e-07
15.3579  2.28118e-07
15.3692  1.56092e-07
15.3805  1.52993e-07
15.393  1.15306e-07
15.4035  1.42759e-07
15.4131  1.68015e-07
15.4232  1.66965e-07
15.4346  1.61464e-07
15.444  1.52517e-07
15.4539  1.2954e-07
15.4656  1.30723e-07
15.4772  1.74278e-07
15.4889  1.67155e-07
15.4979  1.17815e-07
15.5083  1.56024e-07
15.5204  1.12803e-07
15.5295  8.35604e-08
15.5402  1.8372e-07
15.5521  1.45644e-07
15.5635  1.02704e-07
15.5744  1.241e-07
15.5861  8.98659e-08
15.5959  1.3891e-07
15.6076  1.3958e-07
15.6211  1.11317e-07
15.6303  9.60544e-08
15.6432  1.42108e-07
15.6538  1.55441e-07
15.6631  9.38551e-08
15.6758  7.48339e-08
15.6862  1.06205e-07
15.6978  1.01068e-07
15.7095  1.19126e-07
15.7219  8.0602e-08
15.7299  1.34497e-07
15.7426  1.07435e-07
15.7545  9.02349e-08
15.7635  7.28067e-08
15.7738  7.05244e-08
15.7835  8.12711e-08
15.7957  1.02996e-07
15.8068  8.24637e-08
15.8173  1.00678e-07
15.8285  9.22261e-08
15.8381  3.64235e-08
15.8486  8.75404e-08
15.8619  9.64765e-08
15.8731  1.04493e-07
15.8837  4.11956e-08
15.8943  7.17071e-08
15.9036  1.06569e-07
15.9135  5.36021e-08
15.9257  6.89028e-08
15.9376  8.35236e-08
15.9494  6.48665e-08
15.9587  2.44717e-08
15.9705  8.1997e-08
15.9838  7.69339e-08
15.9936  7.80806e-08
16.0053  6.65961e-08
16.0163  6.05829e-08
16.0274  4.79238e-08
16.0377  8.03407e-08
16.0503  7.32139e-08
16.0598  4.69545e-08
16.0731  5.83928e-08
16.0836  4.51747e-08
16.0931  4.46159e-08
16.1043  5.17045e-08
16.1181  6.64415e-08
16.1275  5.16808e-08
16.1377  6.85018e-08
16.1504  8.16873e-08
16.1644  2.91771e-08
16.173  4.89744e-08
16.1853  3.41569e-08
16.1938  4.55667e-08
16.2048  4.76834e-08
16.2193  5.02558e-08
16.2275  4.45176e-08
16.238  2.07409e-08
16.2502  2.46349e-08
16.2599  5.54513e-08
16.2724  7.89462e-08
16.2884  3.26632e-08
16.2983  3.51916e-08
16.3098  4.98287e-08
16.3218  4.78593e-08
16.3345  1.88526e-08
16.3439  5.34689e-08
16.356  2.51871e-08
16.366  4.56232e-08
16.3801  3.21138e-08
16.393  2.50539e-08
16.4017  3.12301e-08
16.4101  4.43551e-08
16.4241  2.21229e-08
16.4318  3.28486e-08
16.4463  5.09152e-08
16.4588  1.72086e-08
16.4696  4.04815e-08
16.4832  1.19683e-08
16.4958  2.07642e-08
16.5078  3.53211e-08
16.5171  3.78229e-08
16.5289  4.8123e-08
16.5431  3.38655e-08
16.5514  1.56992e-08
16.5639  1.84174e-08
16.5794  1.15229e-08
16.5864  2.0473e-08
16.5976  3.88205e-08
16.6079  2.15561e-08
16.6198  3.0964e-08
16.634  2.1255e-08
16.6456  2.26062e-08
16.6627  2.17179e-08
16.672  1.23968e-08
16.6864  4.04728e-08
16.6971  2.79841e-08
16.7129  1.93806e-08
16.7265  2.42753e-08
16.7402  3.34285e-08
16.7521  1.78942e-08
16.7645  6.64248e-09
16.7719  1.75916e-08
16.7889  1.59775e-08
16.7987  1.2055e-08
16.8045  2.75372e-08
16.8186  2.33944e-08
16.8351  1.91151e-08
16.8474  4.42307e-09
16.8572  1.34148e-08
16.8691  1.6543e-08
16.8785  1.05443e-08
16.8898  1.82048e-08
16.9035  1.27048e-08
16.9121  1.71407e-08
16.9221  1.82122e-08
16.9399  1.75601e-08
16.9559  1.40842e-08
16.9679  1.04251e-08
16.9763  1.66768e-08
16.9912  2.29827e-08
17.0022  2.34896e-09
17.0152  2.30741e-08
17.0278  4.92887e-09
17.0424  4.98396e-09
17.058  1.5158e-08
17.0694  4.57267e-09
17.0805  2.33498e-08
17.0972  1.57683e-08
17.1153  6.98298e-09
17.1254  1.67867e-08
17.1366  1.06533e-08
17.1538  6.01889e-09
17.1634  6.42959e-09
17.1789  8.47563e-09
17.1892  1.59513e-08
17.2076  1.10456e-08
17.217  6.92274e-09
17.2316  1.58751e-08
17.2475  9.5726e-09
17.2624  1.02867e-08
17.2773  2.95003e-09
17.285  1.38349e-09
17.2992  1.03876e-08
17.311  1.1833e-08
17.317  2.12077e-09
17.3402  3.67657e-09
17.3512  9.55978e-09
17.3612  9.42583e-09
17.3802  4.1678e-09
17.3873  1.09329e-08
17.4036  1.0603e-08
17.4135  5.50123e-09
17.433  4.31771e-09
17.453  1.01803e-08
17.4694  6.46994e-09
17.4834  7.664e-09
17.5028  4.68938e-09
17.5169  5.62187e-09
17.5305  5.87045e-09
17.5529  5.47446e-09
17.5614  4.71195e-09
17.5784  2.37175e-09
17.5894  8.29437e-09
17.6038  1.02836e-08
17.6248  7.17859e-09
17.641  2.00994e-09
17.6559  2.32924e-10
17.6693  4.7066e-09
17.681  3.29056e-09
17.697  3.215e-09
17.7101  5.76281e-09
17.7266  4.05658e-09
17.7327  3.72129e-09
17.7474  4.76609e-10
17.778  7.02162e-09
17.7912  3.68225e-09
17.8013  6.01001e-09
17.8201  1.74736e-09
17.8329  1.20825e-09
17.845  4.23685e-09
17.8573  2.17735e-09
17.8779  6.39855e-09
17.8978  2.19139e-09
17.9114  4.4519e-10
17.9261  4.71115e-09
17.9526  1.94145e-09
17.9631  2.20718e-09
17.975  2.6345e-09
17.9973  4.40834e-09
18.0049  2.16167e-09
18.0555  3.40047e-09
18.0645  3.63308e-09
18.0821  3.65291e-09
18.1002  1.90049e-09
18.1132  3.8465e-10
18.1408  3.86375e-10
18.1653  1.83756e-09
18.1729  3.5981e-09
18.2022  2.38578e-09
18.2156  2.65221e-09
18.2355  4.52194e-10
18.2526  2.77788e-09
18.2731  3.43208e-09
18.3269  2.25691e-10
18.3385  1.90483e-09
18.3472  1.8641e-09
18.3909  2.43734e-09
18.4027  3.65966e-10
18.4166  3.05215e-10
18.4297  1.17366e-09
18.4503  2.56835e-09
18.4683  4.02874e-10
18.4906  1.7524e-09
18.5457  1.57263e-09
18.5644  3.79056e-10
18.5757  1.4909e-09
18.6102  1.30088e-09
18.6461  1.04421e-09
18.6674  1.59674e-09
18.6962  3.70027e-10
18.7127  1.31489e-09
18.7777  3.44153e-10
18.7847  5.47936e-10
18.819  3.91638e-10
18.8646  1.55945e-09
18.8839  1.42062e-09
18.922  8.2487e-10
18.9605  3.47064e-10
19.0416  1.10222e-09
19.0623  6.03003e-10
19.1598  5.61108e-10
19.1877  3.41603e-10
19.2581  9.8065e-10
19.2962  1.89801e-10
19.3246  3.08713e-10
19.4309  1.83899e-10
19.4767  2.84009e-10
19.5339  7.7466e-10
19.6536  2.58782e-10
19.87  2.30239e-10
19.9081  2.67372e-10
20.1459  1.81876e-10
20.52  1.25548e-10
