-20.5851  1.51054e-10
-20.211  2.15191e-10
-19.9696  3.16243e-10
-19.9355  2.71466e-10
-19.7185  3.04952e-10
-19.5956  9.01035e-10
-19.541  3.33814e-10
-19.496  2.2126e-10
-19.3885  3.60644e-10
-19.3542  2.20692e-10
-19.3201  1.13667e-09
-19.2567  3.66741e-10
-19.2216  6.41804e-10
-19.1392  3.92702e-10
-19.1219  3.15205e-10
-19.1031  1.27688e-09
-19.0316  4.03579e-10
-18.9802  9.4319e-10
-18.9461  1.61929e-09
-18.9276  1.79912e-09
-18.8805  4.63223e-10
-18.8501  6.51127e-10
-18.8435  4.42239e-10
-18.7731  1.51007e-09
-18.7575  4.28792e-10
-18.7291  1.81903e-09
-18.7047  1.18985e-09
-18.6724  1.48468e-09
-18.6413  1.57956e-09
-18.6294  4.46685e-10
-18.6048  1.77818e-09
-18.5515  1.99119e-09
-18.5251  2.11005e-09
-18.5065  1.31981e-09
-18.4864  1.69774e-09
-18.464  4.22303e-10
-18.4533  2.78369e-09
-18.4162  1.68984e-09
-18.3998  2.59392e-09
-18.392  2.71542e-10
-18.3417  5.18316e-10
-18.3306  3.3901e-09
-18.3151  3.14382e-09
-18.2994  5.2826e-10
-18.2768  3.00158e-09
-18.267  2.51087e-09
-18.2341  4.12261e-09
-18.2264  2.36376e-09
-18.2063  4.5556e-10
-18.161  2.5627e-09
-18.1464  4.13787e-09
-18.1259  3.6539e-09
-18.1137  4.27066e-09
-18.0587  7.38674e-09
-18.0437  2.98256e-09
-18.0245  2.27041e-09
-18.0137  2.36487e-09
-17.9892  5.09085e-09
-17.9576  2.92697e-09
-17.9398  7.15417e-09
-17.9095  7.25128e-09
-17.886  2.92597e-09
-17.8716  4.46711e-09
-17.856  5.55631e-09
-17.8479  2.39815e-09
-17.8376  6.85154e-09
-17.8135  1.01082e-09
-17.8008  1.7689e-09
-17.7849  6.35735e-09
-17.7706  9.72696e-09
-17.7544  6.47778e-10
-17.7394  3.67408e-09
-17.7278  5.60076e-09
-17.702  2.24472e-09
-17.6839  8.02171e-09
-17.6645  1.09577e-08
-17.6543  9.4368e-09
-17.64  2.66447e-09
-17.6194  5.20608e-09
-17.6097  6.67425e-09
-17.594  5.97963e-09
-17.5789  7.14831e-09
-17.5578  5.21865e-09
-17.5462  8.58506e-09
-17.5314  7.94715e-09
-17.5105  8.28617e-09
-17.4951  6.78637e-09
-17.4776  6.19203e-09
-17.4634  1.05978e-08
-17.4464  1.70356e-08
-17.436  3.09074e-09
-17.4268  5.46776e-09
-17.4107  1.1853e-08
-17.3989  6.09264e-09
-17.374  1.46741e-08
-17.3631  7.54743e-09
-17.3497  5.9696e-09
-17.3303  1.51429e-08
-17.311  6.17368e-09
-17.2981  4.94342e-09
-17.2892  1.6795e-08
-17.2761  1.10789e-08
-17.2623  1.29247e-08
-17.2478  8.9039e-09
-17.2389  1.26029e-08
-17.228  7.65929e-09
-17.2182  7.27224e-09
-17.1977  1.27243e-08
-17.1901  1.26298e-08
-17.18  1.04673e-08
-17.1723  1.97753e-09
-17.1559  2.51246e-08
-17.141  8.86607e-09
-17.131  1.36454e-08
-17.1177  1.79473e-08
-17.1101  2.66294e-09
-17.0973  4.53342e-09
-17.085  6.52586e-09
-17.0723  2.62775e-08
-17.0575  1.10033e-08
-17.0496  1.48372e-08
-17.0387  1.5311e-08
-17.0267  1.54997e-08
-17.0166  8.45233e-09
-17.0052  1.46079e-08
-16.9951  1.31916e-08
-16.9831  1.35288e-08
-16.9706  2.72993e-08
-16.9597  1.88618e-08
-16.9486  9.29618e-09
-16.9367  1.78994e-08
-16.9213  2.4776e-08
-16.9072  9.42524e-09
-16.8968  1.5114e-08
-16.8818  2.27302e-08
-16.8677  3.36744e-08
-16.859  2.13355e-08
-16.8473  1.31393e-08
-16.8332  1.82973e-08
-16.8219  1.73552e-08
-16.8094  1.12501e-08
-16.7961  3.74524e-08
-16.7849  3.22789e-08
-16.7773  1.36721e-08
-16.761  2.44007e-08
-16.7485  2.92834e-08
-16.7395  2.57232e-08
-16.7292  2.18702e-08
-16.7161  2.42352e-08
-16.7027  6.2761e-09
-16.6959  2.60274e-08
-16.6818  3.70077e-08
-16.6714  2.81187e-08
-16.6602  2.62893e-08
-16.6495  2.15416e-08
-16.6392  2.3172e-08
-16.6253  1.57051e-08
-16.6143  2.67311e-08
-16.6037  3.16342e-08
-16.59  4.43194e-08
-16.58  5.45752e-08
-16.5678  3.15097e-08
-16.557  3.25703e-08
-16.5417  1.94466e-08
-16.5318  1.67495e-08
-16.5214  2.22121e-08
-16.5073  7.39248e-08
-16.497  1.55572e-08
-16.4862  3.90496e-08
-16.4718  3.67038e-08
-16.4604  7.23659e-08
-16.4479  1.76953e-08
-16.4322  2.99513e-08
-16.4207  4.94372e-08
-16.4077  4.4088e-08
-16.4  4.42996e-08
-16.3875  4.97631e-08
-16.375  4.12131e-08
-16.3616  4.24392e-08
-16.3518  5.29111e-08
-16.3364  6.39023e-08
-16.3261  4.85781e-08
-16.3149  3.93074e-08
-16.3047  3.22005e-08
-16.292  3.08968e-08
-16.2835  7.89193e-08
-16.2735  2.26664e-08
-16.2587  5.28738e-08
-16.2479  6.58592e-08
-16.2371  4.30173e-08
-16.2269  4.34059e-08
-16.214  4.29677e-08
-16.205  7.15299e-08
-16.1947  6.55183e-08
-16.1841  6.5353e-08
-16.1728  7.47218e-08
-16.1621  3.55398e-08
-16.1505  5.95998e-08
-16.1397  3.47496e-08
-16.1305  7.28596e-08
-16.1176  5.52693e-08
-16.1071  8.54485e-08
-16.0974  6.40412e-08
-16.0849  7.01783e-08
-16.071  9.52967e-08
-16.0609  6.50156e-08
-16.049  8.13651e-08
-16.0383  7.20468e-08
-16.0276  5.98848e-08
-16.0169  3.85913e-08
-16.0067  8.74073e-08
-15.9966  7.71985e-08
-15.9824  7.70648e-08
-15.9734  5.7077e-08
-15.9634  1.02109e-07
-15.9532  8.35927e-08
-15.9412  6.03154e-08
-15.9308  1.03413e-07
-15.9195  1.12206e-07
-15.9092  5.94215e-08
-15.8963  7.83078e-08
-15.8863  8.99655e-08
-15.8764  1.04392e-07
-15.8667  7.44465e-08
-15.8558  1.08702e-07
-15.8453  8.74016e-08
-15.8345  8.51681e-08
-15.8231  8.27086e-08
-15.812  1.14231e-07
-15.7993  9.89795e-08
-15.7902  1.52985e-07
-15.778  1.18013e-07
-15.7668  9.41492e-08
-15.7547  1.11566e-07
-15.7444  1.01638e-07
-15.7344  1.0441e-07
-15.7217  1.15534e-07
-15.7109  1.51763e-07
-15.7008  1.4318e-07
-15.6895  1.22209e-07
-15.6787  1.11848e-07
-15.6684  1.05759e-07
-15.6581  1.24825e-07
-15.6451  1.54961e-07
-15.6348  1.27827e-07
-15.6235  9.5395e-08
-15.6128  1.08896e-07
-15.6024  2.18487e-07
-15.591  1.68429e-07
-15.5805  9.88089e-08
-15.5691  8.84685e-08
-15.5585  1.77054e-07
-15.5483  1.54032e-07
-15.5372  2.06809e-07
-15.5263  1.10542e-07
-15.5178  1.73402e-07
-15.5048  1.38751e-07
-15.4954  1.89732e-07
-15.4836  2.30932e-07
-15.4719  9.96619e-08
-15.4632  2.32468e-07
-15.4526  8.20548e-08
-15.441  1.26107e-07
-15.4315  1.57932e-07
-15.4201  2.57811e-07
-15.4105  1.93603e-07
-15.4006  1.37337e-07
-15.3885  2.51652e-07
-15.3782  2.03043e-07
-15.3669  2.27994e-07
-15.3555  1.05065e-07
-15.3459  1.75648e-07
-15.3352  1.96264e-07
-15.3255  2.1191e-07
-15.314  2.66636e-07
-15.3041  2.17003e-07
-15.2936  1.26846e-07
-15.2839  2.58163e-07
-15.2718  2.03224e-07
-15.2619  2.52354e-07
-15.25  2.7145e-07
-15.2404  2.39419e-07
-15.2288  2.25576e-07
-15.2172  2.43207e-07
-15.2067  2.78911e-07
-15.1961  2.35429e-07
-15.1855  2.67188e-07
-15.1753  2.21668e-07
-15.1645  2.61726e-07
-15.155  1.97506e-07
-15.1434  3.40828e-07
-15.1334  2.95784e-07
-15.1237  2.31827e-07
-15.113  2.6777e-07
-15.1023  3.11094e-07
-15.091  3.2593e-07
-15.0802  2.98327e-07
-15.0687  2.88197e-07
-15.0577  3.7803e-07
-15.0473  2.72498e-07
-15.0356  3.17183e-07
-15.0247  3.359e-07
-15.0136  3.80083e-07
-15.0024  3.42835e-07
-14.9903  3.71106e-07
-14.98  3.19312e-07
-14.97  3.65977e-07
-14.9577  2.90817e-07
-14.9496  2.85063e-07
-14.9377  3.78304e-07
-14.928  4.19857e-07
-14.918  3.95702e-07
-14.9066  4.25993e-07
-14.8941  3.2084e-07
-14.8831  4.21954e-07
-14.8719  4.8219e-07
-14.8613  3.85538e-07
-14.8507  4.80385e-07
-14.8398  3.74266e-07
-14.8297  3.79084e-07
-14.8189  3.82115e-07
-14.8077  5.28452e-07
-14.7978  3.75652e-07
-14.7869  4.11745e-07
-14.7766  4.65887e-07
-14.766  5.3483e-07
-14.7538  4.52637e-07
-14.7436  4.89124e-07
-14.7334  4.62638e-07
-14.723  5.27682e-07
-14.7131  3.24785e-07
-14.703  5.29466e-07
-14.6913  6.25168e-07
-14.6794  5.90454e-07
-14.6697  5.04722e-07
-14.6591  4.90879e-07
-14.6498  4.215e-07
-14.6386  5.59893e-07
-14.6284  5.23035e-07
-14.6175  6.11615e-07
-14.6069  5.19598e-07
-14.5963  7.08287e-07
-14.5866  5.07015e-07
-14.5756  6.25885e-07
-14.5645  6.31717e-07
-14.5534  5.53741e-07
-14.5431  6.03514e-07
-14.532  6.04745e-07
-14.5225  6.58718e-07
-14.5121  7.78983e-07
-14.5019  5.78268e-07
-14.4916  6.15989e-07
-14.4805  6.58449e-07
-14.4699  6.67865e-07
-14.4595  6.91911e-07
-14.4485  8.05052e-07
-14.4378  6.71738e-07
-14.4274  7.54542e-07
-14.4166  7.24147e-07
-14.4065  7.57173e-07
-14.396  7.36684e-07
-14.3858  8.19978e-07
-14.3742  8.30421e-07
-14.3632  7.72626e-07
-14.3529  6.34803e-07
-14.3421  9.80799e-07
-14.3311  7.17512e-07
-14.3216  8.83638e-07
-14.3115  7.74733e-07
-14.301  8.70321e-07
-14.2908  9.0596e-07
-14.2794  8.99162e-07
-14.2692  8.42734e-07
-14.2586  9.74497e-07
-14.2485  5.72989e-07
-14.2381  1.15489e-06
-14.2268  9.42896e-07
-14.2169  1.05076e-06
-14.2061  9.35151e-07
-14.1956  9.32268e-07
-14.1856  1.00809e-06
-14.1748  9.23131e-07
-14.1632  1.121e-06
-14.1531  1.03761e-06
-14.1426  1.00279e-06
-14.1329  1.03087e-06
-14.1219  1.0532e-06
-14.1114  1.24068e-06
-14.1008  9.69686e-07
-14.0906  1.17328e-06
-14.0798  1.02593e-06
-14.0695  1.23708e-06
-14.0589  1.15527e-06
-14.0488  1.28294e-06
-14.0379  1.1503e-06
-14.0277  1.13815e-06
-14.0171  1.25592e-06
-14.0063  1.27778e-06
-13.9961  1.23618e-06
-13.9853  1.63281e-06
-13.9746  9.96443e-07
-13.9635  1.40368e-06
-13.9525  1.23715e-06
-13.9422  1.56816e-06
-13.932  1.3393e-06
-13.9218  1.27398e-06
-13.9097  1.60833e-06
-13.8995  1.29111e-06
-13.8892  1.52085e-06
-13.8791  1.51169e-06
-13.8679  1.52279e-06
-13.8579  1.33543e-06
-13.8476  1.36468e-06
-13.8368  1.79791e-06
-13.8272  1.3185e-06
-13.8164  1.64894e-06
-13.8056  1.81866e-06
-13.7947  1.52663e-06
-13.7842  1.73862e-06
-13.7737  1.69303e-06
-13.7629  1.63371e-06
-13.7526  1.66013e-06
-13.7418  1.82548e-06
-13.7311  1.89355e-06
-13.7205  1.80658e-06
-13.7106  1.78144e-06
-13.6991  1.76808e-06
-13.6888  1.79077e-06
-13.6784  1.87714e-06
-13.6684  1.78965e-06
-13.6582  1.95266e-06
-13.648  2.07358e-06
-13.6366  1.89462e-06
-13.6265  1.88858e-06
-13.6152  2.16673e-06
-13.6052  2.094e-06
-13.5946  2.1971e-06
-13.5844  2.06149e-06
-13.5737  1.97277e-06
-13.5632  2.18018e-06
-13.5531  2.0326e-06
-13.5432  2.11324e-06
-13.5324  2.54289e-06
-13.522  2.11341e-06
-13.5111  2.23297e-06
-13.5011  2.41928e-06
-13.4903  2.34977e-06
-13.4794  2.60725e-06
-13.4695  2.09493e-06
-13.4586  2.39931e-06
-13.4483  2.28048e-06
-13.4385  2.79418e-06
-13.4281  2.2842e-06
-13.4175  2.83735e-06
-13.4068  2.47572e-06
-13.3968  2.92465e-06
-13.3865  2.17233e-06
-13.3762  2.76976e-06
-13.3657  2.48367e-06
-13.3551  3.05591e-06
-13.344  2.90069e-06
-13.334  2.67502e-06
-13.3237  2.92492e-06
-13.3134  3.02565e-06
-13.3025  2.69758e-06
-13.2928  2.89165e-06
-13.282  3.02514e-06
-13.2711  3.14759e-06
-13.2606  2.87322e-06
-13.2507  3.16913e-06
-13.24  3.29277e-06
-13.2298  3.1796e-06
-13.2194  3.12764e-06
-13.2089  3.23836e-06
-13.1985  3.51593e-06
-13.1883  3.24032e-06
-13.1776  3.1695e-06
-13.1673  3.58074e-06
-13.1568  3.28708e-06
-13.1465  3.38914e-06
-13.1358  3.7816e-06
-13.1254  3.68579e-06
-13.1153  3.72457e-06
-13.1048  3.62775e-06
-13.0942  3.50525e-06
-13.0836  3.81265e-06
-13.0732  3.80507e-06
-13.0631  3.93205e-06
-13.0528  3.5291e-06
-13.0426  4.27951e-06
-13.0322  3.70762e-06
-13.0216  4.19552e-06
-13.0111  4.27272e-06
-13.0008  3.70043e-06
-12.9906  4.07383e-06
-12.9802  4.50091e-06
-12.9704  3.73507e-06
-12.9599  4.77327e-06
-12.9492  4.26631e-06
-12.9391  4.43668e-06
-12.9289  4.25751e-06
-12.9187  4.64342e-06
-12.9084  4.23889e-06
-12.898  4.81901e-06
-12.8878  4.62826e-06
-12.8774  4.51905e-06
-12.8669  4.8319e-06
-12.8567  5.19623e-06
-12.8463  4.78168e-06
-12.836  4.85151e-06
-12.8255  4.87151e-06
-12.8151  4.99302e-06
-12.8051  5.14753e-06
-12.7942  5.47378e-06
-12.7835  5.0665e-06
-12.7734  5.02875e-06
-12.7631  5.56494e-06
-12.7527  5.43557e-06
-12.7426  5.5916e-06
-12.7323  5.58324e-06
-12.7221  5.33883e-06
-12.7118  5.52465e-06
-12.7015  5.85765e-06
-12.6906  6.15507e-06
-12.6805  5.57391e-06
-12.6702  5.5877e-06
-12.6602  6.27454e-06
-12.6499  5.85555e-06
-12.6396  5.96361e-06
-12.6286  6.42662e-06
-12.6188  6.19981e-06
-12.6083  6.83624e-06
-12.5981  5.77384e-06
-12.588  5.74456e-06
-12.578  7.28171e-06
-12.5673  6.62551e-06
-12.5571  6.79632e-06
-12.5466  6.68948e-06
-12.5366  6.38922e-06
-12.5261  7.28735e-06
-12.516  6.72432e-06
-12.5057  6.99684e-06
-12.4954  7.33462e-06
-12.4851  6.73907e-06
-12.4748  7.27595e-06
-12.4647  7.44477e-06
-12.4547  7.31174e-06
-12.4444  7.32865e-06
-12.4338  7.73121e-06
-12.4239  7.0794e-06
-12.4136  8.39805e-06
-12.4031  7.85661e-06
-12.393  7.57386e-06
-12.3826  8.15205e-06
-12.3722  8.41953e-06
-12.3623  7.26587e-06
-12.3518  8.7788e-06
-12.3417  8.5203e-06
-12.3312  8.62398e-06
-12.3213  7.71465e-06
-12.3109  9.19593e-06
-12.3006  8.64116e-06
-12.2907  8.1419e-06
-12.2806  8.89902e-06
-12.27  9.33276e-06
-12.2602  8.48248e-06
-12.2499  9.96473e-06
-12.2398  8.58984e-06
-12.2288  1.0181e-05
-12.2186  9.35012e-06
-12.2082  9.85268e-06
-12.1977  9.12544e-06
-12.1881  9.61286e-06
-12.1777  1.01144e-05
-12.1671  9.46548e-06
-12.1572  1.03848e-05
-12.147  1.01964e-05
-12.1367  9.93979e-06
-12.1265  1.04444e-05
-12.1165  1.03923e-05
-12.1064  1.00386e-05
-12.0962  1.08712e-05
-12.0861  1.01326e-05
-12.0759  1.10062e-05
-12.0657  1.14468e-05
-12.0557  1.1566e-05
-12.0452  1.01523e-05
-12.0351  1.23019e-05
-12.0247  1.1e-05
-12.0147  1.12101e-05
-12.0043  1.20578e-05
-11.9943  1.17903e-05
-11.9839  1.13665e-05
-11.9737  1.24838e-05
-11.9636  1.1957e-05
-11.9535  1.18054e-05
-11.9433  1.30945e-05
-11.9332  1.27303e-05
-11.9226  1.18791e-05
-11.9128  1.31597e-05
-11.9026  1.28194e-05
-11.8917  1.40677e-05
-11.8809  1.42913e-05
-11.8705  1.29257e-05
-11.8606  1.32957e-05
-11.8502  1.32725e-05
-11.8403  1.35483e-05
-11.83  1.37464e-05
-11.8198  1.40415e-05
-11.8096  1.38754e-05
-11.7996  1.43396e-05
-11.7893  1.52459e-05
-11.7793  1.39486e-05
-11.7687  1.46484e-05
-11.7587  1.48609e-05
-11.7485  1.5145e-05
-11.7384  1.5346e-05
-11.728  1.50472e-05
-11.7179  1.57153e-05
-11.7075  1.54006e-05
-11.6975  1.55963e-05
-11.6873  1.61061e-05
-11.6772  1.6025e-05
-11.6669  1.6057e-05
-11.657  1.63197e-05
-11.6465  1.63977e-05
-11.6365  1.68531e-05
-11.6264  1.69945e-05
-11.616  1.72731e-05
-11.6056  1.64092e-05
-11.5957  1.78183e-05
-11.5854  1.79644e-05
-11.5751  1.71894e-05
-11.5645  1.9847e-05
-11.5537  1.78323e-05
-11.5438  1.75514e-05
-11.5337  1.854e-05
-11.5235  1.84232e-05
-11.513  1.97549e-05
-11.5028  1.83769e-05
-11.4925  1.87666e-05
-11.4824  2.00232e-05
-11.4723  1.95287e-05
-11.4623  1.86512e-05
-11.4519  2.00102e-05
-11.4418  1.92602e-05
-11.4317  2.11234e-05
-11.421  2.25587e-05
-11.4102  2.04221e-05
-11.4  2.11784e-05
-11.3896  2.12509e-05
-11.3795  2.08414e-05
-11.3694  2.0916e-05
-11.3594  2.20606e-05
-11.3491  2.14325e-05
-11.339  2.16402e-05
-11.3282  2.50945e-05
-11.3179  2.16988e-05
-11.3071  2.41836e-05
-11.2966  2.32478e-05
-11.2864  2.25928e-05
-11.2765  2.38544e-05
-11.2661  2.33416e-05
-11.2561  2.22079e-05
-11.2458  2.54969e-05
-11.2357  2.42388e-05
-11.2255  2.37111e-05
-11.2153  2.45815e-05
-11.2052  2.5447e-05
-11.1951  2.34075e-05
-11.1848  2.63066e-05
-11.1746  2.59604e-05
-11.1645  2.46578e-05
-11.1541  2.70945e-05
-11.1441  2.53819e-05
-11.134  2.56474e-05
-11.124  2.79988e-05
-11.1137  2.64591e-05
-11.1038  2.50044e-05
-11.0933  2.98076e-05
-11.0827  3.04353e-05
-11.072  2.67279e-05
-11.0621  2.73595e-05
-11.0516  3.05059e-05
-11.0416  2.66158e-05
-11.0316  2.92335e-05
-11.0216  2.97463e-05
-11.0112  2.83378e-05
-11.0012  2.97541e-05
-10.9908  3.09327e-05
-10.9806  2.86968e-05
-10.9701  3.46864e-05
-10.9597  2.98592e-05
-10.9488  3.30688e-05
-10.9383  3.1501e-05
-10.9284  3.30751e-05
-10.918  3.05125e-05
-10.908  3.19008e-05
-10.8978  3.21298e-05
-10.8876  3.22843e-05
-10.877  3.6336e-05
-10.8665  3.49144e-05
-10.856  3.18789e-05
-10.8462  3.38417e-05
-10.8359  3.53068e-05
-10.8258  3.23554e-05
-10.8156  3.55542e-05
-10.8057  3.66076e-05
-10.7952  3.37468e-05
-10.785  3.5582e-05
-10.7749  3.77066e-05
-10.765  3.36767e-05
-10.7547  3.78517e-05
-10.7445  3.77197e-05
-10.7343  3.56393e-05
-10.7243  3.68931e-05
-10.7143  3.91612e-05
-10.704  3.70279e-05
-10.6937  3.93924e-05
-10.6839  3.92047e-05
-10.6735  3.84018e-05
-10.6634  3.8119e-05
-10.6534  4.13938e-05
-10.6432  3.90487e-05
-10.6323  4.6089e-05
-10.6217  4.02423e-05
-10.6116  4.22537e-05
-10.6014  3.98145e-05
-10.5914  4.29778e-05
-10.5812  4.14848e-05
-10.5708  4.31594e-05
-10.561  4.2465e-05
-10.5508  4.36254e-05
-10.5405  4.30285e-05
-10.5305  4.54752e-05
-10.5204  4.16505e-05
-10.5102  4.52301e-05
-10.4999  4.71466e-05
-10.4899  4.37764e-05
-10.4798  4.60883e-05
-10.4695  4.58855e-05
-10.4595  4.64415e-05
-10.4493  4.74248e-05
-10.4392  4.66425e-05
-10.4292  4.77089e-05
-10.419  4.7723e-05
-10.4089  4.85079e-05
-10.3988  4.93231e-05
-10.3885  4.7263e-05
-10.3786  5.0287e-05
-10.3684  5.02263e-05
-10.3583  4.94782e-05
-10.3481  5.17835e-05
-10.3381  5.01764e-05
-10.328  5.10225e-05
-10.318  5.14429e-05
-10.3078  5.40836e-05
-10.2976  5.29545e-05
-10.2873  5.28823e-05
-10.2773  5.25161e-05
-10.2668  5.90243e-05
-10.2561  5.77318e-05
-10.2455  5.76719e-05
-10.2349  5.50695e-05
-10.2248  5.78311e-05
-10.2145  5.4839e-05
-10.2046  5.78908e-05
-10.1943  5.62782e-05
-10.1844  5.67184e-05
-10.1737  6.482e-05
-10.1633  5.64297e-05
-10.153  6.11081e-05
-10.1429  5.92403e-05
-10.1327  6.13334e-05
-10.1226  5.72459e-05
-10.1125  6.33592e-05
-10.1025  6.03422e-05
-10.0923  6.09916e-05
-10.0822  6.30739e-05
-10.072  6.37965e-05
-10.0619  6.06348e-05
-10.0518  6.68873e-05
-10.0417  6.25894e-05
-10.0315  6.38404e-05
-10.0215  6.66575e-05
-10.0114  6.55779e-05
-10.0011  6.57315e-05
-9.99095  6.87416e-05
-9.98086  6.65531e-05
-9.97077  6.43566e-05
-9.96065  7.03326e-05
-9.95064  7.04331e-05
-9.94064  6.64554e-05
-9.93055  6.99883e-05
-9.92038  7.05394e-05
-9.91024  6.79566e-05
-9.90013  7.59312e-05
-9.89006  7.12735e-05
-9.87993  6.83647e-05
-9.86989  7.55657e-05
-9.8597  7.35566e-05
-9.84974  7.17583e-05
-9.83953  7.60909e-05
-9.82945  7.44669e-05
-9.8194  7.42159e-05
-9.80923  7.61201e-05
-9.79907  7.94474e-05
-9.78902  7.53016e-05
-9.77885  7.63867e-05
-9.76887  8.08103e-05
-9.75855  8.03816e-05
-9.7484  7.73905e-05
-9.7384  8.40579e-05
-9.72833  7.378e-05
-9.71816  8.38036e-05
-9.70809  8.43672e-05
-9.69801  8.03486e-05
-9.68776  8.35775e-05
-9.67755  8.64194e-05
-9.66767  8.0449e-05
-9.65737  8.53305e-05
-9.64728  8.79387e-05
-9.63719  8.53886e-05
-9.62699  8.61898e-05
-9.61689  8.85395e-05
-9.60681  8.72095e-05
-9.5964  8.93351e-05
-9.58651  9.09868e-05
-9.57629  8.76115e-05
-9.5662  9.07121e-05
-9.5561  9.19379e-05
-9.54609  9.24696e-05
-9.5358  8.96321e-05
-9.52582  9.59776e-05
-9.51559  9.33824e-05
-9.50558  9.08533e-05
-9.49536  0.00010016
-9.4854  9.26949e-05
-9.47519  9.5802e-05
-9.46509  9.81209e-05
-9.45443  0.000107469
-9.4437  9.71236e-05
-9.43368  0.000103624
-9.42359  9.48887e-05
-9.41334  0.000103678
-9.40321  9.92971e-05
-9.39324  0.000105509
-9.38289  9.81642e-05
-9.373  0.000106358
-9.36274  0.000102263
-9.35273  0.000105195
-9.34249  0.000101912
-9.33271  0.000109568
-9.32236  0.000102837
-9.31243  0.000110488
-9.30181  0.000115901
-9.29135  0.000108175
-9.28093  0.000113623
-9.27116  0.000107835
-9.26042  0.000119969
-9.25006  0.000110862
-9.23991  0.000114606
-9.22978  0.000112693
-9.21959  0.00011456
-9.20927  0.000123056
-9.19861  0.000116474
-9.18851  0.000115286
-9.1784  0.000119589
-9.16831  0.000114838
-9.15821  0.000124085
-9.14809  0.000115483
-9.13799  0.000121319
-9.12782  0.00012195
-9.11783  0.000121675
-9.10762  0.000121905
-9.0976  0.000124694
-9.08751  0.000121467
-9.07745  0.000130215
-9.06714  0.000122365
-9.05727  0.000126486
-9.04699  0.000129096
-9.03692  0.000127767
-9.02675  0.00013077
-9.01676  0.0001268
-9.00649  0.000134226
-8.99656  0.000129785
-8.98638  0.000131568
-8.97636  0.000133374
-8.96625  0.000133437
-8.95618  0.000136736
-8.94538  0.000150352
-8.93495  0.000130187
-8.92494  0.000144012
-8.91476  0.000136697
-8.90471  0.000136022
-8.89467  0.000141114
-8.88455  0.000141501
-8.87453  0.000141565
-8.86439  0.000142594
-8.85423  0.000145584
-8.84423  0.000140914
-8.83415  0.000147412
-8.82403  0.000146601
-8.81396  0.000146812
-8.80378  0.000148335
-8.79371  0.000149883
-8.78366  0.000145401
-8.7735  0.000158118
-8.76329  0.000153549
-8.75324  0.000148242
-8.7431  0.000152372
-8.73302  0.000158016
-8.72305  0.000153157
-8.71296  0.00015496
-8.70276  0.000159784
-8.69281  0.000156609
-8.68268  0.000156947
-8.6727  0.000163091
-8.66261  0.00015759
-8.6525  0.000162038
-8.64235  0.000167111
-8.63237  0.00015804
-8.62228  0.000164822
-8.61215  0.000174892
-8.60195  0.000161459
-8.5919  0.000167474
-8.58167  0.000171552
-8.57176  0.000168822
-8.56157  0.000170359
-8.55145  0.000173665
-8.5414  0.000173282
-8.53133  0.000168861
-8.52117  0.00018063
-8.5111  0.000177015
-8.50094  0.00017117
-8.49093  0.000183643
-8.48075  0.000177673
-8.47065  0.000177789
-8.4605  0.000185236
-8.45011  0.000198135
-8.43942  0.000181299
-8.42881  0.000203909
-8.41823  0.000189774
-8.40804  0.000183877
-8.3974  0.000206073
-8.38695  0.000190774
-8.37666  0.000187266
-8.36668  0.000191503
-8.35674  0.000191792
-8.34607  0.000207961
-8.33557  0.000194669
-8.32561  0.000196656
-8.31528  0.000195717
-8.30532  0.000197667
-8.29529  0.000197824
-8.28517  0.000201187
-8.27499  0.000196073
-8.26511  0.000205441
-8.25489  0.000199958
-8.24482  0.00020592
-8.23478  0.000205914
-8.22476  0.000203034
-8.21415  0.000225611
-8.20381  0.000208964
-8.1935  0.000211508
-8.18344  0.000209004
-8.17354  0.000212398
-8.16333  0.000213106
-8.15324  0.000212818
-8.14326  0.000214527
-8.13309  0.000224741
-8.12241  0.000229343
-8.11209  0.000221409
-8.10191  0.000220035
-8.09177  0.000222859
-8.08172  0.000222526
-8.07172  0.000221408
-8.06149  0.000223814
-8.05167  0.000226753
-8.04142  0.000227889
-8.03129  0.00023059
-8.02109  0.000232111
-8.01056  0.000251514
-7.9998  0.00023561
-7.98982  0.000230755
-7.9797  0.000239605
-7.96955  0.000231441
-7.95948  0.000241286
-7.94949  0.000234354
-7.93924  0.00024373
-7.92934  0.000235621
-7.91927  0.000241271
-7.90912  0.000244029
-7.89907  0.000248249
-7.88903  0.000240055
-7.87884  0.000252067
-7.8689  0.000238566
-7.85874  0.000261448
-7.8485  0.000245591
-7.83866  0.000246733
-7.82849  0.000259473
-7.81834  0.000255604
-7.80824  0.000248688
-7.79822  0.000264761
-7.78797  0.000250612
-7.77816  0.0002628
-7.76788  0.000259267
-7.75784  0.000264398
-7.74767  0.000260567
-7.73778  0.000266316
-7.72732  0.000267581
-7.71757  0.000261012
-7.70725  0.000272781
-7.69715  0.00027584
-7.68692  0.000263609
-7.6771  0.000272509
-7.66673  0.000278918
-7.6569  0.000265123
-7.64668  0.000280745
-7.63668  0.000275179
-7.62653  0.000278874
-7.61659  0.000276572
-7.60627  0.000285501
-7.59635  0.000278905
-7.5862  0.000285088
-7.57613  0.000281943
-7.56605  0.000289305
-7.55597  0.000283287
-7.54581  0.000297443
-7.53572  0.000281978
-7.52569  0.000293259
-7.51563  0.000290891
-7.50553  0.00029684
-7.49545  0.000291531
-7.48534  0.000303116
-7.47518  0.00029628
-7.46518  0.000299321
-7.45484  0.000303258
-7.44485  0.000307316
-7.43476  0.000295023
-7.42467  0.000309902
-7.41463  0.000302732
-7.40462  0.000304097
-7.39438  0.000314521
-7.38437  0.000314845
-7.3742  0.000302991
-7.36417  0.000320605
-7.35404  0.000310308
-7.344  0.000315918
-7.33389  0.000316928
-7.32377  0.000324887
-7.31372  0.000313226
-7.30365  0.000320948
-7.29365  0.000322397
-7.28358  0.00032662
-7.27345  0.000321944
-7.26324  0.000339302
-7.25322  0.000318654
-7.24306  0.000332556
-7.23308  0.00033552
-7.22293  0.000327514
-7.21299  0.000328864
-7.20273  0.000348935
-7.19275  0.000327582
-7.18266  0.000336955
-7.1727  0.000341418
-7.16249  0.000345517
-7.15253  0.000332475
-7.14233  0.000358711
-7.13231  0.000337902
-7.12219  0.000345758
-7.11214  0.000353559
-7.10203  0.000350983
-7.0919  0.000346061
-7.08174  0.000367788
-7.07168  0.000344512
-7.06169  0.000355933
-7.05152  0.000358981
-7.04147  0.000363755
-7.03092  0.00038479
-7.02043  0.000365436
-7.01031  0.000367102
-7.00032  0.000359615
-6.98956  0.000406386
-6.97922  0.000366967
-6.96857  0.000399168
-6.95804  0.000380132
-6.94791  0.000373178
-6.93784  0.000362481
-6.9272  0.000433992
-6.91657  0.000367798
-6.90656  0.000379389
-6.89597  0.000418117
-6.88531  0.000391027
-6.87513  0.000378685
-6.86518  0.000385846
-6.855  0.000392241
-6.84496  0.000383931
-6.83481  0.00039097
-6.82474  0.000400183
-6.81445  0.000392722
-6.80401  0.000427983
-6.79343  0.000406191
-6.78326  0.000385842
-6.77328  0.000407976
-6.76323  0.000393479
-6.75311  0.000410605
-6.7431  0.000387017
-6.73308  0.000422735
-6.72282  0.000397213
-6.71288  0.000409791
-6.7028  0.000407304
-6.69275  0.000418339
-6.68212  0.00043906
-6.67178  0.000421723
-6.66154  0.000407978
-6.65159  0.000423739
-6.64105  0.00044904
-6.63057  0.000425308
-6.62033  0.000422255
-6.61037  0.000424164
-6.60011  0.000434458
-6.59013  0.000413441
-6.58007  0.000431609
-6.56996  0.000436418
-6.55984  0.000423271
-6.54982  0.000433243
-6.53974  0.000438662
-6.52965  0.000427108
-6.51964  0.000443575
-6.50945  0.000439849
-6.49896  0.00047699
-6.48846  0.000437718
-6.47837  0.000452802
-6.46814  0.000442587
-6.45831  0.000436452
-6.44808  0.00046345
-6.43805  0.000440216
-6.42792  0.000447443
-6.41786  0.000468696
-6.40761  0.000448979
-6.39772  0.000444559
-6.38755  0.000472227
-6.37748  0.000448912
-6.36733  0.000471139
-6.35727  0.000457226
-6.34711  0.000469217
-6.33713  0.000451626
-6.32698  0.000484992
-6.31677  0.00046394
-6.30679  0.000465635
-6.29672  0.000468308
-6.28672  0.00048206
-6.27656  0.000456371
-6.26661  0.000489702
-6.25634  0.000476841
-6.24636  0.000479933
-6.23619  0.000475391
-6.22618  0.000491656
-6.21601  0.000469936
-6.20614  0.000495109
-6.19577  0.000486767
-6.18585  0.000492893
-6.1756  0.000481565
-6.16567  0.000499771
-6.1555  0.000485309
-6.14553  0.00049692
-6.13523  0.000506251
-6.12532  0.000488857
-6.11509  0.000499172
-6.10508  0.000509521
-6.09489  0.000496512
-6.08497  0.000500133
-6.07475  0.000510549
-6.06478  0.000499939
-6.05468  0.000511829
-6.04451  0.000518428
-6.03432  0.000510826
-6.02434  0.000502722
-6.0142  0.000523793
-6.00416  0.000511019
-5.99411  0.000511259
-5.98395  0.000529444
-5.97389  0.000514014
-5.96387  0.000518333
-5.95374  0.000526606
-5.94363  0.000527463
-5.9336  0.000521409
-5.92344  0.000530341
-5.91333  0.000531234
-5.90331  0.000526775
-5.8932  0.00053231
-5.8831  0.000538614
-5.87306  0.000525626
-5.86299  0.000537674
-5.85279  0.000549701
-5.84279  0.000527985
-5.83234  0.000579263
-5.82192  0.000548942
-5.81177  0.000538933
-5.80177  0.000547106
-5.79153  0.000548258
-5.78163  0.000546689
-5.77141  0.000548767
-5.76136  0.000554815
-5.75124  0.000551268
-5.74129  0.000547303
-5.73099  0.000569898
-5.72108  0.000547927
-5.71089  0.000556596
-5.7009  0.000565248
-5.69073  0.000559244
-5.68034  0.000603037
-5.66971  0.00058116
-5.65971  0.000549326
-5.64959  0.000575866
-5.6395  0.0005677
-5.62887  0.000627148
-5.61841  0.000563474
-5.60826  0.000583373
-5.59819  0.000563863
-5.58822  0.000574869
-5.57802  0.000585237
-5.5679  0.000580323
-5.55789  0.000569995
-5.54779  0.000587999
-5.53763  0.000583286
-5.52761  0.000582734
-5.51744  0.000590068
-5.50734  0.000582422
-5.49683  0.000648472
-5.48628  0.000576086
-5.47619  0.000606586
-5.46612  0.000581452
-5.45604  0.000597362
-5.44589  0.000596268
-5.43589  0.000596381
-5.42529  0.000642431
-5.41479  0.000617869
-5.40453  0.000591007
-5.39456  0.000605317
-5.3843  0.000611119
-5.37434  0.000599351
-5.3643  0.000588537
-5.3543  0.000621789
-5.34403  0.000611941
-5.33403  0.000606653
-5.32371  0.000622986
-5.31371  0.000615183
-5.30294  0.000673002
-5.29201  0.000671505
-5.28138  0.000623628
-5.27134  0.000599822
-5.26123  0.000649782
-5.25101  0.00059999
-5.24104  0.000623181
-5.23106  0.000615524
-5.22092  0.000634945
-5.21086  0.000610128
-5.20078  0.00064383
-5.19058  0.000619089
-5.18059  0.000631592
-5.17047  0.000624332
-5.1604  0.000640055
-5.15037  0.000616123
-5.14034  0.000640416
-5.13019  0.000637774
-5.12017  0.000628696
-5.11011  0.00063384
-5.10002  0.000646983
-5.08955  0.000682514
-5.07905  0.000644633
-5.06886  0.000655021
-5.05881  0.000630851
-5.04876  0.000645577
-5.03862  0.000653089
-5.02856  0.000637799
-5.01849  0.000652072
-5.00838  0.000652673
-4.99834  0.000636249
-4.98839  0.000654155
-4.97813  0.000663369
-4.96808  0.000647626
-4.95797  0.000658271
-4.94748  0.000705978
-4.93694  0.000659723
-4.92698  0.0006528
-4.91637  0.000716524
-4.90595  0.000657224
-4.89583  0.00066386
-4.88576  0.000662611
-4.87556  0.000668558
-4.86562  0.00065394
-4.8555  0.000670058
-4.84541  0.000665786
-4.83532  0.000669024
-4.82528  0.000662706
-4.81516  0.00067225
-4.80524  0.000659741
-4.79513  0.00067426
-4.78497  0.000678224
-4.77492  0.000675642
-4.76481  0.000668786
-4.75467  0.000684
-4.74469  0.000666276
-4.73466  0.000672769
-4.72454  0.000681611
-4.71453  0.000682813
-4.70395  0.000730073
-4.69341  0.000695257
-4.68335  0.000671338
-4.67324  0.000693797
-4.66307  0.00067767
-4.65307  0.000698491
-4.64294  0.000667319
-4.63277  0.000711302
-4.62266  0.000673277
-4.61269  0.000691196
-4.60251  0.000691352
-4.59196  0.000758276
-4.58148  0.000678341
-4.57136  0.000704126
-4.56126  0.0006832
-4.55131  0.000698716
-4.54109  0.000691741
-4.53102  0.000701394
-4.52105  0.000688996
-4.51085  0.000701684
-4.50076  0.000700283
-4.49078  0.000694163
-4.48061  0.000697231
-4.47051  0.000714055
-4.45997  0.000754833
-4.44933  0.000715942
-4.43922  0.000695446
-4.42928  0.000702468
-4.41916  0.000691706
-4.40911  0.000719777
-4.39903  0.000698552
-4.38893  0.000707463
-4.37877  0.000705679
-4.36833  0.00078573
-4.35758  0.000700212
-4.34753  0.000725142
-4.33741  0.00070046
-4.32741  0.000707654
-4.31719  0.000719917
-4.30734  0.000696998
-4.29709  0.000722638
-4.28709  0.000712731
-4.277  0.000708769
-4.26709  0.000697942
-4.2569  0.0007296
-4.24694  0.000713657
-4.23671  0.000719833
-4.22664  0.000713641
-4.21649  0.000728231
-4.20652  0.000705087
-4.19629  0.000729184
-4.18636  0.000710628
-4.17624  0.000722757
-4.16615  0.000719747
-4.15595  0.000734106
-4.14597  0.000706064
-4.13581  0.000734812
-4.12571  0.000721136
-4.11565  0.000722666
-4.10555  0.000718863
-4.09545  0.000730254
-4.08493  0.000798028
-4.0742  0.000723748
-4.06408  0.000740808
-4.05402  0.000715281
-4.04388  0.000734773
-4.03376  0.000728071
-4.02382  0.000712626
-4.01376  0.000727582
-4.00364  0.000738275
-3.99366  0.000709169
-3.98356  0.000747665
-3.97337  0.000723688
-3.96338  0.00072905
-3.95329  0.00072901
-3.94309  0.000744389
-3.93309  0.000714689
-3.923  0.000744827
-3.91284  0.00072443
-3.90278  0.000741914
-3.89269  0.000725357
-3.88252  0.000747777
-3.87239  0.000725553
-3.86236  0.000739704
-3.85228  0.000717142
-3.84227  0.000746184
-3.83219  0.000728023
-3.82199  0.000748039
-3.81129  0.000810526
-3.80072  0.000748292
-3.79053  0.000719054
-3.78057  0.000741294
-3.77049  0.000733606
-3.76044  0.000732088
-3.75029  0.00073776
-3.74034  0.000741541
-3.73015  0.000730115
-3.72009  0.000741016
-3.71  0.000741416
-3.69995  0.000727637
-3.68984  0.000738716
-3.67984  0.000746879
-3.66964  0.000732357
-3.65954  0.000744675
-3.64948  0.000735419
-3.63892  0.000812478
-3.62823  0.000742215
-3.61818  0.000746441
-3.60802  0.000734789
-3.59789  0.000744299
-3.58788  0.00072849
-3.57791  0.000742865
-3.56773  0.000731549
-3.55779  0.000741276
-3.54767  0.000739285
-3.53755  0.000740132
-3.52757  0.000726359
-3.51759  0.000750373
-3.50737  0.000725787
-3.49741  0.000749854
-3.48724  0.000743667
-3.4771  0.000743606
-3.46692  0.000735464
-3.45702  0.000745394
-3.44681  0.000727096
-3.43684  0.000743956
-3.42675  0.000744734
-3.41666  0.000730584
-3.40654  0.00074177
-3.39664  0.000740138
-3.38632  0.000743592
-3.37633  0.000735972
-3.36627  0.000744524
-3.35614  0.000732761
-3.34606  0.000739787
-3.33612  0.000738104
-3.3259  0.000744908
-3.31588  0.000726303
-3.30582  0.000751255
-3.2957  0.000734061
-3.28555  0.000743337
-3.2755  0.000742473
-3.26536  0.000737294
-3.2553  0.000730057
-3.24531  0.000742546
-3.23523  0.000731132
-3.22513  0.000734356
-3.2152  0.000736668
-3.20508  0.000739174
-3.19493  0.000735961
-3.18488  0.000742746
-3.17474  0.000741455
-3.16456  0.000738078
-3.15447  0.000740522
-3.1444  0.000733204
-3.13435  0.000730078
-3.12429  0.000737861
-3.11421  0.000738966
-3.10416  0.000719007
-3.09421  0.000736025
-3.08413  0.000736407
-3.07411  0.000720566
-3.06401  0.000748106
-3.05387  0.000737469
-3.04374  0.000728062
-3.03363  0.00074391
-3.02344  0.000741002
-3.0134  0.00072201
-3.00329  0.00073702
-2.99263  0.000823132
-2.98176  0.000741791
-2.97178  0.000716575
-2.9617  0.000742159
-2.95155  0.000730325
-2.94144  0.000730892
-2.93146  0.000726594
-2.92123  0.000735584
-2.91136  0.000710926
-2.90127  0.000735004
-2.8912  0.000728974
-2.8811  0.000725785
-2.87106  0.000726998
-2.86085  0.000742555
-2.85087  0.000708173
-2.8407  0.00073882
-2.83063  0.000729544
-2.82051  0.000719479
-2.81045  0.00072747
-2.8003  0.000733866
-2.79034  0.000703468
-2.77974  0.000810646
-2.76906  0.000729745
-2.75894  0.000716919
-2.74895  0.000717429
-2.73881  0.000732427
-2.72872  0.000716035
-2.71866  0.000717658
-2.70858  0.000729271
-2.69848  0.000713
-2.68843  0.000718936
-2.67833  0.000721296
-2.66832  0.000715271
-2.65819  0.00071689
-2.64809  0.000727453
-2.63803  0.000707083
-2.62796  0.00071863
-2.61783  0.000717952
-2.60789  0.00070595
-2.59783  0.000711765
-2.58772  0.00072151
-2.57768  0.000706191
-2.56762  0.00071465
-2.55753  0.00070902
-2.54758  0.000704585
-2.53755  0.000707747
-2.5275  0.000707859
-2.51755  0.000698699
-2.50755  0.000714284
-2.49736  0.000707574
-2.48736  0.000709881
-2.47727  0.000710345
-2.46706  0.00070979
-2.45702  0.000705465
-2.44704  0.00070575
-2.43687  0.000693908
-2.42696  0.000713047
-2.41682  0.000699445
-2.40677  0.000698955
-2.39673  0.0007069
-2.38667  0.000703364
-2.37651  0.000693844
-2.36654  0.000710533
-2.35642  0.000692384
-2.34636  0.000702819
-2.33628  0.000695348
-2.32626  0.000706117
-2.31614  0.000680207
-2.30611  0.000714938
-2.296  0.000688354
-2.2859  0.000701291
-2.27589  0.000679301
-2.26582  0.000716848
-2.25569  0.000672637
-2.24568  0.000705832
-2.23553  0.000694211
-2.22539  0.000697513
-2.21535  0.000673117
-2.20529  0.000716648
-2.19511  0.000676029
-2.18505  0.000693877
-2.17496  0.000692206
-2.16485  0.000692408
-2.1547  0.000677596
-2.14465  0.000706404
-2.13449  0.000673179
-2.12446  0.000689061
-2.11429  0.000689963
-2.1042  0.000691165
-2.09402  0.000674254
-2.084  0.000693995
-2.07382  0.00068025
-2.06378  0.000677315
-2.05359  0.00069288
-2.04353  0.000679227
-2.03339  0.000672064
-2.02333  0.0006883
-2.01319  0.000677501
-2.00321  0.000659239
-1.99313  0.000691102
-1.98309  0.000663874
-1.97306  0.000671187
-1.96305  0.00067016
-1.95294  0.000681802
-1.94285  0.000663951
-1.93278  0.00067699
-1.92265  0.000673529
-1.91255  0.000671953
-1.90245  0.000665845
-1.89233  0.000679528
-1.88223  0.000664805
-1.87217  0.000660777
-1.86208  0.000675619
-1.85199  0.000662962
-1.84188  0.000666827
-1.8317  0.000673252
-1.82162  0.00066452
-1.81152  0.000655498
-1.80138  0.000677642
-1.79135  0.000647322
-1.7809  0.000717279
-1.77023  0.000675264
-1.76016  0.000656204
-1.75008  0.000647609
-1.74001  0.000669156
-1.72991  0.000656542
-1.71984  0.000648465
-1.70972  0.000665764
-1.69966  0.000648584
-1.6896  0.00065381
-1.67947  0.000657483
-1.66939  0.000654056
-1.65934  0.000641893
-1.64924  0.000663391
-1.63912  0.00064456
-1.62912  0.000646776
-1.61898  0.000652044
-1.60889  0.000654935
-1.59885  0.000632002
-1.5888  0.000654593
-1.57868  0.000645152
-1.56864  0.000645497
-1.55851  0.0006436
-1.54849  0.00063986
-1.53846  0.000642889
-1.52835  0.000643844
-1.51828  0.000636921
-1.50824  0.000645353
-1.49811  0.000637238
-1.48804  0.000640348
-1.478  0.000640612
-1.46789  0.000634818
-1.45776  0.000639903
-1.44774  0.000638513
-1.43766  0.000628697
-1.42765  0.000628767
-1.41763  0.000641905
-1.4075  0.000631613
-1.39737  0.000631038
-1.38742  0.000630505
-1.3773  0.000634142
-1.36725  0.000622771
-1.35719  0.00064182
-1.34704  0.000623962
-1.33692  0.000633795
-1.32687  0.000629896
-1.3167  0.00063269
-1.30666  0.000614005
-1.29661  0.00064165
-1.28642  0.000618639
-1.27644  0.000624254
-1.26638  0.000617601
-1.25626  0.000639669
-1.24619  0.000602667
-1.23622  0.000630111
-1.22606  0.000621342
-1.21603  0.000623331
-1.20589  0.000612365
-1.19542  0.000687685
-1.18479  0.000608059
-1.1748  0.000626603
-1.16457  0.00062339
-1.15457  0.000608399
-1.14446  0.000614668
-1.1344  0.000630259
-1.12417  0.000612986
-1.11416  0.000607753
-1.10405  0.000625389
-1.09402  0.000600993
-1.08395  0.00061298
-1.07385  0.000623973
-1.06369  0.000608873
-1.05362  0.000606288
-1.04354  0.000621179
-1.03302  0.000651061
-1.02255  0.000613097
-1.01248  0.000606525
-1.00241  0.000609041
-0.992323  0.000602293
-0.982324  0.000609576
-0.972158  0.000609056
-0.962119  0.000600263
-0.95206  0.000608411
-0.941925  0.000608953
-0.93181  0.000601046
-0.921799  0.000601591
-0.911639  0.000614082
-0.901542  0.000594033
-0.891504  0.000604804
-0.881347  0.000607099
-0.871271  0.000599623
-0.861244  0.00058931
-0.851211  0.000609124
-0.841137  0.000592422
-0.831133  0.000591612
-0.821028  0.000608946
-0.81098  0.000593065
-0.800874  0.000592858
-0.790797  0.000609837
-0.780685  0.000588492
-0.770622  0.00059562
-0.760487  0.000606225
-0.750448  0.000585772
-0.740385  0.000591043
-0.730393  0.000595071
-0.720385  0.000585159
-0.710315  0.000597283
-0.700224  0.000592567
-0.690248  0.000582829
-0.680176  0.000596089
-0.670068  0.000596021
-0.659984  0.000586885
-0.649895  0.000594169
-0.639789  0.000593442
-0.629759  0.000579886
-0.619665  0.000601312
-0.609541  0.000585125
-0.599457  0.000593106
-0.589268  0.000595349
-0.579194  0.000585117
-0.569109  0.000587664
-0.558987  0.000596919
-0.548864  0.000579319
-0.538834  0.000591114
-0.528727  0.000584516
-0.518646  0.000589913
-0.508546  0.000581377
-0.498522  0.000590962
-0.488315  0.00058631
-0.478288  0.000583656
-0.468198  0.000584093
-0.458107  0.0005885
-0.447986  0.000582245
-0.437945  0.00058594
-0.427375  0.000632689
-0.416896  0.000584287
-0.406821  0.000580472
-0.396746  0.00058443
-0.386579  0.000591028
-0.376512  0.000574745
-0.366461  0.000581599
-0.356377  0.000585667
-0.346289  0.00057984
-0.336197  0.000580287
-0.32618  0.00058181
-0.316046  0.000579728
-0.305948  0.000586897
-0.295852  0.000578094
-0.285787  0.000578688
-0.275602  0.00059155
-0.26556  0.000573123
-0.255488  0.000575751
-0.245448  0.000586256
-0.235247  0.000583827
-0.225213  0.000570224
-0.215099  0.000591016
-0.205014  0.000573366
-0.194937  0.000576146
-0.184906  0.000583732
-0.174346  0.000626515
-0.163812  0.00057919
-0.153761  0.0005802
-0.143701  0.000573594
-0.133608  0.000579757
-0.123586  0.000576997
-0.113446  0.000582614
-0.103312  0.000577624
-0.0933386  0.000572923
-0.0832313  0.000580564
-0.0731564  0.000577306
-0.063101  0.00057492
-0.0530273  0.000580405
-0.0428894  0.000580856
-0.0328261  0.000575362
-0.0227285  0.00057898
-0.0127019  0.000574401
-0.00382279  0.000439846
0.00382279  0.000439846
0.0127019  0.000574401
0.0227285  0.00057898
0.0328261  0.000575362
0.0428894  0.000580856
0.0530273  0.000580405
0.063101  0.00057492
0.0731564  0.000577306
0.0832313  0.000580564
0.0933386  0.000572923
0.103312  0.000577624
0.113446  0.000582614
0.123586  0.000576997
0.133608  0.000579757
0.143701  0.000573594
0.153761  0.0005802
0.163812  0.00057919
0.174346  0.000626515
0.184906  0.000583732
0.194937  0.000576146
0.205014  0.000573366
0.215099  0.000591016
0.225213  0.000570224
0.235247  0.000583827
0.245448  0.000586256
0.255488  0.000575751
0.26556  0.000573123
0.275602  0.00059155
0.285787  0.000578688
0.295852  0.000578094
0.305948  0.000586897
0.316046  0.000579728
0.32618  0.00058181
0.336197  0.000580287
0.346289  0.00057984
0.356377  0.000585667
0.366461  0.000581599
0.376512  0.000574745
0.386579  0.000591028
0.396746  0.00058443
0.406821  0.000580472
0.416896  0.000584287
0.427375  0.000632689
0.437945  0.00058594
0.447986  0.000582245
0.458107  0.0005885
0.468198  0.000584093
0.478288  0.000583656
0.488315  0.00058631
0.498522  0.000590962
0.508546  0.000581377
0.518646  0.000589913
0.528727  0.000584516
0.538834  0.000591114
0.548864  0.000579319
0.558987  0.000596919
0.569109  0.000587664
0.579194  0.000585117
0.589268  0.000595349
0.599457  0.000593106
0.609541  0.000585125
0.619665  0.000601312
0.629759  0.000579886
0.639789  0.000593442
0.649895  0.000594169
0.659984  0.000586885
0.670068  0.000596021
0.680176  0.000596089
0.690248  0.000582829
0.700224  0.000592567
0.710315  0.000597283
0.720385  0.000585159
0.730393  0.000595071
0.740385  0.000591043
0.750448  0.000585772
0.760487  0.000606225
0.770622  0.00059562
0.780685  0.000588492
0.790797  0.000609837
0.800874  0.000592858
0.81098  0.000593065
0.821028  0.000608946
0.831133  0.000591612
0.841137  0.000592422
0.851211  0.000609124
0.861244  0.00058931
0.871271  0.000599623
0.881347  0.000607099
0.891504  0.000604804
0.901542  0.000594033
0.911639  0.000614082
0.921799  0.000601591
0.93181  0.000601046
0.941925  0.000608953
0.95206  0.000608411
0.962119  0.000600263
0.972158  0.000609056
0.982324  0.000609576
0.992323  0.000602293
1.00241  0.000609041
1.01248  0.000606525
1.02255  0.000613097
1.03302  0.000651061
1.04354  0.000621179
1.05362  0.000606288
1.06369  0.000608873
1.07385  0.000623973
1.08395  0.00061298
1.09402  0.000600993
1.10405  0.000625389
1.11416  0.000607753
1.12417  0.000612986
1.1344  0.000630259
1.14446  0.000614668
1.15457  0.000608399
1.16457  0.00062339
1.1748  0.000626603
1.18479  0.000608059
1.19542  0.000687685
1.20589  0.000612365
1.21603  0.000623331
1.22606  0.000621342
1.23622  0.000630111
1.24619  0.000602667
1.25626  0.000639669
1.26638  0.000617601
1.27644  0.000624254
1.28642  0.000618639
1.29661  0.00064165
1.30666  0.000614005
1.3167  0.00063269
1.32687  0.000629896
1.33692  0.000633795
1.34704  0.000623962
1.35719  0.00064182
1.36725  0.000622771
1.3773  0.000634142
1.38742  0.000630505
1.39737  0.000631038
1.4075  0.000631613
1.41763  0.000641905
1.42765  0.000628767
1.43766  0.000628697
1.44774  0.000638513
1.45776  0.000639903
1.46789  0.000634818
1.478  0.000640612
1.48804  0.000640348
1.49811  0.000637238
1.50824  0.000645353
1.51828  0.000636921
1.52835  0.000643844
1.53846  0.000642889
1.54849  0.00063986
1.55851  0.0006436
1.56864  0.000645497
1.57868  0.000645152
1.5888  0.000654593
1.59885  0.000632002
1.60889  0.000654935
1.61898  0.000652044
1.62912  0.000646776
1.63912  0.00064456
1.64924  0.000663391
1.65934  0.000641893
1.66939  0.000654056
1.67947  0.000657483
1.6896  0.00065381
1.69966  0.000648584
1.70972  0.000665764
1.71984  0.000648465
1.72991  0.000656542
1.74001  0.000669156
1.75008  0.000647609
1.76016  0.000656204
1.77023  0.000675264
1.7809  0.000717279
1.79135  0.000647322
1.80138  0.000677642
1.81152  0.000655498
1.82162  0.00066452
1.8317  0.000673252
1.84188  0.000666827
1.85199  0.000662962
1.86208  0.000675619
1.87217  0.000660777
1.88223  0.000664805
1.89233  0.000679528
1.90245  0.000665845
1.91255  0.000671953
1.92265  0.000673529
1.93278  0.00067699
1.94285  0.000663951
1.95294  0.000681802
1.96305  0.00067016
1.97306  0.000671187
1.98309  0.000663874
1.99313  0.000691102
2.00321  0.000659239
2.01319  0.000677501
2.02333  0.0006883
2.03339  0.000672064
2.04353  0.000679227
2.05359  0.00069288
2.06378  0.000677315
2.07382  0.00068025
2.084  0.000693995
2.09402  0.000674254
2.1042  0.000691165
2.11429  0.000689963
2.12446  0.000689061
2.13449  0.000673179
2.14465  0.000706404
2.1547  0.000677596
2.16485  0.000692408
2.17496  0.000692206
2.18505  0.000693877
2.19511  0.000676029
2.20529  0.000716648
2.21535  0.000673117
2.22539  0.000697513
2.23553  0.000694211
2.24568  0.000705832
2.25569  0.000672637
2.26582  0.000716848
2.27589  0.000679301
2.2859  0.000701291
2.296  0.000688354
2.30611  0.000714938
2.31614  0.000680207
2.32626  0.000706117
2.33628  0.000695348
2.34636  0.000702819
2.35642  0.000692384
2.36654  0.000710533
2.37651  0.000693844
2.38667  0.000703364
2.39673  0.0007069
2.40677  0.000698955
2.41682  0.000699445
2.42696  0.000713047
2.43687  0.000693908
2.44704  0.00070575
2.45702  0.000705465
2.46706  0.00070979
2.47727  0.000710345
2.48736  0.000709881
2.49736  0.000707574
2.50755  0.000714284
2.51755  0.000698699
2.5275  0.000707859
2.53755  0.000707747
2.54758  0.000704585
2.55753  0.00070902
2.56762  0.00071465
2.57768  0.000706191
2.58772  0.00072151
2.59783  0.000711765
2.60789  0.00070595
2.61783  0.000717952
2.62796  0.00071863
2.63803  0.000707083
2.64809  0.000727453
2.65819  0.00071689
2.66832  0.000715271
2.67833  0.000721296
2.68843  0.000718936
2.69848  0.000713
2.70858  0.000729271
2.71866  0.000717658
2.72872  0.000716035
2.73881  0.000732427
2.74895  0.000717429
2.75894  0.000716919
2.76906  0.000729745
2.77974  0.000810646
2.79034  0.000703468
2.8003  0.000733866
2.81045  0.00072747
2.82051  0.000719479
2.83063  0.000729544
2.8407  0.00073882
2.85087  0.000708173
2.86085  0.000742555
2.87106  0.000726998
2.8811  0.000725785
2.8912  0.000728974
2.90127  0.000735004
2.91136  0.000710926
2.92123  0.000735584
2.93146  0.000726594
2.94144  0.000730892
2.95155  0.000730325
2.9617  0.000742159
2.97178  0.000716575
2.98176  0.000741791
2.99263  0.000823132
3.00329  0.00073702
3.0134  0.00072201
3.02344  0.000741002
3.03363  0.00074391
3.04374  0.000728062
3.05387  0.000737469
3.06401  0.000748106
3.07411  0.000720566
3.08413  0.000736407
3.09421  0.000736025
3.10416  0.000719007
3.11421  0.000738966
3.12429  0.000737861
3.13435  0.000730078
3.1444  0.000733204
3.15447  0.000740522
3.16456  0.000738078
3.17474  0.000741455
3.18488  0.000742746
3.19493  0.000735961
3.20508  0.000739174
3.2152  0.000736668
3.22513  0.000734356
3.23523  0.000731132
3.24531  0.000742546
3.2553  0.000730057
3.26536  0.000737294
3.2755  0.000742473
3.28555  0.000743337
3.2957  0.000734061
3.30582  0.000751255
3.31588  0.000726303
3.3259  0.000744908
3.33612  0.000738104
3.34606  0.000739787
3.35614  0.000732761
3.36627  0.000744524
3.37633  0.000735972
3.38632  0.000743592
3.39664  0.000740138
3.40654  0.00074177
3.41666  0.000730584
3.42675  0.000744734
3.43684  0.000743956
3.44681  0.000727096
3.45702  0.000745394
3.46692  0.000735464
3.4771  0.000743606
3.48724  0.000743667
3.49741  0.000749854
3.50737  0.000725787
3.51759  0.000750373
3.52757  0.000726359
3.53755  0.000740132
3.54767  0.000739285
3.55779  0.000741276
3.56773  0.000731549
3.57791  0.000742865
3.58788  0.00072849
3.59789  0.000744299
3.60802  0.000734789
3.61818  0.000746441
3.62823  0.000742215
3.63892  0.000812478
3.64948  0.000735419
3.65954  0.000744675
3.66964  0.000732357
3.67984  0.000746879
3.68984  0.000738716
3.69995  0.000727637
3.71  0.000741416
3.72009  0.000741016
3.73015  0.000730115
3.74034  0.000741541
3.75029  0.00073776
3.76044  0.000732088
3.77049  0.000733606
3.78057  0.000741294
3.79053  0.000719054
3.80072  0.000748292
3.81129  0.000810526
3.82199  0.000748039
3.83219  0.000728023
3.84227  0.000746184
3.85228  0.000717142
3.86236  0.000739704
3.87239  0.000725553
3.88252  0.000747777
3.89269  0.000725357
3.90278  0.000741914
3.91284  0.00072443
3.923  0.000744827
3.93309  0.000714689
3.94309  0.000744389
3.95329  0.00072901
3.96338  0.00072905
3.97337  0.000723688
3.98356  0.000747665
3.99366  0.000709169
4.00364  0.000738275
4.01376  0.000727582
4.02382  0.000712626
4.03376  0.000728071
4.04388  0.000734773
4.05402  0.000715281
4.06408  0.000740808
4.0742  0.000723748
4.08493  0.000798028
4.09545  0.000730254
4.10555  0.000718863
4.11565  0.000722666
4.12571  0.000721136
4.13581  0.000734812
4.14597  0.000706064
4.15595  0.000734106
4.16615  0.000719747
4.17624  0.000722757
4.18636  0.000710628
4.19629  0.000729184
4.20652  0.000705087
4.21649  0.000728231
4.22664  0.000713641
4.23671  0.000719833
4.24694  0.000713657
4.2569  0.0007296
4.26709  0.000697942
4.277  0.000708769
4.28709  0.000712731
4.29709  0.000722638
4.30734  0.000696998
4.31719  0.000719917
4.32741  0.000707654
4.33741  0.00070046
4.34753  0.000725142
4.35758  0.000700212
4.36833  0.00078573
4.37877  0.000705679
4.38893  0.000707463
4.39903  0.000698552
4.40911  0.000719777
4.41916  0.000691706
4.42928  0.000702468
4.43922  0.000695446
4.44933  0.000715942
4.45997  0.000754833
4.47051  0.000714055
4.48061  0.000697231
4.49078  0.000694163
4.50076  0.000700283
4.51085  0.000701684
4.52105  0.000688996
4.53102  0.000701394
4.54109  0.000691741
4.55131  0.000698716
4.56126  0.0006832
4.57136  0.000704126
4.58148  0.000678341
4.59196  0.000758276
4.60251  0.000691352
4.61269  0.000691196
4.62266  0.000673277
4.63277  0.000711302
4.64294  0.000667319
4.65307  0.000698491
4.66307  0.00067767
4.67324  0.000693797
4.68335  0.000671338
4.69341  0.000695257
4.70395  0.000730073
4.71453  0.000682813
4.72454  0.000681611
4.73466  0.000672769
4.74469  0.000666276
4.75467  0.000684
4.76481  0.000668786
4.77492  0.000675642
4.78497  0.000678224
4.79513  0.00067426
4.80524  0.000659741
4.81516  0.00067225
4.82528  0.000662706
4.83532  0.000669024
4.84541  0.000665786
4.8555  0.000670058
4.86562  0.00065394
4.87556  0.000668558
4.88576  0.000662611
4.89583  0.00066386
4.90595  0.000657224
4.91637  0.000716524
4.92698  0.0006528
4.93694  0.000659723
4.94748  0.000705978
4.95797  0.000658271
4.96808  0.000647626
4.97813  0.000663369
4.98839  0.000654155
4.99834  0.000636249
5.00838  0.000652673
5.01849  0.000652072
5.02856  0.000637799
5.03862  0.000653089
5.04876  0.000645577
5.05881  0.000630851
5.06886  0.000655021
5.07905  0.000644633
5.08955  0.000682514
5.10002  0.000646983
5.11011  0.00063384
5.12017  0.000628696
5.13019  0.000637774
5.14034  0.000640416
5.15037  0.000616123
5.1604  0.000640055
5.17047  0.000624332
5.18059  0.000631592
5.19058  0.000619089
5.20078  0.00064383
5.21086  0.000610128
5.22092  0.000634945
5.23106  0.000615524
5.24104  0.000623181
5.25101  0.00059999
5.26123  0.000649782
5.27134  0.000599822
5.28138  0.000623628
5.29201  0.000671505
5.30294  0.000673002
5.31371  0.000615183
5.32371  0.000622986
5.33403  0.000606653
5.34403  0.000611941
5.3543  0.000621789
5.3643  0.000588537
5.37434  0.000599351
5.3843  0.000611119
5.39456  0.000605317
5.40453  0.000591007
5.41479  0.000617869
5.42529  0.000642431
5.43589  0.000596381
5.44589  0.000596268
5.45604  0.000597362
5.46612  0.000581452
5.47619  0.000606586
5.48628  0.000576086
5.49683  0.000648472
5.50734  0.000582422
5.51744  0.000590068
5.52761  0.000582734
5.53763  0.000583286
5.54779  0.000587999
5.55789  0.000569995
5.5679  0.000580323
5.57802  0.000585237
5.58822  0.000574869
5.59819  0.000563863
5.60826  0.000583373
5.61841  0.000563474
5.62887  0.000627148
5.6395  0.0005677
5.64959  0.000575866
5.65971  0.000549326
5.66971  0.00058116
5.68034  0.000603037
5.69073  0.000559244
5.7009  0.000565248
5.71089  0.000556596
5.72108  0.000547927
5.73099  0.000569898
5.74129  0.000547303
5.75124  0.000551268
5.76136  0.000554815
5.77141  0.000548767
5.78163  0.000546689
5.79153  0.000548258
5.80177  0.000547106
5.81177  0.000538933
5.82192  0.000548942
5.83234  0.000579263
5.84279  0.000527985
5.85279  0.000549701
5.86299  0.000537674
5.87306  0.000525626
5.8831  0.000538614
5.8932  0.00053231
5.90331  0.000526775
5.91333  0.000531234
5.92344  0.000530341
5.9336  0.000521409
5.94363  0.000527463
5.95374  0.000526606
5.96387  0.000518333
5.97389  0.000514014
5.98395  0.000529444
5.99411  0.000511259
6.00416  0.000511019
6.0142  0.000523793
6.02434  0.000502722
6.03432  0.000510826
6.04451  0.000518428
6.05468  0.000511829
6.06478  0.000499939
6.07475  0.000510549
6.08497  0.000500133
6.09489  0.000496512
6.10508  0.000509521
6.11509  0.000499172
6.12532  0.000488857
6.13523  0.000506251
6.14553  0.00049692
6.1555  0.000485309
6.16567  0.000499771
6.1756  0.000481565
6.18585  0.000492893
6.19577  0.000486767
6.20614  0.000495109
6.21601  0.000469936
6.22618  0.000491656
6.23619  0.000475391
6.24636  0.000479933
6.25634  0.000476841
6.26661  0.000489702
6.27656  0.000456371
6.28672  0.00048206
6.29672  0.000468308
6.30679  0.000465635
6.31677  0.00046394
6.32698  0.000484992
6.33713  0.000451626
6.34711  0.000469217
6.35727  0.000457226
6.36733  0.000471139
6.37748  0.000448912
6.38755  0.000472227
6.39772  0.000444559
6.40761  0.000448979
6.41786  0.000468696
6.42792  0.000447443
6.43805  0.000440216
6.44808  0.00046345
6.45831  0.000436452
6.46814  0.000442587
6.47837  0.000452802
6.48846  0.000437718
6.49896  0.00047699
6.50945  0.000439849
6.51964  0.000443575
6.52965  0.000427108
6.53974  0.000438662
6.54982  0.000433243
6.55984  0.000423271
6.56996  0.000436418
6.58007  0.000431609
6.59013  0.000413441
6.60011  0.000434458
6.61037  0.000424164
6.62033  0.000422255
6.63057  0.000425308
6.64105  0.00044904
6.65159  0.000423739
6.66154  0.000407978
6.67178  0.000421723
6.68212  0.00043906
6.69275  0.000418339
6.7028  0.000407304
6.71288  0.000409791
6.72282  0.000397213
6.73308  0.000422735
6.7431  0.000387017
6.75311  0.000410605
6.76323  0.000393479
6.77328  0.000407976
6.78326  0.000385842
6.79343  0.000406191
6.80401  0.000427983
6.81445  0.000392722
6.82474  0.000400183
6.83481  0.00039097
6.84496  0.000383931
6.855  0.000392241
6.86518  0.000385846
6.87513  0.000378685
6.88531  0.000391027
6.89597  0.000418117
6.90656  0.000379389
6.91657  0.000367798
6.9272  0.000433992
6.93784  0.000362481
6.94791  0.000373178
6.95804  0.000380132
6.96857  0.000399168
6.97922  0.000366967
6.98956  0.000406386
7.00032  0.000359615
7.01031  0.000367102
7.02043  0.000365436
7.03092  0.00038479
7.04147  0.000363755
7.05152  0.000358981
7.06169  0.000355933
7.07168  0.000344512
7.08174  0.000367788
7.0919  0.000346061
7.10203  0.000350983
7.11214  0.000353559
7.12219  0.000345758
7.13231  0.000337902
7.14233  0.000358711
7.15253  0.000332475
7.16249  0.000345517
7.1727  0.000341418
7.18266  0.000336955
7.19275  0.000327582
7.20273  0.000348935
7.21299  0.000328864
7.22293  0.000327514
7.23308  0.00033552
7.24306  0.000332556
7.25322  0.000318654
7.26324  0.000339302
7.27345  0.000321944
7.28358  0.00032662
7.29365  0.000322397
7.30365  0.000320948
7.31372  0.000313226
7.32377  0.000324887
7.33389  0.000316928
7.344  0.000315918
7.35404  0.000310308
7.36417  0.000320605
7.3742  0.000302991
7.38437  0.000314845
7.39438  0.000314521
7.40462  0.000304097
7.41463  0.000302732
7.42467  0.000309902
7.43476  0.000295023
7.44485  0.000307316
7.45484  0.000303258
7.46518  0.000299321
7.47518  0.00029628
7.48534  0.000303116
7.49545  0.000291531
7.50553  0.00029684
7.51563  0.000290891
7.52569  0.000293259
7.53572  0.000281978
7.54581  0.000297443
7.55597  0.000283287
7.56605  0.000289305
7.57613  0.000281943
7.5862  0.000285088
7.59635  0.000278905
7.60627  0.000285501
7.61659  0.000276572
7.62653  0.000278874
7.63668  0.000275179
7.64668  0.000280745
7.6569  0.000265123
7.66673  0.000278918
7.6771  0.000272509
7.68692  0.000263609
7.69715  0.00027584
7.70725  0.000272781
7.71757  0.000261012
7.72732  0.000267581
7.73778  0.000266316
7.74767  0.000260567
7.75784  0.000264398
7.76788  0.000259267
7.77816  0.0002628
7.78797  0.000250612
7.79822  0.000264761
7.80824  0.000248688
7.81834  0.000255604
7.82849  0.000259473
7.83866  0.000246733
7.8485  0.000245591
7.85874  0.000261448
7.8689  0.000238566
7.87884  0.000252067
7.88903  0.000240055
7.89907  0.000248249
7.90912  0.000244029
7.91927  0.000241271
7.92934  0.000235621
7.93924  0.00024373
7.94949  0.000234354
7.95948  0.000241286
7.96955  0.000231441
7.9797  0.000239605
7.98982  0.000230755
7.9998  0.00023561
8.01056  0.000251514
8.02109  0.000232111
8.03129  0.00023059
8.04142  0.000227889
8.05167  0.000226753
8.06149  0.000223814
8.07172  0.000221408
8.08172  0.000222526
8.09177  0.000222859
8.10191  0.000220035
8.11209  0.000221409
8.12241  0.000229343
8.13309  0.000224741
8.14326  0.000214527
8.15324  0.000212818
8.16333  0.000213106
8.17354  0.000212398
8.18344  0.000209004
8.1935  0.000211508
8.20381  0.000208964
8.21415  0.000225611
8.22476  0.000203034
8.23478  0.000205914
8.24482  0.00020592
8.25489  0.000199958
8.26511  0.000205441
8.27499  0.000196073
8.28517  0.000201187
8.29529  0.000197824
8.30532  0.000197667
8.31528  0.000195717
8.32561  0.000196656
8.33557  0.000194669
8.34607  0.000207961
8.35674  0.000191792
8.36668  0.000191503
8.37666  0.000187266
8.38695  0.000190774
8.3974  0.000206073
8.40804  0.000183877
8.41823  0.000189774
8.42881  0.000203909
8.43942  0.000181299
8.45011  0.000198135
8.4605  0.000185236
8.47065  0.000177789
8.48075  0.000177673
8.49093  0.000183643
8.50094  0.00017117
8.5111  0.000177015
8.52117  0.00018063
8.53133  0.000168861
8.5414  0.000173282
8.55145  0.000173665
8.56157  0.000170359
8.57176  0.000168822
8.58167  0.000171552
8.5919  0.000167474
8.60195  0.000161459
8.61215  0.000174892
8.62228  0.000164822
8.63237  0.00015804
8.64235  0.000167111
8.6525  0.000162038
8.66261  0.00015759
8.6727  0.000163091
8.68268  0.000156947
8.69281  0.000156609
8.70276  0.000159784
8.71296  0.00015496
8.72305  0.000153157
8.73302  0.000158016
8.7431  0.000152372
8.75324  0.000148242
8.76329  0.000153549
8.7735  0.000158118
8.78366  0.000145401
8.79371  0.000149883
8.80378  0.000148335
8.81396  0.000146812
8.82403  0.000146601
8.83415  0.000147412
8.84423  0.000140914
8.85423  0.000145584
8.86439  0.000142594
8.87453  0.000141565
8.88455  0.000141501
8.89467  0.000141114
8.90471  0.000136022
8.91476  0.000136697
8.92494  0.000144012
8.93495  0.000130187
8.94538  0.000150352
8.95618  0.000136736
8.96625  0.000133437
8.97636  0.000133374
8.98638  0.000131568
8.99656  0.000129785
9.00649  0.000134226
9.01676  0.0001268
9.02675  0.00013077
9.03692  0.000127767
9.04699  0.000129096
9.05727  0.000126486
9.06714  0.000122365
9.07745  0.000130215
9.08751  0.000121467
9.0976  0.000124694
9.10762  0.000121905
9.11783  0.000121675
9.12782  0.00012195
9.13799  0.000121319
9.14809  0.000115483
9.15821  0.000124085
9.16831  0.000114838
9.1784  0.000119589
9.18851  0.000115286
9.19861  0.000116474
9.20927  0.000123056
9.21959  0.00011456
9.22978  0.000112693
9.23991  0.000114606
9.25006  0.000110862
9.26042  0.000119969
9.27116  0.000107835
9.28093  0.000113623
9.29135  0.000108175
9.30181  0.000115901
9.31243  0.000110488
9.32236  0.000102837
9.33271  0.000109568
9.34249  0.000101912
9.35273  0.000105195
9.36274  0.000102263
9.373  0.000106358
9.38289  9.81642e-05
9.39324  0.000105509
9.40321  9.92971e-05
9.41334  0.000103678
9.42359  9.48887e-05
9.43368  0.000103624
9.4437  9.71236e-05
9.45443  0.000107469
9.46509  9.81209e-05
9.47519  9.5802e-05
9.4854  9.26949e-05
9.49536  0.00010016
9.50558  9.08533e-05
9.51559  9.33824e-05
9.52582  9.59776e-05
9.5358  8.96321e-05
9.54609  9.24696e-05
9.5561  9.19379e-05
9.5662  9.07121e-05
9.57629  8.76115e-05
9.58651  9.09868e-05
9.5964  8.93351e-05
9.60681  8.72095e-05
9.61689  8.85395e-05
9.62699  8.61898e-05
9.63719  8.53886e-05
9.64728  8.79387e-05
9.65737  8.53305e-05
9.66767  8.0449e-05
9.67755  8.64194e-05
9.68776  8.35775e-05
9.69801  8.03486e-05
9.70809  8.43672e-05
9.71816  8.38036e-05
9.72833  7.378e-05
9.7384  8.40579e-05
9.7484  7.73905e-05
9.75855  8.03816e-05
9.76887  8.08103e-05
9.77885  7.63867e-05
9.78902  7.53016e-05
9.79907  7.94474e-05
9.80923  7.61201e-05
9.8194  7.42159e-05
9.82945  7.44669e-05
9.83953  7.60909e-05
9.84974  7.17583e-05
9.8597  7.35566e-05
9.86989  7.55657e-05
9.87993  6.83647e-05
9.89006  7.12735e-05
9.90013  7.59312e-05
9.91024  6.79566e-05
9.92038  7.05394e-05
9.93055  6.99883e-05
9.94064  6.64554e-05
9.95064  7.04331e-05
9.96065  7.03326e-05
9.97077  6.43566e-05
9.98086  6.65531e-05
9.99095  6.87416e-05
10.0011  6.57315e-05
10.0114  6.55779e-05
10.0215  6.66575e-05
10.0315  6.38404e-05
10.0417  6.25894e-05
10.0518  6.68873e-05
10.0619  6.06348e-05
10.072  6.37965e-05
10.0822  6.30739e-05
10.0923  6.09916e-05
10.1025  6.03422e-05
10.1125  6.33592e-05
10.1226  5.72459e-05
10.1327  6.13334e-05
10.1429  5.92403e-05
10.153  6.11081e-05
10.1633  5.64297e-05
10.1737  6.482e-05
10.1844  5.67184e-05
10.1943  5.62782e-05
10.2046  5.78908e-05
10.2145  5.4839e-05
10.2248  5.78311e-05
10.2349  5.50695e-05
10.2455  5.76719e-05
10.2561  5.77318e-05
10.2668  5.90243e-05
10.2773  5.25161e-05
10.2873  5.28823e-05
10.2976  5.29545e-05
10.3078  5.40836e-05
10.318  5.14429e-05
10.328  5.10225e-05
10.3381  5.01764e-05
10.3481  5.17835e-05
10.3583  4.94782e-05
10.3684  5.02263e-05
10.3786  5.0287e-05
10.3885  4.7263e-05
10.3988  4.93231e-05
10.4089  4.85079e-05
10.419  4.7723e-05
10.4292  4.77089e-05
10.4392  4.66425e-05
10.4493  4.74248e-05
10.4595  4.64415e-05
10.4695  4.58855e-05
10.4798  4.60883e-05
10.4899  4.37764e-05
10.4999  4.71466e-05
10.5102  4.52301e-05
10.5204  4.16505e-05
10.5305  4.54752e-05
10.5405  4.30285e-05
10.5508  4.36254e-05
10.561  4.2465e-05
10.5708  4.31594e-05
10.5812  4.14848e-05
10.5914  4.29778e-05
10.6014  3.98145e-05
10.6116  4.22537e-05
10.6217  4.02423e-05
10.6323  4.6089e-05
10.6432  3.90487e-05
10.6534  4.13938e-05
10.6634  3.8119e-05
10.6735  3.84018e-05
10.6839  3.92047e-05
10.6937  3.93924e-05
10.704  3.70279e-05
10.7143  3.91612e-05
10.7243  3.68931e-05
10.7343  3.56393e-05
10.7445  3.77197e-05
10.7547  3.78517e-05
10.765  3.36767e-05
10.7749  3.77066e-05
10.785  3.5582e-05
10.7952  3.37468e-05
10.8057  3.66076e-05
10.8156  3.55542e-05
10.8258  3.23554e-05
10.8359  3.53068e-05
10.8462  3.38417e-05
10.856  3.18789e-05
10.8665  3.49144e-05
10.877  3.6336e-05
10.8876  3.22843e-05
10.8978  3.21298e-05
10.908  3.19008e-05
10.918  3.05125e-05
10.9284  3.30751e-05
10.9383  3.1501e-05
10.9488  3.30688e-05
10.9597  2.98592e-05
10.9701  3.46864e-05
10.9806  2.86968e-05
10.9908  3.09327e-05
11.0012  2.97541e-05
11.0112  2.83378e-05
11.0216  2.97463e-05
11.0316  2.92335e-05
11.0416  2.66158e-05
11.0516  3.05059e-05
11.0621  2.73595e-05
11.072  2.67279e-05
11.0827  3.04353e-05
11.0933  2.98076e-05
11.1038  2.50044e-05
11.1137  2.64591e-05
11.124  2.79988e-05
11.134  2.56474e-05
11.1441  2.53819e-05
11.1541  2.70945e-05
11.1645  2.46578e-05
11.1746  2.59604e-05
11.1848  2.63066e-05
11.1951  2.34075e-05
11.2052  2.5447e-05
11.2153  2.45815e-05
11.2255  2.37111e-05
11.2357  2.42388e-05
11.2458  2.54969e-05
11.2561  2.22079e-05
11.2661  2.33416e-05
11.2765  2.38544e-05
11.2864  2.25928e-05
11.2966  2.32478e-05
11.3071  2.41836e-05
11.3179  2.16988e-05
11.3282  2.50945e-05
11.339  2.16402e-05
11.3491  2.14325e-05
11.3594  2.20606e-05
11.3694  2.0916e-05
11.3795  2.08414e-05
11.3896  2.12509e-05
11.4  2.11784e-05
11.4102  2.04221e-05
11.421  2.25587e-05
11.4317  2.11234e-05
11.4418  1.92602e-05
11.4519  2.00102e-05
11.4623  1.86512e-05
11.4723  1.95287e-05
11.4824  2.00232e-05
11.4925  1.87666e-05
11.5028  1.83769e-05
11.513  1.97549e-05
11.5235  1.84232e-05
11.5337  1.854e-05
11.5438  1.75514e-05
11.5537  1.78323e-05
11.5645  1.9847e-05
11.5751  1.71894e-05
11.5854  1.79644e-05
11.5957  1.78183e-05
11.6056  1.64092e-05
11.616  1.72731e-05
11.6264  1.69945e-05
11.6365  1.68531e-05
11.6465  1.63977e-05
11.657  1.63197e-05
11.6669  1.6057e-05
11.6772  1.6025e-05
11.6873  1.61061e-05
11.6975  1.55963e-05
11.7075  1.54006e-05
11.7179  1.57153e-05
11.728  1.50472e-05
11.7384  1.5346e-05
11.7485  1.5145e-05
11.7587  1.48609e-05
11.7687  1.46484e-05
11.7793  1.39486e-05
11.7893  1.52459e-05
11.7996  1.43396e-05
11.8096  1.38754e-05
11.8198  1.40415e-05
11.83  1.37464e-05
11.8403  1.35483e-05
11.8502  1.32725e-05
11.8606  1.32957e-05
11.8705  1.29257e-05
11.8809  1.42913e-05
11.8917  1.40677e-05
11.9026  1.28194e-05
11.9128  1.31597e-05
11.9226  1.18791e-05
11.9332  1.27303e-05
11.9433  1.30945e-05
11.9535  1.18054e-05
11.9636  1.1957e-05
11.9737  1.24838e-05
11.9839  1.13665e-05
11.9943  1.17903e-05
12.0043  1.20578e-05
12.0147  1.12101e-05
12.0247  1.1e-05
12.0351  1.23019e-05
12.0452  1.01523e-05
12.0557  1.1566e-05
12.0657  1.14468e-05
12.0759  1.10062e-05
12.0861  1.01326e-05
12.0962  1.08712e-05
12.1064  1.00386e-05
12.1165  1.03923e-05
12.1265  1.04444e-05
12.1367  9.93979e-06
12.147  1.01964e-05
12.1572  1.03848e-05
12.1671  9.46548e-06
12.1777  1.01144e-05
12.1881  9.61286e-06
12.1977  9.12544e-06
12.2082  9.85268e-06
12.2186  9.35012e-06
12.2288  1.0181e-05
12.2398  8.58984e-06
12.2499  9.96473e-06
12.2602  8.48248e-06
12.27  9.33276e-06
12.2806  8.89902e-06
12.2907  8.1419e-06
12.3006  8.64116e-06
12.3109  9.19593e-06
12.3213  7.71465e-06
12.3312  8.62398e-06
12.3417  8.5203e-06
12.3518  8.7788e-06
12.3623  7.26587e-06
12.3722  8.41953e-06
12.3826  8.15205e-06
12.393  7.57386e-06
12.4031  7.85661e-06
12.4136  8.39805e-06
12.4239  7.0794e-06
12.4338  7.73121e-06
12.4444  7.32865e-06
12.4547  7.31174e-06
12.4647  7.44477e-06
12.4748  7.27595e-06
12.4851  6.73907e-06
12.4954  7.33462e-06
12.5057  6.99684e-06
12.516  6.72432e-06
12.5261  7.28735e-06
12.5366  6.38922e-06
12.5466  6.68948e-06
12.5571  6.79632e-06
12.5673  6.62551e-06
12.578  7.28171e-06
12.588  5.74456e-06
12.5981  5.77384e-06
12.6083  6.83624e-06
12.6188  6.19981e-06
12.6286  6.42662e-06
12.6396  5.96361e-06
12.6499  5.85555e-06
12.6602  6.27454e-06
12.6702  5.5877e-06
12.6805  5.57391e-06
12.6906  6.15507e-06
12.7015  5.85765e-06
12.7118  5.52465e-06
12.7221  5.33883e-06
12.7323  5.58324e-06
12.7426  5.5916e-06
12.7527  5.43557e-06
12.7631  5.56494e-06
12.7734  5.02875e-06
12.7835  5.0665e-06
12.7942  5.47378e-06
12.8051  5.14753e-06
12.8151  4.99302e-06
12.8255  4.87151e-06
12.836  4.85151e-06
12.8463  4.78168e-06
12.8567  5.19623e-06
12.8669  4.8319e-06
12.8774  4.51905e-06
12.8878  4.62826e-06
12.898  4.81901e-06
12.9084  4.23889e-06
12.9187  4.64342e-06
12.9289  4.25751e-06
12.9391  4.43668e-06
12.9492  4.26631e-06
12.9599  4.77327e-06
12.9704  3.73507e-06
12.9802  4.50091e-06
12.9906  4.07383e-06
13.0008  3.70043e-06
13.0111  4.27272e-06
13.0216  4.19552e-06
13.0322  3.70762e-06
13.0426  4.27951e-06
13.0528  3.5291e-06
13.0631  3.93205e-06
13.0732  3.80507e-06
13.0836  3.81265e-06
13.0942  3.50525e-06
13.1048  3.62775e-06
13.1153  3.72457e-06
13.1254  3.68579e-06
13.1358  3.7816e-06
13.1465  3.38914e-06
13.1568  3.28708e-06
13.1673  3.58074e-06
13.1776  3.1695e-06
13.1883  3.24032e-06
13.1985  3.51593e-06
13.2089  3.23836e-06
13.2194  3.12764e-06
13.2298  3.1796e-06
13.24  3.29277e-06
13.2507  3.16913e-06
13.2606  2.87322e-06
13.2711  3.14759e-06
13.282  3.02514e-06
13.2928  2.89165e-06
13.3025  2.69758e-06
13.3134  3.02565e-06
13.3237  2.92492e-06
13.334  2.67502e-06
13.344  2.90069e-06
13.3551  3.05591e-06
13.3657  2.48367e-06
13.3762  2.76976e-06
13.3865  2.17233e-06
13.3968  2.92465e-06
13.4068  2.47572e-06
13.4175  2.83735e-06
13.4281  2.2842e-06
13.4385  2.79418e-06
13.4483  2.28048e-06
13.4586  2.39931e-06
13.4695  2.09493e-06
13.4794  2.60725e-06
13.4903  2.34977e-06
13.5011  2.41928e-06
13.5111  2.23297e-06
13.522  2.11341e-06
13.5324  2.54289e-06
13.5432  2.11324e-06
13.5531  2.0326e-06
13.5632  2.18018e-06
13.5737  1.97277e-06
13.5844  2.06149e-06
13.5946  2.1971e-06
13.6052  2.094e-06
13.6152  2.16673e-06
13.6265  1.88858e-06
13.6366  1.89462e-06
13.648  2.07358e-06
13.6582  1.95266e-06
13.6684  1.78965e-06
13.6784  1.87714e-06
13.6888  1.79077e-06
13.6991  1.76808e-06
13.7106  1.78144e-06
13.7205  1.80658e-06
13.7311  1.89355e-06
13.7418  1.82548e-06
13.7526  1.66013e-06
13.7629  1.63371e-06
13.7737  1.69303e-06
13.7842  1.73862e-06
13.7947  1.52663e-06
13.8056  1.81866e-06
13.8164  1.64894e-06
13.8272  1.3185e-06
13.8368  1.79791e-06
13.8476  1.36468e-06
13.8579  1.33543e-06
13.8679  1.52279e-06
13.8791  1.51169e-06
13.8892  1.52085e-06
13.8995  1.29111e-06
13.9097  1.60833e-06
13.9218  1.27398e-06
13.932  1.3393e-06
13.9422  1.56816e-06
13.9525  1.23715e-06
13.9635  1.40368e-06
13.9746  9.96443e-07
13.9853  1.63281e-06
13.9961  1.23618e-06
14.0063  1.27778e-06
14.0171  1.25592e-06
14.0277  1.13815e-06
14.0379  1.1503e-06
14.0488  1.28294e-06
14.0589  1.15527e-06
14.0695  1.23708e-06
14.0798  1.02593e-06
14.0906  1.17328e-06
14.1008  9.69686e-07
14.1114  1.24068e-06
14.1219  1.0532e-06
14.1329  1.03087e-06
14.1426  1.00279e-06
14.1531  1.03761e-06
14.1632  1.121e-06
14.1748  9.23131e-07
14.1856  1.00809e-06
14.1956  9.32268e-07
14.2061  9.35151e-07
14.2169  1.05076e-06
14.2268  9.42896e-07
14.2381  1.15489e-06
14.2485  5.72989e-07
14.2586  9.74497e-07
14.2692  8.42734e-07
14.2794  8.99162e-07
14.2908  9.0596e-07
14.301  8.70321e-07
14.3115  7.74733e-07
14.3216  8.83638e-07
14.3311  7.17512e-07
14.3421  9.80799e-07
14.3529  6.34803e-07
14.3632  7.72626e-07
14.3742  8.30421e-07
14.3858  8.19978e-07
14.396  7.36684e-07
14.4065  7.57173e-07
14.4166  7.24147e-07
14.4274  7.54542e-07
14.4378  6.71738e-07
14.4485  8.05052e-07
14.4595  6.91911e-07
14.4699  6.67865e-07
14.4805  6.58449e-07
14.4916  6.15989e-07
14.5019  5.78268e-07
14.5121  7.78983e-07
14.5225  6.58718e-07
14.532  6.04745e-07
14.5431  6.03514e-07
14.5534  5.53741e-07
14.5645  6.31717e-07
14.5756  6.25885e-07
14.5866  5.07015e-07
14.5963  7.08287e-07
14.6069  5.19598e-07
14.6175  6.11615e-07
14.6284  5.23035e-07
14.6386  5.59893e-07
14.6498  4.215e-07
14.6591  4.90879e-07
14.6697  5.04722e-07
14.6794  5.90454e-07
14.6913  6.25168e-07
14.703  5.29466e-07
14.7131  3.24785e-07
14.723  5.27682e-07
14.7334  4.62638e-07
14.7436  4.89124e-07
14.7538  4.52637e-07
14.766  5.3483e-07
14.7766  4.65887e-07
14.7869  4.11745e-07
14.7978  3.75652e-07
14.8077  5.28452e-07
14.8189  3.82115e-07
14.8297  3.79084e-07
14.8398  3.74266e-07
14.8507  4.80385e-07
14.8613  3.85538e-07
14.8719  4.8219e-07
14.8831  4.21954e-07
14.8941  3.2084e-07
14.9066  4.25993e-07
14.918  3.95702e-07
14.928  4.19857e-07
14.9377  3.78304e-07
14.9496  2.85063e-07
14.9577  2.90817e-07
14.97  3.65977e-07
14.98  3.19312e-07
14.9903  3.71106e-07
15.0024  3.42835e-07
15.0136  3.80083e-07
15.0247  3.359e-07
15.0356  3.17183e-07
15.0473  2.72498e-07
15.0577  3.7803e-07
15.0687  2.88197e-07
15.0802  2.98327e-07
15.091  3.2593e-07
15.1023  3.11094e-07
15.113  2.6777e-07
15.1237  2.31827e-07
15.1334  2.95784e-07
15.1434  3.40828e-07
15.155  1.97506e-07
15.1645  2.61726e-07
15.1753  2.21668e-07
15.1855  2.67188e-07
15.1961  2.35429e-07
15.2067  2.78911e-07
15.2172  2.43207e-07
15.2288  2.25576e-07
15.2404  2.39419e-07
15.25  2.7145e-07
15.2619  2.52354e-07
15.2718  2.03224e-07
15.2839  2.58163e-07
15.2936  1.26846e-07
15.3041  2.17003e-07
15.314  2.66636e-07
15.3255  2.1191e-07
15.3352  1.96264e-07
15.3459  1.75648e-07
15.3555  1.05065e-07
15.3669  2.27994e-07
15.3782  2.03043e-07
15.3885  2.51652e-07
15.4006  1.37337e-07
15.4105  1.93603e-07
15.4201  2.57811e-07
15.4315  1.57932e-07
15.441  1.26107e-07
15.4526  8.20548e-08
15.4632  2.32468e-07
15.4719  9.96619e-08
15.4836  2.30932e-07
15.4954  1.89732e-07
15.5048  1.38751e-07
15.5178  1.73402e-07
15.5263  1.10542e-07
15.5372  2.06809e-07
15.5483  1.54032e-07
15.5585  1.77054e-07
15.5691  8.84685e-08
15.5805  9.88089e-08
15.591  1.68429e-07
15.6024  2.18487e-07
15.6128  1.08896e-07
15.6235  9.5395e-08
15.6348  1.27827e-07
15.6451  1.54961e-07
15.6581  1.24825e-07
15.6684  1.05759e-07
15.6787  1.11848e-07
15.6895  1.22209e-07
15.7008  1.4318e-07
15.7109  1.51763e-07
15.7217  1.15534e-07
15.7344  1.0441e-07
15.7444  1.01638e-07
15.7547  1.11566e-07
15.7668  9.41492e-08
15.778  1.18013e-07
15.7902  1.52985e-07
15.7993  9.89795e-08
15.812  1.14231e-07
15.8231  8.27086e-08
15.8345  8.51681e-08
15.8453  8.74016e-08
15.8558  1.08702e-07
15.8667  7.44465e-08
15.8764  1.04392e-07
15.8863  8.99655e-08
15.8963  7.83078e-08
15.9092  5.94215e-08
15.9195  1.12206e-07
15.9308  1.03413e-07
15.9412  6.03154e-08
15.9532  8.35927e-08
15.9634  1.02109e-07
15.9734  5.7077e-08
15.9824  7.70648e-08
15.9966  7.71985e-08
16.0067  8.74073e-08
16.0169  3.85913e-08
16.0276  5.98848e-08
16.0383  7.20468e-08
16.049  8.13651e-08
16.0609  6.50156e-08
16.071  9.52967e-08
16.0849  7.01783e-08
16.0974  6.40412e-08
16.1071  8.54485e-08
16.1176  5.52693e-08
16.1305  7.28596e-08
16.1397  3.47496e-08
16.1505  5.95998e-08
16.1621  3.55398e-08
16.1728  7.47218e-08
16.1841  6.5353e-08
16.1947  6.55183e-08
16.205  7.15299e-08
16.214  4.29677e-08
16.2269  4.34059e-08
16.2371  4.30173e-08
16.2479  6.58592e-08
16.2587  5.28738e-08
16.2735  2.26664e-08
16.2835  7.89193e-08
16.292  3.08968e-08
16.3047  3.22005e-08
16.3149  3.93074e-08
16.3261  4.85781e-08
16.3364  6.39023e-08
16.3518  5.29111e-08
16.3616  4.24392e-08
16.375  4.12131e-08
16.3875  4.97631e-08
16.4  4.42996e-08
16.4077  4.4088e-08
16.4207  4.94372e-08
16.4322  2.99513e-08
16.4479  1.76953e-08
16.4604  7.23659e-08
16.4718  3.67038e-08
16.4862  3.90496e-08
16.497  1.55572e-08
16.5073  7.39248e-08
16.5214  2.22121e-08
16.5318  1.67495e-08
16.5417  1.94466e-08
16.557  3.25703e-08
16.5678  3.15097e-08
16.58  5.45752e-08
16.59  4.43194e-08
16.6037  3.16342e-08
16.6143  2.67311e-08
16.6253  1.57051e-08
16.6392  2.3172e-08
16.6495  2.15416e-08
16.6602  2.62893e-08
16.6714  2.81187e-08
16.6818  3.70077e-08
16.6959  2.60274e-08
16.7027  6.2761e-09
16.7161  2.42352e-08
16.7292  2.18702e-08
16.7395  2.57232e-08
16.7485  2.92834e-08
16.761  2.44007e-08
16.7773  1.36721e-08
16.7849  3.22789e-08
16.7961  3.74524e-08
16.8094  1.12501e-08
16.8219  1.73552e-08
16.8332  1.82973e-08
16.8473  1.31393e-08
16.859  2.13355e-08
16.8677  3.36744e-08
16.8818  2.27302e-08
16.8968  1.5114e-08
16.9072  9.42524e-09
16.9213  2.4776e-08
16.9367  1.78994e-08
16.9486  9.29618e-09
16.9597  1.88618e-08
16.9706  2.72993e-08
16.9831  1.35288e-08
16.9951  1.31916e-08
17.0052  1.46079e-08
17.0166  8.45233e-09
17.0267  1.54997e-08
17.0387  1.5311e-08
17.0496  1.48372e-08
17.0575  1.10033e-08
17.0723  2.62775e-08
17.085  6.52586e-09
17.0973  4.53342e-09
17.1101  2.66294e-09
17.1177  1.79473e-08
17.131  1.36454e-08
17.141  8.86607e-09
17.1559  2.51246e-08
17.1723  1.97753e-09
17.18  1.04673e-08
17.1901  1.26298e-08
17.1977  1.27243e-08
17.2182  7.27224e-09
17.228  7.65929e-09
17.2389  1.26029e-08
17.2478  8.9039e-09
17.2623  1.29247e-08
17.2761  1.10789e-08
17.2892  1.6795e-08
17.2981  4.94342e-09
17.311  6.17368e-09
17.3303  1.51429e-08
17.3497  5.9696e-09
17.3631  7.54743e-09
17.374  1.46741e-08
17.3989  6.09264e-09
17.4107  1.1853e-08
17.4268  5.46776e-09
17.436  3.09074e-09
17.4464  1.70356e-08
17.4634  1.05978e-08
17.4776  6.19203e-09
17.4951  6.78637e-09
17.5105  8.28617e-09
17.5314  7.94715e-09
17.5462  8.58506e-09
17.5578  5.21865e-09
17.5789  7.14831e-09
17.594  5.97963e-09
17.6097  6.67425e-09
17.6194  5.20608e-09
17.64  2.66447e-09
17.6543  9.4368e-09
17.6645  1.09577e-08
17.6839  8.02171e-09
17.702  2.24472e-09
17.7278  5.60076e-09
17.7394  3.67408e-09
17.7544  6.47778e-10
17.7706  9.72696e-09
17.7849  6.35735e-09
17.8008  1.7689e-09
17.8135  1.01082e-09
17.8376  6.85154e-09
17.8479  2.39815e-09
17.856  5.55631e-09
17.8716  4.46711e-09
17.886  2.92597e-09
17.9095  7.25128e-09
17.9398  7.15417e-09
17.9576  2.92697e-09
17.9892  5.09085e-09
18.0137  2.36487e-09
18.0245  2.27041e-09
18.0437  2.98256e-09
18.0587  7.38674e-09
18.1137  4.27066e-09
18.1259  3.6539e-09
18.1464  4.13787e-09
18.161  2.5627e-09
18.2063  4.5556e-10
18.2264  2.36376e-09
18.2341  4.12261e-09
18.267  2.51087e-09
18.2768  3.00158e-09
18.2994  5.2826e-10
18.3151  3.14382e-09
18.3306  3.3901e-09
18.3417  5.18316e-10
18.392  2.71542e-10
18.3998  2.59392e-09
18.4162  1.68984e-09
18.4533  2.78369e-09
18.464  4.22303e-10
18.4864  1.69774e-09
18.5065  1.31981e-09
18.5251  2.11005e-09
18.5515  1.99119e-09
18.6048  1.77818e-09
18.6294  4.46685e-10
18.6413  1.57956e-09
18.6724  1.48468e-09
18.7047  1.18985e-09
18.7291  1.81903e-09
18.7575  4.28792e-10
18.7731  1.51007e-09
18.8435  4.42239e-10
18.8501  6.51127e-10
18.8805  4.63223e-10
18.9276  1.79912e-09
18.9461  1.61929e-09
18.9802  9.4319e-10
19.0316  4.03579e-10
19.1031  1.27688e-09
19.1219  3.15205e-10
19.1392  3.92702e-10
19.2216  6.41804e-10
19.2567  3.66741e-10
19.3201  1.13667e-09
19.3542  2.20692e-10
19.3885  3.60644e-10
19.496  2.2126e-10
19.541  3.33814e-10
19.5956  9.01035e-10
19.7185  3.04952e-10
19.9355  2.71466e-10
19.9696  3.16243e-10
20.211  2.15191e-10
20.5851  1.51054e-10
