-20.6997  1.03351e-10
-20.3253  1.49541e-10
-20.0866  2.22476e-10
-20.0492  1.90761e-10
-19.8263  2.2824e-10
-19.7122  6.43816e-10
-19.6389  2.57125e-10
-19.6106  1.51385e-10
-19.4756  4.44438e-10
-19.4361  8.21278e-10
-19.3367  7.63177e-10
-19.2362  2.19044e-10
-19.2133  1.27511e-09
-19.1016  9.948e-10
-19.0617  1.18834e-09
-19.0259  1.10699e-09
-19.0109  3.0268e-10
-18.9975  3.25876e-10
-18.9705  1.73437e-10
-18.9601  2.79421e-10
-18.9195  3.33659e-10
-18.8636  1.22615e-09
-18.8378  1.7456e-09
-18.8231  8.83956e-10
-18.7856  7.57944e-10
-18.7524  3.79934e-10
-18.7372  3.3432e-10
-18.7232  2.28303e-09
-18.6766  3.29466e-10
-18.6515  1.60175e-09
-18.6231  9.43043e-10
-18.6006  2.92342e-09
-18.5627  1.81372e-09
-18.5498  3.7663e-10
-18.5393  3.18933e-10
-18.5066  1.85787e-10
-18.4913  3.07369e-09
-18.4786  3.36578e-10
-18.4487  2.58774e-09
-18.4139  1.54491e-09
-18.3978  1.30312e-09
-18.3865  6.50999e-10
-18.3753  2.04325e-09
-18.3494  4.28267e-09
-18.3398  1.08503e-09
-18.32  3.20125e-10
-18.3064  1.43649e-09
-18.2961  3.95199e-10
-18.2492  2.4376e-09
-18.2402  3.36938e-10
-18.2247  6.27659e-09
-18.2131  2.26318e-09
-18.1891  3.86042e-10
-18.1725  1.63158e-09
-18.1525  2.4447e-09
-18.1384  2.33161e-09
-18.122  3.7481e-09
-18.1088  1.37809e-09
-18.0924  7.58844e-10
-18.0726  4.21394e-09
-18.0635  1.41844e-09
-18.0383  3.83678e-09
-18.0224  2.32767e-09
-18.0101  1.01501e-09
-17.9888  7.07727e-09
-17.9693  3.11768e-09
-17.9498  6.22843e-09
-17.9343  4.11584e-09
-17.9251  1.81645e-09
-17.9097  4.31494e-10
-17.8922  7.49982e-10
-17.8775  5.21782e-09
-17.8637  1.79198e-09
-17.8475  9.81084e-09
-17.8318  6.80476e-10
-17.8039  4.93198e-09
-17.7981  2.36079e-09
-17.7847  1.40257e-09
-17.769  4.65022e-09
-17.7623  4.39838e-09
-17.747  7.30148e-09
-17.7306  1.078e-08
-17.7069  1.37822e-09
-17.6919  5.09693e-09
-17.683  1.70144e-09
-17.6605  8.84504e-09
-17.642  2.08891e-09
-17.632  5.20502e-09
-17.6167  9.00746e-09
-17.603  8.0607e-09
-17.5874  5.08725e-10
-17.5739  1.02622e-08
-17.5623  2.34619e-09
-17.5505  2.30664e-09
-17.5395  8.39525e-09
-17.524  8.63819e-09
-17.5093  8.29001e-09
-17.5001  6.2913e-09
-17.4878  7.7152e-09
-17.474  4.2747e-09
-17.4584  5.36471e-09
-17.4489  2.91194e-09
-17.4311  1.03061e-08
-17.41  8.93363e-09
-17.4001  2.59873e-09
-17.3876  7.2126e-09
-17.3756  1.66551e-08
-17.356  1.51853e-08
-17.3446  6.08504e-09
-17.3358  1.0757e-08
-17.3209  8.3872e-09
-17.3098  5.84852e-09
-17.2977  5.8428e-09
-17.2831  5.80684e-09
-17.2702  1.04339e-08
-17.2559  7.48099e-09
-17.2463  6.63953e-09
-17.2343  2.39763e-08
-17.2237  9.56606e-09
-17.2136  3.2535e-09
-17.1995  4.46905e-09
-17.19  1.22508e-08
-17.1681  1.16335e-08
-17.1553  1.71026e-08
-17.1469  3.20093e-09
-17.1335  2.48364e-08
-17.1173  1.65579e-08
-17.1104  6.98857e-09
-17.0962  7.2887e-09
-17.0826  1.84239e-08
-17.0751  1.22318e-08
-17.0611  5.34511e-09
-17.0477  2.07638e-08
-17.032  1.84801e-08
-17.0188  6.46059e-09
-17.0043  3.00342e-08
-16.9946  1.26285e-08
-16.9802  1.35492e-08
-16.9743  2.5073e-09
-16.9604  1.70615e-08
-16.9468  2.10481e-08
-16.9337  1.55856e-08
-16.9249  1.36237e-08
-16.9129  1.65646e-08
-16.9014  1.60542e-08
-16.8873  1.78419e-08
-16.8739  2.85646e-08
-16.8597  4.07085e-08
-16.8505  3.52292e-09
-16.8374  1.69307e-08
-16.8191  3.88288e-08
-16.8072  1.96495e-08
-16.7977  9.20498e-09
-16.7823  1.36158e-08
-16.7724  1.56195e-08
-16.7606  3.83267e-08
-16.7537  7.28185e-09
-16.7389  3.17722e-08
-16.725  3.28155e-08
-16.7118  1.98106e-08
-16.7  3.0837e-08
-16.6846  1.20688e-08
-16.6721  3.71624e-08
-16.6614  2.70765e-08
-16.6505  3.83888e-08
-16.6395  1.7614e-08
-16.6306  3.35519e-08
-16.6206  2.607e-08
-16.6077  5.30296e-09
-16.5994  1.70046e-08
-16.5841  4.24311e-08
-16.5754  2.33895e-08
-16.5635  2.41468e-08
-16.5498  3.53917e-08
-16.5389  3.75095e-08
-16.5283  2.71056e-08
-16.5148  4.08215e-08
-16.5022  5.91693e-08
-16.488  2.03491e-08
-16.4805  2.96419e-08
-16.4661  4.63019e-08
-16.4533  3.2701e-08
-16.4421  5.5357e-08
-16.435  8.27338e-09
-16.4216  4.06343e-08
-16.4093  3.11119e-08
-16.3968  4.01826e-08
-16.387  4.79742e-08
-16.3749  4.54457e-08
-16.3617  4.34871e-08
-16.3534  4.05632e-08
-16.344  2.70978e-08
-16.332  2.74879e-08
-16.319  5.84844e-08
-16.3075  4.39695e-08
-16.2989  3.26486e-08
-16.2868  6.27848e-08
-16.276  4.80068e-08
-16.2626  5.32609e-08
-16.2531  8.37199e-08
-16.2393  4.61373e-08
-16.228  3.90834e-08
-16.2191  3.06646e-08
-16.208  6.72408e-08
-16.1951  4.98686e-08
-16.1847  3.41274e-08
-16.1716  8.07867e-08
-16.1603  5.92198e-08
-16.1493  6.93e-08
-16.1394  6.0753e-08
-16.1271  7.029e-08
-16.114  6.19033e-08
-16.1022  4.61262e-08
-16.0907  9.90837e-08
-16.0801  3.84175e-08
-16.0698  5.60528e-08
-16.0575  7.18112e-08
-16.0425  9.32402e-08
-16.0316  4.51812e-08
-16.0227  4.98681e-08
-16.0118  1.2412e-07
-16.0021  6.90303e-08
-15.9902  8.0814e-08
-15.98  3.81138e-08
-15.9687  8.44519e-08
-15.9563  7.70197e-08
-15.9453  8.0302e-08
-15.9344  1.04787e-07
-15.9223  7.01108e-08
-15.9121  9.14965e-08
-15.9005  5.29986e-08
-15.8898  1.14305e-07
-15.88  6.29831e-08
-15.8691  8.96311e-08
-15.858  6.87411e-08
-15.8496  1.14793e-07
-15.8373  1.04104e-07
-15.8262  1.15638e-07
-15.8163  8.75609e-08
-15.8069  4.0631e-08
-15.7953  1.0061e-07
-15.7848  1.39817e-07
-15.7719  1.01215e-07
-15.7619  1.29115e-07
-15.7491  9.28238e-08
-15.7392  1.02971e-07
-15.7299  1.19152e-07
-15.7173  1.00889e-07
-15.7069  1.26789e-07
-15.6952  6.51455e-08
-15.685  1.13964e-07
-15.6735  1.13951e-07
-15.6635  1.59963e-07
-15.6514  1.47709e-07
-15.6415  1.52743e-07
-15.6317  1.25165e-07
-15.6211  5.40711e-08
-15.6093  1.47218e-07
-15.5963  1.98205e-07
-15.5865  1.19667e-07
-15.5759  1.28992e-07
-15.5645  1.5246e-07
-15.556  8.28294e-08
-15.5442  1.94219e-07
-15.5353  1.33575e-07
-15.5231  1.32729e-07
-15.5118  1.89781e-07
-15.5008  1.77416e-07
-15.4896  1.05481e-07
-15.4786  1.52465e-07
-15.4678  1.68765e-07
-15.4559  1.75076e-07
-15.4461  1.77252e-07
-15.4364  1.61694e-07
-15.4259  1.70513e-07
-15.4148  2.01479e-07
-15.4038  1.551e-07
-15.3927  1.29309e-07
-15.3829  1.96091e-07
-15.3728  1.99808e-07
-15.3607  2.21998e-07
-15.3501  2.40449e-07
-15.3363  1.4903e-07
-15.3268  2.08295e-07
-15.3169  2.10984e-07
-15.3063  1.43353e-07
-15.2965  2.07277e-07
-15.2857  2.74101e-07
-15.2746  2.19074e-07
-15.2655  1.93628e-07
-15.2546  2.1016e-07
-15.2432  2.04914e-07
-15.2331  1.91368e-07
-15.2236  2.69082e-07
-15.2124  2.55153e-07
-15.2001  2.23092e-07
-15.1903  2.15748e-07
-15.1801  2.57005e-07
-15.1697  2.82259e-07
-15.1599  2.47768e-07
-15.1488  2.52232e-07
-15.1382  2.66475e-07
-15.1272  3.3316e-07
-15.1162  1.77651e-07
-15.1057  2.27695e-07
-15.0959  3.67584e-07
-15.0838  2.72725e-07
-15.0735  2.56421e-07
-15.0639  2.93314e-07
-15.0533  2.48064e-07
-15.0418  3.54387e-07
-15.0315  3.07765e-07
-15.021  3.07175e-07
-15.0111  3.03032e-07
-15.0001  3.32594e-07
-14.9903  2.19368e-07
-14.9802  3.55583e-07
-14.9694  3.64238e-07
-14.9574  3.25022e-07
-14.9479  3.70135e-07
-14.937  3.35939e-07
-14.9267  3.52152e-07
-14.9163  3.99607e-07
-14.9061  2.62112e-07
-14.8957  4.31671e-07
-14.8845  3.48082e-07
-14.8738  3.62219e-07
-14.8624  4.17475e-07
-14.8515  4.52624e-07
-14.8419  3.68284e-07
-14.8301  3.99482e-07
-14.8199  3.87272e-07
-14.8099  3.47805e-07
-14.7991  4.82256e-07
-14.7887  4.78251e-07
-14.7775  4.33997e-07
-14.7667  4.56598e-07
-14.7578  3.22263e-07
-14.7477  4.08379e-07
-14.737  4.62377e-07
-14.726  6.17659e-07
-14.7144  4.79333e-07
-14.7046  3.76602e-07
-14.6937  5.5553e-07
-14.6824  3.72266e-07
-14.6721  6.3061e-07
-14.6611  5.88838e-07
-14.6506  3.95484e-07
-14.6405  5.35602e-07
-14.6302  5.1804e-07
-14.6193  6.17738e-07
-14.6075  5.61639e-07
-14.5979  5.59716e-07
-14.5865  4.80715e-07
-14.5755  5.63497e-07
-14.567  5.56745e-07
-14.5555  6.79769e-07
-14.5453  4.90215e-07
-14.5357  5.90725e-07
-14.5246  6.96579e-07
-14.5144  5.87291e-07
-14.5044  6.73243e-07
-14.493  5.38878e-07
-14.4819  7.45761e-07
-14.4709  7.9742e-07
-14.4594  5.33272e-07
-14.4488  7.57122e-07
-14.4388  7.22389e-07
-14.428  6.74498e-07
-14.4173  7.95861e-07
-14.4076  5.23042e-07
-14.3967  7.40973e-07
-14.3848  8.18348e-07
-14.3748  6.53444e-07
-14.3646  8.56072e-07
-14.3538  8.71512e-07
-14.3433  7.99619e-07
-14.3331  5.48648e-07
-14.323  8.59222e-07
-14.3115  8.94261e-07
-14.3012  7.56256e-07
-14.2911  8.14141e-07
-14.281  8.89635e-07
-14.2696  7.99729e-07
-14.2597  9.81836e-07
-14.248  1.00212e-06
-14.2368  7.58114e-07
-14.2269  9.50386e-07
-14.2172  8.61963e-07
-14.2059  9.02449e-07
-14.1961  9.98984e-07
-14.1851  9.5497e-07
-14.1735  1.02004e-06
-14.1623  1.14237e-06
-14.1522  9.796e-07
-14.1414  1.00849e-06
-14.1319  8.87548e-07
-14.1214  1.0391e-06
-14.1105  1.02849e-06
-14.1002  1.26727e-06
-14.0901  9.13083e-07
-14.0796  1.06262e-06
-14.0688  1.18008e-06
-14.059  1.128e-06
-14.0484  1.08668e-06
-14.038  1.21039e-06
-14.0276  1.00019e-06
-14.0179  1.17403e-06
-14.0069  1.35708e-06
-13.9954  1.31226e-06
-13.984  1.29473e-06
-13.974  1.24343e-06
-13.9635  1.13222e-06
-13.9538  1.23003e-06
-13.9429  1.44298e-06
-13.9323  1.24919e-06
-13.9224  1.25403e-06
-13.9114  1.56473e-06
-13.9009  1.22463e-06
-13.8907  1.28897e-06
-13.8799  1.57197e-06
-13.8687  1.65023e-06
-13.858  1.52235e-06
-13.8474  1.40047e-06
-13.8369  1.39926e-06
-13.826  1.41443e-06
-13.8161  1.69018e-06
-13.8052  1.71641e-06
-13.794  1.61666e-06
-13.7837  1.64466e-06
-13.7726  1.51093e-06
-13.7614  1.67175e-06
-13.7518  1.7006e-06
-13.7409  1.61065e-06
-13.7304  1.70048e-06
-13.7206  1.71409e-06
-13.7097  1.5095e-06
-13.6995  1.98248e-06
-13.6893  1.83182e-06
-13.6791  1.65158e-06
-13.6688  1.86293e-06
-13.6584  1.66593e-06
-13.6479  1.9197e-06
-13.6366  2.2801e-06
-13.626  2.14895e-06
-13.6143  1.87582e-06
-13.604  2.09932e-06
-13.5934  1.88407e-06
-13.5829  1.90434e-06
-13.5731  2.14571e-06
-13.5625  1.91473e-06
-13.552  2.12568e-06
-13.5416  2.22751e-06
-13.5305  2.57589e-06
-13.5188  2.05671e-06
-13.5089  2.30664e-06
-13.4977  2.43169e-06
-13.4877  2.13938e-06
-13.4776  2.27123e-06
-13.4671  2.14979e-06
-13.4564  2.41035e-06
-13.4463  2.66327e-06
-13.4357  2.55495e-06
-13.4253  2.21605e-06
-13.4145  2.38131e-06
-13.4041  2.75969e-06
-13.3928  2.58196e-06
-13.3819  2.67053e-06
-13.3721  2.7824e-06
-13.3609  2.45712e-06
-13.3506  2.74526e-06
-13.3405  2.56716e-06
-13.33  2.89886e-06
-13.3195  2.78478e-06
-13.3098  2.65975e-06
-13.2992  2.61319e-06
-13.289  3.20568e-06
-13.278  2.99392e-06
-13.2678  2.57881e-06
-13.2576  3.20852e-06
-13.2479  2.92629e-06
-13.2364  3.20369e-06
-13.2257  3.29319e-06
-13.2156  2.95067e-06
-13.2051  3.03924e-06
-13.1946  3.53168e-06
-13.1842  3.00901e-06
-13.1739  3.43159e-06
-13.163  3.41318e-06
-13.1526  3.32252e-06
-13.1422  3.37425e-06
-13.1318  3.8501e-06
-13.1215  3.29267e-06
-13.1112  3.38169e-06
-13.1004  3.57352e-06
-13.0901  3.42412e-06
-13.0802  3.5109e-06
-13.0697  4.33957e-06
-13.0592  3.36657e-06
-13.0484  3.89382e-06
-13.0377  4.19332e-06
-13.0273  3.96775e-06
-13.0169  3.52146e-06
-13.0065  4.20768e-06
-12.9964  3.83547e-06
-12.9858  4.23857e-06
-12.9755  4.33536e-06
-12.9648  4.16181e-06
-12.9548  3.98992e-06
-12.9444  4.31243e-06
-12.9344  4.26359e-06
-12.9235  4.31973e-06
-12.9133  4.14596e-06
-12.9032  4.57612e-06
-12.8929  4.28153e-06
-12.8826  4.84955e-06
-12.872  5.10982e-06
-12.8617  4.13261e-06
-12.8514  4.51777e-06
-12.8409  4.82471e-06
-12.8308  4.70617e-06
-12.8204  5.18835e-06
-12.8102  5.02277e-06
-12.7993  5.09007e-06
-12.7889  4.93531e-06
-12.7786  5.62678e-06
-12.7679  4.91184e-06
-12.7579  5.38829e-06
-12.7475  5.10871e-06
-12.7371  5.32572e-06
-12.7267  5.06365e-06
-12.7169  5.76289e-06
-12.7065  5.21657e-06
-12.6962  5.89905e-06
-12.6861  5.30646e-06
-12.6759  5.30026e-06
-12.6651  6.49118e-06
-12.6549  5.7823e-06
-12.6446  5.89777e-06
-12.6345  6.20221e-06
-12.6238  5.95683e-06
-12.6132  6.29166e-06
-12.6031  5.89689e-06
-12.5929  6.09883e-06
-12.5825  6.64156e-06
-12.5723  6.54672e-06
-12.5619  6.38692e-06
-12.5515  6.09555e-06
-12.5412  6.67774e-06
-12.5312  6.84901e-06
-12.5206  6.71563e-06
-12.5105  6.7503e-06
-12.5007  6.74814e-06
-12.49  6.99119e-06
-12.4796  6.77138e-06
-12.4697  7.33353e-06
-12.4593  7.14457e-06
-12.4492  7.21912e-06
-12.4392  7.02314e-06
-12.4287  7.27503e-06
-12.4183  7.96792e-06
-12.4081  8.00525e-06
-12.3977  7.26273e-06
-12.3875  7.89776e-06
-12.3774  7.84759e-06
-12.3673  7.42333e-06
-12.3569  7.96075e-06
-12.3469  8.41777e-06
-12.3361  8.31181e-06
-12.3264  7.87551e-06
-12.3161  8.67905e-06
-12.3057  8.23001e-06
-12.2954  7.99132e-06
-12.2853  9.66168e-06
-12.2747  8.34033e-06
-12.2648  8.47902e-06
-12.2543  9.30647e-06
-12.2439  8.78279e-06
-12.2336  9.12855e-06
-12.2238  9.23447e-06
-12.2132  9.2831e-06
-12.203  9.15119e-06
-12.1924  9.99345e-06
-12.1824  9.22015e-06
-12.1719  9.32077e-06
-12.1621  1.01418e-05
-12.1517  1.04268e-05
-12.1415  9.25858e-06
-12.1309  1.04056e-05
-12.121  9.81533e-06
-12.1105  1.06234e-05
-12.1001  1.06833e-05
-12.0896  1.12579e-05
-12.079  9.89959e-06
-12.069  1.10771e-05
-12.0587  1.09837e-05
-12.0484  1.05538e-05
-12.0377  1.22685e-05
-12.0271  1.14198e-05
-12.0168  1.00125e-05
-12.0067  1.26945e-05
-11.9965  1.08927e-05
-11.9866  1.08454e-05
-11.9763  1.22049e-05
-11.966  1.28544e-05
-11.9554  1.12153e-05
-11.9457  1.23145e-05
-11.9354  1.1906e-05
-11.9251  1.22946e-05
-11.9149  1.24332e-05
-11.9051  1.30269e-05
-11.8943  1.24555e-05
-11.8845  1.26155e-05
-11.874  1.33332e-05
-11.8639  1.2744e-05
-11.8536  1.32404e-05
-11.8438  1.35607e-05
-11.8332  1.36903e-05
-11.8232  1.30664e-05
-11.8132  1.33429e-05
-11.803  1.49107e-05
-11.7924  1.40785e-05
-11.7824  1.38665e-05
-11.7722  1.49181e-05
-11.762  1.3954e-05
-11.7515  1.47012e-05
-11.7415  1.5493e-05
-11.7311  1.41391e-05
-11.7213  1.49854e-05
-11.7108  1.58394e-05
-11.7006  1.54283e-05
-11.6897  1.66605e-05
-11.6794  1.53539e-05
-11.6693  1.60521e-05
-11.6591  1.60277e-05
-11.6488  1.66217e-05
-11.6389  1.48192e-05
-11.6286  1.71692e-05
-11.6184  1.65334e-05
-11.6082  1.58928e-05
-11.5983  1.77724e-05
-11.5877  1.8228e-05
-11.5775  1.60981e-05
-11.5672  1.73487e-05
-11.5573  1.72783e-05
-11.5472  1.78097e-05
-11.5371  1.87573e-05
-11.5266  1.75771e-05
-11.5166  1.73097e-05
-11.5064  1.96723e-05
-11.4958  1.98745e-05
-11.4849  1.88281e-05
-11.4749  1.98742e-05
-11.4647  1.88836e-05
-11.4545  1.83524e-05
-11.4443  2.00726e-05
-11.4342  1.99488e-05
-11.4238  2.01411e-05
-11.4137  2.09213e-05
-11.4035  1.89375e-05
-11.3936  2.04661e-05
-11.3831  2.17193e-05
-11.3729  2.00452e-05
-11.3627  2.10401e-05
-11.3526  2.19112e-05
-11.3424  2.21995e-05
-11.3322  2.07493e-05
-11.3219  2.16619e-05
-11.3118  2.21567e-05
-11.3017  2.25563e-05
-11.2916  2.27991e-05
-11.2813  2.3022e-05
-11.2713  2.13329e-05
-11.2612  2.32063e-05
-11.251  2.40091e-05
-11.2409  2.3315e-05
-11.2307  2.37715e-05
-11.2207  2.34829e-05
-11.2104  2.44931e-05
-11.2004  2.33864e-05
-11.1903  2.45519e-05
-11.18  2.62598e-05
-11.1699  2.42758e-05
-11.1596  2.59554e-05
-11.1494  2.55863e-05
-11.1391  2.55943e-05
-11.1292  2.51953e-05
-11.1192  2.69815e-05
-11.1087  2.61011e-05
-11.0986  2.68565e-05
-11.0885  2.71844e-05
-11.0785  2.65436e-05
-11.0681  2.76918e-05
-11.0582  2.69933e-05
-11.048  2.90353e-05
-11.0377  2.81098e-05
-11.0277  2.73724e-05
-11.0177  2.86226e-05
-11.0069  3.1805e-05
-10.996  3.12175e-05
-10.9855  2.98077e-05
-10.9745  3.44251e-05
-10.9638  2.88369e-05
-10.9538  3.01765e-05
-10.9433  3.13175e-05
-10.9332  3.22018e-05
-10.923  2.89936e-05
-10.9129  3.28339e-05
-10.9025  3.08767e-05
-10.8925  3.15834e-05
-10.8823  3.27725e-05
-10.8724  3.33545e-05
-10.862  3.15838e-05
-10.852  3.31564e-05
-10.8418  3.40375e-05
-10.8311  3.6819e-05
-10.8201  3.48771e-05
-10.8101  3.31208e-05
-10.8001  3.49073e-05
-10.79  3.46529e-05
-10.7794  3.8955e-05
-10.7688  3.46308e-05
-10.7581  3.94099e-05
-10.7476  3.57566e-05
-10.7377  3.62785e-05
-10.7273  3.65573e-05
-10.7171  3.77495e-05
-10.7071  3.65523e-05
-10.6969  3.83586e-05
-10.6866  3.77976e-05
-10.6766  3.9406e-05
-10.6664  3.79228e-05
-10.6563  3.90484e-05
-10.6462  3.89283e-05
-10.6361  3.9138e-05
-10.6257  4.14325e-05
-10.6158  4.09107e-05
-10.6049  4.34605e-05
-10.5945  4.10657e-05
-10.5842  4.22247e-05
-10.5741  4.04519e-05
-10.5638  4.42437e-05
-10.5537  4.24548e-05
-10.5434  4.171e-05
-10.5335  4.21112e-05
-10.5233  4.3999e-05
-10.5133  4.34243e-05
-10.503  4.58446e-05
-10.4927  4.51061e-05
-10.4824  4.43776e-05
-10.4725  4.61187e-05
-10.4621  4.5449e-05
-10.4522  4.45313e-05
-10.442  4.74627e-05
-10.4319  4.55998e-05
-10.4217  4.80569e-05
-10.4116  4.71995e-05
-10.4014  4.80445e-05
-10.3916  4.62536e-05
-10.3814  4.93167e-05
-10.3715  4.87079e-05
-10.3607  5.55963e-05
-10.3501  4.76033e-05
-10.3401  5.16338e-05
-10.3298  5.08793e-05
-10.3196  5.17084e-05
-10.3096  5.136e-05
-10.2995  5.18832e-05
-10.2887  5.65257e-05
-10.2781  5.4003e-05
-10.268  5.2798e-05
-10.2579  5.37442e-05
-10.2479  5.37216e-05
-10.2377  5.49272e-05
-10.2275  5.35869e-05
-10.2172  6.09283e-05
-10.2065  5.49413e-05
-10.1963  5.86347e-05
-10.1861  5.56974e-05
-10.1761  5.6537e-05
-10.1657  5.97701e-05
-10.1558  5.67025e-05
-10.1455  5.85876e-05
-10.1352  6.38515e-05
-10.1244  6.07748e-05
-10.1137  6.55183e-05
-10.1031  6.11409e-05
-10.0931  5.79159e-05
-10.0828  6.43425e-05
-10.0727  6.19308e-05
-10.0626  6.15656e-05
-10.0525  6.41854e-05
-10.0423  6.12599e-05
-10.0323  6.11921e-05
-10.0223  6.82413e-05
-10.012  6.4301e-05
-10.0019  6.41454e-05
-9.99205  6.6289e-05
-9.98175  6.49186e-05
-9.97177  6.62363e-05
-9.96152  6.92707e-05
-9.95149  6.63588e-05
-9.94141  6.86027e-05
-9.93141  6.83212e-05
-9.92116  6.76953e-05
-9.91106  7.10025e-05
-9.90054  7.75893e-05
-9.8901  6.74752e-05
-9.87985  7.41327e-05
-9.86975  7.14369e-05
-9.85964  6.99679e-05
-9.84959  7.6597e-05
-9.83918  7.3727e-05
-9.82914  7.31008e-05
-9.81896  7.4092e-05
-9.80903  7.71899e-05
-9.79871  7.34371e-05
-9.78874  7.67684e-05
-9.77847  7.81864e-05
-9.76851  7.71602e-05
-9.75816  7.84203e-05
-9.74831  7.84376e-05
-9.73796  7.89768e-05
-9.72805  7.72704e-05
-9.71768  8.39141e-05
-9.70768  8.02939e-05
-9.69743  8.01811e-05
-9.68754  8.27659e-05
-9.6772  8.4333e-05
-9.66727  7.95462e-05
-9.65692  8.58136e-05
-9.64697  8.64914e-05
-9.63676  8.14778e-05
-9.62697  8.56049e-05
-9.61655  8.93803e-05
-9.60646  8.4299e-05
-9.59632  8.83582e-05
-9.58642  8.88971e-05
-9.57618  8.64989e-05
-9.56617  9.13555e-05
-9.55521  0.000100367
-9.54482  8.87037e-05
-9.53458  9.24573e-05
-9.5246  8.99634e-05
-9.51446  9.64497e-05
-9.50432  8.94011e-05
-9.49415  9.45273e-05
-9.48422  9.541e-05
-9.47388  9.50492e-05
-9.4639  9.51947e-05
-9.45383  9.68126e-05
-9.44371  9.6084e-05
-9.43358  9.95946e-05
-9.42359  9.73224e-05
-9.41338  9.93913e-05
-9.40323  9.97785e-05
-9.39313  0.000101948
-9.38306  0.000100708
-9.37285  0.000101252
-9.36285  0.000100898
-9.3527  0.000107242
-9.34254  0.00010199
-9.33254  0.000104233
-9.32223  0.000106845
-9.31226  0.000106187
-9.30212  0.000106057
-9.29193  0.000110007
-9.28184  0.000105653
-9.27126  0.000121749
-9.26062  0.000110498
-9.25055  0.00010943
-9.24042  0.000109373
-9.23034  0.000114394
-9.22017  0.000112723
-9.21016  0.00011235
-9.19996  0.000114646
-9.18998  0.000115397
-9.1794  0.00012583
-9.16877  0.000117451
-9.15874  0.000116459
-9.14865  0.000119692
-9.13844  0.000119411
-9.12835  0.000118916
-9.11827  0.000119261
-9.10824  0.000123702
-9.09787  0.000123834
-9.08787  0.00012124
-9.07783  0.000122117
-9.06764  0.000127135
-9.05756  0.000123565
-9.0475  0.000124656
-9.03744  0.000127715
-9.02733  0.000129089
-9.01722  0.000127511
-9.00698  0.000130559
-8.99697  0.00012895
-8.98682  0.000131151
-8.97675  0.000134005
-8.96645  0.000133475
-8.95613  0.000140668
-8.9456  0.000137462
-8.93558  0.000129501
-8.92547  0.000142634
-8.91529  0.000133864
-8.90517  0.000140792
-8.89506  0.000135442
-8.88501  0.000141895
-8.87495  0.000137937
-8.86488  0.000144537
-8.85478  0.00013652
-8.84475  0.000147131
-8.83458  0.000142803
-8.82443  0.000148584
-8.81391  0.000152788
-8.80283  0.000168929
-8.792  0.000142817
-8.78166  0.000167141
-8.77093  0.000147104
-8.76088  0.000154442
-8.75054  0.000149008
-8.74067  0.000153788
-8.7303  0.000152592
-8.72041  0.000157123
-8.70972  0.000165304
-8.69944  0.000157538
-8.68904  0.000156346
-8.67924  0.00015728
-8.66892  0.00016372
-8.65897  0.000154192
-8.6487  0.000164326
-8.63887  0.000158767
-8.62852  0.000165247
-8.6187  0.00016134
-8.60848  0.000167982
-8.59843  0.000162917
-8.58822  0.000166774
-8.57835  0.000168902
-8.56808  0.000167825
-8.55803  0.000171038
-8.54782  0.000173737
-8.53792  0.000164574
-8.52762  0.000177671
-8.5177  0.000174712
-8.50746  0.000171279
-8.4974  0.000179531
-8.48711  0.000179662
-8.47721  0.000172533
-8.46702  0.000182333
-8.45701  0.000180311
-8.44681  0.000177958
-8.43681  0.000184048
-8.42613  0.000200115
-8.41572  0.000180272
-8.4056  0.000189286
-8.39538  0.000187943
-8.38471  0.00020549
-8.37431  0.000181788
-8.36422  0.000194959
-8.35414  0.000187824
-8.34401  0.000194169
-8.33392  0.000188655
-8.3238  0.000199737
-8.31369  0.000191436
-8.30363  0.000196563
-8.29356  0.000196886
-8.2834  0.000201921
-8.27339  0.000191128
-8.26337  0.00020667
-8.25307  0.000200489
-8.24306  0.000201936
-8.23303  0.000205352
-8.22286  0.000205495
-8.21278  0.000201197
-8.20273  0.000212907
-8.19246  0.00021018
-8.18236  0.000208952
-8.17234  0.000206594
-8.16224  0.000214017
-8.1522  0.000210354
-8.14207  0.000219125
-8.1319  0.000212565
-8.12173  0.000219733
-8.11174  0.000213523
-8.10165  0.000219749
-8.09144  0.000223062
-8.08132  0.000222429
-8.07128  0.000216324
-8.06119  0.000228704
-8.05104  0.000223386
-8.04081  0.000230517
-8.03078  0.000223795
-8.02061  0.000230629
-8.01062  0.000222191
-8.00055  0.000236597
-7.99046  0.000227019
-7.98039  0.000239667
-7.9703  0.000226649
-7.96016  0.000239868
-7.95022  0.000232352
-7.94003  0.000242806
-7.92994  0.000235327
-7.91979  0.000242873
-7.90988  0.000235721
-7.89959  0.000254227
-7.88941  0.000238988
-7.8794  0.000244402
-7.86938  0.000244204
-7.85917  0.000254029
-7.84921  0.000239514
-7.83913  0.000257418
-7.82896  0.000247097
-7.8189  0.00025381
-7.80848  0.000271182
-7.79792  0.000262676
-7.78773  0.000249905
-7.77776  0.000263516
-7.7675  0.000254344
-7.75739  0.000270753
-7.7473  0.000249967
-7.73732  0.000269024
-7.72706  0.000262188
-7.71704  0.000267139
-7.707  0.000256411
-7.69692  0.00027955
-7.68672  0.000262509
-7.67674  0.000273902
-7.66653  0.000268868
-7.65649  0.000275804
-7.64637  0.000269231
-7.63638  0.000279866
-7.6261  0.000275183
-7.61615  0.000275744
-7.60598  0.000281011
-7.59592  0.000285218
-7.58524  0.000301984
-7.57484  0.000286496
-7.56456  0.000284264
-7.55453  0.00028799
-7.5444  0.000287846
-7.53387  0.000311824
-7.52316  0.000297956
-7.51312  0.000289679
-7.5024  0.000322577
-7.49186  0.00029532
-7.48176  0.000293283
-7.47172  0.000296954
-7.46146  0.000304555
-7.45126  0.000302031
-7.44116  0.00029796
-7.43072  0.000328719
-7.42008  0.000309064
-7.40994  0.000300253
-7.3998  0.000311915
-7.38981  0.000304723
-7.37969  0.000309981
-7.36968  0.000303526
-7.35963  0.00031955
-7.34951  0.000308687
-7.33944  0.000313637
-7.32943  0.00031693
-7.31924  0.000322704
-7.30868  0.00034167
-7.29812  0.000330595
-7.28797  0.00031587
-7.27782  0.000327848
-7.26778  0.000324062
-7.25767  0.000326367
-7.24708  0.000357633
-7.23653  0.000334414
-7.22642  0.000326318
-7.21586  0.00036276
-7.20532  0.000333114
-7.19517  0.000343254
-7.185  0.000330498
-7.17498  0.000343811
-7.1649  0.000330518
-7.15493  0.000346164
-7.14475  0.00033858
-7.13463  0.000350011
-7.1246  0.000338761
-7.11412  0.000380732
-7.10348  0.000349892
-7.09345  0.000348649
-7.08335  0.000343916
-7.07332  0.000363185
-7.06333  0.00034202
-7.05322  0.000361633
-7.04308  0.000354438
-7.03312  0.000363988
-7.02284  0.000353631
-7.01282  0.000371195
-7.00279  0.000352889
-6.99268  0.000371862
-6.98253  0.00036448
-6.97249  0.000371509
-6.96173  0.000403241
-6.95143  0.000369618
-6.94129  0.000366426
-6.93117  0.000383053
-6.92098  0.000373764
-6.91093  0.000384484
-6.90069  0.000371797
-6.8908  0.000381948
-6.88061  0.000377208
-6.87054  0.000395809
-6.85987  0.000408669
-6.8495  0.000391349
-6.83927  0.000383278
-6.8294  0.000391267
-6.81911  0.000391975
-6.80909  0.000397938
-6.7989  0.000384778
-6.78901  0.000402562
-6.77871  0.000395331
-6.76881  0.000397422
-6.75794  0.000450344
-6.7476  0.000390879
-6.73723  0.000414664
-6.72734  0.000392038
-6.71718  0.000413855
-6.70721  0.000402673
-6.69697  0.000414691
-6.68705  0.000405016
-6.67679  0.000418317
-6.6669  0.00040301
-6.65671  0.000420504
-6.64683  0.000411375
-6.6366  0.000421748
-6.62671  0.000409633
-6.61649  0.000435039
-6.60649  0.000410432
-6.59631  0.000431329
-6.58587  0.000462128
-6.57515  0.000434093
-6.56513  0.00042116
-6.55505  0.000439176
-6.54503  0.000416848
-6.53486  0.00044656
-6.52486  0.000429872
-6.51428  0.000475536
-6.50372  0.000440248
-6.49363  0.000443061
-6.48355  0.000431907
-6.47345  0.000453766
-6.46339  0.000438194
-6.45325  0.000447411
-6.44324  0.000448677
-6.43314  0.000443928
-6.42313  0.000444152
-6.41302  0.000466533
-6.4029  0.000443583
-6.3928  0.000459476
-6.38228  0.000502427
-6.3716  0.00045112
-6.36164  0.000469453
-6.35147  0.000458999
-6.34145  0.000452915
-6.33081  0.000522991
-6.31987  0.000501922
-6.30921  0.000468763
-6.29919  0.000475996
-6.28897  0.0004713
-6.27842  0.000513535
-6.26785  0.000484371
-6.25784  0.000459404
-6.24766  0.000495284
-6.23761  0.00046847
-6.22748  0.000486713
-6.21697  0.000517255
-6.20641  0.000499414
-6.19623  0.000479101
-6.18612  0.000498105
-6.17594  0.000477833
-6.16583  0.000506303
-6.15579  0.000477517
-6.14574  0.000502374
-6.13547  0.000493302
-6.1255  0.00050177
-6.11537  0.000484105
-6.10536  0.000513322
-6.09527  0.000485146
-6.08526  0.000510628
-6.07511  0.000495018
-6.06521  0.000512663
-6.05496  0.000496901
-6.04496  0.00052188
-6.03484  0.000496026
-6.02478  0.000521407
-6.01463  0.000503173
-6.00473  0.000519771
-5.99457  0.000502672
-5.98456  0.000534648
-5.97428  0.000508847
-5.96428  0.000531302
-5.95417  0.000507202
-5.94422  0.000530961
-5.93402  0.000518642
-5.92397  0.000537346
-5.91378  0.000517269
-5.90378  0.00054376
-5.89313  0.000559736
-5.88276  0.000548917
-5.87253  0.000523344
-5.86261  0.000532284
-5.8525  0.000527999
-5.84262  0.000549645
-5.83235  0.000524133
-5.8224  0.000559603
-5.81214  0.00053392
-5.80169  0.000596797
-5.79106  0.000541967
-5.78111  0.000555015
-5.77082  0.000540949
-5.76039  0.000615224
-5.74972  0.000536033
-5.73975  0.000565473
-5.72954  0.000548135
-5.71959  0.000561786
-5.70887  0.000606957
-5.69842  0.000566652
-5.68809  0.000560107
-5.67818  0.000563524
-5.66755  0.000615692
-5.65706  0.000556898
-5.64692  0.00058032
-5.63688  0.000559075
-5.62662  0.000581169
-5.61659  0.000567997
-5.60594  0.000629078
-5.59543  0.000570559
-5.58533  0.00057828
-5.57534  0.000568395
-5.56514  0.000585546
-5.55514  0.000578824
-5.54493  0.000577271
-5.53499  0.000583003
-5.52475  0.000590999
-5.51472  0.000580133
-5.50411  0.000637987
-5.49378  0.000580733
-5.48348  0.000601484
-5.47354  0.000584625
-5.46334  0.000590281
-5.45337  0.000595846
-5.4431  0.000599145
-5.4332  0.00058515
-5.42294  0.000608738
-5.41309  0.000583582
-5.40286  0.00060578
-5.39295  0.000600202
-5.38265  0.000604652
-5.37285  0.000592408
-5.3625  0.000623911
-5.35256  0.000594701
-5.34231  0.000612
-5.33208  0.000653074
-5.32131  0.000624478
-5.31145  0.000594386
-5.30115  0.000632312
-5.29123  0.000597411
-5.28097  0.000639198
-5.27104  0.000589008
-5.26084  0.000642531
-5.25088  0.000601327
-5.24023  0.000690431
-5.22985  0.000600988
-5.21965  0.000651706
-5.20959  0.000592803
-5.19953  0.000658694
-5.18946  0.000594708
-5.17938  0.000648538
-5.16939  0.000611327
-5.15925  0.000650859
-5.14922  0.000602513
-5.13914  0.000662351
-5.12912  0.000605413
-5.11899  0.000656335
-5.10899  0.000620878
-5.0988  0.000654526
-5.08877  0.000620478
-5.07869  0.000662598
-5.06861  0.000616952
-5.05804  0.00072396
-5.04752  0.000626196
-5.03745  0.000657933
-5.02738  0.000633296
-5.01729  0.000662474
-5.00714  0.000634208
-4.9971  0.000672256
-4.98698  0.000626097
-4.97693  0.000669587
-4.9669  0.000638543
-4.95681  0.000667417
-4.94667  0.000638549
-4.93667  0.000675329
-4.92657  0.000636065
-4.91644  0.000684519
-4.90638  0.000637411
-4.89631  0.000673405
-4.88624  0.000650213
-4.87618  0.000675716
-4.86607  0.000649631
-4.85594  0.000685468
-4.84592  0.000644978
-4.83584  0.000679276
-4.82578  0.000658501
-4.81568  0.000674597
-4.80571  0.000661229
-4.79552  0.000684474
-4.78549  0.000656052
-4.77538  0.00069002
-4.76535  0.000660319
-4.75525  0.000678481
-4.74533  0.00066535
-4.73514  0.000688451
-4.72511  0.000670716
-4.71494  0.000694715
-4.70494  0.000660693
-4.69471  0.000699666
-4.68481  0.000668799
-4.67462  0.000685691
-4.66463  0.000680241
-4.65448  0.000695449
-4.64449  0.000669339
-4.63423  0.000708482
-4.62429  0.000671226
-4.61405  0.000697732
-4.60411  0.000686773
-4.59392  0.000694169
-4.58394  0.000677092
-4.57368  0.000718708
-4.56372  0.000674896
-4.55343  0.000709603
-4.54346  0.000690685
-4.5328  0.000761012
-4.52243  0.000679067
-4.5123  0.000718179
-4.50229  0.000671085
-4.49212  0.000726313
-4.48215  0.0006786
-4.47189  0.000723139
-4.46191  0.000675952
-4.45175  0.000734127
-4.44164  0.000677301
-4.43152  0.000731687
-4.42151  0.000672545
-4.41133  0.000733527
-4.40134  0.000684174
-4.39123  0.000723028
-4.38116  0.000681579
-4.37112  0.000737319
-4.36112  0.000671213
-4.35097  0.000741328
-4.34096  0.000686195
-4.33081  0.00073251
-4.32066  0.000697196
-4.31062  0.000731632
-4.3005  0.000687728
-4.2904  0.000743594
-4.28037  0.000689901
-4.27024  0.00072934
-4.2602  0.000699648
-4.25017  0.000729899
-4.24005  0.00069975
-4.22996  0.000741265
-4.21992  0.000690135
-4.20979  0.000741051
-4.19974  0.000703862
-4.18969  0.000728478
-4.17957  0.000709586
-4.16953  0.000734794
-4.15949  0.000696855
-4.14942  0.000740597
-4.13931  0.000716096
-4.12921  0.000726159
-4.11916  0.000720852
-4.10907  0.000727308
-4.09903  0.000710333
-4.08898  0.000738868
-4.0789  0.000717261
-4.06878  0.000724223
-4.05876  0.000733353
-4.04855  0.000731221
-4.03847  0.000727271
-4.02834  0.000732947
-4.01829  0.000722003
-4.00815  0.000733119
-3.99823  0.000719132
-3.98809  0.000733654
-3.97805  0.000729489
-3.96787  0.000740709
-3.95776  0.000729448
-3.94756  0.000740361
-3.9376  0.000724026
-3.92737  0.000737775
-3.91736  0.000738355
-3.90717  0.000724183
-3.89676  0.000800383
-3.88611  0.000746981
-3.87611  0.000716404
-3.86592  0.000745007
-3.85602  0.000726068
-3.84572  0.000749867
-3.83569  0.000729894
-3.82549  0.000752733
-3.81541  0.00072128
-3.80522  0.000755399
-3.79534  0.000713633
-3.78511  0.000748758
-3.77522  0.000722602
-3.76504  0.000750522
-3.75499  0.000724621
-3.74483  0.000758736
-3.73488  0.000712242
-3.7246  0.000769231
-3.71452  0.000727554
-3.7043  0.000753676
-3.69429  0.000722627
-3.68375  0.000826302
-3.67323  0.000705856
-3.66318  0.000768006
-3.65315  0.000716261
-3.64262  0.00081353
-3.63216  0.000723948
-3.62216  0.000757917
-3.61195  0.000717631
-3.60191  0.000773847
-3.5917  0.000720586
-3.58159  0.000762047
-3.57148  0.000724335
-3.56148  0.000753363
-3.55085  0.000787417
-3.5405  0.000756922
-3.53032  0.000725941
-3.52023  0.000763326
-3.51007  0.000723179
-3.49999  0.000765162
-3.48977  0.000730722
-3.4798  0.000748987
-3.46953  0.000736208
-3.45952  0.000759553
-3.44939  0.000718021
-3.43936  0.00075858
-3.42923  0.000727398
-3.4193  0.000744092
-3.40907  0.000738207
-3.39914  0.000750759
-3.38899  0.000718537
-3.37895  0.000765014
-3.36883  0.000725335
-3.35882  0.00074565
-3.34856  0.000747391
-3.33858  0.000741854
-3.32854  0.000719931
-3.31843  0.000767038
-3.30831  0.000722121
-3.29778  0.0008221
-3.28714  0.000737854
-3.27707  0.000748419
-3.26696  0.000728934
-3.25681  0.0007634
-3.24665  0.000728388
-3.23662  0.000745165
-3.2265  0.00073115
-3.21638  0.000758317
-3.20628  0.000727048
-3.19621  0.000747983
-3.18608  0.000726101
-3.17609  0.000749732
-3.16553  0.000791188
-3.1544  0.000840344
-3.14365  0.000730577
-3.1336  0.000748669
-3.12338  0.000731368
-3.11343  0.000743858
-3.10318  0.000733406
-3.09317  0.000745079
-3.08305  0.000727069
-3.07304  0.0007422
-3.06289  0.000724753
-3.05296  0.000744975
-3.04267  0.000737105
-3.03261  0.000745401
-3.02242  0.000725208
-3.01243  0.000745522
-3.00226  0.00072434
-2.99226  0.000745864
-2.98199  0.000722929
-2.97218  0.0007365
-2.96192  0.000727852
-2.95196  0.000738794
-2.94183  0.000717687
-2.93189  0.000743224
-2.9216  0.000726429
-2.9112  0.000813762
-2.89987  0.000795123
-2.88954  0.000732
-2.87927  0.000737069
-2.8693  0.000713795
-2.85912  0.000748514
-2.84913  0.000718079
-2.83885  0.000736829
-2.82888  0.000731808
-2.8186  0.000733968
-2.80858  0.000720054
-2.79836  0.000746193
-2.78835  0.000708811
-2.77818  0.000736523
-2.7682  0.0007211
-2.75805  0.000723053
-2.74815  0.000709755
-2.73796  0.000745199
-2.72788  0.000713084
-2.71768  0.000737596
-2.70768  0.000710543
-2.6975  0.0007308
-2.68748  0.000720966
-2.67728  0.000726327
-2.66728  0.000708451
-2.65718  0.000731974
-2.64718  0.000706298
-2.63707  0.000717126
-2.6267  0.00078062
-2.61609  0.000717883
-2.60604  0.000718126
-2.59589  0.000725913
-2.58584  0.000705903
-2.57568  0.000727221
-2.56566  0.000707672
-2.55556  0.000713657
-2.54551  0.000716395
-2.53538  0.000715196
-2.52539  0.000704371
-2.51524  0.000721354
-2.50522  0.000701879
-2.49518  0.000710098
-2.48512  0.000716181
-2.47494  0.000707056
-2.46498  0.000707204
-2.45476  0.000722184
-2.44466  0.000702999
-2.43452  0.000715512
-2.42445  0.000708745
-2.41385  0.000760022
-2.40351  0.000708156
-2.39329  0.00070702
-2.38324  0.000705847
-2.37309  0.00070549
-2.36309  0.000702956
-2.35285  0.000709163
-2.34291  0.000691689
-2.33235  0.000766103
-2.32188  0.000699134
-2.31166  0.00070837
-2.30165  0.000694584
-2.29156  0.00069644
-2.28153  0.000698533
-2.2713  0.000707556
-2.26136  0.000685072
-2.25117  0.000702492
-2.24116  0.00069417
-2.231  0.000700961
-2.2209  0.000692943
-2.21066  0.000705141
-2.20075  0.000681428
-2.1905  0.000700087
-2.18055  0.00068318
-2.17045  0.000695281
-2.16041  0.00068171
-2.15023  0.000701317
-2.14035  0.000671498
-2.13015  0.000696948
-2.12021  0.000674341
-2.11002  0.000707801
-2.09987  0.000677868
-2.08975  0.000690453
-2.07981  0.00067195
-2.06964  0.000697358
-2.05966  0.000662448
-2.04953  0.000701957
-2.03949  0.000669393
-2.02933  0.000691554
-2.01922  0.000678153
-2.00906  0.000692179
-1.99898  0.000666666
-1.98884  0.000688223
-1.9789  0.000665675
-1.96875  0.000684714
-1.95865  0.000670546
-1.94816  0.000742372
-1.93722  0.000716476
-1.92665  0.000695092
-1.91655  0.00066061
-1.90653  0.000673095
-1.8964  0.000673097
-1.88636  0.000668643
-1.87629  0.000667704
-1.86615  0.000679147
-1.85607  0.000657913
-1.84603  0.000675886
-1.83587  0.000667165
-1.82577  0.000663501
-1.81576  0.000666809
-1.80558  0.000675256
-1.79545  0.000653755
-1.78536  0.000680405
-1.77525  0.000653327
-1.76508  0.00066985
-1.75498  0.000666371
-1.74491  0.000652269
-1.73438  0.000718656
-1.72387  0.000666395
-1.71381  0.000642434
-1.70374  0.000668245
-1.69365  0.000656027
-1.68353  0.000653484
-1.67345  0.000658507
-1.66337  0.000657014
-1.6532  0.000654621
-1.64315  0.000653769
-1.63309  0.000647744
-1.62296  0.000657404
-1.61296  0.000644914
-1.60288  0.000647957
-1.59273  0.000654024
-1.58271  0.000651259
-1.5721  0.000701447
-1.56157  0.000652299
-1.55106  0.000706055
-1.54044  0.000639726
-1.53036  0.00066042
-1.52023  0.000641205
-1.51016  0.000626135
-1.50015  0.000664315
-1.49005  0.000627162
-1.47997  0.000639521
-1.46996  0.000648993
-1.45979  0.000637876
-1.44977  0.000626592
-1.43976  0.000650714
-1.42963  0.000629148
-1.41956  0.000639995
-1.40959  0.000630922
-1.39947  0.000633354
-1.3894  0.000638158
-1.37937  0.000633367
-1.36922  0.000632542
-1.35861  0.000708624
-1.34804  0.000614237
-1.33799  0.000639591
-1.32787  0.000639376
-1.31778  0.00061895
-1.30767  0.000633625
-1.29764  0.000638108
-1.28751  0.000609662
-1.27744  0.000645342
-1.26738  0.000617187
-1.25731  0.000623418
-1.24722  0.000627792
-1.23723  0.000625382
-1.22711  0.000612395
-1.21708  0.000636642
-1.20705  0.000607407
-1.19698  0.00062561
-1.18693  0.000620578
-1.17688  0.000624607
-1.16668  0.000614818
-1.15675  0.000626523
-1.14656  0.00060789
-1.13653  0.000629774
-1.12643  0.000615958
-1.11634  0.000612457
-1.10622  0.00062231
-1.09629  0.000611612
-1.08609  0.000605307
-1.07614  0.000629419
-1.06601  0.00060632
-1.05592  0.000607878
-1.04587  0.000625024
-1.03583  0.000602422
-1.02563  0.000615352
-1.01561  0.000620284
-1.00552  0.000597543
-0.995402  0.000616382
-0.985369  0.000614066
-0.975265  0.00059911
-0.965133  0.000619417
-0.955068  0.000608673
-0.944474  0.000656009
-0.933915  0.000619786
-0.923884  0.000594504
-0.913762  0.000607999
-0.903719  0.000608652
-0.893686  0.000597537
-0.883537  0.000603591
-0.873536  0.000614768
-0.863465  0.000581195
-0.853403  0.000613189
-0.843389  0.000600952
-0.833355  0.000589816
-0.823184  0.000610791
-0.813278  0.000596576
-0.803165  0.000586315
-0.793121  0.000611422
-0.783068  0.000599531
-0.772965  0.000584138
-0.762926  0.000610223
-0.752892  0.000594283
-0.742703  0.000594258
-0.732662  0.000607299
-0.722559  0.000590427
-0.712427  0.000594951
-0.702381  0.000606235
-0.692239  0.000587372
-0.68216  0.00059554
-0.672114  0.000602699
-0.661979  0.000582169
-0.651896  0.000603581
-0.641841  0.000592472
-0.631693  0.000588479
-0.621619  0.000598812
-0.611563  0.000592468
-0.601446  0.000579011
-0.591445  0.000604852
-0.581345  0.000581902
-0.571212  0.00059496
-0.561189  0.000586485
-0.551197  0.000587254
-0.540984  0.000591247
-0.530991  0.000595697
-0.520842  0.000579027
-0.510804  0.000593155
-0.500714  0.000592293
-0.490546  0.000588553
-0.480373  0.000593386
-0.470362  0.000585749
-0.460173  0.000586146
-0.450123  0.000593258
-0.440083  0.000576621
-0.429986  0.000586933
-0.419925  0.000593525
-0.409827  0.00057694
-0.399761  0.000584916
-0.389689  0.000596549
-0.379587  0.000568826
-0.369533  0.000592954
-0.359512  0.000581188
-0.349387  0.00058186
-0.339329  0.00058471
-0.32926  0.000590976
-0.319112  0.000571313
-0.309084  0.000596097
-0.298959  0.00057673
-0.2889  0.000580875
-0.278864  0.000581895
-0.26884  0.000582691
-0.258736  0.000572987
-0.248794  0.000587488
-0.238639  0.000578472
-0.228563  0.000584262
-0.218448  0.000586412
-0.20832  0.000582829
-0.198156  0.000583939
-0.188154  0.000580395
-0.177985  0.000582012
-0.167906  0.000584029
-0.157824  0.000581034
-0.147679  0.000583176
-0.137593  0.000582281
-0.127509  0.000580981
-0.117346  0.000583304
-0.107274  0.000584237
-0.0971407  0.000579907
-0.0870172  0.000583133
-0.0769422  0.000583275
-0.0668128  0.000578507
-0.0567505  0.000578772
-0.0462482  0.000637584
-0.0355875  0.000579814
-0.0255443  0.000584044
-0.0154445  0.000576633
-0.00519142  0.000600153
0.00519142  0.000600153
0.0154445  0.000576633
0.0255443  0.000584044
0.0355875  0.000579814
0.0462482  0.000637584
0.0567505  0.000578772
0.0668128  0.000578507
0.0769422  0.000583275
0.0870172  0.000583133
0.0971407  0.000579907
0.107274  0.000584237
0.117346  0.000583304
0.127509  0.000580981
0.137593  0.000582281
0.147679  0.000583176
0.157824  0.000581034
0.167906  0.000584029
0.177985  0.000582012
0.188154  0.000580395
0.198156  0.000583939
0.20832  0.000582829
0.218448  0.000586412
0.228563  0.000584262
0.238639  0.000578472
0.248794  0.000587488
0.258736  0.000572987
0.26884  0.000582691
0.278864  0.000581895
0.2889  0.000580875
0.298959  0.00057673
0.309084  0.000596097
0.319112  0.000571313
0.32926  0.000590976
0.339329  0.00058471
0.349387  0.00058186
0.359512  0.000581188
0.369533  0.000592954
0.379587  0.000568826
0.389689  0.000596549
0.399761  0.000584916
0.409827  0.00057694
0.419925  0.000593525
0.429986  0.000586933
0.440083  0.000576621
0.450123  0.000593258
0.460173  0.000586146
0.470362  0.000585749
0.480373  0.000593386
0.490546  0.000588553
0.500714  0.000592293
0.510804  0.000593155
0.520842  0.000579027
0.530991  0.000595697
0.540984  0.000591247
0.551197  0.000587254
0.561189  0.000586485
0.571212  0.00059496
0.581345  0.000581902
0.591445  0.000604852
0.601446  0.000579011
0.611563  0.000592468
0.621619  0.000598812
0.631693  0.000588479
0.641841  0.000592472
0.651896  0.000603581
0.661979  0.000582169
0.672114  0.000602699
0.68216  0.00059554
0.692239  0.000587372
0.702381  0.000606235
0.712427  0.000594951
0.722559  0.000590427
0.732662  0.000607299
0.742703  0.000594258
0.752892  0.000594283
0.762926  0.000610223
0.772965  0.000584138
0.783068  0.000599531
0.793121  0.000611422
0.803165  0.000586315
0.813278  0.000596576
0.823184  0.000610791
0.833355  0.000589816
0.843389  0.000600952
0.853403  0.000613189
0.863465  0.000581195
0.873536  0.000614768
0.883537  0.000603591
0.893686  0.000597537
0.903719  0.000608652
0.913762  0.000607999
0.923884  0.000594504
0.933915  0.000619786
0.944474  0.000656009
0.955068  0.000608673
0.965133  0.000619417
0.975265  0.00059911
0.985369  0.000614066
0.995402  0.000616382
1.00552  0.000597543
1.01561  0.000620284
1.02563  0.000615352
1.03583  0.000602422
1.04587  0.000625024
1.05592  0.000607878
1.06601  0.00060632
1.07614  0.000629419
1.08609  0.000605307
1.09629  0.000611612
1.10622  0.00062231
1.11634  0.000612457
1.12643  0.000615958
1.13653  0.000629774
1.14656  0.00060789
1.15675  0.000626523
1.16668  0.000614818
1.17688  0.000624607
1.18693  0.000620578
1.19698  0.00062561
1.20705  0.000607407
1.21708  0.000636642
1.22711  0.000612395
1.23723  0.000625382
1.24722  0.000627792
1.25731  0.000623418
1.26738  0.000617187
1.27744  0.000645342
1.28751  0.000609662
1.29764  0.000638108
1.30767  0.000633625
1.31778  0.00061895
1.32787  0.000639376
1.33799  0.000639591
1.34804  0.000614237
1.35861  0.000708624
1.36922  0.000632542
1.37937  0.000633367
1.3894  0.000638158
1.39947  0.000633354
1.40959  0.000630922
1.41956  0.000639995
1.42963  0.000629148
1.43976  0.000650714
1.44977  0.000626592
1.45979  0.000637876
1.46996  0.000648993
1.47997  0.000639521
1.49005  0.000627162
1.50015  0.000664315
1.51016  0.000626135
1.52023  0.000641205
1.53036  0.00066042
1.54044  0.000639726
1.55106  0.000706055
1.56157  0.000652299
1.5721  0.000701447
1.58271  0.000651259
1.59273  0.000654024
1.60288  0.000647957
1.61296  0.000644914
1.62296  0.000657404
1.63309  0.000647744
1.64315  0.000653769
1.6532  0.000654621
1.66337  0.000657014
1.67345  0.000658507
1.68353  0.000653484
1.69365  0.000656027
1.70374  0.000668245
1.71381  0.000642434
1.72387  0.000666395
1.73438  0.000718656
1.74491  0.000652269
1.75498  0.000666371
1.76508  0.00066985
1.77525  0.000653327
1.78536  0.000680405
1.79545  0.000653755
1.80558  0.000675256
1.81576  0.000666809
1.82577  0.000663501
1.83587  0.000667165
1.84603  0.000675886
1.85607  0.000657913
1.86615  0.000679147
1.87629  0.000667704
1.88636  0.000668643
1.8964  0.000673097
1.90653  0.000673095
1.91655  0.00066061
1.92665  0.000695092
1.93722  0.000716476
1.94816  0.000742372
1.95865  0.000670546
1.96875  0.000684714
1.9789  0.000665675
1.98884  0.000688223
1.99898  0.000666666
2.00906  0.000692179
2.01922  0.000678153
2.02933  0.000691554
2.03949  0.000669393
2.04953  0.000701957
2.05966  0.000662448
2.06964  0.000697358
2.07981  0.00067195
2.08975  0.000690453
2.09987  0.000677868
2.11002  0.000707801
2.12021  0.000674341
2.13015  0.000696948
2.14035  0.000671498
2.15023  0.000701317
2.16041  0.00068171
2.17045  0.000695281
2.18055  0.00068318
2.1905  0.000700087
2.20075  0.000681428
2.21066  0.000705141
2.2209  0.000692943
2.231  0.000700961
2.24116  0.00069417
2.25117  0.000702492
2.26136  0.000685072
2.2713  0.000707556
2.28153  0.000698533
2.29156  0.00069644
2.30165  0.000694584
2.31166  0.00070837
2.32188  0.000699134
2.33235  0.000766103
2.34291  0.000691689
2.35285  0.000709163
2.36309  0.000702956
2.37309  0.00070549
2.38324  0.000705847
2.39329  0.00070702
2.40351  0.000708156
2.41385  0.000760022
2.42445  0.000708745
2.43452  0.000715512
2.44466  0.000702999
2.45476  0.000722184
2.46498  0.000707204
2.47494  0.000707056
2.48512  0.000716181
2.49518  0.000710098
2.50522  0.000701879
2.51524  0.000721354
2.52539  0.000704371
2.53538  0.000715196
2.54551  0.000716395
2.55556  0.000713657
2.56566  0.000707672
2.57568  0.000727221
2.58584  0.000705903
2.59589  0.000725913
2.60604  0.000718126
2.61609  0.000717883
2.6267  0.00078062
2.63707  0.000717126
2.64718  0.000706298
2.65718  0.000731974
2.66728  0.000708451
2.67728  0.000726327
2.68748  0.000720966
2.6975  0.0007308
2.70768  0.000710543
2.71768  0.000737596
2.72788  0.000713084
2.73796  0.000745199
2.74815  0.000709755
2.75805  0.000723053
2.7682  0.0007211
2.77818  0.000736523
2.78835  0.000708811
2.79836  0.000746193
2.80858  0.000720054
2.8186  0.000733968
2.82888  0.000731808
2.83885  0.000736829
2.84913  0.000718079
2.85912  0.000748514
2.8693  0.000713795
2.87927  0.000737069
2.88954  0.000732
2.89987  0.000795123
2.9112  0.000813762
2.9216  0.000726429
2.93189  0.000743224
2.94183  0.000717687
2.95196  0.000738794
2.96192  0.000727852
2.97218  0.0007365
2.98199  0.000722929
2.99226  0.000745864
3.00226  0.00072434
3.01243  0.000745522
3.02242  0.000725208
3.03261  0.000745401
3.04267  0.000737105
3.05296  0.000744975
3.06289  0.000724753
3.07304  0.0007422
3.08305  0.000727069
3.09317  0.000745079
3.10318  0.000733406
3.11343  0.000743858
3.12338  0.000731368
3.1336  0.000748669
3.14365  0.000730577
3.1544  0.000840344
3.16553  0.000791188
3.17609  0.000749732
3.18608  0.000726101
3.19621  0.000747983
3.20628  0.000727048
3.21638  0.000758317
3.2265  0.00073115
3.23662  0.000745165
3.24665  0.000728388
3.25681  0.0007634
3.26696  0.000728934
3.27707  0.000748419
3.28714  0.000737854
3.29778  0.0008221
3.30831  0.000722121
3.31843  0.000767038
3.32854  0.000719931
3.33858  0.000741854
3.34856  0.000747391
3.35882  0.00074565
3.36883  0.000725335
3.37895  0.000765014
3.38899  0.000718537
3.39914  0.000750759
3.40907  0.000738207
3.4193  0.000744092
3.42923  0.000727398
3.43936  0.00075858
3.44939  0.000718021
3.45952  0.000759553
3.46953  0.000736208
3.4798  0.000748987
3.48977  0.000730722
3.49999  0.000765162
3.51007  0.000723179
3.52023  0.000763326
3.53032  0.000725941
3.5405  0.000756922
3.55085  0.000787417
3.56148  0.000753363
3.57148  0.000724335
3.58159  0.000762047
3.5917  0.000720586
3.60191  0.000773847
3.61195  0.000717631
3.62216  0.000757917
3.63216  0.000723948
3.64262  0.00081353
3.65315  0.000716261
3.66318  0.000768006
3.67323  0.000705856
3.68375  0.000826302
3.69429  0.000722627
3.7043  0.000753676
3.71452  0.000727554
3.7246  0.000769231
3.73488  0.000712242
3.74483  0.000758736
3.75499  0.000724621
3.76504  0.000750522
3.77522  0.000722602
3.78511  0.000748758
3.79534  0.000713633
3.80522  0.000755399
3.81541  0.00072128
3.82549  0.000752733
3.83569  0.000729894
3.84572  0.000749867
3.85602  0.000726068
3.86592  0.000745007
3.87611  0.000716404
3.88611  0.000746981
3.89676  0.000800383
3.90717  0.000724183
3.91736  0.000738355
3.92737  0.000737775
3.9376  0.000724026
3.94756  0.000740361
3.95776  0.000729448
3.96787  0.000740709
3.97805  0.000729489
3.98809  0.000733654
3.99823  0.000719132
4.00815  0.000733119
4.01829  0.000722003
4.02834  0.000732947
4.03847  0.000727271
4.04855  0.000731221
4.05876  0.000733353
4.06878  0.000724223
4.0789  0.000717261
4.08898  0.000738868
4.09903  0.000710333
4.10907  0.000727308
4.11916  0.000720852
4.12921  0.000726159
4.13931  0.000716096
4.14942  0.000740597
4.15949  0.000696855
4.16953  0.000734794
4.17957  0.000709586
4.18969  0.000728478
4.19974  0.000703862
4.20979  0.000741051
4.21992  0.000690135
4.22996  0.000741265
4.24005  0.00069975
4.25017  0.000729899
4.2602  0.000699648
4.27024  0.00072934
4.28037  0.000689901
4.2904  0.000743594
4.3005  0.000687728
4.31062  0.000731632
4.32066  0.000697196
4.33081  0.00073251
4.34096  0.000686195
4.35097  0.000741328
4.36112  0.000671213
4.37112  0.000737319
4.38116  0.000681579
4.39123  0.000723028
4.40134  0.000684174
4.41133  0.000733527
4.42151  0.000672545
4.43152  0.000731687
4.44164  0.000677301
4.45175  0.000734127
4.46191  0.000675952
4.47189  0.000723139
4.48215  0.0006786
4.49212  0.000726313
4.50229  0.000671085
4.5123  0.000718179
4.52243  0.000679067
4.5328  0.000761012
4.54346  0.000690685
4.55343  0.000709603
4.56372  0.000674896
4.57368  0.000718708
4.58394  0.000677092
4.59392  0.000694169
4.60411  0.000686773
4.61405  0.000697732
4.62429  0.000671226
4.63423  0.000708482
4.64449  0.000669339
4.65448  0.000695449
4.66463  0.000680241
4.67462  0.000685691
4.68481  0.000668799
4.69471  0.000699666
4.70494  0.000660693
4.71494  0.000694715
4.72511  0.000670716
4.73514  0.000688451
4.74533  0.00066535
4.75525  0.000678481
4.76535  0.000660319
4.77538  0.00069002
4.78549  0.000656052
4.79552  0.000684474
4.80571  0.000661229
4.81568  0.000674597
4.82578  0.000658501
4.83584  0.000679276
4.84592  0.000644978
4.85594  0.000685468
4.86607  0.000649631
4.87618  0.000675716
4.88624  0.000650213
4.89631  0.000673405
4.90638  0.000637411
4.91644  0.000684519
4.92657  0.000636065
4.93667  0.000675329
4.94667  0.000638549
4.95681  0.000667417
4.9669  0.000638543
4.97693  0.000669587
4.98698  0.000626097
4.9971  0.000672256
5.00714  0.000634208
5.01729  0.000662474
5.02738  0.000633296
5.03745  0.000657933
5.04752  0.000626196
5.05804  0.00072396
5.06861  0.000616952
5.07869  0.000662598
5.08877  0.000620478
5.0988  0.000654526
5.10899  0.000620878
5.11899  0.000656335
5.12912  0.000605413
5.13914  0.000662351
5.14922  0.000602513
5.15925  0.000650859
5.16939  0.000611327
5.17938  0.000648538
5.18946  0.000594708
5.19953  0.000658694
5.20959  0.000592803
5.21965  0.000651706
5.22985  0.000600988
5.24023  0.000690431
5.25088  0.000601327
5.26084  0.000642531
5.27104  0.000589008
5.28097  0.000639198
5.29123  0.000597411
5.30115  0.000632312
5.31145  0.000594386
5.32131  0.000624478
5.33208  0.000653074
5.34231  0.000612
5.35256  0.000594701
5.3625  0.000623911
5.37285  0.000592408
5.38265  0.000604652
5.39295  0.000600202
5.40286  0.00060578
5.41309  0.000583582
5.42294  0.000608738
5.4332  0.00058515
5.4431  0.000599145
5.45337  0.000595846
5.46334  0.000590281
5.47354  0.000584625
5.48348  0.000601484
5.49378  0.000580733
5.50411  0.000637987
5.51472  0.000580133
5.52475  0.000590999
5.53499  0.000583003
5.54493  0.000577271
5.55514  0.000578824
5.56514  0.000585546
5.57534  0.000568395
5.58533  0.00057828
5.59543  0.000570559
5.60594  0.000629078
5.61659  0.000567997
5.62662  0.000581169
5.63688  0.000559075
5.64692  0.00058032
5.65706  0.000556898
5.66755  0.000615692
5.67818  0.000563524
5.68809  0.000560107
5.69842  0.000566652
5.70887  0.000606957
5.71959  0.000561786
5.72954  0.000548135
5.73975  0.000565473
5.74972  0.000536033
5.76039  0.000615224
5.77082  0.000540949
5.78111  0.000555015
5.79106  0.000541967
5.80169  0.000596797
5.81214  0.00053392
5.8224  0.000559603
5.83235  0.000524133
5.84262  0.000549645
5.8525  0.000527999
5.86261  0.000532284
5.87253  0.000523344
5.88276  0.000548917
5.89313  0.000559736
5.90378  0.00054376
5.91378  0.000517269
5.92397  0.000537346
5.93402  0.000518642
5.94422  0.000530961
5.95417  0.000507202
5.96428  0.000531302
5.97428  0.000508847
5.98456  0.000534648
5.99457  0.000502672
6.00473  0.000519771
6.01463  0.000503173
6.02478  0.000521407
6.03484  0.000496026
6.04496  0.00052188
6.05496  0.000496901
6.06521  0.000512663
6.07511  0.000495018
6.08526  0.000510628
6.09527  0.000485146
6.10536  0.000513322
6.11537  0.000484105
6.1255  0.00050177
6.13547  0.000493302
6.14574  0.000502374
6.15579  0.000477517
6.16583  0.000506303
6.17594  0.000477833
6.18612  0.000498105
6.19623  0.000479101
6.20641  0.000499414
6.21697  0.000517255
6.22748  0.000486713
6.23761  0.00046847
6.24766  0.000495284
6.25784  0.000459404
6.26785  0.000484371
6.27842  0.000513535
6.28897  0.0004713
6.29919  0.000475996
6.30921  0.000468763
6.31987  0.000501922
6.33081  0.000522991
6.34145  0.000452915
6.35147  0.000458999
6.36164  0.000469453
6.3716  0.00045112
6.38228  0.000502427
6.3928  0.000459476
6.4029  0.000443583
6.41302  0.000466533
6.42313  0.000444152
6.43314  0.000443928
6.44324  0.000448677
6.45325  0.000447411
6.46339  0.000438194
6.47345  0.000453766
6.48355  0.000431907
6.49363  0.000443061
6.50372  0.000440248
6.51428  0.000475536
6.52486  0.000429872
6.53486  0.00044656
6.54503  0.000416848
6.55505  0.000439176
6.56513  0.00042116
6.57515  0.000434093
6.58587  0.000462128
6.59631  0.000431329
6.60649  0.000410432
6.61649  0.000435039
6.62671  0.000409633
6.6366  0.000421748
6.64683  0.000411375
6.65671  0.000420504
6.6669  0.00040301
6.67679  0.000418317
6.68705  0.000405016
6.69697  0.000414691
6.70721  0.000402673
6.71718  0.000413855
6.72734  0.000392038
6.73723  0.000414664
6.7476  0.000390879
6.75794  0.000450344
6.76881  0.000397422
6.77871  0.000395331
6.78901  0.000402562
6.7989  0.000384778
6.80909  0.000397938
6.81911  0.000391975
6.8294  0.000391267
6.83927  0.000383278
6.8495  0.000391349
6.85987  0.000408669
6.87054  0.000395809
6.88061  0.000377208
6.8908  0.000381948
6.90069  0.000371797
6.91093  0.000384484
6.92098  0.000373764
6.93117  0.000383053
6.94129  0.000366426
6.95143  0.000369618
6.96173  0.000403241
6.97249  0.000371509
6.98253  0.00036448
6.99268  0.000371862
7.00279  0.000352889
7.01282  0.000371195
7.02284  0.000353631
7.03312  0.000363988
7.04308  0.000354438
7.05322  0.000361633
7.06333  0.00034202
7.07332  0.000363185
7.08335  0.000343916
7.09345  0.000348649
7.10348  0.000349892
7.11412  0.000380732
7.1246  0.000338761
7.13463  0.000350011
7.14475  0.00033858
7.15493  0.000346164
7.1649  0.000330518
7.17498  0.000343811
7.185  0.000330498
7.19517  0.000343254
7.20532  0.000333114
7.21586  0.00036276
7.22642  0.000326318
7.23653  0.000334414
7.24708  0.000357633
7.25767  0.000326367
7.26778  0.000324062
7.27782  0.000327848
7.28797  0.00031587
7.29812  0.000330595
7.30868  0.00034167
7.31924  0.000322704
7.32943  0.00031693
7.33944  0.000313637
7.34951  0.000308687
7.35963  0.00031955
7.36968  0.000303526
7.37969  0.000309981
7.38981  0.000304723
7.3998  0.000311915
7.40994  0.000300253
7.42008  0.000309064
7.43072  0.000328719
7.44116  0.00029796
7.45126  0.000302031
7.46146  0.000304555
7.47172  0.000296954
7.48176  0.000293283
7.49186  0.00029532
7.5024  0.000322577
7.51312  0.000289679
7.52316  0.000297956
7.53387  0.000311824
7.5444  0.000287846
7.55453  0.00028799
7.56456  0.000284264
7.57484  0.000286496
7.58524  0.000301984
7.59592  0.000285218
7.60598  0.000281011
7.61615  0.000275744
7.6261  0.000275183
7.63638  0.000279866
7.64637  0.000269231
7.65649  0.000275804
7.66653  0.000268868
7.67674  0.000273902
7.68672  0.000262509
7.69692  0.00027955
7.707  0.000256411
7.71704  0.000267139
7.72706  0.000262188
7.73732  0.000269024
7.7473  0.000249967
7.75739  0.000270753
7.7675  0.000254344
7.77776  0.000263516
7.78773  0.000249905
7.79792  0.000262676
7.80848  0.000271182
7.8189  0.00025381
7.82896  0.000247097
7.83913  0.000257418
7.84921  0.000239514
7.85917  0.000254029
7.86938  0.000244204
7.8794  0.000244402
7.88941  0.000238988
7.89959  0.000254227
7.90988  0.000235721
7.91979  0.000242873
7.92994  0.000235327
7.94003  0.000242806
7.95022  0.000232352
7.96016  0.000239868
7.9703  0.000226649
7.98039  0.000239667
7.99046  0.000227019
8.00055  0.000236597
8.01062  0.000222191
8.02061  0.000230629
8.03078  0.000223795
8.04081  0.000230517
8.05104  0.000223386
8.06119  0.000228704
8.07128  0.000216324
8.08132  0.000222429
8.09144  0.000223062
8.10165  0.000219749
8.11174  0.000213523
8.12173  0.000219733
8.1319  0.000212565
8.14207  0.000219125
8.1522  0.000210354
8.16224  0.000214017
8.17234  0.000206594
8.18236  0.000208952
8.19246  0.00021018
8.20273  0.000212907
8.21278  0.000201197
8.22286  0.000205495
8.23303  0.000205352
8.24306  0.000201936
8.25307  0.000200489
8.26337  0.00020667
8.27339  0.000191128
8.2834  0.000201921
8.29356  0.000196886
8.30363  0.000196563
8.31369  0.000191436
8.3238  0.000199737
8.33392  0.000188655
8.34401  0.000194169
8.35414  0.000187824
8.36422  0.000194959
8.37431  0.000181788
8.38471  0.00020549
8.39538  0.000187943
8.4056  0.000189286
8.41572  0.000180272
8.42613  0.000200115
8.43681  0.000184048
8.44681  0.000177958
8.45701  0.000180311
8.46702  0.000182333
8.47721  0.000172533
8.48711  0.000179662
8.4974  0.000179531
8.50746  0.000171279
8.5177  0.000174712
8.52762  0.000177671
8.53792  0.000164574
8.54782  0.000173737
8.55803  0.000171038
8.56808  0.000167825
8.57835  0.000168902
8.58822  0.000166774
8.59843  0.000162917
8.60848  0.000167982
8.6187  0.00016134
8.62852  0.000165247
8.63887  0.000158767
8.6487  0.000164326
8.65897  0.000154192
8.66892  0.00016372
8.67924  0.00015728
8.68904  0.000156346
8.69944  0.000157538
8.70972  0.000165304
8.72041  0.000157123
8.7303  0.000152592
8.74067  0.000153788
8.75054  0.000149008
8.76088  0.000154442
8.77093  0.000147104
8.78166  0.000167141
8.792  0.000142817
8.80283  0.000168929
8.81391  0.000152788
8.82443  0.000148584
8.83458  0.000142803
8.84475  0.000147131
8.85478  0.00013652
8.86488  0.000144537
8.87495  0.000137937
8.88501  0.000141895
8.89506  0.000135442
8.90517  0.000140792
8.91529  0.000133864
8.92547  0.000142634
8.93558  0.000129501
8.9456  0.000137462
8.95613  0.000140668
8.96645  0.000133475
8.97675  0.000134005
8.98682  0.000131151
8.99697  0.00012895
9.00698  0.000130559
9.01722  0.000127511
9.02733  0.000129089
9.03744  0.000127715
9.0475  0.000124656
9.05756  0.000123565
9.06764  0.000127135
9.07783  0.000122117
9.08787  0.00012124
9.09787  0.000123834
9.10824  0.000123702
9.11827  0.000119261
9.12835  0.000118916
9.13844  0.000119411
9.14865  0.000119692
9.15874  0.000116459
9.16877  0.000117451
9.1794  0.00012583
9.18998  0.000115397
9.19996  0.000114646
9.21016  0.00011235
9.22017  0.000112723
9.23034  0.000114394
9.24042  0.000109373
9.25055  0.00010943
9.26062  0.000110498
9.27126  0.000121749
9.28184  0.000105653
9.29193  0.000110007
9.30212  0.000106057
9.31226  0.000106187
9.32223  0.000106845
9.33254  0.000104233
9.34254  0.00010199
9.3527  0.000107242
9.36285  0.000100898
9.37285  0.000101252
9.38306  0.000100708
9.39313  0.000101948
9.40323  9.97785e-05
9.41338  9.93913e-05
9.42359  9.73224e-05
9.43358  9.95946e-05
9.44371  9.6084e-05
9.45383  9.68126e-05
9.4639  9.51947e-05
9.47388  9.50492e-05
9.48422  9.541e-05
9.49415  9.45273e-05
9.50432  8.94011e-05
9.51446  9.64497e-05
9.5246  8.99634e-05
9.53458  9.24573e-05
9.54482  8.87037e-05
9.55521  0.000100367
9.56617  9.13555e-05
9.57618  8.64989e-05
9.58642  8.88971e-05
9.59632  8.83582e-05
9.60646  8.4299e-05
9.61655  8.93803e-05
9.62697  8.56049e-05
9.63676  8.14778e-05
9.64697  8.64914e-05
9.65692  8.58136e-05
9.66727  7.95462e-05
9.6772  8.4333e-05
9.68754  8.27659e-05
9.69743  8.01811e-05
9.70768  8.02939e-05
9.71768  8.39141e-05
9.72805  7.72704e-05
9.73796  7.89768e-05
9.74831  7.84376e-05
9.75816  7.84203e-05
9.76851  7.71602e-05
9.77847  7.81864e-05
9.78874  7.67684e-05
9.79871  7.34371e-05
9.80903  7.71899e-05
9.81896  7.4092e-05
9.82914  7.31008e-05
9.83918  7.3727e-05
9.84959  7.6597e-05
9.85964  6.99679e-05
9.86975  7.14369e-05
9.87985  7.41327e-05
9.8901  6.74752e-05
9.90054  7.75893e-05
9.91106  7.10025e-05
9.92116  6.76953e-05
9.93141  6.83212e-05
9.94141  6.86027e-05
9.95149  6.63588e-05
9.96152  6.92707e-05
9.97177  6.62363e-05
9.98175  6.49186e-05
9.99205  6.6289e-05
10.0019  6.41454e-05
10.012  6.4301e-05
10.0223  6.82413e-05
10.0323  6.11921e-05
10.0423  6.12599e-05
10.0525  6.41854e-05
10.0626  6.15656e-05
10.0727  6.19308e-05
10.0828  6.43425e-05
10.0931  5.79159e-05
10.1031  6.11409e-05
10.1137  6.55183e-05
10.1244  6.07748e-05
10.1352  6.38515e-05
10.1455  5.85876e-05
10.1558  5.67025e-05
10.1657  5.97701e-05
10.1761  5.6537e-05
10.1861  5.56974e-05
10.1963  5.86347e-05
10.2065  5.49413e-05
10.2172  6.09283e-05
10.2275  5.35869e-05
10.2377  5.49272e-05
10.2479  5.37216e-05
10.2579  5.37442e-05
10.268  5.2798e-05
10.2781  5.4003e-05
10.2887  5.65257e-05
10.2995  5.18832e-05
10.3096  5.136e-05
10.3196  5.17084e-05
10.3298  5.08793e-05
10.3401  5.16338e-05
10.3501  4.76033e-05
10.3607  5.55963e-05
10.3715  4.87079e-05
10.3814  4.93167e-05
10.3916  4.62536e-05
10.4014  4.80445e-05
10.4116  4.71995e-05
10.4217  4.80569e-05
10.4319  4.55998e-05
10.442  4.74627e-05
10.4522  4.45313e-05
10.4621  4.5449e-05
10.4725  4.61187e-05
10.4824  4.43776e-05
10.4927  4.51061e-05
10.503  4.58446e-05
10.5133  4.34243e-05
10.5233  4.3999e-05
10.5335  4.21112e-05
10.5434  4.171e-05
10.5537  4.24548e-05
10.5638  4.42437e-05
10.5741  4.04519e-05
10.5842  4.22247e-05
10.5945  4.10657e-05
10.6049  4.34605e-05
10.6158  4.09107e-05
10.6257  4.14325e-05
10.6361  3.9138e-05
10.6462  3.89283e-05
10.6563  3.90484e-05
10.6664  3.79228e-05
10.6766  3.9406e-05
10.6866  3.77976e-05
10.6969  3.83586e-05
10.7071  3.65523e-05
10.7171  3.77495e-05
10.7273  3.65573e-05
10.7377  3.62785e-05
10.7476  3.57566e-05
10.7581  3.94099e-05
10.7688  3.46308e-05
10.7794  3.8955e-05
10.79  3.46529e-05
10.8001  3.49073e-05
10.8101  3.31208e-05
10.8201  3.48771e-05
10.8311  3.6819e-05
10.8418  3.40375e-05
10.852  3.31564e-05
10.862  3.15838e-05
10.8724  3.33545e-05
10.8823  3.27725e-05
10.8925  3.15834e-05
10.9025  3.08767e-05
10.9129  3.28339e-05
10.923  2.89936e-05
10.9332  3.22018e-05
10.9433  3.13175e-05
10.9538  3.01765e-05
10.9638  2.88369e-05
10.9745  3.44251e-05
10.9855  2.98077e-05
10.996  3.12175e-05
11.0069  3.1805e-05
11.0177  2.86226e-05
11.0277  2.73724e-05
11.0377  2.81098e-05
11.048  2.90353e-05
11.0582  2.69933e-05
11.0681  2.76918e-05
11.0785  2.65436e-05
11.0885  2.71844e-05
11.0986  2.68565e-05
11.1087  2.61011e-05
11.1192  2.69815e-05
11.1292  2.51953e-05
11.1391  2.55943e-05
11.1494  2.55863e-05
11.1596  2.59554e-05
11.1699  2.42758e-05
11.18  2.62598e-05
11.1903  2.45519e-05
11.2004  2.33864e-05
11.2104  2.44931e-05
11.2207  2.34829e-05
11.2307  2.37715e-05
11.2409  2.3315e-05
11.251  2.40091e-05
11.2612  2.32063e-05
11.2713  2.13329e-05
11.2813  2.3022e-05
11.2916  2.27991e-05
11.3017  2.25563e-05
11.3118  2.21567e-05
11.3219  2.16619e-05
11.3322  2.07493e-05
11.3424  2.21995e-05
11.3526  2.19112e-05
11.3627  2.10401e-05
11.3729  2.00452e-05
11.3831  2.17193e-05
11.3936  2.04661e-05
11.4035  1.89375e-05
11.4137  2.09213e-05
11.4238  2.01411e-05
11.4342  1.99488e-05
11.4443  2.00726e-05
11.4545  1.83524e-05
11.4647  1.88836e-05
11.4749  1.98742e-05
11.4849  1.88281e-05
11.4958  1.98745e-05
11.5064  1.96723e-05
11.5166  1.73097e-05
11.5266  1.75771e-05
11.5371  1.87573e-05
11.5472  1.78097e-05
11.5573  1.72783e-05
11.5672  1.73487e-05
11.5775  1.60981e-05
11.5877  1.8228e-05
11.5983  1.77724e-05
11.6082  1.58928e-05
11.6184  1.65334e-05
11.6286  1.71692e-05
11.6389  1.48192e-05
11.6488  1.66217e-05
11.6591  1.60277e-05
11.6693  1.60521e-05
11.6794  1.53539e-05
11.6897  1.66605e-05
11.7006  1.54283e-05
11.7108  1.58394e-05
11.7213  1.49854e-05
11.7311  1.41391e-05
11.7415  1.5493e-05
11.7515  1.47012e-05
11.762  1.3954e-05
11.7722  1.49181e-05
11.7824  1.38665e-05
11.7924  1.40785e-05
11.803  1.49107e-05
11.8132  1.33429e-05
11.8232  1.30664e-05
11.8332  1.36903e-05
11.8438  1.35607e-05
11.8536  1.32404e-05
11.8639  1.2744e-05
11.874  1.33332e-05
11.8845  1.26155e-05
11.8943  1.24555e-05
11.9051  1.30269e-05
11.9149  1.24332e-05
11.9251  1.22946e-05
11.9354  1.1906e-05
11.9457  1.23145e-05
11.9554  1.12153e-05
11.966  1.28544e-05
11.9763  1.22049e-05
11.9866  1.08454e-05
11.9965  1.08927e-05
12.0067  1.26945e-05
12.0168  1.00125e-05
12.0271  1.14198e-05
12.0377  1.22685e-05
12.0484  1.05538e-05
12.0587  1.09837e-05
12.069  1.10771e-05
12.079  9.89959e-06
12.0896  1.12579e-05
12.1001  1.06833e-05
12.1105  1.06234e-05
12.121  9.81533e-06
12.1309  1.04056e-05
12.1415  9.25858e-06
12.1517  1.04268e-05
12.1621  1.01418e-05
12.1719  9.32077e-06
12.1824  9.22015e-06
12.1924  9.99345e-06
12.203  9.15119e-06
12.2132  9.2831e-06
12.2238  9.23447e-06
12.2336  9.12855e-06
12.2439  8.78279e-06
12.2543  9.30647e-06
12.2648  8.47902e-06
12.2747  8.34033e-06
12.2853  9.66168e-06
12.2954  7.99132e-06
12.3057  8.23001e-06
12.3161  8.67905e-06
12.3264  7.87551e-06
12.3361  8.31181e-06
12.3469  8.41777e-06
12.3569  7.96075e-06
12.3673  7.42333e-06
12.3774  7.84759e-06
12.3875  7.89776e-06
12.3977  7.26273e-06
12.4081  8.00525e-06
12.4183  7.96792e-06
12.4287  7.27503e-06
12.4392  7.02314e-06
12.4492  7.21912e-06
12.4593  7.14457e-06
12.4697  7.33353e-06
12.4796  6.77138e-06
12.49  6.99119e-06
12.5007  6.74814e-06
12.5105  6.7503e-06
12.5206  6.71563e-06
12.5312  6.84901e-06
12.5412  6.67774e-06
12.5515  6.09555e-06
12.5619  6.38692e-06
12.5723  6.54672e-06
12.5825  6.64156e-06
12.5929  6.09883e-06
12.6031  5.89689e-06
12.6132  6.29166e-06
12.6238  5.95683e-06
12.6345  6.20221e-06
12.6446  5.89777e-06
12.6549  5.7823e-06
12.6651  6.49118e-06
12.6759  5.30026e-06
12.6861  5.30646e-06
12.6962  5.89905e-06
12.7065  5.21657e-06
12.7169  5.76289e-06
12.7267  5.06365e-06
12.7371  5.32572e-06
12.7475  5.10871e-06
12.7579  5.38829e-06
12.7679  4.91184e-06
12.7786  5.62678e-06
12.7889  4.93531e-06
12.7993  5.09007e-06
12.8102  5.02277e-06
12.8204  5.18835e-06
12.8308  4.70617e-06
12.8409  4.82471e-06
12.8514  4.51777e-06
12.8617  4.13261e-06
12.872  5.10982e-06
12.8826  4.84955e-06
12.8929  4.28153e-06
12.9032  4.57612e-06
12.9133  4.14596e-06
12.9235  4.31973e-06
12.9344  4.26359e-06
12.9444  4.31243e-06
12.9548  3.98992e-06
12.9648  4.16181e-06
12.9755  4.33536e-06
12.9858  4.23857e-06
12.9964  3.83547e-06
13.0065  4.20768e-06
13.0169  3.52146e-06
13.0273  3.96775e-06
13.0377  4.19332e-06
13.0484  3.89382e-06
13.0592  3.36657e-06
13.0697  4.33957e-06
13.0802  3.5109e-06
13.0901  3.42412e-06
13.1004  3.57352e-06
13.1112  3.38169e-06
13.1215  3.29267e-06
13.1318  3.8501e-06
13.1422  3.37425e-06
13.1526  3.32252e-06
13.163  3.41318e-06
13.1739  3.43159e-06
13.1842  3.00901e-06
13.1946  3.53168e-06
13.2051  3.03924e-06
13.2156  2.95067e-06
13.2257  3.29319e-06
13.2364  3.20369e-06
13.2479  2.92629e-06
13.2576  3.20852e-06
13.2678  2.57881e-06
13.278  2.99392e-06
13.289  3.20568e-06
13.2992  2.61319e-06
13.3098  2.65975e-06
13.3195  2.78478e-06
13.33  2.89886e-06
13.3405  2.56716e-06
13.3506  2.74526e-06
13.3609  2.45712e-06
13.3721  2.7824e-06
13.3819  2.67053e-06
13.3928  2.58196e-06
13.4041  2.75969e-06
13.4145  2.38131e-06
13.4253  2.21605e-06
13.4357  2.55495e-06
13.4463  2.66327e-06
13.4564  2.41035e-06
13.4671  2.14979e-06
13.4776  2.27123e-06
13.4877  2.13938e-06
13.4977  2.43169e-06
13.5089  2.30664e-06
13.5188  2.05671e-06
13.5305  2.57589e-06
13.5416  2.22751e-06
13.552  2.12568e-06
13.5625  1.91473e-06
13.5731  2.14571e-06
13.5829  1.90434e-06
13.5934  1.88407e-06
13.604  2.09932e-06
13.6143  1.87582e-06
13.626  2.14895e-06
13.6366  2.2801e-06
13.6479  1.9197e-06
13.6584  1.66593e-06
13.6688  1.86293e-06
13.6791  1.65158e-06
13.6893  1.83182e-06
13.6995  1.98248e-06
13.7097  1.5095e-06
13.7206  1.71409e-06
13.7304  1.70048e-06
13.7409  1.61065e-06
13.7518  1.7006e-06
13.7614  1.67175e-06
13.7726  1.51093e-06
13.7837  1.64466e-06
13.794  1.61666e-06
13.8052  1.71641e-06
13.8161  1.69018e-06
13.826  1.41443e-06
13.8369  1.39926e-06
13.8474  1.40047e-06
13.858  1.52235e-06
13.8687  1.65023e-06
13.8799  1.57197e-06
13.8907  1.28897e-06
13.9009  1.22463e-06
13.9114  1.56473e-06
13.9224  1.25403e-06
13.9323  1.24919e-06
13.9429  1.44298e-06
13.9538  1.23003e-06
13.9635  1.13222e-06
13.974  1.24343e-06
13.984  1.29473e-06
13.9954  1.31226e-06
14.0069  1.35708e-06
14.0179  1.17403e-06
14.0276  1.00019e-06
14.038  1.21039e-06
14.0484  1.08668e-06
14.059  1.128e-06
14.0688  1.18008e-06
14.0796  1.06262e-06
14.0901  9.13083e-07
14.1002  1.26727e-06
14.1105  1.02849e-06
14.1214  1.0391e-06
14.1319  8.87548e-07
14.1414  1.00849e-06
14.1522  9.796e-07
14.1623  1.14237e-06
14.1735  1.02004e-06
14.1851  9.5497e-07
14.1961  9.98984e-07
14.2059  9.02449e-07
14.2172  8.61963e-07
14.2269  9.50386e-07
14.2368  7.58114e-07
14.248  1.00212e-06
14.2597  9.81836e-07
14.2696  7.99729e-07
14.281  8.89635e-07
14.2911  8.14141e-07
14.3012  7.56256e-07
14.3115  8.94261e-07
14.323  8.59222e-07
14.3331  5.48648e-07
14.3433  7.99619e-07
14.3538  8.71512e-07
14.3646  8.56072e-07
14.3748  6.53444e-07
14.3848  8.18348e-07
14.3967  7.40973e-07
14.4076  5.23042e-07
14.4173  7.95861e-07
14.428  6.74498e-07
14.4388  7.22389e-07
14.4488  7.57122e-07
14.4594  5.33272e-07
14.4709  7.9742e-07
14.4819  7.45761e-07
14.493  5.38878e-07
14.5044  6.73243e-07
14.5144  5.87291e-07
14.5246  6.96579e-07
14.5357  5.90725e-07
14.5453  4.90215e-07
14.5555  6.79769e-07
14.567  5.56745e-07
14.5755  5.63497e-07
14.5865  4.80715e-07
14.5979  5.59716e-07
14.6075  5.61639e-07
14.6193  6.17738e-07
14.6302  5.1804e-07
14.6405  5.35602e-07
14.6506  3.95484e-07
14.6611  5.88838e-07
14.6721  6.3061e-07
14.6824  3.72266e-07
14.6937  5.5553e-07
14.7046  3.76602e-07
14.7144  4.79333e-07
14.726  6.17659e-07
14.737  4.62377e-07
14.7477  4.08379e-07
14.7578  3.22263e-07
14.7667  4.56598e-07
14.7775  4.33997e-07
14.7887  4.78251e-07
14.7991  4.82256e-07
14.8099  3.47805e-07
14.8199  3.87272e-07
14.8301  3.99482e-07
14.8419  3.68284e-07
14.8515  4.52624e-07
14.8624  4.17475e-07
14.8738  3.62219e-07
14.8845  3.48082e-07
14.8957  4.31671e-07
14.9061  2.62112e-07
14.9163  3.99607e-07
14.9267  3.52152e-07
14.937  3.35939e-07
14.9479  3.70135e-07
14.9574  3.25022e-07
14.9694  3.64238e-07
14.9802  3.55583e-07
14.9903  2.19368e-07
15.0001  3.32594e-07
15.0111  3.03032e-07
15.021  3.07175e-07
15.0315  3.07765e-07
15.0418  3.54387e-07
15.0533  2.48064e-07
15.0639  2.93314e-07
15.0735  2.56421e-07
15.0838  2.72725e-07
15.0959  3.67584e-07
15.1057  2.27695e-07
15.1162  1.77651e-07
15.1272  3.3316e-07
15.1382  2.66475e-07
15.1488  2.52232e-07
15.1599  2.47768e-07
15.1697  2.82259e-07
15.1801  2.57005e-07
15.1903  2.15748e-07
15.2001  2.23092e-07
15.2124  2.55153e-07
15.2236  2.69082e-07
15.2331  1.91368e-07
15.2432  2.04914e-07
15.2546  2.1016e-07
15.2655  1.93628e-07
15.2746  2.19074e-07
15.2857  2.74101e-07
15.2965  2.07277e-07
15.3063  1.43353e-07
15.3169  2.10984e-07
15.3268  2.08295e-07
15.3363  1.4903e-07
15.3501  2.40449e-07
15.3607  2.21998e-07
15.3728  1.99808e-07
15.3829  1.96091e-07
15.3927  1.29309e-07
15.4038  1.551e-07
15.4148  2.01479e-07
15.4259  1.70513e-07
15.4364  1.61694e-07
15.4461  1.77252e-07
15.4559  1.75076e-07
15.4678  1.68765e-07
15.4786  1.52465e-07
15.4896  1.05481e-07
15.5008  1.77416e-07
15.5118  1.89781e-07
15.5231  1.32729e-07
15.5353  1.33575e-07
15.5442  1.94219e-07
15.556  8.28294e-08
15.5645  1.5246e-07
15.5759  1.28992e-07
15.5865  1.19667e-07
15.5963  1.98205e-07
15.6093  1.47218e-07
15.6211  5.40711e-08
15.6317  1.25165e-07
15.6415  1.52743e-07
15.6514  1.47709e-07
15.6635  1.59963e-07
15.6735  1.13951e-07
15.685  1.13964e-07
15.6952  6.51455e-08
15.7069  1.26789e-07
15.7173  1.00889e-07
15.7299  1.19152e-07
15.7392  1.02971e-07
15.7491  9.28238e-08
15.7619  1.29115e-07
15.7719  1.01215e-07
15.7848  1.39817e-07
15.7953  1.0061e-07
15.8069  4.0631e-08
15.8163  8.75609e-08
15.8262  1.15638e-07
15.8373  1.04104e-07
15.8496  1.14793e-07
15.858  6.87411e-08
15.8691  8.96311e-08
15.88  6.29831e-08
15.8898  1.14305e-07
15.9005  5.29986e-08
15.9121  9.14965e-08
15.9223  7.01108e-08
15.9344  1.04787e-07
15.9453  8.0302e-08
15.9563  7.70197e-08
15.9687  8.44519e-08
15.98  3.81138e-08
15.9902  8.0814e-08
16.0021  6.90303e-08
16.0118  1.2412e-07
16.0227  4.98681e-08
16.0316  4.51812e-08
16.0425  9.32402e-08
16.0575  7.18112e-08
16.0698  5.60528e-08
16.0801  3.84175e-08
16.0907  9.90837e-08
16.1022  4.61262e-08
16.114  6.19033e-08
16.1271  7.029e-08
16.1394  6.0753e-08
16.1493  6.93e-08
16.1603  5.92198e-08
16.1716  8.07867e-08
16.1847  3.41274e-08
16.1951  4.98686e-08
16.208  6.72408e-08
16.2191  3.06646e-08
16.228  3.90834e-08
16.2393  4.61373e-08
16.2531  8.37199e-08
16.2626  5.32609e-08
16.276  4.80068e-08
16.2868  6.27848e-08
16.2989  3.26486e-08
16.3075  4.39695e-08
16.319  5.84844e-08
16.332  2.74879e-08
16.344  2.70978e-08
16.3534  4.05632e-08
16.3617  4.34871e-08
16.3749  4.54457e-08
16.387  4.79742e-08
16.3968  4.01826e-08
16.4093  3.11119e-08
16.4216  4.06343e-08
16.435  8.27338e-09
16.4421  5.5357e-08
16.4533  3.2701e-08
16.4661  4.63019e-08
16.4805  2.96419e-08
16.488  2.03491e-08
16.5022  5.91693e-08
16.5148  4.08215e-08
16.5283  2.71056e-08
16.5389  3.75095e-08
16.5498  3.53917e-08
16.5635  2.41468e-08
16.5754  2.33895e-08
16.5841  4.24311e-08
16.5994  1.70046e-08
16.6077  5.30296e-09
16.6206  2.607e-08
16.6306  3.35519e-08
16.6395  1.7614e-08
16.6505  3.83888e-08
16.6614  2.70765e-08
16.6721  3.71624e-08
16.6846  1.20688e-08
16.7  3.0837e-08
16.7118  1.98106e-08
16.725  3.28155e-08
16.7389  3.17722e-08
16.7537  7.28185e-09
16.7606  3.83267e-08
16.7724  1.56195e-08
16.7823  1.36158e-08
16.7977  9.20498e-09
16.8072  1.96495e-08
16.8191  3.88288e-08
16.8374  1.69307e-08
16.8505  3.52292e-09
16.8597  4.07085e-08
16.8739  2.85646e-08
16.8873  1.78419e-08
16.9014  1.60542e-08
16.9129  1.65646e-08
16.9249  1.36237e-08
16.9337  1.55856e-08
16.9468  2.10481e-08
16.9604  1.70615e-08
16.9743  2.5073e-09
16.9802  1.35492e-08
16.9946  1.26285e-08
17.0043  3.00342e-08
17.0188  6.46059e-09
17.032  1.84801e-08
17.0477  2.07638e-08
17.0611  5.34511e-09
17.0751  1.22318e-08
17.0826  1.84239e-08
17.0962  7.2887e-09
17.1104  6.98857e-09
17.1173  1.65579e-08
17.1335  2.48364e-08
17.1469  3.20093e-09
17.1553  1.71026e-08
17.1681  1.16335e-08
17.19  1.22508e-08
17.1995  4.46905e-09
17.2136  3.2535e-09
17.2237  9.56606e-09
17.2343  2.39763e-08
17.2463  6.63953e-09
17.2559  7.48099e-09
17.2702  1.04339e-08
17.2831  5.80684e-09
17.2977  5.8428e-09
17.3098  5.84852e-09
17.3209  8.3872e-09
17.3358  1.0757e-08
17.3446  6.08504e-09
17.356  1.51853e-08
17.3756  1.66551e-08
17.3876  7.2126e-09
17.4001  2.59873e-09
17.41  8.93363e-09
17.4311  1.03061e-08
17.4489  2.91194e-09
17.4584  5.36471e-09
17.474  4.2747e-09
17.4878  7.7152e-09
17.5001  6.2913e-09
17.5093  8.29001e-09
17.524  8.63819e-09
17.5395  8.39525e-09
17.5505  2.30664e-09
17.5623  2.34619e-09
17.5739  1.02622e-08
17.5874  5.08725e-10
17.603  8.0607e-09
17.6167  9.00746e-09
17.632  5.20502e-09
17.642  2.08891e-09
17.6605  8.84504e-09
17.683  1.70144e-09
17.6919  5.09693e-09
17.7069  1.37822e-09
17.7306  1.078e-08
17.747  7.30148e-09
17.7623  4.39838e-09
17.769  4.65022e-09
17.7847  1.40257e-09
17.7981  2.36079e-09
17.8039  4.93198e-09
17.8318  6.80476e-10
17.8475  9.81084e-09
17.8637  1.79198e-09
17.8775  5.21782e-09
17.8922  7.49982e-10
17.9097  4.31494e-10
17.9251  1.81645e-09
17.9343  4.11584e-09
17.9498  6.22843e-09
17.9693  3.11768e-09
17.9888  7.07727e-09
18.0101  1.01501e-09
18.0224  2.32767e-09
18.0383  3.83678e-09
18.0635  1.41844e-09
18.0726  4.21394e-09
18.0924  7.58844e-10
18.1088  1.37809e-09
18.122  3.7481e-09
18.1384  2.33161e-09
18.1525  2.4447e-09
18.1725  1.63158e-09
18.1891  3.86042e-10
18.2131  2.26318e-09
18.2247  6.27659e-09
18.2402  3.36938e-10
18.2492  2.4376e-09
18.2961  3.95199e-10
18.3064  1.43649e-09
18.32  3.20125e-10
18.3398  1.08503e-09
18.3494  4.28267e-09
18.3753  2.04325e-09
18.3865  6.50999e-10
18.3978  1.30312e-09
18.4139  1.54491e-09
18.4487  2.58774e-09
18.4786  3.36578e-10
18.4913  3.07369e-09
18.5066  1.85787e-10
18.5393  3.18933e-10
18.5498  3.7663e-10
18.5627  1.81372e-09
18.6006  2.92342e-09
18.6231  9.43043e-10
18.6515  1.60175e-09
18.6766  3.29466e-10
18.7232  2.28303e-09
18.7372  3.3432e-10
18.7524  3.79934e-10
18.7856  7.57944e-10
18.8231  8.83956e-10
18.8378  1.7456e-09
18.8636  1.22615e-09
18.9195  3.33659e-10
18.9601  2.79421e-10
18.9705  1.73437e-10
18.9975  3.25876e-10
19.0109  3.0268e-10
19.0259  1.10699e-09
19.0617  1.18834e-09
19.1016  9.948e-10
19.2133  1.27511e-09
19.2362  2.19044e-10
19.3367  7.63177e-10
19.4361  8.21278e-10
19.4756  4.44438e-10
19.6106  1.51385e-10
19.6389  2.57125e-10
19.7122  6.43816e-10
19.8263  2.2824e-10
20.0492  1.90761e-10
20.0866  2.22476e-10
20.3253  1.49541e-10
20.6997  1.03351e-10
