-20.5942  1.56931e-10
-20.2177  2.25032e-10
-19.9767  3.29908e-10
-19.9418  2.79813e-10
-19.7255  3.1476e-10
-19.6002  9.46146e-10
-19.5481  3.43796e-10
-19.5051  2.29868e-10
-19.3961  3.70718e-10
-19.3592  2.31182e-10
-19.3243  1.17647e-09
-19.2639  3.80434e-10
-19.2236  6.78365e-10
-19.1468  3.98923e-10
-19.1286  3.2962e-10
-19.1079  1.32341e-09
-19.0405  4.10351e-10
-18.9827  9.94515e-10
-18.9471  2.0988e-09
-18.9306  1.44549e-09
-18.8876  4.83239e-10
-18.865  2.63353e-10
-18.8529  8.62254e-10
-18.7785  1.55868e-09
-18.7671  4.39502e-10
-18.7314  1.8977e-09
-18.7068  1.23661e-09
-18.6859  4.77458e-10
-18.6719  1.04884e-09
-18.6466  1.64502e-09
-18.6364  4.61051e-10
-18.607  1.87275e-09
-18.5541  2.07276e-09
-18.5315  2.15375e-09
-18.5111  1.38589e-09
-18.49  1.7687e-09
-18.4733  4.32166e-10
-18.4561  2.86325e-09
-18.423  1.72532e-09
-18.4126  4.54105e-10
-18.4019  2.51718e-09
-18.3516  5.24081e-10
-18.3291  5.2779e-09
-18.3115  2.0624e-09
-18.2912  5.01204e-10
-18.274  5.20962e-09
-18.2416  1.88083e-09
-18.234  4.83088e-09
-18.2126  4.69567e-10
-18.175  1.01208e-09
-18.1561  4.04349e-09
-18.1496  1.84788e-09
-18.1283  3.77282e-09
-18.1241  4.81012e-10
-18.1139  3.98944e-09
-18.0693  2.497e-09
-18.0585  5.68849e-09
-18.0465  2.47403e-09
-18.0298  1.96817e-09
-18.0203  2.84967e-09
-17.9936  5.2582e-09
-17.9717  5.32534e-10
-17.9519  5.62658e-09
-17.9366  4.35745e-09
-17.9174  4.30868e-09
-17.9098  3.12628e-09
-17.8888  3.04008e-09
-17.8743  5.13741e-09
-17.8578  7.6622e-09
-17.839  7.07791e-09
-17.8217  1.03663e-09
-17.8055  1.81352e-09
-17.7951  1.90928e-09
-17.782  8.98442e-09
-17.7709  6.38872e-09
-17.7461  9.87231e-10
-17.7345  8.57554e-09
-17.7079  2.3197e-09
-17.6908  5.16173e-09
-17.6757  8.99997e-09
-17.661  1.03672e-08
-17.6523  4.82182e-09
-17.6423  2.7797e-09
-17.6231  3.5799e-09
-17.616  8.70632e-09
-17.5977  6.71208e-09
-17.5823  6.7688e-09
-17.5568  1.1385e-08
-17.5385  8.56731e-09
-17.5321  2.50818e-09
-17.5179  2.74315e-09
-17.5083  8.42428e-09
-17.4965  4.43322e-09
-17.4816  6.32064e-09
-17.4631  1.10111e-08
-17.4528  1.21175e-08
-17.4427  8.99222e-09
-17.4289  5.20101e-09
-17.4171  7.58972e-09
-17.4052  1.09995e-08
-17.3771  1.55719e-08
-17.3641  1.01528e-08
-17.3543  3.27455e-09
-17.3405  3.81972e-09
-17.3324  1.17087e-08
-17.3175  3.11778e-09
-17.3079  8.3484e-09
-17.2938  9.59398e-09
-17.2813  1.92199e-08
-17.2639  1.38877e-08
-17.2492  8.7969e-09
-17.2397  1.85333e-08
-17.2222  1.03373e-08
-17.2016  1.70914e-08
-17.1882  1.28987e-08
-17.1801  8.14724e-09
-17.1612  1.39393e-08
-17.1524  1.67677e-08
-17.1421  5.17015e-09
-17.1291  2.46255e-08
-17.1152  9.90264e-09
-17.1033  4.62585e-09
-17.09  7.35872e-09
-17.0782  1.52367e-08
-17.0678  1.59497e-08
-17.0555  1.91589e-08
-17.0442  1.44446e-08
-17.0347  1.43182e-08
-17.0228  1.4434e-08
-17.0034  1.83021e-08
-16.9967  1.32351e-08
-16.9817  1.99545e-08
-16.9726  1.63425e-08
-16.9616  2.63245e-08
-16.9493  9.91959e-09
-16.9376  1.65415e-08
-16.925  1.65944e-08
-16.9155  1.18032e-08
-16.9047  1.49859e-08
-16.891  9.80611e-09
-16.8794  3.25722e-08
-16.8652  3.69354e-08
-16.852  1.96068e-08
-16.8347  2.53104e-08
-16.821  1.74799e-08
-16.8079  9.72672e-09
-16.7989  2.69431e-08
-16.7882  3.96373e-08
-16.7762  2.00042e-08
-16.7663  1.11417e-08
-16.7561  2.06483e-08
-16.7468  3.35891e-08
-16.7377  2.35491e-08
-16.724  2.30582e-08
-16.7132  1.46841e-08
-16.7007  2.28383e-08
-16.691  2.64973e-08
-16.6808  3.32838e-08
-16.6658  3.64239e-08
-16.6593  1.08915e-08
-16.6483  2.37096e-08
-16.6378  2.32706e-08
-16.6219  2.44619e-08
-16.6083  3.42257e-08
-16.599  3.03993e-08
-16.5859  7.44132e-08
-16.5729  3.21193e-08
-16.5628  2.89261e-08
-16.5518  2.05863e-08
-16.5399  2.39547e-08
-16.5271  2.6779e-08
-16.5115  5.76668e-08
-16.503  3.4463e-08
-16.4889  4.05372e-08
-16.4762  2.91228e-08
-16.4662  4.53957e-08
-16.4584  4.78693e-08
-16.4429  1.85809e-08
-16.4332  2.27663e-08
-16.4206  6.6998e-08
-16.4071  5.879e-08
-16.3938  4.29589e-08
-16.3825  4.08846e-08
-16.3706  4.64765e-08
-16.3588  5.94641e-08
-16.345  3.84049e-08
-16.3347  6.47492e-08
-16.3243  4.36478e-08
-16.3112  5.01255e-08
-16.3007  2.2284e-08
-16.2872  8.68463e-08
-16.278  3.26465e-08
-16.2652  3.48623e-08
-16.2552  6.34946e-08
-16.244  5.95311e-08
-16.2311  4.54413e-08
-16.2213  2.78456e-08
-16.2088  9.24257e-08
-16.1985  5.89621e-08
-16.1886  6.56622e-08
-16.1757  1.0314e-07
-16.1642  2.97539e-08
-16.1522  6.28583e-08
-16.141  3.42821e-08
-16.132  8.20092e-08
-16.1207  3.70781e-08
-16.1093  1.07703e-07
-16.0962  6.92237e-08
-16.0851  7.23943e-08
-16.072  8.00615e-08
-16.0621  8.39872e-08
-16.0509  5.7611e-08
-16.0418  8.5134e-08
-16.0294  6.19498e-08
-16.0195  4.76271e-08
-16.0081  9.33876e-08
-15.9969  7.5251e-08
-15.9852  4.54666e-08
-15.9776  8.55043e-08
-15.9655  1.08374e-07
-15.9532  1.11149e-07
-15.9392  4.35242e-08
-15.9295  1.40358e-07
-15.916  1.06895e-07
-15.9066  5.45442e-08
-15.8948  8.43539e-08
-15.8841  1.07634e-07
-15.8724  1.26909e-07
-15.8587  1.09184e-07
-15.8489  9.38785e-08
-15.8379  7.16445e-08
-15.8256  1.03438e-07
-15.8148  1.03164e-07
-15.8033  1.11176e-07
-15.7937  1.37054e-07
-15.7817  1.3253e-07
-15.7702  9.18708e-08
-15.7618  6.90099e-08
-15.7518  1.20385e-07
-15.7408  1.15967e-07
-15.7286  1.13736e-07
-15.716  1.47334e-07
-15.7057  1.65846e-07
-15.6938  1.24138e-07
-15.683  1.38077e-07
-15.6716  1.09146e-07
-15.6614  1.17422e-07
-15.6502  1.3233e-07
-15.6393  1.345e-07
-15.6299  1.12469e-07
-15.6197  9.00398e-08
-15.609  1.60298e-07
-15.5997  1.74549e-07
-15.5895  1.54782e-07
-15.5765  1.21349e-07
-15.5643  1.03718e-07
-15.558  1.28005e-07
-15.5475  2.06568e-07
-15.535  1.85938e-07
-15.5222  1.88125e-07
-15.5126  1.39781e-07
-15.5011  1.91917e-07
-15.4911  1.62775e-07
-15.4811  1.68601e-07
-15.4685  2.31207e-07
-15.4593  1.219e-07
-15.4481  9.47764e-08
-15.4368  1.94851e-07
-15.4259  1.90514e-07
-15.4163  2.49633e-07
-15.4054  1.61391e-07
-15.3938  2.11592e-07
-15.3842  2.1153e-07
-15.3736  2.02446e-07
-15.3636  1.66716e-07
-15.3503  2.06323e-07
-15.3403  1.53227e-07
-15.33  2.45295e-07
-15.3179  2.71245e-07
-15.3085  2.20237e-07
-15.2978  1.64709e-07
-15.2871  2.45265e-07
-15.2757  1.74228e-07
-15.266  2.79964e-07
-15.2541  2.68032e-07
-15.2435  2.80757e-07
-15.2323  2.21975e-07
-15.2201  2.57945e-07
-15.21  2.40439e-07
-15.1995  2.9205e-07
-15.1887  2.34579e-07
-15.1793  2.46404e-07
-15.1681  2.4965e-07
-15.1573  2.57181e-07
-15.1461  3.2687e-07
-15.1355  3.31071e-07
-15.1243  2.47366e-07
-15.1127  3.42019e-07
-15.1016  2.86944e-07
-15.0904  3.48501e-07
-15.0808  2.51359e-07
-15.0697  2.97447e-07
-15.0594  3.77175e-07
-15.0477  3.13445e-07
-15.036  3.00124e-07
-15.0268  3.12161e-07
-15.0159  3.70047e-07
-15.0054  3.07167e-07
-14.9947  3.72986e-07
-14.9836  3.74037e-07
-14.9718  3.85294e-07
-14.9598  3.36078e-07
-14.9511  2.59121e-07
-14.9397  3.9752e-07
-14.9306  4.17022e-07
-14.9211  3.44009e-07
-14.9094  4.67304e-07
-14.8979  2.55597e-07
-14.8882  4.26467e-07
-14.8765  4.85079e-07
-14.8658  4.32626e-07
-14.8547  4.47407e-07
-14.8441  4.20261e-07
-14.8342  3.86687e-07
-14.8234  3.67709e-07
-14.8133  4.16059e-07
-14.8044  4.66812e-07
-14.7927  3.83454e-07
-14.7831  4.52612e-07
-14.7725  4.99917e-07
-14.7628  3.94401e-07
-14.7531  4.81521e-07
-14.7426  4.61463e-07
-14.7315  5.68913e-07
-14.7211  4.65357e-07
-14.709  5.42157e-07
-14.6978  5.04208e-07
-14.6882  5.12056e-07
-14.6786  6.23635e-07
-14.6672  4.67702e-07
-14.6568  5.57116e-07
-14.6463  4.69113e-07
-14.6357  5.96598e-07
-14.6251  4.54608e-07
-14.6158  6.24286e-07
-14.6037  6.82757e-07
-14.5929  6.89053e-07
-14.5819  5.44776e-07
-14.5721  5.22742e-07
-14.5625  5.99323e-07
-14.5516  6.12366e-07
-14.5405  6.07242e-07
-14.5298  7.40295e-07
-14.5188  7.42493e-07
-14.5086  6.99642e-07
-14.4978  6.06083e-07
-14.4876  6.33056e-07
-14.4765  6.59293e-07
-14.4669  7.16424e-07
-14.4557  7.16947e-07
-14.4451  7.76674e-07
-14.4346  7.05942e-07
-14.4244  7.74697e-07
-14.4132  7.56829e-07
-14.4038  6.95633e-07
-14.3933  8.20811e-07
-14.3821  8.3045e-07
-14.3717  8.24864e-07
-14.3601  7.58979e-07
-14.3489  8.42195e-07
-14.3396  7.52936e-07
-14.3284  9.70099e-07
-14.3177  8.61629e-07
-14.3065  9.17681e-07
-14.2955  9.40152e-07
-14.2853  8.38808e-07
-14.2742  9.70803e-07
-14.2636  9.12783e-07
-14.2531  7.97156e-07
-14.2425  9.61447e-07
-14.2321  9.17355e-07
-14.2218  1.20393e-06
-14.2106  1.00363e-06
-14.199  9.36306e-07
-14.1894  1.03319e-06
-14.1781  1.00835e-06
-14.1671  1.01143e-06
-14.1567  1.178e-06
-14.1463  9.74613e-07
-14.1362  1.02228e-06
-14.1265  9.95977e-07
-14.1152  1.30484e-06
-14.1044  1.08048e-06
-14.0938  1.23776e-06
-14.0824  1.02782e-06
-14.0726  1.19516e-06
-14.0624  1.2432e-06
-14.0515  1.31284e-06
-14.0401  1.28009e-06
-14.0301  1.08928e-06
-14.0192  1.23414e-06
-14.0093  1.363e-06
-13.9982  1.27453e-06
-13.9878  1.50041e-06
-13.9769  1.30732e-06
-13.9659  1.17533e-06
-13.956  1.15244e-06
-13.946  1.60358e-06
-13.9354  1.45925e-06
-13.9246  1.32054e-06
-13.9132  1.5129e-06
-13.903  1.2393e-06
-13.8933  1.70775e-06
-13.8827  1.41573e-06
-13.8714  1.61877e-06
-13.861  1.43697e-06
-13.8506  1.46224e-06
-13.8395  1.71336e-06
-13.8297  1.49844e-06
-13.8192  1.54498e-06
-13.8086  1.72329e-06
-13.7979  1.70682e-06
-13.7869  1.81525e-06
-13.776  1.73219e-06
-13.7653  1.64447e-06
-13.7551  1.7593e-06
-13.7444  1.61037e-06
-13.7342  2.10363e-06
-13.7233  1.69283e-06
-13.7138  1.81192e-06
-13.7022  1.85187e-06
-13.6912  1.95502e-06
-13.6804  2.12279e-06
-13.6691  1.89038e-06
-13.6592  1.84565e-06
-13.6498  1.99862e-06
-13.6384  1.99654e-06
-13.6281  1.79228e-06
-13.6176  2.22707e-06
-13.6075  2.135e-06
-13.5967  2.29487e-06
-13.5864  1.96727e-06
-13.5761  2.05559e-06
-13.5653  2.2375e-06
-13.5548  2.22346e-06
-13.5443  2.36475e-06
-13.533  2.52815e-06
-13.5219  2.22887e-06
-13.5116  2.35054e-06
-13.501  2.48862e-06
-13.4905  2.28486e-06
-13.4801  2.51198e-06
-13.4697  2.28683e-06
-13.4592  2.30584e-06
-13.4486  2.55669e-06
-13.4386  2.79131e-06
-13.4279  2.44328e-06
-13.4175  2.70965e-06
-13.4065  2.8524e-06
-13.3966  2.6898e-06
-13.3854  2.68653e-06
-13.3752  2.49023e-06
-13.3644  2.92972e-06
-13.3544  2.65281e-06
-13.3438  2.89494e-06
-13.3338  2.89317e-06
-13.323  3.12682e-06
-13.3127  2.75784e-06
-13.3026  2.74082e-06
-13.2928  2.9433e-06
-13.2822  2.95174e-06
-13.2719  3.13779e-06
-13.2607  3.14169e-06
-13.2505  3.36039e-06
-13.2397  3.37515e-06
-13.2294  3.11932e-06
-13.2186  3.5829e-06
-13.2076  3.08825e-06
-13.1978  3.69093e-06
-13.1873  3.04802e-06
-13.1773  3.29293e-06
-13.1667  3.60641e-06
-13.156  3.59184e-06
-13.1458  3.09399e-06
-13.1359  3.80197e-06
-13.1254  3.7482e-06
-13.1153  3.92514e-06
-13.1043  3.62207e-06
-13.0938  3.58673e-06
-13.0834  3.76879e-06
-13.073  4.25066e-06
-13.0622  3.99804e-06
-13.0514  3.77407e-06
-13.0413  4.49727e-06
-13.0301  3.75707e-06
-13.0203  4.20812e-06
-13.0099  3.96523e-06
-12.9999  4.01862e-06
-12.9893  4.20061e-06
-12.9792  4.50996e-06
-12.9682  4.32594e-06
-12.9583  4.22516e-06
-12.9483  4.39822e-06
-12.9381  4.65593e-06
-12.9274  4.37621e-06
-12.9175  4.53543e-06
-12.9069  4.59049e-06
-12.8968  4.73807e-06
-12.8861  4.94711e-06
-12.8754  4.7179e-06
-12.8649  4.99585e-06
-12.8547  5.22765e-06
-12.8441  4.85195e-06
-12.8339  4.92564e-06
-12.8231  5.35478e-06
-12.8129  4.89415e-06
-12.8024  5.32333e-06
-12.7924  4.93561e-06
-12.782  5.33336e-06
-12.7715  5.26008e-06
-12.7614  5.74754e-06
-12.7507  5.58363e-06
-12.7405  5.52335e-06
-12.7305  5.71814e-06
-12.7202  5.56378e-06
-12.7094  5.73443e-06
-12.6993  5.73983e-06
-12.6892  5.97353e-06
-12.679  5.56658e-06
-12.6683  6.57266e-06
-12.6578  6.16622e-06
-12.647  6.06277e-06
-12.6375  5.506e-06
-12.6273  6.54183e-06
-12.6167  6.76573e-06
-12.6068  6.1611e-06
-12.5965  6.10743e-06
-12.5858  6.66215e-06
-12.5758  7.10503e-06
-12.5652  6.65285e-06
-12.5551  6.69739e-06
-12.5447  6.99535e-06
-12.5344  6.42537e-06
-12.5241  7.53842e-06
-12.5137  7.06462e-06
-12.5033  7.14346e-06
-12.493  6.98011e-06
-12.483  7.23277e-06
-12.473  6.9552e-06
-12.4626  8.19461e-06
-12.4522  7.22167e-06
-12.442  7.52214e-06
-12.4317  7.35846e-06
-12.4218  7.94657e-06
-12.4114  8.06646e-06
-12.4008  8.27887e-06
-12.3905  7.72659e-06
-12.3804  7.94263e-06
-12.3703  8.39139e-06
-12.36  7.97273e-06
-12.3497  8.30693e-06
-12.3395  9.2741e-06
-12.3291  8.32237e-06
-12.3191  7.81737e-06
-12.309  9.45483e-06
-12.2986  8.66325e-06
-12.2882  8.92734e-06
-12.2779  9.09245e-06
-12.2674  9.53737e-06
-12.2573  8.78107e-06
-12.2475  9.55152e-06
-12.2368  9.06148e-06
-12.2268  9.56141e-06
-12.2167  9.53963e-06
-12.2063  9.99257e-06
-12.1957  9.73562e-06
-12.1855  1.01107e-05
-12.1752  9.49972e-06
-12.1649  1.06692e-05
-12.1546  1.01217e-05
-12.1445  1.05105e-05
-12.1337  1.04309e-05
-12.124  1.05147e-05
-12.1135  1.05339e-05
-12.1035  1.03227e-05
-12.0933  1.07791e-05
-12.0827  1.14236e-05
-12.0724  1.12033e-05
-12.0624  1.17022e-05
-12.0523  1.05288e-05
-12.042  1.13524e-05
-12.0318  1.18333e-05
-12.0215  1.1781e-05
-12.0111  1.14591e-05
-12.0011  1.19981e-05
-11.9908  1.18057e-05
-11.9805  1.20912e-05
-11.9705  1.18972e-05
-11.9603  1.28486e-05
-11.95  1.21525e-05
-11.9399  1.33521e-05
-11.9294  1.24531e-05
-11.9194  1.20379e-05
-11.9093  1.39265e-05
-11.8991  1.25122e-05
-11.8885  1.3582e-05
-11.8786  1.39291e-05
-11.8684  1.31717e-05
-11.8583  1.29973e-05
-11.8479  1.45005e-05
-11.8372  1.44709e-05
-11.8264  1.47095e-05
-11.8164  1.37365e-05
-11.8055  1.65098e-05
-11.7946  1.47049e-05
-11.7846  1.49455e-05
-11.7743  1.38356e-05
-11.7641  1.54479e-05
-11.7538  1.54308e-05
-11.7439  1.47663e-05
-11.7335  1.55454e-05
-11.7235  1.53414e-05
-11.7133  1.56811e-05
-11.703  1.60112e-05
-11.6929  1.62181e-05
-11.6827  1.59064e-05
-11.6725  1.59646e-05
-11.6621  1.81448e-05
-11.6514  1.61586e-05
-11.6414  1.69222e-05
-11.6311  1.74492e-05
-11.621  1.6917e-05
-11.6106  1.66669e-05
-11.6006  1.79015e-05
-11.5904  1.81141e-05
-11.58  1.73903e-05
-11.5699  1.82755e-05
-11.5598  1.77118e-05
-11.5497  1.76452e-05
-11.5398  1.90472e-05
-11.5293  1.86379e-05
-11.5191  1.83528e-05
-11.509  1.99627e-05
-11.4988  1.78747e-05
-11.4888  1.95013e-05
-11.4787  2.07716e-05
-11.4685  1.90965e-05
-11.4582  1.86629e-05
-11.4483  1.99722e-05
-11.4382  2.12956e-05
-11.4276  2.0515e-05
-11.4176  2.08843e-05
-11.4076  2.02121e-05
-11.3976  2.02363e-05
-11.3874  2.27879e-05
-11.377  2.11929e-05
-11.3667  2.14808e-05
-11.3566  2.24607e-05
-11.3464  2.16466e-05
-11.3363  2.11422e-05
-11.3262  2.46376e-05
-11.3156  2.21997e-05
-11.3054  2.25853e-05
-11.2954  2.36877e-05
-11.2851  2.39198e-05
-11.2748  2.26721e-05
-11.2646  2.45333e-05
-11.2545  2.25837e-05
-11.2445  2.52283e-05
-11.2342  2.52328e-05
-11.224  2.33907e-05
-11.2136  2.59976e-05
-11.2036  2.54756e-05
-11.1933  2.46738e-05
-11.183  2.52346e-05
-11.1732  2.57218e-05
-11.1629  2.61516e-05
-11.1527  2.57672e-05
-11.1426  2.71288e-05
-11.1321  2.72325e-05
-11.1222  2.71188e-05
-11.112  2.62198e-05
-11.1019  2.68645e-05
-11.0917  2.89031e-05
-11.0818  2.73811e-05
-11.0715  2.83021e-05
-11.0611  2.79311e-05
-11.0512  2.92399e-05
-11.041  2.83605e-05
-11.0307  3.01294e-05
-11.0209  2.83627e-05
-11.0105  2.95177e-05
-11.0006  2.93271e-05
-10.9906  3.06441e-05
-10.9802  2.94794e-05
-10.9702  3.30812e-05
-10.9594  3.21843e-05
-10.9488  3.17334e-05
-10.9385  3.17096e-05
-10.9286  3.32003e-05
-10.9182  3.13612e-05
-10.908  3.23884e-05
-10.8976  3.35406e-05
-10.8872  3.3963e-05
-10.8768  3.43876e-05
-10.8669  3.24767e-05
-10.8561  3.68807e-05
-10.8456  3.48186e-05
-10.8353  3.416e-05
-10.8251  3.48604e-05
-10.8148  3.63164e-05
-10.805  3.37853e-05
-10.7948  3.61812e-05
-10.7846  3.52582e-05
-10.7744  3.73389e-05
-10.7645  3.49374e-05
-10.7543  3.73723e-05
-10.7443  3.68426e-05
-10.7341  3.72223e-05
-10.724  3.85166e-05
-10.7138  3.7907e-05
-10.7038  3.74534e-05
-10.6936  4.09012e-05
-10.6834  3.88381e-05
-10.6731  3.85368e-05
-10.663  4.03507e-05
-10.6529  4.02696e-05
-10.6428  3.95568e-05
-10.6325  4.21653e-05
-10.6223  4.22147e-05
-10.6122  4.09392e-05
-10.6022  4.03387e-05
-10.5915  4.88542e-05
-10.5807  3.94806e-05
-10.5706  4.63644e-05
-10.5604  4.16057e-05
-10.5503  4.39167e-05
-10.5401  4.44589e-05
-10.5296  4.95574e-05
-10.5187  4.27607e-05
-10.5087  4.61371e-05
-10.4986  4.55542e-05
-10.4885  4.55233e-05
-10.4783  4.5576e-05
-10.4683  4.71714e-05
-10.4582  4.56743e-05
-10.4481  4.82294e-05
-10.4381  4.71422e-05
-10.4279  4.77725e-05
-10.4176  5.03479e-05
-10.4075  4.91768e-05
-10.3974  4.58654e-05
-10.3874  5.10119e-05
-10.3772  5.10125e-05
-10.3669  5.06589e-05
-10.3567  5.00138e-05
-10.3468  5.20246e-05
-10.3366  4.97887e-05
-10.3266  5.28469e-05
-10.3164  5.2873e-05
-10.3063  5.38968e-05
-10.2959  5.34437e-05
-10.2859  5.32672e-05
-10.2757  5.25502e-05
-10.2656  5.71472e-05
-10.255  6.1063e-05
-10.2445  5.23372e-05
-10.2338  6.1897e-05
-10.2235  5.70227e-05
-10.2131  5.62243e-05
-10.2032  5.68163e-05
-10.1931  5.80929e-05
-10.1828  5.80468e-05
-10.1726  6.08457e-05
-10.1626  5.73926e-05
-10.1523  5.97351e-05
-10.1423  6.05063e-05
-10.1323  6.04557e-05
-10.1221  5.93324e-05
-10.1113  7.01878e-05
-10.101  5.88246e-05
-10.0908  6.34905e-05
-10.0805  6.27418e-05
-10.0707  6.46679e-05
-10.0601  6.32006e-05
-10.0502  6.6302e-05
-10.04  6.23511e-05
-10.0294  7.29325e-05
-10.0186  6.74321e-05
-10.0088  6.3924e-05
-9.99845  6.74617e-05
-9.98845  6.82295e-05
-9.97846  6.43532e-05
-9.96845  6.80144e-05
-9.95809  7.2534e-05
-9.94843  6.75054e-05
-9.93804  7.04512e-05
-9.92786  6.97828e-05
-9.91784  6.99467e-05
-9.90765  7.30773e-05
-9.89738  7.48385e-05
-9.88744  6.92533e-05
-9.87704  7.45555e-05
-9.86702  7.41783e-05
-9.85697  7.39164e-05
-9.84676  7.36238e-05
-9.83665  7.67555e-05
-9.8267  7.30468e-05
-9.81643  7.81399e-05
-9.80625  7.65551e-05
-9.79577  8.57831e-05
-9.78515  7.51639e-05
-9.77492  8.38713e-05
-9.76479  7.60944e-05
-9.7548  8.10739e-05
-9.74458  8.102e-05
-9.73454  7.97391e-05
-9.72421  7.98364e-05
-9.71422  8.65756e-05
-9.70411  8.04769e-05
-9.69347  9.11827e-05
-9.68274  8.53439e-05
-9.67281  8.42516e-05
-9.66246  8.47886e-05
-9.65242  8.70618e-05
-9.64181  9.34839e-05
-9.63149  8.45597e-05
-9.62129  9.03099e-05
-9.61109  8.84414e-05
-9.60045  9.47432e-05
-9.5901  9.20134e-05
-9.57984  8.92783e-05
-9.56987  8.8129e-05
-9.55968  9.64009e-05
-9.54959  9.09527e-05
-9.53886  9.98135e-05
-9.52786  0.000104914
-9.51719  9.49404e-05
-9.50707  9.09384e-05
-9.49696  0.00010145
-9.48682  9.29596e-05
-9.47667  9.72457e-05
-9.46655  9.79208e-05
-9.45647  9.78257e-05
-9.44636  9.66959e-05
-9.43627  0.000105069
-9.42577  0.000103319
-9.4152  0.000101653
-9.40505  0.00010376
-9.39507  0.000103418
-9.38476  9.87423e-05
-9.37481  0.000109155
-9.36463  9.87889e-05
-9.35468  0.000106325
-9.34444  0.000106809
-9.33454  0.000105718
-9.3242  0.000105407
-9.31425  0.000112967
-9.30405  0.000103749
-9.29411  0.000109141
-9.28372  0.000115742
-9.27387  0.000108322
-9.26355  0.00010821
-9.25363  0.000116658
-9.24347  0.000109815
-9.23348  0.000113957
-9.2232  0.000117581
-9.21277  0.000124782
-9.20183  0.00011751
-9.19181  0.00011826
-9.18114  0.000129762
-9.17057  0.00011437
-9.16048  0.00012775
-9.15032  0.000114606
-9.14014  0.00012128
-9.13006  0.000124583
-9.12001  0.000121864
-9.10983  0.000120225
-9.09978  0.000128618
-9.0896  0.000124204
-9.07911  0.000133459
-9.06855  0.000131631
-9.05845  0.000124262
-9.04819  0.000127284
-9.03823  0.000133232
-9.02806  0.000126416
-9.01808  0.000126786
-9.00787  0.0001404
-8.99788  0.000125755
-8.98727  0.0001444
-8.97683  0.000136441
-8.96667  0.000133982
-8.95613  0.000145117
-8.94559  0.000140785
-8.93496  0.000148489
-8.92436  0.000139831
-8.9142  0.000143881
-8.90403  0.000133657
-8.89394  0.000142523
-8.88387  0.000149196
-8.87361  0.000137278
-8.86358  0.000141971
-8.85349  0.0001518
-8.84324  0.000142357
-8.83323  0.000144903
-8.82312  0.000150558
-8.81306  0.000145597
-8.803  0.000145862
-8.79293  0.000155282
-8.78224  0.000161891
-8.77179  0.00015276
-8.76165  0.000158019
-8.75153  0.0001454
-8.74141  0.000155505
-8.73144  0.000163143
-8.72117  0.000151326
-8.71065  0.000170266
-8.7  0.000167146
-8.68983  0.000155317
-8.67966  0.000162924
-8.66971  0.000158576
-8.65962  0.000161063
-8.64905  0.000178508
-8.63843  0.000170136
-8.62823  0.000159307
-8.6182  0.000170401
-8.60824  0.000165565
-8.59801  0.000169782
-8.58775  0.00016629
-8.57786  0.000175317
-8.56781  0.000164175
-8.55768  0.000175042
-8.54762  0.000174191
-8.53758  0.000170725
-8.52736  0.000177517
-8.51733  0.000179407
-8.50721  0.000171459
-8.49725  0.000179725
-8.48718  0.000178254
-8.47711  0.000178086
-8.46697  0.00018166
-8.45697  0.000188207
-8.44683  0.000178065
-8.43672  0.000184213
-8.42661  0.000189639
-8.41664  0.000182733
-8.40642  0.000187929
-8.39636  0.000192568
-8.38631  0.000183204
-8.37621  0.000193693
-8.36607  0.000195039
-8.35602  0.000188606
-8.34593  0.000193417
-8.33586  0.000198446
-8.32579  0.000192458
-8.31569  0.00019783
-8.30507  0.000221585
-8.29452  0.000198079
-8.28431  0.000200412
-8.27417  0.000204208
-8.2642  0.000200704
-8.25403  0.000202773
-8.24397  0.000208935
-8.23397  0.000202572
-8.22384  0.000206254
-8.21371  0.000214729
-8.20374  0.000201548
-8.19363  0.000210591
-8.18354  0.000217141
-8.17299  0.000232341
-8.16226  0.000213317
-8.15214  0.00022096
-8.14203  0.000216091
-8.13195  0.000215076
-8.12129  0.000245519
-8.1108  0.000213073
-8.10027  0.000242802
-8.08969  0.000230665
-8.07946  0.000219959
-8.06943  0.000217605
-8.05938  0.000240516
-8.04928  0.00021588
-8.03878  0.000249334
-8.0282  0.000237502
-8.01802  0.000227755
-8.008  0.000226848
-7.99796  0.000242239
-7.98778  0.000227739
-7.97788  0.000235351
-7.96772  0.000240936
-7.95763  0.00023682
-7.94753  0.000235178
-7.93707  0.000273414
-7.92631  0.000235456
-7.91628  0.000241414
-7.90622  0.000254071
-7.89616  0.000239387
-7.88599  0.000244355
-7.87599  0.000255746
-7.86571  0.00024654
-7.85588  0.000243953
-7.84563  0.000264276
-7.83545  0.000248395
-7.82546  0.000250971
-7.81546  0.000260112
-7.80527  0.000252594
-7.79527  0.000254129
-7.78508  0.000275111
-7.77509  0.00024445
-7.76509  0.000260453
-7.75508  0.000269472
-7.74498  0.000261018
-7.7349  0.000261299
-7.72415  0.00030811
-7.71352  0.000255306
-7.70363  0.00027256
-7.69345  0.00027256
-7.68328  0.000275343
-7.67327  0.000262324
-7.66331  0.000287237
-7.65312  0.000261553
-7.64318  0.000282268
-7.63297  0.000282127
-7.62302  0.000276557
-7.61287  0.000271669
-7.6028  0.000299693
-7.59261  0.000272933
-7.5827  0.000283983
-7.57249  0.000290022
-7.56252  0.000286806
-7.55227  0.000286656
-7.54181  0.000325469
-7.53098  0.00028884
-7.52114  0.000288316
-7.51101  0.000297337
-7.50097  0.000297851
-7.49069  0.00029409
-7.48077  0.000303349
-7.4707  0.000290331
-7.46083  0.000295144
-7.45056  0.000314097
-7.44065  0.000297272
-7.43042  0.000303724
-7.42038  0.000316011
-7.41013  0.000302775
-7.40012  0.000308786
-7.38989  0.000318933
-7.37997  0.000304151
-7.36975  0.000314774
-7.35976  0.000319018
-7.34957  0.000311821
-7.33959  0.000317873
-7.3293  0.000325006
-7.31946  0.000313394
-7.30925  0.000321923
-7.29909  0.000335718
-7.28898  0.000313799
-7.27903  0.000327313
-7.26871  0.0003329
-7.2589  0.00032499
-7.24857  0.000328336
-7.23864  0.000339112
-7.2285  0.000326763
-7.21844  0.00033701
-7.2077  0.000367721
-7.19751  0.000332874
-7.18719  0.000341033
-7.17723  0.000340544
-7.16712  0.000337482
-7.15714  0.000346765
-7.14627  0.000386795
-7.13591  0.000339915
-7.12569  0.000344397
-7.11574  0.000354886
-7.10509  0.000385773
-7.09454  0.000342411
-7.08438  0.000368756
-7.07446  0.000344342
-7.06431  0.000359662
-7.05416  0.000360249
-7.04417  0.000355792
-7.03416  0.000359635
-7.02385  0.000375178
-7.01393  0.000348505
-7.00392  0.000369414
-6.99375  0.000369956
-6.98372  0.000371603
-6.97359  0.000360997
-6.96344  0.000385896
-6.95347  0.000364593
-6.94322  0.000379591
-6.93248  0.000417588
-6.92205  0.000385258
-6.91182  0.000370673
-6.9016  0.000396336
-6.89148  0.000374989
-6.88153  0.000381719
-6.87135  0.00039148
-6.86131  0.000386925
-6.85068  0.000422313
-6.84009  0.000396233
-6.83002  0.000393878
-6.81988  0.000385002
-6.80978  0.000406829
-6.79972  0.000394839
-6.78961  0.000387719
-6.77948  0.000411786
-6.7695  0.000397351
-6.75896  0.000431831
-6.74835  0.000416423
-6.73822  0.000404454
-6.72775  0.000430998
-6.71723  0.00042138
-6.70721  0.000399825
-6.6971  0.000416066
-6.68693  0.000419076
-6.67691  0.000408836
-6.66679  0.000413621
-6.65661  0.000431158
-6.64665  0.000409035
-6.63655  0.000417034
-6.62643  0.000430763
-6.61635  0.000424865
-6.60631  0.000412433
-6.59622  0.000438604
-6.58618  0.000423954
-6.57601  0.000428431
-6.56594  0.000437506
-6.55583  0.000429615
-6.54578  0.000430975
-6.53555  0.000447381
-6.52556  0.000431206
-6.5155  0.000432366
-6.50543  0.000448115
-6.49536  0.000438533
-6.48526  0.000441737
-6.4746  0.00049184
-6.46422  0.000444731
-6.45404  0.000443261
-6.44399  0.000457085
-6.43387  0.000448322
-6.42378  0.000452273
-6.41363  0.000458628
-6.40371  0.000451537
-6.39344  0.000461035
-6.38339  0.000459603
-6.37331  0.000459027
-6.36338  0.000456201
-6.35307  0.000474347
-6.3432  0.000453861
-6.33302  0.000470599
-6.32258  0.000504531
-6.31203  0.000480131
-6.30191  0.000462366
-6.29165  0.000491061
-6.28174  0.000457402
-6.27151  0.000490782
-6.26135  0.000470763
-6.25095  0.000527104
-6.2405  0.00046257
-6.23032  0.000505994
-6.22015  0.000470867
-6.20969  0.000540731
-6.19898  0.000479133
-6.18904  0.00050136
-6.17887  0.000470282
-6.16884  0.000514474
-6.15871  0.000474242
-6.14878  0.000501834
-6.13855  0.000490386
-6.12872  0.000506393
-6.11851  0.000479052
-6.10844  0.000525438
-6.09822  0.000492864
-6.08829  0.000510075
-6.07796  0.000499414
-6.06799  0.000521768
-6.0573  0.000543328
-6.04686  0.000522186
-6.03664  0.000503644
-6.02668  0.000517954
-6.01633  0.000517341
-6.00644  0.000519272
-5.99628  0.000502675
-5.98622  0.000533651
-5.97612  0.000512128
-5.96625  0.000517155
-5.95595  0.000523205
-5.94602  0.000537478
-5.9358  0.000513018
-5.92524  0.000590557
-5.91457  0.00052614
-5.9046  0.000536223
-5.89426  0.000533738
-5.88441  0.000531428
-5.87421  0.000530184
-5.86415  0.000545802
-5.85393  0.000542686
-5.84403  0.000526754
-5.83382  0.000542332
-5.82392  0.000551743
-5.8137  0.000533577
-5.80366  0.000551274
-5.79346  0.000553286
-5.78355  0.000539086
-5.77329  0.000552531
-5.76339  0.000553437
-5.75319  0.000549448
-5.74316  0.000555987
-5.73296  0.000564081
-5.72303  0.000546564
-5.71275  0.000565139
-5.7028  0.000566257
-5.69261  0.000550777
-5.68262  0.000566889
-5.67232  0.000583406
-5.66181  0.000610936
-5.65111  0.000563962
-5.64122  0.000577702
-5.63048  0.000620007
-5.62003  0.000566606
-5.60986  0.000588528
-5.59984  0.00056217
-5.58965  0.000576091
-5.57977  0.00057966
-5.56954  0.000578898
-5.55954  0.000574512
-5.54938  0.000592206
-5.53931  0.000579907
-5.52915  0.000577061
-5.51925  0.000592828
-5.50851  0.000643561
-5.49797  0.000584303
-5.48791  0.000593413
-5.47787  0.000588628
-5.46765  0.000592707
-5.45774  0.000595081
-5.44708  0.00065074
-5.43657  0.000590638
-5.42653  0.000597307
-5.41651  0.000604702
-5.40624  0.000591718
-5.39636  0.00061155
-5.38602  0.000610501
-5.37603  0.000594504
-5.36593  0.000609519
-5.35547  0.00066038
-5.34477  0.00061003
-5.33446  0.000659369
-5.32375  0.00062454
-5.3137  0.000597992
-5.30355  0.000633945
-5.29349  0.000608231
-5.28322  0.000620915
-5.27334  0.000608305
-5.26314  0.000639316
-5.25253  0.000657898
-5.24198  0.000639216
-5.232  0.000612363
-5.22167  0.000640538
-5.21172  0.000605601
-5.20169  0.000641409
-5.19152  0.000611175
-5.18152  0.00064207
-5.1715  0.0006185
-5.16121  0.00064811
-5.15118  0.000622599
-5.14109  0.000648904
-5.13094  0.000615966
-5.1204  0.000713508
-5.10994  0.0006256
-5.09977  0.00063855
-5.08976  0.000635324
-5.07968  0.000657373
-5.0695  0.000625834
-5.05945  0.000655176
-5.04951  0.000632549
-5.03929  0.000649842
-5.02926  0.000647355
-5.01918  0.000653986
-5.00905  0.000639079
-4.99892  0.000662093
-4.98905  0.000637314
-4.97881  0.000655428
-4.96885  0.000650159
-4.95875  0.000665475
-4.94861  0.000642577
-4.93844  0.000670801
-4.9286  0.000644008
-4.91838  0.000661777
-4.90837  0.000654326
-4.89832  0.000670028
-4.88822  0.000650099
-4.87748  0.000750298
-4.86708  0.000645807
-4.85694  0.000662601
-4.84695  0.000667822
-4.83686  0.000674864
-4.82676  0.000653628
-4.8166  0.000686651
-4.80671  0.000653733
-4.79652  0.000675397
-4.78646  0.000672577
-4.77641  0.000678344
-4.76644  0.000654033
-4.7562  0.000695818
-4.74633  0.000659951
-4.73616  0.000681717
-4.72607  0.000676234
-4.71593  0.00070051
-4.70586  0.000654132
-4.69567  0.000705615
-4.68575  0.000661628
-4.67564  0.000687085
-4.66556  0.000678802
-4.65548  0.000703114
-4.64543  0.00065852
-4.63523  0.000711031
-4.62523  0.000675249
-4.6147  0.000751722
-4.60404  0.000695711
-4.59392  0.000704893
-4.58389  0.000665031
-4.57371  0.000716977
-4.56363  0.000682334
-4.55361  0.000697477
-4.54344  0.000684342
-4.53348  0.000703484
-4.52345  0.000682323
-4.51315  0.000724892
-4.50311  0.000679308
-4.49311  0.000705454
-4.48238  0.000762041
-4.47185  0.000719977
-4.46179  0.000671459
-4.45165  0.0007313
-4.44156  0.000680988
-4.4317  0.000702706
-4.42152  0.000694683
-4.41144  0.000725933
-4.40142  0.000681797
-4.39123  0.000731886
-4.38107  0.000688319
-4.3712  0.00071866
-4.36093  0.000695206
-4.35093  0.000727399
-4.34099  0.000674447
-4.33086  0.000736772
-4.3207  0.000697491
-4.31074  0.000727714
-4.30043  0.000695282
-4.29045  0.00073762
-4.28041  0.000687031
-4.27029  0.00072961
-4.26008  0.000712502
-4.25021  0.000717964
-4.23996  0.00070441
-4.22993  0.000733012
-4.2199  0.000698854
-4.20982  0.000727439
-4.19963  0.000714098
-4.18977  0.000722523
-4.17953  0.000705022
-4.16948  0.000740375
-4.1595  0.000699341
-4.14944  0.00072051
-4.13922  0.000736572
-4.12929  0.000718037
-4.11913  0.000706251
-4.10906  0.000742145
-4.09906  0.000710768
-4.0889  0.000732569
-4.07872  0.000722744
-4.06875  0.000733522
-4.05852  0.000716919
-4.04839  0.000742869
-4.03842  0.000713114
-4.0283  0.000726855
-4.0177  0.000796469
-4.0073  0.000730962
-3.99719  0.00070323
-3.98707  0.000764405
-3.97696  0.000710856
-3.96691  0.000727626
-3.95675  0.000741119
-3.94663  0.000742701
-3.93649  0.000709142
-3.92641  0.000748368
-3.91642  0.000722127
-3.90621  0.000736667
-3.89608  0.000738012
-3.88557  0.000804682
-3.87503  0.000706905
-3.86494  0.000760945
-3.85483  0.000724975
-3.84462  0.000746251
-3.83454  0.000720795
-3.82451  0.000753082
-3.81439  0.000705207
-3.80429  0.000767612
-3.79421  0.000719828
-3.78406  0.000738875
-3.77402  0.000727983
-3.76395  0.000757098
-3.75389  0.000693809
-3.74386  0.000772087
-3.73373  0.000720974
-3.72364  0.000739878
-3.71359  0.000725917
-3.70349  0.000762733
-3.69339  0.000705266
-3.68338  0.0007566
-3.67329  0.000729897
-3.66319  0.000738128
-3.65312  0.000730219
-3.64304  0.00076059
-3.63295  0.000705717
-3.62291  0.00075823
-3.61281  0.000736063
-3.60278  0.000724469
-3.59275  0.000735477
-3.58257  0.000770579
-3.57248  0.000703981
-3.56247  0.000753102
-3.5523  0.000747312
-3.54222  0.00072807
-3.53219  0.000736836
-3.52201  0.000762662
-3.51195  0.000709851
-3.50187  0.000757708
-3.49171  0.000741869
-3.48171  0.000726795
-3.47169  0.00072835
-3.46154  0.000768796
-3.45151  0.000710044
-3.44139  0.000753547
-3.4312  0.000749263
-3.42126  0.000719173
-3.4112  0.000734733
-3.40101  0.000770834
-3.391  0.00070034
-3.38091  0.000765737
-3.37062  0.000746932
-3.36063  0.000726401
-3.35051  0.000738651
-3.34033  0.000763228
-3.33033  0.000709011
-3.32025  0.000753645
-3.31001  0.000741468
-3.30013  0.000729414
-3.28995  0.000733956
-3.27981  0.00075791
-3.26988  0.000710319
-3.25938  0.000809072
-3.24827  0.000820042
-3.2378  0.0007212
-3.22775  0.000724356
-3.21768  0.000769455
-3.20743  0.000721767
-3.19747  0.000728891
-3.18724  0.000767119
-3.17707  0.000730033
-3.167  0.000717337
-3.15693  0.000769373
-3.14675  0.000711971
-3.13686  0.00072787
-3.12627  0.000815419
-3.11574  0.000729388
-3.1057  0.000711329
-3.0957  0.000767785
-3.08544  0.000715326
-3.07556  0.000721848
-3.06539  0.00075842
-3.05528  0.000724858
-3.0452  0.000713808
-3.03518  0.00076564
-3.02492  0.00071393
-3.01506  0.000721361
-3.00488  0.000750796
-2.99485  0.000717441
-2.98481  0.000718393
-2.97434  0.000815486
-2.96369  0.000719288
-2.95373  0.000723519
-2.94364  0.000737648
-2.93356  0.000731631
-2.92344  0.000707852
-2.91349  0.000751401
-2.90328  0.000713383
-2.89332  0.000725626
-2.88314  0.000739977
-2.87301  0.000732841
-2.86293  0.000701684
-2.85244  0.00082473
-2.84159  0.000725249
-2.83161  0.000719422
-2.82158  0.000718864
-2.8115  0.000738214
-2.80131  0.000704217
-2.79142  0.000738632
-2.78116  0.000719393
-2.77114  0.000720816
-2.76101  0.000726326
-2.75084  0.000743508
-2.74064  0.000694456
-2.73069  0.000744283
-2.72042  0.000716062
-2.71045  0.000712354
-2.69993  0.000780861
-2.68936  0.000741516
-2.67903  0.000706321
-2.66918  0.000718064
-2.65898  0.000721834
-2.64888  0.000717853
-2.63887  0.000700314
-2.62883  0.000737585
-2.61853  0.000703519
-2.60864  0.000714604
-2.59849  0.000719075
-2.5884  0.000710657
-2.57839  0.000695233
-2.56834  0.000740911
-2.55808  0.000691642
-2.54812  0.000723919
-2.53789  0.000714806
-2.52779  0.000712914
-2.51773  0.000691468
-2.50769  0.000739817
-2.49748  0.000675746
-2.4876  0.000722621
-2.4774  0.00070588
-2.46735  0.000706181
-2.45734  0.000682755
-2.4469  0.000799927
-2.4361  0.00068426
-2.4258  0.000773157
-2.41513  0.000709035
-2.40505  0.000705968
-2.39489  0.00068573
-2.38502  0.000723282
-2.3746  0.000693236
-2.36476  0.000692645
-2.35466  0.000700918
-2.34468  0.000696088
-2.33455  0.000679839
-2.32472  0.000718194
-2.3144  0.000677131
-2.3046  0.000693649
-2.29449  0.00069616
-2.28439  0.000704191
-2.27425  0.000672147
-2.26436  0.000720261
-2.25393  0.000687489
-2.244  0.000691255
-2.23381  0.000701198
-2.22371  0.000695124
-2.21355  0.000670373
-2.20366  0.00071588
-2.19329  0.000677217
-2.18336  0.000691048
-2.17314  0.000695212
-2.16261  0.000751679
-2.15196  0.000676934
-2.14209  0.000695884
-2.13176  0.000681383
-2.1219  0.000671292
-2.11181  0.000691617
-2.10175  0.00068075
-2.0916  0.000672152
-2.08169  0.000692574
-2.07139  0.000679027
-2.06146  0.000666665
-2.05137  0.000691518
-2.04124  0.000679255
-2.03114  0.00066725
-2.02117  0.000684741
-2.01099  0.000672019
-2.00101  0.000668227
-1.99094  0.00068001
-1.98087  0.000671165
-1.9708  0.000664546
-1.96078  0.000684813
-1.95056  0.000668697
-1.94052  0.000672003
-1.9304  0.00067419
-1.92024  0.000678193
-1.91013  0.000659146
-1.90004  0.000682539
-1.88982  0.000669091
-1.87977  0.000662951
-1.86965  0.000669091
-1.85956  0.000670477
-1.84949  0.000651027
-1.83944  0.000675817
-1.82932  0.000653651
-1.81885  0.000724473
-1.80824  0.000665389
-1.79814  0.000665821
-1.78805  0.000646997
-1.77806  0.000665434
-1.76785  0.000667073
-1.75783  0.000642591
-1.74776  0.000666411
-1.73765  0.000656229
-1.72763  0.000643846
-1.7176  0.000660323
-1.7075  0.000650699
-1.69747  0.000651953
-1.68738  0.00065152
-1.67724  0.000662556
-1.66724  0.000632431
-1.65714  0.000663003
-1.6471  0.000639926
-1.63709  0.000646294
-1.627  0.00064851
-1.61638  0.000721156
-1.60582  0.000630699
-1.5958  0.000653741
-1.58566  0.000647479
-1.57561  0.000638475
-1.56555  0.000641708
-1.55547  0.00065164
-1.54545  0.0006215
-1.53544  0.000654025
-1.52526  0.000641622
-1.51523  0.000635172
-1.50512  0.000639385
-1.495  0.00065362
-1.48494  0.000616701
-1.47493  0.000648819
-1.4648  0.00062943
-1.45432  0.000698375
-1.44363  0.00063954
-1.43355  0.00064155
-1.42341  0.000625439
-1.41338  0.000637585
-1.40324  0.000633938
-1.39325  0.000624032
-1.38306  0.000638575
-1.37301  0.000635692
-1.36293  0.000611048
-1.35294  0.000640376
-1.34271  0.00063094
-1.3327  0.00062594
-1.32256  0.000622753
-1.31251  0.000638947
-1.30234  0.000610611
-1.29238  0.00063418
-1.28218  0.000620889
-1.27217  0.000630557
-1.26192  0.000618549
-1.25195  0.000632491
-1.24179  0.000605426
-1.23181  0.000633186
-1.22161  0.000614725
-1.2117  0.000617451
-1.2015  0.000616174
-1.19104  0.000680904
-1.18041  0.000615317
-1.17039  0.000617519
-1.16022  0.000618592
-1.15026  0.000608367
-1.1401  0.000618727
-1.13014  0.000609702
-1.12006  0.00060898
-1.11001  0.000617616
-1.09989  0.000610702
-1.08983  0.000614786
-1.07968  0.000609826
-1.06964  0.000612216
-1.05964  0.00060031
-1.04958  0.000613952
-1.03949  0.000603006
-1.02951  0.000610146
-1.01938  0.000604714
-1.00932  0.000610889
-0.999209  0.000606418
-0.989055  0.000612438
-0.97895  0.00060171
-0.968443  0.000665042
-0.957769  0.000608073
-0.947695  0.000603604
-0.937697  0.000593234
-0.927667  0.000607062
-0.917565  0.000594698
-0.907584  0.000608183
-0.896931  0.00065187
-0.886472  0.000600083
-0.876361  0.000603
-0.86629  0.000595921
-0.856171  0.000603608
-0.846165  0.00059214
-0.836064  0.000600069
-0.825968  0.000598358
-0.81593  0.000594187
-0.805882  0.000594498
-0.795741  0.000600405
-0.785645  0.000600795
-0.775536  0.000587778
-0.765435  0.00060376
-0.755379  0.000586689
-0.745314  0.000595796
-0.735257  0.000586816
-0.725242  0.000598202
-0.715144  0.000584311
-0.704984  0.000606871
-0.694923  0.000580722
-0.684829  0.000600473
-0.674665  0.000586511
-0.664654  0.000594755
-0.654571  0.000580838
-0.644522  0.000594353
-0.634499  0.000580339
-0.624421  0.000595385
-0.61424  0.000590828
-0.603664  0.000648653
-0.593102  0.000577513
-0.582987  0.00060318
-0.572805  0.000584422
-0.562778  0.00058274
-0.55268  0.00058607
-0.542664  0.000586411
-0.53265  0.000573025
-0.522564  0.000595819
-0.512532  0.000572664
-0.502427  0.000598677
-0.49225  0.000577837
-0.482207  0.000589893
-0.472147  0.000572463
-0.461577  0.000651132
-0.450934  0.000581983
-0.440915  0.000575084
-0.430818  0.000588559
-0.420727  0.000585087
-0.410627  0.000573118
-0.400576  0.00059111
-0.390379  0.000583489
-0.380371  0.000573384
-0.370293  0.000582362
-0.360249  0.000580845
-0.350249  0.000567221
-0.340195  0.000592545
-0.330015  0.000577412
-0.319991  0.000579402
-0.309841  0.00057997
-0.299831  0.000579777
-0.289767  0.000570863
-0.279684  0.000588388
-0.269638  0.000566968
-0.259189  0.000633137
-0.248498  0.000591251
-0.238395  0.000571276
-0.228442  0.00056881
-0.218375  0.000584953
-0.20828  0.00057398
-0.19827  0.000574275
-0.188115  0.000585937
-0.177977  0.000579629
-0.167962  0.000566008
-0.157852  0.000590743
-0.147197  0.000632375
-0.136704  0.000566612
-0.126651  0.000585538
-0.116492  0.000576765
-0.106519  0.000564999
-0.0964398  0.000587878
-0.0857806  0.000633123
-0.0753184  0.000562229
-0.0653019  0.00058319
-0.0551295  0.000583956
-0.0450396  0.000565675
-0.0350444  0.000579888
-0.0248676  0.000584963
-0.0148081  0.000564836
-0.0049279  0.00056424
0.0049279  0.00056424
0.0148081  0.000564836
0.0248676  0.000584963
0.0350444  0.000579888
0.0450396  0.000565675
0.0551295  0.000583956
0.0653019  0.00058319
0.0753184  0.000562229
0.0857806  0.000633123
0.0964398  0.000587878
0.106519  0.000564999
0.116492  0.000576765
0.126651  0.000585538
0.136704  0.000566612
0.147197  0.000632375
0.157852  0.000590743
0.167962  0.000566008
0.177977  0.000579629
0.188115  0.000585937
0.19827  0.000574275
0.20828  0.00057398
0.218375  0.000584953
0.228442  0.00056881
0.238395  0.000571276
0.248498  0.000591251
0.259189  0.000633137
0.269638  0.000566968
0.279684  0.000588388
0.289767  0.000570863
0.299831  0.000579777
0.309841  0.00057997
0.319991  0.000579402
0.330015  0.000577412
0.340195  0.000592545
0.350249  0.000567221
0.360249  0.000580845
0.370293  0.000582362
0.380371  0.000573384
0.390379  0.000583489
0.400576  0.00059111
0.410627  0.000573118
0.420727  0.000585087
0.430818  0.000588559
0.440915  0.000575084
0.450934  0.000581983
0.461577  0.000651132
0.472147  0.000572463
0.482207  0.000589893
0.49225  0.000577837
0.502427  0.000598677
0.512532  0.000572664
0.522564  0.000595819
0.53265  0.000573025
0.542664  0.000586411
0.55268  0.00058607
0.562778  0.00058274
0.572805  0.000584422
0.582987  0.00060318
0.593102  0.000577513
0.603664  0.000648653
0.61424  0.000590828
0.624421  0.000595385
0.634499  0.000580339
0.644522  0.000594353
0.654571  0.000580838
0.664654  0.000594755
0.674665  0.000586511
0.684829  0.000600473
0.694923  0.000580722
0.704984  0.000606871
0.715144  0.000584311
0.725242  0.000598202
0.735257  0.000586816
0.745314  0.000595796
0.755379  0.000586689
0.765435  0.00060376
0.775536  0.000587778
0.785645  0.000600795
0.795741  0.000600405
0.805882  0.000594498
0.81593  0.000594187
0.825968  0.000598358
0.836064  0.000600069
0.846165  0.00059214
0.856171  0.000603608
0.86629  0.000595921
0.876361  0.000603
0.886472  0.000600083
0.896931  0.00065187
0.907584  0.000608183
0.917565  0.000594698
0.927667  0.000607062
0.937697  0.000593234
0.947695  0.000603604
0.957769  0.000608073
0.968443  0.000665042
0.97895  0.00060171
0.989055  0.000612438
0.999209  0.000606418
1.00932  0.000610889
1.01938  0.000604714
1.02951  0.000610146
1.03949  0.000603006
1.04958  0.000613952
1.05964  0.00060031
1.06964  0.000612216
1.07968  0.000609826
1.08983  0.000614786
1.09989  0.000610702
1.11001  0.000617616
1.12006  0.00060898
1.13014  0.000609702
1.1401  0.000618727
1.15026  0.000608367
1.16022  0.000618592
1.17039  0.000617519
1.18041  0.000615317
1.19104  0.000680904
1.2015  0.000616174
1.2117  0.000617451
1.22161  0.000614725
1.23181  0.000633186
1.24179  0.000605426
1.25195  0.000632491
1.26192  0.000618549
1.27217  0.000630557
1.28218  0.000620889
1.29238  0.00063418
1.30234  0.000610611
1.31251  0.000638947
1.32256  0.000622753
1.3327  0.00062594
1.34271  0.00063094
1.35294  0.000640376
1.36293  0.000611048
1.37301  0.000635692
1.38306  0.000638575
1.39325  0.000624032
1.40324  0.000633938
1.41338  0.000637585
1.42341  0.000625439
1.43355  0.00064155
1.44363  0.00063954
1.45432  0.000698375
1.4648  0.00062943
1.47493  0.000648819
1.48494  0.000616701
1.495  0.00065362
1.50512  0.000639385
1.51523  0.000635172
1.52526  0.000641622
1.53544  0.000654025
1.54545  0.0006215
1.55547  0.00065164
1.56555  0.000641708
1.57561  0.000638475
1.58566  0.000647479
1.5958  0.000653741
1.60582  0.000630699
1.61638  0.000721156
1.627  0.00064851
1.63709  0.000646294
1.6471  0.000639926
1.65714  0.000663003
1.66724  0.000632431
1.67724  0.000662556
1.68738  0.00065152
1.69747  0.000651953
1.7075  0.000650699
1.7176  0.000660323
1.72763  0.000643846
1.73765  0.000656229
1.74776  0.000666411
1.75783  0.000642591
1.76785  0.000667073
1.77806  0.000665434
1.78805  0.000646997
1.79814  0.000665821
1.80824  0.000665389
1.81885  0.000724473
1.82932  0.000653651
1.83944  0.000675817
1.84949  0.000651027
1.85956  0.000670477
1.86965  0.000669091
1.87977  0.000662951
1.88982  0.000669091
1.90004  0.000682539
1.91013  0.000659146
1.92024  0.000678193
1.9304  0.00067419
1.94052  0.000672003
1.95056  0.000668697
1.96078  0.000684813
1.9708  0.000664546
1.98087  0.000671165
1.99094  0.00068001
2.00101  0.000668227
2.01099  0.000672019
2.02117  0.000684741
2.03114  0.00066725
2.04124  0.000679255
2.05137  0.000691518
2.06146  0.000666665
2.07139  0.000679027
2.08169  0.000692574
2.0916  0.000672152
2.10175  0.00068075
2.11181  0.000691617
2.1219  0.000671292
2.13176  0.000681383
2.14209  0.000695884
2.15196  0.000676934
2.16261  0.000751679
2.17314  0.000695212
2.18336  0.000691048
2.19329  0.000677217
2.20366  0.00071588
2.21355  0.000670373
2.22371  0.000695124
2.23381  0.000701198
2.244  0.000691255
2.25393  0.000687489
2.26436  0.000720261
2.27425  0.000672147
2.28439  0.000704191
2.29449  0.00069616
2.3046  0.000693649
2.3144  0.000677131
2.32472  0.000718194
2.33455  0.000679839
2.34468  0.000696088
2.35466  0.000700918
2.36476  0.000692645
2.3746  0.000693236
2.38502  0.000723282
2.39489  0.00068573
2.40505  0.000705968
2.41513  0.000709035
2.4258  0.000773157
2.4361  0.00068426
2.4469  0.000799927
2.45734  0.000682755
2.46735  0.000706181
2.4774  0.00070588
2.4876  0.000722621
2.49748  0.000675746
2.50769  0.000739817
2.51773  0.000691468
2.52779  0.000712914
2.53789  0.000714806
2.54812  0.000723919
2.55808  0.000691642
2.56834  0.000740911
2.57839  0.000695233
2.5884  0.000710657
2.59849  0.000719075
2.60864  0.000714604
2.61853  0.000703519
2.62883  0.000737585
2.63887  0.000700314
2.64888  0.000717853
2.65898  0.000721834
2.66918  0.000718064
2.67903  0.000706321
2.68936  0.000741516
2.69993  0.000780861
2.71045  0.000712354
2.72042  0.000716062
2.73069  0.000744283
2.74064  0.000694456
2.75084  0.000743508
2.76101  0.000726326
2.77114  0.000720816
2.78116  0.000719393
2.79142  0.000738632
2.80131  0.000704217
2.8115  0.000738214
2.82158  0.000718864
2.83161  0.000719422
2.84159  0.000725249
2.85244  0.00082473
2.86293  0.000701684
2.87301  0.000732841
2.88314  0.000739977
2.89332  0.000725626
2.90328  0.000713383
2.91349  0.000751401
2.92344  0.000707852
2.93356  0.000731631
2.94364  0.000737648
2.95373  0.000723519
2.96369  0.000719288
2.97434  0.000815486
2.98481  0.000718393
2.99485  0.000717441
3.00488  0.000750796
3.01506  0.000721361
3.02492  0.00071393
3.03518  0.00076564
3.0452  0.000713808
3.05528  0.000724858
3.06539  0.00075842
3.07556  0.000721848
3.08544  0.000715326
3.0957  0.000767785
3.1057  0.000711329
3.11574  0.000729388
3.12627  0.000815419
3.13686  0.00072787
3.14675  0.000711971
3.15693  0.000769373
3.167  0.000717337
3.17707  0.000730033
3.18724  0.000767119
3.19747  0.000728891
3.20743  0.000721767
3.21768  0.000769455
3.22775  0.000724356
3.2378  0.0007212
3.24827  0.000820042
3.25938  0.000809072
3.26988  0.000710319
3.27981  0.00075791
3.28995  0.000733956
3.30013  0.000729414
3.31001  0.000741468
3.32025  0.000753645
3.33033  0.000709011
3.34033  0.000763228
3.35051  0.000738651
3.36063  0.000726401
3.37062  0.000746932
3.38091  0.000765737
3.391  0.00070034
3.40101  0.000770834
3.4112  0.000734733
3.42126  0.000719173
3.4312  0.000749263
3.44139  0.000753547
3.45151  0.000710044
3.46154  0.000768796
3.47169  0.00072835
3.48171  0.000726795
3.49171  0.000741869
3.50187  0.000757708
3.51195  0.000709851
3.52201  0.000762662
3.53219  0.000736836
3.54222  0.00072807
3.5523  0.000747312
3.56247  0.000753102
3.57248  0.000703981
3.58257  0.000770579
3.59275  0.000735477
3.60278  0.000724469
3.61281  0.000736063
3.62291  0.00075823
3.63295  0.000705717
3.64304  0.00076059
3.65312  0.000730219
3.66319  0.000738128
3.67329  0.000729897
3.68338  0.0007566
3.69339  0.000705266
3.70349  0.000762733
3.71359  0.000725917
3.72364  0.000739878
3.73373  0.000720974
3.74386  0.000772087
3.75389  0.000693809
3.76395  0.000757098
3.77402  0.000727983
3.78406  0.000738875
3.79421  0.000719828
3.80429  0.000767612
3.81439  0.000705207
3.82451  0.000753082
3.83454  0.000720795
3.84462  0.000746251
3.85483  0.000724975
3.86494  0.000760945
3.87503  0.000706905
3.88557  0.000804682
3.89608  0.000738012
3.90621  0.000736667
3.91642  0.000722127
3.92641  0.000748368
3.93649  0.000709142
3.94663  0.000742701
3.95675  0.000741119
3.96691  0.000727626
3.97696  0.000710856
3.98707  0.000764405
3.99719  0.00070323
4.0073  0.000730962
4.0177  0.000796469
4.0283  0.000726855
4.03842  0.000713114
4.04839  0.000742869
4.05852  0.000716919
4.06875  0.000733522
4.07872  0.000722744
4.0889  0.000732569
4.09906  0.000710768
4.10906  0.000742145
4.11913  0.000706251
4.12929  0.000718037
4.13922  0.000736572
4.14944  0.00072051
4.1595  0.000699341
4.16948  0.000740375
4.17953  0.000705022
4.18977  0.000722523
4.19963  0.000714098
4.20982  0.000727439
4.2199  0.000698854
4.22993  0.000733012
4.23996  0.00070441
4.25021  0.000717964
4.26008  0.000712502
4.27029  0.00072961
4.28041  0.000687031
4.29045  0.00073762
4.30043  0.000695282
4.31074  0.000727714
4.3207  0.000697491
4.33086  0.000736772
4.34099  0.000674447
4.35093  0.000727399
4.36093  0.000695206
4.3712  0.00071866
4.38107  0.000688319
4.39123  0.000731886
4.40142  0.000681797
4.41144  0.000725933
4.42152  0.000694683
4.4317  0.000702706
4.44156  0.000680988
4.45165  0.0007313
4.46179  0.000671459
4.47185  0.000719977
4.48238  0.000762041
4.49311  0.000705454
4.50311  0.000679308
4.51315  0.000724892
4.52345  0.000682323
4.53348  0.000703484
4.54344  0.000684342
4.55361  0.000697477
4.56363  0.000682334
4.57371  0.000716977
4.58389  0.000665031
4.59392  0.000704893
4.60404  0.000695711
4.6147  0.000751722
4.62523  0.000675249
4.63523  0.000711031
4.64543  0.00065852
4.65548  0.000703114
4.66556  0.000678802
4.67564  0.000687085
4.68575  0.000661628
4.69567  0.000705615
4.70586  0.000654132
4.71593  0.00070051
4.72607  0.000676234
4.73616  0.000681717
4.74633  0.000659951
4.7562  0.000695818
4.76644  0.000654033
4.77641  0.000678344
4.78646  0.000672577
4.79652  0.000675397
4.80671  0.000653733
4.8166  0.000686651
4.82676  0.000653628
4.83686  0.000674864
4.84695  0.000667822
4.85694  0.000662601
4.86708  0.000645807
4.87748  0.000750298
4.88822  0.000650099
4.89832  0.000670028
4.90837  0.000654326
4.91838  0.000661777
4.9286  0.000644008
4.93844  0.000670801
4.94861  0.000642577
4.95875  0.000665475
4.96885  0.000650159
4.97881  0.000655428
4.98905  0.000637314
4.99892  0.000662093
5.00905  0.000639079
5.01918  0.000653986
5.02926  0.000647355
5.03929  0.000649842
5.04951  0.000632549
5.05945  0.000655176
5.0695  0.000625834
5.07968  0.000657373
5.08976  0.000635324
5.09977  0.00063855
5.10994  0.0006256
5.1204  0.000713508
5.13094  0.000615966
5.14109  0.000648904
5.15118  0.000622599
5.16121  0.00064811
5.1715  0.0006185
5.18152  0.00064207
5.19152  0.000611175
5.20169  0.000641409
5.21172  0.000605601
5.22167  0.000640538
5.232  0.000612363
5.24198  0.000639216
5.25253  0.000657898
5.26314  0.000639316
5.27334  0.000608305
5.28322  0.000620915
5.29349  0.000608231
5.30355  0.000633945
5.3137  0.000597992
5.32375  0.00062454
5.33446  0.000659369
5.34477  0.00061003
5.35547  0.00066038
5.36593  0.000609519
5.37603  0.000594504
5.38602  0.000610501
5.39636  0.00061155
5.40624  0.000591718
5.41651  0.000604702
5.42653  0.000597307
5.43657  0.000590638
5.44708  0.00065074
5.45774  0.000595081
5.46765  0.000592707
5.47787  0.000588628
5.48791  0.000593413
5.49797  0.000584303
5.50851  0.000643561
5.51925  0.000592828
5.52915  0.000577061
5.53931  0.000579907
5.54938  0.000592206
5.55954  0.000574512
5.56954  0.000578898
5.57977  0.00057966
5.58965  0.000576091
5.59984  0.00056217
5.60986  0.000588528
5.62003  0.000566606
5.63048  0.000620007
5.64122  0.000577702
5.65111  0.000563962
5.66181  0.000610936
5.67232  0.000583406
5.68262  0.000566889
5.69261  0.000550777
5.7028  0.000566257
5.71275  0.000565139
5.72303  0.000546564
5.73296  0.000564081
5.74316  0.000555987
5.75319  0.000549448
5.76339  0.000553437
5.77329  0.000552531
5.78355  0.000539086
5.79346  0.000553286
5.80366  0.000551274
5.8137  0.000533577
5.82392  0.000551743
5.83382  0.000542332
5.84403  0.000526754
5.85393  0.000542686
5.86415  0.000545802
5.87421  0.000530184
5.88441  0.000531428
5.89426  0.000533738
5.9046  0.000536223
5.91457  0.00052614
5.92524  0.000590557
5.9358  0.000513018
5.94602  0.000537478
5.95595  0.000523205
5.96625  0.000517155
5.97612  0.000512128
5.98622  0.000533651
5.99628  0.000502675
6.00644  0.000519272
6.01633  0.000517341
6.02668  0.000517954
6.03664  0.000503644
6.04686  0.000522186
6.0573  0.000543328
6.06799  0.000521768
6.07796  0.000499414
6.08829  0.000510075
6.09822  0.000492864
6.10844  0.000525438
6.11851  0.000479052
6.12872  0.000506393
6.13855  0.000490386
6.14878  0.000501834
6.15871  0.000474242
6.16884  0.000514474
6.17887  0.000470282
6.18904  0.00050136
6.19898  0.000479133
6.20969  0.000540731
6.22015  0.000470867
6.23032  0.000505994
6.2405  0.00046257
6.25095  0.000527104
6.26135  0.000470763
6.27151  0.000490782
6.28174  0.000457402
6.29165  0.000491061
6.30191  0.000462366
6.31203  0.000480131
6.32258  0.000504531
6.33302  0.000470599
6.3432  0.000453861
6.35307  0.000474347
6.36338  0.000456201
6.37331  0.000459027
6.38339  0.000459603
6.39344  0.000461035
6.40371  0.000451537
6.41363  0.000458628
6.42378  0.000452273
6.43387  0.000448322
6.44399  0.000457085
6.45404  0.000443261
6.46422  0.000444731
6.4746  0.00049184
6.48526  0.000441737
6.49536  0.000438533
6.50543  0.000448115
6.5155  0.000432366
6.52556  0.000431206
6.53555  0.000447381
6.54578  0.000430975
6.55583  0.000429615
6.56594  0.000437506
6.57601  0.000428431
6.58618  0.000423954
6.59622  0.000438604
6.60631  0.000412433
6.61635  0.000424865
6.62643  0.000430763
6.63655  0.000417034
6.64665  0.000409035
6.65661  0.000431158
6.66679  0.000413621
6.67691  0.000408836
6.68693  0.000419076
6.6971  0.000416066
6.70721  0.000399825
6.71723  0.00042138
6.72775  0.000430998
6.73822  0.000404454
6.74835  0.000416423
6.75896  0.000431831
6.7695  0.000397351
6.77948  0.000411786
6.78961  0.000387719
6.79972  0.000394839
6.80978  0.000406829
6.81988  0.000385002
6.83002  0.000393878
6.84009  0.000396233
6.85068  0.000422313
6.86131  0.000386925
6.87135  0.00039148
6.88153  0.000381719
6.89148  0.000374989
6.9016  0.000396336
6.91182  0.000370673
6.92205  0.000385258
6.93248  0.000417588
6.94322  0.000379591
6.95347  0.000364593
6.96344  0.000385896
6.97359  0.000360997
6.98372  0.000371603
6.99375  0.000369956
7.00392  0.000369414
7.01393  0.000348505
7.02385  0.000375178
7.03416  0.000359635
7.04417  0.000355792
7.05416  0.000360249
7.06431  0.000359662
7.07446  0.000344342
7.08438  0.000368756
7.09454  0.000342411
7.10509  0.000385773
7.11574  0.000354886
7.12569  0.000344397
7.13591  0.000339915
7.14627  0.000386795
7.15714  0.000346765
7.16712  0.000337482
7.17723  0.000340544
7.18719  0.000341033
7.19751  0.000332874
7.2077  0.000367721
7.21844  0.00033701
7.2285  0.000326763
7.23864  0.000339112
7.24857  0.000328336
7.2589  0.00032499
7.26871  0.0003329
7.27903  0.000327313
7.28898  0.000313799
7.29909  0.000335718
7.30925  0.000321923
7.31946  0.000313394
7.3293  0.000325006
7.33959  0.000317873
7.34957  0.000311821
7.35976  0.000319018
7.36975  0.000314774
7.37997  0.000304151
7.38989  0.000318933
7.40012  0.000308786
7.41013  0.000302775
7.42038  0.000316011
7.43042  0.000303724
7.44065  0.000297272
7.45056  0.000314097
7.46083  0.000295144
7.4707  0.000290331
7.48077  0.000303349
7.49069  0.00029409
7.50097  0.000297851
7.51101  0.000297337
7.52114  0.000288316
7.53098  0.00028884
7.54181  0.000325469
7.55227  0.000286656
7.56252  0.000286806
7.57249  0.000290022
7.5827  0.000283983
7.59261  0.000272933
7.6028  0.000299693
7.61287  0.000271669
7.62302  0.000276557
7.63297  0.000282127
7.64318  0.000282268
7.65312  0.000261553
7.66331  0.000287237
7.67327  0.000262324
7.68328  0.000275343
7.69345  0.00027256
7.70363  0.00027256
7.71352  0.000255306
7.72415  0.00030811
7.7349  0.000261299
7.74498  0.000261018
7.75508  0.000269472
7.76509  0.000260453
7.77509  0.00024445
7.78508  0.000275111
7.79527  0.000254129
7.80527  0.000252594
7.81546  0.000260112
7.82546  0.000250971
7.83545  0.000248395
7.84563  0.000264276
7.85588  0.000243953
7.86571  0.00024654
7.87599  0.000255746
7.88599  0.000244355
7.89616  0.000239387
7.90622  0.000254071
7.91628  0.000241414
7.92631  0.000235456
7.93707  0.000273414
7.94753  0.000235178
7.95763  0.00023682
7.96772  0.000240936
7.97788  0.000235351
7.98778  0.000227739
7.99796  0.000242239
8.008  0.000226848
8.01802  0.000227755
8.0282  0.000237502
8.03878  0.000249334
8.04928  0.00021588
8.05938  0.000240516
8.06943  0.000217605
8.07946  0.000219959
8.08969  0.000230665
8.10027  0.000242802
8.1108  0.000213073
8.12129  0.000245519
8.13195  0.000215076
8.14203  0.000216091
8.15214  0.00022096
8.16226  0.000213317
8.17299  0.000232341
8.18354  0.000217141
8.19363  0.000210591
8.20374  0.000201548
8.21371  0.000214729
8.22384  0.000206254
8.23397  0.000202572
8.24397  0.000208935
8.25403  0.000202773
8.2642  0.000200704
8.27417  0.000204208
8.28431  0.000200412
8.29452  0.000198079
8.30507  0.000221585
8.31569  0.00019783
8.32579  0.000192458
8.33586  0.000198446
8.34593  0.000193417
8.35602  0.000188606
8.36607  0.000195039
8.37621  0.000193693
8.38631  0.000183204
8.39636  0.000192568
8.40642  0.000187929
8.41664  0.000182733
8.42661  0.000189639
8.43672  0.000184213
8.44683  0.000178065
8.45697  0.000188207
8.46697  0.00018166
8.47711  0.000178086
8.48718  0.000178254
8.49725  0.000179725
8.50721  0.000171459
8.51733  0.000179407
8.52736  0.000177517
8.53758  0.000170725
8.54762  0.000174191
8.55768  0.000175042
8.56781  0.000164175
8.57786  0.000175317
8.58775  0.00016629
8.59801  0.000169782
8.60824  0.000165565
8.6182  0.000170401
8.62823  0.000159307
8.63843  0.000170136
8.64905  0.000178508
8.65962  0.000161063
8.66971  0.000158576
8.67966  0.000162924
8.68983  0.000155317
8.7  0.000167146
8.71065  0.000170266
8.72117  0.000151326
8.73144  0.000163143
8.74141  0.000155505
8.75153  0.0001454
8.76165  0.000158019
8.77179  0.00015276
8.78224  0.000161891
8.79293  0.000155282
8.803  0.000145862
8.81306  0.000145597
8.82312  0.000150558
8.83323  0.000144903
8.84324  0.000142357
8.85349  0.0001518
8.86358  0.000141971
8.87361  0.000137278
8.88387  0.000149196
8.89394  0.000142523
8.90403  0.000133657
8.9142  0.000143881
8.92436  0.000139831
8.93496  0.000148489
8.94559  0.000140785
8.95613  0.000145117
8.96667  0.000133982
8.97683  0.000136441
8.98727  0.0001444
8.99788  0.000125755
9.00787  0.0001404
9.01808  0.000126786
9.02806  0.000126416
9.03823  0.000133232
9.04819  0.000127284
9.05845  0.000124262
9.06855  0.000131631
9.07911  0.000133459
9.0896  0.000124204
9.09978  0.000128618
9.10983  0.000120225
9.12001  0.000121864
9.13006  0.000124583
9.14014  0.00012128
9.15032  0.000114606
9.16048  0.00012775
9.17057  0.00011437
9.18114  0.000129762
9.19181  0.00011826
9.20183  0.00011751
9.21277  0.000124782
9.2232  0.000117581
9.23348  0.000113957
9.24347  0.000109815
9.25363  0.000116658
9.26355  0.00010821
9.27387  0.000108322
9.28372  0.000115742
9.29411  0.000109141
9.30405  0.000103749
9.31425  0.000112967
9.3242  0.000105407
9.33454  0.000105718
9.34444  0.000106809
9.35468  0.000106325
9.36463  9.87889e-05
9.37481  0.000109155
9.38476  9.87423e-05
9.39507  0.000103418
9.40505  0.00010376
9.4152  0.000101653
9.42577  0.000103319
9.43627  0.000105069
9.44636  9.66959e-05
9.45647  9.78257e-05
9.46655  9.79208e-05
9.47667  9.72457e-05
9.48682  9.29596e-05
9.49696  0.00010145
9.50707  9.09384e-05
9.51719  9.49404e-05
9.52786  0.000104914
9.53886  9.98135e-05
9.54959  9.09527e-05
9.55968  9.64009e-05
9.56987  8.8129e-05
9.57984  8.92783e-05
9.5901  9.20134e-05
9.60045  9.47432e-05
9.61109  8.84414e-05
9.62129  9.03099e-05
9.63149  8.45597e-05
9.64181  9.34839e-05
9.65242  8.70618e-05
9.66246  8.47886e-05
9.67281  8.42516e-05
9.68274  8.53439e-05
9.69347  9.11827e-05
9.70411  8.04769e-05
9.71422  8.65756e-05
9.72421  7.98364e-05
9.73454  7.97391e-05
9.74458  8.102e-05
9.7548  8.10739e-05
9.76479  7.60944e-05
9.77492  8.38713e-05
9.78515  7.51639e-05
9.79577  8.57831e-05
9.80625  7.65551e-05
9.81643  7.81399e-05
9.8267  7.30468e-05
9.83665  7.67555e-05
9.84676  7.36238e-05
9.85697  7.39164e-05
9.86702  7.41783e-05
9.87704  7.45555e-05
9.88744  6.92533e-05
9.89738  7.48385e-05
9.90765  7.30773e-05
9.91784  6.99467e-05
9.92786  6.97828e-05
9.93804  7.04512e-05
9.94843  6.75054e-05
9.95809  7.2534e-05
9.96845  6.80144e-05
9.97846  6.43532e-05
9.98845  6.82295e-05
9.99845  6.74617e-05
10.0088  6.3924e-05
10.0186  6.74321e-05
10.0294  7.29325e-05
10.04  6.23511e-05
10.0502  6.6302e-05
10.0601  6.32006e-05
10.0707  6.46679e-05
10.0805  6.27418e-05
10.0908  6.34905e-05
10.101  5.88246e-05
10.1113  7.01878e-05
10.1221  5.93324e-05
10.1323  6.04557e-05
10.1423  6.05063e-05
10.1523  5.97351e-05
10.1626  5.73926e-05
10.1726  6.08457e-05
10.1828  5.80468e-05
10.1931  5.80929e-05
10.2032  5.68163e-05
10.2131  5.62243e-05
10.2235  5.70227e-05
10.2338  6.1897e-05
10.2445  5.23372e-05
10.255  6.1063e-05
10.2656  5.71472e-05
10.2757  5.25502e-05
10.2859  5.32672e-05
10.2959  5.34437e-05
10.3063  5.38968e-05
10.3164  5.2873e-05
10.3266  5.28469e-05
10.3366  4.97887e-05
10.3468  5.20246e-05
10.3567  5.00138e-05
10.3669  5.06589e-05
10.3772  5.10125e-05
10.3874  5.10119e-05
10.3974  4.58654e-05
10.4075  4.91768e-05
10.4176  5.03479e-05
10.4279  4.77725e-05
10.4381  4.71422e-05
10.4481  4.82294e-05
10.4582  4.56743e-05
10.4683  4.71714e-05
10.4783  4.5576e-05
10.4885  4.55233e-05
10.4986  4.55542e-05
10.5087  4.61371e-05
10.5187  4.27607e-05
10.5296  4.95574e-05
10.5401  4.44589e-05
10.5503  4.39167e-05
10.5604  4.16057e-05
10.5706  4.63644e-05
10.5807  3.94806e-05
10.5915  4.88542e-05
10.6022  4.03387e-05
10.6122  4.09392e-05
10.6223  4.22147e-05
10.6325  4.21653e-05
10.6428  3.95568e-05
10.6529  4.02696e-05
10.663  4.03507e-05
10.6731  3.85368e-05
10.6834  3.88381e-05
10.6936  4.09012e-05
10.7038  3.74534e-05
10.7138  3.7907e-05
10.724  3.85166e-05
10.7341  3.72223e-05
10.7443  3.68426e-05
10.7543  3.73723e-05
10.7645  3.49374e-05
10.7744  3.73389e-05
10.7846  3.52582e-05
10.7948  3.61812e-05
10.805  3.37853e-05
10.8148  3.63164e-05
10.8251  3.48604e-05
10.8353  3.416e-05
10.8456  3.48186e-05
10.8561  3.68807e-05
10.8669  3.24767e-05
10.8768  3.43876e-05
10.8872  3.3963e-05
10.8976  3.35406e-05
10.908  3.23884e-05
10.9182  3.13612e-05
10.9286  3.32003e-05
10.9385  3.17096e-05
10.9488  3.17334e-05
10.9594  3.21843e-05
10.9702  3.30812e-05
10.9802  2.94794e-05
10.9906  3.06441e-05
11.0006  2.93271e-05
11.0105  2.95177e-05
11.0209  2.83627e-05
11.0307  3.01294e-05
11.041  2.83605e-05
11.0512  2.92399e-05
11.0611  2.79311e-05
11.0715  2.83021e-05
11.0818  2.73811e-05
11.0917  2.89031e-05
11.1019  2.68645e-05
11.112  2.62198e-05
11.1222  2.71188e-05
11.1321  2.72325e-05
11.1426  2.71288e-05
11.1527  2.57672e-05
11.1629  2.61516e-05
11.1732  2.57218e-05
11.183  2.52346e-05
11.1933  2.46738e-05
11.2036  2.54756e-05
11.2136  2.59976e-05
11.224  2.33907e-05
11.2342  2.52328e-05
11.2445  2.52283e-05
11.2545  2.25837e-05
11.2646  2.45333e-05
11.2748  2.26721e-05
11.2851  2.39198e-05
11.2954  2.36877e-05
11.3054  2.25853e-05
11.3156  2.21997e-05
11.3262  2.46376e-05
11.3363  2.11422e-05
11.3464  2.16466e-05
11.3566  2.24607e-05
11.3667  2.14808e-05
11.377  2.11929e-05
11.3874  2.27879e-05
11.3976  2.02363e-05
11.4076  2.02121e-05
11.4176  2.08843e-05
11.4276  2.0515e-05
11.4382  2.12956e-05
11.4483  1.99722e-05
11.4582  1.86629e-05
11.4685  1.90965e-05
11.4787  2.07716e-05
11.4888  1.95013e-05
11.4988  1.78747e-05
11.509  1.99627e-05
11.5191  1.83528e-05
11.5293  1.86379e-05
11.5398  1.90472e-05
11.5497  1.76452e-05
11.5598  1.77118e-05
11.5699  1.82755e-05
11.58  1.73903e-05
11.5904  1.81141e-05
11.6006  1.79015e-05
11.6106  1.66669e-05
11.621  1.6917e-05
11.6311  1.74492e-05
11.6414  1.69222e-05
11.6514  1.61586e-05
11.6621  1.81448e-05
11.6725  1.59646e-05
11.6827  1.59064e-05
11.6929  1.62181e-05
11.703  1.60112e-05
11.7133  1.56811e-05
11.7235  1.53414e-05
11.7335  1.55454e-05
11.7439  1.47663e-05
11.7538  1.54308e-05
11.7641  1.54479e-05
11.7743  1.38356e-05
11.7846  1.49455e-05
11.7946  1.47049e-05
11.8055  1.65098e-05
11.8164  1.37365e-05
11.8264  1.47095e-05
11.8372  1.44709e-05
11.8479  1.45005e-05
11.8583  1.29973e-05
11.8684  1.31717e-05
11.8786  1.39291e-05
11.8885  1.3582e-05
11.8991  1.25122e-05
11.9093  1.39265e-05
11.9194  1.20379e-05
11.9294  1.24531e-05
11.9399  1.33521e-05
11.95  1.21525e-05
11.9603  1.28486e-05
11.9705  1.18972e-05
11.9805  1.20912e-05
11.9908  1.18057e-05
12.0011  1.19981e-05
12.0111  1.14591e-05
12.0215  1.1781e-05
12.0318  1.18333e-05
12.042  1.13524e-05
12.0523  1.05288e-05
12.0624  1.17022e-05
12.0724  1.12033e-05
12.0827  1.14236e-05
12.0933  1.07791e-05
12.1035  1.03227e-05
12.1135  1.05339e-05
12.124  1.05147e-05
12.1337  1.04309e-05
12.1445  1.05105e-05
12.1546  1.01217e-05
12.1649  1.06692e-05
12.1752  9.49972e-06
12.1855  1.01107e-05
12.1957  9.73562e-06
12.2063  9.99257e-06
12.2167  9.53963e-06
12.2268  9.56141e-06
12.2368  9.06148e-06
12.2475  9.55152e-06
12.2573  8.78107e-06
12.2674  9.53737e-06
12.2779  9.09245e-06
12.2882  8.92734e-06
12.2986  8.66325e-06
12.309  9.45483e-06
12.3191  7.81737e-06
12.3291  8.32237e-06
12.3395  9.2741e-06
12.3497  8.30693e-06
12.36  7.97273e-06
12.3703  8.39139e-06
12.3804  7.94263e-06
12.3905  7.72659e-06
12.4008  8.27887e-06
12.4114  8.06646e-06
12.4218  7.94657e-06
12.4317  7.35846e-06
12.442  7.52214e-06
12.4522  7.22167e-06
12.4626  8.19461e-06
12.473  6.9552e-06
12.483  7.23277e-06
12.493  6.98011e-06
12.5033  7.14346e-06
12.5137  7.06462e-06
12.5241  7.53842e-06
12.5344  6.42537e-06
12.5447  6.99535e-06
12.5551  6.69739e-06
12.5652  6.65285e-06
12.5758  7.10503e-06
12.5858  6.66215e-06
12.5965  6.10743e-06
12.6068  6.1611e-06
12.6167  6.76573e-06
12.6273  6.54183e-06
12.6375  5.506e-06
12.647  6.06277e-06
12.6578  6.16622e-06
12.6683  6.57266e-06
12.679  5.56658e-06
12.6892  5.97353e-06
12.6993  5.73983e-06
12.7094  5.73443e-06
12.7202  5.56378e-06
12.7305  5.71814e-06
12.7405  5.52335e-06
12.7507  5.58363e-06
12.7614  5.74754e-06
12.7715  5.26008e-06
12.782  5.33336e-06
12.7924  4.93561e-06
12.8024  5.32333e-06
12.8129  4.89415e-06
12.8231  5.35478e-06
12.8339  4.92564e-06
12.8441  4.85195e-06
12.8547  5.22765e-06
12.8649  4.99585e-06
12.8754  4.7179e-06
12.8861  4.94711e-06
12.8968  4.73807e-06
12.9069  4.59049e-06
12.9175  4.53543e-06
12.9274  4.37621e-06
12.9381  4.65593e-06
12.9483  4.39822e-06
12.9583  4.22516e-06
12.9682  4.32594e-06
12.9792  4.50996e-06
12.9893  4.20061e-06
12.9999  4.01862e-06
13.0099  3.96523e-06
13.0203  4.20812e-06
13.0301  3.75707e-06
13.0413  4.49727e-06
13.0514  3.77407e-06
13.0622  3.99804e-06
13.073  4.25066e-06
13.0834  3.76879e-06
13.0938  3.58673e-06
13.1043  3.62207e-06
13.1153  3.92514e-06
13.1254  3.7482e-06
13.1359  3.80197e-06
13.1458  3.09399e-06
13.156  3.59184e-06
13.1667  3.60641e-06
13.1773  3.29293e-06
13.1873  3.04802e-06
13.1978  3.69093e-06
13.2076  3.08825e-06
13.2186  3.5829e-06
13.2294  3.11932e-06
13.2397  3.37515e-06
13.2505  3.36039e-06
13.2607  3.14169e-06
13.2719  3.13779e-06
13.2822  2.95174e-06
13.2928  2.9433e-06
13.3026  2.74082e-06
13.3127  2.75784e-06
13.323  3.12682e-06
13.3338  2.89317e-06
13.3438  2.89494e-06
13.3544  2.65281e-06
13.3644  2.92972e-06
13.3752  2.49023e-06
13.3854  2.68653e-06
13.3966  2.6898e-06
13.4065  2.8524e-06
13.4175  2.70965e-06
13.4279  2.44328e-06
13.4386  2.79131e-06
13.4486  2.55669e-06
13.4592  2.30584e-06
13.4697  2.28683e-06
13.4801  2.51198e-06
13.4905  2.28486e-06
13.501  2.48862e-06
13.5116  2.35054e-06
13.5219  2.22887e-06
13.533  2.52815e-06
13.5443  2.36475e-06
13.5548  2.22346e-06
13.5653  2.2375e-06
13.5761  2.05559e-06
13.5864  1.96727e-06
13.5967  2.29487e-06
13.6075  2.135e-06
13.6176  2.22707e-06
13.6281  1.79228e-06
13.6384  1.99654e-06
13.6498  1.99862e-06
13.6592  1.84565e-06
13.6691  1.89038e-06
13.6804  2.12279e-06
13.6912  1.95502e-06
13.7022  1.85187e-06
13.7138  1.81192e-06
13.7233  1.69283e-06
13.7342  2.10363e-06
13.7444  1.61037e-06
13.7551  1.7593e-06
13.7653  1.64447e-06
13.776  1.73219e-06
13.7869  1.81525e-06
13.7979  1.70682e-06
13.8086  1.72329e-06
13.8192  1.54498e-06
13.8297  1.49844e-06
13.8395  1.71336e-06
13.8506  1.46224e-06
13.861  1.43697e-06
13.8714  1.61877e-06
13.8827  1.41573e-06
13.8933  1.70775e-06
13.903  1.2393e-06
13.9132  1.5129e-06
13.9246  1.32054e-06
13.9354  1.45925e-06
13.946  1.60358e-06
13.956  1.15244e-06
13.9659  1.17533e-06
13.9769  1.30732e-06
13.9878  1.50041e-06
13.9982  1.27453e-06
14.0093  1.363e-06
14.0192  1.23414e-06
14.0301  1.08928e-06
14.0401  1.28009e-06
14.0515  1.31284e-06
14.0624  1.2432e-06
14.0726  1.19516e-06
14.0824  1.02782e-06
14.0938  1.23776e-06
14.1044  1.08048e-06
14.1152  1.30484e-06
14.1265  9.95977e-07
14.1362  1.02228e-06
14.1463  9.74613e-07
14.1567  1.178e-06
14.1671  1.01143e-06
14.1781  1.00835e-06
14.1894  1.03319e-06
14.199  9.36306e-07
14.2106  1.00363e-06
14.2218  1.20393e-06
14.2321  9.17355e-07
14.2425  9.61447e-07
14.2531  7.97156e-07
14.2636  9.12783e-07
14.2742  9.70803e-07
14.2853  8.38808e-07
14.2955  9.40152e-07
14.3065  9.17681e-07
14.3177  8.61629e-07
14.3284  9.70099e-07
14.3396  7.52936e-07
14.3489  8.42195e-07
14.3601  7.58979e-07
14.3717  8.24864e-07
14.3821  8.3045e-07
14.3933  8.20811e-07
14.4038  6.95633e-07
14.4132  7.56829e-07
14.4244  7.74697e-07
14.4346  7.05942e-07
14.4451  7.76674e-07
14.4557  7.16947e-07
14.4669  7.16424e-07
14.4765  6.59293e-07
14.4876  6.33056e-07
14.4978  6.06083e-07
14.5086  6.99642e-07
14.5188  7.42493e-07
14.5298  7.40295e-07
14.5405  6.07242e-07
14.5516  6.12366e-07
14.5625  5.99323e-07
14.5721  5.22742e-07
14.5819  5.44776e-07
14.5929  6.89053e-07
14.6037  6.82757e-07
14.6158  6.24286e-07
14.6251  4.54608e-07
14.6357  5.96598e-07
14.6463  4.69113e-07
14.6568  5.57116e-07
14.6672  4.67702e-07
14.6786  6.23635e-07
14.6882  5.12056e-07
14.6978  5.04208e-07
14.709  5.42157e-07
14.7211  4.65357e-07
14.7315  5.68913e-07
14.7426  4.61463e-07
14.7531  4.81521e-07
14.7628  3.94401e-07
14.7725  4.99917e-07
14.7831  4.52612e-07
14.7927  3.83454e-07
14.8044  4.66812e-07
14.8133  4.16059e-07
14.8234  3.67709e-07
14.8342  3.86687e-07
14.8441  4.20261e-07
14.8547  4.47407e-07
14.8658  4.32626e-07
14.8765  4.85079e-07
14.8882  4.26467e-07
14.8979  2.55597e-07
14.9094  4.67304e-07
14.9211  3.44009e-07
14.9306  4.17022e-07
14.9397  3.9752e-07
14.9511  2.59121e-07
14.9598  3.36078e-07
14.9718  3.85294e-07
14.9836  3.74037e-07
14.9947  3.72986e-07
15.0054  3.07167e-07
15.0159  3.70047e-07
15.0268  3.12161e-07
15.036  3.00124e-07
15.0477  3.13445e-07
15.0594  3.77175e-07
15.0697  2.97447e-07
15.0808  2.51359e-07
15.0904  3.48501e-07
15.1016  2.86944e-07
15.1127  3.42019e-07
15.1243  2.47366e-07
15.1355  3.31071e-07
15.1461  3.2687e-07
15.1573  2.57181e-07
15.1681  2.4965e-07
15.1793  2.46404e-07
15.1887  2.34579e-07
15.1995  2.9205e-07
15.21  2.40439e-07
15.2201  2.57945e-07
15.2323  2.21975e-07
15.2435  2.80757e-07
15.2541  2.68032e-07
15.266  2.79964e-07
15.2757  1.74228e-07
15.2871  2.45265e-07
15.2978  1.64709e-07
15.3085  2.20237e-07
15.3179  2.71245e-07
15.33  2.45295e-07
15.3403  1.53227e-07
15.3503  2.06323e-07
15.3636  1.66716e-07
15.3736  2.02446e-07
15.3842  2.1153e-07
15.3938  2.11592e-07
15.4054  1.61391e-07
15.4163  2.49633e-07
15.4259  1.90514e-07
15.4368  1.94851e-07
15.4481  9.47764e-08
15.4593  1.219e-07
15.4685  2.31207e-07
15.4811  1.68601e-07
15.4911  1.62775e-07
15.5011  1.91917e-07
15.5126  1.39781e-07
15.5222  1.88125e-07
15.535  1.85938e-07
15.5475  2.06568e-07
15.558  1.28005e-07
15.5643  1.03718e-07
15.5765  1.21349e-07
15.5895  1.54782e-07
15.5997  1.74549e-07
15.609  1.60298e-07
15.6197  9.00398e-08
15.6299  1.12469e-07
15.6393  1.345e-07
15.6502  1.3233e-07
15.6614  1.17422e-07
15.6716  1.09146e-07
15.683  1.38077e-07
15.6938  1.24138e-07
15.7057  1.65846e-07
15.716  1.47334e-07
15.7286  1.13736e-07
15.7408  1.15967e-07
15.7518  1.20385e-07
15.7618  6.90099e-08
15.7702  9.18708e-08
15.7817  1.3253e-07
15.7937  1.37054e-07
15.8033  1.11176e-07
15.8148  1.03164e-07
15.8256  1.03438e-07
15.8379  7.16445e-08
15.8489  9.38785e-08
15.8587  1.09184e-07
15.8724  1.26909e-07
15.8841  1.07634e-07
15.8948  8.43539e-08
15.9066  5.45442e-08
15.916  1.06895e-07
15.9295  1.40358e-07
15.9392  4.35242e-08
15.9532  1.11149e-07
15.9655  1.08374e-07
15.9776  8.55043e-08
15.9852  4.54666e-08
15.9969  7.5251e-08
16.0081  9.33876e-08
16.0195  4.76271e-08
16.0294  6.19498e-08
16.0418  8.5134e-08
16.0509  5.7611e-08
16.0621  8.39872e-08
16.072  8.00615e-08
16.0851  7.23943e-08
16.0962  6.92237e-08
16.1093  1.07703e-07
16.1207  3.70781e-08
16.132  8.20092e-08
16.141  3.42821e-08
16.1522  6.28583e-08
16.1642  2.97539e-08
16.1757  1.0314e-07
16.1886  6.56622e-08
16.1985  5.89621e-08
16.2088  9.24257e-08
16.2213  2.78456e-08
16.2311  4.54413e-08
16.244  5.95311e-08
16.2552  6.34946e-08
16.2652  3.48623e-08
16.278  3.26465e-08
16.2872  8.68463e-08
16.3007  2.2284e-08
16.3112  5.01255e-08
16.3243  4.36478e-08
16.3347  6.47492e-08
16.345  3.84049e-08
16.3588  5.94641e-08
16.3706  4.64765e-08
16.3825  4.08846e-08
16.3938  4.29589e-08
16.4071  5.879e-08
16.4206  6.6998e-08
16.4332  2.27663e-08
16.4429  1.85809e-08
16.4584  4.78693e-08
16.4662  4.53957e-08
16.4762  2.91228e-08
16.4889  4.05372e-08
16.503  3.4463e-08
16.5115  5.76668e-08
16.5271  2.6779e-08
16.5399  2.39547e-08
16.5518  2.05863e-08
16.5628  2.89261e-08
16.5729  3.21193e-08
16.5859  7.44132e-08
16.599  3.03993e-08
16.6083  3.42257e-08
16.6219  2.44619e-08
16.6378  2.32706e-08
16.6483  2.37096e-08
16.6593  1.08915e-08
16.6658  3.64239e-08
16.6808  3.32838e-08
16.691  2.64973e-08
16.7007  2.28383e-08
16.7132  1.46841e-08
16.724  2.30582e-08
16.7377  2.35491e-08
16.7468  3.35891e-08
16.7561  2.06483e-08
16.7663  1.11417e-08
16.7762  2.00042e-08
16.7882  3.96373e-08
16.7989  2.69431e-08
16.8079  9.72672e-09
16.821  1.74799e-08
16.8347  2.53104e-08
16.852  1.96068e-08
16.8652  3.69354e-08
16.8794  3.25722e-08
16.891  9.80611e-09
16.9047  1.49859e-08
16.9155  1.18032e-08
16.925  1.65944e-08
16.9376  1.65415e-08
16.9493  9.91959e-09
16.9616  2.63245e-08
16.9726  1.63425e-08
16.9817  1.99545e-08
16.9967  1.32351e-08
17.0034  1.83021e-08
17.0228  1.4434e-08
17.0347  1.43182e-08
17.0442  1.44446e-08
17.0555  1.91589e-08
17.0678  1.59497e-08
17.0782  1.52367e-08
17.09  7.35872e-09
17.1033  4.62585e-09
17.1152  9.90264e-09
17.1291  2.46255e-08
17.1421  5.17015e-09
17.1524  1.67677e-08
17.1612  1.39393e-08
17.1801  8.14724e-09
17.1882  1.28987e-08
17.2016  1.70914e-08
17.2222  1.03373e-08
17.2397  1.85333e-08
17.2492  8.7969e-09
17.2639  1.38877e-08
17.2813  1.92199e-08
17.2938  9.59398e-09
17.3079  8.3484e-09
17.3175  3.11778e-09
17.3324  1.17087e-08
17.3405  3.81972e-09
17.3543  3.27455e-09
17.3641  1.01528e-08
17.3771  1.55719e-08
17.4052  1.09995e-08
17.4171  7.58972e-09
17.4289  5.20101e-09
17.4427  8.99222e-09
17.4528  1.21175e-08
17.4631  1.10111e-08
17.4816  6.32064e-09
17.4965  4.43322e-09
17.5083  8.42428e-09
17.5179  2.74315e-09
17.5321  2.50818e-09
17.5385  8.56731e-09
17.5568  1.1385e-08
17.5823  6.7688e-09
17.5977  6.71208e-09
17.616  8.70632e-09
17.6231  3.5799e-09
17.6423  2.7797e-09
17.6523  4.82182e-09
17.661  1.03672e-08
17.6757  8.99997e-09
17.6908  5.16173e-09
17.7079  2.3197e-09
17.7345  8.57554e-09
17.7461  9.87231e-10
17.7709  6.38872e-09
17.782  8.98442e-09
17.7951  1.90928e-09
17.8055  1.81352e-09
17.8217  1.03663e-09
17.839  7.07791e-09
17.8578  7.6622e-09
17.8743  5.13741e-09
17.8888  3.04008e-09
17.9098  3.12628e-09
17.9174  4.30868e-09
17.9366  4.35745e-09
17.9519  5.62658e-09
17.9717  5.32534e-10
17.9936  5.2582e-09
18.0203  2.84967e-09
18.0298  1.96817e-09
18.0465  2.47403e-09
18.0585  5.68849e-09
18.0693  2.497e-09
18.1139  3.98944e-09
18.1241  4.81012e-10
18.1283  3.77282e-09
18.1496  1.84788e-09
18.1561  4.04349e-09
18.175  1.01208e-09
18.2126  4.69567e-10
18.234  4.83088e-09
18.2416  1.88083e-09
18.274  5.20962e-09
18.2912  5.01204e-10
18.3115  2.0624e-09
18.3291  5.2779e-09
18.3516  5.24081e-10
18.4019  2.51718e-09
18.4126  4.54105e-10
18.423  1.72532e-09
18.4561  2.86325e-09
18.4733  4.32166e-10
18.49  1.7687e-09
18.5111  1.38589e-09
18.5315  2.15375e-09
18.5541  2.07276e-09
18.607  1.87275e-09
18.6364  4.61051e-10
18.6466  1.64502e-09
18.6719  1.04884e-09
18.6859  4.77458e-10
18.7068  1.23661e-09
18.7314  1.8977e-09
18.7671  4.39502e-10
18.7785  1.55868e-09
18.8529  8.62254e-10
18.865  2.63353e-10
18.8876  4.83239e-10
18.9306  1.44549e-09
18.9471  2.0988e-09
18.9827  9.94515e-10
19.0405  4.10351e-10
19.1079  1.32341e-09
19.1286  3.2962e-10
19.1468  3.98923e-10
19.2236  6.78365e-10
19.2639  3.80434e-10
19.3243  1.17647e-09
19.3592  2.31182e-10
19.3961  3.70718e-10
19.5051  2.29868e-10
19.5481  3.43796e-10
19.6002  9.46146e-10
19.7255  3.1476e-10
19.9418  2.79813e-10
19.9767  3.29908e-10
20.2177  2.25032e-10
20.5942  1.56931e-10
