-20.7199  1.16322e-10
-20.3449  1.67721e-10
-20.1053  2.47612e-10
-20.0683  2.13153e-10
-19.8451  2.54474e-10
-19.7302  7.14046e-10
-19.6573  2.86339e-10
-19.6308  1.70385e-10
-19.4933  4.91608e-10
-19.4537  9.07466e-10
-19.3544  8.44108e-10
-19.2558  2.45673e-10
-19.2307  1.40731e-09
-19.1185  1.09247e-09
-19.0787  1.30844e-09
-19.0426  1.21904e-09
-19.0291  3.32451e-10
-19.0161  3.62695e-10
-18.9907  1.95206e-10
-18.9792  3.1222e-10
-18.9378  3.68402e-10
-18.8801  1.34495e-09
-18.8547  1.91797e-09
-18.839  9.65849e-10
-18.8021  8.31437e-10
-18.771  4.18585e-10
-18.756  3.72746e-10
-18.7393  2.49786e-09
-18.6949  3.61914e-10
-18.6676  1.7577e-09
-18.6411  1.04591e-09
-18.6172  3.19894e-09
-18.5788  1.98523e-09
-18.5637  7.70387e-10
-18.5268  2.09106e-10
-18.5074  3.35475e-09
-18.4975  3.69363e-10
-18.4641  2.81904e-09
-18.43  1.68423e-09
-18.4123  1.8781e-09
-18.4015  2.57353e-10
-18.391  2.23382e-09
-18.3759  8.27233e-10
-18.3621  5.06252e-09
-18.3391  3.57702e-10
-18.3213  1.99423e-09
-18.2646  3.04318e-09
-18.2402  6.82873e-09
-18.2286  2.46454e-09
-18.2078  4.17e-10
-18.1874  1.76986e-09
-18.1672  2.8795e-09
-18.1557  2.33914e-09
-18.1385  4.10236e-09
-18.1219  1.91931e-09
-18.1067  4.09767e-10
-18.0859  6.11796e-09
-18.0533  4.16623e-09
-18.0388  2.52777e-09
-18.0265  1.1132e-09
-18.0049  7.68838e-09
-17.9853  3.44874e-09
-17.9646  6.75299e-09
-17.9509  4.50798e-09
-17.9428  1.98115e-09
-17.928  4.80518e-10
-17.9108  8.18715e-10
-17.8919  5.63458e-09
-17.8814  1.95568e-09
-17.8628  1.06273e-08
-17.8507  7.55432e-10
-17.8233  2.039e-09
-17.8153  5.86263e-09
-17.7948  3.47646e-09
-17.7824  3.10597e-09
-17.7764  4.75507e-09
-17.7636  7.98069e-09
-17.7492  6.03472e-09
-17.7415  5.53953e-09
-17.7227  1.94695e-09
-17.7081  5.1088e-09
-17.6999  1.81283e-09
-17.677  7.14245e-09
-17.6715  2.87402e-09
-17.6518  5.94259e-09
-17.6373  7.40297e-09
-17.6257  7.26186e-09
-17.6125  6.25695e-09
-17.5889  1.07152e-08
-17.574  4.72904e-09
-17.5645  4.63109e-10
-17.5532  9.52425e-09
-17.5394  9.46279e-09
-17.5238  8.53073e-09
-17.5125  9.4408e-09
-17.5031  5.36743e-09
-17.4905  5.01619e-09
-17.4726  5.78013e-09
-17.466  2.66874e-09
-17.4588  3.73376e-10
-17.4468  1.11261e-08
-17.4253  9.63254e-09
-17.4148  3.38158e-09
-17.3969  1.45429e-08
-17.3891  1.06896e-08
-17.3702  1.65981e-08
-17.3601  6.32047e-09
-17.3506  1.16256e-08
-17.3362  9.08581e-09
-17.3261  6.27734e-09
-17.3125  6.33114e-09
-17.2974  9.07038e-09
-17.2828  9.70684e-09
-17.2701  8.67425e-09
-17.257  1.01804e-08
-17.2473  2.15022e-08
-17.2363  1.27432e-08
-17.2192  3.7431e-09
-17.2078  7.80762e-09
-17.2028  7.04747e-09
-17.189  4.30976e-09
-17.175  2.07976e-08
-17.1658  8.99095e-09
-17.1494  2.32962e-08
-17.1392  1.25544e-08
-17.1261  1.69788e-08
-17.1121  7.34803e-09
-17.0972  2.1477e-08
-17.0892  1.1281e-08
-17.0736  9.6834e-09
-17.0612  2.0302e-08
-17.046  1.85714e-08
-17.0344  6.41611e-09
-17.0205  2.14504e-08
-17.013  2.40652e-08
-16.9938  1.88962e-08
-16.9805  3.13175e-09
-16.9731  1.47441e-08
-16.9613  2.16348e-08
-16.9497  1.76507e-08
-16.9396  1.41356e-08
-16.927  1.96927e-08
-16.9169  1.38228e-08
-16.9029  1.29995e-08
-16.8937  2.69591e-08
-16.8842  1.71037e-08
-16.8729  3.88204e-08
-16.8628  7.15188e-09
-16.8527  1.30003e-08
-16.8382  1.32549e-08
-16.8304  3.65969e-08
-16.818  2.16461e-08
-16.8021  1.13381e-08
-16.7911  1.6778e-08
-16.7782  3.03012e-08
-16.7714  2.50263e-08
-16.7588  1.06539e-08
-16.7484  2.97059e-08
-16.7375  2.99833e-08
-16.7248  2.64505e-08
-16.7136  2.53423e-08
-16.6994  1.30692e-08
-16.6875  3.38074e-08
-16.6788  2.70293e-08
-16.667  4.37312e-08
-16.6554  2.63395e-08
-16.6445  3.78929e-08
-16.6344  2.46032e-08
-16.6187  1.54066e-08
-16.6134  1.01719e-08
-16.5987  3.79984e-08
-16.5903  3.14796e-08
-16.5778  2.73969e-08
-16.5647  2.77682e-08
-16.5538  4.84715e-08
-16.5434  2.77694e-08
-16.5322  2.65172e-08
-16.5203  5.84496e-08
-16.5126  2.72279e-08
-16.4987  4.00988e-08
-16.4862  3.02321e-08
-16.477  3.74051e-08
-16.4648  2.74291e-08
-16.4553  6.71323e-08
-16.4403  1.93677e-08
-16.4309  3.79276e-08
-16.4194  3.06432e-08
-16.4057  6.62225e-08
-16.3955  3.48487e-08
-16.3838  3.95898e-08
-16.3722  7.10025e-08
-16.3603  3.49418e-08
-16.3504  2.02532e-08
-16.3359  6.21099e-08
-16.325  4.78367e-08
-16.3137  4.77139e-08
-16.3017  5.38476e-08
-16.2915  6.06632e-08
-16.2783  4.78857e-08
-16.2703  7.41896e-08
-16.2594  4.78759e-08
-16.2485  4.28386e-08
-16.238  5.22553e-08
-16.2248  6.58486e-08
-16.214  4.38865e-08
-16.2029  4.57917e-08
-16.1904  4.84707e-08
-16.1801  9.39776e-08
-16.1669  6.39766e-08
-16.1575  7.20786e-08
-16.1466  6.16081e-08
-16.1352  5.66031e-08
-16.1265  4.63341e-08
-16.1148  6.03798e-08
-16.1042  9.74088e-08
-16.0918  4.17309e-08
-16.0819  6.95713e-08
-16.0728  5.00149e-08
-16.0601  6.79519e-08
-16.0507  7.6974e-08
-16.0382  6.37955e-08
-16.0264  1.19487e-07
-16.0167  9.0691e-08
-16.0041  7.62108e-08
-15.9961  5.46986e-08
-15.9833  6.33843e-08
-15.9739  7.40515e-08
-15.9609  1.16169e-07
-15.9512  7.18469e-08
-15.941  8.26138e-08
-15.9291  9.38869e-08
-15.9192  8.20311e-08
-15.9049  9.60019e-08
-15.897  9.11236e-08
-15.8844  8.22325e-08
-15.8748  8.24645e-08
-15.8638  1.29849e-07
-15.8529  8.80819e-08
-15.8437  9.90073e-08
-15.8327  1.41876e-07
-15.8214  3.55757e-08
-15.811  9.88505e-08
-15.8  1.50461e-07
-15.7894  8.46451e-08
-15.7795  1.21349e-07
-15.7683  1.04314e-07
-15.7577  1.09891e-07
-15.7468  1.39472e-07
-15.7355  1.00795e-07
-15.7255  1.14143e-07
-15.7148  1.11594e-07
-15.7004  1.15324e-07
-15.6918  8.31007e-08
-15.6812  1.70903e-07
-15.6701  1.45816e-07
-15.6592  1.77216e-07
-15.649  1.46604e-07
-15.6385  9.46894e-08
-15.6241  1.52657e-07
-15.6113  1.74368e-07
-15.6031  1.32149e-07
-15.5921  1.56688e-07
-15.5797  1.48744e-07
-15.5706  1.35773e-07
-15.5575  1.69967e-07
-15.5496  1.56093e-07
-15.54  1.01999e-07
-15.5273  2.24199e-07
-15.5164  1.59552e-07
-15.5053  1.61805e-07
-15.4939  1.49398e-07
-15.4845  1.14634e-07
-15.4748  1.57161e-07
-15.4625  2.82172e-07
-15.4507  1.5577e-07
-15.4408  1.83575e-07
-15.4292  2.23716e-07
-15.4184  1.68041e-07
-15.4075  1.24239e-07
-15.3968  2.28883e-07
-15.387  1.92934e-07
-15.3764  1.99304e-07
-15.3662  2.46266e-07
-15.3564  1.06879e-07
-15.3454  2.3685e-07
-15.3337  2.47978e-07
-15.3226  1.9514e-07
-15.3117  2.18736e-07
-15.3011  2.60852e-07
-15.2899  2.53609e-07
-15.2796  2.32582e-07
-15.2682  2.33427e-07
-15.257  1.93303e-07
-15.2464  2.38471e-07
-15.235  3.45352e-07
-15.2239  2.13905e-07
-15.2127  2.19195e-07
-15.2023  2.63024e-07
-15.1921  2.80506e-07
-15.1809  3.19319e-07
-15.1705  2.44916e-07
-15.1602  2.43157e-07
-15.1497  3.16021e-07
-15.1392  3.15397e-07
-15.1262  2.51704e-07
-15.1143  3.39281e-07
-15.1055  2.59486e-07
-15.0945  2.68385e-07
-15.0841  3.54182e-07
-15.0726  2.93396e-07
-15.0623  2.71017e-07
-15.0514  3.30702e-07
-15.0415  3.75862e-07
-15.0307  3.16708e-07
-15.0204  2.86189e-07
-15.0097  4.04461e-07
-14.9974  3.13303e-07
-14.9873  3.59875e-07
-14.9775  2.79298e-07
-14.9664  3.82518e-07
-14.9577  3.61244e-07
-14.946  3.85478e-07
-14.9358  3.65819e-07
-14.9258  4.30416e-07
-14.9129  3.732e-07
-14.9031  3.71027e-07
-14.892  3.81559e-07
-14.8824  4.07072e-07
-14.8706  3.80065e-07
-14.861  5.21127e-07
-14.8502  3.16542e-07
-14.8403  4.30401e-07
-14.8295  4.15851e-07
-14.8189  4.18313e-07
-14.8078  5.28699e-07
-14.7977  4.30661e-07
-14.7866  4.89009e-07
-14.7759  4.96705e-07
-14.7649  4.16965e-07
-14.7549  4.09525e-07
-14.7446  4.96852e-07
-14.7349  5.71986e-07
-14.7247  4.21185e-07
-14.7141  4.50921e-07
-14.7042  5.17622e-07
-14.6928  4.83191e-07
-14.683  5.47802e-07
-14.6728  6.10573e-07
-14.6625  4.42231e-07
-14.6522  5.28739e-07
-14.6416  6.19194e-07
-14.6301  6.22688e-07
-14.6186  6.04411e-07
-14.6092  5.42343e-07
-14.5981  4.58758e-07
-14.5878  6.83063e-07
-14.5778  6.24601e-07
-14.5667  6.06064e-07
-14.5569  5.43825e-07
-14.5471  6.57019e-07
-14.5354  7.85612e-07
-14.5253  5.96746e-07
-14.5143  7.1613e-07
-14.5036  5.81237e-07
-14.4928  6.8486e-07
-14.4835  7.17881e-07
-14.4728  6.14401e-07
-14.4618  7.79688e-07
-14.4518  7.78646e-07
-14.4405  6.91345e-07
-14.4299  8.60173e-07
-14.4197  5.97801e-07
-14.4087  7.4585e-07
-14.3974  8.04266e-07
-14.3867  8.48085e-07
-14.3754  9.39478e-07
-14.365  7.48062e-07
-14.3544  9.61794e-07
-14.344  6.00725e-07
-14.3336  8.12565e-07
-14.3235  9.18757e-07
-14.3123  9.26507e-07
-14.3018  8.21308e-07
-14.2912  9.82939e-07
-14.2799  8.07346e-07
-14.2703  1.03996e-06
-14.2588  9.71865e-07
-14.2475  8.46959e-07
-14.2375  1.04436e-06
-14.2271  8.80579e-07
-14.2154  1.06081e-06
-14.2064  9.46396e-07
-14.1957  9.31065e-07
-14.1843  1.0774e-06
-14.1732  1.2748e-06
-14.1624  1.03129e-06
-14.1515  1.07272e-06
-14.1416  9.14462e-07
-14.1313  1.0708e-06
-14.121  1.1465e-06
-14.1104  1.18396e-06
-14.0997  1.13644e-06
-14.0889  1.16012e-06
-14.0783  1.22449e-06
-14.0673  1.24441e-06
-14.0562  1.25705e-06
-14.0465  1.14732e-06
-14.0354  1.19484e-06
-14.0249  1.25588e-06
-14.0149  1.31101e-06
-14.0046  1.11129e-06
-13.9936  1.5426e-06
-13.9829  1.17656e-06
-13.9724  1.481e-06
-13.961  1.26687e-06
-13.951  1.43244e-06
-13.9407  1.33822e-06
-13.9303  1.33745e-06
-13.9198  1.56075e-06
-13.909  1.34852e-06
-13.8981  1.43131e-06
-13.8883  1.52134e-06
-13.8777  1.61e-06
-13.8676  1.43861e-06
-13.857  1.59339e-06
-13.8458  1.54239e-06
-13.8345  1.64674e-06
-13.824  1.86579e-06
-13.8133  1.66813e-06
-13.8026  1.54015e-06
-13.7923  1.81348e-06
-13.7818  1.27291e-06
-13.7713  1.9532e-06
-13.7615  1.62248e-06
-13.7502  1.7629e-06
-13.7396  1.96264e-06
-13.7295  1.69618e-06
-13.7172  2.02286e-06
-13.7069  2.02706e-06
-13.6962  1.88078e-06
-13.6859  1.77185e-06
-13.6756  1.82933e-06
-13.6654  1.85001e-06
-13.6551  1.94233e-06
-13.6444  2.36405e-06
-13.6343  1.82859e-06
-13.623  2.29684e-06
-13.6124  1.94931e-06
-13.6016  2.24053e-06
-13.5904  2.30927e-06
-13.5801  1.87198e-06
-13.5697  2.22075e-06
-13.5589  2.28064e-06
-13.549  2.12869e-06
-13.5391  2.28026e-06
-13.5281  2.19232e-06
-13.5179  2.47468e-06
-13.5074  2.38472e-06
-13.4963  2.59184e-06
-13.4862  2.13336e-06
-13.4754  2.53794e-06
-13.4642  2.76256e-06
-13.4537  2.64293e-06
-13.4433  2.70242e-06
-13.433  2.15866e-06
-13.4221  2.56941e-06
-13.412  2.76846e-06
-13.4008  2.67999e-06
-13.3907  2.77083e-06
-13.3798  2.92367e-06
-13.3689  2.56104e-06
-13.3584  3.09956e-06
-13.3481  2.56917e-06
-13.3376  3.05369e-06
-13.3275  2.87185e-06
-13.3168  2.96188e-06
-13.3062  2.92699e-06
-13.2957  3.09883e-06
-13.2857  2.87192e-06
-13.2755  2.83293e-06
-13.2653  3.67276e-06
-13.2544  2.64042e-06
-13.2444  3.20202e-06
-13.2344  3.42945e-06
-13.2234  3.17477e-06
-13.2131  3.20803e-06
-13.2027  3.56009e-06
-13.1916  3.74622e-06
-13.1803  3.43062e-06
-13.1702  3.49844e-06
-13.1589  3.76918e-06
-13.1488  3.45791e-06
-13.1388  3.7143e-06
-13.1284  3.41492e-06
-13.1182  3.39254e-06
-13.108  3.69724e-06
-13.0978  3.84314e-06
-13.0873  3.66128e-06
-13.0772  4.18773e-06
-13.0666  3.5648e-06
-13.056  4.15606e-06
-13.0448  4.65781e-06
-13.0346  3.70444e-06
-13.0238  4.23712e-06
-13.0132  4.24285e-06
-13.0025  4.28759e-06
-12.9922  4.31495e-06
-12.982  4.36318e-06
-12.9717  4.05968e-06
-12.9613  4.63463e-06
-12.951  4.31664e-06
-12.9409  4.1062e-06
-12.9309  4.45985e-06
-12.9203  4.46683e-06
-12.9105  4.64855e-06
-12.8999  4.66192e-06
-12.8899  4.83949e-06
-12.8799  4.82517e-06
-12.8692  4.62184e-06
-12.8583  5.01916e-06
-12.8477  5.49207e-06
-12.8363  5.34171e-06
-12.826  5.08974e-06
-12.8159  4.9773e-06
-12.8054  5.32892e-06
-12.7952  5.20836e-06
-12.7849  5.44228e-06
-12.7744  5.52955e-06
-12.764  5.33254e-06
-12.7538  5.4066e-06
-12.7436  5.1368e-06
-12.7332  5.9868e-06
-12.723  5.85166e-06
-12.7125  5.15548e-06
-12.7027  6.2436e-06
-12.6921  5.57324e-06
-12.6816  5.68495e-06
-12.6718  6.34883e-06
-12.6607  6.73194e-06
-12.6497  6.4678e-06
-12.6396  6.16378e-06
-12.6289  6.03474e-06
-12.6187  6.51351e-06
-12.6079  6.71207e-06
-12.5977  6.47712e-06
-12.5874  6.44451e-06
-12.5775  6.65393e-06
-12.5675  6.17735e-06
-12.5571  6.65212e-06
-12.5467  7.37502e-06
-12.5362  6.88087e-06
-12.5262  6.621e-06
-12.5162  7.42263e-06
-12.5057  6.8326e-06
-12.4956  6.96106e-06
-12.4852  7.65999e-06
-12.4752  6.92315e-06
-12.4654  7.51271e-06
-12.4546  7.84621e-06
-12.4444  7.08517e-06
-12.4342  7.59523e-06
-12.4242  8.53644e-06
-12.4139  7.1446e-06
-12.4036  8.47349e-06
-12.3934  7.98993e-06
-12.383  8.16786e-06
-12.3726  7.93646e-06
-12.3623  8.67157e-06
-12.3523  7.64709e-06
-12.3422  9.39449e-06
-12.3317  7.97267e-06
-12.3217  8.88003e-06
-12.3114  8.04768e-06
-12.3011  9.49102e-06
-12.2907  9.07088e-06
-12.2804  9.19115e-06
-12.2701  8.66035e-06
-12.2598  9.3925e-06
-12.2493  9.34882e-06
-12.2397  9.25776e-06
-12.2288  9.92825e-06
-12.2186  9.69517e-06
-12.2083  8.98903e-06
-12.198  1.05061e-05
-12.1879  9.51595e-06
-12.1775  1.01403e-05
-12.1669  1.08898e-05
-12.1569  9.97025e-06
-12.1467  9.71538e-06
-12.1364  1.0714e-05
-12.1265  9.94688e-06
-12.1161  1.12632e-05
-12.1054  1.15422e-05
-12.0952  1.01679e-05
-12.085  1.0941e-05
-12.0748  1.11459e-05
-12.0648  1.1172e-05
-12.0545  1.0896e-05
-12.0442  1.1966e-05
-12.0343  1.07792e-05
-12.0237  1.20063e-05
-12.0137  1.19875e-05
-12.0033  1.1933e-05
-11.993  1.13835e-05
-11.9829  1.2823e-05
-11.9728  1.1961e-05
-11.9628  1.20807e-05
-11.9524  1.32197e-05
-11.9421  1.15659e-05
-11.9319  1.32932e-05
-11.9218  1.32519e-05
-11.9113  1.2655e-05
-11.9013  1.30944e-05
-11.8911  1.3413e-05
-11.881  1.22855e-05
-11.8708  1.4289e-05
-11.8607  1.36518e-05
-11.8503  1.4152e-05
-11.8402  1.3487e-05
-11.8299  1.3861e-05
-11.8198  1.45561e-05
-11.8096  1.4719e-05
-11.799  1.46454e-05
-11.7885  1.54435e-05
-11.7785  1.44191e-05
-11.7679  1.49392e-05
-11.7579  1.47726e-05
-11.7478  1.60232e-05
-11.7375  1.44312e-05
-11.7275  1.57229e-05
-11.7171  1.62935e-05
-11.7069  1.532e-05
-11.6968  1.63849e-05
-11.686  1.79194e-05
-11.6753  1.58321e-05
-11.6651  1.72659e-05
-11.6549  1.63423e-05
-11.6449  1.57179e-05
-11.6347  1.74145e-05
-11.6247  1.69518e-05
-11.6142  1.75824e-05
-11.604  1.81271e-05
-11.594  1.69666e-05
-11.5836  1.74627e-05
-11.573  1.95743e-05
-11.5628  1.75513e-05
-11.5526  1.87299e-05
-11.5424  1.80478e-05
-11.5323  1.88353e-05
-11.5219  1.81898e-05
-11.5119  1.97076e-05
-11.5018  1.86115e-05
-11.4916  1.93442e-05
-11.4816  2.01921e-05
-11.4715  1.87252e-05
-11.4608  2.127e-05
-11.4502  2.06779e-05
-11.4403  1.9948e-05
-11.4297  2.11972e-05
-11.4198  2.05068e-05
-11.4094  2.18631e-05
-11.399  2.03419e-05
-11.389  2.05561e-05
-11.379  2.19024e-05
-11.3683  2.25732e-05
-11.3583  2.21683e-05
-11.3482  2.16522e-05
-11.3378  2.19426e-05
-11.328  2.18219e-05
-11.3178  2.32805e-05
-11.3074  2.38344e-05
-11.2972  2.33248e-05
-11.2868  2.42303e-05
-11.2765  2.12946e-05
-11.2666  2.50886e-05
-11.2563  2.43591e-05
-11.2461  2.47513e-05
-11.2358  2.35994e-05
-11.2258  2.42184e-05
-11.2156  2.58415e-05
-11.2052  2.46811e-05
-11.1954  2.43908e-05
-11.1849  2.73693e-05
-11.1747  2.56861e-05
-11.1644  2.5853e-05
-11.1543  2.63259e-05
-11.1442  2.61801e-05
-11.134  2.75138e-05
-11.1236  2.66582e-05
-11.1137  2.63861e-05
-11.1036  2.8232e-05
-11.0933  2.79286e-05
-11.0832  2.55104e-05
-11.0733  2.99299e-05
-11.0628  2.88635e-05
-11.0528  2.80474e-05
-11.0427  2.89941e-05
-11.0323  2.91402e-05
-11.0225  2.90714e-05
-11.0122  2.94932e-05
-11.002  3.07315e-05
-10.9921  2.94158e-05
-10.982  3.09917e-05
-10.9718  2.99008e-05
-10.9617  3.02793e-05
-10.9516  3.25306e-05
-10.9414  3.20663e-05
-10.9313  3.00929e-05
-10.921  3.24597e-05
-10.911  3.28812e-05
-10.9007  3.17315e-05
-10.8908  3.35128e-05
-10.8804  3.50209e-05
-10.8701  3.23666e-05
-10.8603  3.26372e-05
-10.8503  3.38301e-05
-10.8401  3.47859e-05
-10.8299  3.50977e-05
-10.8196  3.55139e-05
-10.8095  3.40443e-05
-10.7995  3.69023e-05
-10.7893  3.55751e-05
-10.7791  3.46599e-05
-10.769  3.80517e-05
-10.7588  3.75601e-05
-10.7488  3.55384e-05
-10.7386  3.73113e-05
-10.7281  4.07264e-05
-10.7176  3.80294e-05
-10.7075  3.91483e-05
-10.6971  3.91471e-05
-10.6868  4.03244e-05
-10.6766  4.06866e-05
-10.666  4.0327e-05
-10.6551  4.39292e-05
-10.6448  4.0453e-05
-10.6345  4.12583e-05
-10.6243  4.11573e-05
-10.6143  4.18406e-05
-10.6041  4.02354e-05
-10.5939  4.46407e-05
-10.5838  4.02641e-05
-10.5738  4.40114e-05
-10.5636  4.35095e-05
-10.5534  4.26913e-05
-10.5433  4.34289e-05
-10.5331  4.57211e-05
-10.5231  4.29891e-05
-10.5129  4.64258e-05
-10.5027  4.53048e-05
-10.4927  4.54623e-05
-10.4826  4.52764e-05
-10.4724  4.68357e-05
-10.4624  4.74705e-05
-10.452  4.75011e-05
-10.4418  4.71587e-05
-10.4318  4.84335e-05
-10.4216  4.73002e-05
-10.4118  4.84812e-05
-10.4015  5.1027e-05
-10.391  4.90567e-05
-10.381  5.06576e-05
-10.3711  4.9803e-05
-10.3608  4.92461e-05
-10.3508  5.23553e-05
-10.3406  5.18283e-05
-10.3304  5.17955e-05
-10.3205  5.24913e-05
-10.3104  5.3081e-05
-10.3  5.19201e-05
-10.2901  5.39692e-05
-10.2799  5.49209e-05
-10.2698  5.45487e-05
-10.2597  5.47283e-05
-10.2496  5.47924e-05
-10.2388  6.13218e-05
-10.2283  5.73085e-05
-10.2182  5.55861e-05
-10.2079  5.77142e-05
-10.1979  5.76401e-05
-10.1879  5.73904e-05
-10.1776  5.9269e-05
-10.1675  5.89749e-05
-10.1575  5.94933e-05
-10.147  6.17686e-05
-10.1372  5.79919e-05
-10.127  6.15073e-05
-10.1167  6.34481e-05
-10.1068  5.84793e-05
-10.0965  6.38889e-05
-10.0857  7.03671e-05
-10.0752  6.26705e-05
-10.065  6.38161e-05
-10.0548  6.38134e-05
-10.0449  6.29213e-05
-10.0346  6.87267e-05
-10.0243  6.51756e-05
-10.0144  6.41967e-05
-10.0043  7.02832e-05
-9.99397  6.59668e-05
-9.98391  6.54007e-05
-9.97378  7.11411e-05
-9.96298  7.76312e-05
-9.95255  6.54737e-05
-9.94241  6.99694e-05
-9.93199  7.62641e-05
-9.92142  7.02237e-05
-9.91137  7.1873e-05
-9.90114  7.26231e-05
-9.89114  7.01991e-05
-9.88108  7.32934e-05
-9.87094  7.48548e-05
-9.86057  7.37749e-05
-9.85056  7.49507e-05
-9.84047  7.63792e-05
-9.83022  7.26619e-05
-9.82016  7.99065e-05
-9.8099  7.7547e-05
-9.79976  7.34318e-05
-9.78953  8.43672e-05
-9.77897  8.03076e-05
-9.76894  7.73608e-05
-9.75891  8.07906e-05
-9.74857  7.99449e-05
-9.73838  8.01457e-05
-9.72858  8.19021e-05
-9.71768  9.06312e-05
-9.7071  8.21657e-05
-9.69709  8.42949e-05
-9.68689  8.45607e-05
-9.67607  9.10057e-05
-9.6656  8.63142e-05
-9.6554  8.84158e-05
-9.64525  8.35189e-05
-9.6352  8.6577e-05
-9.62506  9.07801e-05
-9.61479  8.55256e-05
-9.60488  8.96774e-05
-9.59469  9.06623e-05
-9.5844  9.05623e-05
-9.57448  8.91974e-05
-9.56431  9.04886e-05
-9.55418  9.37828e-05
-9.54423  9.06656e-05
-9.53413  9.45962e-05
-9.52387  9.15104e-05
-9.51414  9.25554e-05
-9.50408  9.69167e-05
-9.49382  9.43641e-05
-9.48386  9.52011e-05
-9.47375  9.95769e-05
-9.46356  9.71675e-05
-9.45352  9.77701e-05
-9.44284  0.000111601
-9.43197  0.000100737
-9.4222  9.75245e-05
-9.41189  0.000102574
-9.40134  0.000112182
-9.39109  9.74812e-05
-9.38081  0.000107548
-9.37064  0.00010264
-9.36068  0.000105101
-9.35048  0.000106226
-9.3404  0.000103677
-9.33039  0.000108113
-9.32013  0.000109396
-9.31008  0.00010754
-9.3  0.000107124
-9.28984  0.000113539
-9.27971  0.000108813
-9.26966  0.000112695
-9.25938  0.000110151
-9.24951  0.000113146
-9.23942  0.000111753
-9.22911  0.000118189
-9.21904  0.000111636
-9.20908  0.000117582
-9.1989  0.00011603
-9.18832  0.000127362
-9.17781  0.000118715
-9.16763  0.000121855
-9.15705  0.000128785
-9.14651  0.000117812
-9.1366  0.000122842
-9.12636  0.000123529
-9.11625  0.000121351
-9.10601  0.000126682
-9.09593  0.000124686
-9.08601  0.000120781
-9.07577  0.000128966
-9.06564  0.000126501
-9.05561  0.000128047
-9.04537  0.00013069
-9.03532  0.000125659
-9.02528  0.000131358
-9.01505  0.000134143
-9.00504  0.000128356
-8.9949  0.000131237
-8.98481  0.000137197
-8.97481  0.000133245
-8.96449  0.000136018
-8.95435  0.000135844
-8.94431  0.000138031
-8.93427  0.000136563
-8.92404  0.000140264
-8.91355  0.000150396
-8.9024  0.000156494
-8.89192  0.000140499
-8.88179  0.000139677
-8.8718  0.000144037
-8.86167  0.000147335
-8.85105  0.000151664
-8.84059  0.000149736
-8.83042  0.000150599
-8.8202  0.000144003
-8.81017  0.000147376
-8.80016  0.000150685
-8.78991  0.000153822
-8.77993  0.00014697
-8.76984  0.000154844
-8.75964  0.000149652
-8.74974  0.000153791
-8.73953  0.000160792
-8.72938  0.000148004
-8.71944  0.000160848
-8.70924  0.000161102
-8.69912  0.00015245
-8.68915  0.000160642
-8.67898  0.00016408
-8.66887  0.000160167
-8.65876  0.000162046
-8.64857  0.000165995
-8.63845  0.000163683
-8.62843  0.000165746
-8.61832  0.000167013
-8.60816  0.000164733
-8.5981  0.000173818
-8.58779  0.000171067
-8.57766  0.000166817
-8.56773  0.000171289
-8.55758  0.000177044
-8.54743  0.000167403
-8.53737  0.000177454
-8.52721  0.000178829
-8.51721  0.00016854
-8.5072  0.00018066
-8.49688  0.00018269
-8.48675  0.000180125
-8.47675  0.000176647
-8.46668  0.000183758
-8.45658  0.000178961
-8.44658  0.000185454
-8.43631  0.000188308
-8.42632  0.000176161
-8.41632  0.000194957
-8.4061  0.000187057
-8.39605  0.000184489
-8.38588  0.000197169
-8.37552  0.000193859
-8.36509  0.000203225
-8.3546  0.000197012
-8.3438  0.000216103
-8.33327  0.000192683
-8.32335  0.00019512
-8.31301  0.000200685
-8.30304  0.000198547
-8.29293  0.000202977
-8.28273  0.000197052
-8.27272  0.000202655
-8.26271  0.000201021
-8.25263  0.000206459
-8.24254  0.000204424
-8.23247  0.000203679
-8.22244  0.000211386
-8.21233  0.000203107
-8.2024  0.000212103
-8.19219  0.000210488
-8.18216  0.000213569
-8.17214  0.000210109
-8.16195  0.000214769
-8.15192  0.000218033
-8.14182  0.000219812
-8.13155  0.000213645
-8.12153  0.000221275
-8.11145  0.000222523
-8.10134  0.000216721
-8.09137  0.00022465
-8.08072  0.000244677
-8.07005  0.000227219
-8.06016  0.000222759
-8.05004  0.00022782
-8.03981  0.000230039
-8.02987  0.000231465
-8.01925  0.000249137
-8.00841  0.000240984
-7.99858  0.000225603
-7.98849  0.000241517
-7.97823  0.000233017
-7.96826  0.000235371
-7.95814  0.000243193
-7.94795  0.000239509
-7.93789  0.000240581
-7.92776  0.000239819
-7.91771  0.000248015
-7.90756  0.000244505
-7.89744  0.000244218
-7.88735  0.000245719
-7.87728  0.000254802
-7.86723  0.000239064
-7.85713  0.000256814
-7.84705  0.000252311
-7.83712  0.00024595
-7.82696  0.000257279
-7.81699  0.00025234
-7.80682  0.000262508
-7.79677  0.000252587
-7.78673  0.00026251
-7.77647  0.00026116
-7.76634  0.000266377
-7.75636  0.000261199
-7.74613  0.000261763
-7.73607  0.000270037
-7.72598  0.000266426
-7.71588  0.000267595
-7.70574  0.000264975
-7.69581  0.000276024
-7.68566  0.000268172
-7.67549  0.000276672
-7.66548  0.000274153
-7.65521  0.000279357
-7.64517  0.000272299
-7.63522  0.000280798
-7.62496  0.000276991
-7.61488  0.000286575
-7.60484  0.000282447
-7.59475  0.000271055
-7.58474  0.000296865
-7.57455  0.000285263
-7.5639  0.00031369
-7.55338  0.000288791
-7.54331  0.000290997
-7.5333  0.000286501
-7.52318  0.00029791
-7.51317  0.000289384
-7.50302  0.000297051
-7.493  0.000299344
-7.48288  0.000294621
-7.47269  0.000304007
-7.46272  0.000296877
-7.45262  0.000307424
-7.44244  0.000294986
-7.43261  0.000306645
-7.42247  0.000309199
-7.41216  0.000309948
-7.40221  0.000303182
-7.39165  0.000344437
-7.38109  0.000310324
-7.37105  0.000309298
-7.36058  0.000346201
-7.34975  0.000328437
-7.33967  0.000308772
-7.32964  0.000319691
-7.31903  0.000355042
-7.3081  0.00034659
-7.29753  0.000325473
-7.2873  0.000329391
-7.27724  0.000323704
-7.26723  0.000329161
-7.25707  0.000328376
-7.24695  0.000335297
-7.2363  0.000366649
-7.22528  0.000359836
-7.21474  0.000332845
-7.20467  0.000343262
-7.19459  0.00033366
-7.18454  0.000340869
-7.17437  0.000342235
-7.16375  0.000382322
-7.15309  0.000342257
-7.14303  0.000341625
-7.13297  0.000353003
-7.12287  0.000347764
-7.11283  0.000344857
-7.10285  0.000345544
-7.09267  0.000362732
-7.08264  0.000351934
-7.07251  0.000358839
-7.06231  0.000353061
-7.05234  0.000361277
-7.04183  0.000393723
-7.03123  0.000354758
-7.02111  0.000374762
-7.01096  0.000367946
-7.00087  0.000357596
-6.99087  0.000366132
-6.98082  0.000376792
-6.97057  0.00037166
-6.96055  0.00037016
-6.95047  0.000373904
-6.9403  0.000376234
-6.93027  0.000382341
-6.92019  0.000374612
-6.9101  0.000369232
-6.9001  0.000396994
-6.88996  0.000375318
-6.87994  0.000377216
-6.86982  0.000399116
-6.85967  0.000385642
-6.84911  0.00042166
-6.83844  0.000401307
-6.82833  0.00039234
-6.81812  0.000397307
-6.80806  0.000396531
-6.79799  0.000388003
-6.78784  0.000410725
-6.77787  0.000392353
-6.76731  0.000441208
-6.75657  0.000406174
-6.74653  0.000408586
-6.73648  0.000399412
-6.7262  0.000417451
-6.71621  0.000404909
-6.70613  0.000411615
-6.69602  0.000412032
-6.68596  0.000410454
-6.67586  0.000419499
-6.66578  0.000411774
-6.65578  0.000420755
-6.64564  0.000413671
-6.6351  0.000469361
-6.62454  0.000419391
-6.61447  0.000420817
-6.60428  0.000433936
-6.59421  0.000426037
-6.58413  0.000426981
-6.57399  0.00043127
-6.56402  0.000428235
-6.55394  0.000431964
-6.54386  0.000435737
-6.53379  0.000434257
-6.52366  0.000445319
-6.51358  0.000432281
-6.50356  0.000444277
-6.4934  0.000437164
-6.48332  0.000451752
-6.47321  0.000448991
-6.4631  0.000438593
-6.45303  0.000454755
-6.44297  0.000446275
-6.43295  0.00044556
-6.42279  0.000460086
-6.41276  0.000457738
-6.40255  0.00045053
-6.39207  0.000508268
-6.38147  0.000452934
-6.37123  0.000474189
-6.36126  0.000453697
-6.35127  0.00045916
-6.34106  0.000468498
-6.33109  0.00046931
-6.32101  0.000466263
-6.31085  0.000470435
-6.30082  0.000473185
-6.29082  0.000461772
-6.28072  0.000485475
-6.27062  0.000473096
-6.26051  0.000478725
-6.25033  0.000488622
-6.24034  0.000467239
-6.23031  0.000482894
-6.22012  0.00049533
-6.21014  0.000480262
-6.20004  0.000478222
-6.18995  0.000499807
-6.17986  0.000485855
-6.16983  0.000485722
-6.15979  0.000497783
-6.14965  0.000496914
-6.13961  0.000486702
-6.12962  0.000503645
-6.11961  0.000486437
-6.10949  0.000505072
-6.09943  0.000512386
-6.0893  0.000495273
-6.07917  0.000504484
-6.06923  0.000507346
-6.05921  0.000504759
-6.04907  0.000508904
-6.03894  0.000517205
-6.02837  0.000562702
-6.01723  0.000568357
-6.00664  0.00051678
-5.99652  0.00051376
-5.98646  0.000524319
-5.97635  0.000520957
-5.96628  0.000514403
-5.95625  0.000524297
-5.94617  0.000532368
-5.9361  0.000512886
-5.92597  0.000538414
-5.91584  0.00053335
-5.90576  0.00052712
-5.89566  0.000531967
-5.88552  0.000541649
-5.87539  0.000536711
-5.86524  0.000533643
-5.85521  0.000540183
-5.84521  0.000530926
-5.83507  0.000545987
-5.82512  0.000540551
-5.815  0.000539562
-5.80483  0.000549098
-5.79488  0.000549894
-5.78476  0.000542422
-5.77457  0.000554823
-5.76455  0.000555206
-5.75443  0.000552334
-5.74412  0.000563291
-5.73417  0.000550652
-5.72413  0.000554297
-5.7139  0.000569262
-5.7038  0.000560447
-5.69379  0.00054973
-5.68365  0.000574823
-5.67361  0.000564705
-5.66345  0.000562963
-5.65323  0.000577689
-5.64323  0.000569113
-5.63306  0.000566561
-5.62292  0.000574441
-5.61293  0.000578065
-5.60274  0.000568011
-5.59273  0.000573653
-5.58275  0.000576903
-5.57261  0.00057372
-5.56258  0.000580171
-5.55261  0.000575926
-5.5424  0.000587563
-5.53237  0.000585062
-5.52229  0.0005834
-5.51208  0.000589264
-5.50204  0.000591065
-5.49206  0.000578327
-5.48189  0.000597462
-5.47187  0.000589829
-5.46178  0.000592445
-5.45154  0.000610126
-5.44149  0.000579493
-5.43158  0.000594877
-5.42141  0.000607389
-5.41138  0.000588568
-5.40138  0.000600065
-5.39118  0.000615026
-5.38116  0.000593239
-5.37107  0.000610232
-5.36091  0.000607753
-5.35083  0.000609439
-5.3408  0.000607754
-5.33061  0.000618339
-5.32052  0.000605474
-5.31053  0.000610088
-5.30036  0.000624269
-5.29026  0.000613578
-5.28017  0.000616253
-5.27  0.000628588
-5.25998  0.00060726
-5.24998  0.000616951
-5.23981  0.000631636
-5.22979  0.000620038
-5.21968  0.000622893
-5.20948  0.000632039
-5.19946  0.000623811
-5.18944  0.000626073
-5.17923  0.000634887
-5.16916  0.000630205
-5.15914  0.000626123
-5.14897  0.00064137
-5.13896  0.000626703
-5.12836  0.00069694
-5.11775  0.0006437
-5.10766  0.000640011
-5.09754  0.000629285
-5.08742  0.00065454
-5.07739  0.00063462
-5.06729  0.000639086
-5.05717  0.000651012
-5.04709  0.000644169
-5.037  0.000641523
-5.02634  0.00072985
-5.01562  0.00064393
-5.0055  0.00065337
-4.99548  0.000654645
-4.98535  0.000644941
-4.97526  0.000652901
-4.96529  0.000654878
-4.9552  0.000648308
-4.94509  0.000656272
-4.93511  0.000658079
-4.92501  0.000654841
-4.91489  0.000663466
-4.90483  0.000657642
-4.8948  0.000652701
-4.88477  0.000664269
-4.87478  0.000659139
-4.86465  0.000663366
-4.85449  0.000674418
-4.84445  0.000667556
-4.8344  0.000651094
-4.82432  0.000680605
-4.81424  0.000667158
-4.80419  0.000664236
-4.79416  0.000669022
-4.78408  0.000677829
-4.77398  0.000671288
-4.76343  0.000736849
-4.75289  0.000676508
-4.7428  0.000671908
-4.73276  0.000682532
-4.72269  0.00067532
-4.71252  0.0006876
-4.70235  0.000680845
-4.69239  0.000676998
-4.68227  0.00068472
-4.6721  0.000684647
-4.66205  0.000692724
-4.65186  0.000684631
-4.64173  0.000684523
-4.63175  0.000683443
-4.62164  0.00069413
-4.61156  0.000677525
-4.60158  0.000691756
-4.59144  0.000691451
-4.58132  0.000691734
-4.57138  0.00068383
-4.56117  0.000705413
-4.55102  0.000692977
-4.54109  0.000683975
-4.531  0.000696506
-4.52086  0.000702206
-4.51083  0.000692901
-4.50069  0.000703372
-4.49059  0.000695717
-4.48062  0.000689628
-4.4705  0.000710653
-4.46034  0.000702767
-4.45028  0.000696843
-4.44018  0.00070793
-4.43008  0.000703121
-4.42006  0.00069371
-4.40992  0.000716254
-4.39981  0.00070727
-4.38976  0.000694661
-4.37966  0.000717175
-4.36956  0.000706308
-4.35907  0.00076018
-4.34852  0.000725002
-4.3384  0.000701284
-4.32838  0.000705533
-4.31825  0.000724478
-4.30815  0.000704078
-4.29812  0.000703504
-4.28804  0.000727124
-4.27796  0.000706596
-4.26789  0.000701838
-4.25785  0.000731601
-4.24771  0.000709872
-4.23763  0.000713404
-4.2275  0.000729473
-4.21736  0.000710739
-4.20731  0.000715674
-4.19722  0.000730623
-4.18709  0.000705618
-4.17712  0.000717529
-4.16703  0.000729761
-4.15686  0.000712181
-4.14685  0.000722205
-4.13674  0.000731498
-4.12663  0.000712762
-4.11661  0.000719805
-4.10651  0.000730916
-4.09639  0.000721183
-4.08637  0.000717482
-4.07624  0.000737068
-4.06606  0.000723031
-4.05608  0.00071958
-4.04597  0.000734959
-4.03587  0.00071495
-4.02586  0.000728964
-4.01573  0.000735577
-4.00558  0.000726447
-3.99506  0.000788672
-3.98462  0.000729105
-3.97454  0.000720119
-3.96449  0.000735277
-3.95431  0.000737498
-3.94416  0.000737185
-3.93401  0.000728792
-3.92389  0.000737378
-3.9138  0.000726116
-3.90376  0.000729932
-3.89371  0.000734549
-3.88357  0.000732481
-3.87346  0.000733043
-3.86341  0.000734066
-3.8533  0.000735707
-3.84322  0.000722294
-3.83323  0.000741569
-3.82309  0.000729946
-3.81297  0.000739115
-3.80291  0.000740344
-3.79269  0.000734888
-3.7826  0.000739706
-3.77251  0.000736932
-3.76238  0.000732012
-3.7523  0.000740996
-3.74223  0.000742682
-3.73202  0.000728323
-3.72204  0.000736529
-3.71203  0.000733502
-3.70183  0.000744453
-3.69178  0.000732496
-3.68169  0.000743225
-3.67154  0.000734405
-3.66145  0.000746006
-3.65138  0.00073249
-3.64119  0.000746917
-3.63109  0.000740488
-3.62104  0.000727124
-3.61093  0.00074777
-3.60046  0.000791709
-3.59004  0.000735795
-3.57993  0.00073768
-3.56979  0.000749617
-3.55979  0.000721411
-3.54964  0.00075492
-3.53954  0.000736215
-3.52949  0.000728842
-3.5194  0.000751324
-3.50926  0.000737157
-3.49922  0.00073207
-3.48916  0.000742259
-3.4791  0.000734966
-3.46907  0.000728738
-3.45893  0.00076145
-3.44885  0.00072189
-3.43877  0.000742448
-3.42868  0.000745468
-3.41852  0.000740462
-3.40847  0.0007333
-3.39841  0.000741696
-3.38835  0.000733211
-3.37829  0.000732841
-3.36823  0.000750743
-3.3581  0.000728772
-3.34804  0.00073792
-3.338  0.000746735
-3.32782  0.000733157
-3.31777  0.00074163
-3.30763  0.000741666
-3.29759  0.000733691
-3.28751  0.000732969
-3.27743  0.000746817
-3.26737  0.000722961
-3.25736  0.000743567
-3.24727  0.000731605
-3.23717  0.000738806
-3.22717  0.000727591
-3.21702  0.000753612
-3.20696  0.000724367
-3.19689  0.000732518
-3.18681  0.00075036
-3.17677  0.000713099
-3.16676  0.000744689
-3.15658  0.000738721
-3.14659  0.000728003
-3.13652  0.000734512
-3.12635  0.000742288
-3.11633  0.000725221
-3.10628  0.000734112
-3.09621  0.000738241
-3.08609  0.00072715
-3.0761  0.000731264
-3.066  0.000738528
-3.05542  0.000802813
-3.04489  0.000716065
-3.0349  0.000745624
-3.02475  0.000728954
-3.01462  0.000732121
-3.0046  0.000731616
-2.99441  0.000740924
-2.98435  0.000718612
-2.97428  0.000739899
-2.96416  0.000726498
-2.95362  0.000795994
-2.94312  0.000734563
-2.93295  0.000720456
-2.92293  0.000732743
-2.91284  0.000733281
-2.90229  0.000782136
-2.89179  0.000732629
-2.88168  0.000730544
-2.87157  0.00072343
-2.8615  0.000727501
-2.85148  0.000717627
-2.84138  0.000729591
-2.83137  0.000719643
-2.82127  0.000728065
-2.81109  0.000728672
-2.80103  0.000721318
-2.79101  0.000720669
-2.78087  0.000721816
-2.77079  0.000732567
-2.7607  0.00071429
-2.75054  0.000729055
-2.74052  0.000712264
-2.73043  0.000726472
-2.72027  0.000725059
-2.71018  0.000716511
-2.70014  0.000716874
-2.68991  0.000733764
-2.67987  0.000708897
-2.66977  0.000718951
-2.65963  0.000725324
-2.64962  0.000701727
-2.63957  0.000720242
-2.62953  0.000708877
-2.61947  0.000712897
-2.60945  0.000713826
-2.59934  0.000712927
-2.5893  0.000711633
-2.57922  0.000711797
-2.56915  0.000713613
-2.55903  0.000709198
-2.54896  0.000715393
-2.53889  0.000707276
-2.52876  0.000712569
-2.51877  0.000699466
-2.50863  0.000723043
-2.49852  0.000700033
-2.4885  0.000701619
-2.4784  0.000721961
-2.46822  0.000697955
-2.45825  0.000706227
-2.44807  0.000709464
-2.43795  0.000709348
-2.42793  0.000692935
-2.41782  0.000713343
-2.40775  0.000692207
-2.39774  0.000701679
-2.38766  0.000703156
-2.37751  0.000704318
-2.36698  0.000764629
-2.35592  0.000765238
-2.34544  0.000694104
-2.33538  0.000690737
-2.32537  0.000701331
-2.31526  0.000696777
-2.30517  0.000691922
-2.29512  0.00069884
-2.28499  0.000699763
-2.27482  0.000693022
-2.26476  0.000699804
-2.25464  0.000690955
-2.24443  0.000700379
-2.23441  0.000693024
-2.22424  0.000686693
-2.21413  0.000698605
-2.20402  0.000692904
-2.19393  0.000680836
-2.18386  0.000690536
-2.17378  0.000693445
-2.16368  0.000674192
-2.15362  0.000699005
-2.14352  0.000679549
-2.13346  0.000675067
-2.12347  0.000691849
-2.11324  0.000691598
-2.10318  0.000667917
-2.09317  0.000688503
-2.08308  0.000679708
-2.07248  0.000743632
-2.06199  0.000675391
-2.0519  0.000684073
-2.04172  0.000683454
-2.03168  0.000669938
-2.0216  0.000680538
-2.01149  0.000677564
-2.00137  0.000676974
-1.99133  0.0006702
-1.98117  0.000683681
-1.97106  0.000670977
-1.961  0.000669252
-1.9509  0.000678292
-1.94078  0.000666601
-1.93071  0.000674086
-1.92058  0.000674985
-1.91043  0.000667218
-1.9004  0.000665671
-1.89021  0.000680087
-1.88015  0.000656592
-1.87006  0.000667694
-1.86001  0.000667027
-1.84991  0.000659008
-1.83985  0.000668295
-1.82976  0.000657321
-1.81972  0.000664319
-1.80964  0.000657745
-1.7996  0.000657069
-1.78963  0.000652157
-1.77955  0.000660878
-1.76946  0.000662357
-1.75934  0.000657078
-1.74929  0.000655359
-1.7391  0.000663708
-1.72905  0.000654147
-1.71897  0.000650265
-1.70884  0.000661818
-1.69875  0.00065405
-1.68864  0.000649234
-1.67854  0.000656151
-1.66846  0.000650235
-1.65846  0.000641365
-1.64832  0.000657596
-1.63828  0.000645278
-1.62822  0.000639657
-1.61812  0.000664522
-1.60804  0.000627066
-1.5981  0.000647233
-1.58794  0.000651868
-1.57783  0.00064471
-1.56775  0.000640426
-1.55767  0.00064769
-1.54761  0.000637048
-1.53746  0.000646447
-1.52738  0.000645125
-1.51729  0.000632552
-1.50722  0.000642601
-1.49716  0.00063712
-1.48706  0.000640462
-1.47693  0.000636321
-1.46696  0.000633652
-1.45684  0.000634235
-1.44667  0.000645892
-1.43662  0.000631136
-1.42651  0.000631353
-1.41643  0.000636954
-1.40636  0.000630265
-1.3962  0.000637948
-1.38605  0.000633954
-1.37598  0.00063142
-1.36589  0.000620217
-1.35588  0.000637417
-1.34577  0.000619703
-1.33571  0.000626608
-1.32568  0.000633087
-1.31501  0.000686363
-1.30445  0.000622099
-1.29443  0.000624388
-1.28431  0.000629389
-1.27422  0.000616931
-1.26423  0.000620144
-1.2541  0.000624949
-1.24402  0.000624013
-1.23397  0.000610911
-1.22394  0.000623371
-1.2139  0.000615474
-1.20379  0.000620245
-1.19368  0.000621334
-1.18357  0.000619896
-1.17347  0.000614582
-1.16342  0.000617563
-1.15333  0.000614422
-1.14321  0.000612769
-1.13319  0.000620793
-1.12307  0.000609048
-1.11296  0.000613349
-1.10291  0.00061837
-1.09275  0.000611492
-1.08268  0.000606295
-1.07263  0.000619236
-1.06251  0.000603062
-1.05247  0.000606678
-1.04243  0.000615516
-1.03231  0.000598107
-1.02228  0.000614417
-1.0122  0.000607082
-1.00204  0.000604912
-0.991957  0.000613075
-0.981866  0.000605286
-0.971706  0.000602836
-0.961627  0.000613388
-0.951502  0.00060227
-0.941305  0.000607273
-0.931276  0.00060648
-0.920671  0.000652947
-0.910103  0.000604458
-0.900102  0.000599969
-0.889966  0.000601026
-0.879873  0.000597415
-0.869898  0.000601609
-0.859825  0.000584747
-0.849796  0.000606741
-0.839762  0.000594396
-0.829629  0.000595917
-0.819545  0.000602514
-0.809448  0.000597665
-0.799282  0.000595991
-0.789186  0.000601918
-0.779081  0.000597488
-0.768876  0.000593482
-0.758827  0.000601662
-0.748691  0.000591288
-0.738509  0.00060148
-0.728441  0.000591217
-0.71832  0.000595147
-0.708108  0.000598835
-0.698049  0.000591275
-0.687885  0.000596121
-0.677755  0.000589667
-0.667744  0.000589296
-0.657597  0.000590592
-0.647476  0.000597761
-0.637362  0.000585222
-0.627231  0.000594272
-0.617161  0.00058562
-0.60701  0.000596388
-0.596833  0.000587493
-0.586778  0.000590956
-0.576566  0.000592488
-0.566478  0.000582047
-0.556465  0.000586904
-0.546345  0.000583071
-0.536289  0.000588099
-0.526282  0.000576238
-0.51618  0.000589326
-0.506134  0.000581542
-0.496064  0.000585066
-0.485957  0.000580889
-0.475947  0.000584414
-0.465838  0.000581588
-0.455679  0.000591612
-0.445525  0.000589102
-0.435371  0.000577556
-0.425295  0.000587766
-0.415255  0.000575429
-0.405173  0.000580361
-0.395166  0.000580489
-0.38509  0.000580677
-0.375032  0.000572749
-0.364966  0.000592583
-0.354819  0.000574889
-0.344715  0.000582598
-0.334628  0.000586792
-0.324493  0.000574225
-0.314418  0.000581111
-0.304294  0.000589134
-0.294188  0.000567117
-0.284167  0.000584138
-0.274043  0.000582061
-0.263938  0.000574162
-0.253808  0.000587901
-0.243715  0.000575757
-0.233601  0.000576249
-0.223582  0.000576653
-0.213513  0.000579248
-0.203389  0.00057619
-0.193324  0.000579946
-0.18322  0.00058002
-0.173129  0.000569991
-0.162616  0.000637767
-0.151625  0.000620079
-0.141078  0.000584872
-0.13103  0.000568842
-0.120953  0.000582103
-0.110766  0.000581443
-0.100687  0.000575096
-0.0906122  0.000575801
-0.0804411  0.000586601
-0.0703465  0.000570138
-0.060247  0.000582743
-0.0500977  0.000578328
-0.0400459  0.000569736
-0.0299348  0.000588439
-0.0197692  0.000573599
-0.00973354  0.000572947
-0.0023416  0.000270017
0.0023416  0.000270017
0.00973354  0.000572947
0.0197692  0.000573599
0.0299348  0.000588439
0.0400459  0.000569736
0.0500977  0.000578328
0.060247  0.000582743
0.0703465  0.000570138
0.0804411  0.000586601
0.0906122  0.000575801
0.100687  0.000575096
0.110766  0.000581443
0.120953  0.000582103
0.13103  0.000568842
0.141078  0.000584872
0.151625  0.000620079
0.162616  0.000637767
0.173129  0.000569991
0.18322  0.00058002
0.193324  0.000579946
0.203389  0.00057619
0.213513  0.000579248
0.223582  0.000576653
0.233601  0.000576249
0.243715  0.000575757
0.253808  0.000587901
0.263938  0.000574162
0.274043  0.000582061
0.284167  0.000584138
0.294188  0.000567117
0.304294  0.000589134
0.314418  0.000581111
0.324493  0.000574225
0.334628  0.000586792
0.344715  0.000582598
0.354819  0.000574889
0.364966  0.000592583
0.375032  0.000572749
0.38509  0.000580677
0.395166  0.000580489
0.405173  0.000580361
0.415255  0.000575429
0.425295  0.000587766
0.435371  0.000577556
0.445525  0.000589102
0.455679  0.000591612
0.465838  0.000581588
0.475947  0.000584414
0.485957  0.000580889
0.496064  0.000585066
0.506134  0.000581542
0.51618  0.000589326
0.526282  0.000576238
0.536289  0.000588099
0.546345  0.000583071
0.556465  0.000586904
0.566478  0.000582047
0.576566  0.000592488
0.586778  0.000590956
0.596833  0.000587493
0.60701  0.000596388
0.617161  0.00058562
0.627231  0.000594272
0.637362  0.000585222
0.647476  0.000597761
0.657597  0.000590592
0.667744  0.000589296
0.677755  0.000589667
0.687885  0.000596121
0.698049  0.000591275
0.708108  0.000598835
0.71832  0.000595147
0.728441  0.000591217
0.738509  0.00060148
0.748691  0.000591288
0.758827  0.000601662
0.768876  0.000593482
0.779081  0.000597488
0.789186  0.000601918
0.799282  0.000595991
0.809448  0.000597665
0.819545  0.000602514
0.829629  0.000595917
0.839762  0.000594396
0.849796  0.000606741
0.859825  0.000584747
0.869898  0.000601609
0.879873  0.000597415
0.889966  0.000601026
0.900102  0.000599969
0.910103  0.000604458
0.920671  0.000652947
0.931276  0.00060648
0.941305  0.000607273
0.951502  0.00060227
0.961627  0.000613388
0.971706  0.000602836
0.981866  0.000605286
0.991957  0.000613075
1.00204  0.000604912
1.0122  0.000607082
1.02228  0.000614417
1.03231  0.000598107
1.04243  0.000615516
1.05247  0.000606678
1.06251  0.000603062
1.07263  0.000619236
1.08268  0.000606295
1.09275  0.000611492
1.10291  0.00061837
1.11296  0.000613349
1.12307  0.000609048
1.13319  0.000620793
1.14321  0.000612769
1.15333  0.000614422
1.16342  0.000617563
1.17347  0.000614582
1.18357  0.000619896
1.19368  0.000621334
1.20379  0.000620245
1.2139  0.000615474
1.22394  0.000623371
1.23397  0.000610911
1.24402  0.000624013
1.2541  0.000624949
1.26423  0.000620144
1.27422  0.000616931
1.28431  0.000629389
1.29443  0.000624388
1.30445  0.000622099
1.31501  0.000686363
1.32568  0.000633087
1.33571  0.000626608
1.34577  0.000619703
1.35588  0.000637417
1.36589  0.000620217
1.37598  0.00063142
1.38605  0.000633954
1.3962  0.000637948
1.40636  0.000630265
1.41643  0.000636954
1.42651  0.000631353
1.43662  0.000631136
1.44667  0.000645892
1.45684  0.000634235
1.46696  0.000633652
1.47693  0.000636321
1.48706  0.000640462
1.49716  0.00063712
1.50722  0.000642601
1.51729  0.000632552
1.52738  0.000645125
1.53746  0.000646447
1.54761  0.000637048
1.55767  0.00064769
1.56775  0.000640426
1.57783  0.00064471
1.58794  0.000651868
1.5981  0.000647233
1.60804  0.000627066
1.61812  0.000664522
1.62822  0.000639657
1.63828  0.000645278
1.64832  0.000657596
1.65846  0.000641365
1.66846  0.000650235
1.67854  0.000656151
1.68864  0.000649234
1.69875  0.00065405
1.70884  0.000661818
1.71897  0.000650265
1.72905  0.000654147
1.7391  0.000663708
1.74929  0.000655359
1.75934  0.000657078
1.76946  0.000662357
1.77955  0.000660878
1.78963  0.000652157
1.7996  0.000657069
1.80964  0.000657745
1.81972  0.000664319
1.82976  0.000657321
1.83985  0.000668295
1.84991  0.000659008
1.86001  0.000667027
1.87006  0.000667694
1.88015  0.000656592
1.89021  0.000680087
1.9004  0.000665671
1.91043  0.000667218
1.92058  0.000674985
1.93071  0.000674086
1.94078  0.000666601
1.9509  0.000678292
1.961  0.000669252
1.97106  0.000670977
1.98117  0.000683681
1.99133  0.0006702
2.00137  0.000676974
2.01149  0.000677564
2.0216  0.000680538
2.03168  0.000669938
2.04172  0.000683454
2.0519  0.000684073
2.06199  0.000675391
2.07248  0.000743632
2.08308  0.000679708
2.09317  0.000688503
2.10318  0.000667917
2.11324  0.000691598
2.12347  0.000691849
2.13346  0.000675067
2.14352  0.000679549
2.15362  0.000699005
2.16368  0.000674192
2.17378  0.000693445
2.18386  0.000690536
2.19393  0.000680836
2.20402  0.000692904
2.21413  0.000698605
2.22424  0.000686693
2.23441  0.000693024
2.24443  0.000700379
2.25464  0.000690955
2.26476  0.000699804
2.27482  0.000693022
2.28499  0.000699763
2.29512  0.00069884
2.30517  0.000691922
2.31526  0.000696777
2.32537  0.000701331
2.33538  0.000690737
2.34544  0.000694104
2.35592  0.000765238
2.36698  0.000764629
2.37751  0.000704318
2.38766  0.000703156
2.39774  0.000701679
2.40775  0.000692207
2.41782  0.000713343
2.42793  0.000692935
2.43795  0.000709348
2.44807  0.000709464
2.45825  0.000706227
2.46822  0.000697955
2.4784  0.000721961
2.4885  0.000701619
2.49852  0.000700033
2.50863  0.000723043
2.51877  0.000699466
2.52876  0.000712569
2.53889  0.000707276
2.54896  0.000715393
2.55903  0.000709198
2.56915  0.000713613
2.57922  0.000711797
2.5893  0.000711633
2.59934  0.000712927
2.60945  0.000713826
2.61947  0.000712897
2.62953  0.000708877
2.63957  0.000720242
2.64962  0.000701727
2.65963  0.000725324
2.66977  0.000718951
2.67987  0.000708897
2.68991  0.000733764
2.70014  0.000716874
2.71018  0.000716511
2.72027  0.000725059
2.73043  0.000726472
2.74052  0.000712264
2.75054  0.000729055
2.7607  0.00071429
2.77079  0.000732567
2.78087  0.000721816
2.79101  0.000720669
2.80103  0.000721318
2.81109  0.000728672
2.82127  0.000728065
2.83137  0.000719643
2.84138  0.000729591
2.85148  0.000717627
2.8615  0.000727501
2.87157  0.00072343
2.88168  0.000730544
2.89179  0.000732629
2.90229  0.000782136
2.91284  0.000733281
2.92293  0.000732743
2.93295  0.000720456
2.94312  0.000734563
2.95362  0.000795994
2.96416  0.000726498
2.97428  0.000739899
2.98435  0.000718612
2.99441  0.000740924
3.0046  0.000731616
3.01462  0.000732121
3.02475  0.000728954
3.0349  0.000745624
3.04489  0.000716065
3.05542  0.000802813
3.066  0.000738528
3.0761  0.000731264
3.08609  0.00072715
3.09621  0.000738241
3.10628  0.000734112
3.11633  0.000725221
3.12635  0.000742288
3.13652  0.000734512
3.14659  0.000728003
3.15658  0.000738721
3.16676  0.000744689
3.17677  0.000713099
3.18681  0.00075036
3.19689  0.000732518
3.20696  0.000724367
3.21702  0.000753612
3.22717  0.000727591
3.23717  0.000738806
3.24727  0.000731605
3.25736  0.000743567
3.26737  0.000722961
3.27743  0.000746817
3.28751  0.000732969
3.29759  0.000733691
3.30763  0.000741666
3.31777  0.00074163
3.32782  0.000733157
3.338  0.000746735
3.34804  0.00073792
3.3581  0.000728772
3.36823  0.000750743
3.37829  0.000732841
3.38835  0.000733211
3.39841  0.000741696
3.40847  0.0007333
3.41852  0.000740462
3.42868  0.000745468
3.43877  0.000742448
3.44885  0.00072189
3.45893  0.00076145
3.46907  0.000728738
3.4791  0.000734966
3.48916  0.000742259
3.49922  0.00073207
3.50926  0.000737157
3.5194  0.000751324
3.52949  0.000728842
3.53954  0.000736215
3.54964  0.00075492
3.55979  0.000721411
3.56979  0.000749617
3.57993  0.00073768
3.59004  0.000735795
3.60046  0.000791709
3.61093  0.00074777
3.62104  0.000727124
3.63109  0.000740488
3.64119  0.000746917
3.65138  0.00073249
3.66145  0.000746006
3.67154  0.000734405
3.68169  0.000743225
3.69178  0.000732496
3.70183  0.000744453
3.71203  0.000733502
3.72204  0.000736529
3.73202  0.000728323
3.74223  0.000742682
3.7523  0.000740996
3.76238  0.000732012
3.77251  0.000736932
3.7826  0.000739706
3.79269  0.000734888
3.80291  0.000740344
3.81297  0.000739115
3.82309  0.000729946
3.83323  0.000741569
3.84322  0.000722294
3.8533  0.000735707
3.86341  0.000734066
3.87346  0.000733043
3.88357  0.000732481
3.89371  0.000734549
3.90376  0.000729932
3.9138  0.000726116
3.92389  0.000737378
3.93401  0.000728792
3.94416  0.000737185
3.95431  0.000737498
3.96449  0.000735277
3.97454  0.000720119
3.98462  0.000729105
3.99506  0.000788672
4.00558  0.000726447
4.01573  0.000735577
4.02586  0.000728964
4.03587  0.00071495
4.04597  0.000734959
4.05608  0.00071958
4.06606  0.000723031
4.07624  0.000737068
4.08637  0.000717482
4.09639  0.000721183
4.10651  0.000730916
4.11661  0.000719805
4.12663  0.000712762
4.13674  0.000731498
4.14685  0.000722205
4.15686  0.000712181
4.16703  0.000729761
4.17712  0.000717529
4.18709  0.000705618
4.19722  0.000730623
4.20731  0.000715674
4.21736  0.000710739
4.2275  0.000729473
4.23763  0.000713404
4.24771  0.000709872
4.25785  0.000731601
4.26789  0.000701838
4.27796  0.000706596
4.28804  0.000727124
4.29812  0.000703504
4.30815  0.000704078
4.31825  0.000724478
4.32838  0.000705533
4.3384  0.000701284
4.34852  0.000725002
4.35907  0.00076018
4.36956  0.000706308
4.37966  0.000717175
4.38976  0.000694661
4.39981  0.00070727
4.40992  0.000716254
4.42006  0.00069371
4.43008  0.000703121
4.44018  0.00070793
4.45028  0.000696843
4.46034  0.000702767
4.4705  0.000710653
4.48062  0.000689628
4.49059  0.000695717
4.50069  0.000703372
4.51083  0.000692901
4.52086  0.000702206
4.531  0.000696506
4.54109  0.000683975
4.55102  0.000692977
4.56117  0.000705413
4.57138  0.00068383
4.58132  0.000691734
4.59144  0.000691451
4.60158  0.000691756
4.61156  0.000677525
4.62164  0.00069413
4.63175  0.000683443
4.64173  0.000684523
4.65186  0.000684631
4.66205  0.000692724
4.6721  0.000684647
4.68227  0.00068472
4.69239  0.000676998
4.70235  0.000680845
4.71252  0.0006876
4.72269  0.00067532
4.73276  0.000682532
4.7428  0.000671908
4.75289  0.000676508
4.76343  0.000736849
4.77398  0.000671288
4.78408  0.000677829
4.79416  0.000669022
4.80419  0.000664236
4.81424  0.000667158
4.82432  0.000680605
4.8344  0.000651094
4.84445  0.000667556
4.85449  0.000674418
4.86465  0.000663366
4.87478  0.000659139
4.88477  0.000664269
4.8948  0.000652701
4.90483  0.000657642
4.91489  0.000663466
4.92501  0.000654841
4.93511  0.000658079
4.94509  0.000656272
4.9552  0.000648308
4.96529  0.000654878
4.97526  0.000652901
4.98535  0.000644941
4.99548  0.000654645
5.0055  0.00065337
5.01562  0.00064393
5.02634  0.00072985
5.037  0.000641523
5.04709  0.000644169
5.05717  0.000651012
5.06729  0.000639086
5.07739  0.00063462
5.08742  0.00065454
5.09754  0.000629285
5.10766  0.000640011
5.11775  0.0006437
5.12836  0.00069694
5.13896  0.000626703
5.14897  0.00064137
5.15914  0.000626123
5.16916  0.000630205
5.17923  0.000634887
5.18944  0.000626073
5.19946  0.000623811
5.20948  0.000632039
5.21968  0.000622893
5.22979  0.000620038
5.23981  0.000631636
5.24998  0.000616951
5.25998  0.00060726
5.27  0.000628588
5.28017  0.000616253
5.29026  0.000613578
5.30036  0.000624269
5.31053  0.000610088
5.32052  0.000605474
5.33061  0.000618339
5.3408  0.000607754
5.35083  0.000609439
5.36091  0.000607753
5.37107  0.000610232
5.38116  0.000593239
5.39118  0.000615026
5.40138  0.000600065
5.41138  0.000588568
5.42141  0.000607389
5.43158  0.000594877
5.44149  0.000579493
5.45154  0.000610126
5.46178  0.000592445
5.47187  0.000589829
5.48189  0.000597462
5.49206  0.000578327
5.50204  0.000591065
5.51208  0.000589264
5.52229  0.0005834
5.53237  0.000585062
5.5424  0.000587563
5.55261  0.000575926
5.56258  0.000580171
5.57261  0.00057372
5.58275  0.000576903
5.59273  0.000573653
5.60274  0.000568011
5.61293  0.000578065
5.62292  0.000574441
5.63306  0.000566561
5.64323  0.000569113
5.65323  0.000577689
5.66345  0.000562963
5.67361  0.000564705
5.68365  0.000574823
5.69379  0.00054973
5.7038  0.000560447
5.7139  0.000569262
5.72413  0.000554297
5.73417  0.000550652
5.74412  0.000563291
5.75443  0.000552334
5.76455  0.000555206
5.77457  0.000554823
5.78476  0.000542422
5.79488  0.000549894
5.80483  0.000549098
5.815  0.000539562
5.82512  0.000540551
5.83507  0.000545987
5.84521  0.000530926
5.85521  0.000540183
5.86524  0.000533643
5.87539  0.000536711
5.88552  0.000541649
5.89566  0.000531967
5.90576  0.00052712
5.91584  0.00053335
5.92597  0.000538414
5.9361  0.000512886
5.94617  0.000532368
5.95625  0.000524297
5.96628  0.000514403
5.97635  0.000520957
5.98646  0.000524319
5.99652  0.00051376
6.00664  0.00051678
6.01723  0.000568357
6.02837  0.000562702
6.03894  0.000517205
6.04907  0.000508904
6.05921  0.000504759
6.06923  0.000507346
6.07917  0.000504484
6.0893  0.000495273
6.09943  0.000512386
6.10949  0.000505072
6.11961  0.000486437
6.12962  0.000503645
6.13961  0.000486702
6.14965  0.000496914
6.15979  0.000497783
6.16983  0.000485722
6.17986  0.000485855
6.18995  0.000499807
6.20004  0.000478222
6.21014  0.000480262
6.22012  0.00049533
6.23031  0.000482894
6.24034  0.000467239
6.25033  0.000488622
6.26051  0.000478725
6.27062  0.000473096
6.28072  0.000485475
6.29082  0.000461772
6.30082  0.000473185
6.31085  0.000470435
6.32101  0.000466263
6.33109  0.00046931
6.34106  0.000468498
6.35127  0.00045916
6.36126  0.000453697
6.37123  0.000474189
6.38147  0.000452934
6.39207  0.000508268
6.40255  0.00045053
6.41276  0.000457738
6.42279  0.000460086
6.43295  0.00044556
6.44297  0.000446275
6.45303  0.000454755
6.4631  0.000438593
6.47321  0.000448991
6.48332  0.000451752
6.4934  0.000437164
6.50356  0.000444277
6.51358  0.000432281
6.52366  0.000445319
6.53379  0.000434257
6.54386  0.000435737
6.55394  0.000431964
6.56402  0.000428235
6.57399  0.00043127
6.58413  0.000426981
6.59421  0.000426037
6.60428  0.000433936
6.61447  0.000420817
6.62454  0.000419391
6.6351  0.000469361
6.64564  0.000413671
6.65578  0.000420755
6.66578  0.000411774
6.67586  0.000419499
6.68596  0.000410454
6.69602  0.000412032
6.70613  0.000411615
6.71621  0.000404909
6.7262  0.000417451
6.73648  0.000399412
6.74653  0.000408586
6.75657  0.000406174
6.76731  0.000441208
6.77787  0.000392353
6.78784  0.000410725
6.79799  0.000388003
6.80806  0.000396531
6.81812  0.000397307
6.82833  0.00039234
6.83844  0.000401307
6.84911  0.00042166
6.85967  0.000385642
6.86982  0.000399116
6.87994  0.000377216
6.88996  0.000375318
6.9001  0.000396994
6.9101  0.000369232
6.92019  0.000374612
6.93027  0.000382341
6.9403  0.000376234
6.95047  0.000373904
6.96055  0.00037016
6.97057  0.00037166
6.98082  0.000376792
6.99087  0.000366132
7.00087  0.000357596
7.01096  0.000367946
7.02111  0.000374762
7.03123  0.000354758
7.04183  0.000393723
7.05234  0.000361277
7.06231  0.000353061
7.07251  0.000358839
7.08264  0.000351934
7.09267  0.000362732
7.10285  0.000345544
7.11283  0.000344857
7.12287  0.000347764
7.13297  0.000353003
7.14303  0.000341625
7.15309  0.000342257
7.16375  0.000382322
7.17437  0.000342235
7.18454  0.000340869
7.19459  0.00033366
7.20467  0.000343262
7.21474  0.000332845
7.22528  0.000359836
7.2363  0.000366649
7.24695  0.000335297
7.25707  0.000328376
7.26723  0.000329161
7.27724  0.000323704
7.2873  0.000329391
7.29753  0.000325473
7.3081  0.00034659
7.31903  0.000355042
7.32964  0.000319691
7.33967  0.000308772
7.34975  0.000328437
7.36058  0.000346201
7.37105  0.000309298
7.38109  0.000310324
7.39165  0.000344437
7.40221  0.000303182
7.41216  0.000309948
7.42247  0.000309199
7.43261  0.000306645
7.44244  0.000294986
7.45262  0.000307424
7.46272  0.000296877
7.47269  0.000304007
7.48288  0.000294621
7.493  0.000299344
7.50302  0.000297051
7.51317  0.000289384
7.52318  0.00029791
7.5333  0.000286501
7.54331  0.000290997
7.55338  0.000288791
7.5639  0.00031369
7.57455  0.000285263
7.58474  0.000296865
7.59475  0.000271055
7.60484  0.000282447
7.61488  0.000286575
7.62496  0.000276991
7.63522  0.000280798
7.64517  0.000272299
7.65521  0.000279357
7.66548  0.000274153
7.67549  0.000276672
7.68566  0.000268172
7.69581  0.000276024
7.70574  0.000264975
7.71588  0.000267595
7.72598  0.000266426
7.73607  0.000270037
7.74613  0.000261763
7.75636  0.000261199
7.76634  0.000266377
7.77647  0.00026116
7.78673  0.00026251
7.79677  0.000252587
7.80682  0.000262508
7.81699  0.00025234
7.82696  0.000257279
7.83712  0.00024595
7.84705  0.000252311
7.85713  0.000256814
7.86723  0.000239064
7.87728  0.000254802
7.88735  0.000245719
7.89744  0.000244218
7.90756  0.000244505
7.91771  0.000248015
7.92776  0.000239819
7.93789  0.000240581
7.94795  0.000239509
7.95814  0.000243193
7.96826  0.000235371
7.97823  0.000233017
7.98849  0.000241517
7.99858  0.000225603
8.00841  0.000240984
8.01925  0.000249137
8.02987  0.000231465
8.03981  0.000230039
8.05004  0.00022782
8.06016  0.000222759
8.07005  0.000227219
8.08072  0.000244677
8.09137  0.00022465
8.10134  0.000216721
8.11145  0.000222523
8.12153  0.000221275
8.13155  0.000213645
8.14182  0.000219812
8.15192  0.000218033
8.16195  0.000214769
8.17214  0.000210109
8.18216  0.000213569
8.19219  0.000210488
8.2024  0.000212103
8.21233  0.000203107
8.22244  0.000211386
8.23247  0.000203679
8.24254  0.000204424
8.25263  0.000206459
8.26271  0.000201021
8.27272  0.000202655
8.28273  0.000197052
8.29293  0.000202977
8.30304  0.000198547
8.31301  0.000200685
8.32335  0.00019512
8.33327  0.000192683
8.3438  0.000216103
8.3546  0.000197012
8.36509  0.000203225
8.37552  0.000193859
8.38588  0.000197169
8.39605  0.000184489
8.4061  0.000187057
8.41632  0.000194957
8.42632  0.000176161
8.43631  0.000188308
8.44658  0.000185454
8.45658  0.000178961
8.46668  0.000183758
8.47675  0.000176647
8.48675  0.000180125
8.49688  0.00018269
8.5072  0.00018066
8.51721  0.00016854
8.52721  0.000178829
8.53737  0.000177454
8.54743  0.000167403
8.55758  0.000177044
8.56773  0.000171289
8.57766  0.000166817
8.58779  0.000171067
8.5981  0.000173818
8.60816  0.000164733
8.61832  0.000167013
8.62843  0.000165746
8.63845  0.000163683
8.64857  0.000165995
8.65876  0.000162046
8.66887  0.000160167
8.67898  0.00016408
8.68915  0.000160642
8.69912  0.00015245
8.70924  0.000161102
8.71944  0.000160848
8.72938  0.000148004
8.73953  0.000160792
8.74974  0.000153791
8.75964  0.000149652
8.76984  0.000154844
8.77993  0.00014697
8.78991  0.000153822
8.80016  0.000150685
8.81017  0.000147376
8.8202  0.000144003
8.83042  0.000150599
8.84059  0.000149736
8.85105  0.000151664
8.86167  0.000147335
8.8718  0.000144037
8.88179  0.000139677
8.89192  0.000140499
8.9024  0.000156494
8.91355  0.000150396
8.92404  0.000140264
8.93427  0.000136563
8.94431  0.000138031
8.95435  0.000135844
8.96449  0.000136018
8.97481  0.000133245
8.98481  0.000137197
8.9949  0.000131237
9.00504  0.000128356
9.01505  0.000134143
9.02528  0.000131358
9.03532  0.000125659
9.04537  0.00013069
9.05561  0.000128047
9.06564  0.000126501
9.07577  0.000128966
9.08601  0.000120781
9.09593  0.000124686
9.10601  0.000126682
9.11625  0.000121351
9.12636  0.000123529
9.1366  0.000122842
9.14651  0.000117812
9.15705  0.000128785
9.16763  0.000121855
9.17781  0.000118715
9.18832  0.000127362
9.1989  0.00011603
9.20908  0.000117582
9.21904  0.000111636
9.22911  0.000118189
9.23942  0.000111753
9.24951  0.000113146
9.25938  0.000110151
9.26966  0.000112695
9.27971  0.000108813
9.28984  0.000113539
9.3  0.000107124
9.31008  0.00010754
9.32013  0.000109396
9.33039  0.000108113
9.3404  0.000103677
9.35048  0.000106226
9.36068  0.000105101
9.37064  0.00010264
9.38081  0.000107548
9.39109  9.74812e-05
9.40134  0.000112182
9.41189  0.000102574
9.4222  9.75245e-05
9.43197  0.000100737
9.44284  0.000111601
9.45352  9.77701e-05
9.46356  9.71675e-05
9.47375  9.95769e-05
9.48386  9.52011e-05
9.49382  9.43641e-05
9.50408  9.69167e-05
9.51414  9.25554e-05
9.52387  9.15104e-05
9.53413  9.45962e-05
9.54423  9.06656e-05
9.55418  9.37828e-05
9.56431  9.04886e-05
9.57448  8.91974e-05
9.5844  9.05623e-05
9.59469  9.06623e-05
9.60488  8.96774e-05
9.61479  8.55256e-05
9.62506  9.07801e-05
9.6352  8.6577e-05
9.64525  8.35189e-05
9.6554  8.84158e-05
9.6656  8.63142e-05
9.67607  9.10057e-05
9.68689  8.45607e-05
9.69709  8.42949e-05
9.7071  8.21657e-05
9.71768  9.06312e-05
9.72858  8.19021e-05
9.73838  8.01457e-05
9.74857  7.99449e-05
9.75891  8.07906e-05
9.76894  7.73608e-05
9.77897  8.03076e-05
9.78953  8.43672e-05
9.79976  7.34318e-05
9.8099  7.7547e-05
9.82016  7.99065e-05
9.83022  7.26619e-05
9.84047  7.63792e-05
9.85056  7.49507e-05
9.86057  7.37749e-05
9.87094  7.48548e-05
9.88108  7.32934e-05
9.89114  7.01991e-05
9.90114  7.26231e-05
9.91137  7.1873e-05
9.92142  7.02237e-05
9.93199  7.62641e-05
9.94241  6.99694e-05
9.95255  6.54737e-05
9.96298  7.76312e-05
9.97378  7.11411e-05
9.98391  6.54007e-05
9.99397  6.59668e-05
10.0043  7.02832e-05
10.0144  6.41967e-05
10.0243  6.51756e-05
10.0346  6.87267e-05
10.0449  6.29213e-05
10.0548  6.38134e-05
10.065  6.38161e-05
10.0752  6.26705e-05
10.0857  7.03671e-05
10.0965  6.38889e-05
10.1068  5.84793e-05
10.1167  6.34481e-05
10.127  6.15073e-05
10.1372  5.79919e-05
10.147  6.17686e-05
10.1575  5.94933e-05
10.1675  5.89749e-05
10.1776  5.9269e-05
10.1879  5.73904e-05
10.1979  5.76401e-05
10.2079  5.77142e-05
10.2182  5.55861e-05
10.2283  5.73085e-05
10.2388  6.13218e-05
10.2496  5.47924e-05
10.2597  5.47283e-05
10.2698  5.45487e-05
10.2799  5.49209e-05
10.2901  5.39692e-05
10.3  5.19201e-05
10.3104  5.3081e-05
10.3205  5.24913e-05
10.3304  5.17955e-05
10.3406  5.18283e-05
10.3508  5.23553e-05
10.3608  4.92461e-05
10.3711  4.9803e-05
10.381  5.06576e-05
10.391  4.90567e-05
10.4015  5.1027e-05
10.4118  4.84812e-05
10.4216  4.73002e-05
10.4318  4.84335e-05
10.4418  4.71587e-05
10.452  4.75011e-05
10.4624  4.74705e-05
10.4724  4.68357e-05
10.4826  4.52764e-05
10.4927  4.54623e-05
10.5027  4.53048e-05
10.5129  4.64258e-05
10.5231  4.29891e-05
10.5331  4.57211e-05
10.5433  4.34289e-05
10.5534  4.26913e-05
10.5636  4.35095e-05
10.5738  4.40114e-05
10.5838  4.02641e-05
10.5939  4.46407e-05
10.6041  4.02354e-05
10.6143  4.18406e-05
10.6243  4.11573e-05
10.6345  4.12583e-05
10.6448  4.0453e-05
10.6551  4.39292e-05
10.666  4.0327e-05
10.6766  4.06866e-05
10.6868  4.03244e-05
10.6971  3.91471e-05
10.7075  3.91483e-05
10.7176  3.80294e-05
10.7281  4.07264e-05
10.7386  3.73113e-05
10.7488  3.55384e-05
10.7588  3.75601e-05
10.769  3.80517e-05
10.7791  3.46599e-05
10.7893  3.55751e-05
10.7995  3.69023e-05
10.8095  3.40443e-05
10.8196  3.55139e-05
10.8299  3.50977e-05
10.8401  3.47859e-05
10.8503  3.38301e-05
10.8603  3.26372e-05
10.8701  3.23666e-05
10.8804  3.50209e-05
10.8908  3.35128e-05
10.9007  3.17315e-05
10.911  3.28812e-05
10.921  3.24597e-05
10.9313  3.00929e-05
10.9414  3.20663e-05
10.9516  3.25306e-05
10.9617  3.02793e-05
10.9718  2.99008e-05
10.982  3.09917e-05
10.9921  2.94158e-05
11.002  3.07315e-05
11.0122  2.94932e-05
11.0225  2.90714e-05
11.0323  2.91402e-05
11.0427  2.89941e-05
11.0528  2.80474e-05
11.0628  2.88635e-05
11.0733  2.99299e-05
11.0832  2.55104e-05
11.0933  2.79286e-05
11.1036  2.8232e-05
11.1137  2.63861e-05
11.1236  2.66582e-05
11.134  2.75138e-05
11.1442  2.61801e-05
11.1543  2.63259e-05
11.1644  2.5853e-05
11.1747  2.56861e-05
11.1849  2.73693e-05
11.1954  2.43908e-05
11.2052  2.46811e-05
11.2156  2.58415e-05
11.2258  2.42184e-05
11.2358  2.35994e-05
11.2461  2.47513e-05
11.2563  2.43591e-05
11.2666  2.50886e-05
11.2765  2.12946e-05
11.2868  2.42303e-05
11.2972  2.33248e-05
11.3074  2.38344e-05
11.3178  2.32805e-05
11.328  2.18219e-05
11.3378  2.19426e-05
11.3482  2.16522e-05
11.3583  2.21683e-05
11.3683  2.25732e-05
11.379  2.19024e-05
11.389  2.05561e-05
11.399  2.03419e-05
11.4094  2.18631e-05
11.4198  2.05068e-05
11.4297  2.11972e-05
11.4403  1.9948e-05
11.4502  2.06779e-05
11.4608  2.127e-05
11.4715  1.87252e-05
11.4816  2.01921e-05
11.4916  1.93442e-05
11.5018  1.86115e-05
11.5119  1.97076e-05
11.5219  1.81898e-05
11.5323  1.88353e-05
11.5424  1.80478e-05
11.5526  1.87299e-05
11.5628  1.75513e-05
11.573  1.95743e-05
11.5836  1.74627e-05
11.594  1.69666e-05
11.604  1.81271e-05
11.6142  1.75824e-05
11.6247  1.69518e-05
11.6347  1.74145e-05
11.6449  1.57179e-05
11.6549  1.63423e-05
11.6651  1.72659e-05
11.6753  1.58321e-05
11.686  1.79194e-05
11.6968  1.63849e-05
11.7069  1.532e-05
11.7171  1.62935e-05
11.7275  1.57229e-05
11.7375  1.44312e-05
11.7478  1.60232e-05
11.7579  1.47726e-05
11.7679  1.49392e-05
11.7785  1.44191e-05
11.7885  1.54435e-05
11.799  1.46454e-05
11.8096  1.4719e-05
11.8198  1.45561e-05
11.8299  1.3861e-05
11.8402  1.3487e-05
11.8503  1.4152e-05
11.8607  1.36518e-05
11.8708  1.4289e-05
11.881  1.22855e-05
11.8911  1.3413e-05
11.9013  1.30944e-05
11.9113  1.2655e-05
11.9218  1.32519e-05
11.9319  1.32932e-05
11.9421  1.15659e-05
11.9524  1.32197e-05
11.9628  1.20807e-05
11.9728  1.1961e-05
11.9829  1.2823e-05
11.993  1.13835e-05
12.0033  1.1933e-05
12.0137  1.19875e-05
12.0237  1.20063e-05
12.0343  1.07792e-05
12.0442  1.1966e-05
12.0545  1.0896e-05
12.0648  1.1172e-05
12.0748  1.11459e-05
12.085  1.0941e-05
12.0952  1.01679e-05
12.1054  1.15422e-05
12.1161  1.12632e-05
12.1265  9.94688e-06
12.1364  1.0714e-05
12.1467  9.71538e-06
12.1569  9.97025e-06
12.1669  1.08898e-05
12.1775  1.01403e-05
12.1879  9.51595e-06
12.198  1.05061e-05
12.2083  8.98903e-06
12.2186  9.69517e-06
12.2288  9.92825e-06
12.2397  9.25776e-06
12.2493  9.34882e-06
12.2598  9.3925e-06
12.2701  8.66035e-06
12.2804  9.19115e-06
12.2907  9.07088e-06
12.3011  9.49102e-06
12.3114  8.04768e-06
12.3217  8.88003e-06
12.3317  7.97267e-06
12.3422  9.39449e-06
12.3523  7.64709e-06
12.3623  8.67157e-06
12.3726  7.93646e-06
12.383  8.16786e-06
12.3934  7.98993e-06
12.4036  8.47349e-06
12.4139  7.1446e-06
12.4242  8.53644e-06
12.4342  7.59523e-06
12.4444  7.08517e-06
12.4546  7.84621e-06
12.4654  7.51271e-06
12.4752  6.92315e-06
12.4852  7.65999e-06
12.4956  6.96106e-06
12.5057  6.8326e-06
12.5162  7.42263e-06
12.5262  6.621e-06
12.5362  6.88087e-06
12.5467  7.37502e-06
12.5571  6.65212e-06
12.5675  6.17735e-06
12.5775  6.65393e-06
12.5874  6.44451e-06
12.5977  6.47712e-06
12.6079  6.71207e-06
12.6187  6.51351e-06
12.6289  6.03474e-06
12.6396  6.16378e-06
12.6497  6.4678e-06
12.6607  6.73194e-06
12.6718  6.34883e-06
12.6816  5.68495e-06
12.6921  5.57324e-06
12.7027  6.2436e-06
12.7125  5.15548e-06
12.723  5.85166e-06
12.7332  5.9868e-06
12.7436  5.1368e-06
12.7538  5.4066e-06
12.764  5.33254e-06
12.7744  5.52955e-06
12.7849  5.44228e-06
12.7952  5.20836e-06
12.8054  5.32892e-06
12.8159  4.9773e-06
12.826  5.08974e-06
12.8363  5.34171e-06
12.8477  5.49207e-06
12.8583  5.01916e-06
12.8692  4.62184e-06
12.8799  4.82517e-06
12.8899  4.83949e-06
12.8999  4.66192e-06
12.9105  4.64855e-06
12.9203  4.46683e-06
12.9309  4.45985e-06
12.9409  4.1062e-06
12.951  4.31664e-06
12.9613  4.63463e-06
12.9717  4.05968e-06
12.982  4.36318e-06
12.9922  4.31495e-06
13.0025  4.28759e-06
13.0132  4.24285e-06
13.0238  4.23712e-06
13.0346  3.70444e-06
13.0448  4.65781e-06
13.056  4.15606e-06
13.0666  3.5648e-06
13.0772  4.18773e-06
13.0873  3.66128e-06
13.0978  3.84314e-06
13.108  3.69724e-06
13.1182  3.39254e-06
13.1284  3.41492e-06
13.1388  3.7143e-06
13.1488  3.45791e-06
13.1589  3.76918e-06
13.1702  3.49844e-06
13.1803  3.43062e-06
13.1916  3.74622e-06
13.2027  3.56009e-06
13.2131  3.20803e-06
13.2234  3.17477e-06
13.2344  3.42945e-06
13.2444  3.20202e-06
13.2544  2.64042e-06
13.2653  3.67276e-06
13.2755  2.83293e-06
13.2857  2.87192e-06
13.2957  3.09883e-06
13.3062  2.92699e-06
13.3168  2.96188e-06
13.3275  2.87185e-06
13.3376  3.05369e-06
13.3481  2.56917e-06
13.3584  3.09956e-06
13.3689  2.56104e-06
13.3798  2.92367e-06
13.3907  2.77083e-06
13.4008  2.67999e-06
13.412  2.76846e-06
13.4221  2.56941e-06
13.433  2.15866e-06
13.4433  2.70242e-06
13.4537  2.64293e-06
13.4642  2.76256e-06
13.4754  2.53794e-06
13.4862  2.13336e-06
13.4963  2.59184e-06
13.5074  2.38472e-06
13.5179  2.47468e-06
13.5281  2.19232e-06
13.5391  2.28026e-06
13.549  2.12869e-06
13.5589  2.28064e-06
13.5697  2.22075e-06
13.5801  1.87198e-06
13.5904  2.30927e-06
13.6016  2.24053e-06
13.6124  1.94931e-06
13.623  2.29684e-06
13.6343  1.82859e-06
13.6444  2.36405e-06
13.6551  1.94233e-06
13.6654  1.85001e-06
13.6756  1.82933e-06
13.6859  1.77185e-06
13.6962  1.88078e-06
13.7069  2.02706e-06
13.7172  2.02286e-06
13.7295  1.69618e-06
13.7396  1.96264e-06
13.7502  1.7629e-06
13.7615  1.62248e-06
13.7713  1.9532e-06
13.7818  1.27291e-06
13.7923  1.81348e-06
13.8026  1.54015e-06
13.8133  1.66813e-06
13.824  1.86579e-06
13.8345  1.64674e-06
13.8458  1.54239e-06
13.857  1.59339e-06
13.8676  1.43861e-06
13.8777  1.61e-06
13.8883  1.52134e-06
13.8981  1.43131e-06
13.909  1.34852e-06
13.9198  1.56075e-06
13.9303  1.33745e-06
13.9407  1.33822e-06
13.951  1.43244e-06
13.961  1.26687e-06
13.9724  1.481e-06
13.9829  1.17656e-06
13.9936  1.5426e-06
14.0046  1.11129e-06
14.0149  1.31101e-06
14.0249  1.25588e-06
14.0354  1.19484e-06
14.0465  1.14732e-06
14.0562  1.25705e-06
14.0673  1.24441e-06
14.0783  1.22449e-06
14.0889  1.16012e-06
14.0997  1.13644e-06
14.1104  1.18396e-06
14.121  1.1465e-06
14.1313  1.0708e-06
14.1416  9.14462e-07
14.1515  1.07272e-06
14.1624  1.03129e-06
14.1732  1.2748e-06
14.1843  1.0774e-06
14.1957  9.31065e-07
14.2064  9.46396e-07
14.2154  1.06081e-06
14.2271  8.80579e-07
14.2375  1.04436e-06
14.2475  8.46959e-07
14.2588  9.71865e-07
14.2703  1.03996e-06
14.2799  8.07346e-07
14.2912  9.82939e-07
14.3018  8.21308e-07
14.3123  9.26507e-07
14.3235  9.18757e-07
14.3336  8.12565e-07
14.344  6.00725e-07
14.3544  9.61794e-07
14.365  7.48062e-07
14.3754  9.39478e-07
14.3867  8.48085e-07
14.3974  8.04266e-07
14.4087  7.4585e-07
14.4197  5.97801e-07
14.4299  8.60173e-07
14.4405  6.91345e-07
14.4518  7.78646e-07
14.4618  7.79688e-07
14.4728  6.14401e-07
14.4835  7.17881e-07
14.4928  6.8486e-07
14.5036  5.81237e-07
14.5143  7.1613e-07
14.5253  5.96746e-07
14.5354  7.85612e-07
14.5471  6.57019e-07
14.5569  5.43825e-07
14.5667  6.06064e-07
14.5778  6.24601e-07
14.5878  6.83063e-07
14.5981  4.58758e-07
14.6092  5.42343e-07
14.6186  6.04411e-07
14.6301  6.22688e-07
14.6416  6.19194e-07
14.6522  5.28739e-07
14.6625  4.42231e-07
14.6728  6.10573e-07
14.683  5.47802e-07
14.6928  4.83191e-07
14.7042  5.17622e-07
14.7141  4.50921e-07
14.7247  4.21185e-07
14.7349  5.71986e-07
14.7446  4.96852e-07
14.7549  4.09525e-07
14.7649  4.16965e-07
14.7759  4.96705e-07
14.7866  4.89009e-07
14.7977  4.30661e-07
14.8078  5.28699e-07
14.8189  4.18313e-07
14.8295  4.15851e-07
14.8403  4.30401e-07
14.8502  3.16542e-07
14.861  5.21127e-07
14.8706  3.80065e-07
14.8824  4.07072e-07
14.892  3.81559e-07
14.9031  3.71027e-07
14.9129  3.732e-07
14.9258  4.30416e-07
14.9358  3.65819e-07
14.946  3.85478e-07
14.9577  3.61244e-07
14.9664  3.82518e-07
14.9775  2.79298e-07
14.9873  3.59875e-07
14.9974  3.13303e-07
15.0097  4.04461e-07
15.0204  2.86189e-07
15.0307  3.16708e-07
15.0415  3.75862e-07
15.0514  3.30702e-07
15.0623  2.71017e-07
15.0726  2.93396e-07
15.0841  3.54182e-07
15.0945  2.68385e-07
15.1055  2.59486e-07
15.1143  3.39281e-07
15.1262  2.51704e-07
15.1392  3.15397e-07
15.1497  3.16021e-07
15.1602  2.43157e-07
15.1705  2.44916e-07
15.1809  3.19319e-07
15.1921  2.80506e-07
15.2023  2.63024e-07
15.2127  2.19195e-07
15.2239  2.13905e-07
15.235  3.45352e-07
15.2464  2.38471e-07
15.257  1.93303e-07
15.2682  2.33427e-07
15.2796  2.32582e-07
15.2899  2.53609e-07
15.3011  2.60852e-07
15.3117  2.18736e-07
15.3226  1.9514e-07
15.3337  2.47978e-07
15.3454  2.3685e-07
15.3564  1.06879e-07
15.3662  2.46266e-07
15.3764  1.99304e-07
15.387  1.92934e-07
15.3968  2.28883e-07
15.4075  1.24239e-07
15.4184  1.68041e-07
15.4292  2.23716e-07
15.4408  1.83575e-07
15.4507  1.5577e-07
15.4625  2.82172e-07
15.4748  1.57161e-07
15.4845  1.14634e-07
15.4939  1.49398e-07
15.5053  1.61805e-07
15.5164  1.59552e-07
15.5273  2.24199e-07
15.54  1.01999e-07
15.5496  1.56093e-07
15.5575  1.69967e-07
15.5706  1.35773e-07
15.5797  1.48744e-07
15.5921  1.56688e-07
15.6031  1.32149e-07
15.6113  1.74368e-07
15.6241  1.52657e-07
15.6385  9.46894e-08
15.649  1.46604e-07
15.6592  1.77216e-07
15.6701  1.45816e-07
15.6812  1.70903e-07
15.6918  8.31007e-08
15.7004  1.15324e-07
15.7148  1.11594e-07
15.7255  1.14143e-07
15.7355  1.00795e-07
15.7468  1.39472e-07
15.7577  1.09891e-07
15.7683  1.04314e-07
15.7795  1.21349e-07
15.7894  8.46451e-08
15.8  1.50461e-07
15.811  9.88505e-08
15.8214  3.55757e-08
15.8327  1.41876e-07
15.8437  9.90073e-08
15.8529  8.80819e-08
15.8638  1.29849e-07
15.8748  8.24645e-08
15.8844  8.22325e-08
15.897  9.11236e-08
15.9049  9.60019e-08
15.9192  8.20311e-08
15.9291  9.38869e-08
15.941  8.26138e-08
15.9512  7.18469e-08
15.9609  1.16169e-07
15.9739  7.40515e-08
15.9833  6.33843e-08
15.9961  5.46986e-08
16.0041  7.62108e-08
16.0167  9.0691e-08
16.0264  1.19487e-07
16.0382  6.37955e-08
16.0507  7.6974e-08
16.0601  6.79519e-08
16.0728  5.00149e-08
16.0819  6.95713e-08
16.0918  4.17309e-08
16.1042  9.74088e-08
16.1148  6.03798e-08
16.1265  4.63341e-08
16.1352  5.66031e-08
16.1466  6.16081e-08
16.1575  7.20786e-08
16.1669  6.39766e-08
16.1801  9.39776e-08
16.1904  4.84707e-08
16.2029  4.57917e-08
16.214  4.38865e-08
16.2248  6.58486e-08
16.238  5.22553e-08
16.2485  4.28386e-08
16.2594  4.78759e-08
16.2703  7.41896e-08
16.2783  4.78857e-08
16.2915  6.06632e-08
16.3017  5.38476e-08
16.3137  4.77139e-08
16.325  4.78367e-08
16.3359  6.21099e-08
16.3504  2.02532e-08
16.3603  3.49418e-08
16.3722  7.10025e-08
16.3838  3.95898e-08
16.3955  3.48487e-08
16.4057  6.62225e-08
16.4194  3.06432e-08
16.4309  3.79276e-08
16.4403  1.93677e-08
16.4553  6.71323e-08
16.4648  2.74291e-08
16.477  3.74051e-08
16.4862  3.02321e-08
16.4987  4.00988e-08
16.5126  2.72279e-08
16.5203  5.84496e-08
16.5322  2.65172e-08
16.5434  2.77694e-08
16.5538  4.84715e-08
16.5647  2.77682e-08
16.5778  2.73969e-08
16.5903  3.14796e-08
16.5987  3.79984e-08
16.6134  1.01719e-08
16.6187  1.54066e-08
16.6344  2.46032e-08
16.6445  3.78929e-08
16.6554  2.63395e-08
16.667  4.37312e-08
16.6788  2.70293e-08
16.6875  3.38074e-08
16.6994  1.30692e-08
16.7136  2.53423e-08
16.7248  2.64505e-08
16.7375  2.99833e-08
16.7484  2.97059e-08
16.7588  1.06539e-08
16.7714  2.50263e-08
16.7782  3.03012e-08
16.7911  1.6778e-08
16.8021  1.13381e-08
16.818  2.16461e-08
16.8304  3.65969e-08
16.8382  1.32549e-08
16.8527  1.30003e-08
16.8628  7.15188e-09
16.8729  3.88204e-08
16.8842  1.71037e-08
16.8937  2.69591e-08
16.9029  1.29995e-08
16.9169  1.38228e-08
16.927  1.96927e-08
16.9396  1.41356e-08
16.9497  1.76507e-08
16.9613  2.16348e-08
16.9731  1.47441e-08
16.9805  3.13175e-09
16.9938  1.88962e-08
17.013  2.40652e-08
17.0205  2.14504e-08
17.0344  6.41611e-09
17.046  1.85714e-08
17.0612  2.0302e-08
17.0736  9.6834e-09
17.0892  1.1281e-08
17.0972  2.1477e-08
17.1121  7.34803e-09
17.1261  1.69788e-08
17.1392  1.25544e-08
17.1494  2.32962e-08
17.1658  8.99095e-09
17.175  2.07976e-08
17.189  4.30976e-09
17.2028  7.04747e-09
17.2078  7.80762e-09
17.2192  3.7431e-09
17.2363  1.27432e-08
17.2473  2.15022e-08
17.257  1.01804e-08
17.2701  8.67425e-09
17.2828  9.70684e-09
17.2974  9.07038e-09
17.3125  6.33114e-09
17.3261  6.27734e-09
17.3362  9.08581e-09
17.3506  1.16256e-08
17.3601  6.32047e-09
17.3702  1.65981e-08
17.3891  1.06896e-08
17.3969  1.45429e-08
17.4148  3.38158e-09
17.4253  9.63254e-09
17.4468  1.11261e-08
17.4588  3.73376e-10
17.466  2.66874e-09
17.4726  5.78013e-09
17.4905  5.01619e-09
17.5031  5.36743e-09
17.5125  9.4408e-09
17.5238  8.53073e-09
17.5394  9.46279e-09
17.5532  9.52425e-09
17.5645  4.63109e-10
17.574  4.72904e-09
17.5889  1.07152e-08
17.6125  6.25695e-09
17.6257  7.26186e-09
17.6373  7.40297e-09
17.6518  5.94259e-09
17.6715  2.87402e-09
17.677  7.14245e-09
17.6999  1.81283e-09
17.7081  5.1088e-09
17.7227  1.94695e-09
17.7415  5.53953e-09
17.7492  6.03472e-09
17.7636  7.98069e-09
17.7764  4.75507e-09
17.7824  3.10597e-09
17.7948  3.47646e-09
17.8153  5.86263e-09
17.8233  2.039e-09
17.8507  7.55432e-10
17.8628  1.06273e-08
17.8814  1.95568e-09
17.8919  5.63458e-09
17.9108  8.18715e-10
17.928  4.80518e-10
17.9428  1.98115e-09
17.9509  4.50798e-09
17.9646  6.75299e-09
17.9853  3.44874e-09
18.0049  7.68838e-09
18.0265  1.1132e-09
18.0388  2.52777e-09
18.0533  4.16623e-09
18.0859  6.11796e-09
18.1067  4.09767e-10
18.1219  1.91931e-09
18.1385  4.10236e-09
18.1557  2.33914e-09
18.1672  2.8795e-09
18.1874  1.76986e-09
18.2078  4.17e-10
18.2286  2.46454e-09
18.2402  6.82873e-09
18.2646  3.04318e-09
18.3213  1.99423e-09
18.3391  3.57702e-10
18.3621  5.06252e-09
18.3759  8.27233e-10
18.391  2.23382e-09
18.4015  2.57353e-10
18.4123  1.8781e-09
18.43  1.68423e-09
18.4641  2.81904e-09
18.4975  3.69363e-10
18.5074  3.35475e-09
18.5268  2.09106e-10
18.5637  7.70387e-10
18.5788  1.98523e-09
18.6172  3.19894e-09
18.6411  1.04591e-09
18.6676  1.7577e-09
18.6949  3.61914e-10
18.7393  2.49786e-09
18.756  3.72746e-10
18.771  4.18585e-10
18.8021  8.31437e-10
18.839  9.65849e-10
18.8547  1.91797e-09
18.8801  1.34495e-09
18.9378  3.68402e-10
18.9792  3.1222e-10
18.9907  1.95206e-10
19.0161  3.62695e-10
19.0291  3.32451e-10
19.0426  1.21904e-09
19.0787  1.30844e-09
19.1185  1.09247e-09
19.2307  1.40731e-09
19.2558  2.45673e-10
19.3544  8.44108e-10
19.4537  9.07466e-10
19.4933  4.91608e-10
19.6308  1.70385e-10
19.6573  2.86339e-10
19.7302  7.14046e-10
19.8451  2.54474e-10
20.0683  2.13153e-10
20.1053  2.47612e-10
20.3449  1.67721e-10
20.7199  1.16322e-10
