-20.6395  1.23159e-10
-20.2653  1.77812e-10
-20.0264  2.60552e-10
-19.9897  2.24341e-10
-19.7732  2.52848e-10
-19.6522  7.52347e-10
-19.596  2.77589e-10
-19.5504  1.804e-10
-19.4382  3.24828e-10
-19.4133  1.83739e-10
-19.3766  9.49218e-10
-19.296  3.40598e-10
-19.278  5.43102e-10
-19.1751  5.94629e-10
-19.1601  1.06983e-09
-19.067  3.78417e-10
-19.0391  7.9582e-10
-19.0024  1.37044e-09
-18.9829  1.17452e-09
-18.9715  3.44742e-10
-18.9373  3.81649e-10
-18.9043  5.35288e-10
-18.8801  3.79906e-10
-18.8251  1.37439e-09
-18.7875  1.91479e-09
-18.7635  1.00407e-09
-18.7268  8.64525e-10
-18.7123  4.03902e-10
-18.6849  4.05837e-10
-18.6829  1.44112e-09
-18.6649  1.14897e-09
-18.6361  3.75653e-10
-18.6087  1.69571e-09
-18.5624  2.91746e-09
-18.547  1.13165e-09
-18.536  2.98395e-10
-18.5097  2.35536e-09
-18.4993  3.63857e-10
-18.4521  3.65922e-09
-18.4387  3.81702e-10
-18.3893  2.93526e-09
-18.3718  1.64542e-09
-18.3561  1.93445e-09
-18.3321  2.40858e-09
-18.3102  2.50379e-09
-18.2912  3.47877e-09
-18.2658  1.98391e-09
-18.2566  4.41519e-10
-18.2107  1.95271e-09
-18.2012  3.83734e-10
-18.1851  4.4033e-09
-18.1739  5.77119e-09
-18.1507  3.98634e-10
-18.1153  4.24026e-09
-18.0994  2.12216e-09
-18.0812  2.81318e-09
-18.0706  3.4111e-09
-18.0468  8.52194e-10
-18.0331  2.62507e-09
-18.0185  3.68235e-09
-17.996  4.02944e-09
-17.9831  2.60913e-09
-17.955  5.68616e-09
-17.9446  3.27772e-09
-17.917  3.26993e-09
-17.9112  2.60942e-09
-17.8954  8.63686e-09
-17.8853  2.0445e-09
-17.8668  4.65835e-10
-17.8528  3.89375e-10
-17.8384  6.20381e-09
-17.8198  4.57367e-09
-17.8062  5.31013e-09
-17.7971  3.31861e-09
-17.7802  3.73586e-09
-17.765  1.70528e-09
-17.7398  6.19668e-09
-17.7259  2.88769e-09
-17.72  4.52614e-09
-17.7068  5.89239e-09
-17.6955  9.99905e-09
-17.6787  4.10237e-09
-17.6502  5.92771e-09
-17.6403  6.38259e-09
-17.6205  8.37183e-09
-17.5897  7.06293e-09
-17.5756  8.90887e-09
-17.5638  7.52487e-09
-17.5492  1.8254e-09
-17.5335  4.53995e-09
-17.5207  1.21345e-08
-17.5122  2.44634e-09
-17.5035  5.10127e-09
-17.4891  6.55062e-09
-17.478  6.95581e-09
-17.4638  1.20669e-08
-17.4498  6.00548e-09
-17.4338  4.52147e-09
-17.4204  8.408e-09
-17.4095  6.37896e-09
-17.4008  3.62998e-09
-17.3887  4.33234e-09
-17.3705  9.92242e-09
-17.3607  6.63575e-09
-17.3449  1.54742e-08
-17.3345  6.89825e-09
-17.3237  5.9777e-09
-17.3116  1.16113e-08
-17.2998  1.279e-08
-17.2817  9.97477e-09
-17.271  8.762e-09
-17.2491  1.37148e-08
-17.236  8.5389e-09
-17.2222  7.62077e-09
-17.2155  8.90803e-09
-17.2021  1.34917e-08
-17.1906  1.84934e-08
-17.1784  7.00274e-09
-17.1654  1.23305e-08
-17.1556  9.55164e-09
-17.1376  3.85337e-09
-17.1277  1.04178e-08
-17.1131  1.72106e-08
-17.0956  1.85406e-08
-17.0854  2.34531e-08
-17.0725  6.32617e-09
-17.0606  1.45024e-08
-17.0484  1.16662e-08
-17.0366  8.48447e-09
-17.0277  1.9844e-08
-17.0136  1.68378e-08
-17.0019  1.27657e-08
-16.9915  1.10277e-08
-16.978  1.92558e-08
-16.9688  1.78007e-08
-16.9565  1.32042e-08
-16.9403  1.07586e-08
-16.9254  1.949e-08
-16.9145  1.51677e-08
-16.904  3.18596e-08
-16.8955  1.15499e-08
-16.8813  1.54454e-08
-16.8686  1.95243e-08
-16.8564  1.55729e-08
-16.8456  6.83935e-09
-16.8349  3.53821e-08
-16.8203  3.05835e-08
-16.8094  1.08128e-08
-16.798  2.74947e-08
-16.7859  2.99935e-08
-16.7746  1.73106e-08
-16.7589  1.40825e-08
-16.7482  2.40916e-08
-16.7366  1.06782e-08
-16.7234  3.55684e-08
-16.7129  3.01695e-08
-16.6989  3.40734e-08
-16.6883  2.24218e-08
-16.6756  1.80283e-08
-16.6622  1.67556e-08
-16.6522  2.78529e-08
-16.6373  3.61193e-08
-16.6284  3.51759e-08
-16.6165  2.6318e-08
-16.6037  5.97748e-08
-16.5917  1.62348e-08
-16.5818  5.31294e-09
-16.5703  1.07945e-08
-16.5618  2.40947e-08
-16.5481  5.4151e-08
-16.5404  2.11583e-08
-16.5282  3.94429e-08
-16.5169  2.50564e-08
-16.5031  4.06753e-08
-16.494  3.36306e-08
-16.4826  3.48901e-08
-16.4702  3.16249e-08
-16.458  2.96667e-08
-16.4451  6.44819e-08
-16.4328  2.70825e-08
-16.4241  4.07975e-08
-16.4146  3.10673e-08
-16.4019  3.42884e-08
-16.3894  3.24886e-08
-16.3784  5.38017e-08
-16.3694  3.82379e-08
-16.3584  4.31321e-08
-16.3478  3.75523e-08
-16.3356  3.29522e-08
-16.3253  5.5258e-08
-16.3132  3.32679e-08
-16.3012  4.34141e-08
-16.2935  3.00186e-08
-16.2837  5.77649e-08
-16.2686  4.54216e-08
-16.2567  6.15936e-08
-16.2484  4.93288e-08
-16.2371  3.84288e-08
-16.2271  8.45838e-08
-16.2141  7.2306e-08
-16.1993  2.12985e-08
-16.1891  5.93453e-08
-16.1764  4.99353e-08
-16.1682  7.51773e-08
-16.1556  4.99707e-08
-16.144  6.05443e-08
-16.1346  5.47577e-08
-16.1246  6.15311e-08
-16.1103  8.28689e-08
-16.0999  8.37178e-08
-16.0878  3.30194e-08
-16.0776  7.3821e-08
-16.0687  8.75997e-08
-16.0529  4.94163e-08
-16.0415  7.15245e-08
-16.0317  4.0365e-08
-16.0214  7.9415e-08
-16.0079  6.69962e-08
-15.9967  1.18844e-07
-15.9863  7.86312e-08
-15.9744  8.08287e-08
-15.9618  9.47158e-08
-15.9517  6.7089e-08
-15.94  6.40018e-08
-15.9283  7.45955e-08
-15.918  1.01678e-07
-15.9084  6.54945e-08
-15.896  1.13123e-07
-15.8849  9.28873e-08
-15.8741  8.23286e-08
-15.8633  5.08656e-08
-15.8536  9.54614e-08
-15.8459  4.31071e-08
-15.8334  1.55397e-07
-15.8219  8.89387e-08
-15.8117  1.23317e-07
-15.801  1.0702e-07
-15.7917  7.99551e-08
-15.7789  6.66644e-08
-15.7698  1.14459e-07
-15.7584  8.99221e-08
-15.748  1.32514e-07
-15.737  1.32796e-07
-15.7271  1.02343e-07
-15.7164  8.66058e-08
-15.7047  1.30939e-07
-15.6944  1.32304e-07
-15.6814  1.33965e-07
-15.6712  9.55096e-08
-15.6594  9.72155e-08
-15.6479  1.11944e-07
-15.6374  1.41958e-07
-15.6286  1.55574e-07
-15.6165  1.96063e-07
-15.6055  9.37813e-08
-15.5954  9.47164e-08
-15.5836  1.47038e-07
-15.573  1.83647e-07
-15.5602  1.91534e-07
-15.5478  9.30067e-08
-15.539  1.48619e-07
-15.5275  1.54604e-07
-15.5173  1.98685e-07
-15.5053  1.68241e-07
-15.4959  1.46272e-07
-15.4833  1.44149e-07
-15.4723  9.69459e-08
-15.459  2.85426e-07
-15.4486  1.13254e-07
-15.4376  2.09285e-07
-15.4284  1.82954e-07
-15.4179  1.65929e-07
-15.4069  2.04748e-07
-15.3967  1.73425e-07
-15.3842  1.49781e-07
-15.3728  1.55406e-07
-15.3616  2.36154e-07
-15.3523  1.60303e-07
-15.3416  2.48648e-07
-15.3308  1.95797e-07
-15.3207  1.59289e-07
-15.3083  2.64757e-07
-15.2978  2.06839e-07
-15.2852  2.14298e-07
-15.2747  2.2688e-07
-15.2648  2.21843e-07
-15.2541  2.3806e-07
-15.2434  2.75835e-07
-15.2335  1.9644e-07
-15.2224  1.82941e-07
-15.2097  2.74439e-07
-15.2005  2.20934e-07
-15.1906  2.32162e-07
-15.1796  2.62413e-07
-15.1674  2.143e-07
-15.1587  3.16617e-07
-15.1482  2.73343e-07
-15.1378  2.42029e-07
-15.1266  3.21101e-07
-15.1179  1.79312e-07
-15.1069  2.51316e-07
-15.0959  3.15016e-07
-15.0843  3.46098e-07
-15.0753  2.39395e-07
-15.0632  2.83639e-07
-15.0538  2.51723e-07
-15.0442  3.10975e-07
-15.0325  3.57629e-07
-15.0215  3.2563e-07
-15.0108  3.13237e-07
-15.0007  2.82129e-07
-14.988  3.66544e-07
-14.9763  3.82994e-07
-14.9663  3.45886e-07
-14.9554  3.10656e-07
-14.9449  3.9213e-07
-14.9339  4.01622e-07
-14.9235  2.37848e-07
-14.9131  3.48927e-07
-14.904  4.1382e-07
-14.893  3.8285e-07
-14.881  4.20999e-07
-14.8712  3.92715e-07
-14.8605  3.92221e-07
-14.8487  2.95084e-07
-14.8396  3.15767e-07
-14.8292  5.51406e-07
-14.8188  3.96425e-07
-14.8083  4.40656e-07
-14.7973  3.23483e-07
-14.7871  4.78063e-07
-14.7764  4.94568e-07
-14.7658  4.53516e-07
-14.757  3.75186e-07
-14.7458  4.0836e-07
-14.7354  4.50711e-07
-14.724  5.26189e-07
-14.7127  5.72328e-07
-14.7021  5.4465e-07
-14.6924  3.73658e-07
-14.6814  5.17735e-07
-14.6719  3.89245e-07
-14.6608  4.8306e-07
-14.6504  5.94304e-07
-14.6393  6.37526e-07
-14.6284  5.37646e-07
-14.6178  5.13786e-07
-14.6073  5.34047e-07
-14.5972  6.74138e-07
-14.5866  5.27594e-07
-14.5763  4.07303e-07
-14.5665  5.06353e-07
-14.5554  7.15956e-07
-14.5446  6.17765e-07
-14.5348  6.29957e-07
-14.5237  6.98039e-07
-14.5129  5.80374e-07
-14.502  5.91252e-07
-14.4915  6.93705e-07
-14.4811  6.86347e-07
-14.4696  7.91217e-07
-14.459  4.2354e-07
-14.4495  7.5957e-07
-14.4385  8.2039e-07
-14.4282  6.77626e-07
-14.4174  6.3374e-07
-14.4079  8.67645e-07
-14.3968  6.2011e-07
-14.3864  6.24779e-07
-14.3763  6.87465e-07
-14.3659  8.10563e-07
-14.3545  8.08174e-07
-14.3443  8.98059e-07
-14.3341  8.12582e-07
-14.3234  8.59843e-07
-14.3125  7.12811e-07
-14.3018  8.52578e-07
-14.292  7.42767e-07
-14.281  9.38768e-07
-14.27  8.11033e-07
-14.2597  1.03379e-06
-14.2483  8.97597e-07
-14.2376  8.74424e-07
-14.2272  9.28844e-07
-14.2173  1.01834e-06
-14.2065  9.17591e-07
-14.1953  7.58663e-07
-14.1846  9.92051e-07
-14.1746  1.07914e-06
-14.1638  1.09402e-06
-14.1522  1.11147e-06
-14.1417  9.85637e-07
-14.1316  1.06284e-06
-14.1198  9.65341e-07
-14.1097  1.23546e-06
-14.0988  9.90455e-07
-14.0889  1.03075e-06
-14.0777  1.25093e-06
-14.0674  1.1164e-06
-14.0575  1.17603e-06
-14.0468  1.0846e-06
-14.0359  1.268e-06
-14.0249  1.13948e-06
-14.0142  1.2261e-06
-14.0039  1.20193e-06
-13.9933  1.34017e-06
-13.9832  1.12437e-06
-13.972  1.29192e-06
-13.962  1.39434e-06
-13.9517  1.26542e-06
-13.9418  1.19823e-06
-13.9308  1.3589e-06
-13.9195  1.4529e-06
-13.9096  1.30967e-06
-13.8992  1.40772e-06
-13.8878  1.47395e-06
-13.8777  1.51447e-06
-13.866  1.38152e-06
-13.8555  1.49785e-06
-13.8455  1.70506e-06
-13.8358  1.2545e-06
-13.8248  1.48803e-06
-13.8145  1.49491e-06
-13.8046  1.60696e-06
-13.7941  1.67381e-06
-13.7837  1.6778e-06
-13.7733  1.42908e-06
-13.7627  1.68271e-06
-13.7529  1.59647e-06
-13.7411  1.83651e-06
-13.7312  1.77776e-06
-13.7207  1.61371e-06
-13.7097  1.69686e-06
-13.6995  1.8959e-06
-13.6886  1.84902e-06
-13.6781  1.85847e-06
-13.6683  1.98904e-06
-13.6576  1.6746e-06
-13.6473  1.52714e-06
-13.6368  2.20877e-06
-13.6264  2.03623e-06
-13.6154  2.16841e-06
-13.6052  2.07372e-06
-13.5941  1.85747e-06
-13.5831  2.18298e-06
-13.5732  1.92066e-06
-13.5636  1.97424e-06
-13.5524  2.09549e-06
-13.5425  2.36165e-06
-13.5318  2.06616e-06
-13.5212  2.21455e-06
-13.5107  2.43814e-06
-13.5001  2.07684e-06
-13.4899  2.31169e-06
-13.4797  2.39476e-06
-13.4686  2.2993e-06
-13.4584  2.33996e-06
-13.4479  2.47236e-06
-13.437  2.65472e-06
-13.4263  2.85511e-06
-13.4161  2.36313e-06
-13.4057  2.13793e-06
-13.3954  2.40859e-06
-13.3848  2.9617e-06
-13.3746  2.35117e-06
-13.3639  2.83224e-06
-13.3534  2.81234e-06
-13.3431  2.66004e-06
-13.3326  2.71824e-06
-13.3222  2.75704e-06
-13.312  2.78529e-06
-13.3014  3.02564e-06
-13.2908  2.91946e-06
-13.2797  3.11292e-06
-13.2696  2.74557e-06
-13.2588  3.17771e-06
-13.2482  3.0591e-06
-13.2382  3.40761e-06
-13.2278  2.72195e-06
-13.2173  2.93919e-06
-13.2068  3.65217e-06
-13.1967  3.03183e-06
-13.1866  3.1002e-06
-13.1758  3.16468e-06
-13.166  3.25822e-06
-13.1557  3.52262e-06
-13.1455  3.41418e-06
-13.135  3.71477e-06
-13.1247  3.20877e-06
-13.1146  3.65123e-06
-13.1036  3.57763e-06
-13.093  3.36338e-06
-13.0832  4.10657e-06
-13.0723  3.65634e-06
-13.0618  3.63181e-06
-13.0514  3.97655e-06
-13.042  3.60324e-06
-13.0312  3.69966e-06
-13.0211  4.01629e-06
-13.0107  4.13132e-06
-13.0004  3.7317e-06
-12.9901  4.09802e-06
-12.9801  4.31592e-06
-12.9693  4.32306e-06
-12.9593  4.05333e-06
-12.949  4.12715e-06
-12.9382  4.76241e-06
-12.9273  4.53472e-06
-12.9172  4.14663e-06
-12.9064  4.25936e-06
-12.8968  4.66794e-06
-12.8862  4.29724e-06
-12.8758  5.18893e-06
-12.8657  4.8075e-06
-12.8556  4.41248e-06
-12.8445  4.42925e-06
-12.8345  4.80906e-06
-12.8244  4.85287e-06
-12.8142  5.44988e-06
-12.8037  4.40284e-06
-12.7937  5.08723e-06
-12.7831  5.59053e-06
-12.7727  5.18845e-06
-12.7626  5.04293e-06
-12.7521  5.65311e-06
-12.7418  5.30387e-06
-12.7317  4.53376e-06
-12.7213  6.26505e-06
-12.7107  5.56098e-06
-12.7005  5.40395e-06
-12.6904  5.84118e-06
-12.6799  5.49104e-06
-12.6694  5.763e-06
-12.6592  5.74778e-06
-12.649  6.14321e-06
-12.6386  5.98266e-06
-12.6284  6.22844e-06
-12.6183  5.98551e-06
-12.608  5.96621e-06
-12.5977  6.63765e-06
-12.5873  5.98644e-06
-12.5773  6.05134e-06
-12.567  7.104e-06
-12.5569  6.15593e-06
-12.5464  6.69967e-06
-12.5364  6.23739e-06
-12.526  6.82304e-06
-12.5158  6.68332e-06
-12.5059  7.43011e-06
-12.4951  6.75624e-06
-12.4851  6.65181e-06
-12.4749  7.51433e-06
-12.4644  6.76333e-06
-12.4541  7.48656e-06
-12.4437  8.17778e-06
-12.4331  7.34144e-06
-12.4225  6.90109e-06
-12.4121  8.68654e-06
-12.4019  7.41018e-06
-12.3916  8.00121e-06
-12.3814  7.41298e-06
-12.3713  8.02175e-06
-12.361  7.66004e-06
-12.3508  8.33875e-06
-12.3405  8.01371e-06
-12.3304  8.99854e-06
-12.3202  7.99812e-06
-12.3102  7.96251e-06
-12.2997  8.22721e-06
-12.2898  9.22771e-06
-12.2794  8.46973e-06
-12.2692  9.01523e-06
-12.259  8.90614e-06
-12.2489  8.749e-06
-12.2384  8.72162e-06
-12.2284  1.00235e-05
-12.2175  1.01528e-05
-12.207  8.52357e-06
-12.1967  9.2528e-06
-12.1865  1.03548e-05
-12.1758  9.74136e-06
-12.1658  9.4449e-06
-12.1549  1.1082e-05
-12.1443  1.03793e-05
-12.1336  1.06985e-05
-12.1236  9.2727e-06
-12.1133  1.0204e-05
-12.1034  1.03949e-05
-12.0931  1.07512e-05
-12.0827  1.03916e-05
-12.0727  1.12091e-05
-12.0626  1.05979e-05
-12.0522  1.07854e-05
-12.0421  1.08577e-05
-12.0318  1.18798e-05
-12.0217  1.02264e-05
-12.0115  1.18461e-05
-12.0012  1.14971e-05
-11.9911  1.16536e-05
-11.9809  1.1455e-05
-11.9707  1.18867e-05
-11.96  1.3165e-05
-11.9498  1.235e-05
-11.9395  1.2269e-05
-11.929  1.18199e-05
-11.919  1.23828e-05
-11.9087  1.33891e-05
-11.8984  1.21767e-05
-11.8886  1.32007e-05
-11.8783  1.22831e-05
-11.868  1.36011e-05
-11.8575  1.29197e-05
-11.8478  1.39106e-05
-11.8373  1.37625e-05
-11.8271  1.30428e-05
-11.8165  1.40846e-05
-11.8067  1.45011e-05
-11.7963  1.42007e-05
-11.7863  1.33643e-05
-11.776  1.46541e-05
-11.766  1.49244e-05
-11.7558  1.4048e-05
-11.7457  1.48726e-05
-11.7355  1.44695e-05
-11.7255  1.56749e-05
-11.7151  1.48944e-05
-11.705  1.5112e-05
-11.6947  1.57303e-05
-11.685  1.5874e-05
-11.6745  1.59129e-05
-11.6641  1.60839e-05
-11.654  1.68127e-05
-11.6439  1.54431e-05
-11.6337  1.58005e-05
-11.6236  1.75584e-05
-11.6135  1.59383e-05
-11.6033  1.73493e-05
-11.593  1.74689e-05
-11.5829  1.74499e-05
-11.5726  1.6908e-05
-11.5623  1.83227e-05
-11.552  1.67648e-05
-11.5419  1.87835e-05
-11.5316  1.81888e-05
-11.5216  1.84913e-05
-11.5113  1.77034e-05
-11.5012  1.92433e-05
-11.4911  1.79279e-05
-11.4809  1.8904e-05
-11.471  2.02081e-05
-11.4605  1.91787e-05
-11.4505  1.80663e-05
-11.4402  2.10981e-05
-11.4302  1.96882e-05
-11.4199  2.05289e-05
-11.4097  1.99538e-05
-11.3995  2.07884e-05
-11.3892  2.02542e-05
-11.3792  2.11812e-05
-11.3692  1.99393e-05
-11.3589  2.16052e-05
-11.3489  2.23625e-05
-11.3388  2.13177e-05
-11.3285  2.08758e-05
-11.3182  2.30834e-05
-11.3082  2.16297e-05
-11.2982  2.27131e-05
-11.2879  2.24277e-05
-11.2779  2.33662e-05
-11.2676  2.24516e-05
-11.2574  2.35093e-05
-11.2473  2.40474e-05
-11.2371  2.32457e-05
-11.227  2.48605e-05
-11.2168  2.24578e-05
-11.2069  2.48152e-05
-11.196  2.82172e-05
-11.1854  2.32384e-05
-11.1751  2.57223e-05
-11.1651  2.585e-05
-11.1546  2.66883e-05
-11.1442  2.55802e-05
-11.1341  2.62657e-05
-11.124  2.63095e-05
-11.1137  2.61827e-05
-11.1035  2.65435e-05
-11.0929  3.03043e-05
-11.0825  2.64828e-05
-11.0721  2.7449e-05
-11.0621  2.66883e-05
-11.0519  2.97814e-05
-11.0417  2.84534e-05
-11.0314  2.7407e-05
-11.0215  2.81518e-05
-11.0113  2.98209e-05
-11.0012  2.81632e-05
-10.991  3.10314e-05
-10.9808  2.89226e-05
-10.9708  2.98631e-05
-10.9608  2.9909e-05
-10.9503  3.16437e-05
-10.9403  2.98047e-05
-10.9298  3.4613e-05
-10.9192  3.07628e-05
-10.9084  3.48551e-05
-10.8975  3.19392e-05
-10.8873  3.52221e-05
-10.8764  3.25545e-05
-10.8666  3.332e-05
-10.8555  3.71627e-05
-10.8451  3.1073e-05
-10.8344  3.87939e-05
-10.824  3.24992e-05
-10.8138  3.47024e-05
-10.8038  3.28136e-05
-10.7937  3.71579e-05
-10.7835  3.43477e-05
-10.7734  3.65643e-05
-10.7632  3.42e-05
-10.7529  3.65431e-05
-10.7431  3.63655e-05
-10.7324  4.06239e-05
-10.7216  3.58444e-05
-10.7116  3.94386e-05
-10.7016  3.57785e-05
-10.6913  3.88104e-05
-10.6812  3.73525e-05
-10.6713  4.03294e-05
-10.661  3.69023e-05
-10.6511  4.0287e-05
-10.6408  3.93431e-05
-10.6304  4.21181e-05
-10.6201  4.06461e-05
-10.6101  4.02978e-05
-10.5998  4.03724e-05
-10.5898  4.31973e-05
-10.5796  3.93068e-05
-10.5696  4.24653e-05
-10.5592  4.54413e-05
-10.5492  4.11719e-05
-10.5389  4.15967e-05
-10.5288  4.55443e-05
-10.5185  4.42791e-05
-10.5085  4.14409e-05
-10.4983  4.81119e-05
-10.4883  4.32869e-05
-10.4779  4.51325e-05
-10.4679  4.54178e-05
-10.4579  4.7315e-05
-10.4478  4.44277e-05
-10.4377  4.68943e-05
-10.4276  4.73304e-05
-10.4173  4.72459e-05
-10.4074  4.74377e-05
-10.3974  4.86803e-05
-10.3873  4.51914e-05
-10.377  5.27817e-05
-10.3671  4.85526e-05
-10.357  4.89052e-05
-10.3469  4.82053e-05
-10.3368  5.3592e-05
-10.3266  4.9983e-05
-10.3164  5.32483e-05
-10.3064  5.00847e-05
-10.2962  5.29437e-05
-10.286  5.14405e-05
-10.276  5.53868e-05
-10.2657  5.226e-05
-10.2554  5.66947e-05
-10.2454  5.31279e-05
-10.2352  5.42511e-05
-10.2247  5.9277e-05
-10.2142  5.93197e-05
-10.2039  5.21047e-05
-10.1938  5.85123e-05
-10.1832  6.32265e-05
-10.1727  5.6124e-05
-10.1625  5.81939e-05
-10.1524  5.9279e-05
-10.1422  5.75742e-05
-10.1323  6.08451e-05
-10.122  5.95779e-05
-10.112  5.93034e-05
-10.1019  6.06403e-05
-10.0913  6.67429e-05
-10.0808  5.92143e-05
-10.0707  6.67709e-05
-10.06  6.75269e-05
-10.0495  6.01228e-05
-10.0393  6.43729e-05
-10.0295  6.53055e-05
-10.019  6.58686e-05
-10.0088  6.48775e-05
-9.99865  6.61941e-05
-9.98816  7.17565e-05
-9.97749  6.7907e-05
-9.96731  6.60771e-05
-9.95724  6.96342e-05
-9.94713  6.72073e-05
-9.93695  7.02602e-05
-9.9267  6.70566e-05
-9.91666  7.14573e-05
-9.90658  6.96407e-05
-9.89648  7.02785e-05
-9.8865  7.10704e-05
-9.87624  7.29649e-05
-9.86602  7.11589e-05
-9.85569  7.91387e-05
-9.84517  7.28827e-05
-9.83485  7.6367e-05
-9.82476  7.24499e-05
-9.81475  7.58054e-05
-9.80457  7.61972e-05
-9.79458  7.55642e-05
-9.78439  7.58848e-05
-9.77423  7.76041e-05
-9.76417  8.09281e-05
-9.75362  8.38899e-05
-9.74287  7.88175e-05
-9.7327  8.42884e-05
-9.72254  7.53655e-05
-9.71248  8.23117e-05
-9.70226  8.21261e-05
-9.69243  8.08367e-05
-9.68213  8.40752e-05
-9.67213  8.2033e-05
-9.66187  8.21064e-05
-9.65203  8.54537e-05
-9.64184  8.75213e-05
-9.63167  8.29335e-05
-9.62146  8.57928e-05
-9.61148  8.90169e-05
-9.60131  8.70277e-05
-9.5912  8.70833e-05
-9.58098  9.31393e-05
-9.57095  8.60281e-05
-9.56072  8.95989e-05
-9.5507  9.22193e-05
-9.54058  8.98151e-05
-9.53016  9.89345e-05
-9.51948  9.64946e-05
-9.50935  8.99442e-05
-9.4992  9.67695e-05
-9.48912  9.25638e-05
-9.47898  9.55211e-05
-9.46896  9.42757e-05
-9.45877  9.89971e-05
-9.44878  9.489e-05
-9.43856  9.92397e-05
-9.42853  0.000100636
-9.41838  9.6904e-05
-9.40835  9.52475e-05
-9.39824  0.000107007
-9.38826  9.86462e-05
-9.37797  0.000102226
-9.36794  0.000101073
-9.35726  0.000116412
-9.34675  9.9286e-05
-9.33671  0.000110321
-9.32655  9.93221e-05
-9.3166  0.000109436
-9.30584  0.000116217
-9.2954  0.000110314
-9.28518  0.000101849
-9.27472  0.000127438
-9.26393  0.000107738
-9.25329  0.000122198
-9.24254  0.000113833
-9.23261  0.000110218
-9.22228  0.000113473
-9.21236  0.00011359
-9.20211  0.000115239
-9.19156  0.000126318
-9.18045  0.000127868
-9.17003  0.000114735
-9.15982  0.000120579
-9.14979  0.000114946
-9.13973  0.000121943
-9.12955  0.000117693
-9.11957  0.000122694
-9.10946  0.000120494
-9.09928  0.000121752
-9.08921  0.000125096
-9.07914  0.000124034
-9.06895  0.000122246
-9.05893  0.000127486
-9.04879  0.00012572
-9.03865  0.000128685
-9.0285  0.000126598
-9.01856  0.000128561
-9.00826  0.000132561
-8.99828  0.000127707
-8.98805  0.000132124
-8.97801  0.000133382
-8.96786  0.000131348
-8.95805  0.000132668
-8.94721  0.000147195
-8.93688  0.000134681
-8.92669  0.000140982
-8.91651  0.000131722
-8.90647  0.000142085
-8.89636  0.000136423
-8.88573  0.000156216
-8.87517  0.000139667
-8.86503  0.000144332
-8.85431  0.000156462
-8.84372  0.000142811
-8.83318  0.000159072
-8.8227  0.000144543
-8.81252  0.000145919
-8.80252  0.000144915
-8.79243  0.000148644
-8.7824  0.000152198
-8.77175  0.000162729
-8.76121  0.000149676
-8.75061  0.000166845
-8.74005  0.000151563
-8.72999  0.00015675
-8.71975  0.000153551
-8.70975  0.000154695
-8.69968  0.000160434
-8.68943  0.000154228
-8.67935  0.000159887
-8.66935  0.00016032
-8.65922  0.000158033
-8.64909  0.000162246
-8.63905  0.00016167
-8.62901  0.000163815
-8.61885  0.000165565
-8.60874  0.000163923
-8.59874  0.000164657
-8.58868  0.000163795
-8.57864  0.000173955
-8.56796  0.000183809
-8.5573  0.000171153
-8.54717  0.000173193
-8.53708  0.000172856
-8.52672  0.00017531
-8.51632  0.000190894
-8.50561  0.000174471
-8.49564  0.000175418
-8.48489  0.000199563
-8.47446  0.000173556
-8.46427  0.000181671
-8.45427  0.000180746
-8.44417  0.000182102
-8.43414  0.000177119
-8.42389  0.000191867
-8.41389  0.000179694
-8.40371  0.000189865
-8.39335  0.00019651
-8.38277  0.00019226
-8.37261  0.000185456
-8.36261  0.00019779
-8.35252  0.000181289
-8.34245  0.000195727
-8.33241  0.000192126
-8.32223  0.000200604
-8.31207  0.000189511
-8.30141  0.000226942
-8.2907  0.000191458
-8.28081  0.000196741
-8.27058  0.000206442
-8.26048  0.000197379
-8.25038  0.000204188
-8.23978  0.000226949
-8.22917  0.000199844
-8.21909  0.000205784
-8.20906  0.000208795
-8.19898  0.000207111
-8.18887  0.000208836
-8.17875  0.000211908
-8.16869  0.000209145
-8.15862  0.000212661
-8.14848  0.000216698
-8.13796  0.000234747
-8.12743  0.000209127
-8.11727  0.000226401
-8.10715  0.000216094
-8.09707  0.000217757
-8.08658  0.0002415
-8.07592  0.0002247
-8.06584  0.00021977
-8.0558  0.000231435
-8.04562  0.000217257
-8.03563  0.000231344
-8.02554  0.000224912
-8.01544  0.000232833
-8.00527  0.000225753
-7.99522  0.00023816
-7.98507  0.000230819
-7.97518  0.000230219
-7.96495  0.000236504
-7.95491  0.000240971
-7.94474  0.000234839
-7.9342  0.000264656
-7.92354  0.000234272
-7.91355  0.000249147
-7.9033  0.000243624
-7.89331  0.000238717
-7.88258  0.00027487
-7.87215  0.000244377
-7.86194  0.00024276
-7.85198  0.000255886
-7.84173  0.000250921
-7.83169  0.000247307
-7.82155  0.000257092
-7.81152  0.00024858
-7.80147  0.000261374
-7.79122  0.000252594
-7.78123  0.000259635
-7.77115  0.000255028
-7.76107  0.000265354
-7.75097  0.000255894
-7.74094  0.000265364
-7.73072  0.000262772
-7.72074  0.000271213
-7.71059  0.000252338
-7.70064  0.000278228
-7.69033  0.000269213
-7.68034  0.000270195
-7.6701  0.000270929
-7.66017  0.000272841
-7.65  0.000272595
-7.63996  0.00027816
-7.62973  0.000276473
-7.61987  0.000270992
-7.60953  0.000289186
-7.59952  0.000280443
-7.58888  0.000302539
-7.57841  0.000285051
-7.56835  0.000285848
-7.55831  0.000277594
-7.54818  0.00029536
-7.53817  0.000284543
-7.52794  0.000290822
-7.51791  0.000293619
-7.50775  0.000293941
-7.49775  0.000286595
-7.48766  0.000302106
-7.47754  0.000292424
-7.46749  0.000299601
-7.45739  0.000292466
-7.44735  0.000312788
-7.4372  0.000290734
-7.42718  0.000307554
-7.41703  0.000308089
-7.40697  0.000299411
-7.39684  0.000308323
-7.38682  0.00031689
-7.37668  0.000300555
-7.36669  0.000310871
-7.35665  0.000314029
-7.34653  0.000315879
-7.33647  0.000312711
-7.32594  0.000347802
-7.31541  0.000315227
-7.30536  0.000319824
-7.29527  0.000324301
-7.28527  0.000315731
-7.27473  0.000354544
-7.26406  0.000339587
-7.25389  0.000317337
-7.24388  0.000329905
-7.23383  0.000333376
-7.22371  0.000328021
-7.21368  0.000329045
-7.20356  0.000341245
-7.19353  0.000327808
-7.18341  0.000343726
-7.17329  0.000339035
-7.16324  0.000339054
-7.15326  0.000331814
-7.14314  0.0003561
-7.13303  0.000334255
-7.12298  0.000352649
-7.11288  0.000345573
-7.10276  0.000351529
-7.09264  0.0003457
-7.08254  0.00036413
-7.07243  0.000342873
-7.06193  0.000391044
-7.05129  0.00035744
-7.04126  0.000360625
-7.03061  0.000389268
-7.02004  0.000372012
-7.00986  0.000357058
-6.99989  0.000363695
-6.98966  0.000367771
-6.97974  0.000369086
-6.96945  0.000365235
-6.95949  0.000375654
-6.94934  0.000368529
-6.93934  0.000367239
-6.9292  0.000384181
-6.91919  0.00037149
-6.90906  0.000376531
-6.89901  0.000379321
-6.88886  0.000384314
-6.87884  0.000378061
-6.8686  0.000395853
-6.85806  0.000413701
-6.84759  0.000386855
-6.83736  0.000390799
-6.82736  0.000393331
-6.81723  0.000388132
-6.80717  0.000395352
-6.79707  0.000390079
-6.7871  0.000397231
-6.7769  0.000403433
-6.76688  0.000394679
-6.75675  0.000399119
-6.7468  0.000402447
-6.73659  0.000407788
-6.72657  0.000396342
-6.71647  0.000415476
-6.70599  0.000436029
-6.69554  0.000412838
-6.68542  0.000407315
-6.67528  0.000418843
-6.66524  0.000409715
-6.65511  0.000423516
-6.64501  0.000410014
-6.63496  0.000421665
-6.62488  0.000419678
-6.61482  0.000423522
-6.60468  0.000421902
-6.59463  0.000426911
-6.58451  0.000422832
-6.57452  0.000426422
-6.56446  0.000428231
-6.55444  0.000428105
-6.54427  0.000436215
-6.53427  0.000432405
-6.5241  0.000437911
-6.51406  0.00043338
-6.5039  0.000448212
-6.49391  0.000427048
-6.48382  0.000446906
-6.47371  0.000445292
-6.46358  0.000447401
-6.45348  0.000440082
-6.44342  0.000459891
-6.43332  0.00043658
-6.42319  0.000457267
-6.41315  0.000453333
-6.40264  0.000489655
-6.39211  0.00045488
-6.3821  0.000459326
-6.37199  0.00044893
-6.36198  0.000470517
-6.35179  0.000461509
-6.3413  0.000500068
-6.33064  0.000472797
-6.3207  0.000461379
-6.31056  0.000471171
-6.30041  0.000469298
-6.29026  0.000480701
-6.28032  0.000459737
-6.27008  0.000486004
-6.26004  0.000468376
-6.25002  0.000480834
-6.23948  0.000514892
-6.22892  0.000493787
-6.21879  0.00046807
-6.20884  0.0004931
-6.1986  0.000484822
-6.18856  0.000493013
-6.17837  0.000481248
-6.1683  0.000501452
-6.15824  0.000479063
-6.14826  0.000498169
-6.13796  0.000498133
-6.12808  0.000495832
-6.11782  0.000491
-6.10779  0.000515033
-6.09763  0.000490722
-6.0877  0.000500239
-6.07741  0.000510283
-6.06747  0.000507171
-6.05729  0.000502008
-6.04724  0.000510937
-6.0371  0.000512438
-6.02713  0.000503829
-6.01692  0.000518135
-6.00693  0.000512264
-5.99685  0.00051144
-5.98626  0.000574138
-5.97566  0.000515394
-5.96564  0.000515311
-5.95555  0.00052905
-5.94548  0.000515695
-5.93551  0.000520862
-5.9254  0.000527458
-5.91527  0.000534105
-5.90518  0.000524127
-5.89514  0.000532357
-5.885  0.000534095
-5.87504  0.000524697
-5.86488  0.000541885
-5.85469  0.000544657
-5.84467  0.00052962
-5.83461  0.000537471
-5.8245  0.000549554
-5.81451  0.000528943
-5.80446  0.000547129
-5.79426  0.000553941
-5.78425  0.000540513
-5.77373  0.000591417
-5.76317  0.000562838
-5.75305  0.00054675
-5.74298  0.000552522
-5.73274  0.000566834
-5.72273  0.000551485
-5.71268  0.00054415
-5.70265  0.000570339
-5.69246  0.000558428
-5.68254  0.00055388
-5.67228  0.000578074
-5.66225  0.000560227
-5.65208  0.000567959
-5.64159  0.000615134
-5.63103  0.00057279
-5.62106  0.000561265
-5.61086  0.000583175
-5.60036  0.000614924
-5.58983  0.000586499
-5.57959  0.00057833
-5.56943  0.00058699
-5.55928  0.000572956
-5.54873  0.000643051
-5.53808  0.000579061
-5.52806  0.000588311
-5.51785  0.000580967
-5.50786  0.000586676
-5.49781  0.000583493
-5.4878  0.000580596
-5.47767  0.000599391
-5.46773  0.000579559
-5.4576  0.000594697
-5.44749  0.000600128
-5.43746  0.000587104
-5.42747  0.00059015
-5.41734  0.000606789
-5.40737  0.000585704
-5.39727  0.000610404
-5.38709  0.000599609
-5.37717  0.000599018
-5.36712  0.000598949
-5.35699  0.000612198
-5.34696  0.000598191
-5.33693  0.000619347
-5.32663  0.000614157
-5.31666  0.000605678
-5.30652  0.000612978
-5.29645  0.000619881
-5.2864  0.000605123
-5.27644  0.000615818
-5.26615  0.000625987
-5.25626  0.000612877
-5.24609  0.000619476
-5.23597  0.000631011
-5.22583  0.000619443
-5.21594  0.00061427
-5.20565  0.000638353
-5.19568  0.000618655
-5.18558  0.000630817
-5.17496  0.00068997
-5.16436  0.000633798
-5.15438  0.000625296
-5.14422  0.000634747
-5.13418  0.000631317
-5.12416  0.000637025
-5.11399  0.000635763
-5.10395  0.000632272
-5.094  0.000635937
-5.0838  0.000650342
-5.0737  0.000634108
-5.06375  0.000640972
-5.05353  0.000646353
-5.043  0.000707834
-5.03196  0.000708932
-5.02136  0.000646337
-5.01119  0.000653276
-5.0012  0.000646919
-4.99109  0.000651977
-4.98094  0.000651503
-4.97088  0.000658799
-4.96082  0.00064544
-4.95075  0.000654209
-4.9407  0.000658169
-4.93022  0.000710707
-4.91961  0.000662394
-4.90957  0.000661609
-4.89947  0.000658418
-4.88931  0.000666061
-4.87923  0.000660258
-4.86921  0.000669235
-4.85902  0.000658842
-4.84895  0.000676363
-4.83886  0.000660734
-4.82879  0.000667477
-4.81867  0.000669845
-4.80864  0.000676581
-4.79846  0.000663333
-4.78846  0.000671788
-4.77795  0.000733382
-4.7674  0.000680371
-4.75711  0.000683117
-4.74717  0.000666599
-4.73706  0.000678626
-4.72694  0.000679839
-4.71687  0.000687201
-4.70629  0.000730778
-4.6957  0.000697475
-4.6857  0.000665282
-4.67569  0.000678724
-4.66558  0.000688155
-4.65559  0.000687284
-4.64548  0.000674131
-4.63527  0.000703868
-4.62518  0.000685592
-4.61515  0.00068709
-4.60448  0.000756213
-4.59397  0.000692771
-4.58341  0.000752353
-4.57281  0.000694572
-4.56275  0.000692665
-4.55267  0.000698827
-4.54241  0.000703197
-4.5324  0.000682994
-4.52194  0.000766026
-4.51129  0.000695555
-4.50122  0.000702948
-4.49112  0.000702562
-4.48089  0.000704978
-4.47076  0.000707319
-4.4607  0.000697448
-4.4505  0.000709222
-4.44039  0.000703742
-4.42993  0.000767266
-4.41929  0.000700124
-4.4092  0.000718143
-4.39914  0.000695839
-4.38904  0.000711254
-4.37886  0.000709265
-4.36891  0.000708498
-4.35874  0.000700259
-4.34874  0.000714855
-4.33873  0.000698162
-4.32871  0.000711095
-4.3185  0.000716756
-4.30856  0.000713898
-4.29829  0.000712452
-4.28826  0.000716203
-4.27818  0.000715702
-4.2681  0.000712584
-4.25789  0.00071876
-4.24749  0.000779845
-4.23687  0.000720351
-4.22676  0.00071495
-4.21663  0.00072865
-4.20651  0.00071961
-4.19625  0.000730592
-4.18619  0.000718664
-4.17565  0.000781195
-4.16515  0.000718009
-4.15502  0.000729417
-4.145  0.000711377
-4.13492  0.000729219
-4.12488  0.000710751
-4.11489  0.000726103
-4.10481  0.000714638
-4.09475  0.000735939
-4.08463  0.000721523
-4.07444  0.000734377
-4.06431  0.000730019
-4.05422  0.000730782
-4.04401  0.000728294
-4.03396  0.00072959
-4.02351  0.000782773
-4.01297  0.000730323
-4.00286  0.000733766
-3.99283  0.000723501
-3.98274  0.000732049
-3.97259  0.00073295
-3.96252  0.000734184
-3.95245  0.0007236
-3.94233  0.000740611
-3.93228  0.000722427
-3.92219  0.000740025
-3.91163  0.000791016
-3.9012  0.000729575
-3.89111  0.000735995
-3.88101  0.000734804
-3.87096  0.000723963
-3.86093  0.000744874
-3.85071  0.00073182
-3.84068  0.000740529
-3.83058  0.000730762
-3.82044  0.000743016
-3.81035  0.0007296
-3.80038  0.000738406
-3.79022  0.000727311
-3.78024  0.000739496
-3.77017  0.000733031
-3.76006  0.000742086
-3.7499  0.000738035
-3.73992  0.000740525
-3.72979  0.000722957
-3.71976  0.000746183
-3.70972  0.000736224
-3.6992  0.000796564
-3.68865  0.000741587
-3.67863  0.000743791
-3.66842  0.00073901
-3.65835  0.000738511
-3.6483  0.000741467
-3.63815  0.000744352
-3.628  0.00073968
-3.61796  0.000742125
-3.60785  0.000736731
-3.59773  0.000742048
-3.58768  0.000741643
-3.57759  0.000743265
-3.5674  0.000739988
-3.55738  0.000741156
-3.54732  0.00073757
-3.53716  0.000745066
-3.52712  0.000737702
-3.51708  0.000739461
-3.50694  0.000738001
-3.49689  0.000748379
-3.48681  0.000734212
-3.47674  0.000739473
-3.46664  0.000738924
-3.45665  0.000750008
-3.446  0.000790503
-3.43558  0.000752745
-3.42547  0.000735367
-3.41544  0.00073525
-3.40525  0.000753204
-3.39526  0.000738046
-3.385  0.000742721
-3.375  0.000740017
-3.36494  0.000742679
-3.35478  0.000738892
-3.34458  0.000753771
-3.33452  0.000745017
-3.32432  0.000735702
-3.31431  0.000737521
-3.30422  0.000748523
-3.29412  0.000728911
-3.28405  0.00074506
-3.27408  0.000731609
-3.26396  0.000740725
-3.25391  0.00073376
-3.24385  0.00074931
-3.23374  0.000728979
-3.22361  0.000747598
-3.21357  0.000737339
-3.20348  0.000740754
-3.1933  0.000736416
-3.18326  0.000745598
-3.17318  0.000732036
-3.16309  0.000733732
-3.15314  0.000730154
-3.14305  0.000748841
-3.13289  0.000727814
-3.12279  0.000751575
-3.11268  0.000734588
-3.10256  0.000734271
-3.09248  0.000737667
-3.08235  0.000750535
-3.07223  0.000718751
-3.0622  0.000745617
-3.05213  0.000729264
-3.04206  0.000730374
-3.03203  0.000731972
-3.02201  0.000736696
-3.01191  0.000725678
-3.00189  0.000732962
-2.99183  0.000738422
-2.98166  0.000731923
-2.97161  0.000731382
-2.96145  0.000746709
-2.95129  0.000729974
-2.94126  0.000722428
-2.9312  0.000739702
-2.92109  0.000723066
-2.91112  0.000728591
-2.90102  0.000726798
-2.89098  0.000733799
-2.88093  0.000717285
-2.8709  0.000735102
-2.86071  0.000737803
-2.85062  0.000723531
-2.8405  0.000728193
-2.83042  0.00073731
-2.82029  0.000720513
-2.81019  0.000729215
-2.80009  0.000734513
-2.79005  0.000711188
-2.78  0.000725286
-2.76995  0.000730064
-2.75991  0.000714794
-2.74982  0.000724547
-2.73981  0.000718355
-2.72976  0.000725138
-2.71963  0.000722518
-2.70957  0.000722013
-2.69952  0.000717081
-2.68941  0.00072634
-2.67932  0.000717534
-2.66931  0.000716759
-2.65923  0.000716708
-2.64918  0.000721172
-2.63911  0.000715598
-2.62897  0.000722365
-2.61888  0.00071678
-2.60884  0.000719864
-2.59868  0.000716323
-2.58853  0.000723802
-2.57848  0.000713386
-2.56835  0.000715395
-2.5578  0.00077625
-2.54727  0.000727067
-2.53713  0.00069975
-2.52707  0.000717591
-2.51693  0.000724937
-2.50677  0.000709821
-2.49668  0.000701751
-2.48664  0.000722311
-2.47656  0.000699524
-2.4665  0.000705573
-2.45645  0.000714047
-2.44637  0.000708613
-2.43619  0.000703044
-2.42618  0.000716592
-2.41601  0.000702202
-2.4059  0.000707965
-2.3958  0.000711612
-2.38575  0.00069597
-2.3756  0.000705945
-2.3656  0.000703886
-2.35551  0.000697086
-2.34547  0.000701971
-2.33534  0.000702922
-2.3253  0.000703172
-2.31515  0.000693171
-2.30512  0.0007035
-2.295  0.000703443
-2.28486  0.000697897
-2.27479  0.000687956
-2.2648  0.000706438
-2.25459  0.000691868
-2.24457  0.000695028
-2.23448  0.000695654
-2.22438  0.000698273
-2.21419  0.00068936
-2.20424  0.000696141
-2.19411  0.000684498
-2.18405  0.000696407
-2.17393  0.000690247
-2.16392  0.00068666
-2.15379  0.000682166
-2.14388  0.000690421
-2.13373  0.000683627
-2.12371  0.000685226
-2.11358  0.000691588
-2.10354  0.000682607
-2.09338  0.000686976
-2.08333  0.000686999
-2.07323  0.000678572
-2.06323  0.000675014
-2.05312  0.0006917
-2.04307  0.000675445
-2.03293  0.000685932
-2.02284  0.000676489
-2.01279  0.000685138
-2.00268  0.000666087
-1.99268  0.000684114
-1.98258  0.000675604
-1.97249  0.000674565
-1.9624  0.000675645
-1.95231  0.000683044
-1.94216  0.000670489
-1.9321  0.00067121
-1.92203  0.00067669
-1.91197  0.000667266
-1.90186  0.000672383
-1.89179  0.000673069
-1.88174  0.000665147
-1.87164  0.000667387
-1.86156  0.000676483
-1.85147  0.000660342
-1.84142  0.000665278
-1.83129  0.000675052
-1.82119  0.000662897
-1.81111  0.000659612
-1.80105  0.00066962
-1.79095  0.000662022
-1.78088  0.000658448
-1.77076  0.000666877
-1.76076  0.000655163
-1.75069  0.000657012
-1.74059  0.000663132
-1.73047  0.000666644
-1.72041  0.000643244
-1.71038  0.000661079
-1.70028  0.0006629
-1.69017  0.000650282
-1.68014  0.000647283
-1.67006  0.000669915
-1.65995  0.000641287
-1.64992  0.000650468
-1.63989  0.000654747
-1.62978  0.000651789
-1.61969  0.000646944
-1.60961  0.000656465
-1.59957  0.000639733
-1.58948  0.000651664
-1.57942  0.000648136
-1.56931  0.000648631
-1.55926  0.000639244
-1.54925  0.000643226
-1.53925  0.000640191
-1.52913  0.000651348
-1.51902  0.000638055
-1.50901  0.000641652
-1.49896  0.000636543
-1.48888  0.000646884
-1.47878  0.000637164
-1.46877  0.000639543
-1.45859  0.000640014
-1.44855  0.000643685
-1.43839  0.000636567
-1.42829  0.000641548
-1.41815  0.000638532
-1.40813  0.000634079
-1.39791  0.000635405
-1.38794  0.000637489
-1.3778  0.000629225
-1.36773  0.000635446
-1.35758  0.000640215
-1.34748  0.000630508
-1.3373  0.000630215
-1.32737  0.000626458
-1.31726  0.000632094
-1.30719  0.000621364
-1.29712  0.000634935
-1.28704  0.000622347
-1.27696  0.000631074
-1.26688  0.000620978
-1.25682  0.000628117
-1.24673  0.000621906
-1.23668  0.000626218
-1.22659  0.00061864
-1.21651  0.000632145
-1.20639  0.000611406
-1.19637  0.000630006
-1.18621  0.000617104
-1.1762  0.000620509
-1.16608  0.000618238
-1.15611  0.000616591
-1.14596  0.00061402
-1.13595  0.000625061
-1.12584  0.000613179
-1.11577  0.00061386
-1.10566  0.00062102
-1.09568  0.000609262
-1.08549  0.000617004
-1.07546  0.000616137
-1.0654  0.000611972
-1.05531  0.000605757
-1.04527  0.000617571
-1.03522  0.000607512
-1.02513  0.000609439
-1.01508  0.00061171
-1.00501  0.000609761
-0.99442  0.000666166
-0.983911  0.000609808
-0.973804  0.000603646
-0.963769  0.000612347
-0.953581  0.00061118
-0.943563  0.000597907
-0.93349  0.00061106
-0.923413  0.000602288
-0.913286  0.00061085
-0.903212  0.000602624
-0.893054  0.000610123
-0.882922  0.000603576
-0.872809  0.000611011
-0.862642  0.000599339
-0.852517  0.000611295
-0.84239  0.000601297
-0.832283  0.000600264
-0.822108  0.000608165
-0.812086  0.000596789
-0.801935  0.000598944
-0.791913  0.000596725
-0.781851  0.000603007
-0.771623  0.000601855
-0.761491  0.000604101
-0.751421  0.000594045
-0.741265  0.000598669
-0.731262  0.000591434
-0.72122  0.000597321
-0.711025  0.00059809
-0.701012  0.000593659
-0.690959  0.000588606
-0.680888  0.000596238
-0.670815  0.000593874
-0.660743  0.000591292
-0.650644  0.000593897
-0.640636  0.000587181
-0.630581  0.000589827
-0.620505  0.000595063
-0.610376  0.000593469
-0.600263  0.000592034
-0.590138  0.00059536
-0.580019  0.000588843
-0.56991  0.000594305
-0.559746  0.000594632
-0.549691  0.000581683
-0.539603  0.000594302
-0.529503  0.000588564
-0.519382  0.000588444
-0.509325  0.000586545
-0.499293  0.000586528
-0.489177  0.000585793
-0.479055  0.000595168
-0.468997  0.000578142
-0.458925  0.000589817
-0.448808  0.000586605
-0.438727  0.000590079
-0.428509  0.00058787
-0.418402  0.000594102
-0.408197  0.000584306
-0.39817  0.000583075
-0.388027  0.000589339
-0.377981  0.000578947
-0.367893  0.000583657
-0.357893  0.00058251
-0.347764  0.000582231
-0.337757  0.000580777
-0.327643  0.000588075
-0.317576  0.000575273
-0.307446  0.000594197
-0.29735  0.000576378
-0.287282  0.000582489
-0.277227  0.000580175
-0.267143  0.000586006
-0.257061  0.000573562
-0.247046  0.000586344
-0.23692  0.000577458
-0.22687  0.00058377
-0.21676  0.000579527
-0.206755  0.000577947
-0.196661  0.000579398
-0.186645  0.000579925
-0.176509  0.000584754
-0.166419  0.000576092
-0.156381  0.000581034
-0.146304  0.000581036
-0.136154  0.000582806
-0.126126  0.000575496
-0.116011  0.000585226
-0.105958  0.000572413
-0.0959447  0.000580569
-0.0858064  0.00058303
-0.0757312  0.000579934
-0.0655931  0.000581446
-0.0554596  0.000585378
-0.0453416  0.000579453
-0.0352316  0.000581602
-0.0246422  0.000635097
-0.0141509  0.000574903
-0.00453571  0.000524613
0.00453571  0.000524613
0.0141509  0.000574903
0.0246422  0.000635097
0.0352316  0.000581602
0.0453416  0.000579453
0.0554596  0.000585378
0.0655931  0.000581446
0.0757312  0.000579934
0.0858064  0.00058303
0.0959447  0.000580569
0.105958  0.000572413
0.116011  0.000585226
0.126126  0.000575496
0.136154  0.000582806
0.146304  0.000581036
0.156381  0.000581034
0.166419  0.000576092
0.176509  0.000584754
0.186645  0.000579925
0.196661  0.000579398
0.206755  0.000577947
0.21676  0.000579527
0.22687  0.00058377
0.23692  0.000577458
0.247046  0.000586344
0.257061  0.000573562
0.267143  0.000586006
0.277227  0.000580175
0.287282  0.000582489
0.29735  0.000576378
0.307446  0.000594197
0.317576  0.000575273
0.327643  0.000588075
0.337757  0.000580777
0.347764  0.000582231
0.357893  0.00058251
0.367893  0.000583657
0.377981  0.000578947
0.388027  0.000589339
0.39817  0.000583075
0.408197  0.000584306
0.418402  0.000594102
0.428509  0.00058787
0.438727  0.000590079
0.448808  0.000586605
0.458925  0.000589817
0.468997  0.000578142
0.479055  0.000595168
0.489177  0.000585793
0.499293  0.000586528
0.509325  0.000586545
0.519382  0.000588444
0.529503  0.000588564
0.539603  0.000594302
0.549691  0.000581683
0.559746  0.000594632
0.56991  0.000594305
0.580019  0.000588843
0.590138  0.00059536
0.600263  0.000592034
0.610376  0.000593469
0.620505  0.000595063
0.630581  0.000589827
0.640636  0.000587181
0.650644  0.000593897
0.660743  0.000591292
0.670815  0.000593874
0.680888  0.000596238
0.690959  0.000588606
0.701012  0.000593659
0.711025  0.00059809
0.72122  0.000597321
0.731262  0.000591434
0.741265  0.000598669
0.751421  0.000594045
0.761491  0.000604101
0.771623  0.000601855
0.781851  0.000603007
0.791913  0.000596725
0.801935  0.000598944
0.812086  0.000596789
0.822108  0.000608165
0.832283  0.000600264
0.84239  0.000601297
0.852517  0.000611295
0.862642  0.000599339
0.872809  0.000611011
0.882922  0.000603576
0.893054  0.000610123
0.903212  0.000602624
0.913286  0.00061085
0.923413  0.000602288
0.93349  0.00061106
0.943563  0.000597907
0.953581  0.00061118
0.963769  0.000612347
0.973804  0.000603646
0.983911  0.000609808
0.99442  0.000666166
1.00501  0.000609761
1.01508  0.00061171
1.02513  0.000609439
1.03522  0.000607512
1.04527  0.000617571
1.05531  0.000605757
1.0654  0.000611972
1.07546  0.000616137
1.08549  0.000617004
1.09568  0.000609262
1.10566  0.00062102
1.11577  0.00061386
1.12584  0.000613179
1.13595  0.000625061
1.14596  0.00061402
1.15611  0.000616591
1.16608  0.000618238
1.1762  0.000620509
1.18621  0.000617104
1.19637  0.000630006
1.20639  0.000611406
1.21651  0.000632145
1.22659  0.00061864
1.23668  0.000626218
1.24673  0.000621906
1.25682  0.000628117
1.26688  0.000620978
1.27696  0.000631074
1.28704  0.000622347
1.29712  0.000634935
1.30719  0.000621364
1.31726  0.000632094
1.32737  0.000626458
1.3373  0.000630215
1.34748  0.000630508
1.35758  0.000640215
1.36773  0.000635446
1.3778  0.000629225
1.38794  0.000637489
1.39791  0.000635405
1.40813  0.000634079
1.41815  0.000638532
1.42829  0.000641548
1.43839  0.000636567
1.44855  0.000643685
1.45859  0.000640014
1.46877  0.000639543
1.47878  0.000637164
1.48888  0.000646884
1.49896  0.000636543
1.50901  0.000641652
1.51902  0.000638055
1.52913  0.000651348
1.53925  0.000640191
1.54925  0.000643226
1.55926  0.000639244
1.56931  0.000648631
1.57942  0.000648136
1.58948  0.000651664
1.59957  0.000639733
1.60961  0.000656465
1.61969  0.000646944
1.62978  0.000651789
1.63989  0.000654747
1.64992  0.000650468
1.65995  0.000641287
1.67006  0.000669915
1.68014  0.000647283
1.69017  0.000650282
1.70028  0.0006629
1.71038  0.000661079
1.72041  0.000643244
1.73047  0.000666644
1.74059  0.000663132
1.75069  0.000657012
1.76076  0.000655163
1.77076  0.000666877
1.78088  0.000658448
1.79095  0.000662022
1.80105  0.00066962
1.81111  0.000659612
1.82119  0.000662897
1.83129  0.000675052
1.84142  0.000665278
1.85147  0.000660342
1.86156  0.000676483
1.87164  0.000667387
1.88174  0.000665147
1.89179  0.000673069
1.90186  0.000672383
1.91197  0.000667266
1.92203  0.00067669
1.9321  0.00067121
1.94216  0.000670489
1.95231  0.000683044
1.9624  0.000675645
1.97249  0.000674565
1.98258  0.000675604
1.99268  0.000684114
2.00268  0.000666087
2.01279  0.000685138
2.02284  0.000676489
2.03293  0.000685932
2.04307  0.000675445
2.05312  0.0006917
2.06323  0.000675014
2.07323  0.000678572
2.08333  0.000686999
2.09338  0.000686976
2.10354  0.000682607
2.11358  0.000691588
2.12371  0.000685226
2.13373  0.000683627
2.14388  0.000690421
2.15379  0.000682166
2.16392  0.00068666
2.17393  0.000690247
2.18405  0.000696407
2.19411  0.000684498
2.20424  0.000696141
2.21419  0.00068936
2.22438  0.000698273
2.23448  0.000695654
2.24457  0.000695028
2.25459  0.000691868
2.2648  0.000706438
2.27479  0.000687956
2.28486  0.000697897
2.295  0.000703443
2.30512  0.0007035
2.31515  0.000693171
2.3253  0.000703172
2.33534  0.000702922
2.34547  0.000701971
2.35551  0.000697086
2.3656  0.000703886
2.3756  0.000705945
2.38575  0.00069597
2.3958  0.000711612
2.4059  0.000707965
2.41601  0.000702202
2.42618  0.000716592
2.43619  0.000703044
2.44637  0.000708613
2.45645  0.000714047
2.4665  0.000705573
2.47656  0.000699524
2.48664  0.000722311
2.49668  0.000701751
2.50677  0.000709821
2.51693  0.000724937
2.52707  0.000717591
2.53713  0.00069975
2.54727  0.000727067
2.5578  0.00077625
2.56835  0.000715395
2.57848  0.000713386
2.58853  0.000723802
2.59868  0.000716323
2.60884  0.000719864
2.61888  0.00071678
2.62897  0.000722365
2.63911  0.000715598
2.64918  0.000721172
2.65923  0.000716708
2.66931  0.000716759
2.67932  0.000717534
2.68941  0.00072634
2.69952  0.000717081
2.70957  0.000722013
2.71963  0.000722518
2.72976  0.000725138
2.73981  0.000718355
2.74982  0.000724547
2.75991  0.000714794
2.76995  0.000730064
2.78  0.000725286
2.79005  0.000711188
2.80009  0.000734513
2.81019  0.000729215
2.82029  0.000720513
2.83042  0.00073731
2.8405  0.000728193
2.85062  0.000723531
2.86071  0.000737803
2.8709  0.000735102
2.88093  0.000717285
2.89098  0.000733799
2.90102  0.000726798
2.91112  0.000728591
2.92109  0.000723066
2.9312  0.000739702
2.94126  0.000722428
2.95129  0.000729974
2.96145  0.000746709
2.97161  0.000731382
2.98166  0.000731923
2.99183  0.000738422
3.00189  0.000732962
3.01191  0.000725678
3.02201  0.000736696
3.03203  0.000731972
3.04206  0.000730374
3.05213  0.000729264
3.0622  0.000745617
3.07223  0.000718751
3.08235  0.000750535
3.09248  0.000737667
3.10256  0.000734271
3.11268  0.000734588
3.12279  0.000751575
3.13289  0.000727814
3.14305  0.000748841
3.15314  0.000730154
3.16309  0.000733732
3.17318  0.000732036
3.18326  0.000745598
3.1933  0.000736416
3.20348  0.000740754
3.21357  0.000737339
3.22361  0.000747598
3.23374  0.000728979
3.24385  0.00074931
3.25391  0.00073376
3.26396  0.000740725
3.27408  0.000731609
3.28405  0.00074506
3.29412  0.000728911
3.30422  0.000748523
3.31431  0.000737521
3.32432  0.000735702
3.33452  0.000745017
3.34458  0.000753771
3.35478  0.000738892
3.36494  0.000742679
3.375  0.000740017
3.385  0.000742721
3.39526  0.000738046
3.40525  0.000753204
3.41544  0.00073525
3.42547  0.000735367
3.43558  0.000752745
3.446  0.000790503
3.45665  0.000750008
3.46664  0.000738924
3.47674  0.000739473
3.48681  0.000734212
3.49689  0.000748379
3.50694  0.000738001
3.51708  0.000739461
3.52712  0.000737702
3.53716  0.000745066
3.54732  0.00073757
3.55738  0.000741156
3.5674  0.000739988
3.57759  0.000743265
3.58768  0.000741643
3.59773  0.000742048
3.60785  0.000736731
3.61796  0.000742125
3.628  0.00073968
3.63815  0.000744352
3.6483  0.000741467
3.65835  0.000738511
3.66842  0.00073901
3.67863  0.000743791
3.68865  0.000741587
3.6992  0.000796564
3.70972  0.000736224
3.71976  0.000746183
3.72979  0.000722957
3.73992  0.000740525
3.7499  0.000738035
3.76006  0.000742086
3.77017  0.000733031
3.78024  0.000739496
3.79022  0.000727311
3.80038  0.000738406
3.81035  0.0007296
3.82044  0.000743016
3.83058  0.000730762
3.84068  0.000740529
3.85071  0.00073182
3.86093  0.000744874
3.87096  0.000723963
3.88101  0.000734804
3.89111  0.000735995
3.9012  0.000729575
3.91163  0.000791016
3.92219  0.000740025
3.93228  0.000722427
3.94233  0.000740611
3.95245  0.0007236
3.96252  0.000734184
3.97259  0.00073295
3.98274  0.000732049
3.99283  0.000723501
4.00286  0.000733766
4.01297  0.000730323
4.02351  0.000782773
4.03396  0.00072959
4.04401  0.000728294
4.05422  0.000730782
4.06431  0.000730019
4.07444  0.000734377
4.08463  0.000721523
4.09475  0.000735939
4.10481  0.000714638
4.11489  0.000726103
4.12488  0.000710751
4.13492  0.000729219
4.145  0.000711377
4.15502  0.000729417
4.16515  0.000718009
4.17565  0.000781195
4.18619  0.000718664
4.19625  0.000730592
4.20651  0.00071961
4.21663  0.00072865
4.22676  0.00071495
4.23687  0.000720351
4.24749  0.000779845
4.25789  0.00071876
4.2681  0.000712584
4.27818  0.000715702
4.28826  0.000716203
4.29829  0.000712452
4.30856  0.000713898
4.3185  0.000716756
4.32871  0.000711095
4.33873  0.000698162
4.34874  0.000714855
4.35874  0.000700259
4.36891  0.000708498
4.37886  0.000709265
4.38904  0.000711254
4.39914  0.000695839
4.4092  0.000718143
4.41929  0.000700124
4.42993  0.000767266
4.44039  0.000703742
4.4505  0.000709222
4.4607  0.000697448
4.47076  0.000707319
4.48089  0.000704978
4.49112  0.000702562
4.50122  0.000702948
4.51129  0.000695555
4.52194  0.000766026
4.5324  0.000682994
4.54241  0.000703197
4.55267  0.000698827
4.56275  0.000692665
4.57281  0.000694572
4.58341  0.000752353
4.59397  0.000692771
4.60448  0.000756213
4.61515  0.00068709
4.62518  0.000685592
4.63527  0.000703868
4.64548  0.000674131
4.65559  0.000687284
4.66558  0.000688155
4.67569  0.000678724
4.6857  0.000665282
4.6957  0.000697475
4.70629  0.000730778
4.71687  0.000687201
4.72694  0.000679839
4.73706  0.000678626
4.74717  0.000666599
4.75711  0.000683117
4.7674  0.000680371
4.77795  0.000733382
4.78846  0.000671788
4.79846  0.000663333
4.80864  0.000676581
4.81867  0.000669845
4.82879  0.000667477
4.83886  0.000660734
4.84895  0.000676363
4.85902  0.000658842
4.86921  0.000669235
4.87923  0.000660258
4.88931  0.000666061
4.89947  0.000658418
4.90957  0.000661609
4.91961  0.000662394
4.93022  0.000710707
4.9407  0.000658169
4.95075  0.000654209
4.96082  0.00064544
4.97088  0.000658799
4.98094  0.000651503
4.99109  0.000651977
5.0012  0.000646919
5.01119  0.000653276
5.02136  0.000646337
5.03196  0.000708932
5.043  0.000707834
5.05353  0.000646353
5.06375  0.000640972
5.0737  0.000634108
5.0838  0.000650342
5.094  0.000635937
5.10395  0.000632272
5.11399  0.000635763
5.12416  0.000637025
5.13418  0.000631317
5.14422  0.000634747
5.15438  0.000625296
5.16436  0.000633798
5.17496  0.00068997
5.18558  0.000630817
5.19568  0.000618655
5.20565  0.000638353
5.21594  0.00061427
5.22583  0.000619443
5.23597  0.000631011
5.24609  0.000619476
5.25626  0.000612877
5.26615  0.000625987
5.27644  0.000615818
5.2864  0.000605123
5.29645  0.000619881
5.30652  0.000612978
5.31666  0.000605678
5.32663  0.000614157
5.33693  0.000619347
5.34696  0.000598191
5.35699  0.000612198
5.36712  0.000598949
5.37717  0.000599018
5.38709  0.000599609
5.39727  0.000610404
5.40737  0.000585704
5.41734  0.000606789
5.42747  0.00059015
5.43746  0.000587104
5.44749  0.000600128
5.4576  0.000594697
5.46773  0.000579559
5.47767  0.000599391
5.4878  0.000580596
5.49781  0.000583493
5.50786  0.000586676
5.51785  0.000580967
5.52806  0.000588311
5.53808  0.000579061
5.54873  0.000643051
5.55928  0.000572956
5.56943  0.00058699
5.57959  0.00057833
5.58983  0.000586499
5.60036  0.000614924
5.61086  0.000583175
5.62106  0.000561265
5.63103  0.00057279
5.64159  0.000615134
5.65208  0.000567959
5.66225  0.000560227
5.67228  0.000578074
5.68254  0.00055388
5.69246  0.000558428
5.70265  0.000570339
5.71268  0.00054415
5.72273  0.000551485
5.73274  0.000566834
5.74298  0.000552522
5.75305  0.00054675
5.76317  0.000562838
5.77373  0.000591417
5.78425  0.000540513
5.79426  0.000553941
5.80446  0.000547129
5.81451  0.000528943
5.8245  0.000549554
5.83461  0.000537471
5.84467  0.00052962
5.85469  0.000544657
5.86488  0.000541885
5.87504  0.000524697
5.885  0.000534095
5.89514  0.000532357
5.90518  0.000524127
5.91527  0.000534105
5.9254  0.000527458
5.93551  0.000520862
5.94548  0.000515695
5.95555  0.00052905
5.96564  0.000515311
5.97566  0.000515394
5.98626  0.000574138
5.99685  0.00051144
6.00693  0.000512264
6.01692  0.000518135
6.02713  0.000503829
6.0371  0.000512438
6.04724  0.000510937
6.05729  0.000502008
6.06747  0.000507171
6.07741  0.000510283
6.0877  0.000500239
6.09763  0.000490722
6.10779  0.000515033
6.11782  0.000491
6.12808  0.000495832
6.13796  0.000498133
6.14826  0.000498169
6.15824  0.000479063
6.1683  0.000501452
6.17837  0.000481248
6.18856  0.000493013
6.1986  0.000484822
6.20884  0.0004931
6.21879  0.00046807
6.22892  0.000493787
6.23948  0.000514892
6.25002  0.000480834
6.26004  0.000468376
6.27008  0.000486004
6.28032  0.000459737
6.29026  0.000480701
6.30041  0.000469298
6.31056  0.000471171
6.3207  0.000461379
6.33064  0.000472797
6.3413  0.000500068
6.35179  0.000461509
6.36198  0.000470517
6.37199  0.00044893
6.3821  0.000459326
6.39211  0.00045488
6.40264  0.000489655
6.41315  0.000453333
6.42319  0.000457267
6.43332  0.00043658
6.44342  0.000459891
6.45348  0.000440082
6.46358  0.000447401
6.47371  0.000445292
6.48382  0.000446906
6.49391  0.000427048
6.5039  0.000448212
6.51406  0.00043338
6.5241  0.000437911
6.53427  0.000432405
6.54427  0.000436215
6.55444  0.000428105
6.56446  0.000428231
6.57452  0.000426422
6.58451  0.000422832
6.59463  0.000426911
6.60468  0.000421902
6.61482  0.000423522
6.62488  0.000419678
6.63496  0.000421665
6.64501  0.000410014
6.65511  0.000423516
6.66524  0.000409715
6.67528  0.000418843
6.68542  0.000407315
6.69554  0.000412838
6.70599  0.000436029
6.71647  0.000415476
6.72657  0.000396342
6.73659  0.000407788
6.7468  0.000402447
6.75675  0.000399119
6.76688  0.000394679
6.7769  0.000403433
6.7871  0.000397231
6.79707  0.000390079
6.80717  0.000395352
6.81723  0.000388132
6.82736  0.000393331
6.83736  0.000390799
6.84759  0.000386855
6.85806  0.000413701
6.8686  0.000395853
6.87884  0.000378061
6.88886  0.000384314
6.89901  0.000379321
6.90906  0.000376531
6.91919  0.00037149
6.9292  0.000384181
6.93934  0.000367239
6.94934  0.000368529
6.95949  0.000375654
6.96945  0.000365235
6.97974  0.000369086
6.98966  0.000367771
6.99989  0.000363695
7.00986  0.000357058
7.02004  0.000372012
7.03061  0.000389268
7.04126  0.000360625
7.05129  0.00035744
7.06193  0.000391044
7.07243  0.000342873
7.08254  0.00036413
7.09264  0.0003457
7.10276  0.000351529
7.11288  0.000345573
7.12298  0.000352649
7.13303  0.000334255
7.14314  0.0003561
7.15326  0.000331814
7.16324  0.000339054
7.17329  0.000339035
7.18341  0.000343726
7.19353  0.000327808
7.20356  0.000341245
7.21368  0.000329045
7.22371  0.000328021
7.23383  0.000333376
7.24388  0.000329905
7.25389  0.000317337
7.26406  0.000339587
7.27473  0.000354544
7.28527  0.000315731
7.29527  0.000324301
7.30536  0.000319824
7.31541  0.000315227
7.32594  0.000347802
7.33647  0.000312711
7.34653  0.000315879
7.35665  0.000314029
7.36669  0.000310871
7.37668  0.000300555
7.38682  0.00031689
7.39684  0.000308323
7.40697  0.000299411
7.41703  0.000308089
7.42718  0.000307554
7.4372  0.000290734
7.44735  0.000312788
7.45739  0.000292466
7.46749  0.000299601
7.47754  0.000292424
7.48766  0.000302106
7.49775  0.000286595
7.50775  0.000293941
7.51791  0.000293619
7.52794  0.000290822
7.53817  0.000284543
7.54818  0.00029536
7.55831  0.000277594
7.56835  0.000285848
7.57841  0.000285051
7.58888  0.000302539
7.59952  0.000280443
7.60953  0.000289186
7.61987  0.000270992
7.62973  0.000276473
7.63996  0.00027816
7.65  0.000272595
7.66017  0.000272841
7.6701  0.000270929
7.68034  0.000270195
7.69033  0.000269213
7.70064  0.000278228
7.71059  0.000252338
7.72074  0.000271213
7.73072  0.000262772
7.74094  0.000265364
7.75097  0.000255894
7.76107  0.000265354
7.77115  0.000255028
7.78123  0.000259635
7.79122  0.000252594
7.80147  0.000261374
7.81152  0.00024858
7.82155  0.000257092
7.83169  0.000247307
7.84173  0.000250921
7.85198  0.000255886
7.86194  0.00024276
7.87215  0.000244377
7.88258  0.00027487
7.89331  0.000238717
7.9033  0.000243624
7.91355  0.000249147
7.92354  0.000234272
7.9342  0.000264656
7.94474  0.000234839
7.95491  0.000240971
7.96495  0.000236504
7.97518  0.000230219
7.98507  0.000230819
7.99522  0.00023816
8.00527  0.000225753
8.01544  0.000232833
8.02554  0.000224912
8.03563  0.000231344
8.04562  0.000217257
8.0558  0.000231435
8.06584  0.00021977
8.07592  0.0002247
8.08658  0.0002415
8.09707  0.000217757
8.10715  0.000216094
8.11727  0.000226401
8.12743  0.000209127
8.13796  0.000234747
8.14848  0.000216698
8.15862  0.000212661
8.16869  0.000209145
8.17875  0.000211908
8.18887  0.000208836
8.19898  0.000207111
8.20906  0.000208795
8.21909  0.000205784
8.22917  0.000199844
8.23978  0.000226949
8.25038  0.000204188
8.26048  0.000197379
8.27058  0.000206442
8.28081  0.000196741
8.2907  0.000191458
8.30141  0.000226942
8.31207  0.000189511
8.32223  0.000200604
8.33241  0.000192126
8.34245  0.000195727
8.35252  0.000181289
8.36261  0.00019779
8.37261  0.000185456
8.38277  0.00019226
8.39335  0.00019651
8.40371  0.000189865
8.41389  0.000179694
8.42389  0.000191867
8.43414  0.000177119
8.44417  0.000182102
8.45427  0.000180746
8.46427  0.000181671
8.47446  0.000173556
8.48489  0.000199563
8.49564  0.000175418
8.50561  0.000174471
8.51632  0.000190894
8.52672  0.00017531
8.53708  0.000172856
8.54717  0.000173193
8.5573  0.000171153
8.56796  0.000183809
8.57864  0.000173955
8.58868  0.000163795
8.59874  0.000164657
8.60874  0.000163923
8.61885  0.000165565
8.62901  0.000163815
8.63905  0.00016167
8.64909  0.000162246
8.65922  0.000158033
8.66935  0.00016032
8.67935  0.000159887
8.68943  0.000154228
8.69968  0.000160434
8.70975  0.000154695
8.71975  0.000153551
8.72999  0.00015675
8.74005  0.000151563
8.75061  0.000166845
8.76121  0.000149676
8.77175  0.000162729
8.7824  0.000152198
8.79243  0.000148644
8.80252  0.000144915
8.81252  0.000145919
8.8227  0.000144543
8.83318  0.000159072
8.84372  0.000142811
8.85431  0.000156462
8.86503  0.000144332
8.87517  0.000139667
8.88573  0.000156216
8.89636  0.000136423
8.90647  0.000142085
8.91651  0.000131722
8.92669  0.000140982
8.93688  0.000134681
8.94721  0.000147195
8.95805  0.000132668
8.96786  0.000131348
8.97801  0.000133382
8.98805  0.000132124
8.99828  0.000127707
9.00826  0.000132561
9.01856  0.000128561
9.0285  0.000126598
9.03865  0.000128685
9.04879  0.00012572
9.05893  0.000127486
9.06895  0.000122246
9.07914  0.000124034
9.08921  0.000125096
9.09928  0.000121752
9.10946  0.000120494
9.11957  0.000122694
9.12955  0.000117693
9.13973  0.000121943
9.14979  0.000114946
9.15982  0.000120579
9.17003  0.000114735
9.18045  0.000127868
9.19156  0.000126318
9.20211  0.000115239
9.21236  0.00011359
9.22228  0.000113473
9.23261  0.000110218
9.24254  0.000113833
9.25329  0.000122198
9.26393  0.000107738
9.27472  0.000127438
9.28518  0.000101849
9.2954  0.000110314
9.30584  0.000116217
9.3166  0.000109436
9.32655  9.93221e-05
9.33671  0.000110321
9.34675  9.9286e-05
9.35726  0.000116412
9.36794  0.000101073
9.37797  0.000102226
9.38826  9.86462e-05
9.39824  0.000107007
9.40835  9.52475e-05
9.41838  9.6904e-05
9.42853  0.000100636
9.43856  9.92397e-05
9.44878  9.489e-05
9.45877  9.89971e-05
9.46896  9.42757e-05
9.47898  9.55211e-05
9.48912  9.25638e-05
9.4992  9.67695e-05
9.50935  8.99442e-05
9.51948  9.64946e-05
9.53016  9.89345e-05
9.54058  8.98151e-05
9.5507  9.22193e-05
9.56072  8.95989e-05
9.57095  8.60281e-05
9.58098  9.31393e-05
9.5912  8.70833e-05
9.60131  8.70277e-05
9.61148  8.90169e-05
9.62146  8.57928e-05
9.63167  8.29335e-05
9.64184  8.75213e-05
9.65203  8.54537e-05
9.66187  8.21064e-05
9.67213  8.2033e-05
9.68213  8.40752e-05
9.69243  8.08367e-05
9.70226  8.21261e-05
9.71248  8.23117e-05
9.72254  7.53655e-05
9.7327  8.42884e-05
9.74287  7.88175e-05
9.75362  8.38899e-05
9.76417  8.09281e-05
9.77423  7.76041e-05
9.78439  7.58848e-05
9.79458  7.55642e-05
9.80457  7.61972e-05
9.81475  7.58054e-05
9.82476  7.24499e-05
9.83485  7.6367e-05
9.84517  7.28827e-05
9.85569  7.91387e-05
9.86602  7.11589e-05
9.87624  7.29649e-05
9.8865  7.10704e-05
9.89648  7.02785e-05
9.90658  6.96407e-05
9.91666  7.14573e-05
9.9267  6.70566e-05
9.93695  7.02602e-05
9.94713  6.72073e-05
9.95724  6.96342e-05
9.96731  6.60771e-05
9.97749  6.7907e-05
9.98816  7.17565e-05
9.99865  6.61941e-05
10.0088  6.48775e-05
10.019  6.58686e-05
10.0295  6.53055e-05
10.0393  6.43729e-05
10.0495  6.01228e-05
10.06  6.75269e-05
10.0707  6.67709e-05
10.0808  5.92143e-05
10.0913  6.67429e-05
10.1019  6.06403e-05
10.112  5.93034e-05
10.122  5.95779e-05
10.1323  6.08451e-05
10.1422  5.75742e-05
10.1524  5.9279e-05
10.1625  5.81939e-05
10.1727  5.6124e-05
10.1832  6.32265e-05
10.1938  5.85123e-05
10.2039  5.21047e-05
10.2142  5.93197e-05
10.2247  5.9277e-05
10.2352  5.42511e-05
10.2454  5.31279e-05
10.2554  5.66947e-05
10.2657  5.226e-05
10.276  5.53868e-05
10.286  5.14405e-05
10.2962  5.29437e-05
10.3064  5.00847e-05
10.3164  5.32483e-05
10.3266  4.9983e-05
10.3368  5.3592e-05
10.3469  4.82053e-05
10.357  4.89052e-05
10.3671  4.85526e-05
10.377  5.27817e-05
10.3873  4.51914e-05
10.3974  4.86803e-05
10.4074  4.74377e-05
10.4173  4.72459e-05
10.4276  4.73304e-05
10.4377  4.68943e-05
10.4478  4.44277e-05
10.4579  4.7315e-05
10.4679  4.54178e-05
10.4779  4.51325e-05
10.4883  4.32869e-05
10.4983  4.81119e-05
10.5085  4.14409e-05
10.5185  4.42791e-05
10.5288  4.55443e-05
10.5389  4.15967e-05
10.5492  4.11719e-05
10.5592  4.54413e-05
10.5696  4.24653e-05
10.5796  3.93068e-05
10.5898  4.31973e-05
10.5998  4.03724e-05
10.6101  4.02978e-05
10.6201  4.06461e-05
10.6304  4.21181e-05
10.6408  3.93431e-05
10.6511  4.0287e-05
10.661  3.69023e-05
10.6713  4.03294e-05
10.6812  3.73525e-05
10.6913  3.88104e-05
10.7016  3.57785e-05
10.7116  3.94386e-05
10.7216  3.58444e-05
10.7324  4.06239e-05
10.7431  3.63655e-05
10.7529  3.65431e-05
10.7632  3.42e-05
10.7734  3.65643e-05
10.7835  3.43477e-05
10.7937  3.71579e-05
10.8038  3.28136e-05
10.8138  3.47024e-05
10.824  3.24992e-05
10.8344  3.87939e-05
10.8451  3.1073e-05
10.8555  3.71627e-05
10.8666  3.332e-05
10.8764  3.25545e-05
10.8873  3.52221e-05
10.8975  3.19392e-05
10.9084  3.48551e-05
10.9192  3.07628e-05
10.9298  3.4613e-05
10.9403  2.98047e-05
10.9503  3.16437e-05
10.9608  2.9909e-05
10.9708  2.98631e-05
10.9808  2.89226e-05
10.991  3.10314e-05
11.0012  2.81632e-05
11.0113  2.98209e-05
11.0215  2.81518e-05
11.0314  2.7407e-05
11.0417  2.84534e-05
11.0519  2.97814e-05
11.0621  2.66883e-05
11.0721  2.7449e-05
11.0825  2.64828e-05
11.0929  3.03043e-05
11.1035  2.65435e-05
11.1137  2.61827e-05
11.124  2.63095e-05
11.1341  2.62657e-05
11.1442  2.55802e-05
11.1546  2.66883e-05
11.1651  2.585e-05
11.1751  2.57223e-05
11.1854  2.32384e-05
11.196  2.82172e-05
11.2069  2.48152e-05
11.2168  2.24578e-05
11.227  2.48605e-05
11.2371  2.32457e-05
11.2473  2.40474e-05
11.2574  2.35093e-05
11.2676  2.24516e-05
11.2779  2.33662e-05
11.2879  2.24277e-05
11.2982  2.27131e-05
11.3082  2.16297e-05
11.3182  2.30834e-05
11.3285  2.08758e-05
11.3388  2.13177e-05
11.3489  2.23625e-05
11.3589  2.16052e-05
11.3692  1.99393e-05
11.3792  2.11812e-05
11.3892  2.02542e-05
11.3995  2.07884e-05
11.4097  1.99538e-05
11.4199  2.05289e-05
11.4302  1.96882e-05
11.4402  2.10981e-05
11.4505  1.80663e-05
11.4605  1.91787e-05
11.471  2.02081e-05
11.4809  1.8904e-05
11.4911  1.79279e-05
11.5012  1.92433e-05
11.5113  1.77034e-05
11.5216  1.84913e-05
11.5316  1.81888e-05
11.5419  1.87835e-05
11.552  1.67648e-05
11.5623  1.83227e-05
11.5726  1.6908e-05
11.5829  1.74499e-05
11.593  1.74689e-05
11.6033  1.73493e-05
11.6135  1.59383e-05
11.6236  1.75584e-05
11.6337  1.58005e-05
11.6439  1.54431e-05
11.654  1.68127e-05
11.6641  1.60839e-05
11.6745  1.59129e-05
11.685  1.5874e-05
11.6947  1.57303e-05
11.705  1.5112e-05
11.7151  1.48944e-05
11.7255  1.56749e-05
11.7355  1.44695e-05
11.7457  1.48726e-05
11.7558  1.4048e-05
11.766  1.49244e-05
11.776  1.46541e-05
11.7863  1.33643e-05
11.7963  1.42007e-05
11.8067  1.45011e-05
11.8165  1.40846e-05
11.8271  1.30428e-05
11.8373  1.37625e-05
11.8478  1.39106e-05
11.8575  1.29197e-05
11.868  1.36011e-05
11.8783  1.22831e-05
11.8886  1.32007e-05
11.8984  1.21767e-05
11.9087  1.33891e-05
11.919  1.23828e-05
11.929  1.18199e-05
11.9395  1.2269e-05
11.9498  1.235e-05
11.96  1.3165e-05
11.9707  1.18867e-05
11.9809  1.1455e-05
11.9911  1.16536e-05
12.0012  1.14971e-05
12.0115  1.18461e-05
12.0217  1.02264e-05
12.0318  1.18798e-05
12.0421  1.08577e-05
12.0522  1.07854e-05
12.0626  1.05979e-05
12.0727  1.12091e-05
12.0827  1.03916e-05
12.0931  1.07512e-05
12.1034  1.03949e-05
12.1133  1.0204e-05
12.1236  9.2727e-06
12.1336  1.06985e-05
12.1443  1.03793e-05
12.1549  1.1082e-05
12.1658  9.4449e-06
12.1758  9.74136e-06
12.1865  1.03548e-05
12.1967  9.2528e-06
12.207  8.52357e-06
12.2175  1.01528e-05
12.2284  1.00235e-05
12.2384  8.72162e-06
12.2489  8.749e-06
12.259  8.90614e-06
12.2692  9.01523e-06
12.2794  8.46973e-06
12.2898  9.22771e-06
12.2997  8.22721e-06
12.3102  7.96251e-06
12.3202  7.99812e-06
12.3304  8.99854e-06
12.3405  8.01371e-06
12.3508  8.33875e-06
12.361  7.66004e-06
12.3713  8.02175e-06
12.3814  7.41298e-06
12.3916  8.00121e-06
12.4019  7.41018e-06
12.4121  8.68654e-06
12.4225  6.90109e-06
12.4331  7.34144e-06
12.4437  8.17778e-06
12.4541  7.48656e-06
12.4644  6.76333e-06
12.4749  7.51433e-06
12.4851  6.65181e-06
12.4951  6.75624e-06
12.5059  7.43011e-06
12.5158  6.68332e-06
12.526  6.82304e-06
12.5364  6.23739e-06
12.5464  6.69967e-06
12.5569  6.15593e-06
12.567  7.104e-06
12.5773  6.05134e-06
12.5873  5.98644e-06
12.5977  6.63765e-06
12.608  5.96621e-06
12.6183  5.98551e-06
12.6284  6.22844e-06
12.6386  5.98266e-06
12.649  6.14321e-06
12.6592  5.74778e-06
12.6694  5.763e-06
12.6799  5.49104e-06
12.6904  5.84118e-06
12.7005  5.40395e-06
12.7107  5.56098e-06
12.7213  6.26505e-06
12.7317  4.53376e-06
12.7418  5.30387e-06
12.7521  5.65311e-06
12.7626  5.04293e-06
12.7727  5.18845e-06
12.7831  5.59053e-06
12.7937  5.08723e-06
12.8037  4.40284e-06
12.8142  5.44988e-06
12.8244  4.85287e-06
12.8345  4.80906e-06
12.8445  4.42925e-06
12.8556  4.41248e-06
12.8657  4.8075e-06
12.8758  5.18893e-06
12.8862  4.29724e-06
12.8968  4.66794e-06
12.9064  4.25936e-06
12.9172  4.14663e-06
12.9273  4.53472e-06
12.9382  4.76241e-06
12.949  4.12715e-06
12.9593  4.05333e-06
12.9693  4.32306e-06
12.9801  4.31592e-06
12.9901  4.09802e-06
13.0004  3.7317e-06
13.0107  4.13132e-06
13.0211  4.01629e-06
13.0312  3.69966e-06
13.042  3.60324e-06
13.0514  3.97655e-06
13.0618  3.63181e-06
13.0723  3.65634e-06
13.0832  4.10657e-06
13.093  3.36338e-06
13.1036  3.57763e-06
13.1146  3.65123e-06
13.1247  3.20877e-06
13.135  3.71477e-06
13.1455  3.41418e-06
13.1557  3.52262e-06
13.166  3.25822e-06
13.1758  3.16468e-06
13.1866  3.1002e-06
13.1967  3.03183e-06
13.2068  3.65217e-06
13.2173  2.93919e-06
13.2278  2.72195e-06
13.2382  3.40761e-06
13.2482  3.0591e-06
13.2588  3.17771e-06
13.2696  2.74557e-06
13.2797  3.11292e-06
13.2908  2.91946e-06
13.3014  3.02564e-06
13.312  2.78529e-06
13.3222  2.75704e-06
13.3326  2.71824e-06
13.3431  2.66004e-06
13.3534  2.81234e-06
13.3639  2.83224e-06
13.3746  2.35117e-06
13.3848  2.9617e-06
13.3954  2.40859e-06
13.4057  2.13793e-06
13.4161  2.36313e-06
13.4263  2.85511e-06
13.437  2.65472e-06
13.4479  2.47236e-06
13.4584  2.33996e-06
13.4686  2.2993e-06
13.4797  2.39476e-06
13.4899  2.31169e-06
13.5001  2.07684e-06
13.5107  2.43814e-06
13.5212  2.21455e-06
13.5318  2.06616e-06
13.5425  2.36165e-06
13.5524  2.09549e-06
13.5636  1.97424e-06
13.5732  1.92066e-06
13.5831  2.18298e-06
13.5941  1.85747e-06
13.6052  2.07372e-06
13.6154  2.16841e-06
13.6264  2.03623e-06
13.6368  2.20877e-06
13.6473  1.52714e-06
13.6576  1.6746e-06
13.6683  1.98904e-06
13.6781  1.85847e-06
13.6886  1.84902e-06
13.6995  1.8959e-06
13.7097  1.69686e-06
13.7207  1.61371e-06
13.7312  1.77776e-06
13.7411  1.83651e-06
13.7529  1.59647e-06
13.7627  1.68271e-06
13.7733  1.42908e-06
13.7837  1.6778e-06
13.7941  1.67381e-06
13.8046  1.60696e-06
13.8145  1.49491e-06
13.8248  1.48803e-06
13.8358  1.2545e-06
13.8455  1.70506e-06
13.8555  1.49785e-06
13.866  1.38152e-06
13.8777  1.51447e-06
13.8878  1.47395e-06
13.8992  1.40772e-06
13.9096  1.30967e-06
13.9195  1.4529e-06
13.9308  1.3589e-06
13.9418  1.19823e-06
13.9517  1.26542e-06
13.962  1.39434e-06
13.972  1.29192e-06
13.9832  1.12437e-06
13.9933  1.34017e-06
14.0039  1.20193e-06
14.0142  1.2261e-06
14.0249  1.13948e-06
14.0359  1.268e-06
14.0468  1.0846e-06
14.0575  1.17603e-06
14.0674  1.1164e-06
14.0777  1.25093e-06
14.0889  1.03075e-06
14.0988  9.90455e-07
14.1097  1.23546e-06
14.1198  9.65341e-07
14.1316  1.06284e-06
14.1417  9.85637e-07
14.1522  1.11147e-06
14.1638  1.09402e-06
14.1746  1.07914e-06
14.1846  9.92051e-07
14.1953  7.58663e-07
14.2065  9.17591e-07
14.2173  1.01834e-06
14.2272  9.28844e-07
14.2376  8.74424e-07
14.2483  8.97597e-07
14.2597  1.03379e-06
14.27  8.11033e-07
14.281  9.38768e-07
14.292  7.42767e-07
14.3018  8.52578e-07
14.3125  7.12811e-07
14.3234  8.59843e-07
14.3341  8.12582e-07
14.3443  8.98059e-07
14.3545  8.08174e-07
14.3659  8.10563e-07
14.3763  6.87465e-07
14.3864  6.24779e-07
14.3968  6.2011e-07
14.4079  8.67645e-07
14.4174  6.3374e-07
14.4282  6.77626e-07
14.4385  8.2039e-07
14.4495  7.5957e-07
14.459  4.2354e-07
14.4696  7.91217e-07
14.4811  6.86347e-07
14.4915  6.93705e-07
14.502  5.91252e-07
14.5129  5.80374e-07
14.5237  6.98039e-07
14.5348  6.29957e-07
14.5446  6.17765e-07
14.5554  7.15956e-07
14.5665  5.06353e-07
14.5763  4.07303e-07
14.5866  5.27594e-07
14.5972  6.74138e-07
14.6073  5.34047e-07
14.6178  5.13786e-07
14.6284  5.37646e-07
14.6393  6.37526e-07
14.6504  5.94304e-07
14.6608  4.8306e-07
14.6719  3.89245e-07
14.6814  5.17735e-07
14.6924  3.73658e-07
14.7021  5.4465e-07
14.7127  5.72328e-07
14.724  5.26189e-07
14.7354  4.50711e-07
14.7458  4.0836e-07
14.757  3.75186e-07
14.7658  4.53516e-07
14.7764  4.94568e-07
14.7871  4.78063e-07
14.7973  3.23483e-07
14.8083  4.40656e-07
14.8188  3.96425e-07
14.8292  5.51406e-07
14.8396  3.15767e-07
14.8487  2.95084e-07
14.8605  3.92221e-07
14.8712  3.92715e-07
14.881  4.20999e-07
14.893  3.8285e-07
14.904  4.1382e-07
14.9131  3.48927e-07
14.9235  2.37848e-07
14.9339  4.01622e-07
14.9449  3.9213e-07
14.9554  3.10656e-07
14.9663  3.45886e-07
14.9763  3.82994e-07
14.988  3.66544e-07
15.0007  2.82129e-07
15.0108  3.13237e-07
15.0215  3.2563e-07
15.0325  3.57629e-07
15.0442  3.10975e-07
15.0538  2.51723e-07
15.0632  2.83639e-07
15.0753  2.39395e-07
15.0843  3.46098e-07
15.0959  3.15016e-07
15.1069  2.51316e-07
15.1179  1.79312e-07
15.1266  3.21101e-07
15.1378  2.42029e-07
15.1482  2.73343e-07
15.1587  3.16617e-07
15.1674  2.143e-07
15.1796  2.62413e-07
15.1906  2.32162e-07
15.2005  2.20934e-07
15.2097  2.74439e-07
15.2224  1.82941e-07
15.2335  1.9644e-07
15.2434  2.75835e-07
15.2541  2.3806e-07
15.2648  2.21843e-07
15.2747  2.2688e-07
15.2852  2.14298e-07
15.2978  2.06839e-07
15.3083  2.64757e-07
15.3207  1.59289e-07
15.3308  1.95797e-07
15.3416  2.48648e-07
15.3523  1.60303e-07
15.3616  2.36154e-07
15.3728  1.55406e-07
15.3842  1.49781e-07
15.3967  1.73425e-07
15.4069  2.04748e-07
15.4179  1.65929e-07
15.4284  1.82954e-07
15.4376  2.09285e-07
15.4486  1.13254e-07
15.459  2.85426e-07
15.4723  9.69459e-08
15.4833  1.44149e-07
15.4959  1.46272e-07
15.5053  1.68241e-07
15.5173  1.98685e-07
15.5275  1.54604e-07
15.539  1.48619e-07
15.5478  9.30067e-08
15.5602  1.91534e-07
15.573  1.83647e-07
15.5836  1.47038e-07
15.5954  9.47164e-08
15.6055  9.37813e-08
15.6165  1.96063e-07
15.6286  1.55574e-07
15.6374  1.41958e-07
15.6479  1.11944e-07
15.6594  9.72155e-08
15.6712  9.55096e-08
15.6814  1.33965e-07
15.6944  1.32304e-07
15.7047  1.30939e-07
15.7164  8.66058e-08
15.7271  1.02343e-07
15.737  1.32796e-07
15.748  1.32514e-07
15.7584  8.99221e-08
15.7698  1.14459e-07
15.7789  6.66644e-08
15.7917  7.99551e-08
15.801  1.0702e-07
15.8117  1.23317e-07
15.8219  8.89387e-08
15.8334  1.55397e-07
15.8459  4.31071e-08
15.8536  9.54614e-08
15.8633  5.08656e-08
15.8741  8.23286e-08
15.8849  9.28873e-08
15.896  1.13123e-07
15.9084  6.54945e-08
15.918  1.01678e-07
15.9283  7.45955e-08
15.94  6.40018e-08
15.9517  6.7089e-08
15.9618  9.47158e-08
15.9744  8.08287e-08
15.9863  7.86312e-08
15.9967  1.18844e-07
16.0079  6.69962e-08
16.0214  7.9415e-08
16.0317  4.0365e-08
16.0415  7.15245e-08
16.0529  4.94163e-08
16.0687  8.75997e-08
16.0776  7.3821e-08
16.0878  3.30194e-08
16.0999  8.37178e-08
16.1103  8.28689e-08
16.1246  6.15311e-08
16.1346  5.47577e-08
16.144  6.05443e-08
16.1556  4.99707e-08
16.1682  7.51773e-08
16.1764  4.99353e-08
16.1891  5.93453e-08
16.1993  2.12985e-08
16.2141  7.2306e-08
16.2271  8.45838e-08
16.2371  3.84288e-08
16.2484  4.93288e-08
16.2567  6.15936e-08
16.2686  4.54216e-08
16.2837  5.77649e-08
16.2935  3.00186e-08
16.3012  4.34141e-08
16.3132  3.32679e-08
16.3253  5.5258e-08
16.3356  3.29522e-08
16.3478  3.75523e-08
16.3584  4.31321e-08
16.3694  3.82379e-08
16.3784  5.38017e-08
16.3894  3.24886e-08
16.4019  3.42884e-08
16.4146  3.10673e-08
16.4241  4.07975e-08
16.4328  2.70825e-08
16.4451  6.44819e-08
16.458  2.96667e-08
16.4702  3.16249e-08
16.4826  3.48901e-08
16.494  3.36306e-08
16.5031  4.06753e-08
16.5169  2.50564e-08
16.5282  3.94429e-08
16.5404  2.11583e-08
16.5481  5.4151e-08
16.5618  2.40947e-08
16.5703  1.07945e-08
16.5818  5.31294e-09
16.5917  1.62348e-08
16.6037  5.97748e-08
16.6165  2.6318e-08
16.6284  3.51759e-08
16.6373  3.61193e-08
16.6522  2.78529e-08
16.6622  1.67556e-08
16.6756  1.80283e-08
16.6883  2.24218e-08
16.6989  3.40734e-08
16.7129  3.01695e-08
16.7234  3.55684e-08
16.7366  1.06782e-08
16.7482  2.40916e-08
16.7589  1.40825e-08
16.7746  1.73106e-08
16.7859  2.99935e-08
16.798  2.74947e-08
16.8094  1.08128e-08
16.8203  3.05835e-08
16.8349  3.53821e-08
16.8456  6.83935e-09
16.8564  1.55729e-08
16.8686  1.95243e-08
16.8813  1.54454e-08
16.8955  1.15499e-08
16.904  3.18596e-08
16.9145  1.51677e-08
16.9254  1.949e-08
16.9403  1.07586e-08
16.9565  1.32042e-08
16.9688  1.78007e-08
16.978  1.92558e-08
16.9915  1.10277e-08
17.0019  1.27657e-08
17.0136  1.68378e-08
17.0277  1.9844e-08
17.0366  8.48447e-09
17.0484  1.16662e-08
17.0606  1.45024e-08
17.0725  6.32617e-09
17.0854  2.34531e-08
17.0956  1.85406e-08
17.1131  1.72106e-08
17.1277  1.04178e-08
17.1376  3.85337e-09
17.1556  9.55164e-09
17.1654  1.23305e-08
17.1784  7.00274e-09
17.1906  1.84934e-08
17.2021  1.34917e-08
17.2155  8.90803e-09
17.2222  7.62077e-09
17.236  8.5389e-09
17.2491  1.37148e-08
17.271  8.762e-09
17.2817  9.97477e-09
17.2998  1.279e-08
17.3116  1.16113e-08
17.3237  5.9777e-09
17.3345  6.89825e-09
17.3449  1.54742e-08
17.3607  6.63575e-09
17.3705  9.92242e-09
17.3887  4.33234e-09
17.4008  3.62998e-09
17.4095  6.37896e-09
17.4204  8.408e-09
17.4338  4.52147e-09
17.4498  6.00548e-09
17.4638  1.20669e-08
17.478  6.95581e-09
17.4891  6.55062e-09
17.5035  5.10127e-09
17.5122  2.44634e-09
17.5207  1.21345e-08
17.5335  4.53995e-09
17.5492  1.8254e-09
17.5638  7.52487e-09
17.5756  8.90887e-09
17.5897  7.06293e-09
17.6205  8.37183e-09
17.6403  6.38259e-09
17.6502  5.92771e-09
17.6787  4.10237e-09
17.6955  9.99905e-09
17.7068  5.89239e-09
17.72  4.52614e-09
17.7259  2.88769e-09
17.7398  6.19668e-09
17.765  1.70528e-09
17.7802  3.73586e-09
17.7971  3.31861e-09
17.8062  5.31013e-09
17.8198  4.57367e-09
17.8384  6.20381e-09
17.8528  3.89375e-10
17.8668  4.65835e-10
17.8853  2.0445e-09
17.8954  8.63686e-09
17.9112  2.60942e-09
17.917  3.26993e-09
17.9446  3.27772e-09
17.955  5.68616e-09
17.9831  2.60913e-09
17.996  4.02944e-09
18.0185  3.68235e-09
18.0331  2.62507e-09
18.0468  8.52194e-10
18.0706  3.4111e-09
18.0812  2.81318e-09
18.0994  2.12216e-09
18.1153  4.24026e-09
18.1507  3.98634e-10
18.1739  5.77119e-09
18.1851  4.4033e-09
18.2012  3.83734e-10
18.2107  1.95271e-09
18.2566  4.41519e-10
18.2658  1.98391e-09
18.2912  3.47877e-09
18.3102  2.50379e-09
18.3321  2.40858e-09
18.3561  1.93445e-09
18.3718  1.64542e-09
18.3893  2.93526e-09
18.4387  3.81702e-10
18.4521  3.65922e-09
18.4993  3.63857e-10
18.5097  2.35536e-09
18.536  2.98395e-10
18.547  1.13165e-09
18.5624  2.91746e-09
18.6087  1.69571e-09
18.6361  3.75653e-10
18.6649  1.14897e-09
18.6829  1.44112e-09
18.6849  4.05837e-10
18.7123  4.03902e-10
18.7268  8.64525e-10
18.7635  1.00407e-09
18.7875  1.91479e-09
18.8251  1.37439e-09
18.8801  3.79906e-10
18.9043  5.35288e-10
18.9373  3.81649e-10
18.9715  3.44742e-10
18.9829  1.17452e-09
19.0024  1.37044e-09
19.0391  7.9582e-10
19.067  3.78417e-10
19.1601  1.06983e-09
19.1751  5.94629e-10
19.278  5.43102e-10
19.296  3.40598e-10
19.3766  9.49218e-10
19.4133  1.83739e-10
19.4382  3.24828e-10
19.5504  1.804e-10
19.596  2.77589e-10
19.6522  7.52347e-10
19.7732  2.52848e-10
19.9897  2.24341e-10
20.0264  2.60552e-10
20.2653  1.77812e-10
20.6395  1.23159e-10
