-20.4331  1.0705e-10
-20.0677  1.50911e-10
-19.8279  2.2776e-10
-19.802  1.87609e-10
-19.5898  2.19737e-10
-19.4624  6.4216e-10
-19.4124  2.44404e-10
-19.344  1.56804e-10
-19.2543  2.86656e-10
-19.2226  1.61528e-10
-19.1967  7.98318e-10
-19.112  3.02263e-10
-19.097  4.52636e-10
-18.9859  1.2324e-09
-18.9786  2.2105e-10
-18.8837  3.06469e-10
-18.8572  6.83133e-10
-18.8313  1.12541e-09
-18.8072  1.03999e-09
-18.7873  3.09887e-10
-18.7388  3.33617e-10
-18.7093  4.5445e-10
-18.7011  3.01061e-10
-18.6491  1.21978e-09
-18.6193  1.64663e-09
-18.5914  8.49254e-10
-18.5655  6.99541e-10
-18.5384  3.6059e-10
-18.5055  1.60806e-09
-18.4917  9.63031e-10
-18.4621  3.36061e-10
-18.4417  1.46611e-09
-18.3863  1.62519e-09
-18.3764  1.9353e-09
-18.3534  1.63867e-09
-18.3385  2.53251e-10
-18.3244  6.8387e-10
-18.2814  3.02365e-09
-18.2644  3.5041e-10
-18.24  1.92438e-10
-18.226  2.39443e-09
-18.2022  1.47048e-09
-18.1785  3.17238e-09
-18.1652  4.19885e-10
-18.1409  3.39007e-09
-18.1263  4.52537e-10
-18.1054  1.55157e-09
-18.094  1.6133e-09
-18.0727  3.14836e-10
-18.0422  1.64253e-09
-18.0166  8.56661e-09
-18.0079  6.63007e-10
-17.986  3.58791e-10
-17.9624  3.62309e-09
-17.9336  1.90856e-09
-17.913  1.86887e-09
-17.8988  3.17344e-09
-17.877  2.63946e-09
-17.8743  4.66974e-10
-17.8591  3.48651e-09
-17.8362  3.52042e-09
-17.8166  1.85892e-09
-17.8057  2.50379e-09
-17.7873  3.16716e-09
-17.7806  1.76047e-09
-17.7681  1.00063e-09
-17.7503  5.70408e-09
-17.7379  3.15673e-09
-17.7304  1.80597e-09
-17.7191  2.91002e-09
-17.6982  4.53913e-10
-17.6796  4.45187e-09
-17.6668  4.02741e-09
-17.6591  1.49107e-09
-17.6482  6.59708e-09
-17.6292  3.1943e-09
-17.6096  1.15202e-09
-17.5961  3.64765e-09
-17.5707  8.0267e-09
-17.5548  4.09766e-09
-17.5376  1.01166e-08
-17.529  3.2877e-09
-17.5034  1.51983e-09
-17.4888  7.01938e-09
-17.4795  2.43832e-09
-17.4683  7.41666e-09
-17.4477  9.46314e-10
-17.4337  4.14457e-09
-17.4152  1.23859e-08
-17.406  3.3254e-09
-17.3967  3.95009e-10
-17.3821  9.89092e-09
-17.3654  3.97695e-09
-17.3562  8.64423e-09
-17.3388  3.04408e-09
-17.3285  7.53806e-09
-17.3097  7.05311e-09
-17.2979  7.17161e-09
-17.2902  1.45699e-09
-17.273  6.78543e-09
-17.2656  4.47004e-09
-17.2544  9.05474e-09
-17.239  8.20283e-10
-17.2289  6.39734e-09
-17.2127  4.76071e-09
-17.2037  1.44622e-08
-17.1903  6.61791e-09
-17.1753  1.35025e-08
-17.1664  6.68917e-09
-17.1551  3.60845e-09
-17.1485  4.71825e-09
-17.1326  6.87825e-09
-17.1203  8.89034e-09
-17.1139  3.62906e-09
-17.0985  7.71742e-09
-17.0876  9.94218e-09
-17.0755  5.08432e-09
-17.0612  1.22945e-08
-17.0485  1.94848e-08
-17.0414  7.51978e-09
-17.025  9.23031e-09
-17.0119  7.40649e-09
-16.9973  1.66634e-08
-16.9925  1.64834e-09
-16.9685  3.67844e-09
-16.9604  1.4488e-08
-16.9429  1.75803e-08
-16.9327  1.29935e-08
-16.9216  1.41945e-08
-16.9075  1.89925e-08
-16.9008  3.03285e-09
-16.884  1.52027e-08
-16.8748  9.6572e-09
-16.862  1.63627e-08
-16.8471  8.50762e-09
-16.8359  2.16749e-08
-16.8276  9.94951e-09
-16.8144  1.67131e-08
-16.7974  7.17233e-09
-16.7817  2.17683e-08
-16.77  1.51551e-08
-16.7582  2.03436e-08
-16.7485  1.2446e-08
-16.7354  1.14214e-08
-16.7258  2.25654e-08
-16.7156  8.51407e-09
-16.6988  1.82784e-08
-16.692  2.53259e-08
-16.6767  1.99003e-08
-16.6593  2.20316e-08
-16.6497  2.21827e-08
-16.6372  2.57487e-08
-16.6238  1.5036e-08
-16.6109  1.24508e-08
-16.5986  1.85881e-08
-16.5874  1.25381e-08
-16.5754  3.17486e-08
-16.5679  2.30025e-08
-16.5553  3.02534e-08
-16.5466  1.70855e-08
-16.537  1.49781e-08
-16.5172  3.11723e-08
-16.5088  1.05238e-08
-16.495  3.22784e-08
-16.4831  3.09664e-08
-16.4726  1.31981e-08
-16.4619  3.98075e-08
-16.4493  3.00018e-08
-16.4349  1.10211e-08
-16.4244  2.42225e-08
-16.4112  3.77649e-08
-16.3974  4.04097e-08
-16.3883  2.85336e-08
-16.3785  1.0417e-08
-16.367  2.86757e-08
-16.3567  3.97972e-08
-16.3397  3.62981e-08
-16.332  1.9194e-08
-16.3225  2.13357e-08
-16.3093  4.95203e-08
-16.2976  2.35925e-08
-16.2863  5.0729e-08
-16.2751  2.54115e-08
-16.2666  1.37193e-08
-16.2538  4.99992e-08
-16.2429  2.7082e-08
-16.2324  5.95647e-08
-16.2172  3.21713e-08
-16.2087  3.48973e-08
-16.1989  4.63306e-08
-16.1859  3.61517e-08
-16.1769  1.86636e-08
-16.164  4.18086e-08
-16.1534  3.9884e-08
-16.1438  2.98792e-08
-16.1304  4.59925e-08
-16.1197  5.63948e-08
-16.107  5.5434e-08
-16.0941  6.84562e-08
-16.0859  4.71926e-08
-16.0735  3.61537e-08
-16.0611  4.42412e-08
-16.0494  3.33114e-08
-16.0392  6.13799e-08
-16.0294  6.57483e-08
-16.0187  4.72538e-08
-16.0052  5.4113e-08
-15.9951  4.06674e-08
-15.986  5.99306e-08
-15.972  6.27105e-08
-15.9615  4.21618e-08
-15.9499  7.01438e-08
-15.9383  8.49897e-08
-15.9283  5.68818e-08
-15.9173  4.57203e-08
-15.9065  5.62666e-08
-15.8928  5.1788e-08
-15.8847  3.7713e-08
-15.8763  5.37609e-08
-15.8633  1.06222e-07
-15.8543  5.86708e-08
-15.8434  7.78074e-08
-15.8304  6.40549e-08
-15.8225  5.30458e-08
-15.8107  7.83394e-08
-15.8019  4.88721e-08
-15.7905  7.298e-08
-15.7797  7.96868e-08
-15.7675  7.7852e-08
-15.7572  8.61203e-08
-15.7462  5.84743e-08
-15.737  8.11337e-08
-15.7254  1.17512e-07
-15.7134  4.34024e-08
-15.704  1.02539e-07
-15.6926  4.04258e-08
-15.6821  1.41553e-07
-15.6709  1.06407e-07
-15.6621  4.4451e-08
-15.6514  7.16829e-08
-15.6408  1.12391e-07
-15.63  1.00184e-07
-15.6196  7.94168e-08
-15.6085  9.52499e-08
-15.5992  1.45412e-07
-15.5875  6.59139e-08
-15.5783  8.70956e-08
-15.5659  1.12542e-07
-15.5559  1.14672e-07
-15.5462  9.85908e-08
-15.5337  1.06357e-07
-15.521  1.1326e-07
-15.5118  1.00858e-07
-15.5019  7.62439e-08
-15.4926  1.46432e-07
-15.4802  1.2794e-07
-15.4683  1.46129e-07
-15.4581  1.26006e-07
-15.4472  1.18143e-07
-15.4375  1.60754e-07
-15.4264  1.07387e-07
-15.4142  1.19312e-07
-15.4026  1.66286e-07
-15.391  1.66246e-07
-15.3813  1.01753e-07
-15.3716  1.95106e-07
-15.3602  9.00157e-08
-15.3489  1.14155e-07
-15.3377  1.35991e-07
-15.3283  1.11819e-07
-15.3173  2.11781e-07
-15.3068  1.88124e-07
-15.2963  1.52862e-07
-15.2859  1.37289e-07
-15.2773  1.57497e-07
-15.2658  1.39979e-07
-15.2543  1.48287e-07
-15.2447  1.57955e-07
-15.2324  2.34386e-07
-15.2223  1.68729e-07
-15.2118  1.92315e-07
-15.1995  1.4562e-07
-15.1891  1.97456e-07
-15.1796  1.61029e-07
-15.1699  1.58941e-07
-15.1593  2.04893e-07
-15.1481  1.91987e-07
-15.1377  2.50098e-07
-15.1261  2.37335e-07
-15.1153  1.41577e-07
-15.1061  2.27501e-07
-15.096  1.85719e-07
-15.0842  2.17858e-07
-15.074  2.27053e-07
-15.065  2.13109e-07
-15.0518  2.2081e-07
-15.0416  2.14084e-07
-15.0322  2.28226e-07
-15.0215  2.22592e-07
-15.0126  2.95681e-07
-15.0018  2.26331e-07
-14.9899  2.36759e-07
-14.9797  2.54456e-07
-14.9685  2.4905e-07
-14.9584  2.70588e-07
-14.9477  2.75818e-07
-14.9358  2.34417e-07
-14.9256  2.43499e-07
-14.9164  3.33153e-07
-14.9073  2.53472e-07
-14.8951  2.38275e-07
-14.8856  3.4249e-07
-14.8739  2.01568e-07
-14.8639  2.87455e-07
-14.8545  2.85574e-07
-14.8443  3.03871e-07
-14.8342  3.91752e-07
-14.824  2.66639e-07
-14.8129  3.19256e-07
-14.8024  3.3152e-07
-14.7905  3.22799e-07
-14.7807  2.7523e-07
-14.7706  3.77598e-07
-14.7607  3.8077e-07
-14.7503  4.00285e-07
-14.7385  2.91826e-07
-14.7291  2.88283e-07
-14.7171  3.82676e-07
-14.7076  4.61061e-07
-14.6954  2.67516e-07
-14.6852  4.27265e-07
-14.6745  3.98729e-07
-14.665  3.91942e-07
-14.654  4.49817e-07
-14.6439  3.87678e-07
-14.6305  4.77621e-07
-14.6209  3.83568e-07
-14.6104  4.45408e-07
-14.5985  3.94017e-07
-14.5884  5.82427e-07
-14.5786  4.49167e-07
-14.5662  3.78816e-07
-14.5557  4.38092e-07
-14.5461  4.06909e-07
-14.5359  4.85276e-07
-14.5251  4.93545e-07
-14.5138  4.5074e-07
-14.5031  6.74016e-07
-14.492  4.50038e-07
-14.4822  4.44055e-07
-14.4726  5.24233e-07
-14.4615  5.65357e-07
-14.45  4.63842e-07
-14.4412  5.2544e-07
-14.4298  6.08634e-07
-14.4187  5.80928e-07
-14.4093  5.53566e-07
-14.399  4.77825e-07
-14.387  6.48803e-07
-14.3774  6.12273e-07
-14.3651  6.33674e-07
-14.355  6.1906e-07
-14.3444  6.12023e-07
-14.3337  5.48516e-07
-14.3227  7.34581e-07
-14.3119  6.05491e-07
-14.3011  7.17377e-07
-14.2907  7.45514e-07
-14.2795  6.95329e-07
-14.2688  6.29366e-07
-14.2588  7.13828e-07
-14.2494  4.72299e-07
-14.2384  7.31446e-07
-14.2286  7.51045e-07
-14.2177  7.59064e-07
-14.2075  6.8124e-07
-14.1975  8.69539e-07
-14.1864  7.48657e-07
-14.1756  7.40072e-07
-14.165  7.83851e-07
-14.1535  7.90483e-07
-14.1432  7.36568e-07
-14.1339  8.85114e-07
-14.1229  8.54244e-07
-14.1129  8.40541e-07
-14.1021  8.63006e-07
-14.0917  7.26501e-07
-14.0811  8.75952e-07
-14.0721  7.32647e-07
-14.061  9.20098e-07
-14.0506  1.0899e-06
-14.0399  9.11195e-07
-14.0296  8.9518e-07
-14.0183  1.00622e-06
-14.0078  8.5005e-07
-13.9973  1.12399e-06
-13.9873  9.78201e-07
-13.9758  1.07048e-06
-13.9645  9.95716e-07
-13.9544  1.17669e-06
-13.9438  9.36214e-07
-13.9338  1.02929e-06
-13.9232  1.13095e-06
-13.912  1.06478e-06
-13.9012  1.34592e-06
-13.8904  1.06402e-06
-13.8794  1.00543e-06
-13.8688  1.41799e-06
-13.858  1.08917e-06
-13.8467  1.14778e-06
-13.8361  1.30774e-06
-13.8254  1.30488e-06
-13.8152  1.12228e-06
-13.8054  1.24258e-06
-13.7949  1.20032e-06
-13.7844  1.3944e-06
-13.7742  1.27479e-06
-13.7626  1.40362e-06
-13.7513  1.46304e-06
-13.7408  1.46564e-06
-13.7306  1.19729e-06
-13.7197  1.35926e-06
-13.7094  1.53169e-06
-13.6988  1.51193e-06
-13.6878  1.53041e-06
-13.6769  1.23322e-06
-13.6669  1.62746e-06
-13.6567  1.58708e-06
-13.6458  1.50052e-06
-13.6354  1.64548e-06
-13.6243  1.77386e-06
-13.6134  1.44013e-06
-13.6034  1.42297e-06
-13.5935  1.58921e-06
-13.5834  1.69367e-06
-13.5724  1.76394e-06
-13.5625  1.87719e-06
-13.5516  1.49611e-06
-13.5403  1.85399e-06
-13.5304  1.78356e-06
-13.5196  1.68821e-06
-13.5091  1.85068e-06
-13.4983  2.15293e-06
-13.4874  1.96711e-06
-13.4768  1.92679e-06
-13.4665  1.61419e-06
-13.4565  1.79226e-06
-13.4459  2.36037e-06
-13.4351  1.85558e-06
-13.4251  1.82571e-06
-13.4143  2.1645e-06
-13.4042  2.22755e-06
-13.3931  2.09717e-06
-13.3834  2.00586e-06
-13.3724  2.09813e-06
-13.3622  2.21356e-06
-13.3516  2.26675e-06
-13.3404  2.39636e-06
-13.33  2.36629e-06
-13.32  2.30999e-06
-13.3086  2.19299e-06
-13.2984  2.48557e-06
-13.2875  2.49806e-06
-13.2776  2.21254e-06
-13.2669  2.47022e-06
-13.2572  2.27278e-06
-13.2463  2.77826e-06
-13.2357  2.63465e-06
-13.2252  2.44894e-06
-13.2146  2.50102e-06
-13.2046  2.72742e-06
-13.1941  2.38572e-06
-13.1835  3.0123e-06
-13.1737  2.55148e-06
-13.1628  2.86702e-06
-13.1526  2.73174e-06
-13.1422  2.96909e-06
-13.1317  2.57528e-06
-13.1215  2.99783e-06
-13.1104  3.23869e-06
-13.1001  3.15044e-06
-13.0888  3.30069e-06
-13.0787  2.7323e-06
-13.0681  2.8338e-06
-13.058  3.32138e-06
-13.0476  3.03041e-06
-13.0367  3.50197e-06
-13.0263  3.37319e-06
-13.0166  2.94171e-06
-13.0055  3.4199e-06
-12.9952  3.37159e-06
-12.9845  3.66976e-06
-12.9742  3.30042e-06
-12.9644  3.16567e-06
-12.9539  3.72917e-06
-12.9432  3.84878e-06
-12.9331  3.52641e-06
-12.9228  3.20201e-06
-12.9123  3.85957e-06
-12.9016  4.2328e-06
-12.8912  3.23517e-06
-12.8809  4.06553e-06
-12.8705  3.94839e-06
-12.8597  4.08446e-06
-12.8495  4.34324e-06
-12.839  3.82828e-06
-12.8287  3.61221e-06
-12.8185  4.54418e-06
-12.8081  4.33282e-06
-12.7973  3.80954e-06
-12.7871  4.20115e-06
-12.777  4.62907e-06
-12.7667  4.25011e-06
-12.7561  4.40816e-06
-12.7461  4.21073e-06
-12.7354  4.71265e-06
-12.725  4.83989e-06
-12.7151  4.18698e-06
-12.7043  4.52562e-06
-12.6941  5.171e-06
-12.6843  4.72813e-06
-12.6734  4.74123e-06
-12.6632  5.04093e-06
-12.6529  4.89663e-06
-12.6429  4.88141e-06
-12.6321  5.54074e-06
-12.6212  4.95154e-06
-12.6107  5.6322e-06
-12.6007  5.21515e-06
-12.5905  4.3548e-06
-12.5803  6.02032e-06
-12.5697  5.43993e-06
-12.5598  5.10503e-06
-12.549  6.01445e-06
-12.5389  5.41657e-06
-12.5286  5.59276e-06
-12.5184  6.08546e-06
-12.5082  5.71252e-06
-12.4979  5.46582e-06
-12.4878  6.11998e-06
-12.4775  6.1645e-06
-12.4671  5.91365e-06
-12.4568  6.41071e-06
-12.4467  5.82093e-06
-12.4365  6.31897e-06
-12.4261  6.64744e-06
-12.4159  5.9983e-06
-12.4054  6.20016e-06
-12.3954  6.91412e-06
-12.3852  6.77123e-06
-12.3749  6.35252e-06
-12.365  6.86669e-06
-12.3542  6.99803e-06
-12.344  6.89796e-06
-12.3337  7.05383e-06
-12.3231  6.95448e-06
-12.3133  7.205e-06
-12.3033  7.6365e-06
-12.2926  7.02199e-06
-12.2824  7.25851e-06
-12.2722  7.98851e-06
-12.2615  7.59126e-06
-12.2514  7.18638e-06
-12.2418  7.66301e-06
-12.2311  8.41049e-06
-12.2208  7.63508e-06
-12.2105  8.11825e-06
-12.2  7.59779e-06
-12.19  9.08749e-06
-12.1798  7.23203e-06
-12.1696  8.85654e-06
-12.1591  8.68015e-06
-12.1491  8.18928e-06
-12.1389  8.52103e-06
-12.1288  9.02034e-06
-12.1183  8.42685e-06
-12.1081  8.85409e-06
-12.0981  8.57698e-06
-12.0879  9.44281e-06
-12.0776  8.6595e-06
-12.0674  9.7335e-06
-12.0571  9.14772e-06
-12.0471  9.78853e-06
-12.0365  9.43886e-06
-12.0266  9.3931e-06
-12.0163  9.93574e-06
-12.0063  1.01063e-05
-11.9962  8.95079e-06
-11.9855  1.06282e-05
-11.9755  1.03782e-05
-11.9655  9.82426e-06
-11.9555  1.06161e-05
-11.945  1.05918e-05
-11.9346  1.02673e-05
-11.9246  1.05785e-05
-11.9146  1.05314e-05
-11.9044  1.10225e-05
-11.8935  1.24684e-05
-11.8832  1.13193e-05
-11.8729  1.00813e-05
-11.8627  1.20631e-05
-11.8527  1.17367e-05
-11.8424  1.13678e-05
-11.8322  1.19132e-05
-11.822  1.19046e-05
-11.8116  1.16544e-05
-11.8016  1.25875e-05
-11.7915  1.204e-05
-11.7809  1.24912e-05
-11.7705  1.2325e-05
-11.7606  1.36834e-05
-11.7504  1.11863e-05
-11.7404  1.30849e-05
-11.7302  1.3197e-05
-11.7197  1.38052e-05
-11.7097  1.30678e-05
-11.6994  1.35805e-05
-11.6892  1.23961e-05
-11.6791  1.53701e-05
-11.6692  1.31608e-05
-11.6586  1.41702e-05
-11.6484  1.36718e-05
-11.6383  1.54631e-05
-11.628  1.36129e-05
-11.6177  1.45494e-05
-11.6076  1.47003e-05
-11.5972  1.51298e-05
-11.5872  1.47535e-05
-11.577  1.56578e-05
-11.5662  1.57509e-05
-11.5556  1.73919e-05
-11.5453  1.48291e-05
-11.5348  1.54566e-05
-11.5246  1.65669e-05
-11.5147  1.61585e-05
-11.5043  1.54577e-05
-11.4943  1.67207e-05
-11.4842  1.62953e-05
-11.474  1.71603e-05
-11.4636  1.667e-05
-11.4535  1.72398e-05
-11.4432  1.61895e-05
-11.4334  1.81234e-05
-11.4233  1.7496e-05
-11.4129  1.7372e-05
-11.4028  1.85588e-05
-11.3925  1.79816e-05
-11.3819  1.86998e-05
-11.3715  1.9789e-05
-11.3613  1.75535e-05
-11.3512  1.91087e-05
-11.3409  1.99509e-05
-11.3306  1.85021e-05
-11.3204  1.97173e-05
-11.3104  1.8782e-05
-11.3004  1.9775e-05
-11.29  2.09067e-05
-11.2797  1.99993e-05
-11.2695  1.94959e-05
-11.2589  2.24747e-05
-11.2486  2.11065e-05
-11.2385  2.03426e-05
-11.2281  2.15628e-05
-11.218  2.12764e-05
-11.2079  2.09058e-05
-11.1978  2.231e-05
-11.1874  2.22648e-05
-11.1774  2.12367e-05
-11.1674  2.2766e-05
-11.1571  2.18691e-05
-11.1469  2.25887e-05
-11.1369  2.37592e-05
-11.1266  2.32247e-05
-11.1164  2.27423e-05
-11.1063  2.34563e-05
-11.0962  2.44284e-05
-11.0858  2.38139e-05
-11.0759  2.42726e-05
-11.0654  2.54476e-05
-11.0551  2.43364e-05
-11.0453  2.55511e-05
-11.0351  2.44255e-05
-11.0248  2.54592e-05
-11.0148  2.53663e-05
-11.0046  2.59678e-05
-10.9945  2.60116e-05
-10.9845  2.6047e-05
-10.9743  2.64684e-05
-10.964  2.71785e-05
-10.9541  2.64901e-05
-10.9439  2.74295e-05
-10.9337  2.74055e-05
-10.9236  2.80611e-05
-10.9136  2.75003e-05
-10.9033  2.79676e-05
-10.8932  2.96171e-05
-10.883  2.74538e-05
-10.8729  3.07234e-05
-10.8629  2.81848e-05
-10.8527  2.94699e-05
-10.8424  3.06965e-05
-10.8325  3.01587e-05
-10.8222  2.94804e-05
-10.8119  3.1236e-05
-10.8015  3.35704e-05
-10.7908  3.18622e-05
-10.7805  3.11035e-05
-10.7704  3.27074e-05
-10.7601  3.21548e-05
-10.7498  3.28766e-05
-10.74  3.19386e-05
-10.7297  3.18066e-05
-10.7194  3.46636e-05
-10.7094  3.35623e-05
-10.6994  3.37066e-05
-10.689  3.4665e-05
-10.6792  3.25087e-05
-10.6691  3.52187e-05
-10.6587  3.57872e-05
-10.6489  3.43655e-05
-10.6387  3.53766e-05
-10.6284  3.7405e-05
-10.6184  3.58847e-05
-10.6081  3.63551e-05
-10.5979  3.63541e-05
-10.5878  3.94206e-05
-10.5772  4.00781e-05
-10.5664  3.79653e-05
-10.5564  3.78768e-05
-10.5463  3.74835e-05
-10.5363  4.05433e-05
-10.5261  3.95239e-05
-10.5158  3.7309e-05
-10.5055  4.35853e-05
-10.4958  3.87431e-05
-10.4855  3.93419e-05
-10.4753  4.17887e-05
-10.4652  4.20227e-05
-10.455  4.05897e-05
-10.4448  4.1346e-05
-10.4351  4.30526e-05
-10.4245  4.1838e-05
-10.4145  4.46703e-05
-10.4043  4.33465e-05
-10.3941  4.24921e-05
-10.3839  4.7074e-05
-10.3739  4.23592e-05
-10.3636  4.36213e-05
-10.3534  4.79429e-05
-10.3435  4.44741e-05
-10.3334  4.55461e-05
-10.3231  4.76161e-05
-10.313  4.48785e-05
-10.3027  4.78558e-05
-10.2927  4.75995e-05
-10.2827  4.75781e-05
-10.2725  4.80418e-05
-10.2623  5.03333e-05
-10.2522  4.64864e-05
-10.2421  5.06491e-05
-10.232  5.15076e-05
-10.222  4.76808e-05
-10.2119  5.11148e-05
-10.2011  5.73196e-05
-10.1906  5.06338e-05
-10.1806  5.0695e-05
-10.1705  5.35004e-05
-10.1602  5.33465e-05
-10.1502  5.13363e-05
-10.1402  5.47228e-05
-10.13  5.45784e-05
-10.1197  5.39818e-05
-10.1092  6.08681e-05
-10.0985  5.47237e-05
-10.0883  5.69688e-05
-10.0783  5.7136e-05
-10.0681  5.53231e-05
-10.0581  5.58012e-05
-10.048  5.9872e-05
-10.0377  5.7744e-05
-10.0278  5.82257e-05
-10.0177  5.93344e-05
-10.0074  5.92329e-05
-9.99745  5.87055e-05
-9.98738  6.17603e-05
-9.97707  6.08975e-05
-9.96717  6.00181e-05
-9.95703  6.3535e-05
-9.94629  6.72272e-05
-9.93585  6.16147e-05
-9.92572  6.56512e-05
-9.91551  6.33106e-05
-9.90556  6.41472e-05
-9.89495  7.09152e-05
-9.88416  6.57682e-05
-9.87396  6.77928e-05
-9.86352  7.10016e-05
-9.85284  6.78929e-05
-9.84274  6.63259e-05
-9.83272  6.67013e-05
-9.82251  7.23211e-05
-9.81214  6.84527e-05
-9.80228  6.76817e-05
-9.79207  7.18393e-05
-9.78192  7.03002e-05
-9.77177  7.07103e-05
-9.76158  7.28329e-05
-9.75136  7.22045e-05
-9.7416  7.04548e-05
-9.73139  7.41934e-05
-9.72121  7.47439e-05
-9.71121  7.28608e-05
-9.70096  7.81368e-05
-9.69084  7.38952e-05
-9.68095  7.4275e-05
-9.67053  7.9526e-05
-9.66059  7.58912e-05
-9.65055  7.74707e-05
-9.64032  7.85626e-05
-9.63025  7.82656e-05
-9.62027  7.845e-05
-9.60991  8.27935e-05
-9.5999  8.09766e-05
-9.58989  7.86327e-05
-9.57973  8.20412e-05
-9.56968  8.31727e-05
-9.55973  8.147e-05
-9.54941  8.54802e-05
-9.53948  8.39725e-05
-9.52938  8.41056e-05
-9.51916  8.57233e-05
-9.50902  8.74286e-05
-9.49905  8.48077e-05
-9.48864  9.20986e-05
-9.47863  8.62388e-05
-9.46869  8.45293e-05
-9.45833  9.24893e-05
-9.44824  9.29339e-05
-9.43828  8.61991e-05
-9.42794  9.40812e-05
-9.41789  9.21355e-05
-9.40738  9.81948e-05
-9.39622  0.000105869
-9.38562  9.43768e-05
-9.37506  9.87063e-05
-9.36453  9.9811e-05
-9.35439  9.51928e-05
-9.34426  9.31281e-05
-9.33414  0.000102703
-9.324  9.84498e-05
-9.31385  9.45317e-05
-9.30378  0.00010224
-9.29366  0.000101937
-9.28346  9.6211e-05
-9.27338  0.000106161
-9.26323  9.98944e-05
-9.25325  0.000100004
-9.24306  0.00011036
-9.23289  0.00010198
-9.22237  0.000110942
-9.21185  0.000112391
-9.20172  0.000101276
-9.19165  0.000106554
-9.1816  0.000111149
-9.17139  0.000109488
-9.16117  0.000107045
-9.15128  0.000111946
-9.14111  0.000108394
-9.13102  0.000112234
-9.12088  0.000116533
-9.11067  0.000111916
-9.10059  0.000110328
-9.09063  0.000119862
-9.08032  0.000114952
-9.07027  0.000114866
-9.06028  0.000119424
-9.05013  0.000115956
-9.03997  0.000115674
-9.03003  0.000124113
-9.01964  0.000121527
-9.00946  0.000121443
-8.99948  0.000120464
-8.98941  0.000120647
-8.97935  0.00012248
-8.96927  0.000127647
-8.95905  0.000124035
-8.94907  0.000123902
-8.93903  0.000126904
-8.92885  0.000128116
-8.91877  0.000127884
-8.90856  0.000134
-8.89842  0.000126619
-8.88851  0.000127332
-8.87845  0.000133783
-8.86829  0.000134079
-8.85812  0.000132665
-8.84822  0.00013267
-8.83803  0.000133382
-8.82804  0.000137208
-8.81791  0.000137671
-8.8078  0.000138817
-8.79777  0.000132493
-8.78789  0.000142404
-8.77741  0.00014381
-8.76749  0.000137447
-8.75749  0.00014189
-8.74723  0.000148195
-8.7371  0.000137865
-8.7267  0.00016134
-8.71596  0.000146715
-8.70589  0.000147065
-8.69584  0.000145968
-8.6858  0.000147309
-8.67579  0.000146159
-8.66573  0.000154744
-8.65555  0.00014982
-8.6455  0.00015241
-8.63548  0.000150222
-8.62535  0.000156147
-8.61519  0.000154768
-8.60522  0.000157241
-8.59497  0.000158351
-8.58497  0.000155015
-8.57493  0.000158699
-8.56485  0.000157169
-8.55471  0.000163337
-8.54471  0.000163201
-8.53452  0.000160133
-8.52449  0.000164736
-8.51442  0.000165236
-8.50428  0.000163721
-8.49432  0.000164336
-8.48433  0.000171255
-8.47399  0.000167316
-8.46405  0.000167823
-8.45414  0.000172707
-8.44379  0.000169514
-8.43383  0.00017499
-8.42384  0.000172738
-8.41352  0.000174904
-8.40348  0.000176127
-8.39302  0.000195505
-8.38166  0.000195085
-8.37119  0.000181961
-8.36112  0.00017714
-8.35088  0.000184617
-8.34082  0.000181686
-8.33084  0.000183362
-8.32054  0.000182436
-8.31051  0.000189703
-8.30051  0.000182203
-8.29026  0.000189251
-8.28024  0.000190791
-8.2703  0.000187907
-8.25999  0.000190415
-8.25  0.000195202
-8.24  0.000187089
-8.22971  0.000198969
-8.21965  0.000200036
-8.2096  0.000188521
-8.19941  0.000200397
-8.18945  0.00019944
-8.17934  0.000197419
-8.16913  0.000204205
-8.15909  0.000204356
-8.14904  0.000197628
-8.13836  0.00022602
-8.12783  0.000208305
-8.11777  0.000202326
-8.10758  0.000215264
-8.09695  0.000227082
-8.08649  0.000202179
-8.07635  0.000220877
-8.0662  0.000212853
-8.05611  0.000210129
-8.04557  0.000235018
-8.03496  0.000219183
-8.02495  0.000211506
-8.0148  0.000227061
-8.00456  0.000220601
-7.99446  0.000217061
-7.98396  0.000243064
-7.97336  0.00022826
-7.96316  0.000222354
-7.95318  0.00022314
-7.94312  0.000232071
-7.93293  0.000223228
-7.92295  0.000231232
-7.91282  0.000234953
-7.90268  0.000226601
-7.89271  0.000233578
-7.88244  0.000242735
-7.87188  0.000249602
-7.8615  0.000235486
-7.85134  0.000246681
-7.84113  0.000231918
-7.83119  0.0002395
-7.821  0.000248406
-7.81091  0.000237624
-7.80089  0.000244091
-7.79079  0.000251605
-7.78061  0.00023873
-7.77063  0.000249964
-7.76047  0.000252291
-7.74998  0.000269062
-7.73936  0.000255528
-7.7292  0.000257267
-7.71908  0.000245729
-7.70909  0.000258785
-7.6989  0.000261753
-7.68873  0.000255166
-7.67873  0.000256169
-7.66826  0.000288894
-7.65758  0.00025344
-7.64769  0.000266183
-7.63753  0.00027007
-7.62729  0.000259904
-7.61734  0.000266264
-7.60727  0.000272126
-7.59705  0.000265031
-7.58715  0.000271451
-7.57701  0.000274103
-7.56629  0.000297281
-7.55594  0.000272198
-7.54579  0.000283028
-7.53547  0.000276136
-7.52557  0.000275945
-7.51551  0.00028017
-7.50528  0.000281262
-7.49527  0.000286949
-7.48517  0.000282557
-7.47499  0.000281928
-7.46511  0.000286333
-7.45494  0.000292154
-7.44466  0.00029185
-7.43466  0.000292104
-7.42455  0.000286586
-7.41387  0.000328461
-7.40337  0.000293921
-7.39322  0.000295091
-7.38306  0.000300128
-7.37262  0.000327336
-7.36146  0.000327782
-7.35084  0.000307465
-7.34084  0.000298794
-7.33079  0.000304754
-7.32062  0.000309584
-7.31058  0.000306729
-7.30007  0.000327483
-7.28963  0.000320696
-7.27932  0.000315405
-7.26926  0.000307199
-7.25877  0.000347972
-7.24831  0.000309679
-7.23829  0.000312427
-7.2282  0.00033494
-7.21796  0.000308772
-7.20809  0.000319852
-7.19794  0.000336963
-7.18768  0.00031789
-7.17767  0.000325583
-7.16764  0.00033555
-7.15744  0.000322929
-7.14743  0.000330734
-7.13732  0.000340122
-7.12713  0.000327359
-7.11717  0.000336128
-7.10702  0.000345351
-7.09683  0.000333872
-7.08674  0.000339482
-7.07673  0.000348113
-7.06657  0.000334469
-7.05653  0.00034767
-7.04648  0.000349479
-7.03625  0.000344708
-7.02627  0.000343112
-7.01618  0.000364073
-7.0059  0.000347484
-6.99586  0.000353579
-6.98577  0.000358608
-6.97566  0.00035227
-6.96565  0.000356171
-6.95558  0.000367225
-6.94539  0.000354789
-6.9354  0.000361674
-6.92479  0.000407435
-6.91413  0.000360431
-6.90402  0.000371936
-6.89399  0.00037441
-6.88368  0.000365605
-6.87373  0.000373455
-6.86311  0.000414247
-6.85253  0.000371059
-6.84245  0.000374799
-6.83249  0.000382481
-6.82219  0.000378777
-6.8122  0.000378599
-6.80214  0.000389646
-6.79197  0.000384193
-6.78181  0.000384556
-6.77188  0.000389881
-6.76165  0.000386957
-6.75153  0.000394967
-6.74159  0.000390391
-6.73147  0.000391858
-6.72134  0.000391485
-6.71137  0.000405205
-6.70107  0.000398982
-6.69108  0.000390746
-6.68108  0.00040916
-6.67039  0.000439355
-6.65967  0.000411398
-6.6497  0.000407242
-6.63946  0.000405033
-6.62944  0.000406977
-6.61941  0.000418278
-6.60918  0.00040626
-6.59899  0.0004241
-6.58907  0.000412618
-6.57883  0.000410457
-6.56887  0.000420585
-6.55869  0.000429898
-6.54852  0.00041184
-6.53859  0.00042425
-6.52855  0.000427686
-6.51832  0.000417913
-6.50837  0.000426509
-6.4983  0.000439338
-6.48764  0.000461982
-6.47714  0.000438206
-6.46712  0.000430401
-6.45649  0.000474346
-6.44594  0.000443072
-6.43597  0.000434294
-6.42531  0.000474656
-6.41486  0.000451835
-6.4048  0.00043383
-6.39463  0.000453038
-6.38455  0.000446216
-6.37456  0.000441557
-6.36443  0.00045297
-6.35431  0.000460138
-6.34427  0.000438071
-6.3342  0.000462947
-6.32403  0.000463827
-6.31393  0.000450102
-6.30382  0.000463036
-6.29376  0.000465677
-6.28377  0.000447964
-6.2736  0.000476805
-6.26347  0.000468934
-6.25345  0.000456322
-6.24328  0.000479459
-6.23284  0.000506849
-6.22236  0.000463081
-6.21225  0.000490171
-6.20211  0.000467635
-6.19207  0.000475788
-6.18191  0.000489208
-6.17182  0.000474541
-6.1618  0.000475761
-6.15162  0.000501243
-6.14152  0.000474296
-6.13152  0.000482878
-6.1214  0.000499868
-6.1112  0.000492351
-6.10112  0.000483347
-6.09105  0.00049811
-6.08099  0.000493562
-6.07083  0.00049283
-6.06083  0.000508091
-6.05061  0.000491833
-6.04061  0.000497661
-6.03016  0.000549754
-6.01954  0.000504899
-6.00948  0.000497269
-5.99945  0.000522505
-5.98921  0.000497246
-5.97928  0.000507719
-5.96915  0.00051941
-5.959  0.000512438
-5.949  0.000506522
-5.93844  0.000572943
-5.92775  0.000515965
-5.9178  0.000515044
-5.90766  0.000532055
-5.89747  0.000516955
-5.8874  0.000527405
-5.87727  0.000533397
-5.86709  0.000521135
-5.85714  0.000524935
-5.847  0.000539042
-5.83692  0.000523582
-5.8269  0.000528851
-5.81681  0.00054513
-5.80663  0.000534049
-5.79667  0.000526935
-5.78656  0.000552176
-5.77599  0.00058539
-5.76547  0.000529111
-5.75551  0.000562683
-5.74519  0.000545631
-5.73524  0.00052744
-5.72527  0.000563016
-5.7151  0.000542962
-5.70514  0.000537398
-5.69513  0.000573836
-5.68485  0.000549611
-5.67489  0.000540937
-5.66483  0.000576833
-5.65466  0.000553614
-5.64464  0.000547855
-5.6346  0.000581576
-5.62436  0.000557513
-5.61388  0.000604563
-5.60334  0.000594854
-5.59312  0.000549517
-5.58304  0.000575298
-5.57305  0.000574583
-5.56293  0.000557493
-5.55301  0.000571782
-5.54291  0.000585466
-5.53279  0.00056791
-5.52273  0.000575972
-5.51261  0.000599604
-5.50234  0.000571297
-5.49241  0.000572975
-5.4824  0.000592599
-5.47223  0.000583319
-5.46214  0.000578897
-5.4521  0.000605262
-5.44198  0.000571096
-5.43195  0.000594674
-5.42192  0.000598595
-5.41177  0.000580173
-5.40179  0.000599039
-5.39168  0.000606095
-5.38152  0.000587041
-5.37146  0.000601472
-5.36152  0.000601949
-5.35128  0.000599763
-5.34132  0.000599859
-5.33118  0.000617576
-5.32095  0.000602954
-5.31105  0.000596091
-5.30096  0.000625862
-5.29075  0.000595413
-5.28078  0.000617582
-5.27064  0.000625511
-5.26042  0.000603932
-5.25044  0.000618024
-5.24034  0.0006228
-5.23021  0.00060874
-5.22016  0.000628484
-5.21002  0.000624396
-5.19995  0.000607367
-5.19002  0.00062503
-5.1799  0.000628713
-5.16974  0.000622898
-5.15977  0.000626454
-5.14966  0.000630211
-5.13956  0.000628135
-5.12946  0.000628
-5.11946  0.000640043
-5.10931  0.000624017
-5.09927  0.0006445
-5.08909  0.000637936
-5.07901  0.000628297
-5.06903  0.000639064
-5.05891  0.000653005
-5.0487  0.000629974
-5.03873  0.000651455
-5.02812  0.00069877
-5.01756  0.000643477
-5.00766  0.000639635
-4.99753  0.0006512
-4.9874  0.000647231
-4.97736  0.000658903
-4.96711  0.000655087
-4.95701  0.000646081
-4.94701  0.000658434
-4.93686  0.000656726
-4.92674  0.000649979
-4.91677  0.000659715
-4.90658  0.000664983
-4.89655  0.000642686
-4.88648  0.000676173
-4.87629  0.000660007
-4.86621  0.000658209
-4.85628  0.000661771
-4.84565  0.000727664
-4.83503  0.000673631
-4.82494  0.000664876
-4.8149  0.000670511
-4.80469  0.000668801
-4.79468  0.000671457
-4.78465  0.000669428
-4.77396  0.00074222
-4.76344  0.000673854
-4.75331  0.000680575
-4.74307  0.000678073
-4.73311  0.00067919
-4.72303  0.000669568
-4.71284  0.000686998
-4.70283  0.000683151
-4.69272  0.000674106
-4.68257  0.000689595
-4.67257  0.000677275
-4.66251  0.000683055
-4.65231  0.000693985
-4.64231  0.000679561
-4.63224  0.000688331
-4.6221  0.000681518
-4.61215  0.000696817
-4.60204  0.000676117
-4.59196  0.00069645
-4.58195  0.000692505
-4.57183  0.000691761
-4.56175  0.000686443
-4.55176  0.000702939
-4.54162  0.000686935
-4.53151  0.000704049
-4.52106  0.00075756
-4.51038  0.000708914
-4.50023  0.000695549
-4.49027  0.000699718
-4.48019  0.000697128
-4.47008  0.000698525
-4.46014  0.0007048
-4.44995  0.000704229
-4.43986  0.0006991
-4.43  0.000700207
-4.41982  0.000710189
-4.4097  0.000703991
-4.39978  0.000705994
-4.38961  0.00070985
-4.37945  0.000712663
-4.36956  0.000701281
-4.3594  0.000713479
-4.34932  0.000707965
-4.33932  0.000717099
-4.32913  0.000716492
-4.319  0.000712433
-4.30906  0.00071587
-4.29881  0.000722456
-4.28871  0.000706928
-4.27882  0.000718787
-4.26869  0.000709376
-4.2586  0.000726135
-4.2486  0.000712223
-4.23841  0.000731965
-4.22823  0.000716651
-4.21827  0.000728408
-4.20806  0.000714312
-4.19798  0.000730829
-4.18796  0.000717702
-4.17782  0.000726815
-4.16778  0.00071762
-4.15774  0.000732571
-4.1476  0.000724145
-4.13741  0.000734965
-4.12744  0.000715337
-4.11733  0.000737854
-4.10714  0.000730526
-4.09708  0.000730369
-4.08696  0.000728023
-4.07682  0.00073616
-4.06682  0.000725828
-4.05668  0.000731185
-4.04659  0.000735652
-4.03651  0.000731916
-4.02636  0.000736288
-4.01632  0.000728203
-4.00624  0.000740233
-3.99607  0.000732917
-3.98604  0.00073519
-3.97593  0.000736029
-3.96588  0.000731414
-3.95583  0.000734152
-3.94572  0.0007436
-3.93564  0.000728958
-3.92559  0.000743154
-3.9155  0.000734019
-3.90541  0.000741408
-3.8953  0.000737145
-3.88523  0.000744849
-3.8751  0.000736487
-3.86503  0.000743835
-3.85498  0.000731782
-3.84488  0.000751547
-3.83481  0.000727786
-3.82431  0.000821882
-3.81318  0.0008109
-3.80269  0.00073035
-3.79266  0.00075479
-3.78249  0.000740238
-3.77234  0.000752616
-3.7624  0.000724644
-3.75232  0.000749669
-3.74225  0.000739158
-3.73222  0.000750311
-3.7221  0.000737151
-3.71198  0.000758909
-3.70192  0.0007338
-3.6918  0.00075381
-3.68167  0.000748759
-3.67161  0.000747037
-3.6615  0.000740585
-3.65133  0.000763503
-3.64132  0.000732999
-3.63121  0.000752145
-3.62107  0.00075235
-3.61102  0.000745964
-3.60093  0.000740133
-3.59077  0.000768773
-3.58071  0.00073159
-3.57066  0.000746065
-3.56054  0.00076764
-3.55043  0.000729311
-3.54044  0.000750329
-3.5303  0.000760212
-3.52023  0.00073768
-3.5102  0.000744106
-3.50008  0.000767198
-3.48998  0.000730286
-3.47998  0.000752176
-3.46991  0.000753677
-3.45983  0.000738781
-3.44982  0.00074444
-3.43967  0.000771578
-3.42956  0.000734249
-3.41944  0.000760813
-3.40935  0.000750765
-3.39926  0.000740165
-3.38921  0.000755912
-3.37862  0.000825012
-3.36807  0.000736755
-3.35794  0.000769592
-3.34785  0.000742214
-3.33769  0.000756343
-3.32759  0.000746001
-3.31755  0.000754988
-3.30749  0.000737897
-3.29744  0.000752326
-3.28737  0.000750466
-3.27724  0.000752609
-3.26717  0.000742942
-3.25711  0.000757476
-3.24705  0.000729412
-3.23701  0.000764542
-3.2269  0.000747478
-3.21681  0.000738153
-3.20676  0.00075927
-3.19656  0.000757829
-3.18651  0.000730384
-3.17647  0.000762962
-3.16635  0.000740761
-3.15632  0.000744832
-3.14617  0.000761935
-3.13603  0.00074081
-3.12608  0.000736856
-3.11595  0.000760822
-3.10592  0.000729428
-3.09601  0.000743514
-3.08584  0.000751546
-3.07582  0.000742126
-3.06575  0.000746379
-3.05564  0.000748753
-3.04557  0.000743538
-3.03549  0.000745893
-3.0254  0.00074394
-3.01536  0.00074636
-3.00528  0.000737532
-2.99524  0.000746465
-2.98517  0.000746131
-2.97507  0.000740183
-2.96498  0.000746683
-2.95496  0.000735835
-2.94493  0.000740381
-2.93486  0.000742306
-2.92478  0.000749022
-2.91463  0.000738087
-2.90457  0.000746006
-2.89445  0.000745567
-2.88435  0.000735216
-2.87432  0.000742616
-2.86421  0.000741469
-2.85416  0.000734478
-2.84407  0.000745026
-2.83401  0.000734164
-2.82393  0.00074269
-2.81377  0.00074344
-2.8037  0.000734796
-2.79364  0.000741076
-2.78346  0.000740014
-2.77346  0.000732115
-2.76339  0.000737292
-2.75323  0.00074037
-2.74321  0.000730767
-2.73311  0.00074264
-2.72298  0.000728683
-2.71298  0.000736218
-2.70286  0.000731426
-2.69276  0.000738066
-2.68276  0.000726389
-2.67266  0.000734686
-2.66257  0.0007301
-2.65253  0.000735026
-2.64241  0.00072659
-2.63228  0.000743387
-2.6218  0.000780212
-2.61134  0.000730942
-2.60113  0.000744716
-2.59099  0.000727799
-2.58088  0.000726778
-2.57077  0.00074069
-2.56059  0.000720987
-2.55061  0.000723099
-2.54044  0.000741997
-2.53028  0.000720831
-2.52027  0.000717527
-2.51019  0.000737361
-2.50004  0.000715709
-2.49005  0.000722187
-2.47987  0.000736302
-2.46972  0.000719856
-2.45965  0.000720843
-2.44953  0.000728408
-2.43945  0.000713973
-2.42947  0.000711422
-2.41936  0.000732514
-2.40928  0.000707182
-2.39921  0.000722506
-2.38912  0.000722096
-2.37902  0.000715329
-2.36889  0.000717047
-2.35883  0.000721879
-2.34873  0.000709621
-2.33861  0.000719148
-2.32866  0.000702442
-2.31856  0.000720864
-2.30801  0.000770337
-2.29754  0.000715173
-2.28741  0.000712088
-2.27732  0.000709312
-2.26731  0.00070757
-2.2572  0.000711511
-2.2471  0.000711319
-2.23699  0.000712864
-2.22685  0.000705628
-2.21678  0.000712963
-2.20663  0.000709884
-2.19653  0.000699664
-2.1865  0.000708392
-2.17638  0.00070695
-2.16629  0.000697805
-2.15624  0.000711458
-2.14601  0.000707595
-2.13563  0.000742353
-2.12519  0.000709917
-2.115  0.000705875
-2.10496  0.000687374
-2.09495  0.0007057
-2.08478  0.000701277
-2.0747  0.000691225
-2.0646  0.000707651
-2.05448  0.000695303
-2.04443  0.000685698
-2.03435  0.000707031
-2.02421  0.00069331
-2.0141  0.000691153
-2.00407  0.000694346
-1.994  0.000688204
-1.98391  0.000692866
-1.97385  0.000688928
-1.9638  0.000690318
-1.95367  0.000687957
-1.94361  0.000691599
-1.93315  0.000739962
-1.92258  0.000694256
-1.91248  0.000683379
-1.90245  0.000686753
-1.89228  0.000690668
-1.88213  0.000686471
-1.8721  0.000682431
-1.86193  0.000685669
-1.85185  0.000685346
-1.84179  0.000674652
-1.83174  0.000682283
-1.82162  0.000678777
-1.81158  0.000683593
-1.80144  0.000673867
-1.79134  0.000688291
-1.78127  0.000667088
-1.77122  0.00067763
-1.76115  0.000673341
-1.7511  0.00067554
-1.74104  0.000670519
-1.73085  0.000685772
-1.72078  0.000666017
-1.71071  0.000672186
-1.70059  0.000677583
-1.69054  0.000659147
-1.68051  0.000677956
-1.67028  0.000675791
-1.66021  0.000665213
-1.65013  0.000663955
-1.64004  0.000675135
-1.63003  0.000652993
-1.6199  0.00067483
-1.60985  0.000659493
-1.5998  0.000662907
-1.58973  0.000661894
-1.57961  0.00066829
-1.56955  0.000657916
-1.55939  0.0006654
-1.5494  0.000657826
-1.53929  0.000657366
-1.52923  0.000657139
-1.51918  0.000661666
-1.50902  0.000662772
-1.49891  0.000651624
-1.48885  0.000664258
-1.47873  0.000649218
-1.46866  0.00065538
-1.45867  0.000652952
-1.44855  0.000647143
-1.43858  0.000651222
-1.42849  0.0006532
-1.41842  0.000649504
-1.40832  0.000650704
-1.39827  0.000653672
-1.3882  0.000637122
-1.37815  0.000657971
-1.36805  0.000641401
-1.35799  0.000652628
-1.34786  0.000644936
-1.33781  0.000645319
-1.32776  0.00064035
-1.31759  0.00065695
-1.30753  0.000636573
-1.29747  0.000642261
-1.28742  0.000639494
-1.27738  0.000640122
-1.26732  0.000640355
-1.25721  0.000642466
-1.24718  0.000636658
-1.23663  0.000697372
-1.22605  0.000643603
-1.21599  0.000629998
-1.20589  0.000648882
-1.19577  0.000630358
-1.18568  0.000641266
-1.17558  0.000633053
-1.16549  0.000636319
-1.15544  0.000631269
-1.14535  0.000635173
-1.1353  0.000629317
-1.12516  0.000638702
-1.11506  0.000630062
-1.10502  0.000627381
-1.09452  0.000685855
-1.08402  0.000626801
-1.07394  0.000629478
-1.06388  0.000626587
-1.05377  0.000634433
-1.04361  0.000628438
-1.03351  0.000629515
-1.02342  0.000623939
-1.01329  0.000631776
-1.0032  0.000624355
-0.993107  0.000624318
-0.983005  0.000624452
-0.972935  0.000623572
-0.96284  0.000623743
-0.952725  0.000623238
-0.942673  0.000620914
-0.932549  0.000624355
-0.922411  0.000622167
-0.912396  0.000616745
-0.902278  0.000621176
-0.892184  0.000619539
-0.88216  0.000615508
-0.872055  0.000618663
-0.861958  0.000618473
-0.851928  0.000615559
-0.841757  0.00062108
-0.831687  0.00061415
-0.821691  0.000607698
-0.811591  0.00062113
-0.80143  0.000620461
-0.791337  0.00061094
-0.781203  0.000618432
-0.771123  0.000610941
-0.761061  0.000613207
-0.750957  0.00061143
-0.74091  0.000609621
-0.730865  0.000610004
-0.720748  0.000613596
-0.710666  0.000609803
-0.700604  0.000608257
-0.690554  0.00060587
-0.680471  0.000613665
-0.670366  0.000606529
-0.660286  0.000611365
-0.650213  0.000602398
-0.640126  0.00061344
-0.630043  0.00060295
-0.620014  0.000602942
-0.609957  0.000607817
-0.599874  0.000605523
-0.589786  0.000603703
-0.579719  0.000608557
-0.56964  0.000599911
-0.559612  0.000600938
-0.549594  0.000603351
-0.539533  0.000602078
-0.529442  0.000602826
-0.519362  0.000607384
-0.509274  0.000598204
-0.499204  0.000603645
-0.489104  0.000606032
-0.479031  0.000596115
-0.468928  0.000607721
-0.458857  0.000597901
-0.448832  0.000595215
-0.438753  0.000604749
-0.428658  0.000601375
-0.418582  0.000596555
-0.408505  0.000602531
-0.39841  0.000600426
-0.388354  0.000594149
-0.378325  0.000596553
-0.368309  0.000598406
-0.358206  0.000598309
-0.348105  0.000600901
-0.338023  0.000598483
-0.327974  0.000591606
-0.317885  0.000603508
-0.307831  0.000593548
-0.297762  0.00059619
-0.287699  0.000597482
-0.277646  0.000594113
-0.267548  0.000598866
-0.257471  0.000597635
-0.2474  0.00059364
-0.237304  0.000597918
-0.227254  0.000594268
-0.217175  0.000597684
-0.20705  0.000597407
-0.196963  0.000596806
-0.186858  0.000597054
-0.176746  0.000596558
-0.166703  0.000590559
-0.15667  0.000595955
-0.146535  0.000598979
-0.136469  0.000591332
-0.126431  0.000592645
-0.116306  0.000601466
-0.106263  0.000588055
-0.096152  0.000601223
-0.0859851  0.000598934
-0.0759039  0.000592816
-0.0657944  0.000596903
-0.0556822  0.000598216
-0.0456  0.000591746
-0.0354671  0.000601018
-0.0253539  0.000593962
-0.0152596  0.000595825
-0.00509619  0.000602062
0.00509619  0.000602062
0.0152596  0.000595825
0.0253539  0.000593962
0.0354671  0.000601018
0.0456  0.000591746
0.0556822  0.000598216
0.0657944  0.000596903
0.0759039  0.000592816
0.0859851  0.000598934
0.096152  0.000601223
0.106263  0.000588055
0.116306  0.000601466
0.126431  0.000592645
0.136469  0.000591332
0.146535  0.000598979
0.15667  0.000595955
0.166703  0.000590559
0.176746  0.000596558
0.186858  0.000597054
0.196963  0.000596806
0.20705  0.000597407
0.217175  0.000597684
0.227254  0.000594268
0.237304  0.000597918
0.2474  0.00059364
0.257471  0.000597635
0.267548  0.000598866
0.277646  0.000594113
0.287699  0.000597482
0.297762  0.00059619
0.307831  0.000593548
0.317885  0.000603508
0.327974  0.000591606
0.338023  0.000598483
0.348105  0.000600901
0.358206  0.000598309
0.368309  0.000598406
0.378325  0.000596553
0.388354  0.000594149
0.39841  0.000600426
0.408505  0.000602531
0.418582  0.000596555
0.428658  0.000601375
0.438753  0.000604749
0.448832  0.000595215
0.458857  0.000597901
0.468928  0.000607721
0.479031  0.000596115
0.489104  0.000606032
0.499204  0.000603645
0.509274  0.000598204
0.519362  0.000607384
0.529442  0.000602826
0.539533  0.000602078
0.549594  0.000603351
0.559612  0.000600938
0.56964  0.000599911
0.579719  0.000608557
0.589786  0.000603703
0.599874  0.000605523
0.609957  0.000607817
0.620014  0.000602942
0.630043  0.00060295
0.640126  0.00061344
0.650213  0.000602398
0.660286  0.000611365
0.670366  0.000606529
0.680471  0.000613665
0.690554  0.00060587
0.700604  0.000608257
0.710666  0.000609803
0.720748  0.000613596
0.730865  0.000610004
0.74091  0.000609621
0.750957  0.00061143
0.761061  0.000613207
0.771123  0.000610941
0.781203  0.000618432
0.791337  0.00061094
0.80143  0.000620461
0.811591  0.00062113
0.821691  0.000607698
0.831687  0.00061415
0.841757  0.00062108
0.851928  0.000615559
0.861958  0.000618473
0.872055  0.000618663
0.88216  0.000615508
0.892184  0.000619539
0.902278  0.000621176
0.912396  0.000616745
0.922411  0.000622167
0.932549  0.000624355
0.942673  0.000620914
0.952725  0.000623238
0.96284  0.000623743
0.972935  0.000623572
0.983005  0.000624452
0.993107  0.000624318
1.0032  0.000624355
1.01329  0.000631776
1.02342  0.000623939
1.03351  0.000629515
1.04361  0.000628438
1.05377  0.000634433
1.06388  0.000626587
1.07394  0.000629478
1.08402  0.000626801
1.09452  0.000685855
1.10502  0.000627381
1.11506  0.000630062
1.12516  0.000638702
1.1353  0.000629317
1.14535  0.000635173
1.15544  0.000631269
1.16549  0.000636319
1.17558  0.000633053
1.18568  0.000641266
1.19577  0.000630358
1.20589  0.000648882
1.21599  0.000629998
1.22605  0.000643603
1.23663  0.000697372
1.24718  0.000636658
1.25721  0.000642466
1.26732  0.000640355
1.27738  0.000640122
1.28742  0.000639494
1.29747  0.000642261
1.30753  0.000636573
1.31759  0.00065695
1.32776  0.00064035
1.33781  0.000645319
1.34786  0.000644936
1.35799  0.000652628
1.36805  0.000641401
1.37815  0.000657971
1.3882  0.000637122
1.39827  0.000653672
1.40832  0.000650704
1.41842  0.000649504
1.42849  0.0006532
1.43858  0.000651222
1.44855  0.000647143
1.45867  0.000652952
1.46866  0.00065538
1.47873  0.000649218
1.48885  0.000664258
1.49891  0.000651624
1.50902  0.000662772
1.51918  0.000661666
1.52923  0.000657139
1.53929  0.000657366
1.5494  0.000657826
1.55939  0.0006654
1.56955  0.000657916
1.57961  0.00066829
1.58973  0.000661894
1.5998  0.000662907
1.60985  0.000659493
1.6199  0.00067483
1.63003  0.000652993
1.64004  0.000675135
1.65013  0.000663955
1.66021  0.000665213
1.67028  0.000675791
1.68051  0.000677956
1.69054  0.000659147
1.70059  0.000677583
1.71071  0.000672186
1.72078  0.000666017
1.73085  0.000685772
1.74104  0.000670519
1.7511  0.00067554
1.76115  0.000673341
1.77122  0.00067763
1.78127  0.000667088
1.79134  0.000688291
1.80144  0.000673867
1.81158  0.000683593
1.82162  0.000678777
1.83174  0.000682283
1.84179  0.000674652
1.85185  0.000685346
1.86193  0.000685669
1.8721  0.000682431
1.88213  0.000686471
1.89228  0.000690668
1.90245  0.000686753
1.91248  0.000683379
1.92258  0.000694256
1.93315  0.000739962
1.94361  0.000691599
1.95367  0.000687957
1.9638  0.000690318
1.97385  0.000688928
1.98391  0.000692866
1.994  0.000688204
2.00407  0.000694346
2.0141  0.000691153
2.02421  0.00069331
2.03435  0.000707031
2.04443  0.000685698
2.05448  0.000695303
2.0646  0.000707651
2.0747  0.000691225
2.08478  0.000701277
2.09495  0.0007057
2.10496  0.000687374
2.115  0.000705875
2.12519  0.000709917
2.13563  0.000742353
2.14601  0.000707595
2.15624  0.000711458
2.16629  0.000697805
2.17638  0.00070695
2.1865  0.000708392
2.19653  0.000699664
2.20663  0.000709884
2.21678  0.000712963
2.22685  0.000705628
2.23699  0.000712864
2.2471  0.000711319
2.2572  0.000711511
2.26731  0.00070757
2.27732  0.000709312
2.28741  0.000712088
2.29754  0.000715173
2.30801  0.000770337
2.31856  0.000720864
2.32866  0.000702442
2.33861  0.000719148
2.34873  0.000709621
2.35883  0.000721879
2.36889  0.000717047
2.37902  0.000715329
2.38912  0.000722096
2.39921  0.000722506
2.40928  0.000707182
2.41936  0.000732514
2.42947  0.000711422
2.43945  0.000713973
2.44953  0.000728408
2.45965  0.000720843
2.46972  0.000719856
2.47987  0.000736302
2.49005  0.000722187
2.50004  0.000715709
2.51019  0.000737361
2.52027  0.000717527
2.53028  0.000720831
2.54044  0.000741997
2.55061  0.000723099
2.56059  0.000720987
2.57077  0.00074069
2.58088  0.000726778
2.59099  0.000727799
2.60113  0.000744716
2.61134  0.000730942
2.6218  0.000780212
2.63228  0.000743387
2.64241  0.00072659
2.65253  0.000735026
2.66257  0.0007301
2.67266  0.000734686
2.68276  0.000726389
2.69276  0.000738066
2.70286  0.000731426
2.71298  0.000736218
2.72298  0.000728683
2.73311  0.00074264
2.74321  0.000730767
2.75323  0.00074037
2.76339  0.000737292
2.77346  0.000732115
2.78346  0.000740014
2.79364  0.000741076
2.8037  0.000734796
2.81377  0.00074344
2.82393  0.00074269
2.83401  0.000734164
2.84407  0.000745026
2.85416  0.000734478
2.86421  0.000741469
2.87432  0.000742616
2.88435  0.000735216
2.89445  0.000745567
2.90457  0.000746006
2.91463  0.000738087
2.92478  0.000749022
2.93486  0.000742306
2.94493  0.000740381
2.95496  0.000735835
2.96498  0.000746683
2.97507  0.000740183
2.98517  0.000746131
2.99524  0.000746465
3.00528  0.000737532
3.01536  0.00074636
3.0254  0.00074394
3.03549  0.000745893
3.04557  0.000743538
3.05564  0.000748753
3.06575  0.000746379
3.07582  0.000742126
3.08584  0.000751546
3.09601  0.000743514
3.10592  0.000729428
3.11595  0.000760822
3.12608  0.000736856
3.13603  0.00074081
3.14617  0.000761935
3.15632  0.000744832
3.16635  0.000740761
3.17647  0.000762962
3.18651  0.000730384
3.19656  0.000757829
3.20676  0.00075927
3.21681  0.000738153
3.2269  0.000747478
3.23701  0.000764542
3.24705  0.000729412
3.25711  0.000757476
3.26717  0.000742942
3.27724  0.000752609
3.28737  0.000750466
3.29744  0.000752326
3.30749  0.000737897
3.31755  0.000754988
3.32759  0.000746001
3.33769  0.000756343
3.34785  0.000742214
3.35794  0.000769592
3.36807  0.000736755
3.37862  0.000825012
3.38921  0.000755912
3.39926  0.000740165
3.40935  0.000750765
3.41944  0.000760813
3.42956  0.000734249
3.43967  0.000771578
3.44982  0.00074444
3.45983  0.000738781
3.46991  0.000753677
3.47998  0.000752176
3.48998  0.000730286
3.50008  0.000767198
3.5102  0.000744106
3.52023  0.00073768
3.5303  0.000760212
3.54044  0.000750329
3.55043  0.000729311
3.56054  0.00076764
3.57066  0.000746065
3.58071  0.00073159
3.59077  0.000768773
3.60093  0.000740133
3.61102  0.000745964
3.62107  0.00075235
3.63121  0.000752145
3.64132  0.000732999
3.65133  0.000763503
3.6615  0.000740585
3.67161  0.000747037
3.68167  0.000748759
3.6918  0.00075381
3.70192  0.0007338
3.71198  0.000758909
3.7221  0.000737151
3.73222  0.000750311
3.74225  0.000739158
3.75232  0.000749669
3.7624  0.000724644
3.77234  0.000752616
3.78249  0.000740238
3.79266  0.00075479
3.80269  0.00073035
3.81318  0.0008109
3.82431  0.000821882
3.83481  0.000727786
3.84488  0.000751547
3.85498  0.000731782
3.86503  0.000743835
3.8751  0.000736487
3.88523  0.000744849
3.8953  0.000737145
3.90541  0.000741408
3.9155  0.000734019
3.92559  0.000743154
3.93564  0.000728958
3.94572  0.0007436
3.95583  0.000734152
3.96588  0.000731414
3.97593  0.000736029
3.98604  0.00073519
3.99607  0.000732917
4.00624  0.000740233
4.01632  0.000728203
4.02636  0.000736288
4.03651  0.000731916
4.04659  0.000735652
4.05668  0.000731185
4.06682  0.000725828
4.07682  0.00073616
4.08696  0.000728023
4.09708  0.000730369
4.10714  0.000730526
4.11733  0.000737854
4.12744  0.000715337
4.13741  0.000734965
4.1476  0.000724145
4.15774  0.000732571
4.16778  0.00071762
4.17782  0.000726815
4.18796  0.000717702
4.19798  0.000730829
4.20806  0.000714312
4.21827  0.000728408
4.22823  0.000716651
4.23841  0.000731965
4.2486  0.000712223
4.2586  0.000726135
4.26869  0.000709376
4.27882  0.000718787
4.28871  0.000706928
4.29881  0.000722456
4.30906  0.00071587
4.319  0.000712433
4.32913  0.000716492
4.33932  0.000717099
4.34932  0.000707965
4.3594  0.000713479
4.36956  0.000701281
4.37945  0.000712663
4.38961  0.00070985
4.39978  0.000705994
4.4097  0.000703991
4.41982  0.000710189
4.43  0.000700207
4.43986  0.0006991
4.44995  0.000704229
4.46014  0.0007048
4.47008  0.000698525
4.48019  0.000697128
4.49027  0.000699718
4.50023  0.000695549
4.51038  0.000708914
4.52106  0.00075756
4.53151  0.000704049
4.54162  0.000686935
4.55176  0.000702939
4.56175  0.000686443
4.57183  0.000691761
4.58195  0.000692505
4.59196  0.00069645
4.60204  0.000676117
4.61215  0.000696817
4.6221  0.000681518
4.63224  0.000688331
4.64231  0.000679561
4.65231  0.000693985
4.66251  0.000683055
4.67257  0.000677275
4.68257  0.000689595
4.69272  0.000674106
4.70283  0.000683151
4.71284  0.000686998
4.72303  0.000669568
4.73311  0.00067919
4.74307  0.000678073
4.75331  0.000680575
4.76344  0.000673854
4.77396  0.00074222
4.78465  0.000669428
4.79468  0.000671457
4.80469  0.000668801
4.8149  0.000670511
4.82494  0.000664876
4.83503  0.000673631
4.84565  0.000727664
4.85628  0.000661771
4.86621  0.000658209
4.87629  0.000660007
4.88648  0.000676173
4.89655  0.000642686
4.90658  0.000664983
4.91677  0.000659715
4.92674  0.000649979
4.93686  0.000656726
4.94701  0.000658434
4.95701  0.000646081
4.96711  0.000655087
4.97736  0.000658903
4.9874  0.000647231
4.99753  0.0006512
5.00766  0.000639635
5.01756  0.000643477
5.02812  0.00069877
5.03873  0.000651455
5.0487  0.000629974
5.05891  0.000653005
5.06903  0.000639064
5.07901  0.000628297
5.08909  0.000637936
5.09927  0.0006445
5.10931  0.000624017
5.11946  0.000640043
5.12946  0.000628
5.13956  0.000628135
5.14966  0.000630211
5.15977  0.000626454
5.16974  0.000622898
5.1799  0.000628713
5.19002  0.00062503
5.19995  0.000607367
5.21002  0.000624396
5.22016  0.000628484
5.23021  0.00060874
5.24034  0.0006228
5.25044  0.000618024
5.26042  0.000603932
5.27064  0.000625511
5.28078  0.000617582
5.29075  0.000595413
5.30096  0.000625862
5.31105  0.000596091
5.32095  0.000602954
5.33118  0.000617576
5.34132  0.000599859
5.35128  0.000599763
5.36152  0.000601949
5.37146  0.000601472
5.38152  0.000587041
5.39168  0.000606095
5.40179  0.000599039
5.41177  0.000580173
5.42192  0.000598595
5.43195  0.000594674
5.44198  0.000571096
5.4521  0.000605262
5.46214  0.000578897
5.47223  0.000583319
5.4824  0.000592599
5.49241  0.000572975
5.50234  0.000571297
5.51261  0.000599604
5.52273  0.000575972
5.53279  0.00056791
5.54291  0.000585466
5.55301  0.000571782
5.56293  0.000557493
5.57305  0.000574583
5.58304  0.000575298
5.59312  0.000549517
5.60334  0.000594854
5.61388  0.000604563
5.62436  0.000557513
5.6346  0.000581576
5.64464  0.000547855
5.65466  0.000553614
5.66483  0.000576833
5.67489  0.000540937
5.68485  0.000549611
5.69513  0.000573836
5.70514  0.000537398
5.7151  0.000542962
5.72527  0.000563016
5.73524  0.00052744
5.74519  0.000545631
5.75551  0.000562683
5.76547  0.000529111
5.77599  0.00058539
5.78656  0.000552176
5.79667  0.000526935
5.80663  0.000534049
5.81681  0.00054513
5.8269  0.000528851
5.83692  0.000523582
5.847  0.000539042
5.85714  0.000524935
5.86709  0.000521135
5.87727  0.000533397
5.8874  0.000527405
5.89747  0.000516955
5.90766  0.000532055
5.9178  0.000515044
5.92775  0.000515965
5.93844  0.000572943
5.949  0.000506522
5.959  0.000512438
5.96915  0.00051941
5.97928  0.000507719
5.98921  0.000497246
5.99945  0.000522505
6.00948  0.000497269
6.01954  0.000504899
6.03016  0.000549754
6.04061  0.000497661
6.05061  0.000491833
6.06083  0.000508091
6.07083  0.00049283
6.08099  0.000493562
6.09105  0.00049811
6.10112  0.000483347
6.1112  0.000492351
6.1214  0.000499868
6.13152  0.000482878
6.14152  0.000474296
6.15162  0.000501243
6.1618  0.000475761
6.17182  0.000474541
6.18191  0.000489208
6.19207  0.000475788
6.20211  0.000467635
6.21225  0.000490171
6.22236  0.000463081
6.23284  0.000506849
6.24328  0.000479459
6.25345  0.000456322
6.26347  0.000468934
6.2736  0.000476805
6.28377  0.000447964
6.29376  0.000465677
6.30382  0.000463036
6.31393  0.000450102
6.32403  0.000463827
6.3342  0.000462947
6.34427  0.000438071
6.35431  0.000460138
6.36443  0.00045297
6.37456  0.000441557
6.38455  0.000446216
6.39463  0.000453038
6.4048  0.00043383
6.41486  0.000451835
6.42531  0.000474656
6.43597  0.000434294
6.44594  0.000443072
6.45649  0.000474346
6.46712  0.000430401
6.47714  0.000438206
6.48764  0.000461982
6.4983  0.000439338
6.50837  0.000426509
6.51832  0.000417913
6.52855  0.000427686
6.53859  0.00042425
6.54852  0.00041184
6.55869  0.000429898
6.56887  0.000420585
6.57883  0.000410457
6.58907  0.000412618
6.59899  0.0004241
6.60918  0.00040626
6.61941  0.000418278
6.62944  0.000406977
6.63946  0.000405033
6.6497  0.000407242
6.65967  0.000411398
6.67039  0.000439355
6.68108  0.00040916
6.69108  0.000390746
6.70107  0.000398982
6.71137  0.000405205
6.72134  0.000391485
6.73147  0.000391858
6.74159  0.000390391
6.75153  0.000394967
6.76165  0.000386957
6.77188  0.000389881
6.78181  0.000384556
6.79197  0.000384193
6.80214  0.000389646
6.8122  0.000378599
6.82219  0.000378777
6.83249  0.000382481
6.84245  0.000374799
6.85253  0.000371059
6.86311  0.000414247
6.87373  0.000373455
6.88368  0.000365605
6.89399  0.00037441
6.90402  0.000371936
6.91413  0.000360431
6.92479  0.000407435
6.9354  0.000361674
6.94539  0.000354789
6.95558  0.000367225
6.96565  0.000356171
6.97566  0.00035227
6.98577  0.000358608
6.99586  0.000353579
7.0059  0.000347484
7.01618  0.000364073
7.02627  0.000343112
7.03625  0.000344708
7.04648  0.000349479
7.05653  0.00034767
7.06657  0.000334469
7.07673  0.000348113
7.08674  0.000339482
7.09683  0.000333872
7.10702  0.000345351
7.11717  0.000336128
7.12713  0.000327359
7.13732  0.000340122
7.14743  0.000330734
7.15744  0.000322929
7.16764  0.00033555
7.17767  0.000325583
7.18768  0.00031789
7.19794  0.000336963
7.20809  0.000319852
7.21796  0.000308772
7.2282  0.00033494
7.23829  0.000312427
7.24831  0.000309679
7.25877  0.000347972
7.26926  0.000307199
7.27932  0.000315405
7.28963  0.000320696
7.30007  0.000327483
7.31058  0.000306729
7.32062  0.000309584
7.33079  0.000304754
7.34084  0.000298794
7.35084  0.000307465
7.36146  0.000327782
7.37262  0.000327336
7.38306  0.000300128
7.39322  0.000295091
7.40337  0.000293921
7.41387  0.000328461
7.42455  0.000286586
7.43466  0.000292104
7.44466  0.00029185
7.45494  0.000292154
7.46511  0.000286333
7.47499  0.000281928
7.48517  0.000282557
7.49527  0.000286949
7.50528  0.000281262
7.51551  0.00028017
7.52557  0.000275945
7.53547  0.000276136
7.54579  0.000283028
7.55594  0.000272198
7.56629  0.000297281
7.57701  0.000274103
7.58715  0.000271451
7.59705  0.000265031
7.60727  0.000272126
7.61734  0.000266264
7.62729  0.000259904
7.63753  0.00027007
7.64769  0.000266183
7.65758  0.00025344
7.66826  0.000288894
7.67873  0.000256169
7.68873  0.000255166
7.6989  0.000261753
7.70909  0.000258785
7.71908  0.000245729
7.7292  0.000257267
7.73936  0.000255528
7.74998  0.000269062
7.76047  0.000252291
7.77063  0.000249964
7.78061  0.00023873
7.79079  0.000251605
7.80089  0.000244091
7.81091  0.000237624
7.821  0.000248406
7.83119  0.0002395
7.84113  0.000231918
7.85134  0.000246681
7.8615  0.000235486
7.87188  0.000249602
7.88244  0.000242735
7.89271  0.000233578
7.90268  0.000226601
7.91282  0.000234953
7.92295  0.000231232
7.93293  0.000223228
7.94312  0.000232071
7.95318  0.00022314
7.96316  0.000222354
7.97336  0.00022826
7.98396  0.000243064
7.99446  0.000217061
8.00456  0.000220601
8.0148  0.000227061
8.02495  0.000211506
8.03496  0.000219183
8.04557  0.000235018
8.05611  0.000210129
8.0662  0.000212853
8.07635  0.000220877
8.08649  0.000202179
8.09695  0.000227082
8.10758  0.000215264
8.11777  0.000202326
8.12783  0.000208305
8.13836  0.00022602
8.14904  0.000197628
8.15909  0.000204356
8.16913  0.000204205
8.17934  0.000197419
8.18945  0.00019944
8.19941  0.000200397
8.2096  0.000188521
8.21965  0.000200036
8.22971  0.000198969
8.24  0.000187089
8.25  0.000195202
8.25999  0.000190415
8.2703  0.000187907
8.28024  0.000190791
8.29026  0.000189251
8.30051  0.000182203
8.31051  0.000189703
8.32054  0.000182436
8.33084  0.000183362
8.34082  0.000181686
8.35088  0.000184617
8.36112  0.00017714
8.37119  0.000181961
8.38166  0.000195085
8.39302  0.000195505
8.40348  0.000176127
8.41352  0.000174904
8.42384  0.000172738
8.43383  0.00017499
8.44379  0.000169514
8.45414  0.000172707
8.46405  0.000167823
8.47399  0.000167316
8.48433  0.000171255
8.49432  0.000164336
8.50428  0.000163721
8.51442  0.000165236
8.52449  0.000164736
8.53452  0.000160133
8.54471  0.000163201
8.55471  0.000163337
8.56485  0.000157169
8.57493  0.000158699
8.58497  0.000155015
8.59497  0.000158351
8.60522  0.000157241
8.61519  0.000154768
8.62535  0.000156147
8.63548  0.000150222
8.6455  0.00015241
8.65555  0.00014982
8.66573  0.000154744
8.67579  0.000146159
8.6858  0.000147309
8.69584  0.000145968
8.70589  0.000147065
8.71596  0.000146715
8.7267  0.00016134
8.7371  0.000137865
8.74723  0.000148195
8.75749  0.00014189
8.76749  0.000137447
8.77741  0.00014381
8.78789  0.000142404
8.79777  0.000132493
8.8078  0.000138817
8.81791  0.000137671
8.82804  0.000137208
8.83803  0.000133382
8.84822  0.00013267
8.85812  0.000132665
8.86829  0.000134079
8.87845  0.000133783
8.88851  0.000127332
8.89842  0.000126619
8.90856  0.000134
8.91877  0.000127884
8.92885  0.000128116
8.93903  0.000126904
8.94907  0.000123902
8.95905  0.000124035
8.96927  0.000127647
8.97935  0.00012248
8.98941  0.000120647
8.99948  0.000120464
9.00946  0.000121443
9.01964  0.000121527
9.03003  0.000124113
9.03997  0.000115674
9.05013  0.000115956
9.06028  0.000119424
9.07027  0.000114866
9.08032  0.000114952
9.09063  0.000119862
9.10059  0.000110328
9.11067  0.000111916
9.12088  0.000116533
9.13102  0.000112234
9.14111  0.000108394
9.15128  0.000111946
9.16117  0.000107045
9.17139  0.000109488
9.1816  0.000111149
9.19165  0.000106554
9.20172  0.000101276
9.21185  0.000112391
9.22237  0.000110942
9.23289  0.00010198
9.24306  0.00011036
9.25325  0.000100004
9.26323  9.98944e-05
9.27338  0.000106161
9.28346  9.6211e-05
9.29366  0.000101937
9.30378  0.00010224
9.31385  9.45317e-05
9.324  9.84498e-05
9.33414  0.000102703
9.34426  9.31281e-05
9.35439  9.51928e-05
9.36453  9.9811e-05
9.37506  9.87063e-05
9.38562  9.43768e-05
9.39622  0.000105869
9.40738  9.81948e-05
9.41789  9.21355e-05
9.42794  9.40812e-05
9.43828  8.61991e-05
9.44824  9.29339e-05
9.45833  9.24893e-05
9.46869  8.45293e-05
9.47863  8.62388e-05
9.48864  9.20986e-05
9.49905  8.48077e-05
9.50902  8.74286e-05
9.51916  8.57233e-05
9.52938  8.41056e-05
9.53948  8.39725e-05
9.54941  8.54802e-05
9.55973  8.147e-05
9.56968  8.31727e-05
9.57973  8.20412e-05
9.58989  7.86327e-05
9.5999  8.09766e-05
9.60991  8.27935e-05
9.62027  7.845e-05
9.63025  7.82656e-05
9.64032  7.85626e-05
9.65055  7.74707e-05
9.66059  7.58912e-05
9.67053  7.9526e-05
9.68095  7.4275e-05
9.69084  7.38952e-05
9.70096  7.81368e-05
9.71121  7.28608e-05
9.72121  7.47439e-05
9.73139  7.41934e-05
9.7416  7.04548e-05
9.75136  7.22045e-05
9.76158  7.28329e-05
9.77177  7.07103e-05
9.78192  7.03002e-05
9.79207  7.18393e-05
9.80228  6.76817e-05
9.81214  6.84527e-05
9.82251  7.23211e-05
9.83272  6.67013e-05
9.84274  6.63259e-05
9.85284  6.78929e-05
9.86352  7.10016e-05
9.87396  6.77928e-05
9.88416  6.57682e-05
9.89495  7.09152e-05
9.90556  6.41472e-05
9.91551  6.33106e-05
9.92572  6.56512e-05
9.93585  6.16147e-05
9.94629  6.72272e-05
9.95703  6.3535e-05
9.96717  6.00181e-05
9.97707  6.08975e-05
9.98738  6.17603e-05
9.99745  5.87055e-05
10.0074  5.92329e-05
10.0177  5.93344e-05
10.0278  5.82257e-05
10.0377  5.7744e-05
10.048  5.9872e-05
10.0581  5.58012e-05
10.0681  5.53231e-05
10.0783  5.7136e-05
10.0883  5.69688e-05
10.0985  5.47237e-05
10.1092  6.08681e-05
10.1197  5.39818e-05
10.13  5.45784e-05
10.1402  5.47228e-05
10.1502  5.13363e-05
10.1602  5.33465e-05
10.1705  5.35004e-05
10.1806  5.0695e-05
10.1906  5.06338e-05
10.2011  5.73196e-05
10.2119  5.11148e-05
10.222  4.76808e-05
10.232  5.15076e-05
10.2421  5.06491e-05
10.2522  4.64864e-05
10.2623  5.03333e-05
10.2725  4.80418e-05
10.2827  4.75781e-05
10.2927  4.75995e-05
10.3027  4.78558e-05
10.313  4.48785e-05
10.3231  4.76161e-05
10.3334  4.55461e-05
10.3435  4.44741e-05
10.3534  4.79429e-05
10.3636  4.36213e-05
10.3739  4.23592e-05
10.3839  4.7074e-05
10.3941  4.24921e-05
10.4043  4.33465e-05
10.4145  4.46703e-05
10.4245  4.1838e-05
10.4351  4.30526e-05
10.4448  4.1346e-05
10.455  4.05897e-05
10.4652  4.20227e-05
10.4753  4.17887e-05
10.4855  3.93419e-05
10.4958  3.87431e-05
10.5055  4.35853e-05
10.5158  3.7309e-05
10.5261  3.95239e-05
10.5363  4.05433e-05
10.5463  3.74835e-05
10.5564  3.78768e-05
10.5664  3.79653e-05
10.5772  4.00781e-05
10.5878  3.94206e-05
10.5979  3.63541e-05
10.6081  3.63551e-05
10.6184  3.58847e-05
10.6284  3.7405e-05
10.6387  3.53766e-05
10.6489  3.43655e-05
10.6587  3.57872e-05
10.6691  3.52187e-05
10.6792  3.25087e-05
10.689  3.4665e-05
10.6994  3.37066e-05
10.7094  3.35623e-05
10.7194  3.46636e-05
10.7297  3.18066e-05
10.74  3.19386e-05
10.7498  3.28766e-05
10.7601  3.21548e-05
10.7704  3.27074e-05
10.7805  3.11035e-05
10.7908  3.18622e-05
10.8015  3.35704e-05
10.8119  3.1236e-05
10.8222  2.94804e-05
10.8325  3.01587e-05
10.8424  3.06965e-05
10.8527  2.94699e-05
10.8629  2.81848e-05
10.8729  3.07234e-05
10.883  2.74538e-05
10.8932  2.96171e-05
10.9033  2.79676e-05
10.9136  2.75003e-05
10.9236  2.80611e-05
10.9337  2.74055e-05
10.9439  2.74295e-05
10.9541  2.64901e-05
10.964  2.71785e-05
10.9743  2.64684e-05
10.9845  2.6047e-05
10.9945  2.60116e-05
11.0046  2.59678e-05
11.0148  2.53663e-05
11.0248  2.54592e-05
11.0351  2.44255e-05
11.0453  2.55511e-05
11.0551  2.43364e-05
11.0654  2.54476e-05
11.0759  2.42726e-05
11.0858  2.38139e-05
11.0962  2.44284e-05
11.1063  2.34563e-05
11.1164  2.27423e-05
11.1266  2.32247e-05
11.1369  2.37592e-05
11.1469  2.25887e-05
11.1571  2.18691e-05
11.1674  2.2766e-05
11.1774  2.12367e-05
11.1874  2.22648e-05
11.1978  2.231e-05
11.2079  2.09058e-05
11.218  2.12764e-05
11.2281  2.15628e-05
11.2385  2.03426e-05
11.2486  2.11065e-05
11.2589  2.24747e-05
11.2695  1.94959e-05
11.2797  1.99993e-05
11.29  2.09067e-05
11.3004  1.9775e-05
11.3104  1.8782e-05
11.3204  1.97173e-05
11.3306  1.85021e-05
11.3409  1.99509e-05
11.3512  1.91087e-05
11.3613  1.75535e-05
11.3715  1.9789e-05
11.3819  1.86998e-05
11.3925  1.79816e-05
11.4028  1.85588e-05
11.4129  1.7372e-05
11.4233  1.7496e-05
11.4334  1.81234e-05
11.4432  1.61895e-05
11.4535  1.72398e-05
11.4636  1.667e-05
11.474  1.71603e-05
11.4842  1.62953e-05
11.4943  1.67207e-05
11.5043  1.54577e-05
11.5147  1.61585e-05
11.5246  1.65669e-05
11.5348  1.54566e-05
11.5453  1.48291e-05
11.5556  1.73919e-05
11.5662  1.57509e-05
11.577  1.56578e-05
11.5872  1.47535e-05
11.5972  1.51298e-05
11.6076  1.47003e-05
11.6177  1.45494e-05
11.628  1.36129e-05
11.6383  1.54631e-05
11.6484  1.36718e-05
11.6586  1.41702e-05
11.6692  1.31608e-05
11.6791  1.53701e-05
11.6892  1.23961e-05
11.6994  1.35805e-05
11.7097  1.30678e-05
11.7197  1.38052e-05
11.7302  1.3197e-05
11.7404  1.30849e-05
11.7504  1.11863e-05
11.7606  1.36834e-05
11.7705  1.2325e-05
11.7809  1.24912e-05
11.7915  1.204e-05
11.8016  1.25875e-05
11.8116  1.16544e-05
11.822  1.19046e-05
11.8322  1.19132e-05
11.8424  1.13678e-05
11.8527  1.17367e-05
11.8627  1.20631e-05
11.8729  1.00813e-05
11.8832  1.13193e-05
11.8935  1.24684e-05
11.9044  1.10225e-05
11.9146  1.05314e-05
11.9246  1.05785e-05
11.9346  1.02673e-05
11.945  1.05918e-05
11.9555  1.06161e-05
11.9655  9.82426e-06
11.9755  1.03782e-05
11.9855  1.06282e-05
11.9962  8.95079e-06
12.0063  1.01063e-05
12.0163  9.93574e-06
12.0266  9.3931e-06
12.0365  9.43886e-06
12.0471  9.78853e-06
12.0571  9.14772e-06
12.0674  9.7335e-06
12.0776  8.6595e-06
12.0879  9.44281e-06
12.0981  8.57698e-06
12.1081  8.85409e-06
12.1183  8.42685e-06
12.1288  9.02034e-06
12.1389  8.52103e-06
12.1491  8.18928e-06
12.1591  8.68015e-06
12.1696  8.85654e-06
12.1798  7.23203e-06
12.19  9.08749e-06
12.2  7.59779e-06
12.2105  8.11825e-06
12.2208  7.63508e-06
12.2311  8.41049e-06
12.2418  7.66301e-06
12.2514  7.18638e-06
12.2615  7.59126e-06
12.2722  7.98851e-06
12.2824  7.25851e-06
12.2926  7.02199e-06
12.3033  7.6365e-06
12.3133  7.205e-06
12.3231  6.95448e-06
12.3337  7.05383e-06
12.344  6.89796e-06
12.3542  6.99803e-06
12.365  6.86669e-06
12.3749  6.35252e-06
12.3852  6.77123e-06
12.3954  6.91412e-06
12.4054  6.20016e-06
12.4159  5.9983e-06
12.4261  6.64744e-06
12.4365  6.31897e-06
12.4467  5.82093e-06
12.4568  6.41071e-06
12.4671  5.91365e-06
12.4775  6.1645e-06
12.4878  6.11998e-06
12.4979  5.46582e-06
12.5082  5.71252e-06
12.5184  6.08546e-06
12.5286  5.59276e-06
12.5389  5.41657e-06
12.549  6.01445e-06
12.5598  5.10503e-06
12.5697  5.43993e-06
12.5803  6.02032e-06
12.5905  4.3548e-06
12.6007  5.21515e-06
12.6107  5.6322e-06
12.6212  4.95154e-06
12.6321  5.54074e-06
12.6429  4.88141e-06
12.6529  4.89663e-06
12.6632  5.04093e-06
12.6734  4.74123e-06
12.6843  4.72813e-06
12.6941  5.171e-06
12.7043  4.52562e-06
12.7151  4.18698e-06
12.725  4.83989e-06
12.7354  4.71265e-06
12.7461  4.21073e-06
12.7561  4.40816e-06
12.7667  4.25011e-06
12.777  4.62907e-06
12.7871  4.20115e-06
12.7973  3.80954e-06
12.8081  4.33282e-06
12.8185  4.54418e-06
12.8287  3.61221e-06
12.839  3.82828e-06
12.8495  4.34324e-06
12.8597  4.08446e-06
12.8705  3.94839e-06
12.8809  4.06553e-06
12.8912  3.23517e-06
12.9016  4.2328e-06
12.9123  3.85957e-06
12.9228  3.20201e-06
12.9331  3.52641e-06
12.9432  3.84878e-06
12.9539  3.72917e-06
12.9644  3.16567e-06
12.9742  3.30042e-06
12.9845  3.66976e-06
12.9952  3.37159e-06
13.0055  3.4199e-06
13.0166  2.94171e-06
13.0263  3.37319e-06
13.0367  3.50197e-06
13.0476  3.03041e-06
13.058  3.32138e-06
13.0681  2.8338e-06
13.0787  2.7323e-06
13.0888  3.30069e-06
13.1001  3.15044e-06
13.1104  3.23869e-06
13.1215  2.99783e-06
13.1317  2.57528e-06
13.1422  2.96909e-06
13.1526  2.73174e-06
13.1628  2.86702e-06
13.1737  2.55148e-06
13.1835  3.0123e-06
13.1941  2.38572e-06
13.2046  2.72742e-06
13.2146  2.50102e-06
13.2252  2.44894e-06
13.2357  2.63465e-06
13.2463  2.77826e-06
13.2572  2.27278e-06
13.2669  2.47022e-06
13.2776  2.21254e-06
13.2875  2.49806e-06
13.2984  2.48557e-06
13.3086  2.19299e-06
13.32  2.30999e-06
13.33  2.36629e-06
13.3404  2.39636e-06
13.3516  2.26675e-06
13.3622  2.21356e-06
13.3724  2.09813e-06
13.3834  2.00586e-06
13.3931  2.09717e-06
13.4042  2.22755e-06
13.4143  2.1645e-06
13.4251  1.82571e-06
13.4351  1.85558e-06
13.4459  2.36037e-06
13.4565  1.79226e-06
13.4665  1.61419e-06
13.4768  1.92679e-06
13.4874  1.96711e-06
13.4983  2.15293e-06
13.5091  1.85068e-06
13.5196  1.68821e-06
13.5304  1.78356e-06
13.5403  1.85399e-06
13.5516  1.49611e-06
13.5625  1.87719e-06
13.5724  1.76394e-06
13.5834  1.69367e-06
13.5935  1.58921e-06
13.6034  1.42297e-06
13.6134  1.44013e-06
13.6243  1.77386e-06
13.6354  1.64548e-06
13.6458  1.50052e-06
13.6567  1.58708e-06
13.6669  1.62746e-06
13.6769  1.23322e-06
13.6878  1.53041e-06
13.6988  1.51193e-06
13.7094  1.53169e-06
13.7197  1.35926e-06
13.7306  1.19729e-06
13.7408  1.46564e-06
13.7513  1.46304e-06
13.7626  1.40362e-06
13.7742  1.27479e-06
13.7844  1.3944e-06
13.7949  1.20032e-06
13.8054  1.24258e-06
13.8152  1.12228e-06
13.8254  1.30488e-06
13.8361  1.30774e-06
13.8467  1.14778e-06
13.858  1.08917e-06
13.8688  1.41799e-06
13.8794  1.00543e-06
13.8904  1.06402e-06
13.9012  1.34592e-06
13.912  1.06478e-06
13.9232  1.13095e-06
13.9338  1.02929e-06
13.9438  9.36214e-07
13.9544  1.17669e-06
13.9645  9.95716e-07
13.9758  1.07048e-06
13.9873  9.78201e-07
13.9973  1.12399e-06
14.0078  8.5005e-07
14.0183  1.00622e-06
14.0296  8.9518e-07
14.0399  9.11195e-07
14.0506  1.0899e-06
14.061  9.20098e-07
14.0721  7.32647e-07
14.0811  8.75952e-07
14.0917  7.26501e-07
14.1021  8.63006e-07
14.1129  8.40541e-07
14.1229  8.54244e-07
14.1339  8.85114e-07
14.1432  7.36568e-07
14.1535  7.90483e-07
14.165  7.83851e-07
14.1756  7.40072e-07
14.1864  7.48657e-07
14.1975  8.69539e-07
14.2075  6.8124e-07
14.2177  7.59064e-07
14.2286  7.51045e-07
14.2384  7.31446e-07
14.2494  4.72299e-07
14.2588  7.13828e-07
14.2688  6.29366e-07
14.2795  6.95329e-07
14.2907  7.45514e-07
14.3011  7.17377e-07
14.3119  6.05491e-07
14.3227  7.34581e-07
14.3337  5.48516e-07
14.3444  6.12023e-07
14.355  6.1906e-07
14.3651  6.33674e-07
14.3774  6.12273e-07
14.387  6.48803e-07
14.399  4.77825e-07
14.4093  5.53566e-07
14.4187  5.80928e-07
14.4298  6.08634e-07
14.4412  5.2544e-07
14.45  4.63842e-07
14.4615  5.65357e-07
14.4726  5.24233e-07
14.4822  4.44055e-07
14.492  4.50038e-07
14.5031  6.74016e-07
14.5138  4.5074e-07
14.5251  4.93545e-07
14.5359  4.85276e-07
14.5461  4.06909e-07
14.5557  4.38092e-07
14.5662  3.78816e-07
14.5786  4.49167e-07
14.5884  5.82427e-07
14.5985  3.94017e-07
14.6104  4.45408e-07
14.6209  3.83568e-07
14.6305  4.77621e-07
14.6439  3.87678e-07
14.654  4.49817e-07
14.665  3.91942e-07
14.6745  3.98729e-07
14.6852  4.27265e-07
14.6954  2.67516e-07
14.7076  4.61061e-07
14.7171  3.82676e-07
14.7291  2.88283e-07
14.7385  2.91826e-07
14.7503  4.00285e-07
14.7607  3.8077e-07
14.7706  3.77598e-07
14.7807  2.7523e-07
14.7905  3.22799e-07
14.8024  3.3152e-07
14.8129  3.19256e-07
14.824  2.66639e-07
14.8342  3.91752e-07
14.8443  3.03871e-07
14.8545  2.85574e-07
14.8639  2.87455e-07
14.8739  2.01568e-07
14.8856  3.4249e-07
14.8951  2.38275e-07
14.9073  2.53472e-07
14.9164  3.33153e-07
14.9256  2.43499e-07
14.9358  2.34417e-07
14.9477  2.75818e-07
14.9584  2.70588e-07
14.9685  2.4905e-07
14.9797  2.54456e-07
14.9899  2.36759e-07
15.0018  2.26331e-07
15.0126  2.95681e-07
15.0215  2.22592e-07
15.0322  2.28226e-07
15.0416  2.14084e-07
15.0518  2.2081e-07
15.065  2.13109e-07
15.074  2.27053e-07
15.0842  2.17858e-07
15.096  1.85719e-07
15.1061  2.27501e-07
15.1153  1.41577e-07
15.1261  2.37335e-07
15.1377  2.50098e-07
15.1481  1.91987e-07
15.1593  2.04893e-07
15.1699  1.58941e-07
15.1796  1.61029e-07
15.1891  1.97456e-07
15.1995  1.4562e-07
15.2118  1.92315e-07
15.2223  1.68729e-07
15.2324  2.34386e-07
15.2447  1.57955e-07
15.2543  1.48287e-07
15.2658  1.39979e-07
15.2773  1.57497e-07
15.2859  1.37289e-07
15.2963  1.52862e-07
15.3068  1.88124e-07
15.3173  2.11781e-07
15.3283  1.11819e-07
15.3377  1.35991e-07
15.3489  1.14155e-07
15.3602  9.00157e-08
15.3716  1.95106e-07
15.3813  1.01753e-07
15.391  1.66246e-07
15.4026  1.66286e-07
15.4142  1.19312e-07
15.4264  1.07387e-07
15.4375  1.60754e-07
15.4472  1.18143e-07
15.4581  1.26006e-07
15.4683  1.46129e-07
15.4802  1.2794e-07
15.4926  1.46432e-07
15.5019  7.62439e-08
15.5118  1.00858e-07
15.521  1.1326e-07
15.5337  1.06357e-07
15.5462  9.85908e-08
15.5559  1.14672e-07
15.5659  1.12542e-07
15.5783  8.70956e-08
15.5875  6.59139e-08
15.5992  1.45412e-07
15.6085  9.52499e-08
15.6196  7.94168e-08
15.63  1.00184e-07
15.6408  1.12391e-07
15.6514  7.16829e-08
15.6621  4.4451e-08
15.6709  1.06407e-07
15.6821  1.41553e-07
15.6926  4.04258e-08
15.704  1.02539e-07
15.7134  4.34024e-08
15.7254  1.17512e-07
15.737  8.11337e-08
15.7462  5.84743e-08
15.7572  8.61203e-08
15.7675  7.7852e-08
15.7797  7.96868e-08
15.7905  7.298e-08
15.8019  4.88721e-08
15.8107  7.83394e-08
15.8225  5.30458e-08
15.8304  6.40549e-08
15.8434  7.78074e-08
15.8543  5.86708e-08
15.8633  1.06222e-07
15.8763  5.37609e-08
15.8847  3.7713e-08
15.8928  5.1788e-08
15.9065  5.62666e-08
15.9173  4.57203e-08
15.9283  5.68818e-08
15.9383  8.49897e-08
15.9499  7.01438e-08
15.9615  4.21618e-08
15.972  6.27105e-08
15.986  5.99306e-08
15.9951  4.06674e-08
16.0052  5.4113e-08
16.0187  4.72538e-08
16.0294  6.57483e-08
16.0392  6.13799e-08
16.0494  3.33114e-08
16.0611  4.42412e-08
16.0735  3.61537e-08
16.0859  4.71926e-08
16.0941  6.84562e-08
16.107  5.5434e-08
16.1197  5.63948e-08
16.1304  4.59925e-08
16.1438  2.98792e-08
16.1534  3.9884e-08
16.164  4.18086e-08
16.1769  1.86636e-08
16.1859  3.61517e-08
16.1989  4.63306e-08
16.2087  3.48973e-08
16.2172  3.21713e-08
16.2324  5.95647e-08
16.2429  2.7082e-08
16.2538  4.99992e-08
16.2666  1.37193e-08
16.2751  2.54115e-08
16.2863  5.0729e-08
16.2976  2.35925e-08
16.3093  4.95203e-08
16.3225  2.13357e-08
16.332  1.9194e-08
16.3397  3.62981e-08
16.3567  3.97972e-08
16.367  2.86757e-08
16.3785  1.0417e-08
16.3883  2.85336e-08
16.3974  4.04097e-08
16.4112  3.77649e-08
16.4244  2.42225e-08
16.4349  1.10211e-08
16.4493  3.00018e-08
16.4619  3.98075e-08
16.4726  1.31981e-08
16.4831  3.09664e-08
16.495  3.22784e-08
16.5088  1.05238e-08
16.5172  3.11723e-08
16.537  1.49781e-08
16.5466  1.70855e-08
16.5553  3.02534e-08
16.5679  2.30025e-08
16.5754  3.17486e-08
16.5874  1.25381e-08
16.5986  1.85881e-08
16.6109  1.24508e-08
16.6238  1.5036e-08
16.6372  2.57487e-08
16.6497  2.21827e-08
16.6593  2.20316e-08
16.6767  1.99003e-08
16.692  2.53259e-08
16.6988  1.82784e-08
16.7156  8.51407e-09
16.7258  2.25654e-08
16.7354  1.14214e-08
16.7485  1.2446e-08
16.7582  2.03436e-08
16.77  1.51551e-08
16.7817  2.17683e-08
16.7974  7.17233e-09
16.8144  1.67131e-08
16.8276  9.94951e-09
16.8359  2.16749e-08
16.8471  8.50762e-09
16.862  1.63627e-08
16.8748  9.6572e-09
16.884  1.52027e-08
16.9008  3.03285e-09
16.9075  1.89925e-08
16.9216  1.41945e-08
16.9327  1.29935e-08
16.9429  1.75803e-08
16.9604  1.4488e-08
16.9685  3.67844e-09
16.9925  1.64834e-09
16.9973  1.66634e-08
17.0119  7.40649e-09
17.025  9.23031e-09
17.0414  7.51978e-09
17.0485  1.94848e-08
17.0612  1.22945e-08
17.0755  5.08432e-09
17.0876  9.94218e-09
17.0985  7.71742e-09
17.1139  3.62906e-09
17.1203  8.89034e-09
17.1326  6.87825e-09
17.1485  4.71825e-09
17.1551  3.60845e-09
17.1664  6.68917e-09
17.1753  1.35025e-08
17.1903  6.61791e-09
17.2037  1.44622e-08
17.2127  4.76071e-09
17.2289  6.39734e-09
17.239  8.20283e-10
17.2544  9.05474e-09
17.2656  4.47004e-09
17.273  6.78543e-09
17.2902  1.45699e-09
17.2979  7.17161e-09
17.3097  7.05311e-09
17.3285  7.53806e-09
17.3388  3.04408e-09
17.3562  8.64423e-09
17.3654  3.97695e-09
17.3821  9.89092e-09
17.3967  3.95009e-10
17.406  3.3254e-09
17.4152  1.23859e-08
17.4337  4.14457e-09
17.4477  9.46314e-10
17.4683  7.41666e-09
17.4795  2.43832e-09
17.4888  7.01938e-09
17.5034  1.51983e-09
17.529  3.2877e-09
17.5376  1.01166e-08
17.5548  4.09766e-09
17.5707  8.0267e-09
17.5961  3.64765e-09
17.6096  1.15202e-09
17.6292  3.1943e-09
17.6482  6.59708e-09
17.6591  1.49107e-09
17.6668  4.02741e-09
17.6796  4.45187e-09
17.6982  4.53913e-10
17.7191  2.91002e-09
17.7304  1.80597e-09
17.7379  3.15673e-09
17.7503  5.70408e-09
17.7681  1.00063e-09
17.7806  1.76047e-09
17.7873  3.16716e-09
17.8057  2.50379e-09
17.8166  1.85892e-09
17.8362  3.52042e-09
17.8591  3.48651e-09
17.8743  4.66974e-10
17.877  2.63946e-09
17.8988  3.17344e-09
17.913  1.86887e-09
17.9336  1.90856e-09
17.9624  3.62309e-09
17.986  3.58791e-10
18.0079  6.63007e-10
18.0166  8.56661e-09
18.0422  1.64253e-09
18.0727  3.14836e-10
18.094  1.6133e-09
18.1054  1.55157e-09
18.1263  4.52537e-10
18.1409  3.39007e-09
18.1652  4.19885e-10
18.1785  3.17238e-09
18.2022  1.47048e-09
18.226  2.39443e-09
18.24  1.92438e-10
18.2644  3.5041e-10
18.2814  3.02365e-09
18.3244  6.8387e-10
18.3385  2.53251e-10
18.3534  1.63867e-09
18.3764  1.9353e-09
18.3863  1.62519e-09
18.4417  1.46611e-09
18.4621  3.36061e-10
18.4917  9.63031e-10
18.5055  1.60806e-09
18.5384  3.6059e-10
18.5655  6.99541e-10
18.5914  8.49254e-10
18.6193  1.64663e-09
18.6491  1.21978e-09
18.7011  3.01061e-10
18.7093  4.5445e-10
18.7388  3.33617e-10
18.7873  3.09887e-10
18.8072  1.03999e-09
18.8313  1.12541e-09
18.8572  6.83133e-10
18.8837  3.06469e-10
18.9786  2.2105e-10
18.9859  1.2324e-09
19.097  4.52636e-10
19.112  3.02263e-10
19.1967  7.98318e-10
19.2226  1.61528e-10
19.2543  2.86656e-10
19.344  1.56804e-10
19.4124  2.44404e-10
19.4624  6.4216e-10
19.5898  2.19737e-10
19.802  1.87609e-10
19.8279  2.2776e-10
20.0677  1.50911e-10
20.4331  1.0705e-10
