-20.6121  1.41997e-10
-20.2383  2.03075e-10
-19.9977  2.97184e-10
-19.9628  2.56468e-10
-19.746  2.87993e-10
-19.624  8.50033e-10
-19.5688  3.15029e-10
-19.523  2.07992e-10
-19.4165  3.4153e-10
-19.3834  2.07326e-10
-19.3485  1.07352e-09
-19.2794  3.77493e-10
-19.2503  6.07834e-10
-19.1542  6.69562e-10
-19.1317  1.20548e-09
-19.0516  3.82954e-10
-19.0097  8.89516e-10
-18.9747  1.53529e-09
-18.9547  1.7027e-09
-18.9086  4.35307e-10
-18.8772  6.13958e-10
-18.8642  4.21298e-10
-18.8022  1.42957e-09
-18.7782  4.11572e-10
-18.7579  1.72401e-09
-18.7341  1.12339e-09
-18.6985  1.41312e-09
-18.6652  1.62145e-09
-18.6569  4.21844e-10
-18.636  1.27214e-09
-18.6212  4.16929e-10
-18.5807  1.88586e-09
-18.5453  2.00193e-09
-18.5349  1.2451e-09
-18.5156  1.60227e-09
-18.4823  3.04122e-09
-18.4324  3.64746e-09
-18.4222  6.80035e-10
-18.3608  3.70166e-09
-18.3406  2.98748e-09
-18.3274  5.00262e-10
-18.3048  2.84795e-09
-18.2917  2.56346e-09
-18.2629  3.90009e-09
-18.2482  2.25278e-09
-18.2335  4.30391e-10
-18.1882  2.483e-09
-18.1662  4.84061e-09
-18.1475  6.19022e-09
-18.1349  4.52032e-10
-18.0855  7.01781e-09
-18.0646  2.83752e-09
-18.0501  2.27813e-09
-18.0406  2.23835e-09
-18.0128  5.0824e-09
-17.9861  2.78911e-09
-17.9664  6.80691e-09
-17.9343  6.89738e-09
-17.9156  2.76569e-09
-17.8915  6.48851e-09
-17.8771  3.08678e-09
-17.8678  8.73564e-09
-17.8382  9.60022e-10
-17.8167  5.95634e-09
-17.8087  2.31226e-09
-17.7952  6.11282e-09
-17.788  2.89522e-09
-17.7707  3.65825e-09
-17.7553  5.49408e-09
-17.7479  2.6344e-10
-17.7267  1.68225e-09
-17.7112  8.1162e-09
-17.6904  1.10158e-08
-17.6773  8.77597e-09
-17.6688  2.52528e-09
-17.6492  4.55192e-09
-17.6324  6.87658e-09
-17.6209  5.30711e-09
-17.6047  6.9742e-09
-17.593  3.32532e-09
-17.573  7.38258e-09
-17.5576  8.35351e-09
-17.5485  4.29965e-09
-17.538  6.01464e-09
-17.5176  6.41767e-09
-17.4956  1.51812e-08
-17.4879  6.59498e-10
-17.472  1.65158e-08
-17.4565  3.34454e-09
-17.4458  7.85765e-09
-17.4343  9.18978e-09
-17.4246  4.86697e-09
-17.3981  1.62431e-08
-17.3867  5.40285e-09
-17.3729  5.67288e-09
-17.3553  8.54397e-09
-17.3453  9.12419e-09
-17.3322  3.17584e-09
-17.3189  2.07035e-08
-17.2989  1.396e-08
-17.2811  1.43991e-08
-17.2702  8.03413e-09
-17.2587  1.02182e-08
-17.2466  1.08079e-08
-17.236  4.79132e-10
-17.2197  1.96899e-08
-17.2091  9.23679e-09
-17.1994  7.76923e-09
-17.1838  1.28347e-08
-17.1748  1.43986e-08
-17.1621  1.54527e-08
-17.1457  1.4456e-08
-17.1386  8.65212e-09
-17.1194  4.72679e-09
-17.1003  2.36274e-08
-17.0923  8.84618e-09
-17.0765  1.97353e-08
-17.0647  1.79602e-08
-17.0544  1.18847e-08
-17.0414  1.56721e-08
-17.0246  1.93159e-08
-17.0076  1.96318e-08
-16.9967  2.20666e-08
-16.9824  2.01122e-08
-16.9699  1.1227e-08
-16.9595  1.49994e-08
-16.9453  2.63546e-08
-16.9303  6.832e-09
-16.9202  1.5453e-08
-16.9033  2.45853e-08
-16.8889  3.38428e-08
-16.8794  2.28819e-08
-16.8714  3.95708e-09
-16.8566  2.19031e-08
-16.8453  1.50646e-08
-16.8318  5.04558e-09
-16.8225  3.75228e-08
-16.8118  2.24058e-08
-16.8008  2.43429e-08
-16.7871  1.21603e-08
-16.7801  2.46315e-08
-16.7669  4.09648e-08
-16.7527  1.95403e-08
-16.7433  1.41312e-08
-16.73  2.01902e-08
-16.7189  1.72776e-08
-16.7053  4.19448e-08
-16.6928  2.46392e-08
-16.6834  2.55033e-08
-16.6721  3.70924e-08
-16.6552  1.08627e-08
-16.6447  2.36217e-08
-16.6322  2.97274e-08
-16.6222  2.85361e-08
-16.61  3.91694e-08
-16.6013  4.51156e-08
-16.5876  4.83292e-08
-16.5722  1.94658e-08
-16.5626  1.27793e-08
-16.5495  2.80101e-08
-16.5342  5.15033e-08
-16.5253  3.70443e-08
-16.5123  2.22852e-08
-16.504  3.30493e-08
-16.4905  4.90239e-08
-16.4804  4.45906e-08
-16.4697  1.91651e-08
-16.4569  2.03454e-08
-16.4479  4.13995e-08
-16.4354  4.08298e-08
-16.4257  4.09749e-08
-16.4136  5.38743e-08
-16.4048  2.84957e-08
-16.3926  3.7806e-08
-16.3805  4.78728e-08
-16.3687  3.62689e-08
-16.3568  7.35542e-08
-16.3467  3.95529e-08
-16.3327  4.18092e-08
-16.3235  2.92796e-08
-16.3099  6.10371e-08
-16.2998  4.72628e-08
-16.2883  2.24522e-08
-16.2765  7.64545e-08
-16.2662  3.3416e-08
-16.2557  4.75678e-08
-16.2453  2.91739e-08
-16.2331  9.10112e-08
-16.2213  5.96982e-08
-16.209  8.96384e-08
-16.1969  4.25146e-08
-16.1866  5.0679e-08
-16.1733  5.1978e-08
-16.1633  5.52622e-08
-16.1516  7.30103e-08
-16.1386  5.23293e-08
-16.1296  7.5659e-08
-16.1184  6.65909e-08
-16.1089  4.05521e-08
-16.0967  8.28895e-08
-16.087  8.44657e-08
-16.0745  5.34302e-08
-16.0651  8.0704e-08
-16.0544  7.91622e-08
-16.0389  3.46993e-08
-16.0322  7.055e-08
-16.0184  8.77435e-08
-16.0078  6.43191e-08
-15.9967  5.49e-08
-15.9881  9.17564e-08
-15.9765  1.13223e-07
-15.9646  3.91816e-08
-15.9547  1.00994e-07
-15.9434  1.20813e-07
-15.9324  5.23099e-08
-15.9202  5.79669e-08
-15.9114  9.48162e-08
-15.8989  1.10036e-07
-15.8891  8.80141e-08
-15.8789  8.84495e-08
-15.8662  1.06637e-07
-15.8552  9.72891e-08
-15.8407  8.55012e-08
-15.8303  1.09676e-07
-15.8184  1.03002e-07
-15.8078  1.5161e-07
-15.7954  1.34836e-07
-15.7845  5.60677e-08
-15.7747  1.02802e-07
-15.7631  1.30816e-07
-15.7546  4.77835e-08
-15.7405  1.85709e-07
-15.7294  1.09616e-07
-15.7187  1.50729e-07
-15.7061  1.33663e-07
-15.6943  1.03272e-07
-15.6829  1.49199e-07
-15.6741  8.22888e-08
-15.6624  1.52963e-07
-15.6533  8.34106e-08
-15.6413  9.5372e-08
-15.631  1.24418e-07
-15.6199  2.41024e-07
-15.608  1.37874e-07
-15.5963  1.1347e-07
-15.5844  1.49737e-07
-15.5735  1.1788e-07
-15.5631  2.17004e-07
-15.5521  1.53058e-07
-15.5407  1.39471e-07
-15.5293  1.45814e-07
-15.5181  1.93208e-07
-15.5073  1.62713e-07
-15.4985  1.5171e-07
-15.4864  2.30172e-07
-15.4769  1.01054e-07
-15.4633  9.40848e-08
-15.4547  1.5825e-07
-15.4433  2.65316e-07
-15.4323  1.82033e-07
-15.4216  1.72133e-07
-15.4104  2.17676e-07
-15.4005  2.08745e-07
-15.3894  1.96092e-07
-15.3798  1.08618e-07
-15.3663  2.35802e-07
-15.3539  1.96742e-07
-15.3434  2.25685e-07
-15.3342  1.93415e-07
-15.324  2.20716e-07
-15.3113  2.25377e-07
-15.3013  1.80397e-07
-15.2898  2.53543e-07
-15.2792  2.21578e-07
-15.2684  2.34418e-07
-15.2596  2.24639e-07
-15.2484  2.12654e-07
-15.238  2.24447e-07
-15.2284  2.44203e-07
-15.2173  2.66886e-07
-15.2046  2.56135e-07
-15.1932  2.79845e-07
-15.1833  2.42885e-07
-15.1719  2.1174e-07
-15.1615  3.04378e-07
-15.1502  3.36577e-07
-15.1383  2.87687e-07
-15.1263  3.38027e-07
-15.1156  2.24255e-07
-15.1068  2.99043e-07
-15.0941  3.23651e-07
-15.0818  3.36065e-07
-15.0709  3.55119e-07
-15.0614  2.15149e-07
-15.0494  3.0578e-07
-15.0406  2.79818e-07
-15.0296  3.80279e-07
-15.0192  3.04917e-07
-15.0095  3.21043e-07
-14.9981  3.18835e-07
-14.9877  3.47791e-07
-14.9744  4.17019e-07
-14.9651  1.7818e-07
-14.9557  4.09938e-07
-14.9446  4.64531e-07
-14.934  2.94564e-07
-14.9248  3.59951e-07
-14.913  3.36469e-07
-14.9021  3.97616e-07
-14.8915  5.02534e-07
-14.8793  3.35771e-07
-14.8698  4.96218e-07
-14.8588  3.47756e-07
-14.8479  4.02105e-07
-14.8373  3.62145e-07
-14.8269  4.15297e-07
-14.8168  4.63824e-07
-14.8059  4.12788e-07
-14.7955  4.90478e-07
-14.7857  3.63972e-07
-14.7737  5.05867e-07
-14.7635  4.73566e-07
-14.7531  5.34975e-07
-14.7417  5.0819e-07
-14.7303  3.43189e-07
-14.7202  5.33516e-07
-14.7095  5.36772e-07
-14.6983  5.55782e-07
-14.6885  5.67236e-07
-14.6758  5.65713e-07
-14.6661  3.78071e-07
-14.6548  5.40462e-07
-14.6451  4.93738e-07
-14.6346  5.96573e-07
-14.6244  5.10088e-07
-14.6147  6.58991e-07
-14.6029  6.6516e-07
-14.5908  5.62624e-07
-14.58  6.44774e-07
-14.5698  5.8243e-07
-14.5588  4.33081e-07
-14.5487  6.83426e-07
-14.538  6.76451e-07
-14.5281  7.23419e-07
-14.5171  6.57127e-07
-14.5068  4.76034e-07
-14.4954  8.21477e-07
-14.4831  7.27843e-07
-14.4731  6.42358e-07
-14.4636  6.83862e-07
-14.4532  6.81552e-07
-14.4415  6.86052e-07
-14.4315  8.17578e-07
-14.4203  7.80578e-07
-14.4101  7.40179e-07
-14.3992  8.61743e-07
-14.3881  6.95081e-07
-14.3771  7.04379e-07
-14.3667  7.57813e-07
-14.3568  7.41663e-07
-14.3458  9.03095e-07
-14.3354  8.4373e-07
-14.3256  7.83408e-07
-14.315  8.97214e-07
-14.3031  1.01517e-06
-14.2914  8.55838e-07
-14.281  8.66586e-07
-14.2714  6.49984e-07
-14.2605  1.02854e-06
-14.2505  8.73019e-07
-14.2397  1.07781e-06
-14.2292  7.89571e-07
-14.2201  9.68012e-07
-14.2087  9.9234e-07
-14.1983  1.03555e-06
-14.1873  7.52724e-07
-14.1764  1.25594e-06
-14.1649  1.09602e-06
-14.1541  1.08753e-06
-14.1428  1.12979e-06
-14.1327  9.90868e-07
-14.1217  1.05673e-06
-14.1121  1.01325e-06
-14.1018  1.22504e-06
-14.0901  8.97112e-07
-14.0812  1.31716e-06
-14.0701  1.19835e-06
-14.0587  1.2833e-06
-14.0487  1.03264e-06
-14.0389  1.14453e-06
-14.0273  1.33051e-06
-14.0172  1.23101e-06
-14.0061  1.38985e-06
-13.9959  1.18613e-06
-13.9852  1.18898e-06
-13.9749  1.18034e-06
-13.9641  1.60976e-06
-13.9537  1.24362e-06
-13.9438  1.31009e-06
-13.9325  1.38948e-06
-13.922  1.52602e-06
-13.9107  1.27344e-06
-13.9004  1.71752e-06
-13.889  1.35493e-06
-13.879  1.52117e-06
-13.8676  1.4407e-06
-13.8576  1.4158e-06
-13.846  1.85946e-06
-13.8354  1.40177e-06
-13.8251  1.75938e-06
-13.814  1.44414e-06
-13.8038  1.71925e-06
-13.7931  1.67795e-06
-13.7826  1.71927e-06
-13.7714  1.66425e-06
-13.76  1.85637e-06
-13.7492  1.92585e-06
-13.7385  1.74038e-06
-13.7277  1.77064e-06
-13.7176  1.58994e-06
-13.7067  1.89533e-06
-13.6965  1.83348e-06
-13.6866  1.67409e-06
-13.6749  2.38604e-06
-13.6644  1.79113e-06
-13.6535  1.99564e-06
-13.6425  1.81505e-06
-13.6323  1.96467e-06
-13.6219  2.17644e-06
-13.6113  2.26245e-06
-13.601  1.8462e-06
-13.5905  2.02995e-06
-13.5801  2.12291e-06
-13.5691  2.23954e-06
-13.5581  2.33152e-06
-13.5478  2.16073e-06
-13.5369  2.1836e-06
-13.5271  2.33756e-06
-13.5158  2.15922e-06
-13.5059  2.37598e-06
-13.4953  2.42935e-06
-13.4852  2.20517e-06
-13.474  2.35767e-06
-13.4638  2.49771e-06
-13.4534  2.39946e-06
-13.4431  2.57557e-06
-13.432  2.79615e-06
-13.4211  2.69836e-06
-13.4107  2.75629e-06
-13.4003  2.19619e-06
-13.3898  2.54364e-06
-13.3792  2.85817e-06
-13.3691  2.61828e-06
-13.3589  2.71416e-06
-13.348  2.97281e-06
-13.3379  2.74433e-06
-13.3273  2.83707e-06
-13.3165  3.08722e-06
-13.3061  2.6906e-06
-13.2953  3.04982e-06
-13.2852  3.14426e-06
-13.2743  2.73486e-06
-13.264  3.19111e-06
-13.254  3.2987e-06
-13.2425  3.12837e-06
-13.2325  3.37727e-06
-13.2221  2.6882e-06
-13.2123  3.43096e-06
-13.2018  3.41396e-06
-13.1914  3.26561e-06
-13.181  2.94133e-06
-13.1708  3.61001e-06
-13.16  3.33585e-06
-13.1499  3.60832e-06
-13.1395  3.73311e-06
-13.1294  3.68031e-06
-13.1183  3.46572e-06
-13.1083  3.61723e-06
-13.0974  3.58647e-06
-13.087  4.0387e-06
-13.0767  3.79808e-06
-13.066  3.96403e-06
-13.0553  3.60097e-06
-13.0453  4.09108e-06
-13.0348  3.97427e-06
-13.0249  3.71347e-06
-13.0142  4.37767e-06
-13.0036  3.9199e-06
-12.9933  4.1809e-06
-12.9828  4.62345e-06
-12.9724  3.77121e-06
-12.9622  4.69406e-06
-12.9518  4.18123e-06
-12.9418  4.38911e-06
-12.9309  4.48315e-06
-12.9208  4.5311e-06
-12.9108  4.36285e-06
-12.9002  4.58266e-06
-12.8897  4.66388e-06
-12.8791  5.15365e-06
-12.8686  4.95403e-06
-12.8581  4.8892e-06
-12.8478  4.36913e-06
-12.8376  4.91216e-06
-12.8272  5.01031e-06
-12.8175  4.98611e-06
-12.8068  5.02272e-06
-12.7961  5.58686e-06
-12.7853  4.85778e-06
-12.7753  5.56223e-06
-12.765  5.46889e-06
-12.7547  5.52525e-06
-12.7439  5.32253e-06
-12.7343  5.64341e-06
-12.7235  5.15688e-06
-12.7132  5.89353e-06
-12.7027  6.38259e-06
-12.692  5.28662e-06
-12.6817  5.97582e-06
-12.6715  5.98796e-06
-12.6612  5.35982e-06
-12.651  6.30184e-06
-12.6405  6.46646e-06
-12.6302  5.98961e-06
-12.6199  6.47686e-06
-12.6099  5.89261e-06
-12.5994  6.38969e-06
-12.5892  6.33943e-06
-12.5793  6.89855e-06
-12.5682  6.74045e-06
-12.5581  6.20118e-06
-12.5482  7.01382e-06
-12.5376  6.79122e-06
-12.5273  6.3875e-06
-12.5175  7.03027e-06
-12.5071  7.29574e-06
-12.4968  6.81714e-06
-12.4867  7.03057e-06
-12.4765  7.70938e-06
-12.4656  7.24713e-06
-12.4557  7.10824e-06
-12.4452  7.89734e-06
-12.4352  6.74663e-06
-12.4247  8.81648e-06
-12.4144  7.31299e-06
-12.4042  7.4582e-06
-12.394  8.4092e-06
-12.3836  8.04095e-06
-12.3734  7.23447e-06
-12.3632  8.96396e-06
-12.353  7.95074e-06
-12.3424  8.39451e-06
-12.3325  8.40064e-06
-12.3224  8.90962e-06
-12.3118  8.20949e-06
-12.3014  9.09049e-06
-12.291  8.65175e-06
-12.2806  8.59502e-06
-12.2708  9.76229e-06
-12.2606  9.0138e-06
-12.2489  9.61367e-06
-12.2387  9.71484e-06
-12.2287  8.81946e-06
-12.2179  1.07584e-05
-12.2073  9.50038e-06
-12.1968  9.06289e-06
-12.1866  1.00633e-05
-12.1764  9.73918e-06
-12.1664  1.01512e-05
-12.1558  9.52116e-06
-12.1463  1.046e-05
-12.1358  1.03593e-05
-12.1255  1.01838e-05
-12.1152  1.02869e-05
-12.1055  1.00278e-05
-12.095  1.12356e-05
-12.085  1.0807e-05
-12.0746  1.08445e-05
-12.0646  1.11809e-05
-12.0544  1.03556e-05
-12.0447  1.16722e-05
-12.0336  1.1725e-05
-12.0239  1.04896e-05
-12.0136  1.23512e-05
-12.0034  1.14548e-05
-11.9922  1.32291e-05
-11.9818  1.15693e-05
-11.9716  1.22665e-05
-11.9613  1.2464e-05
-11.9509  1.25699e-05
-11.941  1.22733e-05
-11.9306  1.26816e-05
-11.9207  1.19314e-05
-11.9104  1.29998e-05
-11.9  1.35664e-05
-11.8898  1.37406e-05
-11.879  1.38242e-05
-11.8683  1.28956e-05
-11.8581  1.37669e-05
-11.848  1.31972e-05
-11.8374  1.54105e-05
-11.8269  1.31823e-05
-11.8166  1.41872e-05
-11.8064  1.49265e-05
-11.7965  1.43143e-05
-11.786  1.36586e-05
-11.7757  1.55971e-05
-11.7656  1.41272e-05
-11.7549  1.6983e-05
-11.7442  1.4798e-05
-11.7338  1.55323e-05
-11.7233  1.5713e-05
-11.7133  1.54584e-05
-11.7031  1.55463e-05
-11.6927  1.57892e-05
-11.6826  1.65532e-05
-11.6725  1.57537e-05
-11.6623  1.57531e-05
-11.6516  1.92311e-05
-11.641  1.55544e-05
-11.6308  1.78937e-05
-11.6203  1.6081e-05
-11.6099  1.83106e-05
-11.5991  1.87053e-05
-11.5887  1.78027e-05
-11.5782  1.76416e-05
-11.5679  1.78317e-05
-11.5577  1.80575e-05
-11.5475  1.80457e-05
-11.5374  1.83532e-05
-11.5272  1.85764e-05
-11.5169  1.82868e-05
-11.5069  1.93243e-05
-11.4965  1.9201e-05
-11.4861  1.88257e-05
-11.4764  2.01086e-05
-11.4656  1.94136e-05
-11.4555  1.89871e-05
-11.4455  2.09685e-05
-11.4354  1.93344e-05
-11.425  2.0967e-05
-11.4153  2.04748e-05
-11.4041  2.25399e-05
-11.3934  2.18481e-05
-11.3834  2.019e-05
-11.3734  2.1024e-05
-11.3628  2.22883e-05
-11.3531  2.15055e-05
-11.3426  2.17711e-05
-11.3325  2.25603e-05
-11.3223  2.1617e-05
-11.3122  2.21706e-05
-11.3018  2.48018e-05
-11.2918  2.2346e-05
-11.2815  2.2163e-05
-11.2713  2.45936e-05
-11.2613  2.19419e-05
-11.2513  2.46489e-05
-11.2408  2.50315e-05
-11.2307  2.33734e-05
-11.2204  2.48285e-05
-11.2104  2.44848e-05
-11.2004  2.43501e-05
-11.1901  2.5017e-05
-11.1798  2.58702e-05
-11.1699  2.49391e-05
-11.1598  2.56736e-05
-11.1494  2.66392e-05
-11.1395  2.67403e-05
-11.1291  2.66554e-05
-11.1187  2.62419e-05
-11.1088  2.69422e-05
-11.0987  2.729e-05
-11.0885  2.79109e-05
-11.0785  2.68048e-05
-11.0679  3.01014e-05
-11.0571  2.84547e-05
-11.0472  2.91546e-05
-11.0372  2.77344e-05
-11.0268  2.91552e-05
-11.0166  2.98135e-05
-11.0067  2.89369e-05
-10.9963  2.93895e-05
-10.9861  3.13679e-05
-10.9759  3.15628e-05
-10.9644  3.44703e-05
-10.9538  3.10496e-05
-10.9438  3.05973e-05
-10.9336  3.16635e-05
-10.9234  3.33051e-05
-10.9133  2.92046e-05
-10.9029  3.27399e-05
-10.8929  3.35576e-05
-10.8828  3.31019e-05
-10.8727  3.14897e-05
-10.8623  3.58023e-05
-10.8518  3.48504e-05
-10.8411  3.43782e-05
-10.8312  3.42916e-05
-10.8211  3.39798e-05
-10.8109  3.481e-05
-10.8009  3.48681e-05
-10.7908  3.53678e-05
-10.7806  3.59023e-05
-10.7705  3.62533e-05
-10.7603  3.61902e-05
-10.7502  3.68059e-05
-10.7398  3.77497e-05
-10.7298  3.7229e-05
-10.7196  3.67613e-05
-10.7094  3.96825e-05
-10.6994  3.70737e-05
-10.6892  3.8677e-05
-10.6791  3.81604e-05
-10.6689  4.14773e-05
-10.6587  3.69156e-05
-10.6488  4.11857e-05
-10.6386  3.91149e-05
-10.6285  4.23293e-05
-10.6182  4.05182e-05
-10.6082  4.17388e-05
-10.5981  3.9208e-05
-10.588  4.33366e-05
-10.5773  4.66923e-05
-10.5663  4.61027e-05
-10.5557  4.31977e-05
-10.5458  4.34873e-05
-10.5355  4.23019e-05
-10.5254  4.49463e-05
-10.5151  4.54246e-05
-10.5051  4.46162e-05
-10.4943  4.93631e-05
-10.4838  4.62325e-05
-10.4736  4.43255e-05
-10.4631  5.17723e-05
-10.4525  4.76933e-05
-10.4423  4.60085e-05
-10.4322  4.73606e-05
-10.4222  4.83283e-05
-10.4119  4.77518e-05
-10.4018  4.82829e-05
-10.3919  4.898e-05
-10.3816  4.96217e-05
-10.3716  5.00361e-05
-10.3614  5.05648e-05
-10.3512  4.99393e-05
-10.341  5.19573e-05
-10.331  5.0999e-05
-10.3207  5.22104e-05
-10.3108  5.29927e-05
-10.3005  5.13437e-05
-10.2904  5.38871e-05
-10.2801  5.39562e-05
-10.2702  5.44911e-05
-10.2599  5.34329e-05
-10.2499  5.61414e-05
-10.2396  5.38663e-05
-10.2296  5.71942e-05
-10.2193  5.63053e-05
-10.2094  5.45722e-05
-10.1994  5.70613e-05
-10.1891  5.96471e-05
-10.1789  5.62163e-05
-10.1688  5.99671e-05
-10.1587  5.70001e-05
-10.1486  6.04542e-05
-10.1385  5.88474e-05
-10.1283  6.08149e-05
-10.1183  5.98611e-05
-10.1083  6.17138e-05
-10.0981  6.09618e-05
-10.0878  6.13365e-05
-10.078  6.28051e-05
-10.0677  6.57641e-05
-10.0576  5.98796e-05
-10.0476  6.50104e-05
-10.0374  6.366e-05
-10.0272  6.55677e-05
-10.0174  6.64536e-05
-10.007  6.49557e-05
-9.99702  6.49447e-05
-9.98688  6.83117e-05
-9.97679  6.79374e-05
-9.96655  6.62959e-05
-9.95674  7.16463e-05
-9.94628  6.79267e-05
-9.93636  6.77973e-05
-9.9262  6.89293e-05
-9.91618  7.26433e-05
-9.90595  7.16531e-05
-9.89585  7.1823e-05
-9.8856  7.1128e-05
-9.87563  7.21636e-05
-9.8654  7.4279e-05
-9.85532  7.47611e-05
-9.84522  7.06159e-05
-9.83471  8.40953e-05
-9.82392  7.58488e-05
-9.81342  8.26474e-05
-9.80287  7.50743e-05
-9.79264  8.05782e-05
-9.78264  7.34198e-05
-9.77254  8.09765e-05
-9.76231  7.96697e-05
-9.75232  7.84734e-05
-9.74219  7.72388e-05
-9.73207  8.44168e-05
-9.72203  7.61791e-05
-9.712  8.43692e-05
-9.70178  8.3036e-05
-9.69172  8.1156e-05
-9.68169  8.35992e-05
-9.67072  9.60895e-05
-9.66011  8.32875e-05
-9.64999  8.54515e-05
-9.63996  8.73857e-05
-9.62934  9.35746e-05
-9.61866  8.48888e-05
-9.60853  9.41143e-05
-9.59845  8.43747e-05
-9.58829  8.88103e-05
-9.57823  9.36249e-05
-9.56799  8.85437e-05
-9.55803  8.82554e-05
-9.54787  9.6831e-05
-9.53772  8.76439e-05
-9.52764  9.34524e-05
-9.51756  9.7796e-05
-9.50745  9.09097e-05
-9.49737  9.21264e-05
-9.48722  0.000101176
-9.47713  9.32178e-05
-9.4671  9.25463e-05
-9.457  0.000103402
-9.44684  9.68369e-05
-9.43639  0.000104679
-9.42577  0.000104112
-9.41553  9.95905e-05
-9.40541  9.85074e-05
-9.39536  0.000105384
-9.38527  0.000101164
-9.37474  0.000107977
-9.36426  0.00010675
-9.35408  0.000106444
-9.34397  9.98242e-05
-9.33392  0.000109244
-9.32385  0.000107543
-9.31372  0.000103663
-9.30364  0.000109402
-9.29357  0.000110102
-9.28349  0.000108165
-9.27314  0.000113379
-9.26274  0.000118857
-9.25208  0.000112249
-9.24201  0.000112298
-9.23182  0.000116821
-9.22183  0.000109633
-9.21155  0.00011576
-9.2017  0.000113926
-9.19159  0.000118138
-9.18136  0.000115534
-9.17117  0.000123717
-9.16115  0.000114236
-9.15029  0.000135181
-9.13981  0.000118754
-9.12982  0.000117554
-9.11956  0.000127895
-9.10888  0.000134806
-9.09833  0.000119695
-9.08834  0.000123072
-9.07837  0.000128846
-9.06768  0.000132515
-9.05715  0.000129047
-9.04703  0.000129988
-9.03689  0.000125085
-9.02671  0.000131144
-9.01673  0.000131115
-9.00662  0.000126551
-8.99608  0.000146509
-8.9855  0.000132488
-8.97546  0.000130938
-8.96532  0.000135487
-8.95525  0.00013685
-8.94509  0.000132483
-8.93499  0.000140512
-8.92482  0.000138941
-8.9143  0.000149179
-8.90354  0.000139819
-8.89346  0.000145665
-8.88342  0.00013555
-8.87332  0.000144633
-8.86306  0.000144991
-8.85309  0.000140665
-8.84296  0.000146718
-8.83283  0.000147403
-8.82288  0.000139821
-8.81279  0.000151519
-8.80261  0.000147787
-8.79263  0.000146325
-8.78259  0.000151274
-8.77245  0.000153112
-8.7626  0.000145378
-8.75234  0.000157536
-8.74207  0.000155056
-8.73214  0.000151227
-8.72206  0.000159304
-8.71176  0.000156415
-8.70187  0.000154558
-8.6916  0.000162998
-8.68154  0.000158585
-8.67096  0.000173602
-8.6605  0.000159498
-8.65025  0.000166974
-8.64028  0.000161045
-8.63008  0.000165693
-8.61996  0.000166094
-8.60995  0.000165253
-8.59986  0.00016397
-8.58969  0.000171724
-8.57967  0.000171391
-8.56942  0.000168495
-8.55943  0.000169552
-8.54944  0.000172402
-8.53923  0.00017308
-8.52912  0.00017641
-8.51914  0.000173664
-8.50902  0.000175253
-8.49878  0.000180396
-8.48877  0.000177947
-8.47861  0.000178548
-8.46846  0.000182797
-8.45838  0.000182222
-8.44839  0.0001795
-8.43815  0.000184792
-8.42823  0.00018283
-8.41808  0.000186915
-8.40744  0.000205328
-8.39688  0.00018619
-8.38686  0.000188221
-8.37668  0.000192234
-8.3666  0.0001902
-8.35654  0.000190288
-8.34652  0.000193263
-8.33637  0.000194096
-8.32632  0.000195818
-8.31621  0.000196477
-8.30605  0.000199388
-8.2956  0.00021162
-8.2851  0.000202964
-8.27489  0.00019878
-8.2648  0.000207102
-8.25463  0.000200959
-8.24418  0.000223277
-8.23346  0.000208637
-8.22327  0.000211131
-8.21307  0.000200166
-8.20327  0.000212637
-8.19293  0.000212976
-8.18285  0.000208321
-8.17281  0.000212244
-8.16264  0.000217553
-8.15252  0.000209606
-8.14254  0.000221819
-8.13219  0.000216376
-8.12218  0.00021698
-8.11207  0.000218454
-8.10195  0.000226977
-8.09163  0.000220781
-8.08169  0.000220628
-8.07153  0.000225648
-8.06141  0.000225131
-8.05138  0.000225092
-8.0413  0.000228294
-8.03111  0.000230756
-8.02107  0.000225947
-8.01092  0.000237298
-8.00077  0.000227119
-7.99078  0.00023705
-7.98056  0.00023642
-7.97048  0.000235741
-7.96049  0.00022817
-7.95047  0.00025053
-7.94027  0.000229935
-7.93035  0.0002401
-7.92019  0.000246504
-7.9101  0.000243103
-7.90003  0.000238564
-7.88994  0.000257594
-7.87969  0.000238026
-7.86972  0.000248231
-7.85958  0.000256821
-7.84898  0.000269426
-7.83848  0.000250502
-7.82826  0.000262701
-7.81817  0.000246802
-7.80817  0.000251655
-7.79813  0.000264739
-7.78792  0.000255862
-7.77794  0.00025501
-7.7677  0.000269978
-7.75766  0.000256966
-7.74759  0.000260839
-7.73744  0.000272752
-7.72734  0.000255548
-7.71698  0.000293092
-7.70613  0.000279122
-7.69601  0.000267085
-7.68583  0.000269729
-7.67585  0.000272614
-7.6657  0.000275406
-7.6557  0.000269239
-7.64552  0.000282135
-7.63544  0.000276351
-7.62536  0.000272822
-7.61539  0.000281576
-7.60511  0.000287498
-7.59506  0.000277387
-7.58495  0.000287478
-7.57486  0.00028396
-7.56479  0.000282182
-7.55476  0.000291483
-7.54455  0.000291046
-7.53448  0.000288373
-7.5244  0.000289332
-7.51432  0.00029859
-7.50423  0.00028949
-7.49416  0.000296961
-7.48411  0.000296554
-7.47401  0.000298021
-7.46388  0.000299107
-7.45343  0.000327937
-7.44289  0.000301755
-7.43274  0.000308593
-7.42257  0.000304396
-7.4125  0.000304575
-7.40236  0.000313522
-7.39165  0.00034473
-7.38117  0.000301248
-7.37119  0.000310127
-7.3611  0.000319909
-7.35103  0.000307719
-7.34098  0.000318043
-7.33036  0.000353683
-7.31986  0.000308459
-7.3099  0.000323706
-7.2997  0.000326015
-7.28968  0.000315553
-7.27971  0.000327046
-7.2695  0.000331699
-7.25945  0.000320605
-7.24944  0.000330287
-7.23929  0.00033625
-7.22923  0.000326056
-7.21914  0.000335181
-7.20862  0.000363019
-7.19811  0.000337573
-7.18803  0.000336025
-7.178  0.000341404
-7.16783  0.000339052
-7.15783  0.000342509
-7.14717  0.00038388
-7.1364  0.000348135
-7.12625  0.00035168
-7.11624  0.000342042
-7.10621  0.000346992
-7.09612  0.000353676
-7.08609  0.000350549
-7.07608  0.000351742
-7.06599  0.000356287
-7.05591  0.000357086
-7.04574  0.000364161
-7.03558  0.000360641
-7.02502  0.000395598
-7.01455  0.000357585
-7.00442  0.000372409
-6.99428  0.000362882
-6.98427  0.000370178
-6.97417  0.000361408
-6.96415  0.000377443
-6.9541  0.000365779
-6.94405  0.000373523
-6.93392  0.000375988
-6.92386  0.00038646
-6.91371  0.00036596
-6.90325  0.000420686
-6.89262  0.000382876
-6.88245  0.000388143
-6.87232  0.000380252
-6.8624  0.00038835
-6.85218  0.000382989
-6.84166  0.000433504
-6.83105  0.000386275
-6.82094  0.00040136
-6.81076  0.000388375
-6.80079  0.00039951
-6.79054  0.000396542
-6.78047  0.000403002
-6.77045  0.000393711
-6.7603  0.0004123
-6.74966  0.000432749
-6.73924  0.000406645
-6.7291  0.000401327
-6.71906  0.000414946
-6.70896  0.000404749
-6.69883  0.000414243
-6.68819  0.000456731
-6.67764  0.000405633
-6.66759  0.000417076
-6.65744  0.00042596
-6.64695  0.000443247
-6.63646  0.000424083
-6.6264  0.000418791
-6.61635  0.000422712
-6.6062  0.000429234
-6.5961  0.000422706
-6.58614  0.000422021
-6.57598  0.000434301
-6.56594  0.000430206
-6.5559  0.000423639
-6.5458  0.000439184
-6.5357  0.000435258
-6.52566  0.000434
-6.51552  0.000442325
-6.50488  0.00048448
-6.4944  0.000433179
-6.4843  0.000447448
-6.47411  0.000452542
-6.4641  0.000432592
-6.45407  0.000452172
-6.44348  0.00049668
-6.4329  0.000438605
-6.42237  0.000503162
-6.41183  0.000453881
-6.40178  0.000443613
-6.39177  0.000462456
-6.38166  0.00046165
-6.37156  0.000449214
-6.36156  0.000471101
-6.35136  0.000465422
-6.34129  0.000453475
-6.33131  0.000469811
-6.32082  0.00051029
-6.31011  0.000474322
-6.30009  0.000464075
-6.29  0.00048432
-6.27981  0.000465617
-6.26983  0.000474175
-6.25974  0.000485951
-6.24955  0.000475425
-6.23957  0.000474741
-6.2294  0.000492589
-6.21925  0.000481734
-6.20922  0.000482141
-6.19911  0.000492985
-6.18899  0.000486069
-6.17892  0.000483218
-6.16839  0.000547617
-6.15778  0.000488061
-6.14727  0.000536594
-6.13673  0.000500871
-6.12665  0.000497872
-6.11649  0.000492632
-6.10649  0.000510741
-6.09621  0.000506708
-6.08569  0.000541803
-6.07518  0.000508668
-6.06518  0.000502707
-6.05498  0.000510782
-6.04501  0.000508976
-6.0349  0.000505973
-6.02486  0.000512757
-6.01475  0.000518041
-6.00468  0.000514043
-5.99455  0.000513188
-5.98451  0.000526137
-5.97442  0.000513136
-5.96433  0.000524304
-5.95423  0.000523964
-5.94413  0.000529317
-5.93393  0.000524851
-5.92336  0.000583934
-5.91277  0.000526208
-5.90271  0.000524797
-5.89271  0.000538475
-5.8825  0.000537967
-5.87243  0.000521324
-5.86234  0.000554824
-5.85173  0.000582629
-5.84105  0.000549047
-5.83098  0.000533202
-5.82103  0.000542265
-5.81089  0.000540858
-5.80081  0.000551374
-5.79078  0.000540118
-5.78025  0.000596838
-5.76972  0.000553138
-5.75963  0.000551674
-5.74958  0.000542925
-5.73951  0.000561987
-5.72905  0.00060108
-5.71853  0.000548264
-5.70847  0.000568746
-5.69839  0.000556297
-5.68832  0.000555223
-5.67829  0.000568082
-5.66826  0.000561141
-5.65811  0.000563345
-5.64805  0.000575939
-5.63795  0.000562271
-5.62738  0.000626504
-5.61621  0.000640461
-5.60557  0.000572692
-5.5954  0.000574758
-5.58542  0.000574919
-5.57539  0.000571598
-5.56526  0.000583185
-5.55523  0.00057482
-5.54513  0.000588175
-5.53502  0.000573293
-5.52504  0.000589817
-5.51491  0.000582493
-5.50488  0.000580239
-5.49488  0.000589563
-5.48425  0.000651253
-5.47367  0.000586491
-5.46308  0.000658353
-5.4525  0.000589968
-5.44248  0.000579823
-5.43249  0.000613731
-5.42224  0.000595453
-5.41219  0.000596219
-5.40207  0.000607943
-5.39195  0.000607265
-5.38129  0.000657824
-5.37039  0.000656692
-5.35982  0.00060595
-5.34972  0.000613311
-5.33955  0.000609691
-5.32953  0.000612889
-5.31933  0.000610028
-5.30939  0.000605279
-5.29931  0.000618986
-5.28916  0.000617294
-5.27908  0.000615724
-5.26899  0.000621983
-5.25891  0.000611253
-5.24889  0.000621963
-5.23885  0.000614805
-5.22883  0.000622017
-5.21877  0.000624038
-5.20858  0.00063429
-5.19855  0.00061277
-5.18853  0.000633309
-5.17841  0.000629167
-5.16834  0.00062671
-5.15831  0.000631279
-5.14817  0.000635058
-5.13815  0.000629319
-5.12801  0.000643284
-5.11792  0.000629736
-5.10791  0.000632962
-5.09787  0.000637475
-5.08767  0.000655339
-5.07759  0.000628043
-5.06756  0.000648287
-5.05738  0.000647059
-5.04735  0.000635695
-5.03732  0.000645706
-5.02714  0.000660851
-5.01705  0.000635274
-5.00706  0.000648193
-4.99697  0.000653249
-4.98689  0.000648259
-4.97687  0.000647942
-4.96673  0.000665212
-4.95667  0.00064107
-4.94662  0.000660563
-4.93642  0.000673287
-4.92627  0.000645405
-4.91584  0.000715378
-4.90529  0.00067264
-4.89459  0.000722759
-4.88407  0.000658332
-4.87402  0.000671156
-4.86386  0.000658663
-4.85388  0.000657862
-4.84382  0.000678451
-4.83357  0.00066683
-4.82357  0.000663431
-4.81349  0.000679548
-4.80334  0.000662758
-4.7933  0.00067084
-4.78329  0.000677686
-4.77312  0.000665102
-4.76321  0.000669496
-4.75312  0.000680104
-4.74297  0.000677235
-4.73292  0.000673801
-4.72284  0.000689204
-4.71265  0.000674538
-4.70267  0.000673851
-4.69216  0.00074856
-4.68151  0.000689032
-4.67147  0.000665488
-4.66154  0.000694888
-4.65129  0.000687821
-4.64127  0.000670318
-4.63132  0.000694864
-4.62103  0.000700234
-4.61094  0.000677537
-4.60097  0.000692794
-4.59073  0.000700939
-4.58068  0.000672803
-4.57079  0.000695739
-4.56061  0.000694845
-4.55058  0.000683474
-4.54058  0.000702139
-4.53033  0.000701716
-4.52033  0.000680715
-4.51037  0.000704038
-4.50007  0.000711101
-4.49005  0.000681973
-4.48014  0.000695326
-4.4699  0.000719591
-4.45981  0.000682346
-4.44987  0.000710769
-4.4396  0.000710078
-4.42956  0.00069046
-4.41964  0.000699253
-4.40893  0.000792556
-4.39819  0.000710167
-4.38817  0.00069647
-4.37806  0.000718073
-4.36785  0.000714643
-4.35776  0.000705799
-4.34762  0.000716767
-4.33748  0.000711698
-4.32737  0.000713397
-4.31728  0.000710292
-4.30718  0.000710266
-4.29713  0.000714116
-4.28708  0.000709587
-4.27701  0.000711286
-4.26691  0.000718602
-4.25688  0.00071008
-4.24677  0.000718218
-4.23669  0.000716261
-4.22659  0.000720362
-4.21653  0.000704866
-4.20654  0.000721311
-4.1965  0.000717974
-4.18632  0.000717545
-4.17629  0.000724547
-4.16616  0.000724923
-4.15606  0.000708305
-4.14603  0.000731044
-4.13548  0.000788853
-4.12492  0.000709564
-4.11496  0.000726692
-4.10481  0.000732154
-4.09463  0.000723473
-4.08456  0.000724652
-4.0745  0.000729325
-4.06436  0.000715933
-4.05442  0.000722606
-4.04435  0.00073603
-4.0342  0.000714962
-4.02421  0.000724932
-4.01418  0.000734033
-4.00403  0.00072202
-3.99402  0.000725446
-3.98397  0.000736373
-3.97379  0.000727022
-3.96379  0.000721943
-3.95369  0.000746115
-3.94296  0.000802147
-3.93235  0.000735204
-3.92239  0.000721282
-3.91226  0.000735227
-3.90216  0.0007315
-3.89213  0.000740234
-3.88192  0.000733347
-3.87177  0.000735699
-3.86169  0.000745945
-3.85146  0.000732862
-3.84138  0.000732101
-3.8314  0.000732149
-3.82128  0.000736362
-3.81117  0.000727083
-3.80127  0.000739887
-3.7911  0.000728587
-3.78107  0.000731067
-3.77111  0.000735874
-3.76094  0.000742613
-3.75082  0.000724329
-3.7409  0.000747277
-3.73068  0.000733447
-3.72061  0.000732334
-3.71061  0.00074293
-3.70042  0.000743308
-3.69031  0.000728627
-3.68034  0.000744152
-3.67014  0.000738148
-3.66009  0.000732218
-3.65004  0.000748951
-3.63985  0.000739302
-3.6293  0.000801271
-3.61887  0.000735041
-3.60879  0.000739618
-3.59866  0.000737832
-3.58865  0.000737617
-3.57855  0.000743205
-3.56847  0.000729542
-3.55848  0.00073753
-3.54841  0.000746415
-3.53821  0.000736582
-3.52825  0.000736649
-3.51812  0.000745704
-3.50802  0.000730946
-3.49807  0.000732742
-3.48799  0.000752839
-3.4778  0.000729402
-3.46783  0.000738393
-3.45773  0.000749533
-3.44761  0.00072801
-3.4376  0.000739202
-3.42751  0.00075055
-3.41738  0.000728145
-3.40684  0.000816414
-3.39633  0.00073747
-3.38625  0.000727964
-3.3763  0.00073681
-3.36626  0.000744616
-3.35611  0.000732031
-3.34604  0.000739936
-3.33605  0.000746464
-3.32588  0.000725897
-3.3159  0.000739711
-3.30583  0.000743183
-3.29572  0.000734354
-3.28559  0.000742729
-3.27502  0.000821168
-3.2643  0.000733075
-3.25427  0.000743693
-3.24416  0.000741075
-3.23404  0.000734486
-3.22396  0.000732558
-3.21394  0.000754193
-3.20374  0.000726902
-3.19359  0.000750733
-3.18349  0.000735668
-3.17341  0.000739516
-3.16326  0.000728685
-3.15325  0.000750989
-3.14316  0.000714146
-3.13317  0.000740587
-3.12313  0.000735166
-3.11298  0.00074036
-3.10293  0.00071672
-3.09295  0.000753188
-3.08281  0.000723079
-3.07265  0.000740997
-3.06268  0.000732199
-3.05249  0.000743815
-3.04238  0.000717488
-3.03238  0.000748567
-3.02227  0.000722107
-3.01214  0.000736194
-3.00222  0.000727064
-2.99201  0.000741822
-2.9814  0.000795415
-2.97095  0.000730783
-2.9609  0.000725622
-2.95071  0.000738768
-2.94079  0.000716462
-2.9307  0.000734441
-2.92059  0.000727161
-2.91056  0.000730169
-2.90047  0.000727569
-2.89032  0.000731421
-2.8803  0.000729189
-2.87015  0.000727
-2.86004  0.000733419
-2.84999  0.000718902
-2.83988  0.000736505
-2.82972  0.000722887
-2.81975  0.000720057
-2.80968  0.000725389
-2.79955  0.000725863
-2.78913  0.000776944
-2.77865  0.00072711
-2.76846  0.000734803
-2.75838  0.000712695
-2.74839  0.000719275
-2.73826  0.000728642
-2.7282  0.00071491
-2.71808  0.000731628
-2.7079  0.000724483
-2.69783  0.000711436
-2.68729  0.000798433
-2.67665  0.000710697
-2.66667  0.000720074
-2.65655  0.000720457
-2.64639  0.000725627
-2.63631  0.000704513
-2.62626  0.000730725
-2.61605  0.000709541
-2.6061  0.00071208
-2.59603  0.0007152
-2.58588  0.000718568
-2.57587  0.000701646
-2.5658  0.000726419
-2.55566  0.000702381
-2.54563  0.000715749
-2.53555  0.000712466
-2.52533  0.000721232
-2.51532  0.000696221
-2.50522  0.000722801
-2.49505  0.000708307
-2.48458  0.000764126
-2.47417  0.000702332
-2.464  0.000719127
-2.45395  0.000692559
-2.44397  0.000706969
-2.4334  0.000773237
-2.42283  0.000697254
-2.41284  0.000711522
-2.40261  0.00070825
-2.39261  0.000689733
-2.38254  0.000712664
-2.37197  0.000762897
-2.36138  0.000700937
-2.35142  0.000695727
-2.34127  0.000705896
-2.33112  0.000703255
-2.32107  0.00069116
-2.31102  0.000702431
-2.30085  0.000695112
-2.29093  0.000689312
-2.28077  0.000704593
-2.2706  0.000699303
-2.26056  0.00068945
-2.25041  0.000706366
-2.24026  0.000687176
-2.23025  0.000693841
-2.22012  0.000689174
-2.21005  0.000694758
-2.20005  0.000682168
-2.18987  0.000703453
-2.17974  0.000683469
-2.16973  0.000687934
-2.1596  0.000689522
-2.14947  0.000692457
-2.13948  0.000674466
-2.12933  0.000697324
-2.11926  0.000676564
-2.1092  0.000690923
-2.09907  0.000680211
-2.08897  0.000688902
-2.07892  0.000677025
-2.06878  0.000687246
-2.05868  0.000676765
-2.04868  0.000678891
-2.03856  0.000682446
-2.02841  0.000678963
-2.01844  0.000673116
-2.00827  0.000685796
-1.99815  0.000672347
-1.98814  0.00067408
-1.97803  0.000679732
-1.96788  0.000671662
-1.95793  0.000667923
-1.94782  0.000676993
-1.93771  0.000668612
-1.9277  0.000669843
-1.91763  0.000671241
-1.90748  0.00066949
-1.89752  0.000663583
-1.88744  0.000669945
-1.87733  0.000664161
-1.86736  0.000664033
-1.85726  0.000669152
-1.84712  0.000664477
-1.83712  0.000661273
-1.82706  0.000664654
-1.81688  0.000668598
-1.80685  0.000658154
-1.79675  0.00066724
-1.78657  0.000659297
-1.77659  0.000656899
-1.76655  0.000661171
-1.75631  0.00066668
-1.74634  0.000643993
-1.73628  0.000667826
-1.72612  0.000652913
-1.71613  0.000646405
-1.7061  0.000664201
-1.69593  0.000650136
-1.68593  0.000649318
-1.6759  0.000653847
-1.66571  0.000661829
-1.65563  0.000637773
-1.64566  0.000660476
-1.6355  0.000643036
-1.62546  0.000647592
-1.61543  0.000653895
-1.60527  0.000647326
-1.59523  0.000636211
-1.5852  0.000659596
-1.57502  0.000641435
-1.56497  0.000639908
-1.55495  0.000653316
-1.54473  0.000640015
-1.53473  0.000638542
-1.52469  0.000647387
-1.51454  0.000640551
-1.50445  0.000634257
-1.49443  0.000653716
-1.48422  0.000630081
-1.47425  0.000637415
-1.4642  0.000635355
-1.4541  0.000641898
-1.444  0.000628151
-1.43397  0.00064666
-1.42385  0.000621863
-1.41385  0.000637445
-1.4038  0.000631428
-1.39369  0.000633339
-1.38364  0.000627164
-1.37353  0.000644908
-1.36294  0.000680016
-1.35238  0.000635071
-1.34239  0.000618297
-1.33231  0.000637273
-1.32222  0.000621733
-1.31216  0.000627875
-1.30213  0.000624212
-1.29201  0.000627752
-1.28149  0.000682042
-1.27088  0.000632672
-1.26081  0.000612143
-1.25074  0.000632657
-1.24064  0.000621889
-1.23053  0.000618853
-1.22046  0.000625704
-1.21037  0.000620665
-1.20029  0.000613637
-1.19023  0.000623351
-1.18015  0.000621141
-1.17005  0.000612205
-1.15998  0.000622809
-1.14987  0.000617469
-1.13972  0.000619635
-1.12968  0.000610132
-1.11916  0.00067547
-1.10856  0.000611616
-1.09851  0.000616307
-1.08841  0.000609918
-1.07838  0.000613629
-1.06824  0.000613164
-1.05817  0.000612865
-1.0481  0.000604178
-1.0381  0.000608421
-1.02796  0.000616788
-1.01789  0.000605449
-1.00782  0.000604492
-0.997733  0.000613002
-0.987687  0.000602375
-0.977652  0.000599603
-0.967556  0.000617825
-0.957436  0.00060195
-0.947336  0.000604348
-0.937191  0.000613676
-0.927093  0.000605408
-0.916921  0.000599003
-0.906853  0.000615168
-0.896694  0.000599301
-0.886581  0.000603137
-0.876435  0.000608711
-0.866341  0.000602925
-0.856149  0.000598953
-0.846107  0.000603254
-0.836007  0.000601011
-0.825839  0.000599113
-0.815764  0.000600375
-0.805721  0.000595549
-0.795592  0.000599942
-0.785458  0.000600372
-0.77544  0.000590189
-0.765357  0.000596536
-0.755244  0.000601937
-0.745085  0.000595788
-0.735051  0.000591609
-0.724915  0.000598051
-0.714869  0.000589381
-0.704775  0.000598262
-0.694667  0.000589814
-0.684613  0.000592707
-0.674532  0.000594362
-0.664406  0.000589954
-0.654361  0.000589003
-0.644289  0.000596593
-0.634179  0.00058253
-0.624153  0.000592046
-0.614097  0.000589137
-0.603989  0.000586588
-0.593909  0.000592576
-0.583878  0.000584563
-0.573749  0.000591336
-0.563658  0.000586056
-0.553629  0.000588777
-0.543517  0.00058177
-0.533465  0.000591693
-0.523411  0.000579573
-0.513386  0.000585725
-0.503261  0.000587766
-0.493229  0.000584417
-0.483143  0.000581573
-0.473052  0.000588918
-0.463004  0.000579916
-0.452921  0.000589075
-0.442784  0.000581827
-0.432736  0.000584968
-0.422635  0.000585018
-0.412535  0.000579561
-0.402479  0.000588415
-0.392336  0.000582618
-0.38227  0.000579689
-0.372155  0.000586921
-0.362126  0.000578589
-0.351992  0.000580017
-0.341946  0.000588151
-0.331819  0.000577814
-0.321768  0.000577915
-0.311659  0.00058721
-0.301625  0.000576141
-0.291559  0.000572293
-0.281591  0.000582327
-0.271484  0.000581717
-0.261413  0.000571818
-0.251352  0.000588642
-0.24127  0.000574444
-0.231168  0.000580182
-0.221068  0.000582515
-0.211011  0.000578849
-0.20086  0.000578941
-0.190796  0.000582964
-0.180681  0.000577058
-0.170602  0.000579444
-0.160482  0.000581172
-0.150387  0.000580134
-0.140339  0.000571292
-0.130266  0.00058406
-0.120124  0.000580429
-0.110048  0.000575137
-0.100004  0.000573877
-0.0899931  0.000578563
-0.0799204  0.000574879
-0.0698423  0.000578676
-0.0598043  0.000574088
-0.049731  0.000580184
-0.0396664  0.000571663
-0.0296059  0.000583548
-0.0195255  0.000572956
-0.00946513  0.000576499
-0.00219485  0.000255143
0.00219485  0.000255143
0.00946513  0.000576499
0.0195255  0.000572956
0.0296059  0.000583548
0.0396664  0.000571663
0.049731  0.000580184
0.0598043  0.000574088
0.0698423  0.000578676
0.0799204  0.000574879
0.0899931  0.000578563
0.100004  0.000573877
0.110048  0.000575137
0.120124  0.000580429
0.130266  0.00058406
0.140339  0.000571292
0.150387  0.000580134
0.160482  0.000581172
0.170602  0.000579444
0.180681  0.000577058
0.190796  0.000582964
0.20086  0.000578941
0.211011  0.000578849
0.221068  0.000582515
0.231168  0.000580182
0.24127  0.000574444
0.251352  0.000588642
0.261413  0.000571818
0.271484  0.000581717
0.281591  0.000582327
0.291559  0.000572293
0.301625  0.000576141
0.311659  0.00058721
0.321768  0.000577915
0.331819  0.000577814
0.341946  0.000588151
0.351992  0.000580017
0.362126  0.000578589
0.372155  0.000586921
0.38227  0.000579689
0.392336  0.000582618
0.402479  0.000588415
0.412535  0.000579561
0.422635  0.000585018
0.432736  0.000584968
0.442784  0.000581827
0.452921  0.000589075
0.463004  0.000579916
0.473052  0.000588918
0.483143  0.000581573
0.493229  0.000584417
0.503261  0.000587766
0.513386  0.000585725
0.523411  0.000579573
0.533465  0.000591693
0.543517  0.00058177
0.553629  0.000588777
0.563658  0.000586056
0.573749  0.000591336
0.583878  0.000584563
0.593909  0.000592576
0.603989  0.000586588
0.614097  0.000589137
0.624153  0.000592046
0.634179  0.00058253
0.644289  0.000596593
0.654361  0.000589003
0.664406  0.000589954
0.674532  0.000594362
0.684613  0.000592707
0.694667  0.000589814
0.704775  0.000598262
0.714869  0.000589381
0.724915  0.000598051
0.735051  0.000591609
0.745085  0.000595788
0.755244  0.000601937
0.765357  0.000596536
0.77544  0.000590189
0.785458  0.000600372
0.795592  0.000599942
0.805721  0.000595549
0.815764  0.000600375
0.825839  0.000599113
0.836007  0.000601011
0.846107  0.000603254
0.856149  0.000598953
0.866341  0.000602925
0.876435  0.000608711
0.886581  0.000603137
0.896694  0.000599301
0.906853  0.000615168
0.916921  0.000599003
0.927093  0.000605408
0.937191  0.000613676
0.947336  0.000604348
0.957436  0.00060195
0.967556  0.000617825
0.977652  0.000599603
0.987687  0.000602375
0.997733  0.000613002
1.00782  0.000604492
1.01789  0.000605449
1.02796  0.000616788
1.0381  0.000608421
1.0481  0.000604178
1.05817  0.000612865
1.06824  0.000613164
1.07838  0.000613629
1.08841  0.000609918
1.09851  0.000616307
1.10856  0.000611616
1.11916  0.00067547
1.12968  0.000610132
1.13972  0.000619635
1.14987  0.000617469
1.15998  0.000622809
1.17005  0.000612205
1.18015  0.000621141
1.19023  0.000623351
1.20029  0.000613637
1.21037  0.000620665
1.22046  0.000625704
1.23053  0.000618853
1.24064  0.000621889
1.25074  0.000632657
1.26081  0.000612143
1.27088  0.000632672
1.28149  0.000682042
1.29201  0.000627752
1.30213  0.000624212
1.31216  0.000627875
1.32222  0.000621733
1.33231  0.000637273
1.34239  0.000618297
1.35238  0.000635071
1.36294  0.000680016
1.37353  0.000644908
1.38364  0.000627164
1.39369  0.000633339
1.4038  0.000631428
1.41385  0.000637445
1.42385  0.000621863
1.43397  0.00064666
1.444  0.000628151
1.4541  0.000641898
1.4642  0.000635355
1.47425  0.000637415
1.48422  0.000630081
1.49443  0.000653716
1.50445  0.000634257
1.51454  0.000640551
1.52469  0.000647387
1.53473  0.000638542
1.54473  0.000640015
1.55495  0.000653316
1.56497  0.000639908
1.57502  0.000641435
1.5852  0.000659596
1.59523  0.000636211
1.60527  0.000647326
1.61543  0.000653895
1.62546  0.000647592
1.6355  0.000643036
1.64566  0.000660476
1.65563  0.000637773
1.66571  0.000661829
1.6759  0.000653847
1.68593  0.000649318
1.69593  0.000650136
1.7061  0.000664201
1.71613  0.000646405
1.72612  0.000652913
1.73628  0.000667826
1.74634  0.000643993
1.75631  0.00066668
1.76655  0.000661171
1.77659  0.000656899
1.78657  0.000659297
1.79675  0.00066724
1.80685  0.000658154
1.81688  0.000668598
1.82706  0.000664654
1.83712  0.000661273
1.84712  0.000664477
1.85726  0.000669152
1.86736  0.000664033
1.87733  0.000664161
1.88744  0.000669945
1.89752  0.000663583
1.90748  0.00066949
1.91763  0.000671241
1.9277  0.000669843
1.93771  0.000668612
1.94782  0.000676993
1.95793  0.000667923
1.96788  0.000671662
1.97803  0.000679732
1.98814  0.00067408
1.99815  0.000672347
2.00827  0.000685796
2.01844  0.000673116
2.02841  0.000678963
2.03856  0.000682446
2.04868  0.000678891
2.05868  0.000676765
2.06878  0.000687246
2.07892  0.000677025
2.08897  0.000688902
2.09907  0.000680211
2.1092  0.000690923
2.11926  0.000676564
2.12933  0.000697324
2.13948  0.000674466
2.14947  0.000692457
2.1596  0.000689522
2.16973  0.000687934
2.17974  0.000683469
2.18987  0.000703453
2.20005  0.000682168
2.21005  0.000694758
2.22012  0.000689174
2.23025  0.000693841
2.24026  0.000687176
2.25041  0.000706366
2.26056  0.00068945
2.2706  0.000699303
2.28077  0.000704593
2.29093  0.000689312
2.30085  0.000695112
2.31102  0.000702431
2.32107  0.00069116
2.33112  0.000703255
2.34127  0.000705896
2.35142  0.000695727
2.36138  0.000700937
2.37197  0.000762897
2.38254  0.000712664
2.39261  0.000689733
2.40261  0.00070825
2.41284  0.000711522
2.42283  0.000697254
2.4334  0.000773237
2.44397  0.000706969
2.45395  0.000692559
2.464  0.000719127
2.47417  0.000702332
2.48458  0.000764126
2.49505  0.000708307
2.50522  0.000722801
2.51532  0.000696221
2.52533  0.000721232
2.53555  0.000712466
2.54563  0.000715749
2.55566  0.000702381
2.5658  0.000726419
2.57587  0.000701646
2.58588  0.000718568
2.59603  0.0007152
2.6061  0.00071208
2.61605  0.000709541
2.62626  0.000730725
2.63631  0.000704513
2.64639  0.000725627
2.65655  0.000720457
2.66667  0.000720074
2.67665  0.000710697
2.68729  0.000798433
2.69783  0.000711436
2.7079  0.000724483
2.71808  0.000731628
2.7282  0.00071491
2.73826  0.000728642
2.74839  0.000719275
2.75838  0.000712695
2.76846  0.000734803
2.77865  0.00072711
2.78913  0.000776944
2.79955  0.000725863
2.80968  0.000725389
2.81975  0.000720057
2.82972  0.000722887
2.83988  0.000736505
2.84999  0.000718902
2.86004  0.000733419
2.87015  0.000727
2.8803  0.000729189
2.89032  0.000731421
2.90047  0.000727569
2.91056  0.000730169
2.92059  0.000727161
2.9307  0.000734441
2.94079  0.000716462
2.95071  0.000738768
2.9609  0.000725622
2.97095  0.000730783
2.9814  0.000795415
2.99201  0.000741822
3.00222  0.000727064
3.01214  0.000736194
3.02227  0.000722107
3.03238  0.000748567
3.04238  0.000717488
3.05249  0.000743815
3.06268  0.000732199
3.07265  0.000740997
3.08281  0.000723079
3.09295  0.000753188
3.10293  0.00071672
3.11298  0.00074036
3.12313  0.000735166
3.13317  0.000740587
3.14316  0.000714146
3.15325  0.000750989
3.16326  0.000728685
3.17341  0.000739516
3.18349  0.000735668
3.19359  0.000750733
3.20374  0.000726902
3.21394  0.000754193
3.22396  0.000732558
3.23404  0.000734486
3.24416  0.000741075
3.25427  0.000743693
3.2643  0.000733075
3.27502  0.000821168
3.28559  0.000742729
3.29572  0.000734354
3.30583  0.000743183
3.3159  0.000739711
3.32588  0.000725897
3.33605  0.000746464
3.34604  0.000739936
3.35611  0.000732031
3.36626  0.000744616
3.3763  0.00073681
3.38625  0.000727964
3.39633  0.00073747
3.40684  0.000816414
3.41738  0.000728145
3.42751  0.00075055
3.4376  0.000739202
3.44761  0.00072801
3.45773  0.000749533
3.46783  0.000738393
3.4778  0.000729402
3.48799  0.000752839
3.49807  0.000732742
3.50802  0.000730946
3.51812  0.000745704
3.52825  0.000736649
3.53821  0.000736582
3.54841  0.000746415
3.55848  0.00073753
3.56847  0.000729542
3.57855  0.000743205
3.58865  0.000737617
3.59866  0.000737832
3.60879  0.000739618
3.61887  0.000735041
3.6293  0.000801271
3.63985  0.000739302
3.65004  0.000748951
3.66009  0.000732218
3.67014  0.000738148
3.68034  0.000744152
3.69031  0.000728627
3.70042  0.000743308
3.71061  0.00074293
3.72061  0.000732334
3.73068  0.000733447
3.7409  0.000747277
3.75082  0.000724329
3.76094  0.000742613
3.77111  0.000735874
3.78107  0.000731067
3.7911  0.000728587
3.80127  0.000739887
3.81117  0.000727083
3.82128  0.000736362
3.8314  0.000732149
3.84138  0.000732101
3.85146  0.000732862
3.86169  0.000745945
3.87177  0.000735699
3.88192  0.000733347
3.89213  0.000740234
3.90216  0.0007315
3.91226  0.000735227
3.92239  0.000721282
3.93235  0.000735204
3.94296  0.000802147
3.95369  0.000746115
3.96379  0.000721943
3.97379  0.000727022
3.98397  0.000736373
3.99402  0.000725446
4.00403  0.00072202
4.01418  0.000734033
4.02421  0.000724932
4.0342  0.000714962
4.04435  0.00073603
4.05442  0.000722606
4.06436  0.000715933
4.0745  0.000729325
4.08456  0.000724652
4.09463  0.000723473
4.10481  0.000732154
4.11496  0.000726692
4.12492  0.000709564
4.13548  0.000788853
4.14603  0.000731044
4.15606  0.000708305
4.16616  0.000724923
4.17629  0.000724547
4.18632  0.000717545
4.1965  0.000717974
4.20654  0.000721311
4.21653  0.000704866
4.22659  0.000720362
4.23669  0.000716261
4.24677  0.000718218
4.25688  0.00071008
4.26691  0.000718602
4.27701  0.000711286
4.28708  0.000709587
4.29713  0.000714116
4.30718  0.000710266
4.31728  0.000710292
4.32737  0.000713397
4.33748  0.000711698
4.34762  0.000716767
4.35776  0.000705799
4.36785  0.000714643
4.37806  0.000718073
4.38817  0.00069647
4.39819  0.000710167
4.40893  0.000792556
4.41964  0.000699253
4.42956  0.00069046
4.4396  0.000710078
4.44987  0.000710769
4.45981  0.000682346
4.4699  0.000719591
4.48014  0.000695326
4.49005  0.000681973
4.50007  0.000711101
4.51037  0.000704038
4.52033  0.000680715
4.53033  0.000701716
4.54058  0.000702139
4.55058  0.000683474
4.56061  0.000694845
4.57079  0.000695739
4.58068  0.000672803
4.59073  0.000700939
4.60097  0.000692794
4.61094  0.000677537
4.62103  0.000700234
4.63132  0.000694864
4.64127  0.000670318
4.65129  0.000687821
4.66154  0.000694888
4.67147  0.000665488
4.68151  0.000689032
4.69216  0.00074856
4.70267  0.000673851
4.71265  0.000674538
4.72284  0.000689204
4.73292  0.000673801
4.74297  0.000677235
4.75312  0.000680104
4.76321  0.000669496
4.77312  0.000665102
4.78329  0.000677686
4.7933  0.00067084
4.80334  0.000662758
4.81349  0.000679548
4.82357  0.000663431
4.83357  0.00066683
4.84382  0.000678451
4.85388  0.000657862
4.86386  0.000658663
4.87402  0.000671156
4.88407  0.000658332
4.89459  0.000722759
4.90529  0.00067264
4.91584  0.000715378
4.92627  0.000645405
4.93642  0.000673287
4.94662  0.000660563
4.95667  0.00064107
4.96673  0.000665212
4.97687  0.000647942
4.98689  0.000648259
4.99697  0.000653249
5.00706  0.000648193
5.01705  0.000635274
5.02714  0.000660851
5.03732  0.000645706
5.04735  0.000635695
5.05738  0.000647059
5.06756  0.000648287
5.07759  0.000628043
5.08767  0.000655339
5.09787  0.000637475
5.10791  0.000632962
5.11792  0.000629736
5.12801  0.000643284
5.13815  0.000629319
5.14817  0.000635058
5.15831  0.000631279
5.16834  0.00062671
5.17841  0.000629167
5.18853  0.000633309
5.19855  0.00061277
5.20858  0.00063429
5.21877  0.000624038
5.22883  0.000622017
5.23885  0.000614805
5.24889  0.000621963
5.25891  0.000611253
5.26899  0.000621983
5.27908  0.000615724
5.28916  0.000617294
5.29931  0.000618986
5.30939  0.000605279
5.31933  0.000610028
5.32953  0.000612889
5.33955  0.000609691
5.34972  0.000613311
5.35982  0.00060595
5.37039  0.000656692
5.38129  0.000657824
5.39195  0.000607265
5.40207  0.000607943
5.41219  0.000596219
5.42224  0.000595453
5.43249  0.000613731
5.44248  0.000579823
5.4525  0.000589968
5.46308  0.000658353
5.47367  0.000586491
5.48425  0.000651253
5.49488  0.000589563
5.50488  0.000580239
5.51491  0.000582493
5.52504  0.000589817
5.53502  0.000573293
5.54513  0.000588175
5.55523  0.00057482
5.56526  0.000583185
5.57539  0.000571598
5.58542  0.000574919
5.5954  0.000574758
5.60557  0.000572692
5.61621  0.000640461
5.62738  0.000626504
5.63795  0.000562271
5.64805  0.000575939
5.65811  0.000563345
5.66826  0.000561141
5.67829  0.000568082
5.68832  0.000555223
5.69839  0.000556297
5.70847  0.000568746
5.71853  0.000548264
5.72905  0.00060108
5.73951  0.000561987
5.74958  0.000542925
5.75963  0.000551674
5.76972  0.000553138
5.78025  0.000596838
5.79078  0.000540118
5.80081  0.000551374
5.81089  0.000540858
5.82103  0.000542265
5.83098  0.000533202
5.84105  0.000549047
5.85173  0.000582629
5.86234  0.000554824
5.87243  0.000521324
5.8825  0.000537967
5.89271  0.000538475
5.90271  0.000524797
5.91277  0.000526208
5.92336  0.000583934
5.93393  0.000524851
5.94413  0.000529317
5.95423  0.000523964
5.96433  0.000524304
5.97442  0.000513136
5.98451  0.000526137
5.99455  0.000513188
6.00468  0.000514043
6.01475  0.000518041
6.02486  0.000512757
6.0349  0.000505973
6.04501  0.000508976
6.05498  0.000510782
6.06518  0.000502707
6.07518  0.000508668
6.08569  0.000541803
6.09621  0.000506708
6.10649  0.000510741
6.11649  0.000492632
6.12665  0.000497872
6.13673  0.000500871
6.14727  0.000536594
6.15778  0.000488061
6.16839  0.000547617
6.17892  0.000483218
6.18899  0.000486069
6.19911  0.000492985
6.20922  0.000482141
6.21925  0.000481734
6.2294  0.000492589
6.23957  0.000474741
6.24955  0.000475425
6.25974  0.000485951
6.26983  0.000474175
6.27981  0.000465617
6.29  0.00048432
6.30009  0.000464075
6.31011  0.000474322
6.32082  0.00051029
6.33131  0.000469811
6.34129  0.000453475
6.35136  0.000465422
6.36156  0.000471101
6.37156  0.000449214
6.38166  0.00046165
6.39177  0.000462456
6.40178  0.000443613
6.41183  0.000453881
6.42237  0.000503162
6.4329  0.000438605
6.44348  0.00049668
6.45407  0.000452172
6.4641  0.000432592
6.47411  0.000452542
6.4843  0.000447448
6.4944  0.000433179
6.50488  0.00048448
6.51552  0.000442325
6.52566  0.000434
6.5357  0.000435258
6.5458  0.000439184
6.5559  0.000423639
6.56594  0.000430206
6.57598  0.000434301
6.58614  0.000422021
6.5961  0.000422706
6.6062  0.000429234
6.61635  0.000422712
6.6264  0.000418791
6.63646  0.000424083
6.64695  0.000443247
6.65744  0.00042596
6.66759  0.000417076
6.67764  0.000405633
6.68819  0.000456731
6.69883  0.000414243
6.70896  0.000404749
6.71906  0.000414946
6.7291  0.000401327
6.73924  0.000406645
6.74966  0.000432749
6.7603  0.0004123
6.77045  0.000393711
6.78047  0.000403002
6.79054  0.000396542
6.80079  0.00039951
6.81076  0.000388375
6.82094  0.00040136
6.83105  0.000386275
6.84166  0.000433504
6.85218  0.000382989
6.8624  0.00038835
6.87232  0.000380252
6.88245  0.000388143
6.89262  0.000382876
6.90325  0.000420686
6.91371  0.00036596
6.92386  0.00038646
6.93392  0.000375988
6.94405  0.000373523
6.9541  0.000365779
6.96415  0.000377443
6.97417  0.000361408
6.98427  0.000370178
6.99428  0.000362882
7.00442  0.000372409
7.01455  0.000357585
7.02502  0.000395598
7.03558  0.000360641
7.04574  0.000364161
7.05591  0.000357086
7.06599  0.000356287
7.07608  0.000351742
7.08609  0.000350549
7.09612  0.000353676
7.10621  0.000346992
7.11624  0.000342042
7.12625  0.00035168
7.1364  0.000348135
7.14717  0.00038388
7.15783  0.000342509
7.16783  0.000339052
7.178  0.000341404
7.18803  0.000336025
7.19811  0.000337573
7.20862  0.000363019
7.21914  0.000335181
7.22923  0.000326056
7.23929  0.00033625
7.24944  0.000330287
7.25945  0.000320605
7.2695  0.000331699
7.27971  0.000327046
7.28968  0.000315553
7.2997  0.000326015
7.3099  0.000323706
7.31986  0.000308459
7.33036  0.000353683
7.34098  0.000318043
7.35103  0.000307719
7.3611  0.000319909
7.37119  0.000310127
7.38117  0.000301248
7.39165  0.00034473
7.40236  0.000313522
7.4125  0.000304575
7.42257  0.000304396
7.43274  0.000308593
7.44289  0.000301755
7.45343  0.000327937
7.46388  0.000299107
7.47401  0.000298021
7.48411  0.000296554
7.49416  0.000296961
7.50423  0.00028949
7.51432  0.00029859
7.5244  0.000289332
7.53448  0.000288373
7.54455  0.000291046
7.55476  0.000291483
7.56479  0.000282182
7.57486  0.00028396
7.58495  0.000287478
7.59506  0.000277387
7.60511  0.000287498
7.61539  0.000281576
7.62536  0.000272822
7.63544  0.000276351
7.64552  0.000282135
7.6557  0.000269239
7.6657  0.000275406
7.67585  0.000272614
7.68583  0.000269729
7.69601  0.000267085
7.70613  0.000279122
7.71698  0.000293092
7.72734  0.000255548
7.73744  0.000272752
7.74759  0.000260839
7.75766  0.000256966
7.7677  0.000269978
7.77794  0.00025501
7.78792  0.000255862
7.79813  0.000264739
7.80817  0.000251655
7.81817  0.000246802
7.82826  0.000262701
7.83848  0.000250502
7.84898  0.000269426
7.85958  0.000256821
7.86972  0.000248231
7.87969  0.000238026
7.88994  0.000257594
7.90003  0.000238564
7.9101  0.000243103
7.92019  0.000246504
7.93035  0.0002401
7.94027  0.000229935
7.95047  0.00025053
7.96049  0.00022817
7.97048  0.000235741
7.98056  0.00023642
7.99078  0.00023705
8.00077  0.000227119
8.01092  0.000237298
8.02107  0.000225947
8.03111  0.000230756
8.0413  0.000228294
8.05138  0.000225092
8.06141  0.000225131
8.07153  0.000225648
8.08169  0.000220628
8.09163  0.000220781
8.10195  0.000226977
8.11207  0.000218454
8.12218  0.00021698
8.13219  0.000216376
8.14254  0.000221819
8.15252  0.000209606
8.16264  0.000217553
8.17281  0.000212244
8.18285  0.000208321
8.19293  0.000212976
8.20327  0.000212637
8.21307  0.000200166
8.22327  0.000211131
8.23346  0.000208637
8.24418  0.000223277
8.25463  0.000200959
8.2648  0.000207102
8.27489  0.00019878
8.2851  0.000202964
8.2956  0.00021162
8.30605  0.000199388
8.31621  0.000196477
8.32632  0.000195818
8.33637  0.000194096
8.34652  0.000193263
8.35654  0.000190288
8.3666  0.0001902
8.37668  0.000192234
8.38686  0.000188221
8.39688  0.00018619
8.40744  0.000205328
8.41808  0.000186915
8.42823  0.00018283
8.43815  0.000184792
8.44839  0.0001795
8.45838  0.000182222
8.46846  0.000182797
8.47861  0.000178548
8.48877  0.000177947
8.49878  0.000180396
8.50902  0.000175253
8.51914  0.000173664
8.52912  0.00017641
8.53923  0.00017308
8.54944  0.000172402
8.55943  0.000169552
8.56942  0.000168495
8.57967  0.000171391
8.58969  0.000171724
8.59986  0.00016397
8.60995  0.000165253
8.61996  0.000166094
8.63008  0.000165693
8.64028  0.000161045
8.65025  0.000166974
8.6605  0.000159498
8.67096  0.000173602
8.68154  0.000158585
8.6916  0.000162998
8.70187  0.000154558
8.71176  0.000156415
8.72206  0.000159304
8.73214  0.000151227
8.74207  0.000155056
8.75234  0.000157536
8.7626  0.000145378
8.77245  0.000153112
8.78259  0.000151274
8.79263  0.000146325
8.80261  0.000147787
8.81279  0.000151519
8.82288  0.000139821
8.83283  0.000147403
8.84296  0.000146718
8.85309  0.000140665
8.86306  0.000144991
8.87332  0.000144633
8.88342  0.00013555
8.89346  0.000145665
8.90354  0.000139819
8.9143  0.000149179
8.92482  0.000138941
8.93499  0.000140512
8.94509  0.000132483
8.95525  0.00013685
8.96532  0.000135487
8.97546  0.000130938
8.9855  0.000132488
8.99608  0.000146509
9.00662  0.000126551
9.01673  0.000131115
9.02671  0.000131144
9.03689  0.000125085
9.04703  0.000129988
9.05715  0.000129047
9.06768  0.000132515
9.07837  0.000128846
9.08834  0.000123072
9.09833  0.000119695
9.10888  0.000134806
9.11956  0.000127895
9.12982  0.000117554
9.13981  0.000118754
9.15029  0.000135181
9.16115  0.000114236
9.17117  0.000123717
9.18136  0.000115534
9.19159  0.000118138
9.2017  0.000113926
9.21155  0.00011576
9.22183  0.000109633
9.23182  0.000116821
9.24201  0.000112298
9.25208  0.000112249
9.26274  0.000118857
9.27314  0.000113379
9.28349  0.000108165
9.29357  0.000110102
9.30364  0.000109402
9.31372  0.000103663
9.32385  0.000107543
9.33392  0.000109244
9.34397  9.98242e-05
9.35408  0.000106444
9.36426  0.00010675
9.37474  0.000107977
9.38527  0.000101164
9.39536  0.000105384
9.40541  9.85074e-05
9.41553  9.95905e-05
9.42577  0.000104112
9.43639  0.000104679
9.44684  9.68369e-05
9.457  0.000103402
9.4671  9.25463e-05
9.47713  9.32178e-05
9.48722  0.000101176
9.49737  9.21264e-05
9.50745  9.09097e-05
9.51756  9.7796e-05
9.52764  9.34524e-05
9.53772  8.76439e-05
9.54787  9.6831e-05
9.55803  8.82554e-05
9.56799  8.85437e-05
9.57823  9.36249e-05
9.58829  8.88103e-05
9.59845  8.43747e-05
9.60853  9.41143e-05
9.61866  8.48888e-05
9.62934  9.35746e-05
9.63996  8.73857e-05
9.64999  8.54515e-05
9.66011  8.32875e-05
9.67072  9.60895e-05
9.68169  8.35992e-05
9.69172  8.1156e-05
9.70178  8.3036e-05
9.712  8.43692e-05
9.72203  7.61791e-05
9.73207  8.44168e-05
9.74219  7.72388e-05
9.75232  7.84734e-05
9.76231  7.96697e-05
9.77254  8.09765e-05
9.78264  7.34198e-05
9.79264  8.05782e-05
9.80287  7.50743e-05
9.81342  8.26474e-05
9.82392  7.58488e-05
9.83471  8.40953e-05
9.84522  7.06159e-05
9.85532  7.47611e-05
9.8654  7.4279e-05
9.87563  7.21636e-05
9.8856  7.1128e-05
9.89585  7.1823e-05
9.90595  7.16531e-05
9.91618  7.26433e-05
9.9262  6.89293e-05
9.93636  6.77973e-05
9.94628  6.79267e-05
9.95674  7.16463e-05
9.96655  6.62959e-05
9.97679  6.79374e-05
9.98688  6.83117e-05
9.99702  6.49447e-05
10.007  6.49557e-05
10.0174  6.64536e-05
10.0272  6.55677e-05
10.0374  6.366e-05
10.0476  6.50104e-05
10.0576  5.98796e-05
10.0677  6.57641e-05
10.078  6.28051e-05
10.0878  6.13365e-05
10.0981  6.09618e-05
10.1083  6.17138e-05
10.1183  5.98611e-05
10.1283  6.08149e-05
10.1385  5.88474e-05
10.1486  6.04542e-05
10.1587  5.70001e-05
10.1688  5.99671e-05
10.1789  5.62163e-05
10.1891  5.96471e-05
10.1994  5.70613e-05
10.2094  5.45722e-05
10.2193  5.63053e-05
10.2296  5.71942e-05
10.2396  5.38663e-05
10.2499  5.61414e-05
10.2599  5.34329e-05
10.2702  5.44911e-05
10.2801  5.39562e-05
10.2904  5.38871e-05
10.3005  5.13437e-05
10.3108  5.29927e-05
10.3207  5.22104e-05
10.331  5.0999e-05
10.341  5.19573e-05
10.3512  4.99393e-05
10.3614  5.05648e-05
10.3716  5.00361e-05
10.3816  4.96217e-05
10.3919  4.898e-05
10.4018  4.82829e-05
10.4119  4.77518e-05
10.4222  4.83283e-05
10.4322  4.73606e-05
10.4423  4.60085e-05
10.4525  4.76933e-05
10.4631  5.17723e-05
10.4736  4.43255e-05
10.4838  4.62325e-05
10.4943  4.93631e-05
10.5051  4.46162e-05
10.5151  4.54246e-05
10.5254  4.49463e-05
10.5355  4.23019e-05
10.5458  4.34873e-05
10.5557  4.31977e-05
10.5663  4.61027e-05
10.5773  4.66923e-05
10.588  4.33366e-05
10.5981  3.9208e-05
10.6082  4.17388e-05
10.6182  4.05182e-05
10.6285  4.23293e-05
10.6386  3.91149e-05
10.6488  4.11857e-05
10.6587  3.69156e-05
10.6689  4.14773e-05
10.6791  3.81604e-05
10.6892  3.8677e-05
10.6994  3.70737e-05
10.7094  3.96825e-05
10.7196  3.67613e-05
10.7298  3.7229e-05
10.7398  3.77497e-05
10.7502  3.68059e-05
10.7603  3.61902e-05
10.7705  3.62533e-05
10.7806  3.59023e-05
10.7908  3.53678e-05
10.8009  3.48681e-05
10.8109  3.481e-05
10.8211  3.39798e-05
10.8312  3.42916e-05
10.8411  3.43782e-05
10.8518  3.48504e-05
10.8623  3.58023e-05
10.8727  3.14897e-05
10.8828  3.31019e-05
10.8929  3.35576e-05
10.9029  3.27399e-05
10.9133  2.92046e-05
10.9234  3.33051e-05
10.9336  3.16635e-05
10.9438  3.05973e-05
10.9538  3.10496e-05
10.9644  3.44703e-05
10.9759  3.15628e-05
10.9861  3.13679e-05
10.9963  2.93895e-05
11.0067  2.89369e-05
11.0166  2.98135e-05
11.0268  2.91552e-05
11.0372  2.77344e-05
11.0472  2.91546e-05
11.0571  2.84547e-05
11.0679  3.01014e-05
11.0785  2.68048e-05
11.0885  2.79109e-05
11.0987  2.729e-05
11.1088  2.69422e-05
11.1187  2.62419e-05
11.1291  2.66554e-05
11.1395  2.67403e-05
11.1494  2.66392e-05
11.1598  2.56736e-05
11.1699  2.49391e-05
11.1798  2.58702e-05
11.1901  2.5017e-05
11.2004  2.43501e-05
11.2104  2.44848e-05
11.2204  2.48285e-05
11.2307  2.33734e-05
11.2408  2.50315e-05
11.2513  2.46489e-05
11.2613  2.19419e-05
11.2713  2.45936e-05
11.2815  2.2163e-05
11.2918  2.2346e-05
11.3018  2.48018e-05
11.3122  2.21706e-05
11.3223  2.1617e-05
11.3325  2.25603e-05
11.3426  2.17711e-05
11.3531  2.15055e-05
11.3628  2.22883e-05
11.3734  2.1024e-05
11.3834  2.019e-05
11.3934  2.18481e-05
11.4041  2.25399e-05
11.4153  2.04748e-05
11.425  2.0967e-05
11.4354  1.93344e-05
11.4455  2.09685e-05
11.4555  1.89871e-05
11.4656  1.94136e-05
11.4764  2.01086e-05
11.4861  1.88257e-05
11.4965  1.9201e-05
11.5069  1.93243e-05
11.5169  1.82868e-05
11.5272  1.85764e-05
11.5374  1.83532e-05
11.5475  1.80457e-05
11.5577  1.80575e-05
11.5679  1.78317e-05
11.5782  1.76416e-05
11.5887  1.78027e-05
11.5991  1.87053e-05
11.6099  1.83106e-05
11.6203  1.6081e-05
11.6308  1.78937e-05
11.641  1.55544e-05
11.6516  1.92311e-05
11.6623  1.57531e-05
11.6725  1.57537e-05
11.6826  1.65532e-05
11.6927  1.57892e-05
11.7031  1.55463e-05
11.7133  1.54584e-05
11.7233  1.5713e-05
11.7338  1.55323e-05
11.7442  1.4798e-05
11.7549  1.6983e-05
11.7656  1.41272e-05
11.7757  1.55971e-05
11.786  1.36586e-05
11.7965  1.43143e-05
11.8064  1.49265e-05
11.8166  1.41872e-05
11.8269  1.31823e-05
11.8374  1.54105e-05
11.848  1.31972e-05
11.8581  1.37669e-05
11.8683  1.28956e-05
11.879  1.38242e-05
11.8898  1.37406e-05
11.9  1.35664e-05
11.9104  1.29998e-05
11.9207  1.19314e-05
11.9306  1.26816e-05
11.941  1.22733e-05
11.9509  1.25699e-05
11.9613  1.2464e-05
11.9716  1.22665e-05
11.9818  1.15693e-05
11.9922  1.32291e-05
12.0034  1.14548e-05
12.0136  1.23512e-05
12.0239  1.04896e-05
12.0336  1.1725e-05
12.0447  1.16722e-05
12.0544  1.03556e-05
12.0646  1.11809e-05
12.0746  1.08445e-05
12.085  1.0807e-05
12.095  1.12356e-05
12.1055  1.00278e-05
12.1152  1.02869e-05
12.1255  1.01838e-05
12.1358  1.03593e-05
12.1463  1.046e-05
12.1558  9.52116e-06
12.1664  1.01512e-05
12.1764  9.73918e-06
12.1866  1.00633e-05
12.1968  9.06289e-06
12.2073  9.50038e-06
12.2179  1.07584e-05
12.2287  8.81946e-06
12.2387  9.71484e-06
12.2489  9.61367e-06
12.2606  9.0138e-06
12.2708  9.76229e-06
12.2806  8.59502e-06
12.291  8.65175e-06
12.3014  9.09049e-06
12.3118  8.20949e-06
12.3224  8.90962e-06
12.3325  8.40064e-06
12.3424  8.39451e-06
12.353  7.95074e-06
12.3632  8.96396e-06
12.3734  7.23447e-06
12.3836  8.04095e-06
12.394  8.4092e-06
12.4042  7.4582e-06
12.4144  7.31299e-06
12.4247  8.81648e-06
12.4352  6.74663e-06
12.4452  7.89734e-06
12.4557  7.10824e-06
12.4656  7.24713e-06
12.4765  7.70938e-06
12.4867  7.03057e-06
12.4968  6.81714e-06
12.5071  7.29574e-06
12.5175  7.03027e-06
12.5273  6.3875e-06
12.5376  6.79122e-06
12.5482  7.01382e-06
12.5581  6.20118e-06
12.5682  6.74045e-06
12.5793  6.89855e-06
12.5892  6.33943e-06
12.5994  6.38969e-06
12.6099  5.89261e-06
12.6199  6.47686e-06
12.6302  5.98961e-06
12.6405  6.46646e-06
12.651  6.30184e-06
12.6612  5.35982e-06
12.6715  5.98796e-06
12.6817  5.97582e-06
12.692  5.28662e-06
12.7027  6.38259e-06
12.7132  5.89353e-06
12.7235  5.15688e-06
12.7343  5.64341e-06
12.7439  5.32253e-06
12.7547  5.52525e-06
12.765  5.46889e-06
12.7753  5.56223e-06
12.7853  4.85778e-06
12.7961  5.58686e-06
12.8068  5.02272e-06
12.8175  4.98611e-06
12.8272  5.01031e-06
12.8376  4.91216e-06
12.8478  4.36913e-06
12.8581  4.8892e-06
12.8686  4.95403e-06
12.8791  5.15365e-06
12.8897  4.66388e-06
12.9002  4.58266e-06
12.9108  4.36285e-06
12.9208  4.5311e-06
12.9309  4.48315e-06
12.9418  4.38911e-06
12.9518  4.18123e-06
12.9622  4.69406e-06
12.9724  3.77121e-06
12.9828  4.62345e-06
12.9933  4.1809e-06
13.0036  3.9199e-06
13.0142  4.37767e-06
13.0249  3.71347e-06
13.0348  3.97427e-06
13.0453  4.09108e-06
13.0553  3.60097e-06
13.066  3.96403e-06
13.0767  3.79808e-06
13.087  4.0387e-06
13.0974  3.58647e-06
13.1083  3.61723e-06
13.1183  3.46572e-06
13.1294  3.68031e-06
13.1395  3.73311e-06
13.1499  3.60832e-06
13.16  3.33585e-06
13.1708  3.61001e-06
13.181  2.94133e-06
13.1914  3.26561e-06
13.2018  3.41396e-06
13.2123  3.43096e-06
13.2221  2.6882e-06
13.2325  3.37727e-06
13.2425  3.12837e-06
13.254  3.2987e-06
13.264  3.19111e-06
13.2743  2.73486e-06
13.2852  3.14426e-06
13.2953  3.04982e-06
13.3061  2.6906e-06
13.3165  3.08722e-06
13.3273  2.83707e-06
13.3379  2.74433e-06
13.348  2.97281e-06
13.3589  2.71416e-06
13.3691  2.61828e-06
13.3792  2.85817e-06
13.3898  2.54364e-06
13.4003  2.19619e-06
13.4107  2.75629e-06
13.4211  2.69836e-06
13.432  2.79615e-06
13.4431  2.57557e-06
13.4534  2.39946e-06
13.4638  2.49771e-06
13.474  2.35767e-06
13.4852  2.20517e-06
13.4953  2.42935e-06
13.5059  2.37598e-06
13.5158  2.15922e-06
13.5271  2.33756e-06
13.5369  2.1836e-06
13.5478  2.16073e-06
13.5581  2.33152e-06
13.5691  2.23954e-06
13.5801  2.12291e-06
13.5905  2.02995e-06
13.601  1.8462e-06
13.6113  2.26245e-06
13.6219  2.17644e-06
13.6323  1.96467e-06
13.6425  1.81505e-06
13.6535  1.99564e-06
13.6644  1.79113e-06
13.6749  2.38604e-06
13.6866  1.67409e-06
13.6965  1.83348e-06
13.7067  1.89533e-06
13.7176  1.58994e-06
13.7277  1.77064e-06
13.7385  1.74038e-06
13.7492  1.92585e-06
13.76  1.85637e-06
13.7714  1.66425e-06
13.7826  1.71927e-06
13.7931  1.67795e-06
13.8038  1.71925e-06
13.814  1.44414e-06
13.8251  1.75938e-06
13.8354  1.40177e-06
13.846  1.85946e-06
13.8576  1.4158e-06
13.8676  1.4407e-06
13.879  1.52117e-06
13.889  1.35493e-06
13.9004  1.71752e-06
13.9107  1.27344e-06
13.922  1.52602e-06
13.9325  1.38948e-06
13.9438  1.31009e-06
13.9537  1.24362e-06
13.9641  1.60976e-06
13.9749  1.18034e-06
13.9852  1.18898e-06
13.9959  1.18613e-06
14.0061  1.38985e-06
14.0172  1.23101e-06
14.0273  1.33051e-06
14.0389  1.14453e-06
14.0487  1.03264e-06
14.0587  1.2833e-06
14.0701  1.19835e-06
14.0812  1.31716e-06
14.0901  8.97112e-07
14.1018  1.22504e-06
14.1121  1.01325e-06
14.1217  1.05673e-06
14.1327  9.90868e-07
14.1428  1.12979e-06
14.1541  1.08753e-06
14.1649  1.09602e-06
14.1764  1.25594e-06
14.1873  7.52724e-07
14.1983  1.03555e-06
14.2087  9.9234e-07
14.2201  9.68012e-07
14.2292  7.89571e-07
14.2397  1.07781e-06
14.2505  8.73019e-07
14.2605  1.02854e-06
14.2714  6.49984e-07
14.281  8.66586e-07
14.2914  8.55838e-07
14.3031  1.01517e-06
14.315  8.97214e-07
14.3256  7.83408e-07
14.3354  8.4373e-07
14.3458  9.03095e-07
14.3568  7.41663e-07
14.3667  7.57813e-07
14.3771  7.04379e-07
14.3881  6.95081e-07
14.3992  8.61743e-07
14.4101  7.40179e-07
14.4203  7.80578e-07
14.4315  8.17578e-07
14.4415  6.86052e-07
14.4532  6.81552e-07
14.4636  6.83862e-07
14.4731  6.42358e-07
14.4831  7.27843e-07
14.4954  8.21477e-07
14.5068  4.76034e-07
14.5171  6.57127e-07
14.5281  7.23419e-07
14.538  6.76451e-07
14.5487  6.83426e-07
14.5588  4.33081e-07
14.5698  5.8243e-07
14.58  6.44774e-07
14.5908  5.62624e-07
14.6029  6.6516e-07
14.6147  6.58991e-07
14.6244  5.10088e-07
14.6346  5.96573e-07
14.6451  4.93738e-07
14.6548  5.40462e-07
14.6661  3.78071e-07
14.6758  5.65713e-07
14.6885  5.67236e-07
14.6983  5.55782e-07
14.7095  5.36772e-07
14.7202  5.33516e-07
14.7303  3.43189e-07
14.7417  5.0819e-07
14.7531  5.34975e-07
14.7635  4.73566e-07
14.7737  5.05867e-07
14.7857  3.63972e-07
14.7955  4.90478e-07
14.8059  4.12788e-07
14.8168  4.63824e-07
14.8269  4.15297e-07
14.8373  3.62145e-07
14.8479  4.02105e-07
14.8588  3.47756e-07
14.8698  4.96218e-07
14.8793  3.35771e-07
14.8915  5.02534e-07
14.9021  3.97616e-07
14.913  3.36469e-07
14.9248  3.59951e-07
14.934  2.94564e-07
14.9446  4.64531e-07
14.9557  4.09938e-07
14.9651  1.7818e-07
14.9744  4.17019e-07
14.9877  3.47791e-07
14.9981  3.18835e-07
15.0095  3.21043e-07
15.0192  3.04917e-07
15.0296  3.80279e-07
15.0406  2.79818e-07
15.0494  3.0578e-07
15.0614  2.15149e-07
15.0709  3.55119e-07
15.0818  3.36065e-07
15.0941  3.23651e-07
15.1068  2.99043e-07
15.1156  2.24255e-07
15.1263  3.38027e-07
15.1383  2.87687e-07
15.1502  3.36577e-07
15.1615  3.04378e-07
15.1719  2.1174e-07
15.1833  2.42885e-07
15.1932  2.79845e-07
15.2046  2.56135e-07
15.2173  2.66886e-07
15.2284  2.44203e-07
15.238  2.24447e-07
15.2484  2.12654e-07
15.2596  2.24639e-07
15.2684  2.34418e-07
15.2792  2.21578e-07
15.2898  2.53543e-07
15.3013  1.80397e-07
15.3113  2.25377e-07
15.324  2.20716e-07
15.3342  1.93415e-07
15.3434  2.25685e-07
15.3539  1.96742e-07
15.3663  2.35802e-07
15.3798  1.08618e-07
15.3894  1.96092e-07
15.4005  2.08745e-07
15.4104  2.17676e-07
15.4216  1.72133e-07
15.4323  1.82033e-07
15.4433  2.65316e-07
15.4547  1.5825e-07
15.4633  9.40848e-08
15.4769  1.01054e-07
15.4864  2.30172e-07
15.4985  1.5171e-07
15.5073  1.62713e-07
15.5181  1.93208e-07
15.5293  1.45814e-07
15.5407  1.39471e-07
15.5521  1.53058e-07
15.5631  2.17004e-07
15.5735  1.1788e-07
15.5844  1.49737e-07
15.5963  1.1347e-07
15.608  1.37874e-07
15.6199  2.41024e-07
15.631  1.24418e-07
15.6413  9.5372e-08
15.6533  8.34106e-08
15.6624  1.52963e-07
15.6741  8.22888e-08
15.6829  1.49199e-07
15.6943  1.03272e-07
15.7061  1.33663e-07
15.7187  1.50729e-07
15.7294  1.09616e-07
15.7405  1.85709e-07
15.7546  4.77835e-08
15.7631  1.30816e-07
15.7747  1.02802e-07
15.7845  5.60677e-08
15.7954  1.34836e-07
15.8078  1.5161e-07
15.8184  1.03002e-07
15.8303  1.09676e-07
15.8407  8.55012e-08
15.8552  9.72891e-08
15.8662  1.06637e-07
15.8789  8.84495e-08
15.8891  8.80141e-08
15.8989  1.10036e-07
15.9114  9.48162e-08
15.9202  5.79669e-08
15.9324  5.23099e-08
15.9434  1.20813e-07
15.9547  1.00994e-07
15.9646  3.91816e-08
15.9765  1.13223e-07
15.9881  9.17564e-08
15.9967  5.49e-08
16.0078  6.43191e-08
16.0184  8.77435e-08
16.0322  7.055e-08
16.0389  3.46993e-08
16.0544  7.91622e-08
16.0651  8.0704e-08
16.0745  5.34302e-08
16.087  8.44657e-08
16.0967  8.28895e-08
16.1089  4.05521e-08
16.1184  6.65909e-08
16.1296  7.5659e-08
16.1386  5.23293e-08
16.1516  7.30103e-08
16.1633  5.52622e-08
16.1733  5.1978e-08
16.1866  5.0679e-08
16.1969  4.25146e-08
16.209  8.96384e-08
16.2213  5.96982e-08
16.2331  9.10112e-08
16.2453  2.91739e-08
16.2557  4.75678e-08
16.2662  3.3416e-08
16.2765  7.64545e-08
16.2883  2.24522e-08
16.2998  4.72628e-08
16.3099  6.10371e-08
16.3235  2.92796e-08
16.3327  4.18092e-08
16.3467  3.95529e-08
16.3568  7.35542e-08
16.3687  3.62689e-08
16.3805  4.78728e-08
16.3926  3.7806e-08
16.4048  2.84957e-08
16.4136  5.38743e-08
16.4257  4.09749e-08
16.4354  4.08298e-08
16.4479  4.13995e-08
16.4569  2.03454e-08
16.4697  1.91651e-08
16.4804  4.45906e-08
16.4905  4.90239e-08
16.504  3.30493e-08
16.5123  2.22852e-08
16.5253  3.70443e-08
16.5342  5.15033e-08
16.5495  2.80101e-08
16.5626  1.27793e-08
16.5722  1.94658e-08
16.5876  4.83292e-08
16.6013  4.51156e-08
16.61  3.91694e-08
16.6222  2.85361e-08
16.6322  2.97274e-08
16.6447  2.36217e-08
16.6552  1.08627e-08
16.6721  3.70924e-08
16.6834  2.55033e-08
16.6928  2.46392e-08
16.7053  4.19448e-08
16.7189  1.72776e-08
16.73  2.01902e-08
16.7433  1.41312e-08
16.7527  1.95403e-08
16.7669  4.09648e-08
16.7801  2.46315e-08
16.7871  1.21603e-08
16.8008  2.43429e-08
16.8118  2.24058e-08
16.8225  3.75228e-08
16.8318  5.04558e-09
16.8453  1.50646e-08
16.8566  2.19031e-08
16.8714  3.95708e-09
16.8794  2.28819e-08
16.8889  3.38428e-08
16.9033  2.45853e-08
16.9202  1.5453e-08
16.9303  6.832e-09
16.9453  2.63546e-08
16.9595  1.49994e-08
16.9699  1.1227e-08
16.9824  2.01122e-08
16.9967  2.20666e-08
17.0076  1.96318e-08
17.0246  1.93159e-08
17.0414  1.56721e-08
17.0544  1.18847e-08
17.0647  1.79602e-08
17.0765  1.97353e-08
17.0923  8.84618e-09
17.1003  2.36274e-08
17.1194  4.72679e-09
17.1386  8.65212e-09
17.1457  1.4456e-08
17.1621  1.54527e-08
17.1748  1.43986e-08
17.1838  1.28347e-08
17.1994  7.76923e-09
17.2091  9.23679e-09
17.2197  1.96899e-08
17.236  4.79132e-10
17.2466  1.08079e-08
17.2587  1.02182e-08
17.2702  8.03413e-09
17.2811  1.43991e-08
17.2989  1.396e-08
17.3189  2.07035e-08
17.3322  3.17584e-09
17.3453  9.12419e-09
17.3553  8.54397e-09
17.3729  5.67288e-09
17.3867  5.40285e-09
17.3981  1.62431e-08
17.4246  4.86697e-09
17.4343  9.18978e-09
17.4458  7.85765e-09
17.4565  3.34454e-09
17.472  1.65158e-08
17.4879  6.59498e-10
17.4956  1.51812e-08
17.5176  6.41767e-09
17.538  6.01464e-09
17.5485  4.29965e-09
17.5576  8.35351e-09
17.573  7.38258e-09
17.593  3.32532e-09
17.6047  6.9742e-09
17.6209  5.30711e-09
17.6324  6.87658e-09
17.6492  4.55192e-09
17.6688  2.52528e-09
17.6773  8.77597e-09
17.6904  1.10158e-08
17.7112  8.1162e-09
17.7267  1.68225e-09
17.7479  2.6344e-10
17.7553  5.49408e-09
17.7707  3.65825e-09
17.788  2.89522e-09
17.7952  6.11282e-09
17.8087  2.31226e-09
17.8167  5.95634e-09
17.8382  9.60022e-10
17.8678  8.73564e-09
17.8771  3.08678e-09
17.8915  6.48851e-09
17.9156  2.76569e-09
17.9343  6.89738e-09
17.9664  6.80691e-09
17.9861  2.78911e-09
18.0128  5.0824e-09
18.0406  2.23835e-09
18.0501  2.27813e-09
18.0646  2.83752e-09
18.0855  7.01781e-09
18.1349  4.52032e-10
18.1475  6.19022e-09
18.1662  4.84061e-09
18.1882  2.483e-09
18.2335  4.30391e-10
18.2482  2.25278e-09
18.2629  3.90009e-09
18.2917  2.56346e-09
18.3048  2.84795e-09
18.3274  5.00262e-10
18.3406  2.98748e-09
18.3608  3.70166e-09
18.4222  6.80035e-10
18.4324  3.64746e-09
18.4823  3.04122e-09
18.5156  1.60227e-09
18.5349  1.2451e-09
18.5453  2.00193e-09
18.5807  1.88586e-09
18.6212  4.16929e-10
18.636  1.27214e-09
18.6569  4.21844e-10
18.6652  1.62145e-09
18.6985  1.41312e-09
18.7341  1.12339e-09
18.7579  1.72401e-09
18.7782  4.11572e-10
18.8022  1.42957e-09
18.8642  4.21298e-10
18.8772  6.13958e-10
18.9086  4.35307e-10
18.9547  1.7027e-09
18.9747  1.53529e-09
19.0097  8.89516e-10
19.0516  3.82954e-10
19.1317  1.20548e-09
19.1542  6.69562e-10
19.2503  6.07834e-10
19.2794  3.77493e-10
19.3485  1.07352e-09
19.3834  2.07326e-10
19.4165  3.4153e-10
19.523  2.07992e-10
19.5688  3.15029e-10
19.624  8.50033e-10
19.746  2.87993e-10
19.9628  2.56468e-10
19.9977  2.97184e-10
20.2383  2.03075e-10
20.6121  1.41997e-10
