-20.5865  1.44157e-10
-20.2105  2.07414e-10
-19.9705  3.04739e-10
-19.9345  2.59503e-10
-19.7182  2.91322e-10
-19.5945  8.76921e-10
-19.5411  3.19363e-10
-19.4974  2.11157e-10
-19.3888  3.45653e-10
-19.3544  2.14733e-10
-19.3185  1.09715e-09
-19.2569  3.5195e-10
-19.2185  6.30861e-10
-19.1403  3.71062e-10
-19.1214  3.03814e-10
-19.1022  1.23167e-09
-19.0339  3.83761e-10
-18.9785  9.26878e-10
-18.9416  1.96189e-09
-18.925  1.35023e-09
-18.8814  4.46372e-10
-18.8572  2.41916e-10
-18.846  8.02273e-10
-18.7728  1.46138e-09
-18.7606  4.10584e-10
-18.7262  1.77214e-09
-18.7025  1.15965e-09
-18.6795  4.44639e-10
-18.6665  9.87509e-10
-18.641  1.52955e-09
-18.6291  4.2672e-10
-18.6028  1.75283e-09
-18.5491  1.94272e-09
-18.5261  2.01292e-09
-18.5054  1.28449e-09
-18.4851  1.64991e-09
-18.4671  4.04162e-10
-18.4505  2.68498e-09
-18.4178  1.62249e-09
-18.3984  2.52969e-09
-18.3934  2.59143e-10
-18.3448  4.90392e-10
-18.3249  4.9576e-09
-18.3066  1.93345e-09
-18.2848  4.68304e-10
-18.269  4.88608e-09
-18.236  1.75592e-09
-18.2288  4.53003e-09
-18.2053  4.35484e-10
-18.1678  9.42921e-10
-18.1517  3.80184e-09
-18.1446  1.7359e-09
-18.123  3.55475e-09
-18.1109  4.19674e-09
-18.0601  5.06864e-09
-18.0465  4.96551e-09
-18.0239  2.20915e-09
-18.0136  2.27934e-09
-17.9884  4.93994e-09
-17.965  4.9164e-10
-17.9478  5.2945e-09
-17.9331  4.10678e-09
-17.9129  4.04489e-09
-17.9045  2.95325e-09
-17.8842  2.8533e-09
-17.8692  4.82087e-09
-17.8528  7.19016e-09
-17.8347  6.66477e-09
-17.815  9.66478e-10
-17.8018  1.71492e-09
-17.7835  6.25036e-09
-17.774  4.00053e-09
-17.7671  5.41834e-09
-17.7574  6.18369e-10
-17.7357  3.61532e-09
-17.7278  5.39997e-09
-17.704  2.1808e-09
-17.6858  4.84537e-09
-17.6713  8.50218e-09
-17.6566  9.78623e-09
-17.6489  4.52583e-09
-17.6371  2.59578e-09
-17.6186  3.48019e-09
-17.6116  8.24303e-09
-17.5929  5.78895e-09
-17.5773  6.91485e-09
-17.5526  1.02198e-08
-17.5354  7.99056e-09
-17.5278  2.94911e-09
-17.5076  8.12859e-09
-17.4958  5.55815e-09
-17.4893  1.05868e-09
-17.4773  5.97118e-09
-17.4575  1.35345e-08
-17.4437  1.39189e-08
-17.4289  7.64417e-09
-17.4101  1.03593e-08
-17.3991  7.17027e-09
-17.3728  1.46936e-08
-17.3593  9.58117e-09
-17.3474  3.4806e-09
-17.33  1.42579e-08
-17.31  6.00997e-09
-17.3002  4.7808e-09
-17.2898  9.09172e-09
-17.2777  1.82071e-08
-17.2602  1.31682e-08
-17.2455  8.03731e-09
-17.2358  1.77805e-08
-17.218  9.12907e-09
-17.2014  5.5395e-09
-17.1949  1.17035e-08
-17.1811  1.74689e-08
-17.1741  1.94354e-09
-17.1577  1.31025e-08
-17.1502  1.3277e-08
-17.1389  7.53165e-09
-17.1251  2.2647e-08
-17.1122  9.5553e-09
-17.0997  4.95657e-09
-17.0861  6.31604e-09
-17.0744  1.50546e-08
-17.064  1.50684e-08
-17.0519  1.81471e-08
-17.0401  1.36159e-08
-17.0295  1.35413e-08
-17.019  1.32161e-08
-16.9998  1.84268e-08
-16.9936  1.15753e-08
-16.9776  2.00058e-08
-16.9663  1.97011e-08
-16.9569  1.96492e-08
-16.9452  1.01974e-08
-16.9348  1.28021e-08
-16.923  1.57962e-08
-16.9118  1.36936e-08
-16.8999  1.46499e-08
-16.8827  1.79543e-08
-16.8742  2.17934e-08
-16.8617  3.50031e-08
-16.8501  1.12551e-08
-16.8404  1.42803e-08
-16.8281  1.63453e-08
-16.8169  1.66689e-08
-16.8031  9.67614e-09
-16.7932  3.59966e-08
-16.7829  2.74006e-08
-16.7733  1.77653e-08
-16.7596  1.88888e-08
-16.747  3.27836e-08
-16.7354  3.32195e-08
-16.7203  2.2583e-08
-16.71  1.331e-08
-16.6958  2.87367e-08
-16.6837  2.15633e-08
-16.6759  3.15175e-08
-16.6615  3.58206e-08
-16.6487  2.05187e-08
-16.6361  2.74386e-08
-16.619  2.67322e-08
-16.6053  3.21111e-08
-16.5949  2.61459e-08
-16.5825  7.37045e-08
-16.5693  3.04942e-08
-16.5593  2.75533e-08
-16.5451  2.63088e-08
-16.5319  1.99839e-08
-16.5221  2.12698e-08
-16.5069  6.24557e-08
-16.4988  2.45825e-08
-16.4852  4.15498e-08
-16.4705  3.43803e-08
-16.4599  5.77904e-08
-16.4488  2.8048e-08
-16.4336  2.65572e-08
-16.421  3.41788e-08
-16.4128  4.63694e-08
-16.4016  5.12736e-08
-16.3883  3.87146e-08
-16.379  3.39855e-08
-16.3666  4.79164e-08
-16.3551  4.82135e-08
-16.3429  3.88448e-08
-16.334  4.39756e-08
-16.3241  5.46247e-08
-16.3092  4.48726e-08
-16.3014  2.52495e-08
-16.2863  5.16933e-08
-16.2822  4.52437e-08
-16.2694  3.49676e-08
-16.2551  6.98139e-08
-16.242  6.5836e-08
-16.2296  2.94533e-08
-16.222  3.47544e-08
-16.2081  6.38561e-08
-16.1992  7.45014e-08
-16.187  6.69536e-08
-16.1761  6.2502e-08
-16.1681  5.33635e-08
-16.1568  3.68252e-08
-16.146  5.43514e-08
-16.1321  7.08239e-08
-16.1222  5.16149e-08
-16.1109  5.15201e-08
-16.1022  7.99412e-08
-16.0901  6.90955e-08
-16.0794  6.13759e-08
-16.0674  7.21962e-08
-16.0575  8.01676e-08
-16.0447  7.48154e-08
-16.0355  7.13746e-08
-16.0232  5.60783e-08
-16.0101  7.6119e-08
-16.0005  7.11729e-08
-15.9908  5.26439e-08
-15.9786  8.55066e-08
-15.9664  8.92108e-08
-15.9552  1.06035e-07
-15.9468  4.78368e-08
-15.9342  4.75397e-08
-15.9273  1.04335e-07
-15.9165  8.42539e-08
-15.9062  8.4537e-08
-15.8914  9.11668e-08
-15.8813  9.09956e-08
-15.871  1.03596e-07
-15.8583  1.04217e-07
-15.8487  8.75536e-08
-15.8377  7.32812e-08
-15.8263  8.7712e-08
-15.8153  1.01434e-07
-15.8049  7.93758e-08
-15.7935  1.68821e-07
-15.7834  8.19329e-08
-15.7731  1.03948e-07
-15.7615  1.03202e-07
-15.7491  1.24503e-07
-15.7384  9.75954e-08
-15.7264  1.20509e-07
-15.7142  9.96332e-08
-15.7055  1.73686e-07
-15.6945  9.31854e-08
-15.6842  1.32222e-07
-15.6744  1.03291e-07
-15.6637  1.08438e-07
-15.6523  1.21537e-07
-15.6419  1.18015e-07
-15.6322  1.31159e-07
-15.6222  8.76974e-08
-15.6098  1.49958e-07
-15.5996  1.68065e-07
-15.5893  1.7653e-07
-15.5769  8.32505e-08
-15.5687  8.24162e-08
-15.5571  1.67238e-07
-15.5466  1.93942e-07
-15.5342  1.78423e-07
-15.523  1.30842e-07
-15.5145  1.52415e-07
-15.5024  1.66385e-07
-15.4922  1.83314e-07
-15.4823  1.32036e-07
-15.4727  1.44832e-07
-15.4628  2.09225e-07
-15.4522  1.01539e-07
-15.4396  1.23909e-07
-15.4299  1.80474e-07
-15.4184  2.4293e-07
-15.4086  1.90105e-07
-15.3967  1.56369e-07
-15.3863  2.40373e-07
-15.3753  1.90447e-07
-15.3655  1.82711e-07
-15.3541  1.30474e-07
-15.3444  1.90918e-07
-15.3331  1.85039e-07
-15.3232  2.00033e-07
-15.3126  2.74459e-07
-15.3026  1.79384e-07
-15.2912  1.90219e-07
-15.2814  1.8702e-07
-15.2698  2.42157e-07
-15.2585  2.64419e-07
-15.2476  2.61749e-07
-15.2372  2.13794e-07
-15.2277  1.83634e-07
-15.2159  2.7402e-07
-15.2059  2.2543e-07
-15.195  2.67824e-07
-15.1833  2.84889e-07
-15.1727  2.27344e-07
-15.163  2.07746e-07
-15.1526  2.24938e-07
-15.1426  2.78595e-07
-15.1329  3.43721e-07
-15.1216  2.23352e-07
-15.1104  2.97123e-07
-15.0991  2.87888e-07
-15.089  2.79903e-07
-15.0806  2.67953e-07
-15.0696  2.26823e-07
-15.0587  4.15307e-07
-15.0471  2.99442e-07
-15.0358  2.70749e-07
-15.0263  2.84689e-07
-15.0153  3.83321e-07
-15.004  3.29168e-07
-14.993  3.48086e-07
-14.9812  3.7348e-07
-14.9699  3.47345e-07
-14.9599  2.34574e-07
-14.9514  3.50924e-07
-14.9376  3.62518e-07
-14.9286  4.28244e-07
-14.9186  3.54132e-07
-14.9071  4.16626e-07
-14.8956  2.97307e-07
-14.8855  3.18898e-07
-14.8753  4.9136e-07
-14.8641  4.12131e-07
-14.8537  4.23964e-07
-14.8427  3.94483e-07
-14.8331  3.9078e-07
-14.8217  3.59932e-07
-14.8117  4.20651e-07
-14.8023  4.44936e-07
-14.7907  3.58091e-07
-14.7798  5.1202e-07
-14.7692  4.81919e-07
-14.7587  3.49344e-07
-14.7502  4.69277e-07
-14.7392  4.55544e-07
-14.7282  5.49753e-07
-14.7173  4.5595e-07
-14.7065  4.19121e-07
-14.6962  4.84385e-07
-14.6864  5.39791e-07
-14.6763  6.16388e-07
-14.6649  4.06997e-07
-14.6553  5.13816e-07
-14.6443  4.7453e-07
-14.634  5.8531e-07
-14.6214  6.09117e-07
-14.6117  4.75823e-07
-14.6001  7.25472e-07
-14.5904  5.32227e-07
-14.5791  6.29268e-07
-14.5681  4.83586e-07
-14.5591  6.05274e-07
-14.5483  5.23814e-07
-14.5382  5.68298e-07
-14.5273  7.08874e-07
-14.5171  6.99876e-07
-14.5067  6.16128e-07
-14.4967  6.51741e-07
-14.4851  5.74794e-07
-14.4754  6.04248e-07
-14.4653  7.13922e-07
-14.4544  7.14057e-07
-14.443  7.5794e-07
-14.4327  6.8897e-07
-14.4222  7.15116e-07
-14.4117  7.3947e-07
-14.4015  7.18554e-07
-14.391  7.4781e-07
-14.3807  7.14469e-07
-14.3717  7.20305e-07
-14.3604  7.47906e-07
-14.3487  8.90487e-07
-14.3384  7.88269e-07
-14.3263  8.97243e-07
-14.3161  8.81213e-07
-14.3045  9.09369e-07
-14.2937  8.1941e-07
-14.2832  8.43472e-07
-14.2729  9.29338e-07
-14.2622  8.91968e-07
-14.2518  7.30523e-07
-14.2415  8.524e-07
-14.2315  8.6857e-07
-14.2211  1.24248e-06
-14.2092  9.46355e-07
-14.1986  8.50384e-07
-14.1884  1.0596e-06
-14.1778  9.12016e-07
-14.1671  9.26436e-07
-14.1574  9.88352e-07
-14.1465  1.11078e-06
-14.136  1.11459e-06
-14.1247  1.0329e-06
-14.1135  1.13711e-06
-14.1024  1.18841e-06
-14.0919  1.0797e-06
-14.0812  1.04114e-06
-14.0709  1.10888e-06
-14.0606  1.28643e-06
-14.0496  1.21713e-06
-14.039  1.157e-06
-14.0286  1.11446e-06
-14.018  1.18142e-06
-14.0076  1.30957e-06
-13.997  1.19229e-06
-13.9867  1.45084e-06
-13.9765  1.11691e-06
-13.9661  1.20641e-06
-13.9555  1.10963e-06
-13.9456  1.54924e-06
-13.9348  1.40259e-06
-13.9236  1.40154e-06
-13.9123  1.26011e-06
-13.9031  1.29165e-06
-13.8921  1.72553e-06
-13.8817  1.36574e-06
-13.8697  1.69831e-06
-13.8595  1.35636e-06
-13.8485  1.37294e-06
-13.8383  1.58805e-06
-13.8284  1.42162e-06
-13.818  1.56657e-06
-13.8074  1.71897e-06
-13.797  1.36744e-06
-13.7869  1.67852e-06
-13.7762  1.83421e-06
-13.7647  1.60923e-06
-13.7558  1.36823e-06
-13.745  1.79363e-06
-13.7341  2.01412e-06
-13.723  1.8461e-06
-13.7128  1.65144e-06
-13.7018  1.768e-06
-13.6914  1.62911e-06
-13.6818  1.98003e-06
-13.6714  1.6025e-06
-13.6612  1.95595e-06
-13.651  2.00174e-06
-13.6397  2.01707e-06
-13.6288  1.85152e-06
-13.6178  2.07923e-06
-13.6073  2.15405e-06
-13.5969  2.14709e-06
-13.5867  2.09516e-06
-13.5762  1.67705e-06
-13.5662  2.21923e-06
-13.5552  2.19597e-06
-13.5454  2.05468e-06
-13.5345  2.38941e-06
-13.5244  2.04675e-06
-13.5134  2.36534e-06
-13.5034  2.20198e-06
-13.4923  2.56308e-06
-13.4814  2.38828e-06
-13.4713  2.27633e-06
-13.4598  2.34613e-06
-13.449  2.52318e-06
-13.4389  2.63673e-06
-13.4283  2.52e-06
-13.4176  2.43207e-06
-13.4072  2.81551e-06
-13.3968  2.61018e-06
-13.3863  2.45199e-06
-13.3765  2.28276e-06
-13.3656  2.98313e-06
-13.3546  2.82649e-06
-13.3442  2.76568e-06
-13.3333  2.72975e-06
-13.3232  3.20009e-06
-13.3128  2.43885e-06
-13.3027  2.97901e-06
-13.2922  2.7751e-06
-13.2818  2.88804e-06
-13.2711  3.1344e-06
-13.2608  2.79722e-06
-13.2502  3.3374e-06
-13.2395  3.07755e-06
-13.2297  3.13649e-06
-13.2185  3.57594e-06
-13.2073  3.00676e-06
-13.1969  3.79702e-06
-13.1861  3.25331e-06
-13.1753  3.2146e-06
-13.1652  3.1598e-06
-13.1544  3.75125e-06
-13.144  3.20574e-06
-13.1339  3.45213e-06
-13.1238  3.66867e-06
-13.1131  3.97783e-06
-13.1024  3.40579e-06
-13.0917  3.7023e-06
-13.0808  3.78349e-06
-13.0705  3.97947e-06
-13.0604  3.3504e-06
-13.0499  4.27451e-06
-13.0394  3.75964e-06
-13.0292  3.79113e-06
-13.0192  3.79539e-06
-13.0089  4.3725e-06
-12.9982  3.67808e-06
-12.9879  4.4374e-06
-12.9771  4.0283e-06
-12.9671  4.33001e-06
-12.9565  4.11803e-06
-12.9466  4.6006e-06
-12.9362  3.98929e-06
-12.926  4.48809e-06
-12.9154  4.66138e-06
-12.9052  4.19546e-06
-12.8949  4.76432e-06
-12.8845  4.53933e-06
-12.8736  4.89757e-06
-12.8632  4.83762e-06
-12.8531  4.76625e-06
-12.8428  4.64121e-06
-12.8325  4.88308e-06
-12.8215  5.52141e-06
-12.8112  4.53278e-06
-12.8009  5.11712e-06
-12.7909  5.05322e-06
-12.7801  5.12005e-06
-12.77  4.95487e-06
-12.76  5.56777e-06
-12.7495  5.48679e-06
-12.7389  5.31032e-06
-12.7291  5.70337e-06
-12.7185  5.43349e-06
-12.7084  5.15218e-06
-12.6979  6.11937e-06
-12.6879  5.498e-06
-12.6772  5.69628e-06
-12.6676  5.7428e-06
-12.657  6.02262e-06
-12.6468  5.75985e-06
-12.6365  6.00463e-06
-12.6266  5.63353e-06
-12.6161  6.93601e-06
-12.6062  6.0491e-06
-12.5954  6.04171e-06
-12.5852  6.17886e-06
-12.5748  7.22395e-06
-12.5645  6.14051e-06
-12.5544  6.55915e-06
-12.5444  6.63396e-06
-12.534  6.64015e-06
-12.5235  6.94838e-06
-12.5133  6.85286e-06
-12.5032  6.89024e-06
-12.4929  6.78045e-06
-12.483  6.97481e-06
-12.4727  6.98748e-06
-12.4623  7.83395e-06
-12.4523  6.9397e-06
-12.442  7.40062e-06
-12.4316  7.19684e-06
-12.4215  7.80836e-06
-12.4111  7.78633e-06
-12.4005  8.33971e-06
-12.3902  7.38303e-06
-12.3801  7.56011e-06
-12.37  8.27781e-06
-12.3595  8.51334e-06
-12.349  7.48463e-06
-12.3388  9.1308e-06
-12.3288  7.9876e-06
-12.3182  8.64466e-06
-12.308  8.40504e-06
-12.2977  8.62175e-06
-12.2876  8.03804e-06
-12.2778  9.25406e-06
-12.2673  8.5243e-06
-12.2571  9.71836e-06
-12.2469  8.63385e-06
-12.2366  9.29763e-06
-12.2263  8.93154e-06
-12.2161  9.87273e-06
-12.2058  9.27128e-06
-12.1953  9.49685e-06
-12.1853  9.49914e-06
-12.1753  9.48779e-06
-12.165  9.59023e-06
-12.1549  1.0763e-05
-12.1447  9.40317e-06
-12.1342  1.0022e-05
-12.1245  1.08303e-05
-12.1138  9.80504e-06
-12.1041  1.02176e-05
-12.0935  1.08804e-05
-12.083  1.10825e-05
-12.0725  1.08118e-05
-12.0626  1.13107e-05
-12.0524  1.06489e-05
-12.0422  1.11806e-05
-12.0318  1.14992e-05
-12.0215  1.13017e-05
-12.0111  1.09375e-05
-12.0014  1.26165e-05
-11.9909  1.04888e-05
-11.9806  1.24238e-05
-11.9702  1.22345e-05
-11.96  1.20177e-05
-11.9497  1.19082e-05
-11.9398  1.31392e-05
-11.9292  1.17616e-05
-11.9191  1.29517e-05
-11.9088  1.24274e-05
-11.899  1.2761e-05
-11.8883  1.27503e-05
-11.8783  1.43314e-05
-11.868  1.25307e-05
-11.8578  1.30926e-05
-11.8477  1.34319e-05
-11.8375  1.33946e-05
-11.8272  1.37145e-05
-11.8172  1.41432e-05
-11.807  1.3123e-05
-11.7963  1.65442e-05
-11.7857  1.41764e-05
-11.7756  1.4214e-05
-11.7652  1.40927e-05
-11.755  1.57802e-05
-11.7453  1.38446e-05
-11.7349  1.51173e-05
-11.7249  1.49636e-05
-11.7146  1.59491e-05
-11.7042  1.51173e-05
-11.6935  1.79751e-05
-11.6831  1.4281e-05
-11.6729  1.70777e-05
-11.6628  1.53664e-05
-11.6526  1.65093e-05
-11.6421  1.67522e-05
-11.6316  1.76251e-05
-11.6217  1.59161e-05
-11.6112  1.71147e-05
-11.601  1.73938e-05
-11.5906  1.80101e-05
-11.5802  1.70976e-05
-11.57  1.84992e-05
-11.56  1.59869e-05
-11.5499  1.79145e-05
-11.5399  1.94472e-05
-11.5293  1.71571e-05
-11.5196  1.74427e-05
-11.5093  2.0224e-05
-11.4992  1.7772e-05
-11.4888  1.89401e-05
-11.4787  2.08249e-05
-11.4685  1.79169e-05
-11.4584  1.90102e-05
-11.448  2.05393e-05
-11.438  1.92533e-05
-11.4278  1.94409e-05
-11.418  2.2063e-05
-11.4073  1.92465e-05
-11.3973  2.07984e-05
-11.3872  2.09784e-05
-11.377  2.13286e-05
-11.3666  2.0621e-05
-11.3567  2.23281e-05
-11.3463  2.11053e-05
-11.3361  2.17755e-05
-11.3258  2.34956e-05
-11.3157  2.08655e-05
-11.3056  2.17619e-05
-11.2957  2.33178e-05
-11.2854  2.33492e-05
-11.275  2.26131e-05
-11.2651  2.32268e-05
-11.2547  2.35162e-05
-11.2441  2.59668e-05
-11.2332  2.61581e-05
-11.2226  2.38364e-05
-11.2122  2.48418e-05
-11.2019  2.60843e-05
-11.1911  2.60521e-05
-11.1807  2.41906e-05
-11.1706  2.64451e-05
-11.1604  2.41996e-05
-11.1503  2.66927e-05
-11.1404  2.47203e-05
-11.13  2.7389e-05
-11.1199  2.70056e-05
-11.1097  2.58473e-05
-11.0997  2.5707e-05
-11.0894  2.9329e-05
-11.0794  2.66903e-05
-11.069  2.82112e-05
-11.0589  2.68216e-05
-11.0489  2.74522e-05
-11.0389  2.97417e-05
-11.0284  2.91831e-05
-11.0187  2.69709e-05
-11.0083  2.97832e-05
-10.9983  2.98155e-05
-10.988  2.91726e-05
-10.9778  2.99684e-05
-10.9676  3.14305e-05
-10.9577  2.86383e-05
-10.9473  3.18291e-05
-10.9372  3.11965e-05
-10.9271  3.1016e-05
-10.917  3.2269e-05
-10.9066  3.1961e-05
-10.8963  3.1e-05
-10.8864  3.20463e-05
-10.8764  3.4196e-05
-10.8662  3.17886e-05
-10.8561  3.32054e-05
-10.846  3.34532e-05
-10.8358  3.4148e-05
-10.8257  3.3542e-05
-10.8149  3.88907e-05
-10.8044  3.35853e-05
-10.7942  3.60607e-05
-10.7838  3.72466e-05
-10.773  3.65803e-05
-10.7628  3.5539e-05
-10.7528  3.64038e-05
-10.7429  3.56857e-05
-10.7324  3.83444e-05
-10.7224  3.61749e-05
-10.7122  3.82571e-05
-10.7016  4.06758e-05
-10.6909  3.93916e-05
-10.6811  3.7068e-05
-10.6707  3.99412e-05
-10.6606  3.82055e-05
-10.6505  3.98182e-05
-10.6404  3.93637e-05
-10.6301  4.17877e-05
-10.6202  3.93613e-05
-10.6098  4.20408e-05
-10.5997  4.09564e-05
-10.5896  4.08431e-05
-10.5796  4.11533e-05
-10.569  4.61655e-05
-10.5586  4.28873e-05
-10.5484  4.22847e-05
-10.5378  4.78359e-05
-10.5274  4.29538e-05
-10.5171  4.51355e-05
-10.5068  4.26138e-05
-10.4972  4.6245e-05
-10.4866  4.34456e-05
-10.4766  4.82139e-05
-10.4664  4.30764e-05
-10.4563  4.87532e-05
-10.446  4.50989e-05
-10.4362  4.83983e-05
-10.4258  4.55144e-05
-10.4157  4.9634e-05
-10.4056  4.79528e-05
-10.3954  4.76941e-05
-10.3852  4.83365e-05
-10.3754  5.06725e-05
-10.365  4.81926e-05
-10.3548  5.26729e-05
-10.3448  4.87334e-05
-10.3345  5.07285e-05
-10.3245  5.13939e-05
-10.3145  5.29296e-05
-10.3041  5.18554e-05
-10.2939  5.26935e-05
-10.2841  5.18682e-05
-10.2737  5.40497e-05
-10.2635  5.43038e-05
-10.2536  5.58453e-05
-10.2428  5.78247e-05
-10.2321  5.74781e-05
-10.2222  5.37552e-05
-10.2117  5.77804e-05
-10.2017  5.6181e-05
-10.1918  5.5559e-05
-10.1816  5.69175e-05
-10.1713  5.9741e-05
-10.1615  5.60529e-05
-10.1511  5.98341e-05
-10.141  6.14409e-05
-10.131  5.62736e-05
-10.1209  6.07212e-05
-10.1106  6.18232e-05
-10.1008  5.95559e-05
-10.0904  6.10966e-05
-10.0799  6.97849e-05
-10.0693  6.07506e-05
-10.0592  6.33738e-05
-10.0491  6.44991e-05
-10.0391  6.19585e-05
-10.0289  6.35793e-05
-10.0187  6.91984e-05
-10.0085  6.33193e-05
-9.99836  6.60093e-05
-9.9882  6.75337e-05
-9.97808  6.5437e-05
-9.96793  6.71182e-05
-9.95763  7.26293e-05
-9.94768  6.61908e-05
-9.93738  6.95052e-05
-9.92733  6.88274e-05
-9.91727  6.74052e-05
-9.90728  7.13761e-05
-9.89699  7.52142e-05
-9.88698  6.77951e-05
-9.87674  7.17181e-05
-9.86683  7.3999e-05
-9.85664  7.12322e-05
-9.8468  7.31619e-05
-9.83638  7.66714e-05
-9.82651  7.12819e-05
-9.81564  8.50741e-05
-9.80506  7.78948e-05
-9.79474  7.39224e-05
-9.78495  7.64412e-05
-9.77462  7.96498e-05
-9.76466  7.80759e-05
-9.75432  7.81717e-05
-9.74457  8.01698e-05
-9.73417  7.78587e-05
-9.72382  8.66769e-05
-9.71324  8.21109e-05
-9.70315  8.29588e-05
-9.69284  8.12164e-05
-9.68303  8.28637e-05
-9.67268  8.32583e-05
-9.6627  8.2688e-05
-9.65257  8.55179e-05
-9.64249  8.78665e-05
-9.63224  8.18228e-05
-9.6223  8.90491e-05
-9.61201  8.63533e-05
-9.60197  8.75842e-05
-9.592  8.67538e-05
-9.58185  9.22551e-05
-9.57152  8.60654e-05
-9.56166  9.33077e-05
-9.55149  8.95821e-05
-9.54146  8.97212e-05
-9.53139  9.14511e-05
-9.52116  9.80694e-05
-9.51093  8.9711e-05
-9.5009  9.53791e-05
-9.49084  9.51431e-05
-9.48063  9.3713e-05
-9.47069  9.54603e-05
-9.46055  9.89439e-05
-9.45032  9.43101e-05
-9.44036  9.84689e-05
-9.43042  0.000100289
-9.41998  9.79111e-05
-9.41013  9.84805e-05
-9.39998  0.000105056
-9.38977  9.841e-05
-9.37983  0.000100451
-9.36938  0.000114673
-9.35852  0.000102418
-9.34806  0.000113477
-9.3376  0.000106847
-9.32736  0.000101497
-9.31732  0.000110218
-9.3074  0.00010654
-9.29706  0.000104225
-9.28707  0.000110827
-9.2772  0.000109929
-9.26682  0.000109089
-9.25673  0.000111222
-9.24683  0.00011069
-9.23667  0.00010947
-9.22654  0.000117039
-9.21615  0.000122089
-9.20539  0.000114409
-9.19538  0.000112966
-9.18545  0.000119762
-9.17518  0.00011141
-9.16503  0.000124424
-9.15514  0.000116095
-9.14475  0.000119466
-9.13462  0.000119703
-9.12468  0.000123667
-9.11443  0.000116914
-9.10426  0.000128484
-9.09433  0.000120161
-9.08402  0.000123951
-9.07411  0.000123229
-9.06412  0.00012702
-9.05386  0.000124176
-9.04321  0.000140159
-9.03289  0.000128974
-9.0226  0.000125876
-9.01252  0.000132014
-9.00255  0.000131101
-8.99229  0.000128268
-8.98217  0.000135147
-8.97218  0.000134405
-8.96188  0.000130175
-8.95186  0.000137583
-8.94184  0.000133314
-8.93155  0.000139113
-8.92151  0.000135834
-8.91144  0.000142562
-8.90114  0.000133251
-8.89101  0.000144926
-8.88106  0.000139825
-8.87085  0.000141568
-8.86072  0.000139909
-8.8507  0.000148299
-8.84059  0.000138149
-8.83049  0.000150785
-8.82043  0.000143652
-8.81017  0.000147697
-8.80018  0.000145594
-8.79013  0.000151264
-8.77996  0.000147969
-8.76982  0.000152654
-8.7599  0.000150517
-8.74975  0.000149494
-8.73972  0.000150863
-8.72959  0.00016088
-8.71952  0.000151411
-8.70936  0.000156435
-8.69936  0.000157239
-8.68909  0.000158851
-8.6791  0.000157317
-8.66915  0.00015972
-8.65907  0.000157445
-8.6489  0.000163228
-8.63889  0.000163205
-8.62875  0.000163911
-8.61873  0.000161331
-8.60873  0.000168171
-8.59857  0.000166113
-8.58834  0.000167804
-8.5783  0.000169217
-8.56823  0.000169776
-8.55758  0.000186767
-8.54702  0.000174263
-8.53682  0.000170373
-8.52678  0.000173621
-8.5163  0.000192423
-8.50522  0.000191122
-8.49459  0.000175607
-8.48462  0.000179941
-8.47442  0.000179391
-8.46433  0.000176236
-8.45433  0.000186824
-8.44414  0.000179908
-8.43409  0.00017826
-8.42413  0.000190316
-8.41386  0.000183892
-8.40384  0.000181173
-8.39383  0.000192378
-8.38368  0.000186105
-8.37361  0.000184861
-8.36364  0.000197362
-8.35336  0.00018904
-8.34337  0.000189164
-8.33331  0.000197018
-8.32316  0.000196415
-8.31309  0.000187945
-8.30305  0.000208669
-8.29275  0.000193888
-8.28282  0.000193599
-8.27275  0.000205338
-8.26257  0.000202746
-8.25246  0.000194053
-8.24256  0.000214153
-8.23224  0.000201311
-8.22222  0.000202932
-8.21215  0.000211231
-8.202  0.000207671
-8.1919  0.000204784
-8.18144  0.000235339
-8.17079  0.000209829
-8.16072  0.00021075
-8.1506  0.000217885
-8.1405  0.00021598
-8.13044  0.000207033
-8.12051  0.00022645
-8.1102  0.000215358
-8.10015  0.000216881
-8.09009  0.000228542
-8.07998  0.000218257
-8.06986  0.000217901
-8.05983  0.000233788
-8.04955  0.000223841
-8.03958  0.000222096
-8.02952  0.000232829
-8.01935  0.000227486
-8.00934  0.000223573
-7.99932  0.000240231
-7.98901  0.000233881
-7.97902  0.000225649
-7.96896  0.000244846
-7.9588  0.000232928
-7.94824  0.000256037
-7.93786  0.00024222
-7.92769  0.000239032
-7.91765  0.000235136
-7.9076  0.000252059
-7.89741  0.000238495
-7.88735  0.000247513
-7.8773  0.000246515
-7.86705  0.000250251
-7.85705  0.000239991
-7.84702  0.000258825
-7.83689  0.000249321
-7.82671  0.000250102
-7.81668  0.000259111
-7.80648  0.000252216
-7.79653  0.000250392
-7.78645  0.000263818
-7.77639  0.000255441
-7.76619  0.000259821
-7.75618  0.000267178
-7.74589  0.000259966
-7.73596  0.000259656
-7.72588  0.000267864
-7.71579  0.00026589
-7.70556  0.000267241
-7.69554  0.000273613
-7.68538  0.000264206
-7.67543  0.000272656
-7.66527  0.000271535
-7.65525  0.000275577
-7.64507  0.000271263
-7.63514  0.00028061
-7.62499  0.000269175
-7.61495  0.000286437
-7.60476  0.000277246
-7.59428  0.000310505
-7.58359  0.00028019
-7.57365  0.000286924
-7.5634  0.000284486
-7.55342  0.000288223
-7.54332  0.000282945
-7.53333  0.000292941
-7.52309  0.000290906
-7.51305  0.000294723
-7.5029  0.000290886
-7.49277  0.000302201
-7.48267  0.000290949
-7.47269  0.000298023
-7.46247  0.000298372
-7.45242  0.000304711
-7.44233  0.000297088
-7.43231  0.000303515
-7.42232  0.00029938
-7.41219  0.000308708
-7.40197  0.000311436
-7.39195  0.00030488
-7.38149  0.000335455
-7.37095  0.000312308
-7.36093  0.000309751
-7.35087  0.000314056
-7.34076  0.000314465
-7.33074  0.000315526
-7.32066  0.000322972
-7.31041  0.00031936
-7.30045  0.000318972
-7.29031  0.000324511
-7.28013  0.000329719
-7.27007  0.000319099
-7.25957  0.000358665
-7.2489  0.000330765
-7.23895  0.000328031
-7.22875  0.000335393
-7.21821  0.000357116
-7.20759  0.000343039
-7.19762  0.00032803
-7.18739  0.000344194
-7.17738  0.000333721
-7.16721  0.000346925
-7.15712  0.000335205
-7.14658  0.000380206
-7.13603  0.000343148
-7.12593  0.00034266
-7.11596  0.000349134
-7.10579  0.000350849
-7.09576  0.000341707
-7.08572  0.000358308
-7.0756  0.000356636
-7.06545  0.000347838
-7.05556  0.000352767
-7.04549  0.000362786
-7.03535  0.000354357
-7.02526  0.00036471
-7.01519  0.00036476
-7.00439  0.000403786
-6.99385  0.000363079
-6.98331  0.000409017
-6.97258  0.000360345
-6.96254  0.000385321
-6.95249  0.000355224
-6.94248  0.000376487
-6.93244  0.000366517
-6.922  0.000424915
-6.91071  0.000403627
-6.90033  0.000387954
-6.89024  0.000369301
-6.88021  0.000386107
-6.87008  0.00038392
-6.86018  0.000385434
-6.84989  0.000382917
-6.83988  0.000399531
-6.8298  0.00037804
-6.81968  0.000399787
-6.80952  0.000395784
-6.79904  0.000430565
-6.7884  0.000388657
-6.77835  0.000414388
-6.76821  0.000389227
-6.75812  0.000404723
-6.74803  0.000403439
-6.73801  0.000403913
-6.72786  0.000395075
-6.71775  0.000429529
-6.7076  0.000395708
-6.69748  0.000413843
-6.68745  0.00041239
-6.67737  0.000412795
-6.66723  0.000405397
-6.65719  0.00043149
-6.64663  0.000445425
-6.63608  0.000420135
-6.626  0.000423805
-6.61592  0.000422589
-6.60575  0.000421495
-6.5957  0.000431474
-6.58572  0.000415552
-6.57562  0.000426841
-6.56553  0.000442203
-6.55492  0.000464657
-6.54431  0.000431349
-6.53423  0.000446913
-6.52421  0.000418148
-6.51411  0.000450431
-6.50401  0.00043372
-6.494  0.000439113
-6.48333  0.000487077
-6.47278  0.000445275
-6.46279  0.000435271
-6.45266  0.00045997
-6.44255  0.000441914
-6.43256  0.000445762
-6.42237  0.000453247
-6.41237  0.000458758
-6.40229  0.000447138
-6.3921  0.000463968
-6.38202  0.000453221
-6.37203  0.000456721
-6.3619  0.000465712
-6.35177  0.000463939
-6.34173  0.000454486
-6.33165  0.000472326
-6.32153  0.000469092
-6.31147  0.000463023
-6.30146  0.000465156
-6.2913  0.000483121
-6.28129  0.000462465
-6.27119  0.000475264
-6.26104  0.000486137
-6.25095  0.000471346
-6.24102  0.00047224
-6.23079  0.000493846
-6.22074  0.000474017
-6.21025  0.000526273
-6.1997  0.000494176
-6.18951  0.000484929
-6.17951  0.000484921
-6.16931  0.000497482
-6.15935  0.000487997
-6.1492  0.000491885
-6.13907  0.000502578
-6.12897  0.000494034
-6.11907  0.000486577
-6.10886  0.000508698
-6.09884  0.000500141
-6.08871  0.000499165
-6.07862  0.000510508
-6.06841  0.000508762
-6.05851  0.000494889
-6.04826  0.000519663
-6.03829  0.000508041
-6.02813  0.000508144
-6.01796  0.000522731
-6.0078  0.000516114
-5.99795  0.000500536
-5.98765  0.000529548
-5.97773  0.000514548
-5.96761  0.000517738
-5.95708  0.000568508
-5.94653  0.000529615
-5.93655  0.000511989
-5.92627  0.000540776
-5.91636  0.000519404
-5.90629  0.000522354
-5.89618  0.000538496
-5.88607  0.000536667
-5.87613  0.000519377
-5.86585  0.000543921
-5.85592  0.000537683
-5.84587  0.000526783
-5.83576  0.000547015
-5.82562  0.000546494
-5.81564  0.000533016
-5.80539  0.000548197
-5.79546  0.000551905
-5.78528  0.000539177
-5.77513  0.000557201
-5.76501  0.000557076
-5.75503  0.000537336
-5.74487  0.000550649
-5.73492  0.000567459
-5.72475  0.000546642
-5.71466  0.000557924
-5.70455  0.00056924
-5.69449  0.00055254
-5.68433  0.000558046
-5.67433  0.000581077
-5.66417  0.000548786
-5.65425  0.000552392
-5.64419  0.000590811
-5.634  0.000559777
-5.62396  0.000555817
-5.61402  0.000588905
-5.60382  0.000564373
-5.5939  0.000558093
-5.58381  0.000594932
-5.5737  0.000570004
-5.5637  0.000561089
-5.55369  0.000602024
-5.54339  0.00057623
-5.53353  0.00056284
-5.52291  0.000668714
-5.51212  0.000587337
-5.50192  0.000579334
-5.49199  0.000599605
-5.48175  0.000584249
-5.47185  0.00057897
-5.46138  0.000650418
-5.45079  0.000598347
-5.44062  0.000588688
-5.43063  0.000605452
-5.42037  0.00060071
-5.41042  0.000582913
-5.40035  0.000614925
-5.39014  0.000607624
-5.38002  0.000590854
-5.37007  0.000614023
-5.35985  0.00060569
-5.34989  0.000593602
-5.33982  0.000618695
-5.32964  0.000617399
-5.31959  0.000593811
-5.30961  0.000621508
-5.29934  0.000623469
-5.28934  0.000599923
-5.2793  0.000622554
-5.26911  0.000627307
-5.2591  0.00059979
-5.24908  0.00062871
-5.23882  0.00063698
-5.22872  0.000608399
-5.21868  0.000630898
-5.20847  0.000635955
-5.19854  0.000599024
-5.18853  0.000635333
-5.17831  0.000646329
-5.16822  0.00061398
-5.15827  0.000625859
-5.14802  0.000656633
-5.13758  0.000664862
-5.12705  0.000645955
-5.11697  0.000639825
-5.1069  0.000621836
-5.09692  0.000636556
-5.08671  0.000666529
-5.0766  0.000619515
-5.06649  0.000650031
-5.05647  0.000648543
-5.04637  0.000633094
-5.03642  0.000634297
-5.02621  0.000678232
-5.01614  0.000621726
-5.00612  0.000650665
-4.99605  0.000664839
-4.98591  0.000636631
-4.97598  0.000642719
-4.96576  0.000689245
-4.95567  0.000623966
-4.94566  0.000654618
-4.93558  0.000679116
-4.92537  0.000648548
-4.9155  0.000631268
-4.90538  0.000697481
-4.89527  0.000634151
-4.88526  0.000661619
-4.8752  0.000679899
-4.86497  0.000658271
-4.85505  0.000645902
-4.84485  0.000707149
-4.8347  0.000639286
-4.82471  0.000665719
-4.81466  0.000687419
-4.80405  0.000720206
-4.79364  0.000650311
-4.78353  0.000713194
-4.77332  0.000650041
-4.76331  0.000672425
-4.75321  0.000699801
-4.74294  0.000665581
-4.73309  0.0006544
-4.723  0.000715188
-4.71278  0.000658788
-4.70281  0.000669705
-4.69278  0.000705646
-4.68249  0.000678384
-4.67254  0.00066292
-4.66242  0.000716957
-4.65218  0.000679532
-4.64215  0.000665384
-4.6322  0.000705859
-4.62192  0.000686378
-4.612  0.000669178
-4.60192  0.000712983
-4.59171  0.000685723
-4.58163  0.000682493
-4.57158  0.000708551
-4.56139  0.000688017
-4.55147  0.0006762
-4.54129  0.000722043
-4.5307  0.000749531
-4.52028  0.000676615
-4.51028  0.000712229
-4.5  0.000708858
-4.49001  0.000676521
-4.47999  0.000710788
-4.46981  0.00070966
-4.45973  0.000679498
-4.44978  0.000713331
-4.43953  0.000717328
-4.42948  0.000680023
-4.41904  0.000775348
-4.40849  0.000708141
-4.39839  0.000695034
-4.38838  0.000708004
-4.37816  0.000732617
-4.36799  0.000687309
-4.35794  0.000726597
-4.34771  0.000718609
-4.33755  0.000703323
-4.32749  0.000715964
-4.31732  0.000729685
-4.30723  0.00068044
-4.29728  0.000726414
-4.28715  0.000722159
-4.27703  0.000701902
-4.26698  0.000710982
-4.25689  0.000737558
-4.24671  0.000701743
-4.23671  0.000710943
-4.22664  0.000734794
-4.21651  0.000697824
-4.20657  0.000711467
-4.19648  0.000745437
-4.18628  0.000700456
-4.17632  0.00071097
-4.16625  0.000748629
-4.15608  0.000696245
-4.14613  0.000716342
-4.13601  0.000753467
-4.12582  0.000702867
-4.11589  0.000708486
-4.10579  0.00075593
-4.09559  0.00070631
-4.08559  0.000721034
-4.07548  0.000747915
-4.0653  0.000712178
-4.05532  0.000711345
-4.04522  0.000765527
-4.03499  0.000704659
-4.02501  0.000719943
-4.01495  0.000751857
-4.00473  0.000720702
-3.99472  0.000713217
-3.98474  0.000746533
-3.97465  0.000711653
-3.9646  0.000731964
-3.95452  0.000742466
-3.94444  0.000718244
-3.93444  0.000720293
-3.92434  0.000759029
-3.91419  0.000712304
-3.90414  0.000734624
-3.89407  0.00074382
-3.884  0.000722105
-3.87392  0.000727573
-3.86388  0.00074906
-3.85381  0.000714881
-3.84374  0.000743871
-3.83356  0.000747268
-3.82346  0.000728327
-3.81339  0.000725871
-3.80335  0.000755137
-3.79318  0.000727369
-3.78312  0.00073073
-3.77305  0.000746738
-3.76296  0.000734147
-3.75286  0.000725688
-3.74287  0.000749403
-3.73284  0.00071801
-3.72287  0.00073194
-3.71275  0.000749647
-3.70263  0.000739592
-3.69257  0.000722824
-3.68251  0.000758281
-3.67232  0.000735615
-3.66223  0.000736148
-3.65213  0.000743808
-3.64207  0.000742029
-3.63196  0.000728881
-3.62187  0.000753941
-3.61172  0.000739835
-3.60159  0.000738993
-3.59149  0.000741341
-3.5814  0.000748249
-3.57134  0.000722824
-3.56132  0.000747395
-3.55118  0.00074403
-3.54113  0.000728077
-3.53114  0.000738976
-3.521  0.000753593
-3.51092  0.000724131
-3.50085  0.000751012
-3.49073  0.000742524
-3.48068  0.000731235
-3.47063  0.000738921
-3.46047  0.000759901
-3.45043  0.00071864
-3.44035  0.000749084
-3.43025  0.000742838
-3.42017  0.000739527
-3.41011  0.000731386
-3.39999  0.000759714
-3.38993  0.000719796
-3.37983  0.000752312
-3.36972  0.000742254
-3.35971  0.000730595
-3.34967  0.000729088
-3.33951  0.000768563
-3.32955  0.000707835
-3.31948  0.000749865
-3.30934  0.00074384
-3.2993  0.000735639
-3.28925  0.000730697
-3.27906  0.000764197
-3.26907  0.000713746
-3.25846  0.000822088
-3.24788  0.000743777
-3.23785  0.000725587
-3.22784  0.000728154
-3.21766  0.000770316
-3.20715  0.000780113
-3.19666  0.000735928
-3.1866  0.000750462
-3.17649  0.000728954
-3.1665  0.000725246
-3.15637  0.00076252
-3.14626  0.000721275
-3.13614  0.000739332
-3.12607  0.000752281
-3.11591  0.000724084
-3.10595  0.000723679
-3.09542  0.000820845
-3.0849  0.000719123
-3.0748  0.000735617
-3.06477  0.000748369
-3.05456  0.000732026
-3.04453  0.000726303
-3.03441  0.000750572
-3.0243  0.000726938
-3.01413  0.000735869
-3.00411  0.000745184
-2.9939  0.000726285
-2.98386  0.000729409
-2.97339  0.000800198
-2.96287  0.000732368
-2.95268  0.000727291
-2.94271  0.00074014
-2.93251  0.000729326
-2.92244  0.000727935
-2.91197  0.000794088
-2.90144  0.000733256
-2.89129  0.000721612
-2.88134  0.000737916
-2.87108  0.000733504
-2.86094  0.000727357
-2.8509  0.000732265
-2.84074  0.00073384
-2.83061  0.000714557
-2.8207  0.000730616
-2.81048  0.000734223
-2.80039  0.000715544
-2.79039  0.000728534
-2.78022  0.000735977
-2.77001  0.00072199
-2.76005  0.00072025
-2.74991  0.000730838
-2.73984  0.000708824
-2.72984  0.00072773
-2.71974  0.000725923
-2.70959  0.000716289
-2.69962  0.000719479
-2.68906  0.000790018
-2.67854  0.000706894
-2.66851  0.000725649
-2.65841  0.000726053
-2.64819  0.000718343
-2.63818  0.000714812
-2.628  0.000732895
-2.61792  0.000700228
-2.60789  0.00072087
-2.59786  0.000720899
-2.58766  0.000707178
-2.57772  0.000714339
-2.56751  0.000731905
-2.55735  0.000707683
-2.54721  0.000714238
-2.53716  0.00073129
-2.52684  0.000704908
-2.51688  0.000711061
-2.50674  0.000717886
-2.49666  0.000708771
-2.48654  0.000698413
-2.47657  0.000730942
-2.46628  0.000691103
-2.4564  0.000709507
-2.44626  0.000713998
-2.43615  0.00070621
-2.42607  0.000688905
-2.41619  0.00072056
-2.40597  0.000690781
-2.39601  0.000706567
-2.38592  0.000702944
-2.37582  0.000708918
-2.36569  0.00069
-2.3557  0.000721009
-2.34553  0.000680275
-2.33554  0.000709098
-2.32545  0.000699723
-2.31529  0.00070813
-2.30472  0.000743082
-2.29432  0.000722086
-2.28407  0.000678883
-2.27409  0.000698456
-2.2641  0.000692938
-2.25394  0.000705729
-2.24385  0.000673992
-2.23342  0.000778336
-2.22275  0.000677278
-2.21276  0.000695697
-2.2027  0.000697629
-2.19251  0.000693005
-2.18245  0.000676162
-2.17253  0.000697939
-2.16236  0.000685448
-2.15224  0.000689393
-2.1422  0.000695692
-2.13197  0.000692092
-2.12189  0.000674554
-2.11186  0.000699399
-2.1017  0.00067988
-2.09163  0.000678742
-2.08164  0.000690082
-2.07141  0.000686697
-2.06135  0.000673921
-2.05134  0.000685116
-2.04122  0.000683383
-2.0311  0.000671401
-2.02116  0.000681133
-2.0105  0.000747907
-1.99997  0.000664631
-1.98997  0.000684964
-1.97982  0.000680526
-1.96964  0.000672872
-1.95967  0.000673059
-1.94951  0.000681179
-1.93946  0.000661146
-1.92941  0.000682577
-1.91924  0.000677697
-1.90909  0.000663121
-1.89865  0.000734722
-1.88806  0.000672938
-1.87798  0.000660805
-1.86793  0.000672116
-1.85784  0.000672632
-1.84766  0.000663762
-1.83765  0.000662659
-1.82757  0.000672625
-1.81749  0.000651123
-1.80745  0.000672334
-1.79732  0.000666659
-1.7872  0.000653611
-1.77723  0.000660742
-1.76714  0.000667657
-1.75705  0.000645922
-1.74704  0.000663965
-1.73694  0.000664699
-1.72681  0.000650533
-1.71676  0.000659317
-1.70664  0.000666311
-1.69659  0.000637546
-1.68658  0.000659387
-1.67647  0.000663202
-1.66633  0.000643068
-1.65631  0.000655403
-1.64621  0.000658525
-1.63615  0.000638899
-1.62607  0.000653869
-1.61605  0.000652978
-1.60595  0.000639685
-1.59593  0.000649331
-1.58578  0.00065788
-1.57573  0.000636596
-1.56567  0.000643237
-1.55569  0.000648361
-1.54554  0.000639655
-1.5355  0.000647623
-1.52541  0.000643253
-1.51538  0.00063688
-1.5053  0.000635524
-1.49532  0.00064932
-1.48516  0.00063551
-1.4751  0.000641255
-1.46502  0.000639344
-1.45492  0.000642824
-1.44479  0.00062977
-1.43477  0.000648072
-1.42459  0.000632294
-1.41446  0.000643508
-1.40434  0.000636291
-1.39419  0.000638455
-1.38407  0.000628184
-1.37405  0.000641874
-1.36392  0.000624391
-1.35383  0.000633655
-1.34381  0.000629723
-1.33372  0.000628482
-1.32367  0.000625268
-1.31361  0.000633179
-1.30353  0.000621436
-1.29344  0.000630681
-1.28341  0.000625748
-1.27328  0.000626118
-1.26322  0.000622056
-1.25315  0.000628895
-1.24305  0.000623711
-1.23291  0.000624591
-1.22288  0.000622843
-1.21273  0.000625841
-1.20263  0.000619307
-1.19256  0.000622647
-1.18242  0.000625888
-1.17229  0.00061678
-1.16229  0.000616576
-1.15216  0.000621987
-1.14205  0.000616071
-1.13204  0.000614161
-1.12155  0.000668339
-1.11104  0.000613125
-1.10098  0.000616408
-1.09087  0.000616091
-1.08074  0.000618735
-1.07065  0.000609831
-1.06051  0.000622818
-1.05036  0.000610417
-1.04027  0.00061258
-1.03015  0.000616323
-1.02001  0.000611367
-1.00996  0.000604997
-0.999851  0.000616709
-0.989723  0.000606317
-0.979645  0.000609277
-0.96956  0.000608397
-0.95945  0.000608188
-0.949408  0.000600295
-0.939313  0.000613361
-0.92921  0.000601424
-0.919169  0.000601179
-0.909078  0.000612178
-0.898928  0.000602367
-0.888917  0.000594968
-0.878866  0.0006079
-0.868816  0.000595307
-0.858781  0.000598226
-0.848731  0.000604682
-0.838632  0.00059939
-0.828563  0.000596079
-0.818496  0.000603705
-0.808457  0.00059383
-0.79839  0.000595836
-0.788329  0.000602263
-0.778274  0.000592322
-0.768198  0.000597311
-0.758122  0.000598821
-0.748032  0.00059666
-0.737919  0.000595832
-0.727863  0.00059517
-0.717787  0.000594971
-0.707643  0.000598723
-0.697554  0.000593892
-0.687506  0.000590828
-0.677419  0.000593587
-0.667335  0.000595111
-0.657274  0.000589032
-0.647156  0.000595713
-0.637049  0.000594682
-0.626941  0.000592226
-0.616777  0.00059494
-0.606645  0.000596465
-0.596545  0.000586782
-0.586442  0.000591108
-0.576434  0.0005843
-0.566394  0.000589797
-0.556251  0.000590303
-0.545734  0.000641879
-0.535201  0.000586478
-0.525102  0.0005881
-0.515026  0.000590804
-0.50492  0.000585086
-0.49486  0.000584228
-0.48482  0.000587825
-0.474679  0.000588701
-0.464597  0.000581089
-0.45458  0.00058905
-0.444459  0.000583205
-0.434388  0.000582875
-0.424367  0.000584689
-0.414237  0.000587879
-0.404105  0.000584241
-0.394029  0.00058808
-0.383892  0.000583934
-0.373749  0.000587461
-0.363638  0.000586869
-0.353497  0.000583409
-0.343418  0.000581082
-0.333389  0.0005827
-0.32325  0.000585865
-0.313142  0.000579085
-0.303125  0.000582395
-0.293073  0.000574591
-0.283044  0.000582163
-0.27299  0.000580918
-0.262893  0.000580325
-0.252847  0.000578362
-0.242759  0.000586475
-0.232552  0.000586773
-0.22244  0.000577209
-0.212454  0.000577162
-0.202336  0.000584329
-0.191759  0.00063358
-0.181224  0.000580478
-0.17111  0.000581178
-0.161049  0.000576143
-0.150987  0.000582863
-0.140825  0.000584848
-0.130724  0.000575906
-0.120653  0.00058292
-0.110518  0.000580539
-0.100446  0.000577589
-0.0904178  0.000576357
-0.0803447  0.000579912
-0.0702889  0.000574523
-0.0603206  0.000572136
-0.0502572  0.000582301
-0.0401979  0.000575038
-0.0301058  0.000583512
-0.0199846  0.000578585
-0.00990717  0.00057947
-0.00242593  0.0002791
0.00242593  0.0002791
0.00990717  0.00057947
0.0199846  0.000578585
0.0301058  0.000583512
0.0401979  0.000575038
0.0502572  0.000582301
0.0603206  0.000572136
0.0702889  0.000574523
0.0803447  0.000579912
0.0904178  0.000576357
0.100446  0.000577589
0.110518  0.000580539
0.120653  0.00058292
0.130724  0.000575906
0.140825  0.000584848
0.150987  0.000582863
0.161049  0.000576143
0.17111  0.000581178
0.181224  0.000580478
0.191759  0.00063358
0.202336  0.000584329
0.212454  0.000577162
0.22244  0.000577209
0.232552  0.000586773
0.242759  0.000586475
0.252847  0.000578362
0.262893  0.000580325
0.27299  0.000580918
0.283044  0.000582163
0.293073  0.000574591
0.303125  0.000582395
0.313142  0.000579085
0.32325  0.000585865
0.333389  0.0005827
0.343418  0.000581082
0.353497  0.000583409
0.363638  0.000586869
0.373749  0.000587461
0.383892  0.000583934
0.394029  0.00058808
0.404105  0.000584241
0.414237  0.000587879
0.424367  0.000584689
0.434388  0.000582875
0.444459  0.000583205
0.45458  0.00058905
0.464597  0.000581089
0.474679  0.000588701
0.48482  0.000587825
0.49486  0.000584228
0.50492  0.000585086
0.515026  0.000590804
0.525102  0.0005881
0.535201  0.000586478
0.545734  0.000641879
0.556251  0.000590303
0.566394  0.000589797
0.576434  0.0005843
0.586442  0.000591108
0.596545  0.000586782
0.606645  0.000596465
0.616777  0.00059494
0.626941  0.000592226
0.637049  0.000594682
0.647156  0.000595713
0.657274  0.000589032
0.667335  0.000595111
0.677419  0.000593587
0.687506  0.000590828
0.697554  0.000593892
0.707643  0.000598723
0.717787  0.000594971
0.727863  0.00059517
0.737919  0.000595832
0.748032  0.00059666
0.758122  0.000598821
0.768198  0.000597311
0.778274  0.000592322
0.788329  0.000602263
0.79839  0.000595836
0.808457  0.00059383
0.818496  0.000603705
0.828563  0.000596079
0.838632  0.00059939
0.848731  0.000604682
0.858781  0.000598226
0.868816  0.000595307
0.878866  0.0006079
0.888917  0.000594968
0.898928  0.000602367
0.909078  0.000612178
0.919169  0.000601179
0.92921  0.000601424
0.939313  0.000613361
0.949408  0.000600295
0.95945  0.000608188
0.96956  0.000608397
0.979645  0.000609277
0.989723  0.000606317
0.999851  0.000616709
1.00996  0.000604997
1.02001  0.000611367
1.03015  0.000616323
1.04027  0.00061258
1.05036  0.000610417
1.06051  0.000622818
1.07065  0.000609831
1.08074  0.000618735
1.09087  0.000616091
1.10098  0.000616408
1.11104  0.000613125
1.12155  0.000668339
1.13204  0.000614161
1.14205  0.000616071
1.15216  0.000621987
1.16229  0.000616576
1.17229  0.00061678
1.18242  0.000625888
1.19256  0.000622647
1.20263  0.000619307
1.21273  0.000625841
1.22288  0.000622843
1.23291  0.000624591
1.24305  0.000623711
1.25315  0.000628895
1.26322  0.000622056
1.27328  0.000626118
1.28341  0.000625748
1.29344  0.000630681
1.30353  0.000621436
1.31361  0.000633179
1.32367  0.000625268
1.33372  0.000628482
1.34381  0.000629723
1.35383  0.000633655
1.36392  0.000624391
1.37405  0.000641874
1.38407  0.000628184
1.39419  0.000638455
1.40434  0.000636291
1.41446  0.000643508
1.42459  0.000632294
1.43477  0.000648072
1.44479  0.00062977
1.45492  0.000642824
1.46502  0.000639344
1.4751  0.000641255
1.48516  0.00063551
1.49532  0.00064932
1.5053  0.000635524
1.51538  0.00063688
1.52541  0.000643253
1.5355  0.000647623
1.54554  0.000639655
1.55569  0.000648361
1.56567  0.000643237
1.57573  0.000636596
1.58578  0.00065788
1.59593  0.000649331
1.60595  0.000639685
1.61605  0.000652978
1.62607  0.000653869
1.63615  0.000638899
1.64621  0.000658525
1.65631  0.000655403
1.66633  0.000643068
1.67647  0.000663202
1.68658  0.000659387
1.69659  0.000637546
1.70664  0.000666311
1.71676  0.000659317
1.72681  0.000650533
1.73694  0.000664699
1.74704  0.000663965
1.75705  0.000645922
1.76714  0.000667657
1.77723  0.000660742
1.7872  0.000653611
1.79732  0.000666659
1.80745  0.000672334
1.81749  0.000651123
1.82757  0.000672625
1.83765  0.000662659
1.84766  0.000663762
1.85784  0.000672632
1.86793  0.000672116
1.87798  0.000660805
1.88806  0.000672938
1.89865  0.000734722
1.90909  0.000663121
1.91924  0.000677697
1.92941  0.000682577
1.93946  0.000661146
1.94951  0.000681179
1.95967  0.000673059
1.96964  0.000672872
1.97982  0.000680526
1.98997  0.000684964
1.99997  0.000664631
2.0105  0.000747907
2.02116  0.000681133
2.0311  0.000671401
2.04122  0.000683383
2.05134  0.000685116
2.06135  0.000673921
2.07141  0.000686697
2.08164  0.000690082
2.09163  0.000678742
2.1017  0.00067988
2.11186  0.000699399
2.12189  0.000674554
2.13197  0.000692092
2.1422  0.000695692
2.15224  0.000689393
2.16236  0.000685448
2.17253  0.000697939
2.18245  0.000676162
2.19251  0.000693005
2.2027  0.000697629
2.21276  0.000695697
2.22275  0.000677278
2.23342  0.000778336
2.24385  0.000673992
2.25394  0.000705729
2.2641  0.000692938
2.27409  0.000698456
2.28407  0.000678883
2.29432  0.000722086
2.30472  0.000743082
2.31529  0.00070813
2.32545  0.000699723
2.33554  0.000709098
2.34553  0.000680275
2.3557  0.000721009
2.36569  0.00069
2.37582  0.000708918
2.38592  0.000702944
2.39601  0.000706567
2.40597  0.000690781
2.41619  0.00072056
2.42607  0.000688905
2.43615  0.00070621
2.44626  0.000713998
2.4564  0.000709507
2.46628  0.000691103
2.47657  0.000730942
2.48654  0.000698413
2.49666  0.000708771
2.50674  0.000717886
2.51688  0.000711061
2.52684  0.000704908
2.53716  0.00073129
2.54721  0.000714238
2.55735  0.000707683
2.56751  0.000731905
2.57772  0.000714339
2.58766  0.000707178
2.59786  0.000720899
2.60789  0.00072087
2.61792  0.000700228
2.628  0.000732895
2.63818  0.000714812
2.64819  0.000718343
2.65841  0.000726053
2.66851  0.000725649
2.67854  0.000706894
2.68906  0.000790018
2.69962  0.000719479
2.70959  0.000716289
2.71974  0.000725923
2.72984  0.00072773
2.73984  0.000708824
2.74991  0.000730838
2.76005  0.00072025
2.77001  0.00072199
2.78022  0.000735977
2.79039  0.000728534
2.80039  0.000715544
2.81048  0.000734223
2.8207  0.000730616
2.83061  0.000714557
2.84074  0.00073384
2.8509  0.000732265
2.86094  0.000727357
2.87108  0.000733504
2.88134  0.000737916
2.89129  0.000721612
2.90144  0.000733256
2.91197  0.000794088
2.92244  0.000727935
2.93251  0.000729326
2.94271  0.00074014
2.95268  0.000727291
2.96287  0.000732368
2.97339  0.000800198
2.98386  0.000729409
2.9939  0.000726285
3.00411  0.000745184
3.01413  0.000735869
3.0243  0.000726938
3.03441  0.000750572
3.04453  0.000726303
3.05456  0.000732026
3.06477  0.000748369
3.0748  0.000735617
3.0849  0.000719123
3.09542  0.000820845
3.10595  0.000723679
3.11591  0.000724084
3.12607  0.000752281
3.13614  0.000739332
3.14626  0.000721275
3.15637  0.00076252
3.1665  0.000725246
3.17649  0.000728954
3.1866  0.000750462
3.19666  0.000735928
3.20715  0.000780113
3.21766  0.000770316
3.22784  0.000728154
3.23785  0.000725587
3.24788  0.000743777
3.25846  0.000822088
3.26907  0.000713746
3.27906  0.000764197
3.28925  0.000730697
3.2993  0.000735639
3.30934  0.00074384
3.31948  0.000749865
3.32955  0.000707835
3.33951  0.000768563
3.34967  0.000729088
3.35971  0.000730595
3.36972  0.000742254
3.37983  0.000752312
3.38993  0.000719796
3.39999  0.000759714
3.41011  0.000731386
3.42017  0.000739527
3.43025  0.000742838
3.44035  0.000749084
3.45043  0.00071864
3.46047  0.000759901
3.47063  0.000738921
3.48068  0.000731235
3.49073  0.000742524
3.50085  0.000751012
3.51092  0.000724131
3.521  0.000753593
3.53114  0.000738976
3.54113  0.000728077
3.55118  0.00074403
3.56132  0.000747395
3.57134  0.000722824
3.5814  0.000748249
3.59149  0.000741341
3.60159  0.000738993
3.61172  0.000739835
3.62187  0.000753941
3.63196  0.000728881
3.64207  0.000742029
3.65213  0.000743808
3.66223  0.000736148
3.67232  0.000735615
3.68251  0.000758281
3.69257  0.000722824
3.70263  0.000739592
3.71275  0.000749647
3.72287  0.00073194
3.73284  0.00071801
3.74287  0.000749403
3.75286  0.000725688
3.76296  0.000734147
3.77305  0.000746738
3.78312  0.00073073
3.79318  0.000727369
3.80335  0.000755137
3.81339  0.000725871
3.82346  0.000728327
3.83356  0.000747268
3.84374  0.000743871
3.85381  0.000714881
3.86388  0.00074906
3.87392  0.000727573
3.884  0.000722105
3.89407  0.00074382
3.90414  0.000734624
3.91419  0.000712304
3.92434  0.000759029
3.93444  0.000720293
3.94444  0.000718244
3.95452  0.000742466
3.9646  0.000731964
3.97465  0.000711653
3.98474  0.000746533
3.99472  0.000713217
4.00473  0.000720702
4.01495  0.000751857
4.02501  0.000719943
4.03499  0.000704659
4.04522  0.000765527
4.05532  0.000711345
4.0653  0.000712178
4.07548  0.000747915
4.08559  0.000721034
4.09559  0.00070631
4.10579  0.00075593
4.11589  0.000708486
4.12582  0.000702867
4.13601  0.000753467
4.14613  0.000716342
4.15608  0.000696245
4.16625  0.000748629
4.17632  0.00071097
4.18628  0.000700456
4.19648  0.000745437
4.20657  0.000711467
4.21651  0.000697824
4.22664  0.000734794
4.23671  0.000710943
4.24671  0.000701743
4.25689  0.000737558
4.26698  0.000710982
4.27703  0.000701902
4.28715  0.000722159
4.29728  0.000726414
4.30723  0.00068044
4.31732  0.000729685
4.32749  0.000715964
4.33755  0.000703323
4.34771  0.000718609
4.35794  0.000726597
4.36799  0.000687309
4.37816  0.000732617
4.38838  0.000708004
4.39839  0.000695034
4.40849  0.000708141
4.41904  0.000775348
4.42948  0.000680023
4.43953  0.000717328
4.44978  0.000713331
4.45973  0.000679498
4.46981  0.00070966
4.47999  0.000710788
4.49001  0.000676521
4.5  0.000708858
4.51028  0.000712229
4.52028  0.000676615
4.5307  0.000749531
4.54129  0.000722043
4.55147  0.0006762
4.56139  0.000688017
4.57158  0.000708551
4.58163  0.000682493
4.59171  0.000685723
4.60192  0.000712983
4.612  0.000669178
4.62192  0.000686378
4.6322  0.000705859
4.64215  0.000665384
4.65218  0.000679532
4.66242  0.000716957
4.67254  0.00066292
4.68249  0.000678384
4.69278  0.000705646
4.70281  0.000669705
4.71278  0.000658788
4.723  0.000715188
4.73309  0.0006544
4.74294  0.000665581
4.75321  0.000699801
4.76331  0.000672425
4.77332  0.000650041
4.78353  0.000713194
4.79364  0.000650311
4.80405  0.000720206
4.81466  0.000687419
4.82471  0.000665719
4.8347  0.000639286
4.84485  0.000707149
4.85505  0.000645902
4.86497  0.000658271
4.8752  0.000679899
4.88526  0.000661619
4.89527  0.000634151
4.90538  0.000697481
4.9155  0.000631268
4.92537  0.000648548
4.93558  0.000679116
4.94566  0.000654618
4.95567  0.000623966
4.96576  0.000689245
4.97598  0.000642719
4.98591  0.000636631
4.99605  0.000664839
5.00612  0.000650665
5.01614  0.000621726
5.02621  0.000678232
5.03642  0.000634297
5.04637  0.000633094
5.05647  0.000648543
5.06649  0.000650031
5.0766  0.000619515
5.08671  0.000666529
5.09692  0.000636556
5.1069  0.000621836
5.11697  0.000639825
5.12705  0.000645955
5.13758  0.000664862
5.14802  0.000656633
5.15827  0.000625859
5.16822  0.00061398
5.17831  0.000646329
5.18853  0.000635333
5.19854  0.000599024
5.20847  0.000635955
5.21868  0.000630898
5.22872  0.000608399
5.23882  0.00063698
5.24908  0.00062871
5.2591  0.00059979
5.26911  0.000627307
5.2793  0.000622554
5.28934  0.000599923
5.29934  0.000623469
5.30961  0.000621508
5.31959  0.000593811
5.32964  0.000617399
5.33982  0.000618695
5.34989  0.000593602
5.35985  0.00060569
5.37007  0.000614023
5.38002  0.000590854
5.39014  0.000607624
5.40035  0.000614925
5.41042  0.000582913
5.42037  0.00060071
5.43063  0.000605452
5.44062  0.000588688
5.45079  0.000598347
5.46138  0.000650418
5.47185  0.00057897
5.48175  0.000584249
5.49199  0.000599605
5.50192  0.000579334
5.51212  0.000587337
5.52291  0.000668714
5.53353  0.00056284
5.54339  0.00057623
5.55369  0.000602024
5.5637  0.000561089
5.5737  0.000570004
5.58381  0.000594932
5.5939  0.000558093
5.60382  0.000564373
5.61402  0.000588905
5.62396  0.000555817
5.634  0.000559777
5.64419  0.000590811
5.65425  0.000552392
5.66417  0.000548786
5.67433  0.000581077
5.68433  0.000558046
5.69449  0.00055254
5.70455  0.00056924
5.71466  0.000557924
5.72475  0.000546642
5.73492  0.000567459
5.74487  0.000550649
5.75503  0.000537336
5.76501  0.000557076
5.77513  0.000557201
5.78528  0.000539177
5.79546  0.000551905
5.80539  0.000548197
5.81564  0.000533016
5.82562  0.000546494
5.83576  0.000547015
5.84587  0.000526783
5.85592  0.000537683
5.86585  0.000543921
5.87613  0.000519377
5.88607  0.000536667
5.89618  0.000538496
5.90629  0.000522354
5.91636  0.000519404
5.92627  0.000540776
5.93655  0.000511989
5.94653  0.000529615
5.95708  0.000568508
5.96761  0.000517738
5.97773  0.000514548
5.98765  0.000529548
5.99795  0.000500536
6.0078  0.000516114
6.01796  0.000522731
6.02813  0.000508144
6.03829  0.000508041
6.04826  0.000519663
6.05851  0.000494889
6.06841  0.000508762
6.07862  0.000510508
6.08871  0.000499165
6.09884  0.000500141
6.10886  0.000508698
6.11907  0.000486577
6.12897  0.000494034
6.13907  0.000502578
6.1492  0.000491885
6.15935  0.000487997
6.16931  0.000497482
6.17951  0.000484921
6.18951  0.000484929
6.1997  0.000494176
6.21025  0.000526273
6.22074  0.000474017
6.23079  0.000493846
6.24102  0.00047224
6.25095  0.000471346
6.26104  0.000486137
6.27119  0.000475264
6.28129  0.000462465
6.2913  0.000483121
6.30146  0.000465156
6.31147  0.000463023
6.32153  0.000469092
6.33165  0.000472326
6.34173  0.000454486
6.35177  0.000463939
6.3619  0.000465712
6.37203  0.000456721
6.38202  0.000453221
6.3921  0.000463968
6.40229  0.000447138
6.41237  0.000458758
6.42237  0.000453247
6.43256  0.000445762
6.44255  0.000441914
6.45266  0.00045997
6.46279  0.000435271
6.47278  0.000445275
6.48333  0.000487077
6.494  0.000439113
6.50401  0.00043372
6.51411  0.000450431
6.52421  0.000418148
6.53423  0.000446913
6.54431  0.000431349
6.55492  0.000464657
6.56553  0.000442203
6.57562  0.000426841
6.58572  0.000415552
6.5957  0.000431474
6.60575  0.000421495
6.61592  0.000422589
6.626  0.000423805
6.63608  0.000420135
6.64663  0.000445425
6.65719  0.00043149
6.66723  0.000405397
6.67737  0.000412795
6.68745  0.00041239
6.69748  0.000413843
6.7076  0.000395708
6.71775  0.000429529
6.72786  0.000395075
6.73801  0.000403913
6.74803  0.000403439
6.75812  0.000404723
6.76821  0.000389227
6.77835  0.000414388
6.7884  0.000388657
6.79904  0.000430565
6.80952  0.000395784
6.81968  0.000399787
6.8298  0.00037804
6.83988  0.000399531
6.84989  0.000382917
6.86018  0.000385434
6.87008  0.00038392
6.88021  0.000386107
6.89024  0.000369301
6.90033  0.000387954
6.91071  0.000403627
6.922  0.000424915
6.93244  0.000366517
6.94248  0.000376487
6.95249  0.000355224
6.96254  0.000385321
6.97258  0.000360345
6.98331  0.000409017
6.99385  0.000363079
7.00439  0.000403786
7.01519  0.00036476
7.02526  0.00036471
7.03535  0.000354357
7.04549  0.000362786
7.05556  0.000352767
7.06545  0.000347838
7.0756  0.000356636
7.08572  0.000358308
7.09576  0.000341707
7.10579  0.000350849
7.11596  0.000349134
7.12593  0.00034266
7.13603  0.000343148
7.14658  0.000380206
7.15712  0.000335205
7.16721  0.000346925
7.17738  0.000333721
7.18739  0.000344194
7.19762  0.00032803
7.20759  0.000343039
7.21821  0.000357116
7.22875  0.000335393
7.23895  0.000328031
7.2489  0.000330765
7.25957  0.000358665
7.27007  0.000319099
7.28013  0.000329719
7.29031  0.000324511
7.30045  0.000318972
7.31041  0.00031936
7.32066  0.000322972
7.33074  0.000315526
7.34076  0.000314465
7.35087  0.000314056
7.36093  0.000309751
7.37095  0.000312308
7.38149  0.000335455
7.39195  0.00030488
7.40197  0.000311436
7.41219  0.000308708
7.42232  0.00029938
7.43231  0.000303515
7.44233  0.000297088
7.45242  0.000304711
7.46247  0.000298372
7.47269  0.000298023
7.48267  0.000290949
7.49277  0.000302201
7.5029  0.000290886
7.51305  0.000294723
7.52309  0.000290906
7.53333  0.000292941
7.54332  0.000282945
7.55342  0.000288223
7.5634  0.000284486
7.57365  0.000286924
7.58359  0.00028019
7.59428  0.000310505
7.60476  0.000277246
7.61495  0.000286437
7.62499  0.000269175
7.63514  0.00028061
7.64507  0.000271263
7.65525  0.000275577
7.66527  0.000271535
7.67543  0.000272656
7.68538  0.000264206
7.69554  0.000273613
7.70556  0.000267241
7.71579  0.00026589
7.72588  0.000267864
7.73596  0.000259656
7.74589  0.000259966
7.75618  0.000267178
7.76619  0.000259821
7.77639  0.000255441
7.78645  0.000263818
7.79653  0.000250392
7.80648  0.000252216
7.81668  0.000259111
7.82671  0.000250102
7.83689  0.000249321
7.84702  0.000258825
7.85705  0.000239991
7.86705  0.000250251
7.8773  0.000246515
7.88735  0.000247513
7.89741  0.000238495
7.9076  0.000252059
7.91765  0.000235136
7.92769  0.000239032
7.93786  0.00024222
7.94824  0.000256037
7.9588  0.000232928
7.96896  0.000244846
7.97902  0.000225649
7.98901  0.000233881
7.99932  0.000240231
8.00934  0.000223573
8.01935  0.000227486
8.02952  0.000232829
8.03958  0.000222096
8.04955  0.000223841
8.05983  0.000233788
8.06986  0.000217901
8.07998  0.000218257
8.09009  0.000228542
8.10015  0.000216881
8.1102  0.000215358
8.12051  0.00022645
8.13044  0.000207033
8.1405  0.00021598
8.1506  0.000217885
8.16072  0.00021075
8.17079  0.000209829
8.18144  0.000235339
8.1919  0.000204784
8.202  0.000207671
8.21215  0.000211231
8.22222  0.000202932
8.23224  0.000201311
8.24256  0.000214153
8.25246  0.000194053
8.26257  0.000202746
8.27275  0.000205338
8.28282  0.000193599
8.29275  0.000193888
8.30305  0.000208669
8.31309  0.000187945
8.32316  0.000196415
8.33331  0.000197018
8.34337  0.000189164
8.35336  0.00018904
8.36364  0.000197362
8.37361  0.000184861
8.38368  0.000186105
8.39383  0.000192378
8.40384  0.000181173
8.41386  0.000183892
8.42413  0.000190316
8.43409  0.00017826
8.44414  0.000179908
8.45433  0.000186824
8.46433  0.000176236
8.47442  0.000179391
8.48462  0.000179941
8.49459  0.000175607
8.50522  0.000191122
8.5163  0.000192423
8.52678  0.000173621
8.53682  0.000170373
8.54702  0.000174263
8.55758  0.000186767
8.56823  0.000169776
8.5783  0.000169217
8.58834  0.000167804
8.59857  0.000166113
8.60873  0.000168171
8.61873  0.000161331
8.62875  0.000163911
8.63889  0.000163205
8.6489  0.000163228
8.65907  0.000157445
8.66915  0.00015972
8.6791  0.000157317
8.68909  0.000158851
8.69936  0.000157239
8.70936  0.000156435
8.71952  0.000151411
8.72959  0.00016088
8.73972  0.000150863
8.74975  0.000149494
8.7599  0.000150517
8.76982  0.000152654
8.77996  0.000147969
8.79013  0.000151264
8.80018  0.000145594
8.81017  0.000147697
8.82043  0.000143652
8.83049  0.000150785
8.84059  0.000138149
8.8507  0.000148299
8.86072  0.000139909
8.87085  0.000141568
8.88106  0.000139825
8.89101  0.000144926
8.90114  0.000133251
8.91144  0.000142562
8.92151  0.000135834
8.93155  0.000139113
8.94184  0.000133314
8.95186  0.000137583
8.96188  0.000130175
8.97218  0.000134405
8.98217  0.000135147
8.99229  0.000128268
9.00255  0.000131101
9.01252  0.000132014
9.0226  0.000125876
9.03289  0.000128974
9.04321  0.000140159
9.05386  0.000124176
9.06412  0.00012702
9.07411  0.000123229
9.08402  0.000123951
9.09433  0.000120161
9.10426  0.000128484
9.11443  0.000116914
9.12468  0.000123667
9.13462  0.000119703
9.14475  0.000119466
9.15514  0.000116095
9.16503  0.000124424
9.17518  0.00011141
9.18545  0.000119762
9.19538  0.000112966
9.20539  0.000114409
9.21615  0.000122089
9.22654  0.000117039
9.23667  0.00010947
9.24683  0.00011069
9.25673  0.000111222
9.26682  0.000109089
9.2772  0.000109929
9.28707  0.000110827
9.29706  0.000104225
9.3074  0.00010654
9.31732  0.000110218
9.32736  0.000101497
9.3376  0.000106847
9.34806  0.000113477
9.35852  0.000102418
9.36938  0.000114673
9.37983  0.000100451
9.38977  9.841e-05
9.39998  0.000105056
9.41013  9.84805e-05
9.41998  9.79111e-05
9.43042  0.000100289
9.44036  9.84689e-05
9.45032  9.43101e-05
9.46055  9.89439e-05
9.47069  9.54603e-05
9.48063  9.3713e-05
9.49084  9.51431e-05
9.5009  9.53791e-05
9.51093  8.9711e-05
9.52116  9.80694e-05
9.53139  9.14511e-05
9.54146  8.97212e-05
9.55149  8.95821e-05
9.56166  9.33077e-05
9.57152  8.60654e-05
9.58185  9.22551e-05
9.592  8.67538e-05
9.60197  8.75842e-05
9.61201  8.63533e-05
9.6223  8.90491e-05
9.63224  8.18228e-05
9.64249  8.78665e-05
9.65257  8.55179e-05
9.6627  8.2688e-05
9.67268  8.32583e-05
9.68303  8.28637e-05
9.69284  8.12164e-05
9.70315  8.29588e-05
9.71324  8.21109e-05
9.72382  8.66769e-05
9.73417  7.78587e-05
9.74457  8.01698e-05
9.75432  7.81717e-05
9.76466  7.80759e-05
9.77462  7.96498e-05
9.78495  7.64412e-05
9.79474  7.39224e-05
9.80506  7.78948e-05
9.81564  8.50741e-05
9.82651  7.12819e-05
9.83638  7.66714e-05
9.8468  7.31619e-05
9.85664  7.12322e-05
9.86683  7.3999e-05
9.87674  7.17181e-05
9.88698  6.77951e-05
9.89699  7.52142e-05
9.90728  7.13761e-05
9.91727  6.74052e-05
9.92733  6.88274e-05
9.93738  6.95052e-05
9.94768  6.61908e-05
9.95763  7.26293e-05
9.96793  6.71182e-05
9.97808  6.5437e-05
9.9882  6.75337e-05
9.99836  6.60093e-05
10.0085  6.33193e-05
10.0187  6.91984e-05
10.0289  6.35793e-05
10.0391  6.19585e-05
10.0491  6.44991e-05
10.0592  6.33738e-05
10.0693  6.07506e-05
10.0799  6.97849e-05
10.0904  6.10966e-05
10.1008  5.95559e-05
10.1106  6.18232e-05
10.1209  6.07212e-05
10.131  5.62736e-05
10.141  6.14409e-05
10.1511  5.98341e-05
10.1615  5.60529e-05
10.1713  5.9741e-05
10.1816  5.69175e-05
10.1918  5.5559e-05
10.2017  5.6181e-05
10.2117  5.77804e-05
10.2222  5.37552e-05
10.2321  5.74781e-05
10.2428  5.78247e-05
10.2536  5.58453e-05
10.2635  5.43038e-05
10.2737  5.40497e-05
10.2841  5.18682e-05
10.2939  5.26935e-05
10.3041  5.18554e-05
10.3145  5.29296e-05
10.3245  5.13939e-05
10.3345  5.07285e-05
10.3448  4.87334e-05
10.3548  5.26729e-05
10.365  4.81926e-05
10.3754  5.06725e-05
10.3852  4.83365e-05
10.3954  4.76941e-05
10.4056  4.79528e-05
10.4157  4.9634e-05
10.4258  4.55144e-05
10.4362  4.83983e-05
10.446  4.50989e-05
10.4563  4.87532e-05
10.4664  4.30764e-05
10.4766  4.82139e-05
10.4866  4.34456e-05
10.4972  4.6245e-05
10.5068  4.26138e-05
10.5171  4.51355e-05
10.5274  4.29538e-05
10.5378  4.78359e-05
10.5484  4.22847e-05
10.5586  4.28873e-05
10.569  4.61655e-05
10.5796  4.11533e-05
10.5896  4.08431e-05
10.5997  4.09564e-05
10.6098  4.20408e-05
10.6202  3.93613e-05
10.6301  4.17877e-05
10.6404  3.93637e-05
10.6505  3.98182e-05
10.6606  3.82055e-05
10.6707  3.99412e-05
10.6811  3.7068e-05
10.6909  3.93916e-05
10.7016  4.06758e-05
10.7122  3.82571e-05
10.7224  3.61749e-05
10.7324  3.83444e-05
10.7429  3.56857e-05
10.7528  3.64038e-05
10.7628  3.5539e-05
10.773  3.65803e-05
10.7838  3.72466e-05
10.7942  3.60607e-05
10.8044  3.35853e-05
10.8149  3.88907e-05
10.8257  3.3542e-05
10.8358  3.4148e-05
10.846  3.34532e-05
10.8561  3.32054e-05
10.8662  3.17886e-05
10.8764  3.4196e-05
10.8864  3.20463e-05
10.8963  3.1e-05
10.9066  3.1961e-05
10.917  3.2269e-05
10.9271  3.1016e-05
10.9372  3.11965e-05
10.9473  3.18291e-05
10.9577  2.86383e-05
10.9676  3.14305e-05
10.9778  2.99684e-05
10.988  2.91726e-05
10.9983  2.98155e-05
11.0083  2.97832e-05
11.0187  2.69709e-05
11.0284  2.91831e-05
11.0389  2.97417e-05
11.0489  2.74522e-05
11.0589  2.68216e-05
11.069  2.82112e-05
11.0794  2.66903e-05
11.0894  2.9329e-05
11.0997  2.5707e-05
11.1097  2.58473e-05
11.1199  2.70056e-05
11.13  2.7389e-05
11.1404  2.47203e-05
11.1503  2.66927e-05
11.1604  2.41996e-05
11.1706  2.64451e-05
11.1807  2.41906e-05
11.1911  2.60521e-05
11.2019  2.60843e-05
11.2122  2.48418e-05
11.2226  2.38364e-05
11.2332  2.61581e-05
11.2441  2.59668e-05
11.2547  2.35162e-05
11.2651  2.32268e-05
11.275  2.26131e-05
11.2854  2.33492e-05
11.2957  2.33178e-05
11.3056  2.17619e-05
11.3157  2.08655e-05
11.3258  2.34956e-05
11.3361  2.17755e-05
11.3463  2.11053e-05
11.3567  2.23281e-05
11.3666  2.0621e-05
11.377  2.13286e-05
11.3872  2.09784e-05
11.3973  2.07984e-05
11.4073  1.92465e-05
11.418  2.2063e-05
11.4278  1.94409e-05
11.438  1.92533e-05
11.448  2.05393e-05
11.4584  1.90102e-05
11.4685  1.79169e-05
11.4787  2.08249e-05
11.4888  1.89401e-05
11.4992  1.7772e-05
11.5093  2.0224e-05
11.5196  1.74427e-05
11.5293  1.71571e-05
11.5399  1.94472e-05
11.5499  1.79145e-05
11.56  1.59869e-05
11.57  1.84992e-05
11.5802  1.70976e-05
11.5906  1.80101e-05
11.601  1.73938e-05
11.6112  1.71147e-05
11.6217  1.59161e-05
11.6316  1.76251e-05
11.6421  1.67522e-05
11.6526  1.65093e-05
11.6628  1.53664e-05
11.6729  1.70777e-05
11.6831  1.4281e-05
11.6935  1.79751e-05
11.7042  1.51173e-05
11.7146  1.59491e-05
11.7249  1.49636e-05
11.7349  1.51173e-05
11.7453  1.38446e-05
11.755  1.57802e-05
11.7652  1.40927e-05
11.7756  1.4214e-05
11.7857  1.41764e-05
11.7963  1.65442e-05
11.807  1.3123e-05
11.8172  1.41432e-05
11.8272  1.37145e-05
11.8375  1.33946e-05
11.8477  1.34319e-05
11.8578  1.30926e-05
11.868  1.25307e-05
11.8783  1.43314e-05
11.8883  1.27503e-05
11.899  1.2761e-05
11.9088  1.24274e-05
11.9191  1.29517e-05
11.9292  1.17616e-05
11.9398  1.31392e-05
11.9497  1.19082e-05
11.96  1.20177e-05
11.9702  1.22345e-05
11.9806  1.24238e-05
11.9909  1.04888e-05
12.0014  1.26165e-05
12.0111  1.09375e-05
12.0215  1.13017e-05
12.0318  1.14992e-05
12.0422  1.11806e-05
12.0524  1.06489e-05
12.0626  1.13107e-05
12.0725  1.08118e-05
12.083  1.10825e-05
12.0935  1.08804e-05
12.1041  1.02176e-05
12.1138  9.80504e-06
12.1245  1.08303e-05
12.1342  1.0022e-05
12.1447  9.40317e-06
12.1549  1.0763e-05
12.165  9.59023e-06
12.1753  9.48779e-06
12.1853  9.49914e-06
12.1953  9.49685e-06
12.2058  9.27128e-06
12.2161  9.87273e-06
12.2263  8.93154e-06
12.2366  9.29763e-06
12.2469  8.63385e-06
12.2571  9.71836e-06
12.2673  8.5243e-06
12.2778  9.25406e-06
12.2876  8.03804e-06
12.2977  8.62175e-06
12.308  8.40504e-06
12.3182  8.64466e-06
12.3288  7.9876e-06
12.3388  9.1308e-06
12.349  7.48463e-06
12.3595  8.51334e-06
12.37  8.27781e-06
12.3801  7.56011e-06
12.3902  7.38303e-06
12.4005  8.33971e-06
12.4111  7.78633e-06
12.4215  7.80836e-06
12.4316  7.19684e-06
12.442  7.40062e-06
12.4523  6.9397e-06
12.4623  7.83395e-06
12.4727  6.98748e-06
12.483  6.97481e-06
12.4929  6.78045e-06
12.5032  6.89024e-06
12.5133  6.85286e-06
12.5235  6.94838e-06
12.534  6.64015e-06
12.5444  6.63396e-06
12.5544  6.55915e-06
12.5645  6.14051e-06
12.5748  7.22395e-06
12.5852  6.17886e-06
12.5954  6.04171e-06
12.6062  6.0491e-06
12.6161  6.93601e-06
12.6266  5.63353e-06
12.6365  6.00463e-06
12.6468  5.75985e-06
12.657  6.02262e-06
12.6676  5.7428e-06
12.6772  5.69628e-06
12.6879  5.498e-06
12.6979  6.11937e-06
12.7084  5.15218e-06
12.7185  5.43349e-06
12.7291  5.70337e-06
12.7389  5.31032e-06
12.7495  5.48679e-06
12.76  5.56777e-06
12.77  4.95487e-06
12.7801  5.12005e-06
12.7909  5.05322e-06
12.8009  5.11712e-06
12.8112  4.53278e-06
12.8215  5.52141e-06
12.8325  4.88308e-06
12.8428  4.64121e-06
12.8531  4.76625e-06
12.8632  4.83762e-06
12.8736  4.89757e-06
12.8845  4.53933e-06
12.8949  4.76432e-06
12.9052  4.19546e-06
12.9154  4.66138e-06
12.926  4.48809e-06
12.9362  3.98929e-06
12.9466  4.6006e-06
12.9565  4.11803e-06
12.9671  4.33001e-06
12.9771  4.0283e-06
12.9879  4.4374e-06
12.9982  3.67808e-06
13.0089  4.3725e-06
13.0192  3.79539e-06
13.0292  3.79113e-06
13.0394  3.75964e-06
13.0499  4.27451e-06
13.0604  3.3504e-06
13.0705  3.97947e-06
13.0808  3.78349e-06
13.0917  3.7023e-06
13.1024  3.40579e-06
13.1131  3.97783e-06
13.1238  3.66867e-06
13.1339  3.45213e-06
13.144  3.20574e-06
13.1544  3.75125e-06
13.1652  3.1598e-06
13.1753  3.2146e-06
13.1861  3.25331e-06
13.1969  3.79702e-06
13.2073  3.00676e-06
13.2185  3.57594e-06
13.2297  3.13649e-06
13.2395  3.07755e-06
13.2502  3.3374e-06
13.2608  2.79722e-06
13.2711  3.1344e-06
13.2818  2.88804e-06
13.2922  2.7751e-06
13.3027  2.97901e-06
13.3128  2.43885e-06
13.3232  3.20009e-06
13.3333  2.72975e-06
13.3442  2.76568e-06
13.3546  2.82649e-06
13.3656  2.98313e-06
13.3765  2.28276e-06
13.3863  2.45199e-06
13.3968  2.61018e-06
13.4072  2.81551e-06
13.4176  2.43207e-06
13.4283  2.52e-06
13.4389  2.63673e-06
13.449  2.52318e-06
13.4598  2.34613e-06
13.4713  2.27633e-06
13.4814  2.38828e-06
13.4923  2.56308e-06
13.5034  2.20198e-06
13.5134  2.36534e-06
13.5244  2.04675e-06
13.5345  2.38941e-06
13.5454  2.05468e-06
13.5552  2.19597e-06
13.5662  2.21923e-06
13.5762  1.67705e-06
13.5867  2.09516e-06
13.5969  2.14709e-06
13.6073  2.15405e-06
13.6178  2.07923e-06
13.6288  1.85152e-06
13.6397  2.01707e-06
13.651  2.00174e-06
13.6612  1.95595e-06
13.6714  1.6025e-06
13.6818  1.98003e-06
13.6914  1.62911e-06
13.7018  1.768e-06
13.7128  1.65144e-06
13.723  1.8461e-06
13.7341  2.01412e-06
13.745  1.79363e-06
13.7558  1.36823e-06
13.7647  1.60923e-06
13.7762  1.83421e-06
13.7869  1.67852e-06
13.797  1.36744e-06
13.8074  1.71897e-06
13.818  1.56657e-06
13.8284  1.42162e-06
13.8383  1.58805e-06
13.8485  1.37294e-06
13.8595  1.35636e-06
13.8697  1.69831e-06
13.8817  1.36574e-06
13.8921  1.72553e-06
13.9031  1.29165e-06
13.9123  1.26011e-06
13.9236  1.40154e-06
13.9348  1.40259e-06
13.9456  1.54924e-06
13.9555  1.10963e-06
13.9661  1.20641e-06
13.9765  1.11691e-06
13.9867  1.45084e-06
13.997  1.19229e-06
14.0076  1.30957e-06
14.018  1.18142e-06
14.0286  1.11446e-06
14.039  1.157e-06
14.0496  1.21713e-06
14.0606  1.28643e-06
14.0709  1.10888e-06
14.0812  1.04114e-06
14.0919  1.0797e-06
14.1024  1.18841e-06
14.1135  1.13711e-06
14.1247  1.0329e-06
14.136  1.11459e-06
14.1465  1.11078e-06
14.1574  9.88352e-07
14.1671  9.26436e-07
14.1778  9.12016e-07
14.1884  1.0596e-06
14.1986  8.50384e-07
14.2092  9.46355e-07
14.2211  1.24248e-06
14.2315  8.6857e-07
14.2415  8.524e-07
14.2518  7.30523e-07
14.2622  8.91968e-07
14.2729  9.29338e-07
14.2832  8.43472e-07
14.2937  8.1941e-07
14.3045  9.09369e-07
14.3161  8.81213e-07
14.3263  8.97243e-07
14.3384  7.88269e-07
14.3487  8.90487e-07
14.3604  7.47906e-07
14.3717  7.20305e-07
14.3807  7.14469e-07
14.391  7.4781e-07
14.4015  7.18554e-07
14.4117  7.3947e-07
14.4222  7.15116e-07
14.4327  6.8897e-07
14.443  7.5794e-07
14.4544  7.14057e-07
14.4653  7.13922e-07
14.4754  6.04248e-07
14.4851  5.74794e-07
14.4967  6.51741e-07
14.5067  6.16128e-07
14.5171  6.99876e-07
14.5273  7.08874e-07
14.5382  5.68298e-07
14.5483  5.23814e-07
14.5591  6.05274e-07
14.5681  4.83586e-07
14.5791  6.29268e-07
14.5904  5.32227e-07
14.6001  7.25472e-07
14.6117  4.75823e-07
14.6214  6.09117e-07
14.634  5.8531e-07
14.6443  4.7453e-07
14.6553  5.13816e-07
14.6649  4.06997e-07
14.6763  6.16388e-07
14.6864  5.39791e-07
14.6962  4.84385e-07
14.7065  4.19121e-07
14.7173  4.5595e-07
14.7282  5.49753e-07
14.7392  4.55544e-07
14.7502  4.69277e-07
14.7587  3.49344e-07
14.7692  4.81919e-07
14.7798  5.1202e-07
14.7907  3.58091e-07
14.8023  4.44936e-07
14.8117  4.20651e-07
14.8217  3.59932e-07
14.8331  3.9078e-07
14.8427  3.94483e-07
14.8537  4.23964e-07
14.8641  4.12131e-07
14.8753  4.9136e-07
14.8855  3.18898e-07
14.8956  2.97307e-07
14.9071  4.16626e-07
14.9186  3.54132e-07
14.9286  4.28244e-07
14.9376  3.62518e-07
14.9514  3.50924e-07
14.9599  2.34574e-07
14.9699  3.47345e-07
14.9812  3.7348e-07
14.993  3.48086e-07
15.004  3.29168e-07
15.0153  3.83321e-07
15.0263  2.84689e-07
15.0358  2.70749e-07
15.0471  2.99442e-07
15.0587  4.15307e-07
15.0696  2.26823e-07
15.0806  2.67953e-07
15.089  2.79903e-07
15.0991  2.87888e-07
15.1104  2.97123e-07
15.1216  2.23352e-07
15.1329  3.43721e-07
15.1426  2.78595e-07
15.1526  2.24938e-07
15.163  2.07746e-07
15.1727  2.27344e-07
15.1833  2.84889e-07
15.195  2.67824e-07
15.2059  2.2543e-07
15.2159  2.7402e-07
15.2277  1.83634e-07
15.2372  2.13794e-07
15.2476  2.61749e-07
15.2585  2.64419e-07
15.2698  2.42157e-07
15.2814  1.8702e-07
15.2912  1.90219e-07
15.3026  1.79384e-07
15.3126  2.74459e-07
15.3232  2.00033e-07
15.3331  1.85039e-07
15.3444  1.90918e-07
15.3541  1.30474e-07
15.3655  1.82711e-07
15.3753  1.90447e-07
15.3863  2.40373e-07
15.3967  1.56369e-07
15.4086  1.90105e-07
15.4184  2.4293e-07
15.4299  1.80474e-07
15.4396  1.23909e-07
15.4522  1.01539e-07
15.4628  2.09225e-07
15.4727  1.44832e-07
15.4823  1.32036e-07
15.4922  1.83314e-07
15.5024  1.66385e-07
15.5145  1.52415e-07
15.523  1.30842e-07
15.5342  1.78423e-07
15.5466  1.93942e-07
15.5571  1.67238e-07
15.5687  8.24162e-08
15.5769  8.32505e-08
15.5893  1.7653e-07
15.5996  1.68065e-07
15.6098  1.49958e-07
15.6222  8.76974e-08
15.6322  1.31159e-07
15.6419  1.18015e-07
15.6523  1.21537e-07
15.6637  1.08438e-07
15.6744  1.03291e-07
15.6842  1.32222e-07
15.6945  9.31854e-08
15.7055  1.73686e-07
15.7142  9.96332e-08
15.7264  1.20509e-07
15.7384  9.75954e-08
15.7491  1.24503e-07
15.7615  1.03202e-07
15.7731  1.03948e-07
15.7834  8.19329e-08
15.7935  1.68821e-07
15.8049  7.93758e-08
15.8153  1.01434e-07
15.8263  8.7712e-08
15.8377  7.32812e-08
15.8487  8.75536e-08
15.8583  1.04217e-07
15.871  1.03596e-07
15.8813  9.09956e-08
15.8914  9.11668e-08
15.9062  8.4537e-08
15.9165  8.42539e-08
15.9273  1.04335e-07
15.9342  4.75397e-08
15.9468  4.78368e-08
15.9552  1.06035e-07
15.9664  8.92108e-08
15.9786  8.55066e-08
15.9908  5.26439e-08
16.0005  7.11729e-08
16.0101  7.6119e-08
16.0232  5.60783e-08
16.0355  7.13746e-08
16.0447  7.48154e-08
16.0575  8.01676e-08
16.0674  7.21962e-08
16.0794  6.13759e-08
16.0901  6.90955e-08
16.1022  7.99412e-08
16.1109  5.15201e-08
16.1222  5.16149e-08
16.1321  7.08239e-08
16.146  5.43514e-08
16.1568  3.68252e-08
16.1681  5.33635e-08
16.1761  6.2502e-08
16.187  6.69536e-08
16.1992  7.45014e-08
16.2081  6.38561e-08
16.222  3.47544e-08
16.2296  2.94533e-08
16.242  6.5836e-08
16.2551  6.98139e-08
16.2694  3.49676e-08
16.2822  4.52437e-08
16.2863  5.16933e-08
16.3014  2.52495e-08
16.3092  4.48726e-08
16.3241  5.46247e-08
16.334  4.39756e-08
16.3429  3.88448e-08
16.3551  4.82135e-08
16.3666  4.79164e-08
16.379  3.39855e-08
16.3883  3.87146e-08
16.4016  5.12736e-08
16.4128  4.63694e-08
16.421  3.41788e-08
16.4336  2.65572e-08
16.4488  2.8048e-08
16.4599  5.77904e-08
16.4705  3.43803e-08
16.4852  4.15498e-08
16.4988  2.45825e-08
16.5069  6.24557e-08
16.5221  2.12698e-08
16.5319  1.99839e-08
16.5451  2.63088e-08
16.5593  2.75533e-08
16.5693  3.04942e-08
16.5825  7.37045e-08
16.5949  2.61459e-08
16.6053  3.21111e-08
16.619  2.67322e-08
16.6361  2.74386e-08
16.6487  2.05187e-08
16.6615  3.58206e-08
16.6759  3.15175e-08
16.6837  2.15633e-08
16.6958  2.87367e-08
16.71  1.331e-08
16.7203  2.2583e-08
16.7354  3.32195e-08
16.747  3.27836e-08
16.7596  1.88888e-08
16.7733  1.77653e-08
16.7829  2.74006e-08
16.7932  3.59966e-08
16.8031  9.67614e-09
16.8169  1.66689e-08
16.8281  1.63453e-08
16.8404  1.42803e-08
16.8501  1.12551e-08
16.8617  3.50031e-08
16.8742  2.17934e-08
16.8827  1.79543e-08
16.8999  1.46499e-08
16.9118  1.36936e-08
16.923  1.57962e-08
16.9348  1.28021e-08
16.9452  1.01974e-08
16.9569  1.96492e-08
16.9663  1.97011e-08
16.9776  2.00058e-08
16.9936  1.15753e-08
16.9998  1.84268e-08
17.019  1.32161e-08
17.0295  1.35413e-08
17.0401  1.36159e-08
17.0519  1.81471e-08
17.064  1.50684e-08
17.0744  1.50546e-08
17.0861  6.31604e-09
17.0997  4.95657e-09
17.1122  9.5553e-09
17.1251  2.2647e-08
17.1389  7.53165e-09
17.1502  1.3277e-08
17.1577  1.31025e-08
17.1741  1.94354e-09
17.1811  1.74689e-08
17.1949  1.17035e-08
17.2014  5.5395e-09
17.218  9.12907e-09
17.2358  1.77805e-08
17.2455  8.03731e-09
17.2602  1.31682e-08
17.2777  1.82071e-08
17.2898  9.09172e-09
17.3002  4.7808e-09
17.31  6.00997e-09
17.33  1.42579e-08
17.3474  3.4806e-09
17.3593  9.58117e-09
17.3728  1.46936e-08
17.3991  7.17027e-09
17.4101  1.03593e-08
17.4289  7.64417e-09
17.4437  1.39189e-08
17.4575  1.35345e-08
17.4773  5.97118e-09
17.4893  1.05868e-09
17.4958  5.55815e-09
17.5076  8.12859e-09
17.5278  2.94911e-09
17.5354  7.99056e-09
17.5526  1.02198e-08
17.5773  6.91485e-09
17.5929  5.78895e-09
17.6116  8.24303e-09
17.6186  3.48019e-09
17.6371  2.59578e-09
17.6489  4.52583e-09
17.6566  9.78623e-09
17.6713  8.50218e-09
17.6858  4.84537e-09
17.704  2.1808e-09
17.7278  5.39997e-09
17.7357  3.61532e-09
17.7574  6.18369e-10
17.7671  5.41834e-09
17.774  4.00053e-09
17.7835  6.25036e-09
17.8018  1.71492e-09
17.815  9.66478e-10
17.8347  6.66477e-09
17.8528  7.19016e-09
17.8692  4.82087e-09
17.8842  2.8533e-09
17.9045  2.95325e-09
17.9129  4.04489e-09
17.9331  4.10678e-09
17.9478  5.2945e-09
17.965  4.9164e-10
17.9884  4.93994e-09
18.0136  2.27934e-09
18.0239  2.20915e-09
18.0465  4.96551e-09
18.0601  5.06864e-09
18.1109  4.19674e-09
18.123  3.55475e-09
18.1446  1.7359e-09
18.1517  3.80184e-09
18.1678  9.42921e-10
18.2053  4.35484e-10
18.2288  4.53003e-09
18.236  1.75592e-09
18.269  4.88608e-09
18.2848  4.68304e-10
18.3066  1.93345e-09
18.3249  4.9576e-09
18.3448  4.90392e-10
18.3934  2.59143e-10
18.3984  2.52969e-09
18.4178  1.62249e-09
18.4505  2.68498e-09
18.4671  4.04162e-10
18.4851  1.64991e-09
18.5054  1.28449e-09
18.5261  2.01292e-09
18.5491  1.94272e-09
18.6028  1.75283e-09
18.6291  4.2672e-10
18.641  1.52955e-09
18.6665  9.87509e-10
18.6795  4.44639e-10
18.7025  1.15965e-09
18.7262  1.77214e-09
18.7606  4.10584e-10
18.7728  1.46138e-09
18.846  8.02273e-10
18.8572  2.41916e-10
18.8814  4.46372e-10
18.925  1.35023e-09
18.9416  1.96189e-09
18.9785  9.26878e-10
19.0339  3.83761e-10
19.1022  1.23167e-09
19.1214  3.03814e-10
19.1403  3.71062e-10
19.2185  6.30861e-10
19.2569  3.5195e-10
19.3185  1.09715e-09
19.3544  2.14733e-10
19.3888  3.45653e-10
19.4974  2.11157e-10
19.5411  3.19363e-10
19.5945  8.76921e-10
19.7182  2.91322e-10
19.9345  2.59503e-10
19.9705  3.04739e-10
20.2105  2.07414e-10
20.5865  1.44157e-10
