-20.4512  1.20739e-10
-20.0867  1.69506e-10
-19.8462  2.51469e-10
-19.8209  2.10486e-10
-19.6085  2.45961e-10
-19.4817  7.06077e-10
-19.426  2.89763e-10
-19.3621  1.76855e-10
-19.2693  3.00126e-10
-19.2412  1.74582e-10
-19.2159  8.76777e-10
-19.1319  3.33636e-10
-19.1172  4.95632e-10
-19.0052  1.35378e-09
-18.9976  2.48288e-10
-18.904  3.39469e-10
-18.8767  7.3529e-10
-18.8514  1.23091e-09
-18.821  1.20701e-09
-18.8076  3.42581e-10
-18.7571  3.68345e-10
-18.7318  3.08313e-10
-18.7216  5.36196e-10
-18.6643  1.25017e-09
-18.6391  1.80211e-09
-18.6109  9.13052e-10
-18.5856  7.64246e-10
-18.5588  3.93811e-10
-18.5253  1.75003e-09
-18.5121  1.03228e-09
-18.483  3.6992e-10
-18.4564  1.69452e-09
-18.4069  1.76714e-09
-18.3956  2.10118e-09
-18.3732  1.78611e-09
-18.3575  2.84456e-10
-18.3413  7.83921e-10
-18.2994  3.16918e-09
-18.2858  3.79565e-10
-18.2581  2.17046e-10
-18.2464  2.56367e-09
-18.2181  1.65558e-09
-18.2026  1.42702e-09
-18.1907  2.14004e-09
-18.1802  4.39615e-10
-18.1621  3.41296e-09
-18.1492  7.38796e-10
-18.1268  1.28428e-09
-18.1152  2.17693e-09
-18.0917  3.53226e-10
-18.0591  1.68126e-09
-18.036  9.10437e-09
-18.0281  7.25988e-10
-18.0079  3.94602e-10
-17.9791  4.05056e-09
-17.9544  2.05768e-09
-17.9344  2.02029e-09
-17.9185  3.43023e-09
-17.8979  2.85439e-09
-17.8929  5.25425e-10
-17.88  3.75324e-09
-17.8517  3.96879e-09
-17.838  2.0034e-09
-17.8204  3.044e-09
-17.804  3.53161e-09
-17.7922  2.52539e-09
-17.7709  6.11077e-09
-17.7605  2.27432e-09
-17.752  3.13565e-09
-17.7363  3.26542e-09
-17.7185  5.01803e-10
-17.7081  4.20339e-10
-17.6947  5.6143e-09
-17.6829  4.41219e-09
-17.6694  7.09436e-09
-17.6531  4.52052e-10
-17.638  3.48892e-09
-17.6225  2.44929e-09
-17.616  2.23464e-09
-17.5925  3.78905e-09
-17.5858  5.02665e-09
-17.5735  4.31895e-09
-17.5587  1.07733e-08
-17.5502  2.97389e-09
-17.54  5.03655e-10
-17.5228  1.64727e-09
-17.5128  4.37525e-09
-17.5013  5.97684e-09
-17.4857  7.92489e-09
-17.4722  1.0294e-09
-17.4552  4.46084e-09
-17.4382  8.72862e-09
-17.428  7.62911e-09
-17.4154  4.42151e-10
-17.4037  1.05417e-08
-17.3903  1.37359e-09
-17.3761  1.05146e-08
-17.3632  5.87833e-09
-17.3479  7.82593e-09
-17.3275  1.0763e-08
-17.3144  5.79128e-09
-17.294  7.22907e-09
-17.2852  4.89769e-09
-17.2733  9.94806e-09
-17.2565  3.24252e-09
-17.2484  4.51711e-09
-17.2332  5.09455e-09
-17.22  1.51802e-08
-17.2078  8.68876e-09
-17.1931  1.69045e-08
-17.1741  1.22976e-08
-17.1543  5.71847e-09
-17.1427  1.11066e-08
-17.1319  3.98443e-09
-17.1173  8.11243e-09
-17.1071  1.06449e-08
-17.0916  5.57086e-09
-17.083  1.29324e-08
-17.0732  9.99999e-09
-17.0641  1.83076e-08
-17.0506  3.98741e-09
-17.0352  1.16955e-08
-17.0228  9.91597e-09
-17.0098  1.2555e-08
-16.9871  1.11864e-08
-16.9806  6.12413e-09
-16.9661  1.66048e-08
-16.9555  1.46638e-08
-16.9449  1.17917e-08
-16.9305  2.26674e-08
-16.924  6.54875e-09
-16.9089  1.01327e-08
-16.895  1.75152e-08
-16.8815  1.63565e-08
-16.8693  1.1597e-08
-16.8528  2.81184e-08
-16.8397  1.09488e-08
-16.8306  1.16309e-08
-16.8211  3.97887e-09
-16.8068  1.28623e-08
-16.7977  2.19524e-08
-16.7838  1.40435e-08
-16.7738  2.15591e-08
-16.7617  1.22305e-08
-16.7517  1.39803e-08
-16.7412  1.91642e-08
-16.7297  7.39297e-09
-16.7169  3.51583e-08
-16.7099  1.06188e-08
-16.6978  2.03415e-08
-16.6823  1.22213e-08
-16.6703  3.37916e-08
-16.659  2.67346e-08
-16.6486  1.29852e-08
-16.6387  1.10694e-08
-16.6271  7.93816e-09
-16.6173  2.30532e-08
-16.6035  2.04917e-08
-16.5909  4.60743e-08
-16.5761  2.65997e-08
-16.5692  1.50043e-08
-16.5593  2.05938e-08
-16.5443  1.83058e-08
-16.5326  2.73495e-08
-16.523  7.29548e-09
-16.5131  3.56946e-08
-16.5018  3.19003e-08
-16.487  2.69392e-08
-16.4815  2.21434e-08
-16.471  3.34308e-08
-16.4593  9.41482e-09
-16.4474  2.4156e-08
-16.4334  4.70632e-08
-16.4212  1.67594e-08
-16.411  3.57284e-08
-16.4023  2.62009e-08
-16.3895  3.57285e-08
-16.3765  3.97599e-08
-16.362  3.20112e-08
-16.3511  3.73765e-08
-16.3395  1.55467e-08
-16.329  4.12444e-08
-16.3192  3.85573e-08
-16.3057  4.7405e-08
-16.2962  2.80888e-08
-16.2835  2.31997e-08
-16.274  3.91987e-08
-16.2634  3.66292e-08
-16.2508  5.69872e-08
-16.2383  4.74125e-08
-16.2271  3.7082e-08
-16.2208  3.34065e-08
-16.2063  4.4138e-08
-16.1921  2.96867e-08
-16.1805  4.70065e-08
-16.1689  5.16565e-08
-16.1596  2.20412e-08
-16.1469  4.96877e-08
-16.1375  5.79021e-08
-16.1242  4.68211e-08
-16.1138  8.92165e-08
-16.1031  3.88348e-08
-16.0898  4.20982e-08
-16.08  3.96653e-08
-16.0673  5.78982e-08
-16.0558  5.03326e-08
-16.0497  4.70395e-08
-16.037  6.75191e-08
-16.024  5.73545e-08
-16.0119  7.47537e-08
-16.0004  3.25132e-08
-15.9912  7.50094e-08
-15.9796  3.00372e-08
-15.9707  5.50952e-08
-15.9595  1.08791e-07
-15.9498  4.09527e-08
-15.9398  4.75959e-08
-15.93  5.47832e-08
-15.9162  6.7663e-08
-15.9069  5.2207e-08
-15.8969  4.9709e-08
-15.8849  9.25684e-08
-15.876  7.14711e-08
-15.866  7.49918e-08
-15.8532  7.92687e-08
-15.8417  7.50893e-08
-15.8304  7.06078e-08
-15.8222  6.0063e-08
-15.8105  7.49601e-08
-15.8012  6.72491e-08
-15.7883  8.91437e-08
-15.7782  7.37483e-08
-15.7696  6.01292e-08
-15.7581  1.0648e-07
-15.7472  1.1395e-07
-15.7369  2.89167e-08
-15.7267  1.11331e-07
-15.7128  8.67239e-08
-15.7021  1.12173e-07
-15.6931  1.04078e-07
-15.6848  6.42827e-08
-15.6702  9.36374e-08
-15.6605  1.1154e-07
-15.6501  8.8628e-08
-15.6394  1.17328e-07
-15.6273  1.1611e-07
-15.618  1.20314e-07
-15.6065  6.94241e-08
-15.5966  1.00821e-07
-15.5861  1.0805e-07
-15.5751  1.29317e-07
-15.5639  1.09601e-07
-15.5544  7.12008e-08
-15.5428  1.40699e-07
-15.5322  1.18873e-07
-15.5201  1.10102e-07
-15.5128  1.05208e-07
-15.5018  1.23058e-07
-15.4885  1.26221e-07
-15.4795  1.60718e-07
-15.4683  1.39517e-07
-15.458  1.66496e-07
-15.4457  1.11707e-07
-15.4355  1.13867e-07
-15.4236  1.76572e-07
-15.4156  1.15323e-07
-15.4043  1.61777e-07
-15.3924  2.02851e-07
-15.3825  1.1379e-07
-15.3727  6.38507e-08
-15.3599  1.93782e-07
-15.3485  1.58206e-07
-15.3362  2.02058e-07
-15.3261  2.0006e-07
-15.315  1.35217e-07
-15.3046  1.77552e-07
-15.2956  1.58983e-07
-15.2838  1.47821e-07
-15.2719  2.16804e-07
-15.2623  1.1181e-07
-15.252  2.33086e-07
-15.2388  2.37427e-07
-15.2284  1.44495e-07
-15.2177  1.71168e-07
-15.2069  2.47359e-07
-15.1954  1.75587e-07
-15.1851  1.57392e-07
-15.1743  2.45143e-07
-15.1637  2.02875e-07
-15.1523  2.46606e-07
-15.1436  1.85022e-07
-15.1321  2.21253e-07
-15.1215  2.22405e-07
-15.1112  1.96998e-07
-15.0995  2.44019e-07
-15.0895  2.45802e-07
-15.0788  1.72015e-07
-15.0675  2.58178e-07
-15.0583  2.52132e-07
-15.0473  2.32372e-07
-15.0374  2.53252e-07
-15.0259  3.58231e-07
-15.0156  1.568e-07
-15.0052  2.67845e-07
-14.9942  2.36338e-07
-14.9848  3.29992e-07
-14.9738  2.26405e-07
-14.9622  3.08004e-07
-14.9511  1.77994e-07
-14.9417  4.02805e-07
-14.9305  3.17328e-07
-14.9198  2.41489e-07
-14.9086  3.77722e-07
-14.8988  2.04672e-07
-14.8864  2.81574e-07
-14.8759  3.56128e-07
-14.8655  3.98395e-07
-14.854  3.33824e-07
-14.8427  3.63477e-07
-14.8319  3.21733e-07
-14.8226  2.54562e-07
-14.8122  3.23414e-07
-14.8025  3.11353e-07
-14.791  4.82179e-07
-14.7793  4.18086e-07
-14.77  2.75071e-07
-14.7585  4.39024e-07
-14.7475  3.04424e-07
-14.7353  4.51226e-07
-14.7254  3.94381e-07
-14.7151  3.52878e-07
-14.7026  3.84049e-07
-14.6938  4.04784e-07
-14.6831  4.62906e-07
-14.6718  5.1539e-07
-14.6592  4.14421e-07
-14.6481  4.31939e-07
-14.6382  3.99054e-07
-14.6287  4.3857e-07
-14.6173  4.80512e-07
-14.6066  6.05404e-07
-14.5962  3.36305e-07
-14.5865  3.72253e-07
-14.5753  5.83359e-07
-14.5652  4.31732e-07
-14.5524  5.19259e-07
-14.5437  4.68255e-07
-14.533  5.14802e-07
-14.5218  5.25393e-07
-14.5116  5.94569e-07
-14.5016  4.93552e-07
-14.4907  5.09773e-07
-14.4806  4.93132e-07
-14.4695  5.80313e-07
-14.4602  5.03242e-07
-14.45  6.01181e-07
-14.4379  6.80221e-07
-14.428  5.95497e-07
-14.4166  5.72611e-07
-14.4053  6.38674e-07
-14.3941  5.94762e-07
-14.3843  6.46658e-07
-14.3738  6.54927e-07
-14.3633  6.29567e-07
-14.3527  5.22426e-07
-14.3429  6.4291e-07
-14.333  6.97533e-07
-14.3217  7.27507e-07
-14.3113  7.44382e-07
-14.3007  7.2614e-07
-14.2899  5.6245e-07
-14.2798  8.9458e-07
-14.2687  5.47187e-07
-14.2584  7.09583e-07
-14.2481  8.08098e-07
-14.2377  8.09106e-07
-14.226  7.41059e-07
-14.2163  8.73008e-07
-14.2056  7.98696e-07
-14.1952  7.38958e-07
-14.1837  8.13108e-07
-14.1746  6.90855e-07
-14.1625  1.01461e-06
-14.1525  7.943e-07
-14.1422  9.40864e-07
-14.1317  7.9608e-07
-14.1217  8.73905e-07
-14.1114  7.7832e-07
-14.1  1.02199e-06
-14.0893  9.15123e-07
-14.0792  7.84746e-07
-14.0695  1.05113e-06
-14.0581  1.14002e-06
-14.0466  9.38309e-07
-14.0359  9.43906e-07
-14.0249  1.11046e-06
-14.0144  1.06907e-06
-14.0041  9.57382e-07
-13.9934  1.01361e-06
-13.9832  1.00044e-06
-13.973  1.3052e-06
-13.9619  1.00871e-06
-13.9503  1.21134e-06
-13.9391  1.16733e-06
-13.9291  1.15079e-06
-13.918  1.14285e-06
-13.9086  1.12681e-06
-13.8971  1.13457e-06
-13.887  1.29617e-06
-13.8765  1.13826e-06
-13.8658  1.12327e-06
-13.8552  1.43415e-06
-13.8443  1.31104e-06
-13.8333  1.35452e-06
-13.8226  1.31914e-06
-13.8127  1.19442e-06
-13.8022  1.3841e-06
-13.7911  1.36891e-06
-13.7817  1.28695e-06
-13.7707  1.4173e-06
-13.7605  1.46278e-06
-13.7494  1.39547e-06
-13.7388  1.5058e-06
-13.7272  1.77971e-06
-13.7166  1.33965e-06
-13.7062  1.49867e-06
-13.696  1.35408e-06
-13.6854  1.72625e-06
-13.6745  1.53496e-06
-13.6645  1.75522e-06
-13.6537  1.52142e-06
-13.6435  1.63728e-06
-13.6324  1.67654e-06
-13.6213  1.73784e-06
-13.6101  1.89869e-06
-13.5994  1.67075e-06
-13.5894  1.79306e-06
-13.5791  1.80294e-06
-13.5683  1.58387e-06
-13.5579  1.84383e-06
-13.5474  1.85243e-06
-13.5367  1.81453e-06
-13.5264  2.00425e-06
-13.516  1.93928e-06
-13.5055  1.92779e-06
-13.4947  2.23554e-06
-13.4838  1.61087e-06
-13.4736  2.14833e-06
-13.463  2.12365e-06
-13.4526  2.11333e-06
-13.442  1.74493e-06
-13.4324  2.17569e-06
-13.4215  2.39963e-06
-13.4109  2.08019e-06
-13.4007  2.07534e-06
-13.3906  2.11056e-06
-13.38  2.29049e-06
-13.3692  2.48625e-06
-13.3583  2.46691e-06
-13.3478  2.29004e-06
-13.3372  2.51106e-06
-13.3266  2.27312e-06
-13.3157  2.64837e-06
-13.306  2.26934e-06
-13.2946  2.62381e-06
-13.2842  2.52592e-06
-13.2739  2.41066e-06
-13.2642  2.54807e-06
-13.2536  2.8236e-06
-13.2432  2.4003e-06
-13.2323  3.00842e-06
-13.2219  2.54306e-06
-13.2113  2.65196e-06
-13.201  2.97583e-06
-13.1902  2.9635e-06
-13.1795  2.82928e-06
-13.1691  2.96528e-06
-13.1588  2.71724e-06
-13.1486  2.81692e-06
-13.1383  3.01105e-06
-13.1282  3.37853e-06
-13.1175  3.00194e-06
-13.1075  3.01091e-06
-13.0972  2.8599e-06
-13.0864  3.40283e-06
-13.0762  3.00783e-06
-13.0661  3.31276e-06
-13.0555  3.45211e-06
-13.045  3.44995e-06
-13.0342  3.31424e-06
-13.0236  3.23923e-06
-13.014  3.6198e-06
-13.003  3.81598e-06
-12.9921  3.3465e-06
-12.9818  3.73556e-06
-12.9713  3.55387e-06
-12.961  4.13496e-06
-12.9507  3.2181e-06
-12.9405  3.65103e-06
-12.93  3.89325e-06
-12.9198  3.96892e-06
-12.9096  3.24266e-06
-12.8994  4.53724e-06
-12.889  3.66652e-06
-12.8791  4.143e-06
-12.8683  4.32886e-06
-12.8584  4.01796e-06
-12.8478  3.87357e-06
-12.8373  4.59339e-06
-12.8272  4.12058e-06
-12.8166  4.40921e-06
-12.8058  4.63194e-06
-12.7949  4.61176e-06
-12.7845  4.33784e-06
-12.7743  4.83343e-06
-12.7636  4.31727e-06
-12.7539  4.48867e-06
-12.7435  4.76082e-06
-12.7335  4.67954e-06
-12.7228  4.2183e-06
-12.7129  5.51063e-06
-12.7024  4.82609e-06
-12.6921  4.83322e-06
-12.6818  5.23991e-06
-12.6721  4.78048e-06
-12.6615  4.92443e-06
-12.6513  5.6166e-06
-12.641  5.03217e-06
-12.631  5.08244e-06
-12.6205  5.6125e-06
-12.6101  5.17233e-06
-12.6001  5.36122e-06
-12.59  5.85372e-06
-12.5793  5.32018e-06
-12.5692  5.68393e-06
-12.5591  6.26951e-06
-12.5481  5.29256e-06
-12.5386  5.53945e-06
-12.5284  6.94328e-06
-12.5181  5.06855e-06
-12.5074  6.77062e-06
-12.4967  6.32349e-06
-12.4864  6.08442e-06
-12.4764  6.28906e-06
-12.466  6.68528e-06
-12.4555  5.52764e-06
-12.4456  7.54854e-06
-12.4351  5.81546e-06
-12.4245  6.83133e-06
-12.4141  7.26131e-06
-12.4042  6.63922e-06
-12.3935  6.50006e-06
-12.3836  7.13398e-06
-12.3731  7.30158e-06
-12.3626  6.72402e-06
-12.3526  6.83615e-06
-12.3427  7.64646e-06
-12.332  7.35922e-06
-12.3222  7.372e-06
-12.312  7.02393e-06
-12.3016  8.04791e-06
-12.2914  7.4571e-06
-12.2814  7.65238e-06
-12.2707  8.01749e-06
-12.2609  8.14302e-06
-12.2506  7.42937e-06
-12.24  8.54933e-06
-12.2299  7.86909e-06
-12.2199  8.30889e-06
-12.2093  8.40135e-06
-12.1992  8.32163e-06
-12.189  8.51489e-06
-12.1787  9.05484e-06
-12.1683  8.50207e-06
-12.1581  8.89547e-06
-12.1479  8.92377e-06
-12.1378  8.4922e-06
-12.1277  8.99144e-06
-12.1173  9.3747e-06
-12.1072  9.23031e-06
-12.0967  9.00176e-06
-12.0863  9.99755e-06
-12.0763  9.69401e-06
-12.0663  9.1982e-06
-12.0558  9.83419e-06
-12.0457  1.04283e-05
-12.035  1.02571e-05
-12.0251  8.97509e-06
-12.0148  1.07642e-05
-12.0045  9.86653e-06
-11.9943  1.11318e-05
-11.9839  1.07773e-05
-11.9729  1.1533e-05
-11.9623  1.06033e-05
-11.9521  1.09186e-05
-11.9416  1.01073e-05
-11.9318  1.18997e-05
-11.9217  1.08767e-05
-11.911  1.21227e-05
-11.9006  1.08992e-05
-11.8904  1.19321e-05
-11.88  1.13166e-05
-11.87  1.24304e-05
-11.8598  1.15439e-05
-11.8495  1.22417e-05
-11.8391  1.19494e-05
-11.8293  1.19193e-05
-11.8187  1.32134e-05
-11.8086  1.23844e-05
-11.7986  1.17879e-05
-11.7883  1.29571e-05
-11.7782  1.36674e-05
-11.7678  1.22402e-05
-11.7575  1.3306e-05
-11.7473  1.37147e-05
-11.7374  1.28075e-05
-11.7269  1.38844e-05
-11.717  1.40782e-05
-11.7064  1.37016e-05
-11.6963  1.40023e-05
-11.6863  1.44718e-05
-11.6761  1.39823e-05
-11.6655  1.48207e-05
-11.6558  1.45211e-05
-11.6454  1.38336e-05
-11.6352  1.54981e-05
-11.625  1.53793e-05
-11.6149  1.35683e-05
-11.6047  1.62677e-05
-11.5948  1.5763e-05
-11.5846  1.45445e-05
-11.5744  1.63367e-05
-11.5643  1.57679e-05
-11.5537  1.74097e-05
-11.5429  1.62406e-05
-11.5329  1.6104e-05
-11.5224  1.6453e-05
-11.5125  1.77237e-05
-11.5023  1.61098e-05
-11.4921  1.67725e-05
-11.4818  1.68251e-05
-11.4721  1.88952e-05
-11.4611  1.59728e-05
-11.4516  1.81114e-05
-11.4411  1.89436e-05
-11.431  1.66811e-05
-11.4208  1.90727e-05
-11.4108  1.80409e-05
-11.4003  1.81457e-05
-11.3903  1.94867e-05
-11.3802  1.89057e-05
-11.3698  1.81451e-05
-11.3597  2.13638e-05
-11.3497  1.80856e-05
-11.3392  1.95512e-05
-11.3292  2.06691e-05
-11.3193  1.96944e-05
-11.3089  1.95333e-05
-11.2988  2.0726e-05
-11.2887  2.09436e-05
-11.2785  2.03223e-05
-11.2682  2.24054e-05
-11.258  2.05991e-05
-11.2478  2.08742e-05
-11.2378  2.20893e-05
-11.2275  2.22696e-05
-11.2171  2.17916e-05
-11.207  2.35922e-05
-11.197  2.08917e-05
-11.1867  2.2742e-05
-11.176  2.57935e-05
-11.1653  2.31773e-05
-11.155  2.28636e-05
-11.1451  2.43947e-05
-11.1347  2.31522e-05
-11.1246  2.39927e-05
-11.1145  2.397e-05
-11.1042  2.51327e-05
-11.094  2.42695e-05
-11.0841  2.47887e-05
-11.0739  2.52466e-05
-11.0635  2.6468e-05
-11.0532  2.50348e-05
-11.0434  2.50897e-05
-11.0327  2.7083e-05
-11.023  2.63436e-05
-11.0122  2.87431e-05
-11.0014  2.63155e-05
-10.9914  2.73652e-05
-10.9813  2.71814e-05
-10.971  2.78149e-05
-10.9611  2.68808e-05
-10.9506  2.98321e-05
-10.9403  2.75275e-05
-10.9304  2.71679e-05
-10.92  3.25299e-05
-10.9091  2.81145e-05
-10.899  3.0538e-05
-10.8888  2.8958e-05
-10.8786  3.04425e-05
-10.8685  2.98527e-05
-10.8587  3.03985e-05
-10.8482  3.0023e-05
-10.8382  3.1511e-05
-10.828  3.02345e-05
-10.8179  3.1639e-05
-10.808  3.12422e-05
-10.7978  3.22043e-05
-10.7874  3.28769e-05
-10.7775  3.21536e-05
-10.7675  3.25158e-05
-10.7572  3.24236e-05
-10.7473  3.37351e-05
-10.7369  3.43731e-05
-10.7267  3.40709e-05
-10.7169  3.37457e-05
-10.7067  3.53696e-05
-10.6962  3.42173e-05
-10.6864  3.5066e-05
-10.6761  3.57974e-05
-10.6662  3.52489e-05
-10.656  3.70364e-05
-10.6458  3.54691e-05
-10.6355  3.79377e-05
-10.6256  3.71162e-05
-10.6152  3.76707e-05
-10.6052  3.73312e-05
-10.5951  3.79921e-05
-10.585  3.73648e-05
-10.5747  4.08425e-05
-10.5647  3.73746e-05
-10.5544  4.10566e-05
-10.5441  3.96985e-05
-10.5341  4.01064e-05
-10.5236  4.15458e-05
-10.5136  4.01436e-05
-10.5036  4.11232e-05
-10.4934  4.10526e-05
-10.4827  4.64182e-05
-10.4721  4.0802e-05
-10.4622  4.27821e-05
-10.4521  4.32744e-05
-10.4413  4.59229e-05
-10.4307  4.48575e-05
-10.4207  4.50722e-05
-10.4105  4.2032e-05
-10.4001  4.89056e-05
-10.3895  4.60183e-05
-10.3793  4.30603e-05
-10.3692  4.92574e-05
-10.359  4.52782e-05
-10.3489  4.46553e-05
-10.3388  4.94627e-05
-10.3287  4.55577e-05
-10.3184  4.74902e-05
-10.308  5.48894e-05
-10.2972  4.79519e-05
-10.2868  4.8347e-05
-10.2771  5.015e-05
-10.2668  4.91225e-05
-10.2567  5.05866e-05
-10.2465  5.15132e-05
-10.2365  5.03528e-05
-10.2261  5.01526e-05
-10.2164  5.29343e-05
-10.2061  5.11778e-05
-10.196  5.30601e-05
-10.1858  5.39811e-05
-10.1759  5.26634e-05
-10.1655  5.31857e-05
-10.1557  5.6286e-05
-10.1453  5.38363e-05
-10.1352  5.40977e-05
-10.1252  5.74657e-05
-10.115  5.52009e-05
-10.1049  5.57719e-05
-10.0951  5.73276e-05
-10.0848  5.6094e-05
-10.0748  5.81673e-05
-10.0646  5.9843e-05
-10.0544  5.84071e-05
-10.0444  5.82126e-05
-10.0343  6.06951e-05
-10.0243  5.84858e-05
-10.0141  6.18434e-05
-10.0039  6.05404e-05
-9.99413  6.17976e-05
-9.98377  6.043e-05
-9.97374  6.46412e-05
-9.96353  6.26455e-05
-9.95343  6.24911e-05
-9.94342  6.5042e-05
-9.93338  6.34579e-05
-9.92321  6.62337e-05
-9.91299  6.49064e-05
-9.90307  6.46921e-05
-9.89288  6.84207e-05
-9.88275  6.64379e-05
-9.87273  6.80239e-05
-9.86244  6.7018e-05
-9.85219  6.91646e-05
-9.84238  7.03674e-05
-9.83197  6.84796e-05
-9.8219  7.17376e-05
-9.81178  7.00392e-05
-9.80166  7.07172e-05
-9.7915  7.09485e-05
-9.78162  7.31179e-05
-9.77067  8.1158e-05
-9.76015  7.2597e-05
-9.74991  7.39646e-05
-9.73947  8.14145e-05
-9.72888  7.58156e-05
-9.71889  7.3815e-05
-9.70815  8.53344e-05
-9.69756  7.65146e-05
-9.68764  7.59158e-05
-9.6775  7.83586e-05
-9.66677  8.78313e-05
-9.65622  7.84419e-05
-9.64595  7.91541e-05
-9.636  7.97675e-05
-9.62571  8.4943e-05
-9.61571  7.78122e-05
-9.60516  9.11621e-05
-9.59452  8.03072e-05
-9.58444  8.68808e-05
-9.57431  8.32546e-05
-9.56417  8.42155e-05
-9.554  8.62346e-05
-9.54393  8.61097e-05
-9.5337  8.53412e-05
-9.52359  8.98764e-05
-9.51307  9.41405e-05
-9.50256  8.67134e-05
-9.49244  9.10291e-05
-9.48223  8.84647e-05
-9.47208  9.26778e-05
-9.46198  9.03567e-05
-9.45187  9.16942e-05
-9.44172  8.97309e-05
-9.43177  9.70788e-05
-9.42148  8.84833e-05
-9.41167  9.5751e-05
-9.40097  0.000105779
-9.39034  9.2628e-05
-9.38026  9.65559e-05
-9.37015  0.000100332
-9.35985  9.52977e-05
-9.34989  9.93347e-05
-9.33984  9.92374e-05
-9.32956  9.83114e-05
-9.31946  0.000103854
-9.30944  9.85431e-05
-9.29926  9.91474e-05
-9.28925  0.000104695
-9.27885  0.000111912
-9.26795  0.000103323
-9.25747  0.000117408
-9.24695  0.000103966
-9.23675  0.000105144
-9.22669  0.000109812
-9.21651  0.000104848
-9.20646  0.000108636
-9.19626  0.000112925
-9.18624  0.000105272
-9.17608  0.000110191
-9.16605  0.00011549
-9.15591  0.00010777
-9.14583  0.000112228
-9.1357  0.000117914
-9.1258  0.000109253
-9.11549  0.000114642
-9.10547  0.000122004
-9.09538  0.000112379
-9.08531  0.000116709
-9.07523  0.000121351
-9.06507  0.000114769
-9.05498  0.000121299
-9.04488  0.000123398
-9.0348  0.00011733
-9.02464  0.000124331
-9.0145  0.000124874
-9.00449  0.000117629
-8.99438  0.00012767
-8.98422  0.000127639
-8.97429  0.000121472
-8.96351  0.000140005
-8.95308  0.000129841
-8.94302  0.000125727
-8.933  0.000125858
-8.92286  0.000136823
-8.91282  0.000125783
-8.90257  0.000135277
-8.89246  0.000136155
-8.8823  0.00012919
-8.87233  0.000136418
-8.86194  0.000140225
-8.85207  0.000126903
-8.84183  0.000143925
-8.83184  0.00013741
-8.82169  0.000138677
-8.81149  0.000138556
-8.80072  0.000162354
-8.79029  0.000133723
-8.78012  0.000146677
-8.76993  0.000143875
-8.75996  0.000142902
-8.74974  0.000143478
-8.73974  0.000150742
-8.72972  0.000139872
-8.71974  0.000151582
-8.70935  0.000151868
-8.69944  0.000144315
-8.68919  0.00015278
-8.67931  0.000153296
-8.66923  0.000145924
-8.65914  0.000156206
-8.64888  0.000157861
-8.63905  0.000150415
-8.62863  0.000161481
-8.6186  0.000156788
-8.60867  0.00015677
-8.59845  0.000156105
-8.5884  0.000163374
-8.57838  0.000158635
-8.56813  0.000165424
-8.55792  0.000166106
-8.54809  0.000156125
-8.53779  0.000168063
-8.52785  0.000168871
-8.51781  0.000160762
-8.50705  0.00018872
-8.49656  0.000170679
-8.48649  0.000165358
-8.47629  0.000172482
-8.46624  0.000178402
-8.45609  0.000168463
-8.44594  0.000173497
-8.43595  0.000177977
-8.42581  0.000174319
-8.41569  0.000176788
-8.40554  0.000184648
-8.39553  0.000170369
-8.38493  0.000201617
-8.37454  0.000181038
-8.36386  0.00019622
-8.35326  0.000185977
-8.34328  0.000188893
-8.33299  0.000178737
-8.32251  0.000207541
-8.31204  0.000187684
-8.30195  0.000188104
-8.29169  0.000192285
-8.28187  0.000188671
-8.27158  0.00019376
-8.26147  0.000196534
-8.25131  0.000195023
-8.24123  0.000192452
-8.23113  0.000200761
-8.22118  0.000193808
-8.21093  0.000197466
-8.20087  0.000206646
-8.19082  0.000198845
-8.18065  0.000201861
-8.17044  0.000206277
-8.1605  0.000203265
-8.15024  0.00020735
-8.14018  0.000206543
-8.13016  0.000208575
-8.11999  0.000209023
-8.10983  0.000212933
-8.0998  0.000207904
-8.08921  0.000234719
-8.07862  0.00021668
-8.06808  0.000232083
-8.05737  0.00021877
-8.04727  0.000221343
-8.03719  0.000215029
-8.02713  0.000220442
-8.01691  0.000225452
-8.00693  0.000216485
-7.99677  0.000228151
-7.98667  0.000220664
-7.97665  0.000229683
-7.96655  0.000222901
-7.95647  0.000230789
-7.94641  0.000225703
-7.93624  0.000237558
-7.92619  0.000226289
-7.9162  0.000234822
-7.90594  0.000236989
-7.89537  0.000260372
-7.88485  0.000229643
-7.87474  0.000245417
-7.86459  0.000237874
-7.8546  0.000236666
-7.84439  0.000247131
-7.83428  0.000239387
-7.82433  0.000245385
-7.81416  0.000245889
-7.80411  0.000246783
-7.79402  0.000241583
-7.78399  0.000254928
-7.77385  0.000249434
-7.76385  0.000248856
-7.75367  0.00025374
-7.74369  0.000255197
-7.73363  0.000247855
-7.72354  0.000260462
-7.7135  0.000257859
-7.70346  0.000257402
-7.69328  0.000258795
-7.68329  0.000263134
-7.67318  0.000262392
-7.66303  0.000262453
-7.65263  0.000291672
-7.64186  0.000267089
-7.63125  0.000298686
-7.62071  0.000266704
-7.61065  0.000267108
-7.60045  0.000278425
-7.59048  0.000270897
-7.58033  0.000270117
-7.57019  0.000283833
-7.56018  0.000273497
-7.5501  0.000275229
-7.53986  0.000286654
-7.52993  0.000274828
-7.51987  0.000281518
-7.50967  0.000288402
-7.49967  0.000285118
-7.48946  0.000281613
-7.47944  0.00029493
-7.46947  0.00028153
-7.45932  0.000291295
-7.44915  0.000297329
-7.43919  0.000290037
-7.42902  0.000289917
-7.41895  0.000303651
-7.40899  0.00029002
-7.39881  0.000300304
-7.38862  0.000302793
-7.37869  0.000302982
-7.36843  0.000298073
-7.35836  0.000311003
-7.34786  0.000330631
-7.33721  0.000308394
-7.32707  0.000311182
-7.31714  0.000307848
-7.30689  0.000304617
-7.29699  0.000322196
-7.28681  0.000309653
-7.27678  0.000312435
-7.26659  0.000325985
-7.25657  0.000315307
-7.24635  0.00031539
-7.23638  0.000328792
-7.22619  0.000322916
-7.2162  0.000311627
-7.20614  0.000337812
-7.19556  0.000351
-7.18491  0.000337379
-7.17472  0.000330258
-7.16475  0.000327133
-7.15463  0.00032669
-7.1446  0.000349903
-7.13438  0.000324824
-7.12439  0.000342056
-7.11421  0.000340457
-7.10423  0.000337405
-7.09409  0.000336752
-7.08405  0.000358531
-7.0738  0.000337141
-7.06386  0.000340808
-7.05377  0.000352768
-7.0437  0.000347859
-7.03358  0.000348591
-7.02349  0.000363191
-7.01321  0.000351171
-7.00323  0.000347908
-6.99314  0.000366206
-6.98305  0.000356369
-6.97292  0.000356774
-6.96294  0.000363916
-6.95277  0.000363445
-6.94274  0.000355717
-6.93265  0.000378524
-6.92251  0.000365527
-6.9124  0.000363437
-6.90195  0.000407265
-6.89085  0.000409898
-6.88034  0.000366362
-6.87026  0.000386788
-6.86014  0.000369327
-6.85012  0.000374068
-6.84009  0.000386742
-6.82982  0.000386125
-6.81976  0.000377797
-6.80961  0.000395391
-6.79957  0.000375431
-6.78956  0.000385353
-6.77941  0.000401065
-6.76928  0.000387902
-6.7592  0.000388656
-6.74912  0.000400147
-6.73897  0.000394466
-6.729  0.000388434
-6.71886  0.000412304
-6.70872  0.000391766
-6.69874  0.000397656
-6.68861  0.000411101
-6.67847  0.000401478
-6.66843  0.000406161
-6.65827  0.000411034
-6.64823  0.000404293
-6.6382  0.000409265
-6.62801  0.000422413
-6.61789  0.000406868
-6.60789  0.000417786
-6.59768  0.000415157
-6.5878  0.000411831
-6.57773  0.000420831
-6.56758  0.000428822
-6.55745  0.000414621
-6.54755  0.000426651
-6.53729  0.00042451
-6.52737  0.000423468
-6.51721  0.000435512
-6.50707  0.00042908
-6.49703  0.000426852
-6.4871  0.000436188
-6.4768  0.00043993
-6.46684  0.000426484
-6.45631  0.000489148
-6.44563  0.000434133
-6.43562  0.000444733
-6.42559  0.00043857
-6.41541  0.000453663
-6.40523  0.000439802
-6.39536  0.000451537
-6.38507  0.000447021
-6.37507  0.000454059
-6.36496  0.000452875
-6.35486  0.00045337
-6.34467  0.000457313
-6.33477  0.00045738
-6.32414  0.000494562
-6.3137  0.000459331
-6.30365  0.00046677
-6.29352  0.000457911
-6.28341  0.000470524
-6.27344  0.000461733
-6.26326  0.000473629
-6.25308  0.000472241
-6.24302  0.00047808
-6.23288  0.000461656
-6.2228  0.000489269
-6.2127  0.000468689
-6.20258  0.000480748
-6.19246  0.000480905
-6.18249  0.000482012
-6.1724  0.000466374
-6.1624  0.000499763
-6.15217  0.00048698
-6.1421  0.000484367
-6.13195  0.000493362
-6.12198  0.000487165
-6.1119  0.000484951
-6.1017  0.000512685
-6.0915  0.000491639
-6.08145  0.000492098
-6.07089  0.000553559
-6.06039  0.000489088
-6.05034  0.000498561
-6.04023  0.000514797
-6.03018  0.000496726
-6.02013  0.000497074
-6.00998  0.000527281
-5.99984  0.000503651
-5.98974  0.000506621
-5.97961  0.000522162
-5.9695  0.000511741
-5.95948  0.000505918
-5.94892  0.000573732
-5.93838  0.0005126
-5.92832  0.000516905
-5.91822  0.000532526
-5.90811  0.000514906
-5.89805  0.00052155
-5.88787  0.00054121
-5.87782  0.000520165
-5.86768  0.000525963
-5.85753  0.00054747
-5.84741  0.000524562
-5.83695  0.000574326
-5.82634  0.000545445
-5.81634  0.000531196
-5.80616  0.000542069
-5.79598  0.000550812
-5.78588  0.000535666
-5.77589  0.000531452
-5.76579  0.000559447
-5.75573  0.000536806
-5.74565  0.000546349
-5.73551  0.00055344
-5.72555  0.000550156
-5.71535  0.000542364
-5.70527  0.000574378
-5.69515  0.000541863
-5.68519  0.000551879
-5.67495  0.000565958
-5.66508  0.000558032
-5.65481  0.000555931
-5.64482  0.000569484
-5.63477  0.000554536
-5.62478  0.000560251
-5.61445  0.000589699
-5.60404  0.000601883
-5.59347  0.000569836
-5.58335  0.000586595
-5.57328  0.000558566
-5.56327  0.000569457
-5.55309  0.000591869
-5.5431  0.000563819
-5.53302  0.000573929
-5.52289  0.000590512
-5.51288  0.000574953
-5.50275  0.000577776
-5.49261  0.000597868
-5.48258  0.000575858
-5.4725  0.000583856
-5.46184  0.000657584
-5.45134  0.000580643
-5.44117  0.000592649
-5.43117  0.000597498
-5.42108  0.000584653
-5.41058  0.00064685
-5.39996  0.000610914
-5.38991  0.00059071
-5.37969  0.000601569
-5.3697  0.000608426
-5.35953  0.000597434
-5.34946  0.000601339
-5.33938  0.000610389
-5.32937  0.000603114
-5.31916  0.000607581
-5.30918  0.000613132
-5.29899  0.000612337
-5.28836  0.000669953
-5.27794  0.000612515
-5.26788  0.000603141
-5.25774  0.00062545
-5.2477  0.000614208
-5.23768  0.000613313
-5.2275  0.000622253
-5.21761  0.000615242
-5.20754  0.000619233
-5.19734  0.000629964
-5.18728  0.000624856
-5.17722  0.000628665
-5.167  0.000627278
-5.15712  0.000616272
-5.14704  0.000635551
-5.13679  0.000640383
-5.12678  0.000628307
-5.11672  0.000628567
-5.10657  0.000642441
-5.09649  0.000636112
-5.08646  0.000630193
-5.07628  0.000645505
-5.06637  0.000630457
-5.05625  0.000647279
-5.04609  0.000638583
-5.03605  0.000647673
-5.02597  0.000647561
-5.01574  0.000651028
-5.00571  0.000643075
-4.99563  0.000649814
-4.98544  0.000657999
-4.97539  0.000649471
-4.96529  0.000645692
-4.95521  0.000659868
-4.94515  0.000648043
-4.9351  0.000659203
-4.92488  0.000656769
-4.91492  0.000661023
-4.9048  0.000649481
-4.89475  0.00066228
-4.88416  0.000727943
-4.87366  0.000654756
-4.86352  0.000670073
-4.85344  0.000665196
-4.84335  0.000658244
-4.83329  0.000672211
-4.8232  0.000671863
-4.81309  0.000658869
-4.80304  0.000675268
-4.79297  0.000673969
-4.78284  0.000665052
-4.77277  0.000676558
-4.76269  0.00068357
-4.75253  0.000666335
-4.74247  0.000680983
-4.73237  0.000685194
-4.72224  0.000669093
-4.71221  0.000680979
-4.70211  0.000689709
-4.69197  0.000666466
-4.68196  0.000694826
-4.67184  0.00068007
-4.66171  0.000686316
-4.6516  0.000685938
-4.64158  0.0006923
-4.63142  0.000671861
-4.62138  0.000706355
-4.61119  0.000688109
-4.6011  0.000687569
-4.59098  0.000692786
-4.58099  0.000696227
-4.57078  0.000684413
-4.56079  0.000702756
-4.55064  0.000693131
-4.54061  0.000685877
-4.53047  0.00071206
-4.52048  0.000684548
-4.51037  0.000695204
-4.50033  0.000705131
-4.49026  0.000700264
-4.48019  0.000687
-4.4696  0.000787932
-4.45906  0.000687365
-4.44901  0.000701651
-4.43888  0.00071749
-4.42884  0.000698485
-4.41876  0.00069177
-4.40831  0.000785485
-4.39773  0.000694137
-4.38773  0.000706239
-4.37757  0.000728348
-4.36745  0.000700503
-4.35734  0.000707783
-4.34715  0.0007421
-4.33694  0.00069864
-4.327  0.0006978
-4.31695  0.000734881
-4.30679  0.000703429
-4.29678  0.000703309
-4.28676  0.000731265
-4.27666  0.000704284
-4.2667  0.000702658
-4.25656  0.000745876
-4.24644  0.000700001
-4.23648  0.000707787
-4.22642  0.000741628
-4.21627  0.000703366
-4.20627  0.00072441
-4.19602  0.000739585
-4.18594  0.000715184
-4.17588  0.000711991
-4.16588  0.000740389
-4.15569  0.000713204
-4.14571  0.000721204
-4.13553  0.000741333
-4.12548  0.000719342
-4.11536  0.000721031
-4.10531  0.000739009
-4.09516  0.000726821
-4.08511  0.000718262
-4.07498  0.000746741
-4.06494  0.000713096
-4.05496  0.000724291
-4.04484  0.000741287
-4.03481  0.000720085
-4.0248  0.000721617
-4.01473  0.000748122
-4.0046  0.000725219
-3.99453  0.000731162
-3.98441  0.000737887
-3.97438  0.000738179
-3.96421  0.000725816
-3.95416  0.00074751
-3.94362  0.00079098
-3.93315  0.000733169
-3.92304  0.000736633
-3.91301  0.000746658
-3.90274  0.000734431
-3.8927  0.000746649
-3.88256  0.000732515
-3.87259  0.000727337
-3.86249  0.000746785
-3.85248  0.000738716
-3.84224  0.000737266
-3.83228  0.000744144
-3.82209  0.000742169
-3.81207  0.000730284
-3.80196  0.000752887
-3.79194  0.000733283
-3.7818  0.000738538
-3.77182  0.000740216
-3.76174  0.000744286
-3.7517  0.000726616
-3.74159  0.000764567
-3.73149  0.000729619
-3.72142  0.000746384
-3.71135  0.000740254
-3.70128  0.000752029
-3.69115  0.000728332
-3.6811  0.00076855
-3.67089  0.000731673
-3.66089  0.000745952
-3.65075  0.000748969
-3.64071  0.000746467
-3.63056  0.000734426
-3.62049  0.00076992
-3.61031  0.000729387
-3.60037  0.000740604
-3.59023  0.000755583
-3.58015  0.000746069
-3.57004  0.000738187
-3.55999  0.000757448
-3.54983  0.000744924
-3.53985  0.000731503
-3.52975  0.000764993
-3.51964  0.0007323
-3.50969  0.000740058
-3.49958  0.000759123
-3.48948  0.000738676
-3.47946  0.000742791
-3.4693  0.000764297
-3.45919  0.000735736
-3.44917  0.000744412
-3.43905  0.000762098
-3.42888  0.000740693
-3.41894  0.000737956
-3.40876  0.000763983
-3.3987  0.000733408
-3.3887  0.000744792
-3.37859  0.000757728
-3.36842  0.000743694
-3.35805  0.000803782
-3.34745  0.000759705
-3.33733  0.000740353
-3.3273  0.00074869
-3.31717  0.000754379
-3.307  0.000750265
-3.29701  0.000731119
-3.28652  0.00082189
-3.27592  0.000747229
-3.26591  0.000741646
-3.25582  0.00074536
-3.24572  0.00075383
-3.23563  0.000742231
-3.22555  0.0007467
-3.21541  0.000751547
-3.20538  0.000744073
-3.19522  0.000748267
-3.18515  0.000746029
-3.17503  0.000754049
-3.16491  0.000739404
-3.15483  0.000749962
-3.14473  0.000748276
-3.13461  0.000737591
-3.12461  0.000746458
-3.11458  0.000740137
-3.1045  0.000738926
-3.09442  0.000748627
-3.08439  0.000746105
-3.07421  0.000738275
-3.06426  0.000736414
-3.05419  0.00075254
-3.0441  0.000732301
-3.03399  0.000750562
-3.02391  0.000746442
-3.0137  0.00074529
-3.00367  0.000736657
-2.99359  0.000748054
-2.98304  0.000798247
-2.97253  0.000752515
-2.96245  0.000730437
-2.95233  0.000749822
-2.94216  0.000740669
-2.93219  0.000738639
-2.92207  0.00072889
-2.91211  0.000738456
-2.90201  0.000742525
-2.89194  0.000734957
-2.88178  0.0007443
-2.87174  0.000737887
-2.86121  0.00079286
-2.85077  0.000739979
-2.84065  0.000736547
-2.83062  0.000726477
-2.82054  0.000747781
-2.81046  0.000726437
-2.80041  0.000731243
-2.79033  0.000742536
-2.78022  0.00073365
-2.77018  0.000721896
-2.76009  0.000746811
-2.74999  0.00072809
-2.73992  0.000731491
-2.7298  0.000736577
-2.71975  0.000726128
-2.70974  0.000725335
-2.69959  0.000743237
-2.6895  0.000722517
-2.6795  0.000724728
-2.66939  0.000738064
-2.65929  0.000724923
-2.64924  0.000723264
-2.63911  0.000740858
-2.629  0.000724722
-2.61893  0.000720901
-2.60883  0.000734369
-2.59875  0.000724746
-2.58867  0.000717537
-2.57861  0.000732015
-2.56849  0.000726312
-2.55846  0.000714321
-2.54831  0.000732561
-2.53833  0.000713442
-2.52823  0.000722465
-2.51815  0.000726531
-2.50802  0.000722081
-2.49799  0.000713403
-2.48779  0.000735537
-2.47777  0.000711833
-2.46762  0.000718654
-2.45754  0.000726532
-2.44741  0.000718275
-2.43733  0.000710908
-2.42717  0.000730067
-2.41717  0.000704528
-2.40712  0.000710358
-2.39704  0.000718151
-2.387  0.000717082
-2.37642  0.000770612
-2.3659  0.000720069
-2.35586  0.000703904
-2.34581  0.000708806
-2.33565  0.000724271
-2.32559  0.000703859
-2.31548  0.000708819
-2.30536  0.000719554
-2.29526  0.000706405
-2.28516  0.000703147
-2.27506  0.000716191
-2.26498  0.000707097
-2.25485  0.000700884
-2.24474  0.000716137
-2.2347  0.000695451
-2.22462  0.000703858
-2.21451  0.000708343
-2.20444  0.000705764
-2.19429  0.000694985
-2.1838  0.000773247
-2.17324  0.000695296
-2.16318  0.000698691
-2.15304  0.000705679
-2.14303  0.000693911
-2.13283  0.000704245
-2.12275  0.000699533
-2.11264  0.000698727
-2.10254  0.000692622
-2.09241  0.000702876
-2.08239  0.000685769
-2.07228  0.000697506
-2.06222  0.0006906
-2.05222  0.000687717
-2.0421  0.000694987
-2.03203  0.000688892
-2.022  0.00068814
-2.01189  0.000689046
-2.00182  0.000691014
-1.9918  0.00068078
-1.98171  0.000689976
-1.97162  0.00068714
-1.9616  0.000683512
-1.95148  0.00068313
-1.94144  0.000688621
-1.93136  0.000677214
-1.92084  0.000747621
-1.91022  0.000691253
-1.90019  0.000669548
-1.89014  0.000683766
-1.88004  0.000684501
-1.86997  0.000671657
-1.85997  0.000671535
-1.84988  0.000694032
-1.83973  0.000664612
-1.82974  0.000679839
-1.81957  0.000684258
-1.80947  0.000670183
-1.79938  0.000674321
-1.78933  0.000680925
-1.77914  0.000669825
-1.76912  0.000672533
-1.75893  0.000684152
-1.74884  0.000662245
-1.73874  0.00067303
-1.7287  0.000674196
-1.71854  0.00066385
-1.70855  0.000661144
-1.69848  0.00067725
-1.68836  0.000659071
-1.67835  0.00066062
-1.66828  0.000674848
-1.65816  0.000656317
-1.64811  0.000661844
-1.63813  0.000662885
-1.62797  0.000662618
-1.61795  0.0006554
-1.60782  0.000674862
-1.59773  0.000647313
-1.58762  0.000667768
-1.5776  0.000653812
-1.5675  0.000658669
-1.55746  0.000648427
-1.54739  0.00066868
-1.53725  0.000648259
-1.52721  0.000654966
-1.5171  0.000662771
-1.50697  0.00065091
-1.49682  0.000655639
-1.4868  0.00065329
-1.47665  0.000652603
-1.46659  0.000647532
-1.45649  0.00065583
-1.44649  0.000635746
-1.43641  0.000653285
-1.42638  0.000646112
-1.41574  0.00071757
-1.40517  0.000637148
-1.39507  0.000659432
-1.38494  0.000635094
-1.37447  0.000706574
-1.3639  0.00064374
-1.35383  0.000640402
-1.34373  0.000645714
-1.33368  0.000637098
-1.32362  0.000641456
-1.31354  0.000637283
-1.30348  0.000644488
-1.29335  0.00063596
-1.28326  0.000642937
-1.27317  0.000632202
-1.26311  0.000645028
-1.25294  0.000634376
-1.2429  0.000635326
-1.23277  0.000636444
-1.22273  0.000631387
-1.21269  0.000633076
-1.20261  0.000629875
-1.19256  0.000633437
-1.18247  0.000631081
-1.17241  0.000630207
-1.16232  0.000628659
-1.15231  0.000630782
-1.14214  0.000630836
-1.1321  0.000625738
-1.12203  0.000627598
-1.11202  0.000623324
-1.10191  0.00062851
-1.09191  0.000621016
-1.0818  0.000627799
-1.07176  0.000618385
-1.06173  0.000629948
-1.05157  0.000622597
-1.04151  0.000623112
-1.03145  0.000621354
-1.02135  0.000625622
-1.01124  0.000615052
-1.00132  0.000620733
-0.99112  0.000622609
-0.981072  0.000617368
-0.970985  0.000623778
-0.960889  0.000616422
-0.950745  0.000621607
-0.94075  0.000613108
-0.930623  0.000620137
-0.920581  0.000608746
-0.910538  0.00062452
-0.900336  0.000615642
-0.890266  0.000613957
-0.880216  0.000615178
-0.870143  0.000611072
-0.860072  0.000607248
-0.850094  0.000619828
-0.839882  0.000610417
-0.829903  0.000603982
-0.819826  0.00062183
-0.809677  0.000607544
-0.799578  0.000610299
-0.789561  0.000610857
-0.778931  0.000670503
-0.76833  0.000607404
-0.758336  0.000607321
-0.748199  0.000609289
-0.738119  0.000606597
-0.728084  0.00060629
-0.718022  0.000604967
-0.70789  0.000607214
-0.697849  0.000610175
-0.687638  0.000609519
-0.677527  0.000604727
-0.667504  0.000602676
-0.657423  0.000602177
-0.647273  0.000612747
-0.637153  0.000601856
-0.627047  0.000608278
-0.616875  0.000602025
-0.606858  0.000604781
-0.596225  0.000656373
-0.585745  0.000599088
-0.575697  0.000597283
-0.565653  0.000603143
-0.555441  0.000607868
-0.545426  0.000591314
-0.535325  0.000605635
-0.525228  0.000596094
-0.515219  0.000597641
-0.505151  0.000593377
-0.495063  0.000607289
-0.484975  0.00058809
-0.474988  0.000600111
-0.464837  0.000597423
-0.454911  0.0005864
-0.444793  0.000604722
-0.434744  0.000590573
-0.42465  0.000600732
-0.414589  0.000591063
-0.404466  0.000603677
-0.394434  0.000584888
-0.384348  0.000603509
-0.374206  0.000594448
-0.364145  0.000596344
-0.354035  0.000592113
-0.343966  0.000598882
-0.333833  0.000592249
-0.323761  0.000598731
-0.313619  0.000592233
-0.303654  0.000585445
-0.293537  0.000602012
-0.283469  0.000585664
-0.273411  0.000596023
-0.263329  0.00059009
-0.253255  0.00059511
-0.243238  0.000582268
-0.233211  0.00059757
-0.223095  0.000586305
-0.213072  0.000597878
-0.20289  0.00059198
-0.192851  0.000590648
-0.182753  0.000590868
-0.172681  0.000597377
-0.162545  0.000585402
-0.152531  0.000593119
-0.141937  0.000649748
-0.131344  0.000589931
-0.121276  0.000593337
-0.111183  0.000590002
-0.101067  0.000594861
-0.0909742  0.000587079
-0.0809831  0.000588825
-0.0708747  0.000588
-0.0608814  0.000590708
-0.0507436  0.000594304
-0.0406377  0.000589934
-0.0305621  0.000588727
-0.0205425  0.00059046
-0.0103846  0.000593196
-0.00267519  0.000313346
0.00267519  0.000313346
0.0103846  0.000593196
0.0205425  0.00059046
0.0305621  0.000588727
0.0406377  0.000589934
0.0507436  0.000594304
0.0608814  0.000590708
0.0708747  0.000588
0.0809831  0.000588825
0.0909742  0.000587079
0.101067  0.000594861
0.111183  0.000590002
0.121276  0.000593337
0.131344  0.000589931
0.141937  0.000649748
0.152531  0.000593119
0.162545  0.000585402
0.172681  0.000597377
0.182753  0.000590868
0.192851  0.000590648
0.20289  0.00059198
0.213072  0.000597878
0.223095  0.000586305
0.233211  0.00059757
0.243238  0.000582268
0.253255  0.00059511
0.263329  0.00059009
0.273411  0.000596023
0.283469  0.000585664
0.293537  0.000602012
0.303654  0.000585445
0.313619  0.000592233
0.323761  0.000598731
0.333833  0.000592249
0.343966  0.000598882
0.354035  0.000592113
0.364145  0.000596344
0.374206  0.000594448
0.384348  0.000603509
0.394434  0.000584888
0.404466  0.000603677
0.414589  0.000591063
0.42465  0.000600732
0.434744  0.000590573
0.444793  0.000604722
0.454911  0.0005864
0.464837  0.000597423
0.474988  0.000600111
0.484975  0.00058809
0.495063  0.000607289
0.505151  0.000593377
0.515219  0.000597641
0.525228  0.000596094
0.535325  0.000605635
0.545426  0.000591314
0.555441  0.000607868
0.565653  0.000603143
0.575697  0.000597283
0.585745  0.000599088
0.596225  0.000656373
0.606858  0.000604781
0.616875  0.000602025
0.627047  0.000608278
0.637153  0.000601856
0.647273  0.000612747
0.657423  0.000602177
0.667504  0.000602676
0.677527  0.000604727
0.687638  0.000609519
0.697849  0.000610175
0.70789  0.000607214
0.718022  0.000604967
0.728084  0.00060629
0.738119  0.000606597
0.748199  0.000609289
0.758336  0.000607321
0.76833  0.000607404
0.778931  0.000670503
0.789561  0.000610857
0.799578  0.000610299
0.809677  0.000607544
0.819826  0.00062183
0.829903  0.000603982
0.839882  0.000610417
0.850094  0.000619828
0.860072  0.000607248
0.870143  0.000611072
0.880216  0.000615178
0.890266  0.000613957
0.900336  0.000615642
0.910538  0.00062452
0.920581  0.000608746
0.930623  0.000620137
0.94075  0.000613108
0.950745  0.000621607
0.960889  0.000616422
0.970985  0.000623778
0.981072  0.000617368
0.99112  0.000622609
1.00132  0.000620733
1.01124  0.000615052
1.02135  0.000625622
1.03145  0.000621354
1.04151  0.000623112
1.05157  0.000622597
1.06173  0.000629948
1.07176  0.000618385
1.0818  0.000627799
1.09191  0.000621016
1.10191  0.00062851
1.11202  0.000623324
1.12203  0.000627598
1.1321  0.000625738
1.14214  0.000630836
1.15231  0.000630782
1.16232  0.000628659
1.17241  0.000630207
1.18247  0.000631081
1.19256  0.000633437
1.20261  0.000629875
1.21269  0.000633076
1.22273  0.000631387
1.23277  0.000636444
1.2429  0.000635326
1.25294  0.000634376
1.26311  0.000645028
1.27317  0.000632202
1.28326  0.000642937
1.29335  0.00063596
1.30348  0.000644488
1.31354  0.000637283
1.32362  0.000641456
1.33368  0.000637098
1.34373  0.000645714
1.35383  0.000640402
1.3639  0.00064374
1.37447  0.000706574
1.38494  0.000635094
1.39507  0.000659432
1.40517  0.000637148
1.41574  0.00071757
1.42638  0.000646112
1.43641  0.000653285
1.44649  0.000635746
1.45649  0.00065583
1.46659  0.000647532
1.47665  0.000652603
1.4868  0.00065329
1.49682  0.000655639
1.50697  0.00065091
1.5171  0.000662771
1.52721  0.000654966
1.53725  0.000648259
1.54739  0.00066868
1.55746  0.000648427
1.5675  0.000658669
1.5776  0.000653812
1.58762  0.000667768
1.59773  0.000647313
1.60782  0.000674862
1.61795  0.0006554
1.62797  0.000662618
1.63813  0.000662885
1.64811  0.000661844
1.65816  0.000656317
1.66828  0.000674848
1.67835  0.00066062
1.68836  0.000659071
1.69848  0.00067725
1.70855  0.000661144
1.71854  0.00066385
1.7287  0.000674196
1.73874  0.00067303
1.74884  0.000662245
1.75893  0.000684152
1.76912  0.000672533
1.77914  0.000669825
1.78933  0.000680925
1.79938  0.000674321
1.80947  0.000670183
1.81957  0.000684258
1.82974  0.000679839
1.83973  0.000664612
1.84988  0.000694032
1.85997  0.000671535
1.86997  0.000671657
1.88004  0.000684501
1.89014  0.000683766
1.90019  0.000669548
1.91022  0.000691253
1.92084  0.000747621
1.93136  0.000677214
1.94144  0.000688621
1.95148  0.00068313
1.9616  0.000683512
1.97162  0.00068714
1.98171  0.000689976
1.9918  0.00068078
2.00182  0.000691014
2.01189  0.000689046
2.022  0.00068814
2.03203  0.000688892
2.0421  0.000694987
2.05222  0.000687717
2.06222  0.0006906
2.07228  0.000697506
2.08239  0.000685769
2.09241  0.000702876
2.10254  0.000692622
2.11264  0.000698727
2.12275  0.000699533
2.13283  0.000704245
2.14303  0.000693911
2.15304  0.000705679
2.16318  0.000698691
2.17324  0.000695296
2.1838  0.000773247
2.19429  0.000694985
2.20444  0.000705764
2.21451  0.000708343
2.22462  0.000703858
2.2347  0.000695451
2.24474  0.000716137
2.25485  0.000700884
2.26498  0.000707097
2.27506  0.000716191
2.28516  0.000703147
2.29526  0.000706405
2.30536  0.000719554
2.31548  0.000708819
2.32559  0.000703859
2.33565  0.000724271
2.34581  0.000708806
2.35586  0.000703904
2.3659  0.000720069
2.37642  0.000770612
2.387  0.000717082
2.39704  0.000718151
2.40712  0.000710358
2.41717  0.000704528
2.42717  0.000730067
2.43733  0.000710908
2.44741  0.000718275
2.45754  0.000726532
2.46762  0.000718654
2.47777  0.000711833
2.48779  0.000735537
2.49799  0.000713403
2.50802  0.000722081
2.51815  0.000726531
2.52823  0.000722465
2.53833  0.000713442
2.54831  0.000732561
2.55846  0.000714321
2.56849  0.000726312
2.57861  0.000732015
2.58867  0.000717537
2.59875  0.000724746
2.60883  0.000734369
2.61893  0.000720901
2.629  0.000724722
2.63911  0.000740858
2.64924  0.000723264
2.65929  0.000724923
2.66939  0.000738064
2.6795  0.000724728
2.6895  0.000722517
2.69959  0.000743237
2.70974  0.000725335
2.71975  0.000726128
2.7298  0.000736577
2.73992  0.000731491
2.74999  0.00072809
2.76009  0.000746811
2.77018  0.000721896
2.78022  0.00073365
2.79033  0.000742536
2.80041  0.000731243
2.81046  0.000726437
2.82054  0.000747781
2.83062  0.000726477
2.84065  0.000736547
2.85077  0.000739979
2.86121  0.00079286
2.87174  0.000737887
2.88178  0.0007443
2.89194  0.000734957
2.90201  0.000742525
2.91211  0.000738456
2.92207  0.00072889
2.93219  0.000738639
2.94216  0.000740669
2.95233  0.000749822
2.96245  0.000730437
2.97253  0.000752515
2.98304  0.000798247
2.99359  0.000748054
3.00367  0.000736657
3.0137  0.00074529
3.02391  0.000746442
3.03399  0.000750562
3.0441  0.000732301
3.05419  0.00075254
3.06426  0.000736414
3.07421  0.000738275
3.08439  0.000746105
3.09442  0.000748627
3.1045  0.000738926
3.11458  0.000740137
3.12461  0.000746458
3.13461  0.000737591
3.14473  0.000748276
3.15483  0.000749962
3.16491  0.000739404
3.17503  0.000754049
3.18515  0.000746029
3.19522  0.000748267
3.20538  0.000744073
3.21541  0.000751547
3.22555  0.0007467
3.23563  0.000742231
3.24572  0.00075383
3.25582  0.00074536
3.26591  0.000741646
3.27592  0.000747229
3.28652  0.00082189
3.29701  0.000731119
3.307  0.000750265
3.31717  0.000754379
3.3273  0.00074869
3.33733  0.000740353
3.34745  0.000759705
3.35805  0.000803782
3.36842  0.000743694
3.37859  0.000757728
3.3887  0.000744792
3.3987  0.000733408
3.40876  0.000763983
3.41894  0.000737956
3.42888  0.000740693
3.43905  0.000762098
3.44917  0.000744412
3.45919  0.000735736
3.4693  0.000764297
3.47946  0.000742791
3.48948  0.000738676
3.49958  0.000759123
3.50969  0.000740058
3.51964  0.0007323
3.52975  0.000764993
3.53985  0.000731503
3.54983  0.000744924
3.55999  0.000757448
3.57004  0.000738187
3.58015  0.000746069
3.59023  0.000755583
3.60037  0.000740604
3.61031  0.000729387
3.62049  0.00076992
3.63056  0.000734426
3.64071  0.000746467
3.65075  0.000748969
3.66089  0.000745952
3.67089  0.000731673
3.6811  0.00076855
3.69115  0.000728332
3.70128  0.000752029
3.71135  0.000740254
3.72142  0.000746384
3.73149  0.000729619
3.74159  0.000764567
3.7517  0.000726616
3.76174  0.000744286
3.77182  0.000740216
3.7818  0.000738538
3.79194  0.000733283
3.80196  0.000752887
3.81207  0.000730284
3.82209  0.000742169
3.83228  0.000744144
3.84224  0.000737266
3.85248  0.000738716
3.86249  0.000746785
3.87259  0.000727337
3.88256  0.000732515
3.8927  0.000746649
3.90274  0.000734431
3.91301  0.000746658
3.92304  0.000736633
3.93315  0.000733169
3.94362  0.00079098
3.95416  0.00074751
3.96421  0.000725816
3.97438  0.000738179
3.98441  0.000737887
3.99453  0.000731162
4.0046  0.000725219
4.01473  0.000748122
4.0248  0.000721617
4.03481  0.000720085
4.04484  0.000741287
4.05496  0.000724291
4.06494  0.000713096
4.07498  0.000746741
4.08511  0.000718262
4.09516  0.000726821
4.10531  0.000739009
4.11536  0.000721031
4.12548  0.000719342
4.13553  0.000741333
4.14571  0.000721204
4.15569  0.000713204
4.16588  0.000740389
4.17588  0.000711991
4.18594  0.000715184
4.19602  0.000739585
4.20627  0.00072441
4.21627  0.000703366
4.22642  0.000741628
4.23648  0.000707787
4.24644  0.000700001
4.25656  0.000745876
4.2667  0.000702658
4.27666  0.000704284
4.28676  0.000731265
4.29678  0.000703309
4.30679  0.000703429
4.31695  0.000734881
4.327  0.0006978
4.33694  0.00069864
4.34715  0.0007421
4.35734  0.000707783
4.36745  0.000700503
4.37757  0.000728348
4.38773  0.000706239
4.39773  0.000694137
4.40831  0.000785485
4.41876  0.00069177
4.42884  0.000698485
4.43888  0.00071749
4.44901  0.000701651
4.45906  0.000687365
4.4696  0.000787932
4.48019  0.000687
4.49026  0.000700264
4.50033  0.000705131
4.51037  0.000695204
4.52048  0.000684548
4.53047  0.00071206
4.54061  0.000685877
4.55064  0.000693131
4.56079  0.000702756
4.57078  0.000684413
4.58099  0.000696227
4.59098  0.000692786
4.6011  0.000687569
4.61119  0.000688109
4.62138  0.000706355
4.63142  0.000671861
4.64158  0.0006923
4.6516  0.000685938
4.66171  0.000686316
4.67184  0.00068007
4.68196  0.000694826
4.69197  0.000666466
4.70211  0.000689709
4.71221  0.000680979
4.72224  0.000669093
4.73237  0.000685194
4.74247  0.000680983
4.75253  0.000666335
4.76269  0.00068357
4.77277  0.000676558
4.78284  0.000665052
4.79297  0.000673969
4.80304  0.000675268
4.81309  0.000658869
4.8232  0.000671863
4.83329  0.000672211
4.84335  0.000658244
4.85344  0.000665196
4.86352  0.000670073
4.87366  0.000654756
4.88416  0.000727943
4.89475  0.00066228
4.9048  0.000649481
4.91492  0.000661023
4.92488  0.000656769
4.9351  0.000659203
4.94515  0.000648043
4.95521  0.000659868
4.96529  0.000645692
4.97539  0.000649471
4.98544  0.000657999
4.99563  0.000649814
5.00571  0.000643075
5.01574  0.000651028
5.02597  0.000647561
5.03605  0.000647673
5.04609  0.000638583
5.05625  0.000647279
5.06637  0.000630457
5.07628  0.000645505
5.08646  0.000630193
5.09649  0.000636112
5.10657  0.000642441
5.11672  0.000628567
5.12678  0.000628307
5.13679  0.000640383
5.14704  0.000635551
5.15712  0.000616272
5.167  0.000627278
5.17722  0.000628665
5.18728  0.000624856
5.19734  0.000629964
5.20754  0.000619233
5.21761  0.000615242
5.2275  0.000622253
5.23768  0.000613313
5.2477  0.000614208
5.25774  0.00062545
5.26788  0.000603141
5.27794  0.000612515
5.28836  0.000669953
5.29899  0.000612337
5.30918  0.000613132
5.31916  0.000607581
5.32937  0.000603114
5.33938  0.000610389
5.34946  0.000601339
5.35953  0.000597434
5.3697  0.000608426
5.37969  0.000601569
5.38991  0.00059071
5.39996  0.000610914
5.41058  0.00064685
5.42108  0.000584653
5.43117  0.000597498
5.44117  0.000592649
5.45134  0.000580643
5.46184  0.000657584
5.4725  0.000583856
5.48258  0.000575858
5.49261  0.000597868
5.50275  0.000577776
5.51288  0.000574953
5.52289  0.000590512
5.53302  0.000573929
5.5431  0.000563819
5.55309  0.000591869
5.56327  0.000569457
5.57328  0.000558566
5.58335  0.000586595
5.59347  0.000569836
5.60404  0.000601883
5.61445  0.000589699
5.62478  0.000560251
5.63477  0.000554536
5.64482  0.000569484
5.65481  0.000555931
5.66508  0.000558032
5.67495  0.000565958
5.68519  0.000551879
5.69515  0.000541863
5.70527  0.000574378
5.71535  0.000542364
5.72555  0.000550156
5.73551  0.00055344
5.74565  0.000546349
5.75573  0.000536806
5.76579  0.000559447
5.77589  0.000531452
5.78588  0.000535666
5.79598  0.000550812
5.80616  0.000542069
5.81634  0.000531196
5.82634  0.000545445
5.83695  0.000574326
5.84741  0.000524562
5.85753  0.00054747
5.86768  0.000525963
5.87782  0.000520165
5.88787  0.00054121
5.89805  0.00052155
5.90811  0.000514906
5.91822  0.000532526
5.92832  0.000516905
5.93838  0.0005126
5.94892  0.000573732
5.95948  0.000505918
5.9695  0.000511741
5.97961  0.000522162
5.98974  0.000506621
5.99984  0.000503651
6.00998  0.000527281
6.02013  0.000497074
6.03018  0.000496726
6.04023  0.000514797
6.05034  0.000498561
6.06039  0.000489088
6.07089  0.000553559
6.08145  0.000492098
6.0915  0.000491639
6.1017  0.000512685
6.1119  0.000484951
6.12198  0.000487165
6.13195  0.000493362
6.1421  0.000484367
6.15217  0.00048698
6.1624  0.000499763
6.1724  0.000466374
6.18249  0.000482012
6.19246  0.000480905
6.20258  0.000480748
6.2127  0.000468689
6.2228  0.000489269
6.23288  0.000461656
6.24302  0.00047808
6.25308  0.000472241
6.26326  0.000473629
6.27344  0.000461733
6.28341  0.000470524
6.29352  0.000457911
6.30365  0.00046677
6.3137  0.000459331
6.32414  0.000494562
6.33477  0.00045738
6.34467  0.000457313
6.35486  0.00045337
6.36496  0.000452875
6.37507  0.000454059
6.38507  0.000447021
6.39536  0.000451537
6.40523  0.000439802
6.41541  0.000453663
6.42559  0.00043857
6.43562  0.000444733
6.44563  0.000434133
6.45631  0.000489148
6.46684  0.000426484
6.4768  0.00043993
6.4871  0.000436188
6.49703  0.000426852
6.50707  0.00042908
6.51721  0.000435512
6.52737  0.000423468
6.53729  0.00042451
6.54755  0.000426651
6.55745  0.000414621
6.56758  0.000428822
6.57773  0.000420831
6.5878  0.000411831
6.59768  0.000415157
6.60789  0.000417786
6.61789  0.000406868
6.62801  0.000422413
6.6382  0.000409265
6.64823  0.000404293
6.65827  0.000411034
6.66843  0.000406161
6.67847  0.000401478
6.68861  0.000411101
6.69874  0.000397656
6.70872  0.000391766
6.71886  0.000412304
6.729  0.000388434
6.73897  0.000394466
6.74912  0.000400147
6.7592  0.000388656
6.76928  0.000387902
6.77941  0.000401065
6.78956  0.000385353
6.79957  0.000375431
6.80961  0.000395391
6.81976  0.000377797
6.82982  0.000386125
6.84009  0.000386742
6.85012  0.000374068
6.86014  0.000369327
6.87026  0.000386788
6.88034  0.000366362
6.89085  0.000409898
6.90195  0.000407265
6.9124  0.000363437
6.92251  0.000365527
6.93265  0.000378524
6.94274  0.000355717
6.95277  0.000363445
6.96294  0.000363916
6.97292  0.000356774
6.98305  0.000356369
6.99314  0.000366206
7.00323  0.000347908
7.01321  0.000351171
7.02349  0.000363191
7.03358  0.000348591
7.0437  0.000347859
7.05377  0.000352768
7.06386  0.000340808
7.0738  0.000337141
7.08405  0.000358531
7.09409  0.000336752
7.10423  0.000337405
7.11421  0.000340457
7.12439  0.000342056
7.13438  0.000324824
7.1446  0.000349903
7.15463  0.00032669
7.16475  0.000327133
7.17472  0.000330258
7.18491  0.000337379
7.19556  0.000351
7.20614  0.000337812
7.2162  0.000311627
7.22619  0.000322916
7.23638  0.000328792
7.24635  0.00031539
7.25657  0.000315307
7.26659  0.000325985
7.27678  0.000312435
7.28681  0.000309653
7.29699  0.000322196
7.30689  0.000304617
7.31714  0.000307848
7.32707  0.000311182
7.33721  0.000308394
7.34786  0.000330631
7.35836  0.000311003
7.36843  0.000298073
7.37869  0.000302982
7.38862  0.000302793
7.39881  0.000300304
7.40899  0.00029002
7.41895  0.000303651
7.42902  0.000289917
7.43919  0.000290037
7.44915  0.000297329
7.45932  0.000291295
7.46947  0.00028153
7.47944  0.00029493
7.48946  0.000281613
7.49967  0.000285118
7.50967  0.000288402
7.51987  0.000281518
7.52993  0.000274828
7.53986  0.000286654
7.5501  0.000275229
7.56018  0.000273497
7.57019  0.000283833
7.58033  0.000270117
7.59048  0.000270897
7.60045  0.000278425
7.61065  0.000267108
7.62071  0.000266704
7.63125  0.000298686
7.64186  0.000267089
7.65263  0.000291672
7.66303  0.000262453
7.67318  0.000262392
7.68329  0.000263134
7.69328  0.000258795
7.70346  0.000257402
7.7135  0.000257859
7.72354  0.000260462
7.73363  0.000247855
7.74369  0.000255197
7.75367  0.00025374
7.76385  0.000248856
7.77385  0.000249434
7.78399  0.000254928
7.79402  0.000241583
7.80411  0.000246783
7.81416  0.000245889
7.82433  0.000245385
7.83428  0.000239387
7.84439  0.000247131
7.8546  0.000236666
7.86459  0.000237874
7.87474  0.000245417
7.88485  0.000229643
7.89537  0.000260372
7.90594  0.000236989
7.9162  0.000234822
7.92619  0.000226289
7.93624  0.000237558
7.94641  0.000225703
7.95647  0.000230789
7.96655  0.000222901
7.97665  0.000229683
7.98667  0.000220664
7.99677  0.000228151
8.00693  0.000216485
8.01691  0.000225452
8.02713  0.000220442
8.03719  0.000215029
8.04727  0.000221343
8.05737  0.00021877
8.06808  0.000232083
8.07862  0.00021668
8.08921  0.000234719
8.0998  0.000207904
8.10983  0.000212933
8.11999  0.000209023
8.13016  0.000208575
8.14018  0.000206543
8.15024  0.00020735
8.1605  0.000203265
8.17044  0.000206277
8.18065  0.000201861
8.19082  0.000198845
8.20087  0.000206646
8.21093  0.000197466
8.22118  0.000193808
8.23113  0.000200761
8.24123  0.000192452
8.25131  0.000195023
8.26147  0.000196534
8.27158  0.00019376
8.28187  0.000188671
8.29169  0.000192285
8.30195  0.000188104
8.31204  0.000187684
8.32251  0.000207541
8.33299  0.000178737
8.34328  0.000188893
8.35326  0.000185977
8.36386  0.00019622
8.37454  0.000181038
8.38493  0.000201617
8.39553  0.000170369
8.40554  0.000184648
8.41569  0.000176788
8.42581  0.000174319
8.43595  0.000177977
8.44594  0.000173497
8.45609  0.000168463
8.46624  0.000178402
8.47629  0.000172482
8.48649  0.000165358
8.49656  0.000170679
8.50705  0.00018872
8.51781  0.000160762
8.52785  0.000168871
8.53779  0.000168063
8.54809  0.000156125
8.55792  0.000166106
8.56813  0.000165424
8.57838  0.000158635
8.5884  0.000163374
8.59845  0.000156105
8.60867  0.00015677
8.6186  0.000156788
8.62863  0.000161481
8.63905  0.000150415
8.64888  0.000157861
8.65914  0.000156206
8.66923  0.000145924
8.67931  0.000153296
8.68919  0.00015278
8.69944  0.000144315
8.70935  0.000151868
8.71974  0.000151582
8.72972  0.000139872
8.73974  0.000150742
8.74974  0.000143478
8.75996  0.000142902
8.76993  0.000143875
8.78012  0.000146677
8.79029  0.000133723
8.80072  0.000162354
8.81149  0.000138556
8.82169  0.000138677
8.83184  0.00013741
8.84183  0.000143925
8.85207  0.000126903
8.86194  0.000140225
8.87233  0.000136418
8.8823  0.00012919
8.89246  0.000136155
8.90257  0.000135277
8.91282  0.000125783
8.92286  0.000136823
8.933  0.000125858
8.94302  0.000125727
8.95308  0.000129841
8.96351  0.000140005
8.97429  0.000121472
8.98422  0.000127639
8.99438  0.00012767
9.00449  0.000117629
9.0145  0.000124874
9.02464  0.000124331
9.0348  0.00011733
9.04488  0.000123398
9.05498  0.000121299
9.06507  0.000114769
9.07523  0.000121351
9.08531  0.000116709
9.09538  0.000112379
9.10547  0.000122004
9.11549  0.000114642
9.1258  0.000109253
9.1357  0.000117914
9.14583  0.000112228
9.15591  0.00010777
9.16605  0.00011549
9.17608  0.000110191
9.18624  0.000105272
9.19626  0.000112925
9.20646  0.000108636
9.21651  0.000104848
9.22669  0.000109812
9.23675  0.000105144
9.24695  0.000103966
9.25747  0.000117408
9.26795  0.000103323
9.27885  0.000111912
9.28925  0.000104695
9.29926  9.91474e-05
9.30944  9.85431e-05
9.31946  0.000103854
9.32956  9.83114e-05
9.33984  9.92374e-05
9.34989  9.93347e-05
9.35985  9.52977e-05
9.37015  0.000100332
9.38026  9.65559e-05
9.39034  9.2628e-05
9.40097  0.000105779
9.41167  9.5751e-05
9.42148  8.84833e-05
9.43177  9.70788e-05
9.44172  8.97309e-05
9.45187  9.16942e-05
9.46198  9.03567e-05
9.47208  9.26778e-05
9.48223  8.84647e-05
9.49244  9.10291e-05
9.50256  8.67134e-05
9.51307  9.41405e-05
9.52359  8.98764e-05
9.5337  8.53412e-05
9.54393  8.61097e-05
9.554  8.62346e-05
9.56417  8.42155e-05
9.57431  8.32546e-05
9.58444  8.68808e-05
9.59452  8.03072e-05
9.60516  9.11621e-05
9.61571  7.78122e-05
9.62571  8.4943e-05
9.636  7.97675e-05
9.64595  7.91541e-05
9.65622  7.84419e-05
9.66677  8.78313e-05
9.6775  7.83586e-05
9.68764  7.59158e-05
9.69756  7.65146e-05
9.70815  8.53344e-05
9.71889  7.3815e-05
9.72888  7.58156e-05
9.73947  8.14145e-05
9.74991  7.39646e-05
9.76015  7.2597e-05
9.77067  8.1158e-05
9.78162  7.31179e-05
9.7915  7.09485e-05
9.80166  7.07172e-05
9.81178  7.00392e-05
9.8219  7.17376e-05
9.83197  6.84796e-05
9.84238  7.03674e-05
9.85219  6.91646e-05
9.86244  6.7018e-05
9.87273  6.80239e-05
9.88275  6.64379e-05
9.89288  6.84207e-05
9.90307  6.46921e-05
9.91299  6.49064e-05
9.92321  6.62337e-05
9.93338  6.34579e-05
9.94342  6.5042e-05
9.95343  6.24911e-05
9.96353  6.26455e-05
9.97374  6.46412e-05
9.98377  6.043e-05
9.99413  6.17976e-05
10.0039  6.05404e-05
10.0141  6.18434e-05
10.0243  5.84858e-05
10.0343  6.06951e-05
10.0444  5.82126e-05
10.0544  5.84071e-05
10.0646  5.9843e-05
10.0748  5.81673e-05
10.0848  5.6094e-05
10.0951  5.73276e-05
10.1049  5.57719e-05
10.115  5.52009e-05
10.1252  5.74657e-05
10.1352  5.40977e-05
10.1453  5.38363e-05
10.1557  5.6286e-05
10.1655  5.31857e-05
10.1759  5.26634e-05
10.1858  5.39811e-05
10.196  5.30601e-05
10.2061  5.11778e-05
10.2164  5.29343e-05
10.2261  5.01526e-05
10.2365  5.03528e-05
10.2465  5.15132e-05
10.2567  5.05866e-05
10.2668  4.91225e-05
10.2771  5.015e-05
10.2868  4.8347e-05
10.2972  4.79519e-05
10.308  5.48894e-05
10.3184  4.74902e-05
10.3287  4.55577e-05
10.3388  4.94627e-05
10.3489  4.46553e-05
10.359  4.52782e-05
10.3692  4.92574e-05
10.3793  4.30603e-05
10.3895  4.60183e-05
10.4001  4.89056e-05
10.4105  4.2032e-05
10.4207  4.50722e-05
10.4307  4.48575e-05
10.4413  4.59229e-05
10.4521  4.32744e-05
10.4622  4.27821e-05
10.4721  4.0802e-05
10.4827  4.64182e-05
10.4934  4.10526e-05
10.5036  4.11232e-05
10.5136  4.01436e-05
10.5236  4.15458e-05
10.5341  4.01064e-05
10.5441  3.96985e-05
10.5544  4.10566e-05
10.5647  3.73746e-05
10.5747  4.08425e-05
10.585  3.73648e-05
10.5951  3.79921e-05
10.6052  3.73312e-05
10.6152  3.76707e-05
10.6256  3.71162e-05
10.6355  3.79377e-05
10.6458  3.54691e-05
10.656  3.70364e-05
10.6662  3.52489e-05
10.6761  3.57974e-05
10.6864  3.5066e-05
10.6962  3.42173e-05
10.7067  3.53696e-05
10.7169  3.37457e-05
10.7267  3.40709e-05
10.7369  3.43731e-05
10.7473  3.37351e-05
10.7572  3.24236e-05
10.7675  3.25158e-05
10.7775  3.21536e-05
10.7874  3.28769e-05
10.7978  3.22043e-05
10.808  3.12422e-05
10.8179  3.1639e-05
10.828  3.02345e-05
10.8382  3.1511e-05
10.8482  3.0023e-05
10.8587  3.03985e-05
10.8685  2.98527e-05
10.8786  3.04425e-05
10.8888  2.8958e-05
10.899  3.0538e-05
10.9091  2.81145e-05
10.92  3.25299e-05
10.9304  2.71679e-05
10.9403  2.75275e-05
10.9506  2.98321e-05
10.9611  2.68808e-05
10.971  2.78149e-05
10.9813  2.71814e-05
10.9914  2.73652e-05
11.0014  2.63155e-05
11.0122  2.87431e-05
11.023  2.63436e-05
11.0327  2.7083e-05
11.0434  2.50897e-05
11.0532  2.50348e-05
11.0635  2.6468e-05
11.0739  2.52466e-05
11.0841  2.47887e-05
11.094  2.42695e-05
11.1042  2.51327e-05
11.1145  2.397e-05
11.1246  2.39927e-05
11.1347  2.31522e-05
11.1451  2.43947e-05
11.155  2.28636e-05
11.1653  2.31773e-05
11.176  2.57935e-05
11.1867  2.2742e-05
11.197  2.08917e-05
11.207  2.35922e-05
11.2171  2.17916e-05
11.2275  2.22696e-05
11.2378  2.20893e-05
11.2478  2.08742e-05
11.258  2.05991e-05
11.2682  2.24054e-05
11.2785  2.03223e-05
11.2887  2.09436e-05
11.2988  2.0726e-05
11.3089  1.95333e-05
11.3193  1.96944e-05
11.3292  2.06691e-05
11.3392  1.95512e-05
11.3497  1.80856e-05
11.3597  2.13638e-05
11.3698  1.81451e-05
11.3802  1.89057e-05
11.3903  1.94867e-05
11.4003  1.81457e-05
11.4108  1.80409e-05
11.4208  1.90727e-05
11.431  1.66811e-05
11.4411  1.89436e-05
11.4516  1.81114e-05
11.4611  1.59728e-05
11.4721  1.88952e-05
11.4818  1.68251e-05
11.4921  1.67725e-05
11.5023  1.61098e-05
11.5125  1.77237e-05
11.5224  1.6453e-05
11.5329  1.6104e-05
11.5429  1.62406e-05
11.5537  1.74097e-05
11.5643  1.57679e-05
11.5744  1.63367e-05
11.5846  1.45445e-05
11.5948  1.5763e-05
11.6047  1.62677e-05
11.6149  1.35683e-05
11.625  1.53793e-05
11.6352  1.54981e-05
11.6454  1.38336e-05
11.6558  1.45211e-05
11.6655  1.48207e-05
11.6761  1.39823e-05
11.6863  1.44718e-05
11.6963  1.40023e-05
11.7064  1.37016e-05
11.717  1.40782e-05
11.7269  1.38844e-05
11.7374  1.28075e-05
11.7473  1.37147e-05
11.7575  1.3306e-05
11.7678  1.22402e-05
11.7782  1.36674e-05
11.7883  1.29571e-05
11.7986  1.17879e-05
11.8086  1.23844e-05
11.8187  1.32134e-05
11.8293  1.19193e-05
11.8391  1.19494e-05
11.8495  1.22417e-05
11.8598  1.15439e-05
11.87  1.24304e-05
11.88  1.13166e-05
11.8904  1.19321e-05
11.9006  1.08992e-05
11.911  1.21227e-05
11.9217  1.08767e-05
11.9318  1.18997e-05
11.9416  1.01073e-05
11.9521  1.09186e-05
11.9623  1.06033e-05
11.9729  1.1533e-05
11.9839  1.07773e-05
11.9943  1.11318e-05
12.0045  9.86653e-06
12.0148  1.07642e-05
12.0251  8.97509e-06
12.035  1.02571e-05
12.0457  1.04283e-05
12.0558  9.83419e-06
12.0663  9.1982e-06
12.0763  9.69401e-06
12.0863  9.99755e-06
12.0967  9.00176e-06
12.1072  9.23031e-06
12.1173  9.3747e-06
12.1277  8.99144e-06
12.1378  8.4922e-06
12.1479  8.92377e-06
12.1581  8.89547e-06
12.1683  8.50207e-06
12.1787  9.05484e-06
12.189  8.51489e-06
12.1992  8.32163e-06
12.2093  8.40135e-06
12.2199  8.30889e-06
12.2299  7.86909e-06
12.24  8.54933e-06
12.2506  7.42937e-06
12.2609  8.14302e-06
12.2707  8.01749e-06
12.2814  7.65238e-06
12.2914  7.4571e-06
12.3016  8.04791e-06
12.312  7.02393e-06
12.3222  7.372e-06
12.332  7.35922e-06
12.3427  7.64646e-06
12.3526  6.83615e-06
12.3626  6.72402e-06
12.3731  7.30158e-06
12.3836  7.13398e-06
12.3935  6.50006e-06
12.4042  6.63922e-06
12.4141  7.26131e-06
12.4245  6.83133e-06
12.4351  5.81546e-06
12.4456  7.54854e-06
12.4555  5.52764e-06
12.466  6.68528e-06
12.4764  6.28906e-06
12.4864  6.08442e-06
12.4967  6.32349e-06
12.5074  6.77062e-06
12.5181  5.06855e-06
12.5284  6.94328e-06
12.5386  5.53945e-06
12.5481  5.29256e-06
12.5591  6.26951e-06
12.5692  5.68393e-06
12.5793  5.32018e-06
12.59  5.85372e-06
12.6001  5.36122e-06
12.6101  5.17233e-06
12.6205  5.6125e-06
12.631  5.08244e-06
12.641  5.03217e-06
12.6513  5.6166e-06
12.6615  4.92443e-06
12.6721  4.78048e-06
12.6818  5.23991e-06
12.6921  4.83322e-06
12.7024  4.82609e-06
12.7129  5.51063e-06
12.7228  4.2183e-06
12.7335  4.67954e-06
12.7435  4.76082e-06
12.7539  4.48867e-06
12.7636  4.31727e-06
12.7743  4.83343e-06
12.7845  4.33784e-06
12.7949  4.61176e-06
12.8058  4.63194e-06
12.8166  4.40921e-06
12.8272  4.12058e-06
12.8373  4.59339e-06
12.8478  3.87357e-06
12.8584  4.01796e-06
12.8683  4.32886e-06
12.8791  4.143e-06
12.889  3.66652e-06
12.8994  4.53724e-06
12.9096  3.24266e-06
12.9198  3.96892e-06
12.93  3.89325e-06
12.9405  3.65103e-06
12.9507  3.2181e-06
12.961  4.13496e-06
12.9713  3.55387e-06
12.9818  3.73556e-06
12.9921  3.3465e-06
13.003  3.81598e-06
13.014  3.6198e-06
13.0236  3.23923e-06
13.0342  3.31424e-06
13.045  3.44995e-06
13.0555  3.45211e-06
13.0661  3.31276e-06
13.0762  3.00783e-06
13.0864  3.40283e-06
13.0972  2.8599e-06
13.1075  3.01091e-06
13.1175  3.00194e-06
13.1282  3.37853e-06
13.1383  3.01105e-06
13.1486  2.81692e-06
13.1588  2.71724e-06
13.1691  2.96528e-06
13.1795  2.82928e-06
13.1902  2.9635e-06
13.201  2.97583e-06
13.2113  2.65196e-06
13.2219  2.54306e-06
13.2323  3.00842e-06
13.2432  2.4003e-06
13.2536  2.8236e-06
13.2642  2.54807e-06
13.2739  2.41066e-06
13.2842  2.52592e-06
13.2946  2.62381e-06
13.306  2.26934e-06
13.3157  2.64837e-06
13.3266  2.27312e-06
13.3372  2.51106e-06
13.3478  2.29004e-06
13.3583  2.46691e-06
13.3692  2.48625e-06
13.38  2.29049e-06
13.3906  2.11056e-06
13.4007  2.07534e-06
13.4109  2.08019e-06
13.4215  2.39963e-06
13.4324  2.17569e-06
13.442  1.74493e-06
13.4526  2.11333e-06
13.463  2.12365e-06
13.4736  2.14833e-06
13.4838  1.61087e-06
13.4947  2.23554e-06
13.5055  1.92779e-06
13.516  1.93928e-06
13.5264  2.00425e-06
13.5367  1.81453e-06
13.5474  1.85243e-06
13.5579  1.84383e-06
13.5683  1.58387e-06
13.5791  1.80294e-06
13.5894  1.79306e-06
13.5994  1.67075e-06
13.6101  1.89869e-06
13.6213  1.73784e-06
13.6324  1.67654e-06
13.6435  1.63728e-06
13.6537  1.52142e-06
13.6645  1.75522e-06
13.6745  1.53496e-06
13.6854  1.72625e-06
13.696  1.35408e-06
13.7062  1.49867e-06
13.7166  1.33965e-06
13.7272  1.77971e-06
13.7388  1.5058e-06
13.7494  1.39547e-06
13.7605  1.46278e-06
13.7707  1.4173e-06
13.7817  1.28695e-06
13.7911  1.36891e-06
13.8022  1.3841e-06
13.8127  1.19442e-06
13.8226  1.31914e-06
13.8333  1.35452e-06
13.8443  1.31104e-06
13.8552  1.43415e-06
13.8658  1.12327e-06
13.8765  1.13826e-06
13.887  1.29617e-06
13.8971  1.13457e-06
13.9086  1.12681e-06
13.918  1.14285e-06
13.9291  1.15079e-06
13.9391  1.16733e-06
13.9503  1.21134e-06
13.9619  1.00871e-06
13.973  1.3052e-06
13.9832  1.00044e-06
13.9934  1.01361e-06
14.0041  9.57382e-07
14.0144  1.06907e-06
14.0249  1.11046e-06
14.0359  9.43906e-07
14.0466  9.38309e-07
14.0581  1.14002e-06
14.0695  1.05113e-06
14.0792  7.84746e-07
14.0893  9.15123e-07
14.1  1.02199e-06
14.1114  7.7832e-07
14.1217  8.73905e-07
14.1317  7.9608e-07
14.1422  9.40864e-07
14.1525  7.943e-07
14.1625  1.01461e-06
14.1746  6.90855e-07
14.1837  8.13108e-07
14.1952  7.38958e-07
14.2056  7.98696e-07
14.2163  8.73008e-07
14.226  7.41059e-07
14.2377  8.09106e-07
14.2481  8.08098e-07
14.2584  7.09583e-07
14.2687  5.47187e-07
14.2798  8.9458e-07
14.2899  5.6245e-07
14.3007  7.2614e-07
14.3113  7.44382e-07
14.3217  7.27507e-07
14.333  6.97533e-07
14.3429  6.4291e-07
14.3527  5.22426e-07
14.3633  6.29567e-07
14.3738  6.54927e-07
14.3843  6.46658e-07
14.3941  5.94762e-07
14.4053  6.38674e-07
14.4166  5.72611e-07
14.428  5.95497e-07
14.4379  6.80221e-07
14.45  6.01181e-07
14.4602  5.03242e-07
14.4695  5.80313e-07
14.4806  4.93132e-07
14.4907  5.09773e-07
14.5016  4.93552e-07
14.5116  5.94569e-07
14.5218  5.25393e-07
14.533  5.14802e-07
14.5437  4.68255e-07
14.5524  5.19259e-07
14.5652  4.31732e-07
14.5753  5.83359e-07
14.5865  3.72253e-07
14.5962  3.36305e-07
14.6066  6.05404e-07
14.6173  4.80512e-07
14.6287  4.3857e-07
14.6382  3.99054e-07
14.6481  4.31939e-07
14.6592  4.14421e-07
14.6718  5.1539e-07
14.6831  4.62906e-07
14.6938  4.04784e-07
14.7026  3.84049e-07
14.7151  3.52878e-07
14.7254  3.94381e-07
14.7353  4.51226e-07
14.7475  3.04424e-07
14.7585  4.39024e-07
14.77  2.75071e-07
14.7793  4.18086e-07
14.791  4.82179e-07
14.8025  3.11353e-07
14.8122  3.23414e-07
14.8226  2.54562e-07
14.8319  3.21733e-07
14.8427  3.63477e-07
14.854  3.33824e-07
14.8655  3.98395e-07
14.8759  3.56128e-07
14.8864  2.81574e-07
14.8988  2.04672e-07
14.9086  3.77722e-07
14.9198  2.41489e-07
14.9305  3.17328e-07
14.9417  4.02805e-07
14.9511  1.77994e-07
14.9622  3.08004e-07
14.9738  2.26405e-07
14.9848  3.29992e-07
14.9942  2.36338e-07
15.0052  2.67845e-07
15.0156  1.568e-07
15.0259  3.58231e-07
15.0374  2.53252e-07
15.0473  2.32372e-07
15.0583  2.52132e-07
15.0675  2.58178e-07
15.0788  1.72015e-07
15.0895  2.45802e-07
15.0995  2.44019e-07
15.1112  1.96998e-07
15.1215  2.22405e-07
15.1321  2.21253e-07
15.1436  1.85022e-07
15.1523  2.46606e-07
15.1637  2.02875e-07
15.1743  2.45143e-07
15.1851  1.57392e-07
15.1954  1.75587e-07
15.2069  2.47359e-07
15.2177  1.71168e-07
15.2284  1.44495e-07
15.2388  2.37427e-07
15.252  2.33086e-07
15.2623  1.1181e-07
15.2719  2.16804e-07
15.2838  1.47821e-07
15.2956  1.58983e-07
15.3046  1.77552e-07
15.315  1.35217e-07
15.3261  2.0006e-07
15.3362  2.02058e-07
15.3485  1.58206e-07
15.3599  1.93782e-07
15.3727  6.38507e-08
15.3825  1.1379e-07
15.3924  2.02851e-07
15.4043  1.61777e-07
15.4156  1.15323e-07
15.4236  1.76572e-07
15.4355  1.13867e-07
15.4457  1.11707e-07
15.458  1.66496e-07
15.4683  1.39517e-07
15.4795  1.60718e-07
15.4885  1.26221e-07
15.5018  1.23058e-07
15.5128  1.05208e-07
15.5201  1.10102e-07
15.5322  1.18873e-07
15.5428  1.40699e-07
15.5544  7.12008e-08
15.5639  1.09601e-07
15.5751  1.29317e-07
15.5861  1.0805e-07
15.5966  1.00821e-07
15.6065  6.94241e-08
15.618  1.20314e-07
15.6273  1.1611e-07
15.6394  1.17328e-07
15.6501  8.8628e-08
15.6605  1.1154e-07
15.6702  9.36374e-08
15.6848  6.42827e-08
15.6931  1.04078e-07
15.7021  1.12173e-07
15.7128  8.67239e-08
15.7267  1.11331e-07
15.7369  2.89167e-08
15.7472  1.1395e-07
15.7581  1.0648e-07
15.7696  6.01292e-08
15.7782  7.37483e-08
15.7883  8.91437e-08
15.8012  6.72491e-08
15.8105  7.49601e-08
15.8222  6.0063e-08
15.8304  7.06078e-08
15.8417  7.50893e-08
15.8532  7.92687e-08
15.866  7.49918e-08
15.876  7.14711e-08
15.8849  9.25684e-08
15.8969  4.9709e-08
15.9069  5.2207e-08
15.9162  6.7663e-08
15.93  5.47832e-08
15.9398  4.75959e-08
15.9498  4.09527e-08
15.9595  1.08791e-07
15.9707  5.50952e-08
15.9796  3.00372e-08
15.9912  7.50094e-08
16.0004  3.25132e-08
16.0119  7.47537e-08
16.024  5.73545e-08
16.037  6.75191e-08
16.0497  4.70395e-08
16.0558  5.03326e-08
16.0673  5.78982e-08
16.08  3.96653e-08
16.0898  4.20982e-08
16.1031  3.88348e-08
16.1138  8.92165e-08
16.1242  4.68211e-08
16.1375  5.79021e-08
16.1469  4.96877e-08
16.1596  2.20412e-08
16.1689  5.16565e-08
16.1805  4.70065e-08
16.1921  2.96867e-08
16.2063  4.4138e-08
16.2208  3.34065e-08
16.2271  3.7082e-08
16.2383  4.74125e-08
16.2508  5.69872e-08
16.2634  3.66292e-08
16.274  3.91987e-08
16.2835  2.31997e-08
16.2962  2.80888e-08
16.3057  4.7405e-08
16.3192  3.85573e-08
16.329  4.12444e-08
16.3395  1.55467e-08
16.3511  3.73765e-08
16.362  3.20112e-08
16.3765  3.97599e-08
16.3895  3.57285e-08
16.4023  2.62009e-08
16.411  3.57284e-08
16.4212  1.67594e-08
16.4334  4.70632e-08
16.4474  2.4156e-08
16.4593  9.41482e-09
16.471  3.34308e-08
16.4815  2.21434e-08
16.487  2.69392e-08
16.5018  3.19003e-08
16.5131  3.56946e-08
16.523  7.29548e-09
16.5326  2.73495e-08
16.5443  1.83058e-08
16.5593  2.05938e-08
16.5692  1.50043e-08
16.5761  2.65997e-08
16.5909  4.60743e-08
16.6035  2.04917e-08
16.6173  2.30532e-08
16.6271  7.93816e-09
16.6387  1.10694e-08
16.6486  1.29852e-08
16.659  2.67346e-08
16.6703  3.37916e-08
16.6823  1.22213e-08
16.6978  2.03415e-08
16.7099  1.06188e-08
16.7169  3.51583e-08
16.7297  7.39297e-09
16.7412  1.91642e-08
16.7517  1.39803e-08
16.7617  1.22305e-08
16.7738  2.15591e-08
16.7838  1.40435e-08
16.7977  2.19524e-08
16.8068  1.28623e-08
16.8211  3.97887e-09
16.8306  1.16309e-08
16.8397  1.09488e-08
16.8528  2.81184e-08
16.8693  1.1597e-08
16.8815  1.63565e-08
16.895  1.75152e-08
16.9089  1.01327e-08
16.924  6.54875e-09
16.9305  2.26674e-08
16.9449  1.17917e-08
16.9555  1.46638e-08
16.9661  1.66048e-08
16.9806  6.12413e-09
16.9871  1.11864e-08
17.0098  1.2555e-08
17.0228  9.91597e-09
17.0352  1.16955e-08
17.0506  3.98741e-09
17.0641  1.83076e-08
17.0732  9.99999e-09
17.083  1.29324e-08
17.0916  5.57086e-09
17.1071  1.06449e-08
17.1173  8.11243e-09
17.1319  3.98443e-09
17.1427  1.11066e-08
17.1543  5.71847e-09
17.1741  1.22976e-08
17.1931  1.69045e-08
17.2078  8.68876e-09
17.22  1.51802e-08
17.2332  5.09455e-09
17.2484  4.51711e-09
17.2565  3.24252e-09
17.2733  9.94806e-09
17.2852  4.89769e-09
17.294  7.22907e-09
17.3144  5.79128e-09
17.3275  1.0763e-08
17.3479  7.82593e-09
17.3632  5.87833e-09
17.3761  1.05146e-08
17.3903  1.37359e-09
17.4037  1.05417e-08
17.4154  4.42151e-10
17.428  7.62911e-09
17.4382  8.72862e-09
17.4552  4.46084e-09
17.4722  1.0294e-09
17.4857  7.92489e-09
17.5013  5.97684e-09
17.5128  4.37525e-09
17.5228  1.64727e-09
17.54  5.03655e-10
17.5502  2.97389e-09
17.5587  1.07733e-08
17.5735  4.31895e-09
17.5858  5.02665e-09
17.5925  3.78905e-09
17.616  2.23464e-09
17.6225  2.44929e-09
17.638  3.48892e-09
17.6531  4.52052e-10
17.6694  7.09436e-09
17.6829  4.41219e-09
17.6947  5.6143e-09
17.7081  4.20339e-10
17.7185  5.01803e-10
17.7363  3.26542e-09
17.752  3.13565e-09
17.7605  2.27432e-09
17.7709  6.11077e-09
17.7922  2.52539e-09
17.804  3.53161e-09
17.8204  3.044e-09
17.838  2.0034e-09
17.8517  3.96879e-09
17.88  3.75324e-09
17.8929  5.25425e-10
17.8979  2.85439e-09
17.9185  3.43023e-09
17.9344  2.02029e-09
17.9544  2.05768e-09
17.9791  4.05056e-09
18.0079  3.94602e-10
18.0281  7.25988e-10
18.036  9.10437e-09
18.0591  1.68126e-09
18.0917  3.53226e-10
18.1152  2.17693e-09
18.1268  1.28428e-09
18.1492  7.38796e-10
18.1621  3.41296e-09
18.1802  4.39615e-10
18.1907  2.14004e-09
18.2026  1.42702e-09
18.2181  1.65558e-09
18.2464  2.56367e-09
18.2581  2.17046e-10
18.2858  3.79565e-10
18.2994  3.16918e-09
18.3413  7.83921e-10
18.3575  2.84456e-10
18.3732  1.78611e-09
18.3956  2.10118e-09
18.4069  1.76714e-09
18.4564  1.69452e-09
18.483  3.6992e-10
18.5121  1.03228e-09
18.5253  1.75003e-09
18.5588  3.93811e-10
18.5856  7.64246e-10
18.6109  9.13052e-10
18.6391  1.80211e-09
18.6643  1.25017e-09
18.7216  5.36196e-10
18.7318  3.08313e-10
18.7571  3.68345e-10
18.8076  3.42581e-10
18.821  1.20701e-09
18.8514  1.23091e-09
18.8767  7.3529e-10
18.904  3.39469e-10
18.9976  2.48288e-10
19.0052  1.35378e-09
19.1172  4.95632e-10
19.1319  3.33636e-10
19.2159  8.76777e-10
19.2412  1.74582e-10
19.2693  3.00126e-10
19.3621  1.76855e-10
19.426  2.89763e-10
19.4817  7.06077e-10
19.6085  2.45961e-10
19.8209  2.10486e-10
19.8462  2.51469e-10
20.0867  1.69506e-10
20.4512  1.20739e-10
